0 0.480176 0.955947 0.475771 0.960352 0.475771 0.964758 0.471366 0.969163 0.471366 0.973568 0.475771 0.977974 0.480176 0.977974 0.484582 0.982379 0.484582 0.986784 0.488987 0.991189 0.488987 0.995595 0.497797 0.995595 0.497797 0.982379 0.493392 0.977974 0.493392 0.969163 0.488987 0.964758 0.488987 0.960352 0.484582 0.955947
0 0.612335 0.951542 0.607930 0.951542 0.599119 0.960352 0.599119 0.964758 0.603524 0.969163 0.603524 0.982379 0.599119 0.986784 0.599119 0.995595 0.616740 0.995595 0.616740 0.991189 0.607930 0.982379 0.607930 0.969163 0.612335 0.964758 0.616740 0.964758 0.621145 0.960352
0 0.845815 0.894273 0.841410 0.898678 0.837004 0.898678 0.832599 0.903084 0.832599 0.907489 0.837004 0.911894 0.841410 0.911894 0.845815 0.916300 0.845815 0.929515 0.841410 0.933921 0.841410 0.942731 0.845815 0.947137 0.850220 0.947137 0.854626 0.942731 0.854626 0.938326 0.845815 0.929515 0.845815 0.920705 0.850220 0.916300 0.854626 0.916300 0.859031 0.911894 0.859031 0.907489
0 0.568282 0.867841 0.563877 0.872247 0.559471 0.872247 0.550661 0.881057 0.550661 0.885463 0.555066 0.889868 0.555066 0.903084 0.559471 0.907489 0.559471 0.911894 0.563877 0.916300 0.563877 0.933921 0.568282 0.938326 0.577093 0.929515 0.581498 0.929515 0.585903 0.925110 0.585903 0.916300 0.577093 0.907489 0.577093 0.876652
0 0.898678 0.863436 0.894273 0.867841 0.898678 0.872247 0.903084 0.867841 0.916300 0.867841 0.920705 0.872247 0.925110 0.867841 0.929515 0.872247 0.933921 0.872247 0.938326 0.876652 0.938326 0.898678 0.942731 0.903084 0.942731 0.925110 0.938326 0.929515 0.938326 0.933921 0.933921 0.938326 0.933921 0.951542 0.938326 0.955947 0.942731 0.955947 0.947137 0.951542 0.947137 0.947137 0.951542 0.942731 0.951542 0.938326 0.955947 0.933921 0.955947 0.929515 0.960352 0.925110 0.960352 0.911894 0.951542 0.903084 0.951542 0.894273 0.955947 0.889868 0.955947 0.876652 0.951542 0.872247 0.942731 0.872247 0.938326 0.876652 0.933921 0.872247 0.929515 0.872247 0.925110 0.867841 0.925110 0.863436 0.920705 0.859031 0.916300 0.863436 0.911894 0.863436 0.907489 0.867841 0.903084 0.867841
0 0.110132 0.837004 0.101322 0.828194 0.096916 0.828194 0.088106 0.837004 0.088106 0.845815 0.061674 0.872247 0.057269 0.872247 0.052863 0.876652 0.044053 0.876652 0.039648 0.881057 0.039648 0.885463 0.035242 0.889868 0.035242 0.894273 0.039648 0.898678 0.052863 0.898678 0.057269 0.894273 0.066079 0.894273 0.070485 0.889868 0.070485 0.885463 0.096916 0.859031 0.101322 0.859031 0.105727 0.854626 0.105727 0.850220 0.110132 0.845815
0 0.731278 0.806167 0.726872 0.801762 0.722467 0.801762 0.718062 0.806167 0.713656 0.806167 0.709251 0.810573 0.704846 0.810573 0.700441 0.814978 0.696035 0.814978 0.691630 0.819383 0.682819 0.819383 0.674009 0.828194 0.674009 0.832599 0.678414 0.837004 0.682819 0.837004 0.687225 0.832599 0.691630 0.837004 0.700441 0.837004 0.704846 0.832599 0.704846 0.828194 0.713656 0.819383 0.718062 0.819383 0.722467 0.814978 0.726872 0.814978 0.731278 0.810573
0 0.537445 0.792952 0.528634 0.801762 0.528634 0.819383 0.524229 0.823789 0.524229 0.837004 0.533040 0.845815 0.533040 0.854626 0.537445 0.859031 0.541850 0.859031 0.546256 0.854626 0.546256 0.850220 0.550661 0.845815 0.550661 0.832599 0.546256 0.828194 0.546256 0.810573 0.550661 0.806167 0.550661 0.801762 0.541850 0.792952
0 0.832599 0.779736 0.823789 0.788546 0.823789 0.792952 0.828194 0.797357 0.828194 0.801762 0.832599 0.806167 0.832599 0.814978 0.837004 0.819383 0.837004 0.832599 0.841410 0.837004 0.845815 0.832599 0.845815 0.814978 0.850220 0.810573 0.850220 0.801762 0.854626 0.797357 0.850220 0.792952 0.850220 0.788546 0.841410 0.779736
0 0.643172 0.740088 0.634361 0.740088 0.625551 0.748899 0.621145 0.748899 0.625551 0.753304 0.625551 0.757709 0.634361 0.766520 0.638767 0.766520 0.643172 0.762115 0.647577 0.762115 0.651982 0.757709 0.647577 0.753304 0.647577 0.744493
0 0.740088 0.740088 0.740088 0.744493 0.744493 0.748899 0.748899 0.744493 0.753304 0.748899 0.757709 0.748899 0.762115 0.753304 0.766520 0.753304 0.770925 0.757709 0.775330 0.757709 0.784141 0.766520 0.788546 0.766520 0.792952 0.770925 0.797357 0.766520 0.797357 0.762115 0.788546 0.753304 0.788546 0.740088 0.784141 0.735683 0.779736 0.735683 0.775330 0.731278 0.770925 0.735683 0.762115 0.735683 0.757709 0.740088 0.753304 0.740088 0.748899 0.735683 0.744493 0.735683
0 0.559471 0.726872 0.559471 0.731278 0.563877 0.735683 0.563877 0.740088 0.581498 0.757709 0.585903 0.757709 0.590308 0.753304 0.599119 0.753304 0.603524 0.748899 0.607930 0.748899 0.603524 0.748899 0.599119 0.744493 0.594714 0.744493 0.590308 0.740088 0.585903 0.740088 0.568282 0.722467 0.563877 0.722467
0 0.854626 0.700441 0.854626 0.704846 0.859031 0.709251 0.859031 0.718062 0.863436 0.722467 0.876652 0.722467 0.881057 0.718062 0.885463 0.722467 0.889868 0.722467 0.894273 0.726872 0.898678 0.726872 0.903084 0.722467 0.903084 0.718062 0.898678 0.713656 0.889868 0.713656 0.885463 0.709251 0.881057 0.709251 0.876652 0.704846 0.876652 0.700441 0.867841 0.691630 0.863436 0.691630
0 0.709251 0.687225 0.700441 0.696035 0.700441 0.700441 0.696035 0.704846 0.691630 0.704846 0.682819 0.713656 0.682819 0.718062 0.687225 0.722467 0.691630 0.722467 0.704846 0.709251 0.709251 0.709251 0.718062 0.700441 0.718062 0.696035
0 0.167401 0.669604 0.162996 0.674009 0.162996 0.691630 0.171806 0.700441 0.171806 0.704846 0.176211 0.709251 0.180617 0.709251 0.185022 0.713656 0.189427 0.713656 0.193833 0.709251 0.193833 0.700441 0.176211 0.682819 0.176211 0.678414
0 0.625551 0.660793 0.616740 0.660793 0.612335 0.665198 0.612335 0.669604 0.607930 0.674009 0.607930 0.682819 0.603524 0.687225 0.612335 0.696035 0.616740 0.696035 0.625551 0.687225 0.625551 0.669604 0.629956 0.665198
0 0.000000 0.665198 0.000000 0.674009 0.004405 0.669604 0.008811 0.669604 0.013216 0.674009 0.017621 0.674009 0.022026 0.678414 0.026432 0.678414 0.030837 0.682819 0.035242 0.682819 0.039648 0.687225 0.039648 0.691630 0.044053 0.696035 0.052863 0.696035 0.057269 0.691630 0.070485 0.691630 0.074890 0.687225 0.079295 0.687225 0.083700 0.682819 0.083700 0.678414 0.079295 0.674009 0.066079 0.674009 0.061674 0.678414 0.057269 0.674009 0.052863 0.678414 0.048458 0.674009 0.044053 0.674009 0.030837 0.660793 0.022026 0.660793 0.017621 0.665198 0.013216 0.665198 0.008811 0.669604 0.004405 0.669604
0 0.079295 0.616740 0.088106 0.625551 0.092511 0.621145 0.096916 0.621145 0.101322 0.616740 0.105727 0.616740 0.110132 0.612335 0.118943 0.612335 0.123348 0.616740 0.140969 0.616740 0.145374 0.612335 0.136564 0.603524 0.132159 0.607930 0.123348 0.607930 0.118943 0.603524 0.114537 0.607930 0.110132 0.607930 0.105727 0.612335 0.101322 0.607930 0.092511 0.607930 0.088106 0.603524 0.079295 0.612335
0 0.378855 0.585903 0.370044 0.577093 0.365639 0.577093 0.343612 0.599119 0.339207 0.599119 0.330396 0.607930 0.339207 0.616740 0.361233 0.616740 0.365639 0.612335 0.365639 0.607930 0.378855 0.594714
0 0.453745 0.563877 0.444934 0.563877 0.440529 0.568282 0.436123 0.568282 0.431718 0.572687 0.431718 0.581498 0.440529 0.590308 0.444934 0.590308 0.449339 0.594714 0.466960 0.577093
0 0.431718 0.519824 0.431718 0.533040 0.436123 0.537445 0.444934 0.537445 0.449339 0.533040 0.458150 0.533040 0.462555 0.537445 0.471366 0.537445 0.475771 0.533040 0.466960 0.524229 0.462555 0.524229 0.458150 0.519824 0.453745 0.519824 0.449339 0.515419 0.436123 0.515419
0 0.995595 0.625551 0.925110 0.585903 0.933921 0.546256 0.889868 0.537445 0.885463 0.524229 0.903084 0.511013 0.885463 0.497797 0.867841 0.524229 0.841410 0.533040 0.854626 0.541850 0.850220 0.555066 0.806167 0.550661 0.753304 0.577093 0.709251 0.568282 0.669604 0.577093 0.563877 0.533040 0.541850 0.555066 0.537445 0.585903 0.427313 0.656388 0.400881 0.660793 0.409692 0.713656 0.396476 0.762115 0.317181 0.832599 0.303965 0.885463 0.202643 0.933921 0.167401 0.911894 0.162996 0.947137 0.127753 0.929515 0.123348 0.960352 0.013216 0.995595 0.092511 0.995595 0.101322 0.977974 0.136564 0.969163 0.167401 0.995595 0.162996 0.960352 0.185022 0.951542 0.215859 0.960352 0.237885 0.925110 0.259912 0.947137 0.295154 0.916300 0.321586 0.929515 0.321586 0.947137 0.290749 0.977974 0.233480 0.982379 0.224670 0.995595 0.286344 0.995595 0.334802 0.947137 0.334802 0.920705 0.352423 0.907489 0.409692 0.951542 0.440529 0.947137 0.405286 0.929515 0.418502 0.911894 0.405286 0.841410 0.444934 0.753304 0.594714 0.638767 0.647577 0.638767 0.678414 0.665198 0.691630 0.647577 0.660793 0.625551 0.687225 0.581498 0.709251 0.581498 0.709251 0.603524 0.735683 0.612335 0.775330 0.572687 0.898678 0.577093 0.942731 0.612335 0.929515 0.629956 0.911894 0.616740 0.837004 0.607930 0.814978 0.634361 0.731278 0.651982 0.770925 0.656388 0.819383 0.638767 0.898678 0.651982 0.977974 0.704846 0.991189 0.731278 0.995595 0.665198 0.977974 0.643172
0 0.220264 0.484582 0.215859 0.484582 0.211454 0.488987 0.211454 0.502203 0.198238 0.515419 0.193833 0.515419 0.189427 0.519824 0.193833 0.524229 0.198238 0.519824 0.202643 0.524229 0.211454 0.524229 0.215859 0.519824 0.224670 0.519824 0.229075 0.515419 0.229075 0.493392
0 0.427313 0.471366 0.422908 0.466960 0.418502 0.471366 0.414097 0.466960 0.400881 0.480176 0.400881 0.484582 0.392070 0.493392 0.396476 0.497797 0.400881 0.497797 0.409692 0.488987 0.414097 0.488987 0.427313 0.475771
0 0.497797 0.436123 0.502203 0.436123 0.506608 0.440529 0.519824 0.440529 0.524229 0.436123 0.528634 0.436123 0.533040 0.431718 0.537445 0.436123 0.541850 0.436123 0.563877 0.458150 0.568282 0.458150 0.572687 0.453745 0.572687 0.449339 0.577093 0.444934 0.577093 0.440529 0.572687 0.440529 0.568282 0.436123 0.550661 0.436123 0.546256 0.440529 0.541850 0.436123 0.537445 0.436123 0.533040 0.431718 0.533040 0.422908 0.528634 0.418502 0.519824 0.418502 0.515419 0.422908 0.506608 0.422908 0.502203 0.427313 0.502203 0.431718
0 0.660793 0.392070 0.656388 0.396476 0.656388 0.405286 0.660793 0.409692 0.665198 0.409692 0.669604 0.414097 0.674009 0.414097 0.687225 0.427313 0.691630 0.422908 0.691630 0.418502 0.678414 0.405286 0.678414 0.400881 0.669604 0.392070
0 0.392070 0.392070 0.383260 0.400881 0.378855 0.400881 0.374449 0.405286 0.374449 0.409692 0.383260 0.418502 0.387665 0.418502 0.392070 0.422908 0.400881 0.414097 0.400881 0.400881
0 0.000000 0.392070 0.000000 0.405286 0.008811 0.405286 0.013216 0.409692 0.017621 0.409692 0.030837 0.422908 0.030837 0.427313 0.035242 0.431718 0.035242 0.436123 0.048458 0.449339 0.048458 0.466960 0.052863 0.471366 0.057269 0.471366 0.061674 0.466960 0.061674 0.462555 0.066079 0.458150 0.061674 0.453745 0.061674 0.436123 0.057269 0.431718 0.057269 0.427313 0.052863 0.422908 0.048458 0.422908 0.039648 0.414097 0.039648 0.409692 0.030837 0.400881 0.026432 0.405286 0.022026 0.405286 0.017621 0.400881 0.013216 0.400881 0.008811 0.396476 0.004405 0.396476
0 0.612335 0.317181 0.603524 0.325991 0.603524 0.334802 0.612335 0.343612 0.612335 0.348018 0.621145 0.356828 0.625551 0.356828 0.629956 0.361233 0.638767 0.352423 0.638767 0.339207 0.629956 0.330396 0.625551 0.330396
0 0.427313 0.308370 0.422908 0.312775 0.418502 0.312775 0.409692 0.321586 0.409692 0.330396 0.405286 0.334802 0.405286 0.339207 0.387665 0.356828 0.387665 0.361233 0.396476 0.370044 0.405286 0.361233 0.405286 0.356828 0.414097 0.348018 0.418502 0.348018 0.422908 0.343612 0.427313 0.343612 0.436123 0.334802 0.436123 0.321586 0.431718 0.317181 0.431718 0.312775
0 0.207048 0.308370 0.198238 0.317181 0.207048 0.325991 0.211454 0.325991 0.220264 0.334802 0.220264 0.348018 0.224670 0.352423 0.233480 0.352423 0.237885 0.348018 0.237885 0.334802 0.233480 0.330396 0.229075 0.334802 0.224670 0.330396 0.220264 0.330396 0.215859 0.325991 0.215859 0.312775 0.211454 0.308370
0 0.753304 0.303965 0.744493 0.312775 0.748899 0.317181 0.753304 0.317181 0.762115 0.325991 0.762115 0.330396 0.766520 0.334802 0.766520 0.339207 0.784141 0.356828 0.788546 0.352423 0.788546 0.348018 0.792952 0.343612 0.792952 0.339207 0.784141 0.330396 0.784141 0.325991 0.775330 0.317181 0.770925 0.317181 0.762115 0.308370 0.757709 0.308370
0 0.303965 0.290749 0.303965 0.295154 0.308370 0.299559 0.312775 0.299559 0.317181 0.295154 0.321586 0.299559 0.325991 0.299559 0.330396 0.303965 0.330396 0.312775 0.334802 0.317181 0.334802 0.321586 0.343612 0.330396 0.348018 0.325991 0.352423 0.325991 0.356828 0.321586 0.356828 0.317181 0.352423 0.312775 0.352423 0.308370 0.348018 0.303965 0.348018 0.299559 0.343612 0.295154 0.339207 0.299559 0.334802 0.299559 0.330396 0.303965 0.325991 0.299559 0.321586 0.299559 0.317181 0.295154 0.317181 0.290749 0.312775 0.286344 0.308370 0.286344
0 0.101322 0.233480 0.096916 0.233480 0.092511 0.237885 0.092511 0.242291 0.088106 0.246696 0.088106 0.251101 0.079295 0.259912 0.079295 0.264317 0.083700 0.268722 0.088106 0.268722 0.092511 0.273128 0.096916 0.268722 0.096916 0.264317 0.105727 0.255507 0.105727 0.237885
0 0.519824 0.220264 0.511013 0.220264 0.493392 0.237885 0.493392 0.251101 0.497797 0.255507 0.511013 0.255507 0.519824 0.246696 0.519824 0.237885 0.528634 0.229075
0 0.303965 0.224670 0.308370 0.229075 0.308370 0.237885 0.312775 0.242291 0.330396 0.242291 0.334802 0.237885 0.334802 0.224670 0.325991 0.215859 0.317181 0.215859 0.312775 0.220264 0.308370 0.220264
0 0.647577 0.193833 0.643172 0.198238 0.643172 0.202643 0.656388 0.215859 0.660793 0.215859 0.665198 0.220264 0.665198 0.229075 0.669604 0.233480 0.674009 0.233480 0.678414 0.229075 0.674009 0.224670 0.674009 0.215859 0.678414 0.211454 0.678414 0.202643 0.669604 0.193833
0 0.202643 0.193833 0.198238 0.198238 0.202643 0.202643 0.202643 0.207048 0.211454 0.215859 0.211454 0.220264 0.215859 0.224670 0.224670 0.224670 0.229075 0.220264 0.229075 0.215859 0.224670 0.211454 0.224670 0.207048 0.211454 0.193833
0 0.066079 0.167401 0.061674 0.171806 0.066079 0.176211 0.066079 0.180617 0.070485 0.185022 0.070485 0.189427 0.074890 0.193833 0.083700 0.193833 0.088106 0.189427 0.088106 0.185022 0.092511 0.180617 0.088106 0.176211 0.088106 0.171806 0.083700 0.167401
0 0.374449 0.110132 0.365639 0.118943 0.365639 0.123348 0.370044 0.127753 0.374449 0.123348 0.378855 0.123348 0.383260 0.118943 0.387665 0.123348 0.392070 0.123348 0.396476 0.127753 0.396476 0.140969 0.400881 0.145374 0.405286 0.140969 0.405286 0.110132 0.400881 0.105727 0.396476 0.110132 0.392070 0.110132 0.387665 0.114537 0.378855 0.114537
0 0.700441 0.088106 0.691630 0.088106 0.674009 0.105727 0.674009 0.110132 0.669604 0.114537 0.678414 0.123348 0.682819 0.118943 0.687225 0.118943 0.691630 0.114537 0.696035 0.114537 0.700441 0.110132 0.700441 0.101322 0.704846 0.096916 0.704846 0.092511
0 0.488987 0.092511 0.480176 0.083700 0.475771 0.088106 0.466960 0.088106 0.462555 0.092511 0.462555 0.096916 0.458150 0.101322 0.458150 0.105727 0.440529 0.123348 0.444934 0.127753 0.453745 0.127753 0.458150 0.123348 0.466960 0.123348 0.471366 0.118943 0.471366 0.114537 0.488987 0.096916
0 0.096916 0.048458 0.083700 0.048458 0.074890 0.057269 0.074890 0.083700 0.079295 0.088106 0.079295 0.101322 0.074890 0.105727 0.074890 0.114537 0.070485 0.118943 0.070485 0.123348 0.079295 0.132159 0.088106 0.132159 0.096916 0.123348 0.092511 0.118943 0.092511 0.114537 0.088106 0.110132 0.088106 0.105727 0.079295 0.096916 0.079295 0.088106 0.083700 0.083700 0.083700 0.074890 0.088106 0.070485 0.092511 0.070485 0.096916 0.066079 0.105727 0.066079 0.110132 0.070485 0.114537 0.066079 0.114537 0.061674 0.105727 0.052863 0.101322 0.052863
0 0.480176 0.039648 0.475771 0.039648 0.471366 0.035242 0.466960 0.035242 0.462555 0.030837 0.458150 0.030837 0.453745 0.035242 0.453745 0.039648 0.449339 0.044053 0.444934 0.044053 0.440529 0.048458 0.436123 0.048458 0.431718 0.052863 0.431718 0.057269 0.436123 0.061674 0.440529 0.057269 0.444934 0.057269 0.449339 0.052863 0.466960 0.052863 0.471366 0.048458 0.471366 0.044053 0.475771 0.039648
0 0.229075 0.035242 0.233480 0.039648 0.246696 0.039648 0.251101 0.044053 0.259912 0.044053 0.264317 0.048458 0.268722 0.048458 0.273128 0.044053 0.277533 0.048458 0.281938 0.048458 0.286344 0.052863 0.290749 0.052863 0.295154 0.057269 0.299559 0.052863 0.295154 0.048458 0.290749 0.048458 0.286344 0.044053 0.281938 0.044053 0.273128 0.035242 0.268722 0.035242 0.264317 0.030837 0.255507 0.030837 0.251101 0.026432 0.237885 0.026432
