0 0.497797 0.960352 0.493392 0.960352 0.484582 0.969163 0.484582 0.995595 0.502203 0.995595 0.502203 0.982379 0.506608 0.977974 0.506608 0.973568 0.502203 0.969163 0.502203 0.964758
0 0.268722 0.955947 0.259912 0.955947 0.255507 0.960352 0.255507 0.982379 0.259912 0.986784 0.264317 0.986784 0.277533 0.973568 0.277533 0.969163 0.273128 0.964758 0.273128 0.960352
0 0.938326 0.964758 0.933921 0.960352 0.933921 0.955947 0.929515 0.951542 0.925110 0.955947 0.920705 0.955947 0.916300 0.960352 0.894273 0.960352 0.889868 0.964758 0.889868 0.973568 0.885463 0.977974 0.889868 0.977974 0.894273 0.982379 0.898678 0.982379 0.903084 0.986784 0.903084 0.995595 0.911894 0.995595 0.911894 0.986784 0.925110 0.973568 0.929515 0.973568
0 0.696035 0.947137 0.687225 0.955947 0.687225 0.960352 0.682819 0.964758 0.687225 0.969163 0.687225 0.982379 0.696035 0.991189 0.696035 0.995595 0.713656 0.995595 0.713656 0.973568 0.709251 0.969163 0.709251 0.951542 0.704846 0.947137
0 0.004405 0.955947 0.008811 0.955947 0.026432 0.973568 0.044053 0.973568 0.048458 0.977974 0.057269 0.977974 0.061674 0.973568 0.061674 0.969163 0.052863 0.960352 0.052863 0.955947 0.044053 0.947137 0.030837 0.947137 0.026432 0.951542 0.013216 0.951542 0.008811 0.955947
0 0.819383 0.933921 0.814978 0.938326 0.814978 0.964758 0.819383 0.969163 0.819383 0.973568 0.837004 0.991189 0.837004 0.995595 0.867841 0.995595 0.867841 0.982379 0.872247 0.977974 0.867841 0.977974 0.863436 0.973568 0.863436 0.969163 0.850220 0.955947 0.845815 0.955947 0.837004 0.947137 0.837004 0.942731 0.828194 0.933921
0 0.621145 0.903084 0.616740 0.898678 0.607930 0.898678 0.603524 0.903084 0.599119 0.903084 0.594714 0.907489 0.594714 0.916300 0.590308 0.920705 0.590308 0.925110 0.581498 0.933921 0.577093 0.933921 0.572687 0.938326 0.568282 0.933921 0.563877 0.933921 0.559471 0.929515 0.559471 0.925110 0.555066 0.920705 0.550661 0.920705 0.550661 0.925110 0.555066 0.929515 0.555066 0.942731 0.550661 0.947137 0.555066 0.951542 0.559471 0.947137 0.563877 0.947137 0.568282 0.942731 0.572687 0.942731 0.577093 0.947137 0.581498 0.947137 0.585903 0.951542 0.590308 0.951542 0.594714 0.947137 0.599119 0.947137 0.612335 0.933921 0.612335 0.929515 0.616740 0.925110 0.616740 0.911894 0.621145 0.907489
0 0.286344 0.898678 0.281938 0.898678 0.268722 0.911894 0.268722 0.916300 0.264317 0.920705 0.264317 0.929515 0.268722 0.933921 0.273128 0.929515 0.281938 0.929515 0.286344 0.925110 0.290749 0.925110 0.295154 0.920705 0.295154 0.907489
0 0.022026 0.881057 0.017621 0.885463 0.017621 0.903084 0.030837 0.916300 0.039648 0.916300 0.044053 0.911894 0.044053 0.894273 0.035242 0.885463 0.030837 0.885463 0.026432 0.881057
0 0.590308 0.876652 0.585903 0.872247 0.568282 0.872247 0.563877 0.876652 0.559471 0.876652 0.555066 0.881057 0.550661 0.881057 0.541850 0.889868 0.537445 0.889868 0.528634 0.898678 0.524229 0.898678 0.519824 0.903084 0.515419 0.903084 0.511013 0.907489 0.511013 0.911894 0.515419 0.916300 0.519824 0.911894 0.524229 0.911894 0.528634 0.907489 0.537445 0.907489 0.541850 0.911894 0.546256 0.911894 0.546256 0.907489 0.550661 0.903084 0.550661 0.898678 0.559471 0.889868 0.563877 0.889868 0.568282 0.885463 0.572687 0.885463 0.577093 0.881057 0.581498 0.881057 0.585903 0.885463 0.590308 0.881057
0 0.365639 0.863436 0.356828 0.863436 0.343612 0.876652 0.343612 0.885463 0.339207 0.889868 0.339207 0.898678 0.348018 0.907489 0.356828 0.907489 0.365639 0.898678 0.365639 0.889868 0.370044 0.885463 0.370044 0.867841
0 0.436123 0.814978 0.431718 0.819383 0.431718 0.828194 0.436123 0.832599 0.436123 0.841410 0.444934 0.850220 0.453745 0.841410 0.453745 0.828194 0.440529 0.814978
0 0.317181 0.810573 0.308370 0.819383 0.321586 0.832599 0.321586 0.837004 0.330396 0.845815 0.334802 0.845815 0.339207 0.841410 0.339207 0.837004 0.343612 0.832599 0.334802 0.823789 0.334802 0.819383 0.325991 0.810573
0 0.101322 0.801762 0.096916 0.797357 0.092511 0.801762 0.088106 0.797357 0.079295 0.797357 0.074890 0.801762 0.070485 0.801762 0.061674 0.810573 0.057269 0.810573 0.052863 0.814978 0.052863 0.823789 0.061674 0.832599 0.066079 0.832599 0.070485 0.828194 0.074890 0.828194 0.079295 0.823789 0.083700 0.823789 0.092511 0.814978 0.092511 0.810573
0 0.052863 0.770925 0.048458 0.766520 0.044053 0.770925 0.039648 0.766520 0.030837 0.775330 0.026432 0.775330 0.022026 0.779736 0.017621 0.779736 0.013216 0.784141 0.022026 0.792952 0.026432 0.792952 0.030837 0.788546 0.035242 0.788546 0.039648 0.784141 0.048458 0.784141 0.052863 0.779736
0 0.140969 0.762115 0.132159 0.770925 0.127753 0.770925 0.123348 0.775330 0.127753 0.779736 0.132159 0.779736 0.136564 0.784141 0.136564 0.806167 0.145374 0.814978 0.154185 0.814978 0.158590 0.810573 0.158590 0.788546 0.154185 0.784141 0.154185 0.779736 0.149780 0.775330 0.149780 0.770925
0 0.255507 0.726872 0.251101 0.731278 0.246696 0.726872 0.242291 0.731278 0.242291 0.753304 0.251101 0.762115 0.255507 0.757709 0.259912 0.757709 0.268722 0.748899 0.268722 0.744493 0.264317 0.740088 0.264317 0.735683
0 0.995595 0.665198 0.991189 0.665198 0.986784 0.669604 0.986784 0.674009 0.991189 0.678414 0.991189 0.691630 0.986784 0.696035 0.982379 0.696035 0.977974 0.700441 0.969163 0.700441 0.964758 0.704846 0.960352 0.704846 0.955947 0.709251 0.951542 0.709251 0.947137 0.713656 0.947137 0.722467 0.955947 0.731278 0.960352 0.731278 0.964758 0.726872 0.969163 0.726872 0.986784 0.709251 0.991189 0.709251 0.995595 0.704846
0 0.920705 0.651982 0.911894 0.643172 0.903084 0.643172 0.898678 0.647577 0.894273 0.647577 0.889868 0.651982 0.885463 0.647577 0.881057 0.651982 0.863436 0.651982 0.854626 0.660793 0.867841 0.674009 0.872247 0.669604 0.876652 0.674009 0.889868 0.674009 0.894273 0.669604 0.911894 0.669604 0.920705 0.660793
0 0.083700 0.629956 0.074890 0.638767 0.074890 0.647577 0.083700 0.656388 0.088106 0.656388 0.092511 0.660793 0.101322 0.660793 0.110132 0.651982 0.105727 0.647577 0.105727 0.643172 0.092511 0.629956
0 0.942731 0.585903 0.942731 0.594714 0.951542 0.603524 0.955947 0.599119 0.969163 0.599119 0.973568 0.594714 0.964758 0.585903 0.964758 0.581498 0.960352 0.577093 0.951542 0.577093
0 0.079295 0.568282 0.074890 0.568282 0.070485 0.572687 0.066079 0.572687 0.061674 0.577093 0.057269 0.577093 0.061674 0.581498 0.061674 0.590308 0.070485 0.599119 0.074890 0.599119 0.088106 0.585903 0.088106 0.577093
0 0.770925 0.533040 0.766520 0.533040 0.762115 0.537445 0.748899 0.537445 0.740088 0.546256 0.740088 0.555066 0.748899 0.563877 0.757709 0.563877 0.770925 0.550661
0 0.356828 0.493392 0.348018 0.502203 0.365639 0.519824 0.365639 0.528634 0.370044 0.533040 0.370044 0.537445 0.378855 0.546256 0.387665 0.546256 0.392070 0.550661 0.396476 0.546256 0.396476 0.541850 0.392070 0.537445 0.392070 0.528634 0.378855 0.515419 0.374449 0.515419 0.365639 0.506608 0.365639 0.502203
0 0.568282 0.493392 0.568282 0.506608 0.581498 0.524229 0.590308 0.524229 0.594714 0.519824 0.607930 0.519824 0.634361 0.537445 0.634361 0.546256 0.621145 0.555066 0.616740 0.550661 0.603524 0.555066 0.585903 0.541850 0.581498 0.546256 0.581498 0.555066 0.585903 0.559471 0.594714 0.559471 0.612335 0.568282 0.625551 0.581498 0.625551 0.585903 0.651982 0.607930 0.647577 0.629956 0.656388 0.647577 0.660793 0.647577 0.674009 0.629956 0.674009 0.625551 0.651982 0.607930 0.651982 0.599119 0.660793 0.590308 0.660793 0.581498 0.643172 0.563877 0.643172 0.555066 0.656388 0.546256 0.674009 0.555066 0.682819 0.563877 0.687225 0.577093 0.709251 0.590308 0.709251 0.599119 0.722467 0.616740 0.748899 0.629956 0.757709 0.629956 0.762115 0.634361 0.797357 0.616740 0.806167 0.621145 0.828194 0.599119 0.814978 0.585903 0.801762 0.585903 0.797357 0.590308 0.797357 0.603524 0.779736 0.612335 0.757709 0.599119 0.748899 0.599119 0.740088 0.594714 0.731278 0.585903 0.726872 0.585903 0.713656 0.568282 0.709251 0.572687 0.700441 0.568282 0.687225 0.541850 0.665198 0.519824 0.647577 0.519824 0.638767 0.524229 0.629956 0.519824 0.621145 0.506608 0.599119 0.506608 0.581498 0.497797 0.572687 0.488987
0 0.806167 0.427313 0.801762 0.431718 0.801762 0.440529 0.797357 0.444934 0.797357 0.449339 0.792952 0.453745 0.792952 0.462555 0.788546 0.466960 0.801762 0.480176 0.806167 0.480176 0.810573 0.475771 0.810573 0.462555 0.819383 0.453745 0.819383 0.444934 0.814978 0.440529 0.814978 0.436123
0 0.898678 0.422908 0.894273 0.427313 0.898678 0.431718 0.898678 0.436123 0.903084 0.440529 0.903084 0.471366 0.916300 0.484582 0.925110 0.484582 0.929515 0.488987 0.933921 0.488987 0.938326 0.493392 0.942731 0.488987 0.942731 0.480176 0.920705 0.458150 0.920705 0.453745 0.916300 0.449339 0.911894 0.449339 0.907489 0.444934 0.907489 0.436123 0.903084 0.431718 0.903084 0.427313
0 0.669604 0.405286 0.669604 0.418502 0.674009 0.422908 0.682819 0.422908 0.687225 0.418502 0.696035 0.418502 0.700441 0.422908 0.709251 0.422908 0.713656 0.418502 0.718062 0.418502 0.722467 0.414097 0.726872 0.418502 0.731278 0.418502 0.744493 0.431718 0.748899 0.427313 0.748899 0.418502 0.735683 0.405286 0.726872 0.414097 0.722467 0.414097 0.718062 0.418502 0.713656 0.414097 0.709251 0.414097 0.704846 0.409692 0.700441 0.409692 0.687225 0.396476 0.678414 0.396476
0 0.546256 0.378855 0.537445 0.378855 0.533040 0.383260 0.533040 0.392070 0.546256 0.405286 0.550661 0.405286 0.555066 0.409692 0.555066 0.427313 0.550661 0.431718 0.550661 0.436123 0.528634 0.458150 0.533040 0.462555 0.533040 0.471366 0.537445 0.475771 0.541850 0.471366 0.541850 0.466960 0.546256 0.462555 0.546256 0.458150 0.585903 0.418502 0.585903 0.414097 0.581498 0.409692 0.572687 0.409692 0.568282 0.405286 0.563877 0.405286 0.559471 0.400881 0.559471 0.396476 0.555066 0.392070 0.555066 0.387665
0 0.048458 0.374449 0.052863 0.387665 0.070485 0.400881 0.074890 0.396476 0.092511 0.405286 0.114537 0.405286 0.118943 0.400881 0.132159 0.409692 0.132159 0.418502 0.154185 0.440529 0.158590 0.453745 0.180617 0.475771 0.185022 0.484582 0.189427 0.480176 0.198238 0.480176 0.211454 0.488987 0.220264 0.488987 0.229075 0.493392 0.246696 0.511013 0.246696 0.519824 0.233480 0.528634 0.220264 0.524229 0.211454 0.515419 0.207048 0.519824 0.207048 0.528634 0.193833 0.537445 0.185022 0.537445 0.158590 0.524229 0.154185 0.515419 0.145374 0.511013 0.140969 0.515419 0.140969 0.524229 0.158590 0.541850 0.167401 0.546256 0.176211 0.546256 0.180617 0.550661 0.198238 0.541850 0.211454 0.541850 0.229075 0.555066 0.237885 0.555066 0.242291 0.559471 0.255507 0.559471 0.259912 0.555066 0.264317 0.559471 0.277533 0.559471 0.281938 0.555066 0.273128 0.541850 0.273128 0.533040 0.299559 0.519824 0.295154 0.515419 0.277533 0.515419 0.273128 0.511013 0.264317 0.511013 0.255507 0.506608 0.242291 0.493392 0.242291 0.484582 0.251101 0.475771 0.242291 0.466960 0.237885 0.471366 0.229075 0.466960 0.215859 0.475771 0.198238 0.462555 0.189427 0.466960 0.176211 0.458150 0.176211 0.444934 0.180617 0.440529 0.180617 0.431718 0.171806 0.422908 0.167401 0.427313 0.158590 0.427313 0.149780 0.422908 0.136564 0.405286 0.132159 0.409692 0.074890 0.374449 0.061674 0.374449 0.057269 0.370044
0 0.925110 0.348018 0.925110 0.365639 0.916300 0.374449 0.911894 0.374449 0.903084 0.383260 0.898678 0.383260 0.903084 0.383260 0.907489 0.387665 0.929515 0.387665 0.933921 0.392070 0.938326 0.392070 0.942731 0.396476 0.942731 0.409692 0.955947 0.422908 0.960352 0.418502 0.960352 0.409692 0.964758 0.405286 0.955947 0.396476 0.951542 0.396476 0.947137 0.392070 0.942731 0.392070 0.933921 0.383260 0.933921 0.374449 0.942731 0.365639 0.942731 0.361233 0.947137 0.356828 0.938326 0.348018 0.933921 0.348018 0.929515 0.352423
0 0.585903 0.325991 0.577093 0.334802 0.577093 0.343612 0.585903 0.352423 0.590308 0.352423 0.594714 0.356828 0.603524 0.348018 0.603524 0.343612 0.599119 0.339207 0.599119 0.334802 0.594714 0.330396 0.590308 0.330396
0 0.484582 0.325991 0.488987 0.330396 0.488987 0.334802 0.493392 0.339207 0.502203 0.339207 0.506608 0.343612 0.511013 0.343612 0.519824 0.352423 0.528634 0.352423 0.533040 0.348018 0.533040 0.339207 0.528634 0.334802 0.519824 0.334802 0.515419 0.339207 0.511013 0.334802 0.506608 0.334802 0.502203 0.330396 0.502203 0.325991 0.493392 0.317181
0 0.233480 0.290749 0.229075 0.295154 0.233480 0.299559 0.233480 0.321586 0.242291 0.330396 0.246696 0.330396 0.251101 0.334802 0.255507 0.330396 0.259912 0.330396 0.264317 0.334802 0.268722 0.330396 0.264317 0.325991 0.259912 0.325991 0.255507 0.321586 0.251101 0.321586 0.237885 0.308370 0.237885 0.295154
0 0.713656 0.277533 0.709251 0.281938 0.709251 0.286344 0.700441 0.295154 0.700441 0.299559 0.704846 0.303965 0.704846 0.312775 0.709251 0.317181 0.718062 0.317181 0.722467 0.312775 0.735683 0.312775 0.740088 0.317181 0.744493 0.317181 0.753304 0.325991 0.753304 0.334802 0.766520 0.348018 0.770925 0.343612 0.770925 0.325991 0.762115 0.317181 0.757709 0.317181 0.753304 0.312775 0.748899 0.312775 0.744493 0.308370 0.740088 0.308370 0.731278 0.299559 0.726872 0.299559 0.722467 0.295154 0.722467 0.290749 0.718062 0.286344 0.718062 0.281938
0 0.361233 0.255507 0.356828 0.259912 0.365639 0.268722 0.365639 0.277533 0.370044 0.281938 0.370044 0.295154 0.361233 0.303965 0.356828 0.303965 0.352423 0.308370 0.343612 0.308370 0.339207 0.312775 0.339207 0.325991 0.343612 0.330396 0.356828 0.317181 0.361233 0.317181 0.365639 0.312775 0.374449 0.312775 0.378855 0.317181 0.383260 0.317181 0.387665 0.321586 0.392070 0.321586 0.396476 0.325991 0.396476 0.343612 0.387665 0.352423 0.392070 0.356828 0.392070 0.365639 0.387665 0.370044 0.383260 0.370044 0.378855 0.374449 0.365639 0.374449 0.361233 0.378855 0.365639 0.383260 0.374449 0.383260 0.378855 0.387665 0.383260 0.387665 0.396476 0.374449 0.396476 0.370044 0.405286 0.361233 0.405286 0.330396 0.409692 0.325991 0.414097 0.325991 0.418502 0.321586 0.427313 0.321586 0.431718 0.325991 0.440529 0.325991 0.449339 0.317181 0.449339 0.308370 0.440529 0.299559 0.431718 0.299559 0.422908 0.308370 0.422908 0.312775 0.418502 0.317181 0.414097 0.317181 0.409692 0.321586 0.405286 0.317181 0.400881 0.317181 0.396476 0.312775 0.392070 0.312775 0.387665 0.308370 0.383260 0.308370 0.374449 0.299559 0.374449 0.290749 0.378855 0.286344 0.378855 0.281938 0.383260 0.277533
0 0.000000 0.264317 0.000000 0.281938 0.026432 0.295154 0.074890 0.277533 0.114537 0.299559 0.162996 0.392070 0.264317 0.418502 0.264317 0.440529 0.281938 0.422908 0.378855 0.449339 0.383260 0.471366 0.405286 0.458150 0.431718 0.502203 0.422908 0.528634 0.453745 0.572687 0.414097 0.607930 0.444934 0.660793 0.418502 0.660793 0.409692 0.682819 0.444934 0.682819 0.458150 0.713656 0.414097 0.722467 0.383260 0.691630 0.378855 0.722467 0.471366 0.801762 0.515419 0.806167 0.533040 0.775330 0.466960 0.704846 0.458150 0.674009 0.471366 0.665198 0.493392 0.691630 0.528634 0.687225 0.546256 0.709251 0.669604 0.709251 0.687225 0.687225 0.704846 0.718062 0.674009 0.718062 0.669604 0.731278 0.700441 0.748899 0.713656 0.722467 0.766520 0.704846 0.788546 0.718062 0.775330 0.748899 0.819383 0.779736 0.823789 0.828194 0.810573 0.837004 0.775330 0.806167 0.740088 0.823789 0.678414 0.797357 0.691630 0.823789 0.784141 0.903084 0.810573 0.907489 0.837004 0.889868 0.885463 0.938326 0.929515 0.903084 0.995595 0.920705 0.995595 0.854626 0.916300 0.819383 0.947137 0.788546 0.955947 0.748899 0.903084 0.810573 0.823789 0.744493 0.850220 0.709251 0.841410 0.691630 0.819383 0.687225 0.806167 0.718062 0.784141 0.700441 0.797357 0.682819 0.784141 0.656388 0.757709 0.669604 0.740088 0.660793 0.740088 0.674009 0.770925 0.669604 0.775330 0.687225 0.726872 0.709251 0.678414 0.669604 0.634361 0.691630 0.603524 0.669604 0.528634 0.665198 0.458150 0.590308 0.449339 0.493392 0.493392 0.488987 0.528634 0.524229 0.541850 0.519824 0.488987 0.462555 0.440529 0.484582 0.418502 0.440529 0.211454 0.392070 0.154185 0.334802 0.154185 0.308370 0.110132 0.286344 0.123348 0.246696 0.096916 0.273128 0.066079 0.268722 0.039648 0.286344
0 0.841410 0.242291 0.841410 0.251101 0.837004 0.255507 0.841410 0.259912 0.841410 0.268722 0.850220 0.277533 0.854626 0.277533 0.859031 0.281938 0.863436 0.281938 0.867841 0.286344 0.867841 0.295154 0.872247 0.299559 0.872247 0.308370 0.876652 0.312775 0.876652 0.330396 0.867841 0.339207 0.863436 0.339207 0.859031 0.343612 0.854626 0.339207 0.850220 0.343612 0.850220 0.365639 0.854626 0.370044 0.854626 0.374449 0.859031 0.378855 0.859031 0.383260 0.863436 0.387665 0.863436 0.392070 0.867841 0.396476 0.876652 0.396476 0.885463 0.387665 0.889868 0.387665 0.889868 0.383260 0.885463 0.383260 0.872247 0.370044 0.872247 0.365639 0.867841 0.361233 0.867841 0.348018 0.872247 0.343612 0.876652 0.343612 0.881057 0.339207 0.898678 0.339207 0.903084 0.343612 0.907489 0.343612 0.911894 0.339207 0.916300 0.343612 0.916300 0.334802 0.911894 0.330396 0.907489 0.330396 0.903084 0.325991 0.898678 0.325991 0.889868 0.317181 0.889868 0.299559 0.885463 0.295154 0.885463 0.277533 0.881057 0.273128 0.876652 0.273128 0.872247 0.268722 0.867841 0.268722 0.859031 0.259912 0.859031 0.251101 0.854626 0.246696 0.850220 0.246696 0.845815 0.242291
0 0.713656 0.229075 0.713656 0.242291 0.718062 0.246696 0.726872 0.246696 0.731278 0.242291 0.735683 0.242291 0.740088 0.237885 0.740088 0.229075 0.735683 0.224670 0.718062 0.224670
0 0.792952 0.220264 0.770925 0.220264 0.766520 0.224670 0.770925 0.229075 0.770925 0.237885 0.775330 0.242291 0.775330 0.251101 0.762115 0.264317 0.762115 0.268722 0.757709 0.273128 0.757709 0.277533 0.766520 0.286344 0.775330 0.286344 0.779736 0.281938 0.779736 0.277533 0.784141 0.273128 0.784141 0.246696 0.797357 0.233480 0.797357 0.229075 0.801762 0.224670 0.797357 0.224670
0 0.136564 0.224670 0.136564 0.229075 0.145374 0.237885 0.176211 0.237885 0.180617 0.242291 0.185022 0.242291 0.193833 0.251101 0.198238 0.246696 0.198238 0.242291 0.202643 0.237885 0.207048 0.237885 0.211454 0.233480 0.215859 0.233480 0.220264 0.237885 0.224670 0.237885 0.229075 0.242291 0.233480 0.237885 0.229075 0.233480 0.224670 0.233480 0.220264 0.229075 0.215859 0.233480 0.211454 0.233480 0.207048 0.237885 0.202643 0.237885 0.198238 0.233480 0.193833 0.233480 0.189427 0.229075 0.180617 0.229075 0.176211 0.224670 0.171806 0.224670 0.167401 0.220264 0.140969 0.220264
0 0.374449 0.176211 0.370044 0.180617 0.365639 0.180617 0.356828 0.189427 0.356828 0.198238 0.352423 0.202643 0.352423 0.215859 0.356828 0.220264 0.356828 0.224670 0.361233 0.229075 0.365639 0.224670 0.370044 0.229075 0.374449 0.224670 0.374449 0.220264 0.378855 0.215859 0.378855 0.207048 0.383260 0.202643 0.383260 0.185022
0 0.929515 0.140969 0.920705 0.140969 0.911894 0.149780 0.911894 0.158590 0.907489 0.162996 0.907489 0.198238 0.898678 0.207048 0.898678 0.224670 0.894273 0.229075 0.894273 0.233480 0.903084 0.242291 0.907489 0.242291 0.911894 0.237885 0.911894 0.233480 0.916300 0.229075 0.916300 0.198238 0.920705 0.193833 0.925110 0.193833 0.929515 0.189427 0.929515 0.185022 0.933921 0.180617 0.933921 0.145374
0 0.700441 0.136564 0.687225 0.149780 0.682819 0.149780 0.678414 0.154185 0.678414 0.162996 0.687225 0.171806 0.687225 0.185022 0.682819 0.189427 0.682819 0.193833 0.678414 0.198238 0.682819 0.202643 0.691630 0.202643 0.696035 0.198238 0.696035 0.193833 0.700441 0.189427 0.700441 0.180617 0.704846 0.176211 0.700441 0.171806 0.700441 0.145374 0.704846 0.140969
0 0.775330 0.105727 0.770925 0.110132 0.770925 0.114537 0.766520 0.118943 0.766520 0.132159 0.775330 0.140969 0.779736 0.140969 0.788546 0.149780 0.797357 0.140969 0.797357 0.132159 0.792952 0.127753 0.792952 0.118943 0.788546 0.114537 0.788546 0.110132 0.784141 0.105727
0 0.251101 0.105727 0.242291 0.114537 0.242291 0.136564 0.251101 0.145374 0.255507 0.145374 0.259912 0.149780 0.259912 0.162996 0.255507 0.167401 0.255507 0.176211 0.264317 0.185022 0.268722 0.185022 0.273128 0.180617 0.273128 0.176211 0.259912 0.162996 0.259912 0.149780 0.264317 0.145374 0.264317 0.140969 0.268722 0.136564 0.268722 0.127753 0.264317 0.123348 0.264317 0.114537 0.259912 0.110132 0.255507 0.110132
0 0.083700 0.101322 0.079295 0.105727 0.079295 0.114537 0.083700 0.118943 0.083700 0.123348 0.092511 0.132159 0.092511 0.136564 0.101322 0.145374 0.101322 0.149780 0.105727 0.154185 0.105727 0.162996 0.101322 0.167401 0.101322 0.171806 0.096916 0.176211 0.092511 0.176211 0.083700 0.185022 0.083700 0.198238 0.079295 0.202643 0.079295 0.207048 0.074890 0.211454 0.074890 0.220264 0.083700 0.229075 0.088106 0.229075 0.092511 0.224670 0.092511 0.220264 0.096916 0.215859 0.096916 0.198238 0.101322 0.193833 0.101322 0.189427 0.105727 0.185022 0.105727 0.171806 0.110132 0.167401 0.110132 0.158590 0.118943 0.149780 0.118943 0.136564 0.110132 0.127753 0.110132 0.123348 0.092511 0.105727 0.088106 0.105727
0 0.903084 0.083700 0.898678 0.088106 0.894273 0.088106 0.889868 0.092511 0.889868 0.096916 0.881057 0.105727 0.881057 0.114537 0.876652 0.118943 0.872247 0.118943 0.867841 0.123348 0.859031 0.123348 0.854626 0.118943 0.850220 0.118943 0.841410 0.127753 0.841410 0.145374 0.850220 0.154185 0.854626 0.154185 0.859031 0.149780 0.859031 0.127753 0.863436 0.123348 0.867841 0.123348 0.872247 0.118943 0.876652 0.123348 0.881057 0.123348 0.885463 0.127753 0.894273 0.127753 0.903084 0.118943 0.903084 0.101322 0.907489 0.096916 0.907489 0.088106
0 0.387665 0.074890 0.378855 0.083700 0.383260 0.088106 0.383260 0.092511 0.387665 0.096916 0.392070 0.096916 0.396476 0.101322 0.400881 0.101322 0.409692 0.092511 0.409692 0.088106 0.396476 0.074890
0 0.964758 0.070485 0.960352 0.070485 0.951542 0.079295 0.951542 0.083700 0.933921 0.101322 0.933921 0.110132 0.942731 0.118943 0.947137 0.118943 0.955947 0.110132 0.955947 0.105727 0.964758 0.096916 0.969163 0.096916 0.977974 0.088106 0.977974 0.083700
0 0.013216 0.079295 0.022026 0.088106 0.030837 0.088106 0.035242 0.083700 0.039648 0.083700 0.044053 0.079295 0.048458 0.079295 0.052863 0.083700 0.057269 0.079295 0.057269 0.074890 0.052863 0.070485 0.022026 0.070485
0 0.325991 0.044053 0.321586 0.048458 0.317181 0.048458 0.308370 0.057269 0.308370 0.066079 0.317181 0.074890 0.317181 0.105727 0.321586 0.110132 0.325991 0.110132 0.330396 0.114537 0.334802 0.110132 0.334802 0.079295 0.339207 0.074890 0.339207 0.061674 0.334802 0.057269 0.334802 0.052863
0 0.770925 0.039648 0.766520 0.035242 0.766520 0.030837 0.762115 0.026432 0.753304 0.026432 0.735683 0.044053 0.731278 0.044053 0.726872 0.048458 0.691630 0.048458 0.687225 0.044053 0.678414 0.052863 0.678414 0.061674 0.687225 0.070485 0.691630 0.066079 0.709251 0.066079 0.713656 0.070485 0.718062 0.070485 0.722467 0.074890 0.726872 0.070485 0.731278 0.070485 0.740088 0.061674 0.744493 0.061674 0.748899 0.057269 0.766520 0.057269 0.770925 0.052863
0 0.612335 0.026432 0.599119 0.030837 0.599119 0.035242 0.612335 0.048458 0.612335 0.057269 0.607930 0.061674 0.607930 0.079295 0.603524 0.083700 0.616740 0.101322 0.616740 0.110132 0.612335 0.114537 0.607930 0.114537 0.603524 0.118943 0.590308 0.118943 0.585903 0.114537 0.577093 0.114537 0.572687 0.110132 0.568282 0.110132 0.555066 0.092511 0.550661 0.096916 0.559471 0.105727 0.559471 0.123348 0.555066 0.127753 0.550661 0.127753 0.546256 0.132159 0.541850 0.127753 0.528634 0.127753 0.511013 0.145374 0.506608 0.145374 0.502203 0.149780 0.488987 0.145374 0.484582 0.149780 0.484582 0.162996 0.497797 0.176211 0.497797 0.207048 0.502203 0.211454 0.502203 0.242291 0.519824 0.259912 0.524229 0.259912 0.541850 0.273128 0.546256 0.273128 0.559471 0.286344 0.559471 0.290749 0.563877 0.295154 0.572687 0.286344 0.563877 0.255507 0.559471 0.251101 0.555066 0.255507 0.550661 0.251101 0.537445 0.246696 0.519824 0.229075 0.515419 0.229075 0.511013 0.224670 0.511013 0.189427 0.506608 0.185022 0.506608 0.176211 0.502203 0.171806 0.502203 0.149780 0.515419 0.140969 0.519824 0.145374 0.533040 0.145374 0.537445 0.149780 0.541850 0.145374 0.541850 0.140969 0.559471 0.127753 0.563877 0.132159 0.585903 0.132159 0.590308 0.127753 0.594714 0.132159 0.603524 0.123348 0.607930 0.123348 0.612335 0.118943 0.612335 0.114537 0.634361 0.096916 0.625551 0.088106 0.625551 0.079295 0.621145 0.074890 0.621145 0.057269 0.616740 0.052863 0.616740 0.039648 0.621145 0.035242
0 0.876652 0.017621 0.867841 0.008811 0.859031 0.008811 0.854626 0.013216 0.837004 0.013216 0.832599 0.017621 0.832599 0.022026 0.837004 0.026432 0.850220 0.026432 0.854626 0.030837 0.867841 0.030837 0.876652 0.022026
0 0.550661 0.000000 0.550661 0.022026 0.559471 0.030837 0.563877 0.030837 0.568282 0.035242 0.572687 0.035242 0.577093 0.030837 0.581498 0.030837 0.581498 0.022026 0.563877 0.004405 0.563877 0.000000
0 0.511013 0.000000 0.511013 0.004405 0.502203 0.013216 0.502203 0.017621 0.506608 0.022026 0.506608 0.026432 0.511013 0.030837 0.519824 0.030837 0.524229 0.026432 0.524229 0.000000
0 0.422908 0.000000 0.422908 0.008811 0.427313 0.013216 0.427313 0.017621 0.431718 0.022026 0.431718 0.026432 0.453745 0.048458 0.458150 0.044053 0.458150 0.026432 0.453745 0.022026 0.449339 0.022026 0.436123 0.008811 0.436123 0.000000
0 0.118943 0.000000 0.101322 0.000000 0.101322 0.008811 0.105727 0.013216 0.105727 0.048458 0.088106 0.066079 0.096916 0.074890 0.110132 0.074890 0.118943 0.066079 0.118943 0.057269 0.123348 0.052863 0.123348 0.048458 0.127753 0.044053 0.127753 0.039648 0.123348 0.035242 0.123348 0.030837 0.118943 0.026432
