0 0.017621 0.960352 0.017621 0.964758 0.022026 0.969163 0.026432 0.969163 0.030837 0.973568 0.035242 0.969163 0.039648 0.973568 0.044053 0.973568 0.052863 0.982379 0.052863 0.986784 0.057269 0.991189 0.057269 0.995595 0.070485 0.995595 0.070485 0.982379 0.074890 0.977974 0.074890 0.973568 0.070485 0.969163 0.057269 0.969163 0.052863 0.964758 0.048458 0.964758 0.035242 0.951542 0.026432 0.951542
0 0.823789 0.947137 0.823789 0.951542 0.837004 0.964758 0.837004 0.977974 0.823789 0.991189 0.823789 0.995595 0.845815 0.995595 0.845815 0.977974 0.850220 0.973568 0.850220 0.969163 0.854626 0.964758 0.859031 0.964758 0.863436 0.960352 0.867841 0.964758 0.872247 0.964758 0.881057 0.973568 0.885463 0.973568 0.889868 0.977974 0.894273 0.977974 0.903084 0.986784 0.903084 0.995595 0.911894 0.995595 0.911894 0.991189 0.907489 0.986784 0.903084 0.986784 0.894273 0.977974 0.894273 0.964758 0.885463 0.955947 0.872247 0.955947 0.867841 0.960352 0.863436 0.955947 0.859031 0.955947 0.854626 0.951542 0.850220 0.951542 0.841410 0.942731 0.828194 0.942731
0 0.105727 0.933921 0.105727 0.938326 0.110132 0.938326 0.114537 0.942731 0.127753 0.942731 0.132159 0.938326 0.140969 0.938326 0.145374 0.942731 0.149780 0.942731 0.154185 0.947137 0.162996 0.947137 0.167401 0.951542 0.171806 0.951542 0.176211 0.955947 0.185022 0.955947 0.189427 0.960352 0.193833 0.960352 0.198238 0.964758 0.202643 0.964758 0.211454 0.955947 0.215859 0.955947 0.220264 0.951542 0.220264 0.947137 0.215859 0.942731 0.207048 0.942731 0.202643 0.938326 0.193833 0.938326 0.189427 0.933921 0.176211 0.933921 0.171806 0.929515 0.167401 0.929515 0.162996 0.933921 0.158590 0.933921 0.154185 0.938326 0.149780 0.938326 0.145374 0.933921 0.140969 0.933921 0.136564 0.929515 0.136564 0.925110 0.127753 0.916300 0.110132 0.933921
0 0.431718 0.916300 0.431718 0.920705 0.440529 0.929515 0.444934 0.929515 0.449339 0.933921 0.449339 0.947137 0.458150 0.955947 0.471366 0.955947 0.484582 0.942731 0.488987 0.942731 0.502203 0.929515 0.497797 0.925110 0.480176 0.925110 0.471366 0.933921 0.466960 0.933921 0.462555 0.938326 0.458150 0.933921 0.453745 0.933921 0.449339 0.929515 0.449339 0.911894 0.444934 0.907489 0.440529 0.907489
0 0.669604 0.876652 0.665198 0.881057 0.665198 0.889868 0.669604 0.894273 0.674009 0.894273 0.678414 0.889868 0.682819 0.889868 0.687225 0.885463 0.691630 0.889868 0.696035 0.889868 0.700441 0.894273 0.700441 0.920705 0.704846 0.925110 0.704846 0.933921 0.709251 0.938326 0.709251 0.951542 0.713656 0.955947 0.713656 0.964758 0.718062 0.969163 0.718062 0.973568 0.722467 0.977974 0.722467 0.982379 0.726872 0.986784 0.726872 0.995595 0.748899 0.995595 0.748899 0.986784 0.744493 0.982379 0.744493 0.964758 0.740088 0.960352 0.740088 0.947137 0.735683 0.942731 0.735683 0.938326 0.731278 0.933921 0.731278 0.903084 0.726872 0.898678 0.726872 0.881057 0.731278 0.876652 0.731278 0.872247 0.722467 0.863436 0.713656 0.863436 0.709251 0.859031 0.691630 0.876652 0.687225 0.876652 0.682819 0.881057 0.678414 0.881057 0.674009 0.876652
0 0.903084 0.841410 0.894273 0.832599 0.889868 0.832599 0.863436 0.859031 0.859031 0.859031 0.854626 0.863436 0.850220 0.863436 0.845815 0.867841 0.841410 0.863436 0.832599 0.863436 0.828194 0.867841 0.823789 0.863436 0.819383 0.863436 0.810573 0.854626 0.806167 0.859031 0.792952 0.859031 0.788546 0.854626 0.775330 0.867841 0.784141 0.876652 0.788546 0.876652 0.797357 0.867841 0.801762 0.867841 0.806167 0.863436 0.810573 0.863436 0.814978 0.859031 0.819383 0.863436 0.823789 0.863436 0.828194 0.867841 0.828194 0.872247 0.832599 0.876652 0.837004 0.876652 0.841410 0.881057 0.845815 0.881057 0.850220 0.885463 0.854626 0.885463 0.863436 0.876652 0.863436 0.872247 0.867841 0.867841 0.872247 0.867841 0.876652 0.863436 0.881057 0.863436
0 0.246696 0.828194 0.237885 0.828194 0.233480 0.832599 0.233480 0.837004 0.229075 0.841410 0.229075 0.854626 0.224670 0.859031 0.220264 0.859031 0.211454 0.867841 0.211454 0.876652 0.215859 0.881057 0.220264 0.881057 0.229075 0.872247 0.229075 0.859031 0.233480 0.854626 0.237885 0.854626 0.242291 0.850220 0.246696 0.850220 0.251101 0.845815 0.251101 0.832599
0 0.960352 0.823789 0.947137 0.823789 0.942731 0.828194 0.942731 0.832599 0.938326 0.837004 0.938326 0.841410 0.933921 0.845815 0.933921 0.859031 0.938326 0.863436 0.942731 0.859031 0.947137 0.859031 0.951542 0.854626 0.955947 0.854626 0.964758 0.845815 0.964758 0.828194
0 0.361233 0.823789 0.343612 0.806167 0.330396 0.806167 0.321586 0.814978 0.317181 0.814978 0.312775 0.819383 0.303965 0.819383 0.299559 0.823789 0.299559 0.828194 0.303965 0.832599 0.312775 0.832599 0.317181 0.828194 0.334802 0.828194 0.339207 0.823789 0.348018 0.823789 0.352423 0.828194 0.356828 0.828194
0 0.651982 0.792952 0.643172 0.801762 0.643172 0.810573 0.647577 0.814978 0.651982 0.814978 0.669604 0.832599 0.674009 0.828194 0.678414 0.828194 0.682819 0.823789 0.665198 0.806167 0.665198 0.797357 0.660793 0.792952
0 0.044053 0.775330 0.039648 0.779736 0.044053 0.784141 0.048458 0.784141 0.057269 0.792952 0.061674 0.792952 0.070485 0.801762 0.070485 0.806167 0.074890 0.810573 0.074890 0.814978 0.079295 0.819383 0.079295 0.828194 0.083700 0.832599 0.083700 0.837004 0.088106 0.841410 0.101322 0.841410 0.110132 0.832599 0.110132 0.828194 0.088106 0.806167 0.088106 0.801762 0.083700 0.797357 0.079295 0.797357 0.074890 0.792952 0.070485 0.792952 0.066079 0.788546 0.066079 0.784141 0.057269 0.775330
0 0.977974 0.766520 0.973568 0.770925 0.973568 0.784141 0.977974 0.788546 0.982379 0.788546 0.986784 0.792952 0.995595 0.792952 0.995595 0.770925 0.991189 0.770925 0.986784 0.766520
0 0.352423 0.762115 0.343612 0.753304 0.330396 0.766520 0.325991 0.766520 0.321586 0.770925 0.317181 0.766520 0.312775 0.766520 0.308370 0.762115 0.303965 0.762115 0.295154 0.770925 0.295154 0.775330 0.299559 0.779736 0.312775 0.779736 0.321586 0.770925 0.325991 0.770925 0.330396 0.766520 0.334802 0.770925 0.339207 0.770925 0.343612 0.766520 0.348018 0.766520
0 0.638767 0.748899 0.634361 0.753304 0.629956 0.748899 0.621145 0.757709 0.621145 0.770925 0.625551 0.775330 0.629956 0.775330 0.634361 0.779736 0.647577 0.766520 0.647577 0.757709
0 0.722467 0.735683 0.713656 0.744493 0.713656 0.748899 0.709251 0.753304 0.709251 0.757709 0.713656 0.762115 0.713656 0.775330 0.718062 0.779736 0.718062 0.788546 0.713656 0.792952 0.713656 0.801762 0.709251 0.806167 0.709251 0.828194 0.704846 0.832599 0.709251 0.837004 0.713656 0.837004 0.718062 0.832599 0.718062 0.819383 0.726872 0.810573 0.731278 0.810573 0.740088 0.801762 0.740088 0.792952 0.726872 0.779736 0.726872 0.757709 0.731278 0.753304 0.731278 0.744493
0 0.784141 0.722467 0.779736 0.726872 0.784141 0.731278 0.784141 0.740088 0.801762 0.757709 0.806167 0.753304 0.806167 0.744493 0.801762 0.740088 0.801762 0.731278 0.792952 0.722467
0 0.000000 0.726872 0.004405 0.726872 0.008811 0.731278 0.022026 0.731278 0.026432 0.726872 0.030837 0.726872 0.035242 0.731278 0.039648 0.731278 0.052863 0.744493 0.066079 0.744493 0.070485 0.740088 0.066079 0.735683 0.066079 0.731278 0.061674 0.726872 0.039648 0.726872 0.035242 0.722467 0.030837 0.722467 0.026432 0.718062 0.017621 0.718062 0.013216 0.722467 0.008811 0.722467 0.004405 0.726872
0 0.863436 0.709251 0.859031 0.709251 0.854626 0.713656 0.854626 0.726872 0.845815 0.735683 0.841410 0.735683 0.837004 0.740088 0.837004 0.753304 0.841410 0.757709 0.845815 0.753304 0.854626 0.753304 0.863436 0.744493 0.863436 0.740088 0.859031 0.735683 0.859031 0.726872 0.867841 0.718062 0.867841 0.713656
0 0.955947 0.696035 0.955947 0.704846 0.960352 0.709251 0.964758 0.709251 0.969163 0.704846 0.973568 0.704846 0.977974 0.700441 0.982379 0.700441 0.986784 0.696035 0.991189 0.700441 0.995595 0.700441 0.995595 0.687225 0.982379 0.687225 0.977974 0.691630 0.973568 0.687225 0.964758 0.687225
0 0.325991 0.674009 0.321586 0.674009 0.317181 0.678414 0.303965 0.678414 0.299559 0.682819 0.290749 0.682819 0.281938 0.691630 0.277533 0.691630 0.273128 0.696035 0.264317 0.696035 0.259912 0.691630 0.251101 0.700441 0.251101 0.704846 0.242291 0.713656 0.237885 0.713656 0.233480 0.718062 0.220264 0.718062 0.215859 0.722467 0.215859 0.731278 0.211454 0.735683 0.211454 0.744493 0.202643 0.753304 0.198238 0.753304 0.193833 0.757709 0.198238 0.762115 0.198238 0.766520 0.202643 0.770925 0.202643 0.779736 0.198238 0.784141 0.198238 0.792952 0.193833 0.797357 0.193833 0.806167 0.202643 0.814978 0.207048 0.814978 0.211454 0.810573 0.211454 0.801762 0.207048 0.797357 0.207048 0.784141 0.202643 0.779736 0.202643 0.770925 0.207048 0.766520 0.202643 0.762115 0.202643 0.753304 0.207048 0.748899 0.211454 0.748899 0.215859 0.744493 0.220264 0.748899 0.229075 0.748899 0.233480 0.744493 0.233480 0.740088 0.237885 0.735683 0.237885 0.731278 0.251101 0.718062 0.255507 0.718062 0.259912 0.713656 0.286344 0.713656 0.295154 0.704846 0.299559 0.704846 0.303965 0.700441 0.308370 0.700441 0.312775 0.696035 0.317181 0.696035 0.321586 0.691630 0.325991 0.691630 0.330396 0.687225 0.330396 0.682819 0.325991 0.678414
0 0.198238 0.651982 0.189427 0.660793 0.189427 0.669604 0.198238 0.678414 0.211454 0.678414 0.215859 0.674009 0.215859 0.660793 0.211454 0.656388 0.207048 0.656388 0.202643 0.651982
0 0.550661 0.625551 0.546256 0.629956 0.555066 0.638767 0.559471 0.634361 0.563877 0.634361 0.568282 0.638767 0.572687 0.638767 0.581498 0.647577 0.581498 0.651982 0.590308 0.660793 0.594714 0.660793 0.599119 0.665198 0.599119 0.687225 0.603524 0.691630 0.607930 0.691630 0.612335 0.687225 0.607930 0.682819 0.607930 0.674009 0.616740 0.665198 0.621145 0.665198 0.629956 0.656388 0.621145 0.647577 0.616740 0.651982 0.612335 0.651982 0.607930 0.647577 0.603524 0.647577 0.599119 0.643172 0.594714 0.643172 0.590308 0.638767 0.590308 0.634361 0.581498 0.625551 0.577093 0.625551 0.572687 0.629956 0.563877 0.629956 0.559471 0.625551
0 0.162996 0.621145 0.158590 0.625551 0.154185 0.625551 0.145374 0.634361 0.145374 0.643172 0.149780 0.647577 0.149780 0.656388 0.145374 0.660793 0.145374 0.682819 0.140969 0.687225 0.140969 0.696035 0.149780 0.704846 0.154185 0.704846 0.162996 0.696035 0.162996 0.682819 0.158590 0.678414 0.158590 0.665198 0.154185 0.660793 0.154185 0.651982 0.162996 0.643172 0.162996 0.638767 0.167401 0.634361 0.167401 0.625551
0 0.955947 0.634361 0.960352 0.638767 0.964758 0.638767 0.969163 0.634361 0.973568 0.634361 0.982379 0.625551 0.986784 0.625551 0.991189 0.621145 0.995595 0.621145 0.995595 0.607930 0.986784 0.607930 0.982379 0.612335 0.977974 0.607930 0.964758 0.607930 0.955947 0.616740
0 0.837004 0.616740 0.832599 0.616740 0.828194 0.612335 0.823789 0.612335 0.819383 0.607930 0.810573 0.607930 0.797357 0.621145 0.792952 0.621145 0.788546 0.625551 0.788546 0.638767 0.784141 0.643172 0.784141 0.651982 0.779736 0.656388 0.779736 0.669604 0.788546 0.678414 0.792952 0.678414 0.801762 0.669604 0.801762 0.634361 0.806167 0.629956 0.810573 0.629956 0.814978 0.625551 0.819383 0.629956 0.828194 0.629956 0.832599 0.634361 0.837004 0.634361 0.841410 0.629956 0.841410 0.621145
0 0.643172 0.603524 0.643172 0.612335 0.647577 0.616740 0.665198 0.616740 0.669604 0.612335 0.674009 0.612335 0.678414 0.616740 0.682819 0.616740 0.687225 0.621145 0.691630 0.616740 0.700441 0.616740 0.704846 0.621145 0.709251 0.621145 0.713656 0.625551 0.713656 0.634361 0.709251 0.638767 0.709251 0.643172 0.713656 0.647577 0.713656 0.651982 0.718062 0.656388 0.722467 0.656388 0.740088 0.638767 0.740088 0.629956 0.731278 0.621145 0.731278 0.616740 0.726872 0.621145 0.722467 0.621145 0.718062 0.625551 0.713656 0.621145 0.709251 0.621145 0.704846 0.616740 0.704846 0.607930 0.700441 0.603524 0.696035 0.603524 0.691630 0.599119 0.678414 0.599119 0.674009 0.603524 0.656388 0.603524 0.651982 0.599119 0.647577 0.599119
0 0.092511 0.590308 0.083700 0.581498 0.079295 0.581498 0.074890 0.585903 0.070485 0.585903 0.066079 0.590308 0.066079 0.594714 0.057269 0.603524 0.057269 0.607930 0.061674 0.612335 0.066079 0.612335 0.070485 0.607930 0.074890 0.607930 0.079295 0.603524 0.083700 0.603524 0.088106 0.599119 0.088106 0.594714
0 0.176211 0.559471 0.176211 0.572687 0.180617 0.577093 0.198238 0.577093 0.202643 0.572687 0.207048 0.572687 0.211454 0.577093 0.215859 0.577093 0.229075 0.590308 0.229075 0.607930 0.237885 0.616740 0.246696 0.616740 0.251101 0.612335 0.251101 0.599119 0.246696 0.594714 0.246696 0.581498 0.242291 0.577093 0.242291 0.572687 0.237885 0.568282 0.211454 0.568282 0.207048 0.563877 0.202643 0.563877 0.193833 0.555066 0.180617 0.555066
0 0.656388 0.533040 0.647577 0.541850 0.647577 0.555066 0.651982 0.559471 0.651982 0.563877 0.656388 0.568282 0.665198 0.568282 0.674009 0.559471 0.674009 0.550661 0.678414 0.546256 0.674009 0.541850 0.674009 0.537445 0.669604 0.533040
0 0.854626 0.506608 0.850220 0.511013 0.850220 0.519824 0.841410 0.528634 0.841410 0.533040 0.845815 0.537445 0.850220 0.537445 0.854626 0.541850 0.859031 0.541850 0.863436 0.546256 0.863436 0.555066 0.867841 0.559471 0.867841 0.581498 0.872247 0.585903 0.872247 0.590308 0.881057 0.599119 0.885463 0.594714 0.885463 0.568282 0.881057 0.563877 0.881057 0.555066 0.872247 0.546256 0.867841 0.546256 0.859031 0.537445 0.859031 0.511013
0 0.779736 0.493392 0.775330 0.497797 0.775330 0.502203 0.770925 0.506608 0.775330 0.511013 0.775330 0.515419 0.784141 0.524229 0.788546 0.524229 0.792952 0.528634 0.797357 0.528634 0.801762 0.524229 0.801762 0.511013 0.792952 0.502203 0.792952 0.497797 0.788546 0.493392
0 0.088106 0.506608 0.101322 0.519824 0.110132 0.519824 0.123348 0.506608 0.127753 0.506608 0.132159 0.502203 0.136564 0.506608 0.140969 0.506608 0.145374 0.511013 0.149780 0.506608 0.149780 0.502203 0.154185 0.497797 0.154185 0.493392 0.149780 0.488987 0.145374 0.488987 0.140969 0.493392 0.140969 0.497797 0.136564 0.502203 0.132159 0.502203 0.127753 0.506608 0.123348 0.502203 0.118943 0.502203 0.110132 0.493392 0.105727 0.493392 0.101322 0.488987 0.096916 0.493392 0.092511 0.493392 0.088106 0.497797
0 0.682819 0.484582 0.674009 0.493392 0.682819 0.502203 0.687225 0.502203 0.696035 0.511013 0.696035 0.524229 0.700441 0.528634 0.700441 0.533040 0.709251 0.541850 0.713656 0.541850 0.718062 0.537445 0.718062 0.528634 0.704846 0.515419 0.704846 0.502203 0.700441 0.497797 0.696035 0.497797
0 0.321586 0.466960 0.317181 0.475771 0.325991 0.502203 0.343612 0.519824 0.365639 0.524229 0.409692 0.563877 0.436123 0.550661 0.444934 0.555066 0.511013 0.647577 0.519824 0.669604 0.519824 0.722467 0.537445 0.744493 0.528634 0.762115 0.533040 0.784141 0.519824 0.792952 0.506608 0.784141 0.502203 0.757709 0.488987 0.744493 0.484582 0.700441 0.462555 0.651982 0.449339 0.643172 0.444934 0.603524 0.427313 0.585903 0.422908 0.590308 0.427313 0.638767 0.405286 0.651982 0.427313 0.665198 0.444934 0.696035 0.449339 0.744493 0.484582 0.784141 0.506608 0.850220 0.506608 0.894273 0.511013 0.898678 0.537445 0.885463 0.563877 0.911894 0.563877 0.929515 0.572687 0.938326 0.572687 0.995595 0.581498 0.995595 0.581498 0.982379 0.599119 0.973568 0.581498 0.955947 0.581498 0.933921 0.572687 0.925110 0.572687 0.903084 0.585903 0.894273 0.607930 0.920705 0.625551 0.907489 0.643172 0.911894 0.656388 0.933921 0.656388 0.964758 0.647577 0.969163 0.625551 0.955947 0.612335 0.973568 0.629956 0.995595 0.682819 0.995595 0.669604 0.977974 0.669604 0.947137 0.656388 0.911894 0.625551 0.885463 0.625551 0.872247 0.643172 0.854626 0.621145 0.832599 0.603524 0.850220 0.590308 0.841410 0.577093 0.806167 0.577093 0.766520 0.506608 0.621145 0.471366 0.581498 0.431718 0.515419 0.431718 0.537445 0.418502 0.546256 0.405286 0.546256 0.387665 0.533040 0.383260 0.537445 0.370044 0.528634 0.370044 0.511013 0.343612 0.502203 0.334802 0.493392 0.334802 0.475771
0 0.577093 0.462555 0.572687 0.458150 0.555066 0.458150 0.550661 0.462555 0.546256 0.462555 0.541850 0.466960 0.541850 0.475771 0.537445 0.480176 0.533040 0.480176 0.528634 0.484582 0.524229 0.484582 0.519824 0.488987 0.519824 0.493392 0.515419 0.497797 0.511013 0.497797 0.506608 0.502203 0.502203 0.497797 0.493392 0.497797 0.488987 0.502203 0.488987 0.506608 0.497797 0.515419 0.506608 0.515419 0.511013 0.511013 0.515419 0.515419 0.519824 0.511013 0.524229 0.511013 0.528634 0.506608 0.528634 0.502203 0.537445 0.493392 0.537445 0.484582 0.541850 0.480176 0.546256 0.480176 0.550661 0.475771 0.555066 0.480176 0.559471 0.480176 0.563877 0.475771 0.572687 0.475771 0.577093 0.471366
0 0.726872 0.427313 0.722467 0.422908 0.718062 0.427313 0.713656 0.427313 0.709251 0.431718 0.704846 0.427313 0.691630 0.427313 0.682819 0.436123 0.687225 0.440529 0.687225 0.444934 0.691630 0.449339 0.700441 0.449339 0.704846 0.453745 0.726872 0.431718
0 0.819383 0.418502 0.810573 0.427313 0.810573 0.436123 0.814978 0.440529 0.819383 0.440529 0.823789 0.444934 0.832599 0.444934 0.837004 0.449339 0.841410 0.449339 0.845815 0.453745 0.845815 0.462555 0.841410 0.466960 0.841410 0.480176 0.845815 0.484582 0.867841 0.462555 0.867841 0.453745 0.863436 0.449339 0.854626 0.449339 0.850220 0.444934 0.845815 0.444934 0.841410 0.440529 0.841410 0.436123 0.837004 0.431718 0.832599 0.431718
0 0.559471 0.405286 0.563877 0.409692 0.568282 0.405286 0.568282 0.400881 0.572687 0.396476 0.577093 0.396476 0.581498 0.392070 0.585903 0.396476 0.594714 0.396476 0.599119 0.400881 0.603524 0.400881 0.607930 0.405286 0.616740 0.405286 0.621145 0.400881 0.616740 0.396476 0.612335 0.396476 0.607930 0.392070 0.599119 0.392070 0.594714 0.387665 0.585903 0.387665 0.581498 0.383260 0.577093 0.387665 0.568282 0.387665 0.563877 0.392070 0.563877 0.400881
0 0.092511 0.387665 0.096916 0.392070 0.096916 0.396476 0.105727 0.405286 0.110132 0.405286 0.118943 0.414097 0.123348 0.414097 0.140969 0.431718 0.154185 0.431718 0.158590 0.427313 0.154185 0.422908 0.154185 0.418502 0.149780 0.414097 0.145374 0.414097 0.140969 0.409692 0.136564 0.409692 0.132159 0.405286 0.132159 0.400881 0.127753 0.396476 0.123348 0.396476 0.118943 0.392070 0.114537 0.392070 0.105727 0.383260 0.096916 0.383260
0 0.493392 0.356828 0.488987 0.361233 0.488987 0.365639 0.502203 0.378855 0.502203 0.400881 0.511013 0.409692 0.511013 0.422908 0.502203 0.431718 0.502203 0.444934 0.506608 0.449339 0.511013 0.444934 0.515419 0.444934 0.519824 0.440529 0.519824 0.436123 0.515419 0.431718 0.515419 0.418502 0.519824 0.414097 0.524229 0.414097 0.533040 0.405286 0.519824 0.392070 0.519824 0.374449 0.502203 0.356828
0 0.392070 0.339207 0.400881 0.348018 0.414097 0.348018 0.427313 0.334802 0.431718 0.334802 0.431718 0.330396 0.427313 0.330396 0.422908 0.325991 0.405286 0.325991 0.400881 0.330396 0.396476 0.330396 0.392070 0.334802
0 0.731278 0.295154 0.726872 0.299559 0.726872 0.303965 0.735683 0.312775 0.735683 0.321586 0.744493 0.330396 0.748899 0.330396 0.757709 0.339207 0.762115 0.334802 0.757709 0.330396 0.757709 0.312775 0.748899 0.303965 0.744493 0.303965 0.735683 0.295154
0 0.321586 0.295154 0.317181 0.295154 0.312775 0.299559 0.308370 0.299559 0.303965 0.303965 0.290749 0.303965 0.286344 0.308370 0.286344 0.321586 0.295154 0.330396 0.299559 0.330396 0.303965 0.325991 0.308370 0.325991 0.312775 0.321586 0.312775 0.317181 0.317181 0.312775 0.317181 0.308370 0.325991 0.299559
0 0.969163 0.264317 0.955947 0.277533 0.960352 0.281938 0.960352 0.286344 0.969163 0.295154 0.977974 0.295154 0.982379 0.290749 0.982379 0.281938 0.977974 0.277533 0.977974 0.268722 0.973568 0.264317
0 0.506608 0.268722 0.506608 0.273128 0.511013 0.277533 0.519824 0.277533 0.524229 0.273128 0.528634 0.277533 0.533040 0.277533 0.541850 0.286344 0.541850 0.295154 0.546256 0.299559 0.555066 0.299559 0.559471 0.295154 0.559471 0.281938 0.555066 0.277533 0.555066 0.273128 0.546256 0.264317 0.537445 0.264317 0.533040 0.268722 0.524229 0.268722 0.519824 0.264317 0.511013 0.264317
0 0.669604 0.242291 0.656388 0.255507 0.651982 0.255507 0.647577 0.259912 0.647577 0.264317 0.651982 0.268722 0.656388 0.268722 0.660793 0.273128 0.660793 0.281938 0.647577 0.295154 0.651982 0.299559 0.669604 0.299559 0.674009 0.295154 0.674009 0.277533 0.669604 0.273128 0.669604 0.251101 0.674009 0.246696
0 0.845815 0.229075 0.845815 0.237885 0.850220 0.242291 0.859031 0.242291 0.863436 0.246696 0.867841 0.246696 0.872247 0.251101 0.872247 0.259912 0.876652 0.264317 0.898678 0.264317 0.903084 0.268722 0.911894 0.259912 0.907489 0.255507 0.903084 0.259912 0.898678 0.255507 0.894273 0.255507 0.889868 0.251101 0.889868 0.246696 0.881057 0.237885 0.876652 0.237885 0.863436 0.224670 0.850220 0.224670
0 0.242291 0.220264 0.246696 0.224670 0.251101 0.224670 0.259912 0.233480 0.259912 0.246696 0.264317 0.251101 0.277533 0.251101 0.281938 0.246696 0.286344 0.246696 0.290749 0.242291 0.299559 0.242291 0.303965 0.246696 0.308370 0.242291 0.312775 0.242291 0.317181 0.237885 0.317181 0.229075 0.312775 0.224670 0.299559 0.224670 0.290749 0.233480 0.286344 0.233480 0.281938 0.237885 0.277533 0.233480 0.273128 0.233480 0.251101 0.211454
0 0.427313 0.198238 0.422908 0.198238 0.418502 0.193833 0.409692 0.193833 0.405286 0.198238 0.405286 0.211454 0.400881 0.215859 0.400881 0.224670 0.396476 0.229075 0.396476 0.233480 0.387665 0.242291 0.383260 0.242291 0.374449 0.251101 0.374449 0.259912 0.378855 0.264317 0.387665 0.264317 0.392070 0.268722 0.396476 0.264317 0.396476 0.259912 0.400881 0.255507 0.400881 0.251101 0.418502 0.233480 0.414097 0.229075 0.414097 0.211454 0.422908 0.202643 0.427313 0.202643
0 0.541850 0.185022 0.555066 0.198238 0.572687 0.198238 0.577093 0.202643 0.581498 0.202643 0.585903 0.207048 0.590308 0.207048 0.594714 0.211454 0.599119 0.207048 0.603524 0.207048 0.607930 0.202643 0.616740 0.202643 0.621145 0.207048 0.629956 0.207048 0.634361 0.202643 0.634361 0.198238 0.625551 0.189427 0.621145 0.189427 0.616740 0.193833 0.607930 0.193833 0.603524 0.189427 0.599119 0.189427 0.594714 0.185022 0.590308 0.189427 0.585903 0.189427 0.581498 0.193833 0.577093 0.189427 0.572687 0.189427 0.563877 0.180617 0.559471 0.180617 0.555066 0.176211 0.550661 0.176211
0 0.449339 0.145374 0.444934 0.149780 0.444934 0.158590 0.458150 0.171806 0.462555 0.171806 0.466960 0.167401 0.466960 0.162996 0.471366 0.158590 0.471366 0.154185 0.462555 0.145374
0 0.215859 0.118943 0.211454 0.123348 0.211454 0.132159 0.189427 0.154185 0.189427 0.162996 0.198238 0.171806 0.202643 0.171806 0.211454 0.162996 0.211454 0.158590 0.215859 0.154185 0.215859 0.149780 0.220264 0.145374 0.220264 0.140969 0.215859 0.136564 0.215859 0.127753 0.220264 0.123348
0 0.643172 0.123348 0.643172 0.132159 0.647577 0.136564 0.651982 0.136564 0.656388 0.140969 0.660793 0.136564 0.678414 0.136564 0.682819 0.132159 0.687225 0.136564 0.691630 0.136564 0.709251 0.154185 0.713656 0.149780 0.713656 0.136564 0.704846 0.127753 0.700441 0.132159 0.696035 0.132159 0.691630 0.136564 0.687225 0.132159 0.682819 0.132159 0.669604 0.118943 0.665198 0.118943 0.660793 0.114537 0.656388 0.118943 0.647577 0.118943
0 0.898678 0.083700 0.894273 0.088106 0.894273 0.101322 0.903084 0.110132 0.911894 0.110132 0.916300 0.105727 0.916300 0.092511 0.907489 0.083700
0 0.370044 0.083700 0.365639 0.083700 0.361233 0.088106 0.361233 0.132159 0.352423 0.140969 0.352423 0.145374 0.356828 0.149780 0.361233 0.145374 0.365639 0.149780 0.374449 0.140969 0.378855 0.140969 0.383260 0.136564 0.383260 0.105727 0.378855 0.101322 0.378855 0.092511
0 0.819383 0.074890 0.810573 0.083700 0.806167 0.083700 0.801762 0.088106 0.797357 0.088106 0.784141 0.101322 0.784141 0.105727 0.779736 0.110132 0.779736 0.132159 0.775330 0.136564 0.775330 0.162996 0.770925 0.167401 0.775330 0.171806 0.779736 0.167401 0.784141 0.167401 0.792952 0.158590 0.792952 0.145374 0.797357 0.140969 0.797357 0.118943 0.801762 0.114537 0.801762 0.110132 0.806167 0.105727 0.806167 0.101322 0.810573 0.096916 0.814978 0.096916 0.823789 0.088106 0.823789 0.079295
0 0.114537 0.048458 0.105727 0.057269 0.105727 0.061674 0.132159 0.088106 0.132159 0.096916 0.140969 0.105727 0.149780 0.096916 0.149780 0.083700 0.140969 0.074890 0.136564 0.074890 0.127753 0.066079 0.127753 0.057269 0.118943 0.048458
0 0.453745 0.039648 0.449339 0.044053 0.449339 0.048458 0.453745 0.052863 0.453745 0.079295 0.462555 0.088106 0.471366 0.079295 0.471366 0.070485 0.466960 0.066079 0.466960 0.044053 0.462555 0.044053 0.458150 0.039648
0 0.911894 0.000000 0.911894 0.017621 0.916300 0.022026 0.920705 0.022026 0.929515 0.030837 0.929515 0.035242 0.933921 0.035242 0.938326 0.030837 0.938326 0.008811 0.933921 0.004405 0.933921 0.000000
0 0.797357 0.000000 0.779736 0.000000 0.779736 0.008811 0.770925 0.017621 0.766520 0.017621 0.753304 0.030837 0.753304 0.039648 0.762115 0.048458 0.766520 0.048458 0.779736 0.035242 0.779736 0.026432 0.784141 0.022026 0.784141 0.017621 0.797357 0.004405
0 0.665198 0.000000 0.669604 0.004405 0.669604 0.008811 0.674009 0.013216 0.674009 0.026432 0.665198 0.035242 0.665198 0.044053 0.660793 0.048458 0.665198 0.052863 0.665198 0.057269 0.669604 0.061674 0.687225 0.061674 0.691630 0.057269 0.691630 0.044053 0.674009 0.026432 0.674009 0.013216 0.682819 0.004405 0.682819 0.000000
0 0.480176 0.000000 0.480176 0.008811 0.484582 0.013216 0.484582 0.044053 0.488987 0.044053 0.493392 0.048458 0.493392 0.052863 0.497797 0.057269 0.497797 0.061674 0.502203 0.066079 0.506608 0.061674 0.506608 0.057269 0.502203 0.052863 0.502203 0.039648 0.506608 0.035242 0.506608 0.030837 0.511013 0.026432 0.506608 0.026432 0.502203 0.022026 0.502203 0.000000
0 0.207048 0.000000 0.207048 0.004405 0.215859 0.013216 0.215859 0.017621 0.220264 0.022026 0.220264 0.026432 0.224670 0.030837 0.229075 0.030837 0.233480 0.035242 0.246696 0.022026 0.237885 0.013216 0.233480 0.013216 0.229075 0.008811 0.229075 0.000000
0 0.000000 0.000000 0.000000 0.066079 0.022026 0.083700 0.030837 0.110132 0.013216 0.127753 0.035242 0.145374 0.039648 0.162996 0.079295 0.180617 0.074890 0.193833 0.079295 0.246696 0.092511 0.255507 0.110132 0.246696 0.118943 0.251101 0.149780 0.317181 0.185022 0.334802 0.198238 0.348018 0.215859 0.343612 0.224670 0.348018 0.295154 0.440529 0.308370 0.431718 0.295154 0.400881 0.308370 0.392070 0.312775 0.396476 0.334802 0.392070 0.356828 0.400881 0.396476 0.449339 0.396476 0.462555 0.427313 0.484582 0.431718 0.475771 0.405286 0.458150 0.405286 0.444934 0.392070 0.431718 0.387665 0.409692 0.400881 0.400881 0.405286 0.383260 0.418502 0.374449 0.462555 0.405286 0.475771 0.392070 0.466960 0.370044 0.458150 0.361233 0.444934 0.365639 0.431718 0.361233 0.414097 0.374449 0.392070 0.370044 0.383260 0.387665 0.370044 0.396476 0.348018 0.378855 0.321586 0.387665 0.299559 0.374449 0.255507 0.330396 0.242291 0.330396 0.224670 0.317181 0.207048 0.321586 0.193833 0.317181 0.167401 0.290749 0.167401 0.281938 0.180617 0.273128 0.202643 0.286344 0.211454 0.277533 0.198238 0.264317 0.180617 0.268722 0.162996 0.264317 0.110132 0.224670 0.088106 0.171806 0.088106 0.149780 0.044053 0.110132 0.026432 0.079295 0.035242 0.039648 0.017621 0.017621 0.017621 0.000000
