0 0.933921 0.911894 0.929515 0.911894 0.920705 0.920705 0.920705 0.933921 0.916300 0.938326 0.916300 0.942731 0.911894 0.947137 0.911894 0.955947 0.916300 0.960352 0.929515 0.960352 0.933921 0.955947 0.933921 0.947137 0.938326 0.942731 0.938326 0.938326 0.942731 0.933921 0.942731 0.920705
0 0.850220 0.911894 0.837004 0.925110 0.837004 0.929515 0.832599 0.933921 0.832599 0.951542 0.828194 0.955947 0.828194 0.960352 0.841410 0.973568 0.841410 0.995595 0.859031 0.995595 0.859031 0.986784 0.850220 0.977974 0.850220 0.929515 0.854626 0.925110 0.854626 0.916300
0 0.599119 0.911894 0.594714 0.916300 0.594714 0.938326 0.599119 0.942731 0.599119 0.947137 0.603524 0.951542 0.607930 0.951542 0.616740 0.942731 0.616740 0.938326 0.612335 0.933921 0.612335 0.925110 0.603524 0.916300 0.603524 0.911894
0 0.515419 0.898678 0.511013 0.903084 0.515419 0.907489 0.515419 0.911894 0.533040 0.929515 0.533040 0.955947 0.524229 0.964758 0.528634 0.969163 0.533040 0.964758 0.537445 0.964758 0.541850 0.960352 0.541850 0.955947 0.546256 0.951542 0.546256 0.925110 0.537445 0.916300 0.537445 0.911894 0.528634 0.903084 0.524229 0.903084 0.519824 0.898678
0 0.070485 0.872247 0.066079 0.872247 0.061674 0.876652 0.061674 0.881057 0.052863 0.889868 0.048458 0.889868 0.044053 0.894273 0.048458 0.898678 0.048458 0.920705 0.044053 0.925110 0.039648 0.925110 0.035242 0.929515 0.030837 0.925110 0.026432 0.925110 0.022026 0.929515 0.017621 0.925110 0.013216 0.929515 0.013216 0.942731 0.022026 0.951542 0.035242 0.938326 0.035242 0.929515 0.039648 0.925110 0.044053 0.925110 0.048458 0.920705 0.052863 0.925110 0.057269 0.925110 0.061674 0.920705 0.061674 0.911894 0.066079 0.907489 0.066079 0.903084 0.070485 0.898678 0.070485 0.889868 0.074890 0.885463 0.074890 0.876652
0 0.585903 0.859031 0.577093 0.867841 0.577093 0.872247 0.585903 0.881057 0.590308 0.881057 0.594714 0.885463 0.599119 0.885463 0.607930 0.894273 0.607930 0.903084 0.612335 0.903084 0.616740 0.898678 0.616740 0.894273 0.621145 0.889868 0.616740 0.885463 0.612335 0.885463 0.603524 0.876652 0.603524 0.872247 0.590308 0.859031
0 0.788546 0.823789 0.788546 0.828194 0.810573 0.850220 0.810573 0.854626 0.819383 0.863436 0.828194 0.863436 0.832599 0.867841 0.841410 0.867841 0.850220 0.859031 0.841410 0.850220 0.837004 0.850220 0.832599 0.845815 0.828194 0.845815 0.810573 0.828194 0.810573 0.823789 0.806167 0.819383 0.792952 0.819383
0 0.387665 0.814978 0.383260 0.819383 0.400881 0.837004 0.400881 0.872247 0.378855 0.894273 0.378855 0.907489 0.374449 0.911894 0.374449 0.916300 0.370044 0.920705 0.378855 0.929515 0.383260 0.929515 0.392070 0.938326 0.396476 0.938326 0.400881 0.933921 0.400881 0.925110 0.392070 0.916300 0.392070 0.898678 0.396476 0.894273 0.396476 0.885463 0.400881 0.881057 0.400881 0.876652 0.418502 0.859031 0.418502 0.854626 0.414097 0.850220 0.414097 0.845815 0.405286 0.837004 0.405286 0.832599
0 0.136564 0.810573 0.127753 0.810573 0.123348 0.814978 0.123348 0.823789 0.127753 0.828194 0.127753 0.845815 0.123348 0.850220 0.123348 0.859031 0.132159 0.867841 0.136564 0.863436 0.140969 0.863436 0.145374 0.859031 0.145374 0.850220 0.140969 0.845815 0.140969 0.837004 0.145374 0.832599 0.145374 0.819383
0 0.625551 0.801762 0.621145 0.806167 0.629956 0.814978 0.634361 0.814978 0.638767 0.819383 0.643172 0.819383 0.647577 0.823789 0.647577 0.828194 0.651982 0.832599 0.651982 0.841410 0.647577 0.845815 0.647577 0.859031 0.651982 0.863436 0.651982 0.867841 0.656388 0.872247 0.660793 0.867841 0.665198 0.867841 0.669604 0.863436 0.669604 0.850220 0.660793 0.841410 0.660793 0.819383 0.647577 0.806167 0.643172 0.806167 0.638767 0.801762 0.634361 0.806167 0.629956 0.801762
0 0.180617 0.801762 0.176211 0.806167 0.176211 0.814978 0.171806 0.819383 0.171806 0.832599 0.176211 0.837004 0.176211 0.859031 0.185022 0.867841 0.185022 0.872247 0.189427 0.876652 0.193833 0.872247 0.193833 0.854626 0.189427 0.850220 0.189427 0.828194 0.185022 0.823789 0.185022 0.810573 0.189427 0.806167 0.185022 0.801762
0 0.444934 0.770925 0.440529 0.775330 0.444934 0.779736 0.444934 0.784141 0.449339 0.788546 0.453745 0.788546 0.458150 0.792952 0.458150 0.814978 0.462555 0.819383 0.462555 0.823789 0.466960 0.828194 0.466960 0.832599 0.484582 0.850220 0.488987 0.845815 0.488987 0.841410 0.484582 0.837004 0.484582 0.828194 0.480176 0.823789 0.480176 0.814978 0.475771 0.810573 0.475771 0.792952 0.471366 0.788546 0.466960 0.788546 0.462555 0.784141 0.462555 0.779736 0.453745 0.770925
0 0.762115 0.762115 0.753304 0.770925 0.753304 0.775330 0.748899 0.779736 0.753304 0.784141 0.753304 0.792952 0.762115 0.801762 0.766520 0.801762 0.770925 0.797357 0.770925 0.792952 0.775330 0.788546 0.775330 0.779736 0.770925 0.775330 0.770925 0.770925
0 0.026432 0.766520 0.030837 0.770925 0.035242 0.766520 0.039648 0.766520 0.044053 0.770925 0.048458 0.770925 0.074890 0.797357 0.074890 0.806167 0.079295 0.810573 0.083700 0.806167 0.079295 0.801762 0.079295 0.792952 0.070485 0.784141 0.070485 0.775330 0.057269 0.762115 0.052863 0.766520 0.048458 0.766520 0.044053 0.770925 0.039648 0.766520 0.035242 0.766520 0.030837 0.762115
0 0.621145 0.748899 0.612335 0.748899 0.607930 0.753304 0.607930 0.757709 0.599119 0.766520 0.599119 0.770925 0.603524 0.775330 0.621145 0.775330 0.625551 0.770925 0.625551 0.753304
0 0.916300 0.757709 0.920705 0.762115 0.920705 0.766520 0.925110 0.770925 0.942731 0.753304 0.947137 0.753304 0.951542 0.748899 0.955947 0.748899 0.960352 0.744493 0.955947 0.740088 0.951542 0.744493 0.947137 0.740088 0.925110 0.740088 0.920705 0.744493 0.920705 0.748899 0.916300 0.753304
0 0.255507 0.643172 0.255507 0.651982 0.259912 0.656388 0.295154 0.656388 0.299559 0.651982 0.299559 0.647577 0.295154 0.643172 0.273128 0.643172 0.268722 0.638767 0.259912 0.638767
0 0.136564 0.638767 0.145374 0.647577 0.145374 0.651982 0.154185 0.660793 0.154185 0.674009 0.149780 0.678414 0.145374 0.678414 0.140969 0.682819 0.132159 0.682819 0.127753 0.678414 0.123348 0.682819 0.132159 0.691630 0.136564 0.687225 0.140969 0.691630 0.145374 0.687225 0.149780 0.687225 0.154185 0.682819 0.158590 0.687225 0.162996 0.687225 0.167401 0.682819 0.171806 0.687225 0.176211 0.687225 0.180617 0.691630 0.180617 0.700441 0.189427 0.709251 0.193833 0.709251 0.198238 0.713656 0.202643 0.713656 0.207048 0.709251 0.211454 0.709251 0.215859 0.704846 0.220264 0.709251 0.224670 0.709251 0.229075 0.713656 0.246696 0.713656 0.251101 0.709251 0.251101 0.700441 0.242291 0.691630 0.229075 0.704846 0.224670 0.704846 0.220264 0.709251 0.215859 0.704846 0.211454 0.704846 0.202643 0.696035 0.202643 0.691630 0.198238 0.687225 0.189427 0.687225 0.185022 0.691630 0.180617 0.691630 0.176211 0.687225 0.171806 0.687225 0.167401 0.682819 0.167401 0.678414 0.162996 0.674009 0.162996 0.669604 0.158590 0.665198 0.158590 0.643172 0.149780 0.634361 0.140969 0.634361
0 0.541850 0.629956 0.537445 0.634361 0.537445 0.647577 0.541850 0.651982 0.541850 0.656388 0.559471 0.674009 0.568282 0.665198 0.563877 0.660793 0.563877 0.647577 0.555066 0.638767 0.550661 0.638767
0 0.000000 0.625551 0.000000 0.647577 0.004405 0.647577 0.008811 0.651982 0.013216 0.651982 0.017621 0.656388 0.022026 0.656388 0.030837 0.665198 0.048458 0.665198 0.052863 0.660793 0.052863 0.656388 0.044053 0.647577 0.039648 0.651982 0.035242 0.647577 0.030837 0.647577 0.008811 0.625551
0 0.744493 0.577093 0.735683 0.585903 0.740088 0.590308 0.744493 0.590308 0.748899 0.594714 0.748899 0.603524 0.753304 0.607930 0.753304 0.616740 0.748899 0.621145 0.748899 0.634361 0.753304 0.638767 0.753304 0.669604 0.757709 0.674009 0.757709 0.687225 0.753304 0.691630 0.757709 0.696035 0.762115 0.691630 0.757709 0.687225 0.757709 0.678414 0.775330 0.660793 0.775330 0.656388 0.770925 0.651982 0.770925 0.616740 0.766520 0.612335 0.766520 0.607930 0.757709 0.599119 0.757709 0.585903 0.753304 0.581498 0.748899 0.581498
0 0.691630 0.559471 0.682819 0.550661 0.678414 0.550661 0.669604 0.541850 0.669604 0.537445 0.665198 0.533040 0.660793 0.533040 0.656388 0.537445 0.656388 0.550661 0.651982 0.555066 0.647577 0.555066 0.643172 0.559471 0.638767 0.559471 0.634361 0.555066 0.616740 0.555066 0.612335 0.559471 0.612335 0.563877 0.603524 0.572687 0.603524 0.590308 0.599119 0.594714 0.599119 0.616740 0.594714 0.621145 0.590308 0.621145 0.585903 0.625551 0.590308 0.629956 0.594714 0.625551 0.599119 0.629956 0.603524 0.625551 0.603524 0.612335 0.607930 0.607930 0.612335 0.607930 0.621145 0.599119 0.621145 0.581498 0.625551 0.577093 0.629956 0.577093 0.643172 0.563877 0.647577 0.563877 0.651982 0.559471 0.656388 0.563877 0.660793 0.563877 0.674009 0.577093 0.682819 0.577093 0.687225 0.581498 0.696035 0.581498 0.700441 0.577093 0.696035 0.572687 0.696035 0.568282 0.691630 0.563877
0 0.722467 0.506608 0.713656 0.515419 0.713656 0.524229 0.709251 0.528634 0.709251 0.541850 0.718062 0.550661 0.726872 0.541850 0.726872 0.511013
0 0.264317 0.493392 0.259912 0.488987 0.255507 0.488987 0.251101 0.493392 0.246696 0.493392 0.242291 0.497797 0.233480 0.497797 0.229075 0.493392 0.224670 0.493392 0.215859 0.502203 0.215859 0.515419 0.211454 0.519824 0.207048 0.519824 0.198238 0.528634 0.198238 0.537445 0.202643 0.541850 0.207048 0.537445 0.211454 0.537445 0.215859 0.533040 0.215859 0.515419 0.220264 0.511013 0.224670 0.511013 0.229075 0.506608 0.233480 0.506608 0.237885 0.502203 0.251101 0.502203 0.255507 0.497797 0.259912 0.502203 0.264317 0.497797
0 0.837004 0.466960 0.832599 0.471366 0.832599 0.480176 0.837004 0.484582 0.837004 0.488987 0.845815 0.497797 0.850220 0.497797 0.859031 0.506608 0.863436 0.506608 0.867841 0.502203 0.863436 0.497797 0.863436 0.488987 0.859031 0.484582 0.859031 0.475771 0.850220 0.466960
0 0.533040 0.453745 0.533040 0.462555 0.559471 0.488987 0.563877 0.488987 0.568282 0.493392 0.568282 0.497797 0.577093 0.506608 0.581498 0.506608 0.585903 0.502203 0.594714 0.502203 0.599119 0.506608 0.603524 0.506608 0.612335 0.515419 0.621145 0.515419 0.625551 0.511013 0.625551 0.497797 0.616740 0.488987 0.599119 0.488987 0.594714 0.493392 0.585903 0.493392 0.581498 0.488987 0.577093 0.488987 0.563877 0.475771 0.563877 0.466960 0.559471 0.462555 0.559471 0.458150 0.550661 0.449339 0.537445 0.449339
0 0.079295 0.444934 0.070485 0.453745 0.070485 0.458150 0.066079 0.462555 0.066079 0.497797 0.070485 0.502203 0.079295 0.502203 0.088106 0.493392 0.088106 0.458150 0.092511 0.453745 0.088106 0.449339 0.083700 0.449339
0 0.118943 0.444934 0.118943 0.449339 0.127753 0.458150 0.140969 0.458150 0.145374 0.453745 0.149780 0.458150 0.158590 0.458150 0.162996 0.453745 0.167401 0.453745 0.154185 0.440529 0.149780 0.444934 0.145374 0.440529 0.136564 0.440529 0.132159 0.436123 0.127753 0.436123
0 0.863436 0.422908 0.850220 0.436123 0.850220 0.440529 0.854626 0.444934 0.863436 0.444934 0.867841 0.440529 0.872247 0.440529 0.876652 0.444934 0.881057 0.444934 0.894273 0.458150 0.898678 0.458150 0.903084 0.462555 0.907489 0.462555 0.916300 0.471366 0.916300 0.480176 0.903084 0.493392 0.903084 0.502203 0.916300 0.515419 0.916300 0.519824 0.929515 0.533040 0.938326 0.533040 0.942731 0.528634 0.942731 0.524229 0.925110 0.506608 0.925110 0.497797 0.920705 0.493392 0.920705 0.488987 0.916300 0.484582 0.916300 0.471366 0.920705 0.466960 0.920705 0.458150 0.903084 0.440529 0.898678 0.440529 0.894273 0.436123 0.889868 0.436123 0.885463 0.440529 0.881057 0.440529 0.876652 0.436123 0.872247 0.436123 0.867841 0.431718 0.867841 0.427313
0 0.709251 0.396476 0.713656 0.396476 0.731278 0.414097 0.731278 0.418502 0.744493 0.431718 0.753304 0.422908 0.753304 0.418502 0.740088 0.405286 0.735683 0.405286 0.722467 0.392070 0.718062 0.392070 0.713656 0.396476
0 0.299559 0.392070 0.295154 0.396476 0.295154 0.405286 0.303965 0.414097 0.303965 0.427313 0.308370 0.431718 0.312775 0.431718 0.317181 0.436123 0.321586 0.436123 0.325991 0.440529 0.334802 0.440529 0.339207 0.436123 0.339207 0.431718 0.325991 0.418502 0.321586 0.418502 0.312775 0.409692 0.312775 0.400881 0.308370 0.396476 0.303965 0.396476
0 0.797357 0.374449 0.788546 0.383260 0.788546 0.392070 0.792952 0.396476 0.801762 0.396476 0.806167 0.400881 0.810573 0.400881 0.814978 0.405286 0.814978 0.409692 0.819383 0.414097 0.819383 0.427313 0.814978 0.431718 0.819383 0.436123 0.823789 0.431718 0.819383 0.427313 0.819383 0.414097 0.823789 0.409692 0.823789 0.400881
0 0.189427 0.365639 0.180617 0.365639 0.176211 0.370044 0.176211 0.392070 0.180617 0.396476 0.180617 0.409692 0.176211 0.414097 0.176211 0.418502 0.180617 0.422908 0.189427 0.414097 0.189427 0.400881 0.193833 0.396476 0.193833 0.370044
0 0.453745 0.295154 0.449339 0.409692 0.436123 0.427313 0.436123 0.444934 0.422908 0.453745 0.409692 0.449339 0.400881 0.431718 0.387665 0.312775 0.374449 0.295154 0.365639 0.299559 0.374449 0.356828 0.370044 0.392070 0.409692 0.528634 0.409692 0.559471 0.383260 0.581498 0.400881 0.581498 0.418502 0.599119 0.409692 0.616740 0.387665 0.621145 0.387665 0.634361 0.409692 0.656388 0.414097 0.674009 0.392070 0.713656 0.370044 0.726872 0.352423 0.766520 0.325991 0.775330 0.255507 0.854626 0.233480 0.863436 0.198238 0.920705 0.180617 0.929515 0.162996 0.916300 0.140969 0.933921 0.162996 0.933921 0.176211 0.942731 0.162996 0.969163 0.185022 0.986784 0.185022 0.995595 0.207048 0.995595 0.229075 0.973568 0.264317 0.964758 0.321586 0.907489 0.330396 0.885463 0.352423 0.863436 0.361233 0.841410 0.352423 0.823789 0.365639 0.814978 0.370044 0.788546 0.383260 0.779736 0.387665 0.757709 0.422908 0.709251 0.422908 0.656388 0.409692 0.621145 0.427313 0.607930 0.427313 0.590308 0.444934 0.563877 0.449339 0.519824 0.462555 0.511013 0.475771 0.519824 0.484582 0.515419 0.480176 0.497797 0.458150 0.515419 0.444934 0.506608 0.440529 0.449339 0.444934 0.427313 0.458150 0.409692 0.462555 0.325991
0 0.502203 0.273128 0.502203 0.286344 0.519824 0.303965 0.519824 0.308370 0.524229 0.312775 0.528634 0.308370 0.528634 0.295154 0.533040 0.290749 0.537445 0.290749 0.541850 0.286344 0.546256 0.286344 0.550661 0.290749 0.559471 0.290749 0.563877 0.286344 0.563877 0.281938 0.559471 0.277533 0.559471 0.273128 0.555066 0.268722 0.546256 0.277533 0.546256 0.281938 0.541850 0.286344 0.537445 0.286344 0.533040 0.290749 0.528634 0.286344 0.524229 0.286344 0.519824 0.281938 0.515419 0.281938 0.511013 0.277533 0.511013 0.273128 0.506608 0.268722
0 0.185022 0.237885 0.176211 0.246696 0.176211 0.251101 0.171806 0.255507 0.171806 0.273128 0.176211 0.277533 0.176211 0.290749 0.171806 0.295154 0.167401 0.295154 0.154185 0.308370 0.154185 0.330396 0.162996 0.339207 0.167401 0.339207 0.171806 0.334802 0.171806 0.312775 0.180617 0.303965 0.180617 0.299559 0.193833 0.286344 0.193833 0.281938 0.198238 0.277533 0.198238 0.268722 0.193833 0.264317 0.193833 0.251101 0.189427 0.246696 0.189427 0.242291
0 0.894273 0.237885 0.889868 0.237885 0.885463 0.233480 0.881057 0.233480 0.876652 0.237885 0.876652 0.242291 0.867841 0.251101 0.863436 0.251101 0.859031 0.255507 0.832599 0.255507 0.828194 0.251101 0.823789 0.255507 0.828194 0.259912 0.832599 0.259912 0.841410 0.268722 0.841410 0.273128 0.850220 0.281938 0.854626 0.277533 0.863436 0.277533 0.867841 0.273128 0.872247 0.273128 0.876652 0.268722 0.881057 0.268722 0.889868 0.259912 0.889868 0.251101 0.894273 0.246696
0 0.757709 0.237885 0.753304 0.237885 0.748899 0.233480 0.744493 0.233480 0.740088 0.237885 0.740088 0.242291 0.735683 0.246696 0.735683 0.251101 0.726872 0.259912 0.735683 0.268722 0.740088 0.268722 0.744493 0.264317 0.748899 0.264317 0.762115 0.251101 0.762115 0.242291
0 0.647577 0.189427 0.643172 0.189427 0.638767 0.193833 0.638767 0.220264 0.634361 0.224670 0.634361 0.229075 0.625551 0.237885 0.629956 0.242291 0.634361 0.242291 0.638767 0.246696 0.647577 0.237885 0.647577 0.215859 0.656388 0.207048 0.656388 0.198238
0 0.083700 0.189427 0.079295 0.193833 0.079295 0.198238 0.074890 0.202643 0.083700 0.211454 0.083700 0.229075 0.088106 0.233480 0.088106 0.242291 0.083700 0.246696 0.083700 0.251101 0.088106 0.255507 0.092511 0.251101 0.092511 0.242291 0.101322 0.233480 0.101322 0.224670 0.088106 0.211454 0.088106 0.193833
0 0.127753 0.171806 0.132159 0.176211 0.136564 0.176211 0.140969 0.180617 0.145374 0.180617 0.158590 0.193833 0.158590 0.202643 0.167401 0.211454 0.171806 0.211454 0.180617 0.220264 0.189427 0.211454 0.189427 0.207048 0.193833 0.202643 0.198238 0.202643 0.193833 0.202643 0.176211 0.185022 0.171806 0.185022 0.149780 0.162996 0.136564 0.162996
0 0.832599 0.140969 0.823789 0.149780 0.823789 0.171806 0.837004 0.185022 0.837004 0.189427 0.841410 0.193833 0.841410 0.198238 0.845815 0.202643 0.859031 0.202643 0.863436 0.207048 0.867841 0.202643 0.867841 0.193833 0.863436 0.189427 0.863436 0.185022 0.854626 0.176211 0.850220 0.176211 0.841410 0.167401 0.841410 0.158590 0.837004 0.154185 0.837004 0.145374
0 0.246696 0.136564 0.242291 0.140969 0.242291 0.158590 0.246696 0.162996 0.246696 0.171806 0.242291 0.176211 0.242291 0.180617 0.233480 0.189427 0.229075 0.189427 0.224670 0.193833 0.220264 0.193833 0.211454 0.202643 0.207048 0.202643 0.211454 0.202643 0.215859 0.207048 0.233480 0.207048 0.242291 0.198238 0.242291 0.193833 0.255507 0.180617 0.255507 0.176211 0.251101 0.171806 0.251101 0.140969
0 0.528634 0.140969 0.528634 0.154185 0.533040 0.158590 0.533040 0.171806 0.537445 0.176211 0.546256 0.176211 0.555066 0.167401 0.559471 0.167401 0.563877 0.162996 0.568282 0.167401 0.572687 0.167401 0.577093 0.171806 0.581498 0.171806 0.585903 0.167401 0.585903 0.162996 0.590308 0.158590 0.590308 0.149780 0.581498 0.140969 0.577093 0.145374 0.577093 0.149780 0.572687 0.154185 0.568282 0.154185 0.563877 0.158590 0.559471 0.154185 0.555066 0.154185 0.550661 0.149780 0.550661 0.132159 0.546256 0.127753 0.541850 0.127753
0 0.453745 0.127753 0.449339 0.132159 0.449339 0.140969 0.453745 0.145374 0.458150 0.145374 0.471366 0.158590 0.471366 0.185022 0.480176 0.193833 0.493392 0.180617 0.493392 0.162996 0.462555 0.132159 0.458150 0.132159
0 0.074890 0.114537 0.070485 0.118943 0.070485 0.123348 0.083700 0.136564 0.083700 0.149780 0.088106 0.154185 0.088106 0.158590 0.092511 0.162996 0.101322 0.154185 0.101322 0.140969 0.088106 0.127753 0.088106 0.123348 0.079295 0.114537
0 0.030837 0.101322 0.026432 0.101322 0.022026 0.105727 0.017621 0.105727 0.008811 0.114537 0.004405 0.114537 0.008811 0.114537 0.013216 0.118943 0.013216 0.123348 0.022026 0.132159 0.026432 0.127753 0.030837 0.132159 0.039648 0.123348 0.039648 0.114537 0.035242 0.110132 0.035242 0.105727
0 0.704846 0.096916 0.696035 0.105727 0.696035 0.114537 0.709251 0.127753 0.709251 0.140969 0.713656 0.145374 0.718062 0.145374 0.718062 0.140969 0.722467 0.136564 0.718062 0.132159 0.718062 0.105727 0.713656 0.101322 0.709251 0.101322
0 0.744493 0.057269 0.735683 0.066079 0.740088 0.070485 0.740088 0.074890 0.744493 0.079295 0.753304 0.079295 0.757709 0.083700 0.762115 0.083700 0.766520 0.088106 0.766520 0.096916 0.775330 0.105727 0.775330 0.110132 0.779736 0.114537 0.788546 0.105727 0.788546 0.092511 0.779736 0.083700 0.775330 0.083700 0.770925 0.079295 0.766520 0.079295 0.762115 0.074890 0.762115 0.070485 0.757709 0.066079 0.757709 0.061674 0.753304 0.057269
0 0.220264 0.052863 0.211454 0.061674 0.207048 0.061674 0.202643 0.066079 0.202643 0.070485 0.198238 0.074890 0.198238 0.083700 0.202643 0.088106 0.207048 0.088106 0.220264 0.101322 0.224670 0.101322 0.229075 0.096916 0.224670 0.092511 0.220264 0.092511 0.215859 0.088106 0.215859 0.070485 0.220264 0.066079 0.220264 0.061674 0.224670 0.057269
0 0.079295 0.048458 0.074890 0.044053 0.061674 0.057269 0.057269 0.057269 0.052863 0.061674 0.048458 0.057269 0.044053 0.057269 0.035242 0.048458 0.030837 0.052863 0.026432 0.052863 0.022026 0.057269 0.022026 0.061674 0.035242 0.074890 0.048458 0.061674 0.052863 0.061674 0.057269 0.057269 0.061674 0.057269 0.066079 0.061674 0.070485 0.061674 0.074890 0.066079 0.079295 0.061674
0 0.167401 0.035242 0.162996 0.030837 0.158590 0.035242 0.154185 0.035242 0.149780 0.039648 0.145374 0.039648 0.140969 0.044053 0.136564 0.044053 0.132159 0.048458 0.123348 0.048458 0.118943 0.052863 0.118943 0.057269 0.114537 0.061674 0.110132 0.061674 0.101322 0.070485 0.101322 0.079295 0.105727 0.083700 0.114537 0.083700 0.123348 0.074890 0.123348 0.070485 0.127753 0.066079 0.132159 0.066079 0.140969 0.057269 0.145374 0.057269 0.154185 0.048458 0.154185 0.044053 0.158590 0.039648 0.162996 0.039648
0 0.682819 0.026432 0.674009 0.035242 0.674009 0.039648 0.678414 0.044053 0.678414 0.061674 0.682819 0.066079 0.691630 0.066079 0.696035 0.061674 0.696035 0.048458 0.691630 0.044053 0.691630 0.030837 0.687225 0.026432
0 0.762115 0.000000 0.766520 0.004405 0.770925 0.004405 0.775330 0.008811 0.779736 0.008811 0.784141 0.013216 0.784141 0.026432 0.779736 0.030837 0.788546 0.039648 0.792952 0.035242 0.810573 0.035242 0.814978 0.039648 0.819383 0.039648 0.837004 0.057269 0.841410 0.057269 0.845815 0.052863 0.845815 0.039648 0.841410 0.035242 0.841410 0.030837 0.837004 0.026432 0.828194 0.026432 0.823789 0.022026 0.819383 0.026432 0.810573 0.026432 0.806167 0.022026 0.801762 0.022026 0.797357 0.017621 0.792952 0.017621 0.788546 0.013216 0.784141 0.013216 0.779736 0.008811 0.779736 0.000000
0 0.599119 0.000000 0.599119 0.004405 0.603524 0.008811 0.603524 0.022026 0.607930 0.026432 0.607930 0.039648 0.603524 0.044053 0.603524 0.048458 0.599119 0.052863 0.594714 0.052863 0.590308 0.057269 0.585903 0.052863 0.577093 0.052863 0.572687 0.057269 0.585903 0.070485 0.594714 0.061674 0.599119 0.061674 0.603524 0.057269 0.607930 0.061674 0.612335 0.061674 0.616740 0.066079 0.621145 0.066079 0.634361 0.079295 0.643172 0.079295 0.647577 0.083700 0.651982 0.079295 0.651982 0.070485 0.647577 0.066079 0.647577 0.061674 0.643172 0.057269 0.634361 0.057269 0.629956 0.061674 0.625551 0.057269 0.621145 0.057269 0.616740 0.052863 0.616740 0.039648 0.612335 0.035242 0.612335 0.017621 0.616740 0.013216 0.616740 0.000000
0 0.202643 0.000000 0.207048 0.008811 0.211454 0.004405 0.224670 0.004405 0.251101 0.022026 0.251101 0.030837 0.268722 0.048458 0.277533 0.092511 0.299559 0.132159 0.299559 0.162996 0.295154 0.167401 0.299559 0.198238 0.303965 0.202643 0.303965 0.215859 0.325991 0.237885 0.325991 0.268722 0.330396 0.273128 0.330396 0.286344 0.321586 0.303965 0.321586 0.330396 0.317181 0.334802 0.321586 0.339207 0.330396 0.330396 0.330396 0.303965 0.339207 0.286344 0.339207 0.268722 0.356828 0.255507 0.365639 0.255507 0.370044 0.251101 0.392070 0.268722 0.405286 0.264317 0.427313 0.281938 0.444934 0.286344 0.444934 0.273128 0.466960 0.255507 0.462555 0.246696 0.453745 0.255507 0.453745 0.264317 0.440529 0.273128 0.422908 0.264317 0.409692 0.251101 0.396476 0.251101 0.383260 0.242291 0.378855 0.180617 0.361233 0.145374 0.361233 0.132159 0.348018 0.110132 0.348018 0.092511 0.343612 0.088106 0.343612 0.070485 0.339207 0.066079 0.339207 0.039648 0.334802 0.035242 0.330396 0.000000 0.321586 0.000000 0.321586 0.008811 0.325991 0.013216 0.325991 0.035242 0.330396 0.039648 0.330396 0.066079 0.334802 0.070485 0.334802 0.079295 0.321586 0.088106 0.299559 0.074890 0.299559 0.048458 0.281938 0.026432 0.281938 0.013216 0.286344 0.008811 0.281938 0.000000 0.273128 0.000000 0.273128 0.004405 0.259912 0.013216 0.251101 0.008811 0.246696 0.000000
