0 0.894273 0.942731 0.889868 0.942731 0.885463 0.947137 0.885463 0.955947 0.881057 0.960352 0.881057 0.969163 0.885463 0.973568 0.885463 0.977974 0.889868 0.982379 0.894273 0.977974 0.894273 0.973568 0.898678 0.969163 0.898678 0.964758 0.907489 0.955947 0.907489 0.951542 0.903084 0.947137 0.898678 0.947137
0 0.612335 0.933921 0.607930 0.938326 0.607930 0.942731 0.612335 0.947137 0.612335 0.955947 0.607930 0.960352 0.607930 0.969163 0.616740 0.977974 0.625551 0.977974 0.629956 0.973568 0.629956 0.960352 0.621145 0.951542 0.621145 0.938326 0.616740 0.933921
0 0.916300 0.885463 0.907489 0.894273 0.925110 0.911894 0.929515 0.911894 0.938326 0.920705 0.938326 0.929515 0.942731 0.933921 0.947137 0.929515 0.938326 0.920705 0.938326 0.903084 0.920705 0.885463
0 0.356828 0.881057 0.352423 0.876652 0.348018 0.876652 0.343612 0.881057 0.339207 0.881057 0.330396 0.889868 0.325991 0.889868 0.321586 0.894273 0.317181 0.894273 0.308370 0.903084 0.317181 0.911894 0.321586 0.907489 0.325991 0.907489 0.330396 0.903084 0.343612 0.903084 0.348018 0.898678 0.348018 0.894273 0.356828 0.885463
0 0.797357 0.841410 0.797357 0.845815 0.801762 0.850220 0.806167 0.845815 0.810573 0.850220 0.814978 0.850220 0.837004 0.872247 0.841410 0.872247 0.845815 0.867841 0.854626 0.867841 0.859031 0.872247 0.863436 0.872247 0.867841 0.876652 0.872247 0.872247 0.867841 0.867841 0.863436 0.872247 0.859031 0.867841 0.854626 0.867841 0.828194 0.841410 0.819383 0.841410 0.814978 0.837004 0.810573 0.841410 0.806167 0.837004 0.801762 0.837004
0 0.096916 0.814978 0.092511 0.814978 0.088106 0.819383 0.088106 0.832599 0.079295 0.841410 0.079295 0.859031 0.088106 0.867841 0.092511 0.863436 0.096916 0.863436 0.101322 0.859031 0.105727 0.859031 0.110132 0.854626 0.110132 0.841410 0.105727 0.837004 0.105727 0.823789
0 0.180617 0.806167 0.176211 0.810573 0.176211 0.814978 0.185022 0.823789 0.185022 0.828194 0.189427 0.832599 0.189427 0.867841 0.185022 0.872247 0.185022 0.881057 0.193833 0.889868 0.198238 0.889868 0.207048 0.898678 0.211454 0.894273 0.207048 0.889868 0.207048 0.881057 0.202643 0.876652 0.202643 0.863436 0.211454 0.854626 0.211454 0.845815 0.207048 0.841410 0.207048 0.828194 0.202643 0.823789 0.202643 0.819383 0.198238 0.814978 0.198238 0.810573 0.193833 0.806167
0 0.797357 0.757709 0.792952 0.762115 0.792952 0.766520 0.810573 0.784141 0.810573 0.792952 0.806167 0.797357 0.806167 0.801762 0.810573 0.806167 0.814978 0.806167 0.819383 0.801762 0.819383 0.797357 0.810573 0.788546 0.810573 0.779736 0.819383 0.770925 0.819383 0.762115 0.814978 0.757709
0 0.462555 0.766520 0.449339 0.753304 0.444934 0.753304 0.440529 0.748899 0.436123 0.753304 0.422908 0.753304 0.418502 0.757709 0.409692 0.757709 0.405286 0.762115 0.409692 0.766520 0.414097 0.766520 0.418502 0.762115 0.436123 0.762115 0.440529 0.766520 0.444934 0.766520 0.449339 0.770925 0.458150 0.770925
0 0.180617 0.748899 0.176211 0.753304 0.176211 0.770925 0.189427 0.784141 0.198238 0.775330 0.198238 0.762115 0.189427 0.753304 0.185022 0.753304
0 0.735683 0.726872 0.731278 0.726872 0.726872 0.731278 0.722467 0.731278 0.718062 0.735683 0.718062 0.740088 0.704846 0.753304 0.704846 0.757709 0.691630 0.770925 0.691630 0.779736 0.687225 0.784141 0.687225 0.797357 0.704846 0.814978 0.704846 0.823789 0.700441 0.828194 0.700441 0.837004 0.704846 0.841410 0.713656 0.841410 0.718062 0.837004 0.718062 0.832599 0.713656 0.828194 0.709251 0.828194 0.704846 0.823789 0.704846 0.810573 0.713656 0.801762 0.713656 0.797357 0.704846 0.788546 0.704846 0.766520 0.718062 0.753304 0.722467 0.753304 0.726872 0.748899 0.731278 0.748899 0.740088 0.740088 0.740088 0.731278
0 0.317181 0.704846 0.312775 0.709251 0.312775 0.718062 0.308370 0.722467 0.303965 0.722467 0.299559 0.726872 0.290749 0.726872 0.286344 0.731278 0.286344 0.744493 0.290749 0.748899 0.303965 0.748899 0.317181 0.735683 0.317181 0.726872 0.321586 0.722467 0.321586 0.709251
0 0.330396 0.674009 0.330396 0.678414 0.334802 0.682819 0.356828 0.682819 0.361233 0.687225 0.370044 0.687225 0.374449 0.682819 0.365639 0.674009 0.356828 0.674009 0.352423 0.669604 0.348018 0.669604 0.343612 0.665198 0.339207 0.669604 0.334802 0.669604
0 0.480176 0.643172 0.471366 0.643172 0.466960 0.647577 0.462555 0.647577 0.453745 0.656388 0.458150 0.660793 0.462555 0.660793 0.466960 0.665198 0.471366 0.665198 0.475771 0.669604 0.480176 0.665198 0.484582 0.665198 0.488987 0.660793 0.488987 0.656388 0.484582 0.651982 0.484582 0.647577
0 0.898678 0.581498 0.894273 0.581498 0.889868 0.585903 0.885463 0.585903 0.876652 0.594714 0.876652 0.603524 0.872247 0.607930 0.872247 0.612335 0.881057 0.621145 0.894273 0.607930 0.898678 0.607930 0.907489 0.599119 0.907489 0.590308
0 0.726872 0.572687 0.722467 0.572687 0.709251 0.585903 0.709251 0.590308 0.704846 0.594714 0.704846 0.616740 0.700441 0.621145 0.700441 0.625551 0.704846 0.629956 0.709251 0.629956 0.718062 0.621145 0.718062 0.612335 0.726872 0.603524 0.726872 0.599119 0.731278 0.594714 0.731278 0.577093
0 0.775330 0.568282 0.766520 0.568282 0.762115 0.572687 0.762115 0.585903 0.770925 0.594714 0.770925 0.599119 0.775330 0.603524 0.775330 0.612335 0.766520 0.621145 0.766520 0.625551 0.753304 0.638767 0.748899 0.638767 0.744493 0.643172 0.744493 0.647577 0.740088 0.651982 0.740088 0.660793 0.744493 0.665198 0.757709 0.665198 0.766520 0.656388 0.766520 0.647577 0.770925 0.643172 0.775330 0.643172 0.779736 0.638767 0.784141 0.638767 0.792952 0.629956 0.788546 0.625551 0.788546 0.581498
0 0.171806 0.559471 0.176211 0.563877 0.176211 0.577093 0.185022 0.585903 0.193833 0.585903 0.198238 0.581498 0.202643 0.581498 0.207048 0.577093 0.207048 0.572687 0.198238 0.563877 0.193833 0.568282 0.189427 0.563877 0.185022 0.563877 0.176211 0.555066
0 0.167401 0.484582 0.167401 0.471366 0.158590 0.462555 0.154185 0.462555 0.149780 0.458150 0.140969 0.458150 0.136564 0.462555 0.127753 0.462555 0.123348 0.466960 0.118943 0.462555 0.105727 0.462555 0.101322 0.466960 0.105727 0.471366 0.127753 0.471366 0.132159 0.475771 0.136564 0.475771 0.140969 0.480176 0.145374 0.480176 0.154185 0.488987 0.162996 0.488987
0 0.881057 0.370044 0.876652 0.374449 0.881057 0.378855 0.881057 0.414097 0.876652 0.418502 0.876652 0.422908 0.867841 0.431718 0.876652 0.440529 0.898678 0.418502 0.898678 0.396476 0.894273 0.392070 0.894273 0.383260
0 0.519824 0.387665 0.524229 0.392070 0.528634 0.387665 0.533040 0.392070 0.537445 0.387665 0.550661 0.387665 0.555066 0.383260 0.555066 0.378855 0.546256 0.370044 0.533040 0.370044 0.519824 0.383260
0 0.079295 0.361233 0.074890 0.365639 0.074890 0.370044 0.083700 0.378855 0.083700 0.383260 0.088106 0.387665 0.101322 0.387665 0.105727 0.383260 0.105727 0.374449 0.092511 0.361233
0 0.647577 0.277533 0.634361 0.277533 0.629956 0.281938 0.629956 0.286344 0.634361 0.290749 0.634361 0.299559 0.629956 0.303965 0.629956 0.312775 0.612335 0.330396 0.616740 0.334802 0.621145 0.334802 0.625551 0.330396 0.634361 0.330396 0.638767 0.325991 0.638767 0.321586 0.643172 0.317181 0.643172 0.299559 0.647577 0.295154 0.647577 0.286344 0.651982 0.281938
0 0.022026 0.290749 0.030837 0.299559 0.035242 0.295154 0.039648 0.295154 0.044053 0.290749 0.048458 0.295154 0.061674 0.295154 0.066079 0.290749 0.070485 0.290749 0.074890 0.286344 0.074890 0.281938 0.070485 0.277533 0.066079 0.277533 0.061674 0.273128 0.057269 0.273128 0.052863 0.268722 0.039648 0.268722 0.026432 0.281938 0.026432 0.286344
0 0.599119 0.215859 0.594714 0.220264 0.594714 0.237885 0.612335 0.255507 0.616740 0.255507 0.621145 0.259912 0.625551 0.255507 0.625551 0.246696 0.607930 0.229075 0.607930 0.220264 0.603524 0.215859
0 0.374449 0.202643 0.370044 0.207048 0.361233 0.207048 0.356828 0.211454 0.356828 0.215859 0.348018 0.224670 0.356828 0.233480 0.365639 0.233480 0.374449 0.224670 0.374449 0.211454 0.378855 0.207048
0 0.154185 0.123348 0.145374 0.132159 0.145374 0.136564 0.154185 0.145374 0.154185 0.149780 0.158590 0.154185 0.158590 0.158590 0.167401 0.167401 0.176211 0.167401 0.189427 0.154185 0.189427 0.145374 0.180617 0.136564 0.176211 0.140969 0.171806 0.140969 0.167401 0.136564 0.162996 0.136564 0.158590 0.132159 0.158590 0.127753
0 0.528634 0.101322 0.524229 0.105727 0.524229 0.123348 0.528634 0.127753 0.533040 0.127753 0.537445 0.132159 0.550661 0.118943 0.533040 0.101322
0 0.255507 0.048458 0.251101 0.052863 0.251101 0.061674 0.246696 0.066079 0.246696 0.074890 0.255507 0.083700 0.264317 0.083700 0.268722 0.079295 0.268722 0.074890 0.273128 0.070485 0.273128 0.066079 0.268722 0.061674 0.268722 0.057269 0.264317 0.052863 0.259912 0.052863
0 0.731278 0.026432 0.726872 0.030837 0.722467 0.030837 0.713656 0.039648 0.713656 0.057269 0.718062 0.061674 0.722467 0.061674 0.726872 0.066079 0.740088 0.052863 0.740088 0.039648 0.735683 0.035242 0.735683 0.030837
0 0.995595 0.000000 0.955947 0.030837 0.933921 0.000000 0.907489 0.000000 0.894273 0.083700 0.823789 0.127753 0.832599 0.162996 0.797357 0.215859 0.806167 0.237885 0.779736 0.251101 0.753304 0.303965 0.718062 0.330396 0.691630 0.321586 0.691630 0.299559 0.762115 0.229075 0.744493 0.215859 0.748899 0.180617 0.726872 0.202643 0.696035 0.180617 0.700441 0.202643 0.735683 0.207048 0.731278 0.229075 0.696035 0.255507 0.682819 0.299559 0.704846 0.365639 0.511013 0.590308 0.559471 0.612335 0.572687 0.678414 0.546256 0.691630 0.524229 0.748899 0.488987 0.770925 0.462555 0.832599 0.374449 0.907489 0.361233 0.986784 0.418502 0.916300 0.440529 0.916300 0.471366 0.885463 0.471366 0.872247 0.453745 0.885463 0.440529 0.867841 0.480176 0.819383 0.506608 0.828194 0.533040 0.788546 0.515419 0.792952 0.502203 0.775330 0.559471 0.722467 0.581498 0.674009 0.603524 0.700441 0.629956 0.704846 0.603524 0.744493 0.616740 0.770925 0.563877 0.810573 0.515419 0.916300 0.466960 0.925110 0.422908 0.986784 0.392070 0.995595 0.444934 0.995595 0.488987 0.938326 0.528634 0.933921 0.568282 0.881057 0.590308 0.916300 0.603524 0.911894 0.577093 0.850220 0.634361 0.788546 0.647577 0.744493 0.709251 0.691630 0.704846 0.660793 0.638767 0.594714 0.665198 0.488987 0.718062 0.440529 0.762115 0.444934 0.770925 0.405286 0.740088 0.370044 0.757709 0.308370 0.797357 0.277533 0.863436 0.162996 0.929515 0.145374 0.964758 0.118943 0.964758 0.061674 0.995595 0.035242
0 0.828194 0.000000 0.819383 0.000000 0.819383 0.013216 0.810573 0.022026 0.810573 0.030837 0.806167 0.035242 0.806167 0.039648 0.801762 0.044053 0.801762 0.057269 0.797357 0.061674 0.801762 0.066079 0.806167 0.061674 0.810573 0.061674 0.814978 0.057269 0.814978 0.052863 0.823789 0.044053 0.823789 0.039648 0.828194 0.035242
