0 0.264317 0.920705 0.255507 0.929515 0.255507 0.942731 0.259912 0.942731 0.264317 0.947137 0.268722 0.947137 0.273128 0.942731 0.277533 0.942731 0.281938 0.938326 0.281938 0.929515 0.277533 0.925110 0.273128 0.925110 0.268722 0.920705
0 0.079295 0.801762 0.074890 0.806167 0.074890 0.819383 0.079295 0.823789 0.079295 0.828194 0.092511 0.841410 0.092511 0.845815 0.096916 0.850220 0.105727 0.850220 0.110132 0.845815 0.105727 0.841410 0.105727 0.837004 0.101322 0.832599 0.101322 0.823789 0.096916 0.819383 0.096916 0.814978 0.092511 0.810573 0.092511 0.806167 0.088106 0.801762
0 0.841410 0.792952 0.837004 0.797357 0.832599 0.792952 0.828194 0.797357 0.832599 0.801762 0.832599 0.810573 0.828194 0.814978 0.828194 0.828194 0.814978 0.841410 0.814978 0.845815 0.810573 0.850220 0.814978 0.854626 0.823789 0.854626 0.832599 0.845815 0.832599 0.841410 0.837004 0.837004 0.837004 0.819383 0.841410 0.814978 0.841410 0.801762 0.845815 0.797357
0 0.026432 0.533040 0.022026 0.537445 0.026432 0.541850 0.035242 0.541850 0.039648 0.546256 0.044053 0.546256 0.048458 0.550661 0.048458 0.559471 0.057269 0.568282 0.057269 0.577093 0.061674 0.581498 0.061674 0.603524 0.070485 0.612335 0.074890 0.612335 0.079295 0.607930 0.079295 0.581498 0.070485 0.572687 0.070485 0.563877 0.066079 0.559471 0.066079 0.555066 0.048458 0.537445 0.035242 0.537445 0.030837 0.533040
0 0.643172 0.528634 0.638767 0.533040 0.638767 0.537445 0.634361 0.541850 0.638767 0.546256 0.638767 0.550661 0.643172 0.555066 0.643172 0.559471 0.647577 0.563877 0.647577 0.568282 0.651982 0.572687 0.651982 0.577093 0.656388 0.581498 0.656388 0.585903 0.660793 0.590308 0.665198 0.585903 0.660793 0.581498 0.660793 0.563877 0.665198 0.559471 0.660793 0.555066 0.660793 0.550661 0.651982 0.541850 0.651982 0.537445
0 0.480176 0.493392 0.475771 0.497797 0.475771 0.502203 0.493392 0.519824 0.497797 0.519824 0.515419 0.537445 0.519824 0.533040 0.519824 0.528634 0.515419 0.524229 0.515419 0.519824 0.497797 0.502203 0.493392 0.502203 0.484582 0.493392
0 0.704846 0.484582 0.700441 0.488987 0.700441 0.497797 0.713656 0.511013 0.722467 0.511013 0.726872 0.515419 0.731278 0.515419 0.735683 0.511013 0.735683 0.502203 0.726872 0.493392 0.718062 0.493392 0.713656 0.488987 0.709251 0.488987
0 0.198238 0.449339 0.189427 0.449339 0.185022 0.453745 0.185022 0.458150 0.189427 0.462555 0.189427 0.493392 0.185022 0.497797 0.189427 0.502203 0.198238 0.493392 0.198238 0.484582 0.202643 0.480176 0.202643 0.453745
0 0.726872 0.356828 0.718062 0.348018 0.709251 0.348018 0.700441 0.356828 0.696035 0.356828 0.691630 0.361233 0.691630 0.365639 0.687225 0.370044 0.687225 0.374449 0.678414 0.383260 0.674009 0.383260 0.669604 0.387665 0.669604 0.396476 0.674009 0.400881 0.678414 0.400881 0.682819 0.396476 0.687225 0.396476 0.691630 0.392070 0.687225 0.387665 0.687225 0.378855 0.691630 0.374449 0.696035 0.374449 0.700441 0.370044 0.709251 0.370044 0.713656 0.365639 0.718062 0.365639
0 0.000000 0.325991 0.000000 0.387665 0.013216 0.383260 0.030837 0.400881 0.052863 0.378855 0.083700 0.392070 0.118943 0.383260 0.132159 0.392070 0.167401 0.392070 0.215859 0.414097 0.246696 0.414097 0.348018 0.506608 0.392070 0.533040 0.444934 0.585903 0.466960 0.621145 0.475771 0.616740 0.466960 0.607930 0.471366 0.594714 0.497797 0.581498 0.515419 0.585903 0.515419 0.643172 0.550661 0.700441 0.559471 0.726872 0.555066 0.757709 0.577093 0.819383 0.629956 0.859031 0.647577 0.889868 0.713656 0.955947 0.819383 0.969163 0.854626 0.995595 0.867841 0.995595 0.885463 0.973568 0.916300 0.982379 0.920705 0.995595 0.969163 0.995595 0.960352 0.977974 0.911894 0.955947 0.898678 0.960352 0.823789 0.929515 0.748899 0.929515 0.718062 0.911894 0.687225 0.859031 0.647577 0.823789 0.612335 0.806167 0.621145 0.784141 0.594714 0.753304 0.590308 0.696035 0.577093 0.660793 0.550661 0.634361 0.519824 0.577093 0.506608 0.563877 0.462555 0.550661 0.303965 0.414097 0.273128 0.374449 0.229075 0.374449 0.136564 0.343612 0.110132 0.348018 0.079295 0.334802 0.070485 0.321586 0.057269 0.330396 0.039648 0.321586
0 0.418502 0.277533 0.414097 0.277533 0.396476 0.295154 0.396476 0.303965 0.387665 0.312775 0.387665 0.325991 0.392070 0.330396 0.396476 0.330396 0.400881 0.325991 0.405286 0.325991 0.409692 0.321586 0.409692 0.312775 0.414097 0.308370 0.414097 0.303965 0.422908 0.295154 0.422908 0.281938
0 0.651982 0.255507 0.647577 0.259912 0.647577 0.268722 0.651982 0.273128 0.651982 0.295154 0.660793 0.303965 0.660793 0.325991 0.665198 0.330396 0.678414 0.330396 0.682819 0.325991 0.678414 0.321586 0.678414 0.308370 0.674009 0.303965 0.674009 0.295154 0.669604 0.290749 0.669604 0.273128 0.665198 0.268722 0.665198 0.264317 0.656388 0.255507
0 0.511013 0.215859 0.502203 0.224670 0.502203 0.229075 0.506608 0.233480 0.506608 0.237885 0.515419 0.246696 0.524229 0.246696 0.533040 0.237885 0.524229 0.229075 0.524229 0.224670 0.515419 0.215859
0 0.647577 0.185022 0.656388 0.193833 0.660793 0.193833 0.665198 0.198238 0.669604 0.198238 0.682819 0.211454 0.682819 0.215859 0.687225 0.220264 0.691630 0.220264 0.696035 0.215859 0.691630 0.211454 0.687225 0.211454 0.682819 0.207048 0.682819 0.198238 0.678414 0.193833 0.678414 0.189427 0.669604 0.180617 0.651982 0.180617
0 0.832599 0.149780 0.823789 0.149780 0.810573 0.162996 0.810573 0.176211 0.806167 0.180617 0.810573 0.185022 0.810573 0.189427 0.814978 0.193833 0.828194 0.180617 0.828194 0.176211 0.832599 0.171806 0.832599 0.162996 0.837004 0.158590 0.837004 0.154185
0 0.903084 0.114537 0.894273 0.123348 0.894273 0.162996 0.898678 0.167401 0.898678 0.171806 0.907489 0.180617 0.911894 0.180617 0.920705 0.171806 0.911894 0.162996 0.911894 0.145374 0.907489 0.140969 0.907489 0.127753 0.911894 0.123348
0 0.704846 0.070485 0.700441 0.066079 0.691630 0.074890 0.691630 0.083700 0.687225 0.088106 0.682819 0.088106 0.678414 0.092511 0.674009 0.088106 0.669604 0.088106 0.665198 0.092511 0.651982 0.092511 0.638767 0.105727 0.638767 0.123348 0.643172 0.127753 0.647577 0.123348 0.651982 0.123348 0.665198 0.110132 0.665198 0.105727 0.669604 0.101322 0.674009 0.101322 0.678414 0.096916 0.678414 0.092511 0.682819 0.088106 0.687225 0.088106 0.691630 0.083700 0.696035 0.088106 0.700441 0.088106 0.709251 0.079295 0.704846 0.074890
0 0.471366 0.039648 0.466960 0.044053 0.466960 0.057269 0.484582 0.074890 0.484582 0.079295 0.488987 0.083700 0.493392 0.083700 0.497797 0.079295 0.497797 0.070485 0.488987 0.061674 0.488987 0.048458 0.480176 0.039648
