0 0.066079 0.916300 0.057269 0.925110 0.057269 0.938326 0.061674 0.942731 0.061674 0.947137 0.066079 0.951542 0.066079 0.955947 0.070485 0.960352 0.074890 0.955947 0.079295 0.955947 0.088106 0.947137 0.088106 0.929515 0.083700 0.925110 0.079295 0.925110 0.074890 0.920705 0.070485 0.920705
0 0.440529 0.929515 0.449339 0.938326 0.458150 0.938326 0.462555 0.933921 0.466960 0.933921 0.471366 0.929515 0.484582 0.929515 0.488987 0.933921 0.497797 0.925110 0.497797 0.916300 0.493392 0.911894 0.475771 0.911894 0.471366 0.907489 0.458150 0.907489 0.440529 0.925110
0 0.709251 0.859031 0.704846 0.863436 0.700441 0.859031 0.682819 0.859031 0.678414 0.863436 0.682819 0.867841 0.687225 0.867841 0.696035 0.876652 0.696035 0.885463 0.682819 0.898678 0.678414 0.898678 0.674009 0.903084 0.682819 0.911894 0.687225 0.911894 0.696035 0.903084 0.696035 0.885463 0.700441 0.881057 0.704846 0.881057 0.709251 0.876652 0.713656 0.876652 0.718062 0.881057 0.722467 0.876652 0.713656 0.867841 0.713656 0.863436
0 0.044053 0.859031 0.048458 0.863436 0.061674 0.863436 0.066079 0.867841 0.070485 0.867841 0.074890 0.863436 0.083700 0.863436 0.088106 0.859031 0.096916 0.859031 0.101322 0.863436 0.105727 0.859031 0.101322 0.854626 0.096916 0.859031 0.088106 0.859031 0.083700 0.854626 0.079295 0.854626 0.074890 0.850220 0.066079 0.850220 0.061674 0.854626 0.048458 0.854626
0 0.348018 0.837004 0.348018 0.841410 0.370044 0.863436 0.378855 0.863436 0.387665 0.854626 0.387665 0.850220 0.378855 0.841410 0.374449 0.841410 0.365639 0.832599 0.352423 0.832599
0 0.484582 0.814978 0.484582 0.819383 0.497797 0.832599 0.506608 0.832599 0.511013 0.837004 0.519824 0.837004 0.524229 0.841410 0.528634 0.837004 0.533040 0.841410 0.541850 0.841410 0.546256 0.837004 0.546256 0.832599 0.541850 0.828194 0.533040 0.828194 0.528634 0.823789 0.524229 0.823789 0.515419 0.814978 0.493392 0.814978 0.488987 0.810573
0 0.696035 0.806167 0.696035 0.810573 0.691630 0.814978 0.691630 0.819383 0.704846 0.832599 0.704846 0.837004 0.709251 0.841410 0.713656 0.837004 0.718062 0.837004 0.722467 0.832599 0.726872 0.837004 0.731278 0.837004 0.748899 0.854626 0.753304 0.854626 0.757709 0.859031 0.757709 0.863436 0.762115 0.867841 0.766520 0.867841 0.770925 0.872247 0.779736 0.863436 0.775330 0.859031 0.770925 0.859031 0.766520 0.854626 0.766520 0.841410 0.762115 0.837004 0.762115 0.832599 0.740088 0.810573 0.735683 0.810573 0.731278 0.806167 0.726872 0.806167 0.722467 0.801762 0.700441 0.801762
0 0.621145 0.779736 0.625551 0.784141 0.625551 0.788546 0.629956 0.792952 0.634361 0.792952 0.643172 0.801762 0.647577 0.801762 0.656388 0.792952 0.638767 0.775330 0.625551 0.775330
0 0.748899 0.748899 0.744493 0.753304 0.744493 0.757709 0.753304 0.766520 0.757709 0.766520 0.762115 0.770925 0.766520 0.770925 0.770925 0.775330 0.770925 0.779736 0.775330 0.784141 0.775330 0.788546 0.779736 0.792952 0.784141 0.788546 0.784141 0.779736 0.770925 0.766520 0.770925 0.762115 0.762115 0.753304 0.757709 0.753304 0.753304 0.748899
0 0.268722 0.612335 0.273128 0.616740 0.277533 0.616740 0.286344 0.625551 0.290749 0.625551 0.299559 0.634361 0.303965 0.634361 0.308370 0.638767 0.312775 0.638767 0.321586 0.647577 0.330396 0.647577 0.334802 0.643172 0.339207 0.643172 0.343612 0.638767 0.343612 0.634361 0.348018 0.629956 0.352423 0.629956 0.356828 0.625551 0.374449 0.625551 0.378855 0.621145 0.383260 0.621145 0.387665 0.616740 0.392070 0.616740 0.396476 0.621145 0.400881 0.616740 0.396476 0.612335 0.392070 0.616740 0.378855 0.616740 0.374449 0.612335 0.361233 0.612335 0.348018 0.625551 0.343612 0.625551 0.339207 0.629956 0.334802 0.625551 0.330396 0.625551 0.325991 0.621145 0.321586 0.621145 0.317181 0.616740 0.312775 0.616740 0.303965 0.607930 0.299559 0.607930 0.295154 0.603524 0.281938 0.603524 0.277533 0.607930 0.273128 0.607930
0 0.726872 0.568282 0.735683 0.577093 0.753304 0.577093 0.762115 0.568282 0.766520 0.568282 0.770925 0.563877 0.775330 0.568282 0.779736 0.563877 0.775330 0.559471 0.770925 0.563877 0.762115 0.563877 0.757709 0.559471 0.753304 0.559471 0.748899 0.555066 0.735683 0.555066 0.726872 0.563877
0 0.220264 0.444934 0.211454 0.436123 0.202643 0.436123 0.198238 0.440529 0.193833 0.440529 0.189427 0.444934 0.185022 0.444934 0.180617 0.440529 0.167401 0.440529 0.162996 0.444934 0.154185 0.444934 0.149780 0.449339 0.154185 0.453745 0.158590 0.453745 0.162996 0.449339 0.180617 0.449339 0.185022 0.444934 0.189427 0.444934 0.193833 0.449339 0.215859 0.449339
0 0.000000 0.488987 0.000000 0.546256 0.145374 0.616740 0.167401 0.607930 0.158590 0.599119 0.145374 0.607930 0.044053 0.563877 0.039648 0.550661 0.052863 0.541850 0.145374 0.559471 0.171806 0.550661 0.154185 0.533040 0.176211 0.524229 0.189427 0.533040 0.185022 0.550661 0.207048 0.555066 0.224670 0.524229 0.295154 0.541850 0.317181 0.519824 0.334802 0.533040 0.334802 0.550661 0.312775 0.559471 0.339207 0.585903 0.361233 0.581498 0.348018 0.541850 0.365639 0.528634 0.396476 0.568282 0.453745 0.541850 0.511013 0.594714 0.546256 0.594714 0.590308 0.629956 0.577093 0.647577 0.546256 0.638767 0.533040 0.647577 0.599119 0.656388 0.660793 0.691630 0.691630 0.687225 0.709251 0.700441 0.722467 0.674009 0.792952 0.696035 0.784141 0.726872 0.801762 0.722467 0.792952 0.700441 0.806167 0.691630 0.837004 0.696035 0.903084 0.669604 0.933921 0.678414 0.969163 0.669604 0.973568 0.656388 0.933921 0.669604 0.911894 0.660793 0.907489 0.647577 0.925110 0.634361 0.995595 0.638767 0.995595 0.577093 0.942731 0.546256 0.933921 0.519824 0.933921 0.555066 0.982379 0.572687 0.986784 0.590308 0.823789 0.612335 0.819383 0.629956 0.872247 0.656388 0.850220 0.674009 0.740088 0.656388 0.735683 0.629956 0.766520 0.625551 0.770925 0.612335 0.674009 0.607930 0.638767 0.585903 0.651982 0.563877 0.621145 0.546256 0.621145 0.568282 0.585903 0.581498 0.519824 0.555066 0.453745 0.502203 0.365639 0.515419 0.325991 0.471366 0.339207 0.444934 0.303965 0.449339 0.268722 0.436123 0.277533 0.449339 0.308370 0.449339 0.321586 0.475771 0.303965 0.497797 0.264317 0.506608 0.220264 0.497797 0.189427 0.515419 0.140969 0.519824
0 0.458150 0.378855 0.453745 0.383260 0.458150 0.387665 0.458150 0.396476 0.444934 0.409692 0.444934 0.418502 0.449339 0.422908 0.458150 0.422908 0.462555 0.427313 0.466960 0.427313 0.471366 0.431718 0.488987 0.414097 0.493392 0.414097 0.497797 0.409692 0.493392 0.405286 0.493392 0.400881 0.475771 0.383260 0.466960 0.383260 0.462555 0.378855
0 0.493392 0.281938 0.484582 0.290749 0.484582 0.295154 0.488987 0.299559 0.488987 0.303965 0.493392 0.308370 0.502203 0.308370 0.506608 0.312775 0.511013 0.308370 0.511013 0.295154 0.506608 0.290749 0.502203 0.290749
0 0.123348 0.273128 0.110132 0.286344 0.110132 0.295154 0.114537 0.299559 0.118943 0.299559 0.123348 0.303965 0.127753 0.303965 0.132159 0.299559 0.132159 0.286344 0.136564 0.281938 0.127753 0.273128
0 0.788546 0.251101 0.784141 0.255507 0.784141 0.268722 0.788546 0.273128 0.788546 0.277533 0.797357 0.286344 0.801762 0.286344 0.810573 0.277533 0.810573 0.273128 0.806167 0.268722 0.806167 0.264317 0.792952 0.251101
0 0.207048 0.242291 0.207048 0.251101 0.211454 0.255507 0.215859 0.255507 0.224670 0.264317 0.229075 0.264317 0.233480 0.268722 0.237885 0.268722 0.246696 0.277533 0.251101 0.277533 0.259912 0.286344 0.273128 0.286344 0.277533 0.281938 0.277533 0.277533 0.264317 0.264317 0.259912 0.264317 0.255507 0.259912 0.251101 0.259912 0.246696 0.255507 0.242291 0.255507 0.233480 0.246696 0.229075 0.246696 0.220264 0.237885 0.211454 0.237885
0 0.665198 0.215859 0.660793 0.220264 0.660793 0.224670 0.682819 0.246696 0.691630 0.246696 0.696035 0.242291 0.696035 0.233480 0.691630 0.229075 0.691630 0.224670 0.682819 0.215859 0.678414 0.215859 0.674009 0.211454 0.669604 0.215859
0 0.022026 0.193833 0.022026 0.198238 0.030837 0.207048 0.035242 0.207048 0.039648 0.211454 0.048458 0.211454 0.052863 0.215859 0.057269 0.211454 0.061674 0.211454 0.066079 0.207048 0.048458 0.189427 0.044053 0.189427 0.039648 0.185022 0.035242 0.185022 0.030837 0.189427 0.026432 0.189427
0 0.933921 0.096916 0.920705 0.096916 0.916300 0.092511 0.911894 0.096916 0.903084 0.096916 0.898678 0.101322 0.898678 0.114537 0.903084 0.118943 0.903084 0.127753 0.907489 0.132159 0.938326 0.101322
