0 0.656388 0.977974 0.647577 0.969163 0.638767 0.969163 0.625551 0.982379 0.621145 0.982379 0.616740 0.986784 0.616740 0.995595 0.638767 0.995595 0.638767 0.991189 0.647577 0.982379 0.651982 0.982379
0 0.845815 0.960352 0.841410 0.964758 0.841410 0.977974 0.850220 0.986784 0.859031 0.986784 0.867841 0.977974 0.863436 0.973568 0.863436 0.969163 0.854626 0.960352
0 0.810573 0.969163 0.801762 0.960352 0.792952 0.960352 0.788546 0.964758 0.784141 0.964758 0.779736 0.969163 0.779736 0.991189 0.775330 0.995595 0.788546 0.995595 0.788546 0.991189 0.797357 0.982379 0.801762 0.982379 0.810573 0.973568
0 0.281938 0.951542 0.277533 0.951542 0.273128 0.955947 0.264317 0.955947 0.251101 0.969163 0.259912 0.977974 0.259912 0.982379 0.264317 0.986784 0.264317 0.995595 0.281938 0.995595 0.277533 0.991189 0.277533 0.982379 0.273128 0.977974 0.273128 0.964758 0.277533 0.960352 0.281938 0.960352 0.286344 0.955947
0 0.444934 0.938326 0.440529 0.933921 0.436123 0.933921 0.431718 0.938326 0.427313 0.938326 0.422908 0.942731 0.418502 0.942731 0.409692 0.951542 0.409692 0.960352 0.414097 0.964758 0.418502 0.964758
0 0.303965 0.911894 0.303965 0.916300 0.308370 0.916300 0.312775 0.920705 0.343612 0.920705 0.348018 0.916300 0.339207 0.907489 0.325991 0.907489 0.321586 0.903084 0.317181 0.907489 0.312775 0.907489 0.308370 0.911894
0 0.541850 0.889868 0.533040 0.881057 0.528634 0.885463 0.528634 0.889868 0.515419 0.903084 0.511013 0.903084 0.506608 0.907489 0.502203 0.903084 0.497797 0.903084 0.493392 0.898678 0.484582 0.898678 0.475771 0.907489 0.475771 0.916300 0.480176 0.920705 0.493392 0.920705 0.497797 0.916300 0.497797 0.911894 0.502203 0.907489 0.506608 0.907489 0.511013 0.903084 0.515419 0.907489 0.519824 0.907489 0.524229 0.911894 0.528634 0.911894 0.537445 0.903084 0.537445 0.894273
0 0.286344 0.850220 0.281938 0.854626 0.281938 0.859031 0.277533 0.863436 0.273128 0.863436 0.268722 0.867841 0.264317 0.863436 0.259912 0.863436 0.255507 0.867841 0.255507 0.872247 0.259912 0.876652 0.259912 0.881057 0.268722 0.889868 0.268722 0.898678 0.264317 0.903084 0.268722 0.907489 0.268722 0.911894 0.277533 0.920705 0.281938 0.920705 0.286344 0.916300 0.290749 0.916300 0.295154 0.911894 0.290749 0.911894 0.268722 0.889868 0.268722 0.881057 0.273128 0.876652 0.273128 0.867841 0.281938 0.859031 0.286344 0.859031 0.290749 0.854626
0 0.057269 0.845815 0.052863 0.850220 0.052863 0.859031 0.057269 0.863436 0.057269 0.872247 0.061674 0.876652 0.061674 0.885463 0.070485 0.894273 0.070485 0.903084 0.074890 0.907489 0.074890 0.916300 0.079295 0.920705 0.083700 0.916300 0.079295 0.911894 0.079295 0.894273 0.083700 0.889868 0.070485 0.876652 0.070485 0.859031 0.066079 0.854626 0.066079 0.850220 0.061674 0.845815
0 0.607930 0.841410 0.581498 0.867841 0.581498 0.872247 0.590308 0.881057 0.594714 0.881057 0.599119 0.885463 0.599119 0.903084 0.603524 0.907489 0.607930 0.907489 0.612335 0.903084 0.612335 0.885463 0.607930 0.881057 0.607930 0.863436 0.612335 0.859031 0.612335 0.845815
0 0.458150 0.814978 0.453745 0.819383 0.453745 0.823789 0.458150 0.828194 0.462555 0.828194 0.471366 0.837004 0.471366 0.845815 0.480176 0.854626 0.488987 0.854626 0.493392 0.850220 0.493392 0.837004 0.488987 0.832599 0.484582 0.832599 0.480176 0.828194 0.475771 0.828194 0.462555 0.814978
0 0.577093 0.806167 0.572687 0.810573 0.572687 0.814978 0.563877 0.823789 0.559471 0.823789 0.555066 0.828194 0.550661 0.828194 0.546256 0.832599 0.555066 0.841410 0.559471 0.841410 0.572687 0.828194 0.577093 0.828194 0.581498 0.823789 0.581498 0.810573
0 0.000000 0.784141 0.000000 0.792952 0.004405 0.788546 0.008811 0.792952 0.013216 0.792952 0.017621 0.797357 0.026432 0.797357 0.030837 0.801762 0.035242 0.801762 0.039648 0.806167 0.039648 0.810573 0.044053 0.814978 0.044053 0.819383 0.048458 0.823789 0.052863 0.823789 0.057269 0.819383 0.066079 0.819383 0.074890 0.810573 0.070485 0.806167 0.066079 0.806167 0.061674 0.801762 0.048458 0.801762 0.044053 0.797357 0.039648 0.797357 0.035242 0.792952 0.035242 0.788546 0.030837 0.784141 0.017621 0.784141 0.013216 0.788546 0.004405 0.788546
0 0.229075 0.779736 0.224670 0.784141 0.224670 0.788546 0.220264 0.792952 0.224670 0.797357 0.224670 0.832599 0.229075 0.837004 0.233480 0.837004 0.242291 0.828194 0.242291 0.823789 0.246696 0.819383 0.251101 0.819383 0.251101 0.814978 0.246696 0.814978 0.242291 0.810573 0.242291 0.792952 0.237885 0.788546 0.237885 0.784141 0.233480 0.779736
0 0.334802 0.775330 0.330396 0.770925 0.325991 0.775330 0.325991 0.779736 0.321586 0.784141 0.321586 0.797357 0.317181 0.801762 0.312775 0.801762 0.308370 0.806167 0.303965 0.801762 0.281938 0.801762 0.273128 0.810573 0.268722 0.810573 0.264317 0.814978 0.259912 0.814978 0.259912 0.819383 0.264317 0.819383 0.268722 0.823789 0.277533 0.823789 0.281938 0.819383 0.286344 0.823789 0.290749 0.819383 0.299559 0.819383 0.308370 0.810573 0.312775 0.810573 0.317181 0.806167 0.321586 0.810573 0.334802 0.797357
0 0.088106 0.753304 0.083700 0.748899 0.079295 0.753304 0.074890 0.753304 0.066079 0.762115 0.061674 0.762115 0.057269 0.766520 0.057269 0.770925 0.061674 0.775330 0.066079 0.775330 0.070485 0.779736 0.074890 0.779736 0.079295 0.775330 0.079295 0.766520 0.088106 0.757709
0 0.405286 0.744493 0.405286 0.753304 0.418502 0.766520 0.418502 0.770925 0.427313 0.779736 0.436123 0.779736 0.444934 0.770925 0.449339 0.770925 0.453745 0.766520 0.458150 0.766520 0.462555 0.770925 0.466960 0.770925 0.475771 0.779736 0.480176 0.779736 0.488987 0.788546 0.493392 0.784141 0.497797 0.784141 0.506608 0.775330 0.497797 0.766520 0.488987 0.766520 0.484582 0.762115 0.480176 0.762115 0.475771 0.757709 0.458150 0.757709 0.453745 0.753304 0.449339 0.753304 0.444934 0.757709 0.436123 0.757709 0.431718 0.753304 0.427313 0.753304 0.418502 0.744493 0.418502 0.740088 0.414097 0.735683
0 0.299559 0.696035 0.295154 0.700441 0.295154 0.726872 0.290749 0.731278 0.290749 0.744493 0.295154 0.748899 0.295154 0.753304 0.299559 0.757709 0.308370 0.748899 0.308370 0.744493 0.312775 0.740088 0.312775 0.735683 0.308370 0.731278 0.303965 0.731278 0.299559 0.726872 0.299559 0.718062 0.308370 0.709251 0.308370 0.704846
0 0.242291 0.674009 0.233480 0.674009 0.229075 0.678414 0.224670 0.678414 0.224670 0.682819 0.229075 0.682819 0.233480 0.687225 0.237885 0.687225 0.242291 0.691630 0.242291 0.700441 0.233480 0.709251 0.233480 0.718062 0.220264 0.731278 0.220264 0.735683 0.215859 0.740088 0.224670 0.748899 0.224670 0.757709 0.229075 0.762115 0.233480 0.757709 0.237885 0.757709 0.242291 0.753304 0.242291 0.744493 0.246696 0.740088 0.246696 0.735683 0.268722 0.713656 0.268722 0.704846 0.264317 0.700441 0.259912 0.704846 0.255507 0.700441 0.251101 0.700441 0.246696 0.696035 0.246696 0.687225 0.251101 0.682819
0 0.189427 0.651982 0.180617 0.660793 0.180617 0.669604 0.193833 0.682819 0.193833 0.687225 0.202643 0.696035 0.207048 0.691630 0.207048 0.687225 0.211454 0.682819 0.215859 0.682819 0.211454 0.678414 0.207048 0.678414 0.202643 0.674009 0.202643 0.665198
0 0.123348 0.537445 0.105727 0.555066 0.110132 0.559471 0.110132 0.568282 0.114537 0.572687 0.114537 0.577093 0.123348 0.585903 0.127753 0.581498 0.127753 0.577093 0.123348 0.572687 0.123348 0.550661 0.127753 0.546256 0.127753 0.541850
0 0.180617 0.528634 0.171806 0.537445 0.176211 0.541850 0.176211 0.546256 0.189427 0.559471 0.189427 0.581498 0.180617 0.590308 0.180617 0.599119 0.185022 0.603524 0.198238 0.603524 0.202643 0.607930 0.211454 0.599119 0.211454 0.594714 0.202643 0.585903 0.202643 0.541850 0.193833 0.533040 0.189427 0.533040 0.185022 0.528634
0 0.947137 0.519824 0.938326 0.519824 0.933921 0.524229 0.929515 0.519824 0.920705 0.519824 0.916300 0.524229 0.911894 0.524229 0.907489 0.528634 0.894273 0.528634 0.889868 0.533040 0.885463 0.533040 0.881057 0.537445 0.876652 0.537445 0.872247 0.541850 0.872247 0.546256 0.876652 0.550661 0.885463 0.550661 0.889868 0.546256 0.894273 0.546256 0.898678 0.550661 0.903084 0.550661 0.907489 0.555066 0.907489 0.572687 0.903084 0.577093 0.898678 0.577093 0.894273 0.581498 0.889868 0.581498 0.881057 0.590308 0.881057 0.594714 0.876652 0.599119 0.872247 0.599119 0.867841 0.603524 0.863436 0.603524 0.854626 0.612335 0.854626 0.616740 0.867841 0.629956 0.872247 0.625551 0.872247 0.607930 0.876652 0.603524 0.881057 0.603524 0.885463 0.599119 0.889868 0.603524 0.907489 0.603524 0.916300 0.594714 0.920705 0.594714 0.916300 0.590308 0.911894 0.590308 0.907489 0.585903 0.907489 0.572687 0.911894 0.568282 0.916300 0.568282 0.920705 0.563877 0.925110 0.568282 0.929515 0.568282 0.938326 0.577093 0.938326 0.585903 0.933921 0.590308 0.929515 0.590308 0.929515 0.594714 0.933921 0.594714 0.938326 0.599119 0.942731 0.599119 0.947137 0.603524 0.951542 0.603524 0.955947 0.599119 0.955947 0.594714 0.942731 0.581498 0.942731 0.572687 0.947137 0.568282 0.947137 0.563877 0.951542 0.559471 0.951542 0.541850 0.955947 0.537445 0.951542 0.533040 0.951542 0.524229
0 0.537445 0.519824 0.533040 0.515419 0.528634 0.515419 0.519824 0.506608 0.515419 0.506608 0.506608 0.515419 0.502203 0.515419 0.497797 0.519824 0.497797 0.533040 0.502203 0.537445 0.511013 0.537445 0.515419 0.533040 0.519824 0.533040 0.524229 0.528634 0.528634 0.528634
0 0.823789 0.506608 0.828194 0.511013 0.832599 0.511013 0.837004 0.515419 0.841410 0.515419 0.850220 0.506608 0.854626 0.506608 0.859031 0.502203 0.863436 0.506608 0.898678 0.506608 0.903084 0.502203 0.889868 0.488987 0.872247 0.488987 0.867841 0.493392 0.850220 0.493392 0.845815 0.488987 0.841410 0.488987
0 0.577093 0.480176 0.568282 0.488987 0.568282 0.502203 0.563877 0.506608 0.568282 0.511013 0.568282 0.515419 0.572687 0.519824 0.577093 0.519824 0.585903 0.511013 0.585903 0.493392 0.581498 0.488987 0.581498 0.484582
0 0.757709 0.466960 0.753304 0.471366 0.753304 0.493392 0.757709 0.497797 0.757709 0.511013 0.762115 0.515419 0.784141 0.493392 0.779736 0.488987 0.779736 0.484582 0.775330 0.480176 0.770925 0.480176
0 0.000000 0.444934 0.000000 0.453745 0.017621 0.453745 0.022026 0.458150 0.026432 0.453745 0.048458 0.453745 0.052863 0.449339 0.057269 0.453745 0.061674 0.453745 0.066079 0.458150 0.074890 0.458150 0.079295 0.462555 0.088106 0.453745 0.079295 0.444934 0.074890 0.444934 0.070485 0.440529 0.066079 0.440529 0.061674 0.444934 0.057269 0.440529 0.052863 0.440529 0.048458 0.436123 0.030837 0.436123 0.026432 0.440529 0.022026 0.440529 0.017621 0.444934
0 0.797357 0.427313 0.784141 0.440529 0.784141 0.444934 0.788546 0.449339 0.788546 0.453745 0.797357 0.462555 0.801762 0.462555 0.806167 0.458150 0.806167 0.449339 0.810573 0.444934 0.810573 0.436123 0.801762 0.427313
0 0.647577 0.400881 0.651982 0.405286 0.656388 0.405286 0.660793 0.409692 0.665198 0.409692 0.678414 0.422908 0.682819 0.422908 0.687225 0.418502 0.687225 0.405286 0.691630 0.400881 0.696035 0.400881 0.700441 0.396476 0.704846 0.400881 0.709251 0.400881 0.713656 0.405286 0.718062 0.405286 0.726872 0.396476 0.731278 0.396476 0.735683 0.392070 0.744493 0.392070 0.748899 0.387665 0.748899 0.383260 0.744493 0.378855 0.744493 0.365639 0.740088 0.361233 0.731278 0.361233 0.726872 0.365639 0.722467 0.361233 0.709251 0.374449 0.704846 0.374449 0.700441 0.378855 0.696035 0.374449 0.691630 0.374449 0.682819 0.365639 0.682819 0.361233 0.678414 0.356828 0.674009 0.361233 0.669604 0.361233 0.665198 0.365639 0.665198 0.374449 0.660793 0.378855 0.660793 0.383260 0.647577 0.396476
0 0.436123 0.348018 0.427313 0.356828 0.427313 0.365639 0.444934 0.383260 0.449339 0.383260 0.453745 0.387665 0.453745 0.396476 0.449339 0.400881 0.449339 0.405286 0.458150 0.414097 0.458150 0.422908 0.453745 0.427313 0.453745 0.436123 0.431718 0.458150 0.431718 0.462555 0.436123 0.466960 0.436123 0.471366 0.440529 0.475771 0.440529 0.484582 0.449339 0.493392 0.453745 0.493392 0.458150 0.497797 0.466960 0.488987 0.466960 0.484582 0.462555 0.480176 0.462555 0.475771 0.458150 0.471366 0.458150 0.453745 0.471366 0.440529 0.471366 0.431718 0.466960 0.427313 0.466960 0.422908 0.462555 0.418502 0.462555 0.409692 0.466960 0.405286 0.466960 0.396476 0.462555 0.392070 0.462555 0.387665 0.453745 0.378855 0.453745 0.370044 0.444934 0.361233 0.444934 0.356828
0 0.511013 0.330396 0.502203 0.330396 0.497797 0.334802 0.497797 0.339207 0.493392 0.343612 0.488987 0.343612 0.484582 0.348018 0.488987 0.352423 0.497797 0.352423 0.502203 0.356828 0.506608 0.352423 0.511013 0.352423 0.515419 0.348018 0.515419 0.334802
0 0.810573 0.299559 0.806167 0.303965 0.806167 0.308370 0.810573 0.312775 0.810573 0.317181 0.814978 0.321586 0.814978 0.325991 0.819383 0.330396 0.837004 0.330396 0.841410 0.325991 0.837004 0.321586 0.837004 0.317181 0.819383 0.299559
0 0.929515 0.308370 0.929515 0.312775 0.933921 0.317181 0.955947 0.317181 0.960352 0.321586 0.964758 0.321586 0.969163 0.317181 0.969163 0.303965 0.964758 0.303965 0.960352 0.299559 0.947137 0.299559 0.942731 0.295154
0 0.691630 0.277533 0.682819 0.286344 0.682819 0.295154 0.691630 0.303965 0.696035 0.303965 0.700441 0.308370 0.709251 0.308370 0.718062 0.299559 0.713656 0.295154 0.709251 0.295154 0.704846 0.290749 0.700441 0.290749 0.696035 0.286344 0.696035 0.281938
0 0.466960 0.281938 0.471366 0.286344 0.506608 0.286344 0.511013 0.281938 0.511013 0.277533 0.506608 0.273128 0.488987 0.273128 0.484582 0.268722 0.480176 0.268722
0 0.330396 0.251101 0.325991 0.255507 0.325991 0.264317 0.334802 0.273128 0.339207 0.268722 0.343612 0.268722 0.348018 0.264317 0.352423 0.268722 0.356828 0.268722 0.361233 0.273128 0.365639 0.273128 0.370044 0.277533 0.374449 0.277533 0.383260 0.286344 0.383260 0.299559 0.374449 0.308370 0.378855 0.312775 0.387665 0.312775 0.392070 0.308370 0.392070 0.295154 0.396476 0.290749 0.396476 0.286344 0.387665 0.277533 0.387665 0.264317 0.374449 0.251101 0.361233 0.251101 0.356828 0.255507 0.339207 0.255507 0.334802 0.251101
0 0.229075 0.229075 0.224670 0.233480 0.229075 0.237885 0.233480 0.237885 0.251101 0.255507 0.251101 0.268722 0.242291 0.277533 0.237885 0.277533 0.233480 0.281938 0.233480 0.295154 0.229075 0.299559 0.229075 0.308370 0.237885 0.317181 0.246696 0.317181 0.251101 0.321586 0.255507 0.317181 0.255507 0.312775 0.246696 0.303965 0.246696 0.286344 0.251101 0.281938 0.251101 0.277533 0.255507 0.273128 0.259912 0.273128 0.264317 0.268722 0.268722 0.268722 0.273128 0.264317 0.273128 0.255507 0.246696 0.229075 0.242291 0.233480 0.233480 0.233480
0 0.995595 0.211454 0.960352 0.211454 0.955947 0.215859 0.955947 0.229075 0.947137 0.237885 0.942731 0.237885 0.938326 0.242291 0.938326 0.251101 0.942731 0.255507 0.964758 0.233480 0.969163 0.233480 0.973568 0.229075 0.977974 0.229075 0.982379 0.224670 0.986784 0.224670 0.991189 0.220264 0.995595 0.220264
0 0.629956 0.189427 0.625551 0.193833 0.625551 0.202643 0.629956 0.207048 0.634361 0.207048 0.643172 0.215859 0.643172 0.237885 0.638767 0.242291 0.643172 0.246696 0.643172 0.255507 0.647577 0.259912 0.651982 0.259912 0.656388 0.255507 0.651982 0.251101 0.651982 0.237885 0.656388 0.233480 0.656388 0.229075 0.665198 0.220264 0.665198 0.215859 0.660793 0.211454 0.660793 0.202643 0.656388 0.198238 0.651982 0.198238 0.643172 0.189427
0 0.396476 0.229075 0.400881 0.233480 0.400881 0.237885 0.405286 0.242291 0.409692 0.242291 0.418502 0.233480 0.418502 0.229075 0.422908 0.224670 0.422908 0.220264 0.427313 0.215859 0.431718 0.215859 0.436123 0.211454 0.440529 0.211454 0.444934 0.215859 0.449339 0.215859 0.453745 0.220264 0.458150 0.220264 0.466960 0.229075 0.484582 0.229075 0.493392 0.220264 0.493392 0.215859 0.488987 0.211454 0.466960 0.211454 0.462555 0.215859 0.458150 0.211454 0.453745 0.211454 0.440529 0.198238 0.440529 0.185022 0.436123 0.180617 0.431718 0.185022 0.431718 0.202643 0.427313 0.207048 0.422908 0.207048 0.418502 0.211454 0.414097 0.211454
0 0.000000 0.180617 0.079295 0.255507 0.048458 0.303965 0.000000 0.255507 0.000000 0.290749 0.079295 0.334802 0.044053 0.348018 0.048458 0.370044 0.079295 0.343612 0.145374 0.405286 0.136564 0.480176 0.052863 0.511013 0.030837 0.533040 0.035242 0.572687 0.074890 0.594714 0.044053 0.528634 0.096916 0.497797 0.127753 0.506608 0.162996 0.449339 0.198238 0.511013 0.242291 0.506608 0.277533 0.533040 0.246696 0.546256 0.259912 0.603524 0.281938 0.550661 0.374449 0.643172 0.466960 0.669604 0.506608 0.660793 0.572687 0.696035 0.581498 0.726872 0.638767 0.766520 0.634361 0.801762 0.651982 0.784141 0.643172 0.753304 0.665198 0.744493 0.696035 0.766520 0.696035 0.819383 0.651982 0.837004 0.669604 0.872247 0.638767 0.942731 0.691630 0.964758 0.674009 0.995595 0.700441 0.982379 0.726872 0.995595 0.718062 0.969163 0.740088 0.938326 0.779736 0.942731 0.854626 0.907489 0.792952 0.920705 0.735683 0.881057 0.740088 0.859031 0.704846 0.837004 0.740088 0.784141 0.762115 0.792952 0.748899 0.814978 0.762115 0.837004 0.916300 0.898678 0.973568 0.995595 0.995595 0.995595 0.995595 0.951542 0.942731 0.859031 0.964758 0.814978 0.995595 0.814978 0.995595 0.762115 0.955947 0.735683 0.969163 0.718062 0.995595 0.731278 0.995595 0.713656 0.938326 0.674009 0.907489 0.709251 0.841410 0.691630 0.832599 0.753304 0.748899 0.718062 0.731278 0.696035 0.762115 0.629956 0.731278 0.665198 0.682819 0.674009 0.669604 0.651982 0.687225 0.629956 0.665198 0.607930 0.687225 0.594714 0.722467 0.625551 0.731278 0.599119 0.779736 0.603524 0.784141 0.585903 0.757709 0.590308 0.687225 0.541850 0.691630 0.581498 0.669604 0.594714 0.634361 0.572687 0.651982 0.519824 0.581498 0.568282 0.541850 0.546256 0.528634 0.572687 0.330396 0.519824 0.312775 0.475771 0.352423 0.458150 0.286344 0.449339 0.193833 0.370044 0.171806 0.317181 0.118943 0.268722 0.132159 0.246696 0.202643 0.273128 0.207048 0.255507
0 0.290749 0.189427 0.281938 0.180617 0.277533 0.180617 0.268722 0.171806 0.264317 0.171806 0.259912 0.167401 0.255507 0.167401 0.251101 0.162996 0.242291 0.162996 0.233480 0.171806 0.233480 0.180617 0.224670 0.189427 0.220264 0.189427 0.215859 0.193833 0.211454 0.193833 0.207048 0.189427 0.202643 0.193833 0.198238 0.193833 0.193833 0.189427 0.189427 0.189427 0.180617 0.198238 0.185022 0.202643 0.198238 0.202643 0.202643 0.198238 0.207048 0.198238 0.211454 0.193833 0.215859 0.193833 0.220264 0.198238 0.229075 0.189427 0.233480 0.189427 0.237885 0.185022 0.255507 0.185022 0.259912 0.189427 0.264317 0.189427 0.268722 0.193833 0.286344 0.193833
0 0.801762 0.154185 0.792952 0.162996 0.788546 0.162996 0.784141 0.167401 0.784141 0.185022 0.788546 0.189427 0.788546 0.198238 0.792952 0.202643 0.797357 0.202643 0.801762 0.198238 0.806167 0.198238 0.810573 0.202643 0.823789 0.202643 0.828194 0.198238 0.828194 0.193833 0.823789 0.189427 0.814978 0.189427 0.810573 0.185022 0.806167 0.185022 0.801762 0.180617 0.801762 0.167401 0.810573 0.158590 0.806167 0.154185
0 0.158590 0.154185 0.154185 0.154185 0.145374 0.162996 0.145374 0.167401 0.140969 0.171806 0.140969 0.185022 0.145374 0.189427 0.149780 0.185022 0.154185 0.185022 0.162996 0.176211 0.162996 0.167401 0.167401 0.162996
0 0.859031 0.149780 0.850220 0.158590 0.850220 0.162996 0.859031 0.171806 0.863436 0.171806 0.867841 0.176211 0.867841 0.189427 0.863436 0.193833 0.863436 0.202643 0.872247 0.211454 0.881057 0.211454 0.885463 0.207048 0.885463 0.193833 0.872247 0.180617 0.872247 0.171806 0.876652 0.167401 0.876652 0.154185 0.872247 0.149780
0 0.088106 0.114537 0.088106 0.118943 0.096916 0.127753 0.118943 0.127753 0.123348 0.132159 0.136564 0.132159 0.140969 0.127753 0.136564 0.123348 0.132159 0.123348 0.123348 0.114537 0.118943 0.114537 0.114537 0.110132 0.110132 0.110132 0.105727 0.105727 0.096916 0.105727
0 0.519824 0.118943 0.502203 0.101322 0.493392 0.101322 0.484582 0.110132 0.484582 0.114537 0.480176 0.118943 0.475771 0.118943 0.471366 0.123348 0.462555 0.123348 0.458150 0.118943 0.453745 0.118943 0.449339 0.114537 0.440529 0.114537 0.436123 0.118943 0.436123 0.127753 0.440529 0.132159 0.444934 0.132159 0.449339 0.136564 0.466960 0.136564 0.471366 0.140969 0.475771 0.136564 0.475771 0.127753 0.480176 0.123348 0.484582 0.123348 0.488987 0.118943 0.493392 0.123348 0.497797 0.123348 0.502203 0.127753 0.506608 0.127753 0.511013 0.132159 0.519824 0.123348
0 0.365639 0.092511 0.365639 0.096916 0.370044 0.101322 0.374449 0.101322 0.378855 0.105727 0.387665 0.105727 0.392070 0.101322 0.396476 0.101322 0.400881 0.096916 0.400881 0.092511 0.396476 0.088106 0.370044 0.088106
0 0.599119 0.083700 0.585903 0.096916 0.585903 0.105727 0.599119 0.118943 0.607930 0.110132 0.607930 0.092511
0 0.779736 0.066079 0.775330 0.070485 0.775330 0.092511 0.792952 0.110132 0.792952 0.114537 0.797357 0.118943 0.819383 0.096916 0.819383 0.088106 0.814978 0.083700 0.814978 0.079295 0.810573 0.074890 0.806167 0.074890 0.801762 0.070485 0.792952 0.070485 0.788546 0.066079
0 0.740088 0.061674 0.735683 0.061674 0.731278 0.066079 0.731278 0.079295 0.726872 0.083700 0.722467 0.083700 0.713656 0.092511 0.718062 0.096916 0.718062 0.101322 0.722467 0.105727 0.722467 0.123348 0.726872 0.127753 0.735683 0.118943 0.735683 0.114537 0.731278 0.110132 0.731278 0.096916 0.735683 0.092511 0.740088 0.092511 0.744493 0.088106 0.744493 0.083700 0.748899 0.079295 0.748899 0.070485
0 0.207048 0.061674 0.198238 0.061674 0.193833 0.066079 0.193833 0.074890 0.189427 0.079295 0.189427 0.083700 0.185022 0.088106 0.180617 0.088106 0.176211 0.092511 0.176211 0.114537 0.180617 0.118943 0.180617 0.123348 0.185022 0.127753 0.185022 0.132159 0.193833 0.140969 0.198238 0.136564 0.198238 0.132159 0.189427 0.123348 0.189427 0.110132 0.185022 0.105727 0.185022 0.096916 0.193833 0.088106 0.198238 0.088106 0.202643 0.083700 0.207048 0.083700 0.215859 0.074890 0.215859 0.070485
0 0.136564 0.048458 0.127753 0.039648 0.118943 0.039648 0.092511 0.066079 0.092511 0.070485 0.096916 0.074890 0.114537 0.074890 0.118943 0.070485 0.123348 0.070485 0.136564 0.057269
0 0.229075 0.017621 0.233480 0.022026 0.233480 0.026432 0.237885 0.030837 0.242291 0.030837 0.246696 0.035242 0.246696 0.039648 0.264317 0.057269 0.268722 0.052863 0.273128 0.057269 0.277533 0.057269 0.281938 0.052863 0.290749 0.052863 0.295154 0.048458 0.295154 0.044053 0.290749 0.039648 0.277533 0.039648 0.273128 0.035242 0.268722 0.035242 0.246696 0.013216 0.233480 0.013216
0 0.035242 0.000000 0.035242 0.013216 0.039648 0.017621 0.039648 0.022026 0.048458 0.030837 0.057269 0.030837 0.061674 0.026432 0.057269 0.022026 0.057269 0.013216 0.052863 0.008811 0.052863 0.000000
