0 0.083700 0.938326 0.074890 0.947137 0.074890 0.964758 0.088106 0.977974 0.088106 0.986784 0.083700 0.991189 0.083700 0.995595 0.092511 0.995595 0.092511 0.991189 0.088106 0.986784 0.088106 0.977974 0.096916 0.969163 0.096916 0.951542 0.092511 0.947137 0.092511 0.942731 0.088106 0.938326
0 0.233480 0.933921 0.229075 0.929515 0.215859 0.929515 0.211454 0.933921 0.207048 0.933921 0.189427 0.951542 0.185022 0.951542 0.176211 0.960352 0.176211 0.969163 0.180617 0.973568 0.189427 0.964758 0.193833 0.964758 0.198238 0.960352 0.202643 0.964758 0.220264 0.964758 0.237885 0.947137 0.237885 0.942731 0.233480 0.938326
0 0.541850 0.929515 0.541850 0.938326 0.550661 0.947137 0.559471 0.947137 0.563877 0.942731 0.568282 0.942731 0.572687 0.938326 0.572687 0.929515 0.568282 0.925110 0.563877 0.925110 0.559471 0.920705 0.550661 0.920705
0 0.431718 0.867841 0.427313 0.872247 0.427313 0.881057 0.422908 0.885463 0.431718 0.894273 0.436123 0.894273 0.440529 0.898678 0.453745 0.898678 0.458150 0.903084 0.462555 0.898678 0.458150 0.894273 0.453745 0.894273 0.436123 0.876652 0.436123 0.872247
0 0.308370 0.863436 0.308370 0.872247 0.312775 0.876652 0.317181 0.876652 0.321586 0.881057 0.325991 0.881057 0.330396 0.885463 0.339207 0.885463 0.343612 0.881057 0.343612 0.876652 0.330396 0.863436 0.325991 0.863436 0.321586 0.859031 0.312775 0.859031
0 0.118943 0.859031 0.110132 0.859031 0.101322 0.867841 0.101322 0.872247 0.096916 0.876652 0.096916 0.881057 0.092511 0.885463 0.092511 0.898678 0.088106 0.903084 0.088106 0.907489 0.092511 0.911894 0.096916 0.907489 0.101322 0.911894 0.105727 0.907489 0.110132 0.907489 0.114537 0.903084 0.114537 0.889868 0.118943 0.885463 0.118943 0.872247 0.123348 0.867841 0.123348 0.863436
0 0.308370 0.801762 0.308370 0.806167 0.312775 0.810573 0.317181 0.810573 0.321586 0.806167 0.330396 0.806167 0.334802 0.810573 0.339207 0.810573 0.343612 0.814978 0.348018 0.814978 0.352423 0.819383 0.356828 0.819383 0.361233 0.823789 0.365639 0.823789 0.370044 0.828194 0.374449 0.828194 0.383260 0.819383 0.374449 0.810573 0.374449 0.806167 0.365639 0.797357 0.352423 0.797357 0.348018 0.801762 0.343612 0.801762 0.339207 0.806167 0.330396 0.806167 0.325991 0.801762 0.321586 0.801762 0.317181 0.797357 0.312775 0.797357
0 0.207048 0.792952 0.198238 0.784141 0.193833 0.788546 0.189427 0.784141 0.185022 0.784141 0.180617 0.788546 0.176211 0.788546 0.162996 0.801762 0.167401 0.806167 0.185022 0.806167 0.189427 0.801762 0.202643 0.801762 0.207048 0.797357
0 0.052863 0.784141 0.048458 0.788546 0.052863 0.792952 0.057269 0.792952 0.066079 0.801762 0.066079 0.814978 0.070485 0.819383 0.070485 0.837004 0.061674 0.845815 0.061674 0.859031 0.066079 0.863436 0.074890 0.863436 0.079295 0.859031 0.079295 0.845815 0.088106 0.837004 0.092511 0.837004 0.096916 0.832599 0.096916 0.828194 0.092511 0.823789 0.088106 0.823789 0.083700 0.819383 0.083700 0.810573 0.074890 0.801762 0.070485 0.801762 0.066079 0.797357 0.061674 0.797357 0.057269 0.792952 0.057269 0.788546
0 0.444934 0.775330 0.436123 0.775330 0.418502 0.792952 0.418502 0.806167 0.422908 0.810573 0.427313 0.810573 0.431718 0.814978 0.440529 0.806167 0.440529 0.801762 0.436123 0.797357 0.436123 0.788546 0.440529 0.784141 0.444934 0.784141 0.449339 0.779736
0 0.321586 0.762115 0.312775 0.753304 0.308370 0.753304 0.303965 0.748899 0.299559 0.753304 0.299559 0.757709 0.286344 0.770925 0.281938 0.770925 0.268722 0.784141 0.273128 0.788546 0.277533 0.788546 0.281938 0.784141 0.286344 0.784141 0.290749 0.779736 0.303965 0.779736 0.308370 0.775330 0.312775 0.775330 0.317181 0.770925 0.317181 0.766520
0 0.325991 0.726872 0.325991 0.731278 0.330396 0.735683 0.343612 0.735683 0.348018 0.731278 0.352423 0.731278 0.356828 0.726872 0.361233 0.731278 0.365639 0.731278 0.370044 0.735683 0.370044 0.753304 0.374449 0.757709 0.378855 0.753304 0.378855 0.740088 0.374449 0.735683 0.370044 0.735683 0.361233 0.726872 0.361233 0.718062 0.356828 0.713656 0.348018 0.713656 0.343612 0.718062 0.334802 0.718062
0 0.207048 0.704846 0.193833 0.718062 0.193833 0.735683 0.198238 0.740088 0.202643 0.740088 0.207048 0.744493 0.211454 0.744493 0.215859 0.748899 0.215859 0.753304 0.220264 0.757709 0.220264 0.766520 0.224670 0.770925 0.233480 0.770925 0.237885 0.766520 0.237885 0.757709 0.233480 0.753304 0.229075 0.753304 0.224670 0.748899 0.220264 0.748899 0.211454 0.740088 0.211454 0.731278 0.215859 0.726872 0.220264 0.726872 0.224670 0.722467 0.233480 0.722467 0.237885 0.726872 0.246696 0.726872 0.251101 0.722467 0.251101 0.718062 0.242291 0.709251 0.229075 0.709251 0.224670 0.704846
0 0.281938 0.585903 0.277533 0.590308 0.281938 0.594714 0.281938 0.603524 0.290749 0.612335 0.295154 0.612335 0.299559 0.616740 0.303965 0.616740 0.312775 0.607930 0.299559 0.594714 0.295154 0.594714 0.286344 0.585903
0 0.176211 0.555066 0.167401 0.555066 0.158590 0.563877 0.154185 0.563877 0.136564 0.581498 0.132159 0.581498 0.127753 0.585903 0.127753 0.590308 0.123348 0.594714 0.123348 0.607930 0.118943 0.612335 0.114537 0.612335 0.110132 0.616740 0.105727 0.616740 0.101322 0.612335 0.096916 0.612335 0.092511 0.607930 0.092511 0.603524 0.088106 0.599119 0.083700 0.603524 0.083700 0.607930 0.088106 0.612335 0.092511 0.612335 0.101322 0.621145 0.101322 0.625551 0.105727 0.629956 0.110132 0.625551 0.114537 0.629956 0.118943 0.629956 0.132159 0.643172 0.132159 0.647577 0.136564 0.651982 0.136564 0.678414 0.132159 0.682819 0.132159 0.687225 0.140969 0.696035 0.145374 0.696035 0.149780 0.700441 0.154185 0.700441 0.158590 0.696035 0.158590 0.678414 0.154185 0.674009 0.154185 0.665198 0.162996 0.656388 0.167401 0.656388 0.162996 0.656388 0.158590 0.651982 0.158590 0.643172 0.145374 0.629956 0.132159 0.629956 0.127753 0.625551 0.123348 0.625551 0.118943 0.621145 0.118943 0.612335 0.123348 0.607930 0.127753 0.607930 0.132159 0.603524 0.136564 0.603524 0.158590 0.581498 0.162996 0.581498 0.167401 0.577093 0.180617 0.577093 0.185022 0.572687 0.185022 0.563877
0 0.132159 0.524229 0.114537 0.524229 0.110132 0.528634 0.110132 0.541850 0.118943 0.550661 0.123348 0.546256 0.127753 0.546256 0.132159 0.541850 0.132159 0.537445 0.136564 0.533040 0.136564 0.528634
0 0.660793 0.533040 0.660793 0.511013 0.656388 0.506608 0.647577 0.515419 0.643172 0.515419 0.638767 0.519824 0.634361 0.515419 0.629956 0.515419 0.625551 0.511013 0.616740 0.519824 0.625551 0.528634 0.629956 0.524229 0.634361 0.528634 0.638767 0.528634 0.647577 0.537445 0.656388 0.537445
0 0.718062 0.502203 0.713656 0.506608 0.713656 0.515419 0.709251 0.519824 0.709251 0.533040 0.704846 0.537445 0.709251 0.541850 0.709251 0.546256 0.713656 0.550661 0.731278 0.550661 0.735683 0.546256 0.726872 0.537445 0.726872 0.511013 0.731278 0.506608 0.726872 0.502203
0 0.070485 0.502203 0.066079 0.502203 0.057269 0.511013 0.057269 0.519824 0.052863 0.524229 0.052863 0.541850 0.048458 0.546256 0.057269 0.555066 0.061674 0.550661 0.061674 0.528634 0.066079 0.524229 0.066079 0.519824 0.070485 0.515419 0.070485 0.511013 0.074890 0.506608
0 0.299559 0.493392 0.290749 0.484582 0.286344 0.488987 0.277533 0.488987 0.273128 0.493392 0.268722 0.493392 0.264317 0.497797 0.264317 0.506608 0.268722 0.511013 0.273128 0.506608 0.290749 0.506608 0.299559 0.497797
0 0.942731 0.475771 0.933921 0.484582 0.938326 0.488987 0.938326 0.506608 0.947137 0.515419 0.955947 0.506608 0.951542 0.502203 0.951542 0.480176 0.947137 0.475771
0 0.568282 0.466960 0.581498 0.480176 0.585903 0.480176 0.590308 0.475771 0.603524 0.475771 0.612335 0.466960 0.616740 0.466960 0.621145 0.462555 0.625551 0.462555 0.629956 0.466960 0.634361 0.466960 0.638767 0.471366 0.647577 0.471366 0.651982 0.466960 0.651982 0.462555 0.647577 0.458150 0.643172 0.458150 0.638767 0.453745 0.634361 0.458150 0.629956 0.458150 0.625551 0.462555 0.621145 0.462555 0.616740 0.458150 0.612335 0.458150 0.607930 0.453745 0.594714 0.453745 0.590308 0.458150 0.585903 0.458150 0.581498 0.462555 0.572687 0.462555
0 0.211454 0.453745 0.207048 0.458150 0.207048 0.462555 0.211454 0.466960 0.211454 0.493392 0.215859 0.497797 0.215859 0.506608 0.202643 0.519824 0.211454 0.528634 0.215859 0.528634 0.224670 0.519824 0.224670 0.515419 0.220264 0.511013 0.220264 0.497797 0.229075 0.488987 0.229075 0.484582 0.224670 0.480176 0.224670 0.466960
0 0.806167 0.444934 0.801762 0.449339 0.801762 0.480176 0.797357 0.484582 0.797357 0.493392 0.801762 0.497797 0.801762 0.502203 0.806167 0.506608 0.806167 0.515419 0.814978 0.524229 0.823789 0.524229 0.828194 0.528634 0.832599 0.528634 0.837004 0.524229 0.837004 0.515419 0.832599 0.511013 0.828194 0.515419 0.823789 0.511013 0.819383 0.511013 0.810573 0.502203 0.810573 0.493392 0.806167 0.488987 0.806167 0.471366 0.819383 0.458150
0 0.740088 0.431718 0.735683 0.436123 0.722467 0.436123 0.718062 0.440529 0.718062 0.458150 0.722467 0.462555 0.726872 0.462555 0.744493 0.444934 0.744493 0.436123
0 0.110132 0.431718 0.105727 0.431718 0.096916 0.422908 0.092511 0.422908 0.088106 0.427313 0.083700 0.427313 0.079295 0.431718 0.074890 0.431718 0.070485 0.427313 0.066079 0.427313 0.061674 0.422908 0.057269 0.422908 0.052863 0.427313 0.052863 0.449339 0.048458 0.453745 0.044053 0.453745 0.039648 0.458150 0.035242 0.458150 0.030837 0.462555 0.026432 0.462555 0.013216 0.475771 0.017621 0.480176 0.022026 0.480176 0.030837 0.488987 0.035242 0.484582 0.039648 0.484582 0.061674 0.462555 0.061674 0.458150 0.066079 0.453745 0.066079 0.449339 0.074890 0.440529 0.079295 0.440529 0.083700 0.436123 0.088106 0.440529 0.096916 0.440529 0.105727 0.431718
0 0.929515 0.418502 0.925110 0.414097 0.920705 0.414097 0.911894 0.422908 0.907489 0.422908 0.903084 0.427313 0.898678 0.427313 0.894273 0.431718 0.885463 0.431718 0.881057 0.436123 0.876652 0.436123 0.872247 0.431718 0.867841 0.431718 0.859031 0.422908 0.854626 0.427313 0.854626 0.440529 0.859031 0.444934 0.903084 0.444934 0.911894 0.436123 0.916300 0.436123 0.920705 0.431718 0.925110 0.431718 0.929515 0.427313
0 0.484582 0.392070 0.480176 0.396476 0.480176 0.409692 0.488987 0.418502 0.488987 0.431718 0.497797 0.440529 0.511013 0.440529 0.515419 0.436123 0.511013 0.431718 0.511013 0.422908 0.506608 0.418502 0.506608 0.409692 0.488987 0.392070
0 0.392070 0.370044 0.387665 0.374449 0.392070 0.378855 0.392070 0.387665 0.387665 0.392070 0.392070 0.396476 0.392070 0.400881 0.396476 0.400881 0.400881 0.396476 0.409692 0.396476 0.414097 0.392070 0.414097 0.387665 0.396476 0.370044
0 0.149780 0.361233 0.145374 0.365639 0.145374 0.370044 0.140969 0.374449 0.145374 0.378855 0.149780 0.378855 0.158590 0.387665 0.158590 0.418502 0.154185 0.422908 0.149780 0.422908 0.145374 0.427313 0.140969 0.422908 0.132159 0.422908 0.123348 0.431718 0.118943 0.431718 0.123348 0.431718 0.132159 0.440529 0.154185 0.440529 0.167401 0.427313 0.167401 0.418502 0.176211 0.409692 0.176211 0.387665 0.171806 0.383260 0.167401 0.383260 0.162996 0.378855 0.158590 0.378855 0.154185 0.374449 0.154185 0.365639
0 0.052863 0.361233 0.048458 0.365639 0.048458 0.370044 0.052863 0.374449 0.052863 0.378855 0.061674 0.387665 0.070485 0.387665 0.079295 0.378855 0.079295 0.370044 0.070485 0.361233
0 0.726872 0.348018 0.718062 0.356828 0.718062 0.361233 0.722467 0.365639 0.722467 0.374449 0.740088 0.392070 0.753304 0.392070 0.757709 0.387665 0.757709 0.378855 0.762115 0.374449 0.762115 0.370044 0.740088 0.348018
0 0.502203 0.339207 0.488987 0.352423 0.488987 0.356828 0.484582 0.361233 0.480176 0.361233 0.475771 0.365639 0.475771 0.370044 0.480176 0.374449 0.484582 0.370044 0.488987 0.370044 0.493392 0.365639 0.497797 0.365639 0.511013 0.352423 0.506608 0.348018 0.506608 0.343612
0 0.612335 0.343612 0.603524 0.334802 0.599119 0.339207 0.594714 0.339207 0.590308 0.343612 0.585903 0.339207 0.581498 0.339207 0.577093 0.334802 0.572687 0.339207 0.568282 0.334802 0.563877 0.339207 0.559471 0.339207 0.546256 0.352423 0.541850 0.352423 0.537445 0.356828 0.537445 0.365639 0.546256 0.374449 0.550661 0.370044 0.550661 0.361233 0.559471 0.352423 0.563877 0.352423 0.568282 0.348018 0.572687 0.348018 0.577093 0.343612 0.581498 0.343612 0.585903 0.348018 0.590308 0.348018 0.599119 0.356828
0 0.312775 0.259912 0.312775 0.268722 0.308370 0.273128 0.308370 0.277533 0.317181 0.286344 0.330396 0.286344 0.339207 0.277533 0.339207 0.264317 0.334802 0.259912 0.330396 0.264317 0.321586 0.264317 0.317181 0.259912
0 0.748899 0.251101 0.744493 0.251101 0.740088 0.246696 0.731278 0.246696 0.726872 0.251101 0.722467 0.251101 0.704846 0.268722 0.713656 0.277533 0.722467 0.268722 0.726872 0.268722 0.731278 0.264317 0.735683 0.264317 0.740088 0.259912 0.744493 0.259912 0.748899 0.255507
0 0.533040 0.202643 0.528634 0.202643 0.524229 0.207048 0.533040 0.215859 0.533040 0.220264 0.541850 0.229075 0.541850 0.237885 0.537445 0.242291 0.533040 0.242291 0.528634 0.246696 0.519824 0.246696 0.511013 0.255507 0.506608 0.255507 0.502203 0.259912 0.497797 0.259912 0.493392 0.264317 0.493392 0.268722 0.488987 0.273128 0.488987 0.277533 0.480176 0.286344 0.475771 0.286344 0.475771 0.290749 0.480176 0.290749 0.484582 0.295154 0.488987 0.295154 0.493392 0.290749 0.493392 0.281938 0.497797 0.277533 0.502203 0.277533 0.506608 0.273128 0.511013 0.273128 0.515419 0.268722 0.519824 0.273128 0.524229 0.268722 0.528634 0.268722 0.533040 0.264317 0.533040 0.259912 0.537445 0.255507 0.537445 0.246696 0.541850 0.242291 0.546256 0.242291 0.555066 0.233480 0.537445 0.215859 0.537445 0.207048
0 0.000000 0.185022 0.000000 0.246696 0.035242 0.255507 0.096916 0.246696 0.114537 0.259912 0.092511 0.286344 0.096916 0.299559 0.110132 0.299559 0.132159 0.273128 0.198238 0.308370 0.233480 0.348018 0.229075 0.361233 0.198238 0.374449 0.229075 0.387665 0.251101 0.361233 0.281938 0.387665 0.343612 0.506608 0.325991 0.533040 0.334802 0.541850 0.361233 0.537445 0.370044 0.563877 0.453745 0.629956 0.414097 0.709251 0.431718 0.726872 0.436123 0.691630 0.475771 0.687225 0.488987 0.696035 0.466960 0.740088 0.466960 0.770925 0.502203 0.775330 0.550661 0.801762 0.559471 0.828194 0.612335 0.881057 0.625551 0.925110 0.669604 0.995595 0.726872 0.995595 0.704846 0.964758 0.718062 0.942731 0.762115 0.977974 0.766520 0.995595 0.859031 0.995595 0.748899 0.929515 0.696035 0.911894 0.625551 0.832599 0.594714 0.766520 0.515419 0.709251 0.515419 0.687225 0.528634 0.678414 0.546256 0.687225 0.555066 0.713656 0.572687 0.696035 0.537445 0.678414 0.537445 0.665198 0.572687 0.629956 0.519824 0.647577 0.493392 0.634361 0.488987 0.590308 0.506608 0.577093 0.502203 0.568282 0.458150 0.550661 0.387665 0.484582 0.334802 0.405286 0.299559 0.325991 0.224670 0.259912 0.171806 0.242291 0.145374 0.220264 0.140969 0.202643 0.193833 0.193833 0.198238 0.167401 0.167401 0.185022 0.140969 0.162996 0.145374 0.185022 0.132159 0.193833 0.118943 0.185022
0 0.682819 0.149780 0.674009 0.158590 0.674009 0.167401 0.665198 0.176211 0.665198 0.180617 0.651982 0.193833 0.647577 0.193833 0.638767 0.202643 0.638767 0.215859 0.643172 0.220264 0.647577 0.220264 0.656388 0.229075 0.656388 0.237885 0.665198 0.246696 0.674009 0.246696 0.678414 0.242291 0.678414 0.229075 0.669604 0.220264 0.665198 0.220264 0.656388 0.211454 0.656388 0.198238 0.665198 0.189427 0.669604 0.189427 0.678414 0.180617 0.678414 0.171806 0.682819 0.167401 0.687225 0.167401 0.691630 0.162996 0.691630 0.158590
0 0.317181 0.180617 0.312775 0.176211 0.312775 0.171806 0.308370 0.167401 0.303965 0.167401 0.299559 0.162996 0.295154 0.162996 0.290749 0.158590 0.286344 0.158590 0.277533 0.149780 0.273128 0.149780 0.268722 0.154185 0.268722 0.162996 0.264317 0.167401 0.259912 0.167401 0.255507 0.171806 0.251101 0.171806 0.246696 0.167401 0.242291 0.167401 0.237885 0.171806 0.237885 0.189427 0.233480 0.193833 0.233480 0.198238 0.237885 0.202643 0.242291 0.202643 0.246696 0.198238 0.246696 0.189427 0.251101 0.185022 0.255507 0.185022 0.259912 0.180617 0.264317 0.180617 0.268722 0.176211 0.281938 0.176211 0.286344 0.180617 0.290749 0.180617 0.295154 0.185022 0.299559 0.185022 0.303965 0.189427 0.312775 0.189427 0.317181 0.185022
0 0.850220 0.145374 0.837004 0.132159 0.832599 0.132159 0.828194 0.127753 0.819383 0.127753 0.814978 0.132159 0.806167 0.132159 0.801762 0.127753 0.797357 0.127753 0.792952 0.123348 0.788546 0.123348 0.784141 0.127753 0.779736 0.127753 0.775330 0.132159 0.770925 0.127753 0.766520 0.132159 0.757709 0.132159 0.748899 0.140969 0.744493 0.140969 0.740088 0.145374 0.740088 0.149780 0.735683 0.154185 0.735683 0.158590 0.726872 0.167401 0.731278 0.171806 0.735683 0.171806 0.748899 0.158590 0.753304 0.158590 0.762115 0.149780 0.766520 0.149780 0.775330 0.140969 0.779736 0.140969 0.784141 0.136564 0.788546 0.136564 0.792952 0.132159 0.797357 0.132159 0.801762 0.127753 0.806167 0.132159 0.810573 0.132159 0.814978 0.136564 0.814978 0.140969 0.832599 0.158590 0.845815 0.158590 0.850220 0.154185
0 0.422908 0.105727 0.409692 0.118943 0.409692 0.123348 0.418502 0.132159 0.418502 0.149780 0.422908 0.154185 0.427313 0.149780 0.427313 0.145374 0.431718 0.140969 0.436123 0.140969 0.440529 0.136564 0.436123 0.136564 0.431718 0.132159 0.431718 0.118943 0.427313 0.114537 0.427313 0.110132
0 0.718062 0.083700 0.713656 0.088106 0.713656 0.092511 0.722467 0.101322 0.726872 0.101322 0.735683 0.110132 0.744493 0.101322 0.744493 0.092511 0.735683 0.083700
0 0.651982 0.057269 0.647577 0.057269 0.638767 0.066079 0.638767 0.070485 0.629956 0.079295 0.625551 0.079295 0.621145 0.083700 0.621145 0.092511 0.625551 0.096916 0.629956 0.096916 0.647577 0.079295 0.651982 0.079295 0.656388 0.074890 0.651982 0.070485
0 0.577093 0.052863 0.572687 0.057269 0.568282 0.057269 0.559471 0.066079 0.559471 0.074890 0.563877 0.079295 0.577093 0.079295 0.585903 0.070485 0.585903 0.061674
0 0.493392 0.000000 0.493392 0.008811 0.488987 0.013216 0.493392 0.017621 0.493392 0.026432 0.511013 0.044053 0.511013 0.061674 0.515419 0.066079 0.519824 0.061674 0.524229 0.061674 0.528634 0.057269 0.528634 0.035242 0.533040 0.030837 0.537445 0.030837 0.541850 0.026432 0.546256 0.030837 0.550661 0.026432 0.546256 0.022026 0.537445 0.030837 0.533040 0.030837 0.528634 0.035242 0.524229 0.030837 0.519824 0.030837 0.511013 0.022026 0.511013 0.008811 0.506608 0.004405 0.506608 0.000000
