0 0.885463 0.969163 0.881057 0.973568 0.881057 0.995595 0.907489 0.995595 0.907489 0.982379 0.898678 0.973568 0.889868 0.973568
0 0.273128 0.942731 0.268722 0.938326 0.251101 0.955947 0.246696 0.955947 0.242291 0.960352 0.237885 0.960352 0.233480 0.955947 0.229075 0.960352 0.229075 0.964758 0.233480 0.969163 0.251101 0.969163 0.255507 0.964758 0.264317 0.964758 0.273128 0.955947
0 0.687225 0.929515 0.682819 0.929515 0.678414 0.933921 0.678414 0.942731 0.669604 0.951542 0.669604 0.955947 0.660793 0.964758 0.660793 0.969163 0.656388 0.973568 0.656388 0.977974 0.660793 0.982379 0.665198 0.982379 0.669604 0.977974 0.669604 0.964758 0.678414 0.955947 0.682819 0.955947 0.687225 0.951542 0.687225 0.942731 0.691630 0.938326 0.691630 0.933921
0 0.506608 0.929515 0.502203 0.933921 0.502203 0.942731 0.511013 0.951542 0.511013 0.960352 0.506608 0.964758 0.506608 0.995595 0.524229 0.995595 0.519824 0.991189 0.519824 0.982379 0.533040 0.969163 0.533040 0.964758 0.515419 0.947137 0.515419 0.933921 0.511013 0.929515
0 0.334802 0.938326 0.334802 0.942731 0.339207 0.947137 0.348018 0.947137 0.352423 0.951542 0.356828 0.951542 0.361233 0.955947 0.361233 0.960352 0.365639 0.964758 0.370044 0.964758 0.374449 0.969163 0.378855 0.969163 0.387665 0.977974 0.387665 0.995595 0.414097 0.995595 0.414097 0.991189 0.400881 0.977974 0.400881 0.969163 0.405286 0.964758 0.409692 0.964758 0.414097 0.960352 0.418502 0.960352 0.422908 0.964758 0.427313 0.960352 0.427313 0.951542 0.422908 0.947137 0.414097 0.947137 0.409692 0.951542 0.405286 0.951542 0.400881 0.955947 0.387665 0.955947 0.383260 0.951542 0.370044 0.951542 0.365639 0.955947 0.361233 0.951542 0.356828 0.951542 0.352423 0.947137 0.352423 0.942731 0.348018 0.938326 0.348018 0.933921 0.343612 0.929515
0 0.000000 0.929515 0.000000 0.947137 0.004405 0.947137 0.008811 0.951542 0.013216 0.951542 0.017621 0.955947 0.022026 0.955947 0.026432 0.960352 0.030837 0.960352 0.035242 0.964758 0.039648 0.964758 0.048458 0.973568 0.052863 0.973568 0.057269 0.977974 0.070485 0.977974 0.074890 0.973568 0.074890 0.969163 0.061674 0.955947 0.057269 0.955947 0.052863 0.951542 0.044053 0.951542 0.039648 0.947137 0.035242 0.947137 0.030837 0.942731 0.030837 0.938326 0.022026 0.929515
0 0.933921 0.929515 0.933921 0.933921 0.947137 0.947137 0.947137 0.951542 0.951542 0.955947 0.955947 0.955947 0.960352 0.960352 0.964758 0.960352 0.969163 0.964758 0.969163 0.969163 0.973568 0.973568 0.977974 0.969163 0.982379 0.969163 0.986784 0.964758 0.991189 0.964758 0.986784 0.964758 0.982379 0.960352 0.977974 0.960352 0.973568 0.955947 0.969163 0.955947 0.964758 0.951542 0.964758 0.938326 0.955947 0.929515 0.947137 0.929515 0.942731 0.925110 0.938326 0.925110
0 0.572687 0.903084 0.572687 0.907489 0.581498 0.916300 0.585903 0.916300 0.590308 0.920705 0.594714 0.920705 0.603524 0.929515 0.607930 0.929515 0.621145 0.942731 0.629956 0.942731 0.638767 0.933921 0.634361 0.929515 0.625551 0.929515 0.621145 0.925110 0.616740 0.925110 0.594714 0.903084 0.594714 0.898678 0.590308 0.894273 0.585903 0.894273 0.581498 0.898678 0.577093 0.898678
0 0.480176 0.876652 0.462555 0.894273 0.475771 0.907489 0.480176 0.907489 0.484582 0.911894 0.488987 0.907489 0.488987 0.894273 0.484582 0.889868 0.484582 0.881057
0 0.154185 0.867841 0.140969 0.867841 0.136564 0.872247 0.136564 0.876652 0.132159 0.881057 0.132159 0.889868 0.136564 0.894273 0.136564 0.903084 0.132159 0.907489 0.132159 0.911894 0.127753 0.916300 0.127753 0.920705 0.132159 0.925110 0.132159 0.929515 0.136564 0.933921 0.140969 0.929515 0.140969 0.907489 0.136564 0.903084 0.136564 0.894273 0.140969 0.889868 0.145374 0.889868 0.149780 0.885463 0.154185 0.885463 0.158590 0.881057 0.162996 0.881057 0.167401 0.876652 0.162996 0.872247 0.158590 0.872247
0 0.995595 0.850220 0.986784 0.859031 0.986784 0.863436 0.977974 0.872247 0.973568 0.872247 0.964758 0.881057 0.964758 0.885463 0.960352 0.889868 0.960352 0.898678 0.964758 0.903084 0.969163 0.903084 0.982379 0.889868 0.982379 0.881057 0.986784 0.876652 0.991189 0.876652 0.995595 0.872247
0 0.229075 0.845815 0.224670 0.850220 0.224670 0.854626 0.220264 0.859031 0.220264 0.867841 0.229075 0.876652 0.229075 0.889868 0.224670 0.894273 0.220264 0.894273 0.207048 0.907489 0.211454 0.911894 0.211454 0.916300 0.215859 0.920705 0.224670 0.920705 0.233480 0.911894 0.233480 0.881057 0.237885 0.876652 0.237885 0.863436 0.233480 0.859031 0.233480 0.850220
0 0.418502 0.841410 0.414097 0.845815 0.414097 0.859031 0.418502 0.863436 0.418502 0.872247 0.414097 0.876652 0.414097 0.885463 0.405286 0.894273 0.405286 0.916300 0.409692 0.920705 0.418502 0.911894 0.418502 0.903084 0.422908 0.898678 0.422908 0.894273 0.427313 0.889868 0.427313 0.885463 0.431718 0.881057 0.431718 0.876652 0.436123 0.872247 0.431718 0.867841 0.427313 0.867841 0.422908 0.863436 0.422908 0.845815
0 0.325991 0.832599 0.321586 0.832599 0.312775 0.841410 0.312775 0.845815 0.308370 0.850220 0.308370 0.854626 0.303965 0.859031 0.303965 0.876652 0.308370 0.881057 0.308370 0.885463 0.312775 0.889868 0.317181 0.889868 0.321586 0.885463 0.321586 0.859031 0.330396 0.850220 0.330396 0.837004
0 0.801762 0.828194 0.792952 0.819383 0.788546 0.819383 0.784141 0.814978 0.775330 0.823789 0.770925 0.823789 0.766520 0.828194 0.762115 0.823789 0.753304 0.832599 0.748899 0.832599 0.744493 0.837004 0.740088 0.837004 0.735683 0.841410 0.726872 0.841410 0.722467 0.845815 0.718062 0.845815 0.704846 0.859031 0.704846 0.867841 0.709251 0.872247 0.713656 0.872247 0.726872 0.859031 0.726872 0.854626 0.731278 0.850220 0.735683 0.850220 0.740088 0.845815 0.744493 0.845815 0.748899 0.850220 0.757709 0.850220 0.770925 0.837004 0.775330 0.837004 0.779736 0.832599 0.792952 0.832599 0.797357 0.837004 0.801762 0.832599
0 0.378855 0.814978 0.374449 0.814978 0.370044 0.819383 0.370044 0.832599 0.365639 0.837004 0.365639 0.841410 0.370044 0.845815 0.370044 0.859031 0.374449 0.863436 0.378855 0.859031 0.383260 0.859031 0.387665 0.854626 0.387665 0.841410 0.392070 0.837004 0.392070 0.828194 0.396476 0.823789 0.392070 0.819383 0.383260 0.819383
0 0.502203 0.810573 0.497797 0.814978 0.497797 0.828194 0.502203 0.832599 0.506608 0.832599 0.515419 0.841410 0.519824 0.841410 0.528634 0.850220 0.528634 0.859031 0.524229 0.863436 0.524229 0.867841 0.519824 0.872247 0.519824 0.903084 0.524229 0.907489 0.528634 0.907489 0.533040 0.911894 0.537445 0.911894 0.541850 0.916300 0.541850 0.920705 0.546256 0.925110 0.550661 0.920705 0.546256 0.916300 0.541850 0.916300 0.537445 0.911894 0.537445 0.881057 0.546256 0.872247 0.546256 0.867841 0.563877 0.850220 0.563877 0.845815 0.559471 0.841410 0.550661 0.841410 0.546256 0.845815 0.541850 0.845815 0.537445 0.850220 0.533040 0.850220 0.528634 0.845815 0.524229 0.845815 0.519824 0.841410 0.519824 0.832599 0.524229 0.828194 0.506608 0.810573
0 0.885463 0.810573 0.889868 0.814978 0.894273 0.814978 0.898678 0.819383 0.907489 0.819383 0.911894 0.823789 0.916300 0.823789 0.920705 0.828194 0.925110 0.828194 0.929515 0.832599 0.951542 0.832599 0.955947 0.828194 0.964758 0.828194 0.969163 0.823789 0.977974 0.823789 0.982379 0.819383 0.973568 0.810573 0.964758 0.810573 0.960352 0.814978 0.942731 0.814978 0.938326 0.810573 0.929515 0.810573 0.925110 0.806167 0.920705 0.810573 0.916300 0.810573 0.911894 0.806167 0.907489 0.806167 0.903084 0.801762 0.898678 0.801762 0.894273 0.806167 0.889868 0.806167
0 0.022026 0.819383 0.030837 0.828194 0.039648 0.828194 0.044053 0.823789 0.048458 0.828194 0.057269 0.828194 0.061674 0.823789 0.079295 0.823789 0.083700 0.828194 0.088106 0.828194 0.092511 0.832599 0.092511 0.837004 0.096916 0.841410 0.096916 0.850220 0.083700 0.863436 0.083700 0.872247 0.088106 0.876652 0.096916 0.876652 0.101322 0.881057 0.105727 0.876652 0.105727 0.832599 0.101322 0.828194 0.096916 0.828194 0.092511 0.823789 0.092511 0.810573 0.096916 0.806167 0.101322 0.806167 0.105727 0.801762 0.096916 0.792952 0.092511 0.792952 0.088106 0.797357 0.088106 0.806167 0.083700 0.810573 0.079295 0.810573 0.074890 0.814978 0.066079 0.814978 0.061674 0.819383 0.057269 0.819383 0.052863 0.814978 0.044053 0.814978 0.039648 0.810573 0.030837 0.810573
0 0.229075 0.748899 0.220264 0.748899 0.215859 0.753304 0.207048 0.753304 0.202643 0.757709 0.211454 0.766520 0.211454 0.775330 0.202643 0.784141 0.207048 0.788546 0.211454 0.784141 0.211454 0.775330 0.215859 0.770925 0.220264 0.770925 0.224670 0.766520 0.229075 0.766520 0.233480 0.762115 0.233480 0.753304
0 0.118943 0.713656 0.110132 0.704846 0.096916 0.704846 0.092511 0.700441 0.083700 0.700441 0.079295 0.704846 0.079295 0.722467 0.074890 0.726872 0.070485 0.726872 0.066079 0.731278 0.061674 0.731278 0.057269 0.735683 0.057269 0.740088 0.052863 0.744493 0.052863 0.753304 0.048458 0.757709 0.044053 0.757709 0.039648 0.762115 0.035242 0.757709 0.030837 0.757709 0.026432 0.753304 0.026432 0.748899 0.022026 0.744493 0.017621 0.748899 0.017621 0.753304 0.022026 0.757709 0.026432 0.753304 0.030837 0.757709 0.035242 0.757709 0.039648 0.762115 0.039648 0.766520 0.048458 0.775330 0.052863 0.775330 0.057269 0.770925 0.057269 0.766520 0.061674 0.762115 0.066079 0.762115 0.074890 0.753304 0.074890 0.731278 0.079295 0.726872 0.083700 0.726872 0.088106 0.722467 0.110132 0.722467
0 0.400881 0.696035 0.396476 0.700441 0.392070 0.700441 0.387665 0.704846 0.387665 0.709251 0.392070 0.713656 0.396476 0.713656 0.405286 0.722467 0.405286 0.731278 0.400881 0.735683 0.400881 0.757709 0.396476 0.762115 0.396476 0.775330 0.400881 0.779736 0.409692 0.779736 0.414097 0.775330 0.414097 0.770925 0.409692 0.766520 0.409692 0.753304 0.422908 0.740088 0.422908 0.726872 0.418502 0.722467 0.414097 0.722467 0.409692 0.718062 0.409692 0.700441 0.405286 0.696035
0 0.493392 0.691630 0.484582 0.691630 0.480176 0.696035 0.480176 0.704846 0.471366 0.713656 0.471366 0.731278 0.475771 0.735683 0.484582 0.735683 0.488987 0.731278 0.484582 0.726872 0.484582 0.709251 0.497797 0.696035
0 0.577093 0.678414 0.572687 0.682819 0.577093 0.687225 0.577093 0.696035 0.572687 0.700441 0.572687 0.704846 0.568282 0.709251 0.572687 0.709251 0.581498 0.718062 0.590308 0.718062 0.594714 0.713656 0.594714 0.700441 0.590308 0.696035 0.590308 0.691630 0.585903 0.687225 0.585903 0.682819 0.581498 0.678414
0 0.000000 0.634361 0.000000 0.647577 0.004405 0.651982 0.008811 0.651982 0.013216 0.656388 0.017621 0.656388 0.022026 0.660793 0.026432 0.660793 0.030837 0.665198 0.035242 0.660793 0.035242 0.651982 0.022026 0.638767 0.017621 0.638767 0.013216 0.634361
0 0.154185 0.634361 0.149780 0.638767 0.149780 0.647577 0.140969 0.656388 0.140969 0.660793 0.136564 0.665198 0.136564 0.674009 0.132159 0.678414 0.140969 0.687225 0.154185 0.674009 0.154185 0.660793 0.162996 0.651982 0.167401 0.651982 0.180617 0.643172 0.193833 0.647577 0.207048 0.660793 0.207048 0.669604 0.202643 0.674009 0.198238 0.674009 0.189427 0.682819 0.185022 0.682819 0.176211 0.691630 0.176211 0.700441 0.180617 0.704846 0.189427 0.704846 0.198238 0.696035 0.198238 0.691630 0.211454 0.682819 0.224670 0.682819 0.229075 0.687225 0.233480 0.687225 0.246696 0.700441 0.246696 0.704846 0.251101 0.709251 0.251101 0.713656 0.259912 0.726872 0.264317 0.726872 0.268722 0.731278 0.277533 0.731278 0.290749 0.740088 0.290749 0.753304 0.295154 0.757709 0.295154 0.762115 0.303965 0.775330 0.303965 0.788546 0.317181 0.801762 0.325991 0.792952 0.321586 0.788546 0.321586 0.784141 0.312775 0.775330 0.312775 0.757709 0.299559 0.744493 0.299559 0.731278 0.259912 0.696035 0.255507 0.696035 0.246696 0.687225 0.242291 0.687225 0.229075 0.674009 0.215859 0.669604 0.207048 0.660793 0.207048 0.647577 0.189427 0.625551 0.176211 0.634361
0 0.361233 0.616740 0.356828 0.616740 0.343612 0.629956 0.343612 0.638767 0.348018 0.643172 0.348018 0.651982 0.334802 0.665198 0.334802 0.669604 0.339207 0.674009 0.348018 0.674009 0.352423 0.669604 0.352423 0.651982 0.361233 0.643172 0.361233 0.638767 0.365639 0.634361 0.365639 0.629956 0.370044 0.625551
0 0.748899 0.546256 0.744493 0.541850 0.726872 0.559471 0.722467 0.559471 0.718062 0.563877 0.709251 0.563877 0.704846 0.559471 0.696035 0.568282 0.696035 0.572687 0.704846 0.581498 0.709251 0.581498 0.713656 0.577093 0.718062 0.577093 0.722467 0.572687 0.735683 0.572687 0.740088 0.568282 0.740088 0.563877 0.744493 0.559471 0.744493 0.555066 0.748899 0.550661
0 0.044053 0.528634 0.039648 0.524229 0.035242 0.524229 0.030837 0.528634 0.030837 0.533040 0.026432 0.537445 0.026432 0.546256 0.022026 0.550661 0.022026 0.555066 0.017621 0.559471 0.013216 0.559471 0.008811 0.563877 0.004405 0.563877 0.008811 0.563877 0.013216 0.568282 0.030837 0.568282 0.035242 0.563877 0.035242 0.559471 0.039648 0.555066 0.039648 0.537445 0.044053 0.533040
0 0.563877 0.506608 0.563877 0.511013 0.568282 0.515419 0.572687 0.515419 0.581498 0.524229 0.581498 0.528634 0.585903 0.533040 0.590308 0.533040 0.594714 0.528634 0.599119 0.528634 0.603524 0.524229 0.607930 0.524229 0.612335 0.528634 0.616740 0.524229 0.616740 0.515419 0.621145 0.511013 0.616740 0.506608 0.612335 0.511013 0.607930 0.511013 0.603524 0.515419 0.590308 0.515419 0.585903 0.511013 0.581498 0.511013 0.572687 0.502203 0.568282 0.502203
0 0.806167 0.462555 0.801762 0.462555 0.788546 0.475771 0.784141 0.475771 0.779736 0.480176 0.775330 0.480176 0.770925 0.484582 0.770925 0.488987 0.779736 0.497797 0.788546 0.497797 0.801762 0.484582 0.801762 0.475771 0.810573 0.466960
0 0.484582 0.471366 0.493392 0.480176 0.497797 0.480176 0.515419 0.497797 0.528634 0.497797 0.533040 0.493392 0.533040 0.488987 0.515419 0.471366 0.515419 0.466960 0.511013 0.462555 0.493392 0.462555
0 0.594714 0.414097 0.599119 0.418502 0.603524 0.414097 0.607930 0.418502 0.612335 0.414097 0.616740 0.414097 0.621145 0.409692 0.625551 0.409692 0.629956 0.414097 0.634361 0.414097 0.643172 0.422908 0.651982 0.422908 0.656388 0.427313 0.660793 0.427313 0.665198 0.431718 0.669604 0.427313 0.669604 0.422908 0.665198 0.418502 0.660793 0.418502 0.656388 0.414097 0.651982 0.414097 0.643172 0.405286 0.638767 0.409692 0.634361 0.409692 0.629956 0.414097 0.625551 0.409692 0.621145 0.409692 0.612335 0.400881 0.607930 0.405286 0.603524 0.405286
0 0.000000 0.400881 0.000000 0.444934 0.026432 0.436123 0.074890 0.480176 0.070485 0.493392 0.052863 0.497797 0.026432 0.466960 0.004405 0.466960 0.000000 0.502203 0.035242 0.497797 0.070485 0.511013 0.074890 0.533040 0.092511 0.519824 0.110132 0.533040 0.096916 0.555066 0.101322 0.572687 0.048458 0.590308 0.052863 0.607930 0.101322 0.603524 0.110132 0.537445 0.136564 0.528634 0.167401 0.559471 0.198238 0.559471 0.224670 0.590308 0.255507 0.563877 0.303965 0.559471 0.321586 0.568282 0.321586 0.590308 0.339207 0.559471 0.383260 0.590308 0.440529 0.599119 0.475771 0.634361 0.502203 0.629956 0.533040 0.651982 0.577093 0.647577 0.603524 0.665198 0.616740 0.660793 0.678414 0.696035 0.665198 0.713656 0.674009 0.731278 0.700441 0.709251 0.810573 0.700441 0.876652 0.731278 0.881057 0.753304 0.898678 0.740088 0.929515 0.753304 0.942731 0.731278 0.960352 0.731278 0.995595 0.704846 0.995595 0.599119 0.964758 0.612335 0.889868 0.607930 0.885463 0.629956 0.837004 0.638767 0.819383 0.629956 0.810573 0.603524 0.806167 0.634361 0.740088 0.647577 0.687225 0.621145 0.687225 0.594714 0.669604 0.612335 0.590308 0.581498 0.590308 0.559471 0.577093 0.568282 0.563877 0.559471 0.563877 0.577093 0.550661 0.585903 0.453745 0.524229 0.361233 0.497797 0.361233 0.475771 0.396476 0.449339 0.356828 0.431718 0.330396 0.444934 0.277533 0.414097 0.237885 0.444934 0.255507 0.453745 0.286344 0.436123 0.312775 0.462555 0.237885 0.493392 0.211454 0.462555 0.198238 0.466960 0.158590 0.436123 0.136564 0.431718 0.127753 0.449339 0.110132 0.453745 0.096916 0.444934 0.101322 0.431718 0.070485 0.409692
0 0.788546 0.365639 0.788546 0.383260 0.797357 0.392070 0.801762 0.392070 0.810573 0.383260 0.814978 0.383260 0.819383 0.378855 0.823789 0.378855 0.828194 0.383260 0.832599 0.383260 0.837004 0.387665 0.841410 0.383260 0.832599 0.374449 0.828194 0.378855 0.823789 0.374449 0.819383 0.374449 0.814978 0.370044 0.814978 0.365639 0.810573 0.361233 0.806167 0.365639 0.801762 0.365639 0.797357 0.361233 0.792952 0.361233
0 0.431718 0.365639 0.436123 0.370044 0.436123 0.378855 0.440529 0.383260 0.440529 0.387665 0.444934 0.392070 0.462555 0.392070 0.471366 0.383260 0.471366 0.374449 0.466960 0.370044 0.462555 0.370044 0.449339 0.356828 0.444934 0.356828 0.436123 0.365639
0 0.022026 0.356828 0.044053 0.378855 0.061674 0.378855 0.066079 0.374449 0.061674 0.370044 0.061674 0.365639 0.048458 0.352423 0.044053 0.352423 0.039648 0.348018 0.035242 0.352423 0.026432 0.352423
0 0.621145 0.330396 0.612335 0.339207 0.612335 0.356828 0.616740 0.361233 0.616740 0.365639 0.621145 0.370044 0.625551 0.370044 0.634361 0.361233 0.629956 0.356828 0.629956 0.348018 0.634361 0.343612 0.629956 0.339207 0.629956 0.334802 0.625551 0.330396
0 0.480176 0.308370 0.475771 0.303965 0.466960 0.303965 0.462555 0.308370 0.458150 0.308370 0.453745 0.312775 0.444934 0.312775 0.440529 0.317181 0.436123 0.317181 0.431718 0.321586 0.427313 0.317181 0.422908 0.317181 0.418502 0.312775 0.414097 0.312775 0.405286 0.321586 0.405286 0.325991 0.409692 0.330396 0.414097 0.330396 0.418502 0.325991 0.422908 0.325991 0.427313 0.321586 0.431718 0.321586 0.436123 0.325991 0.440529 0.325991 0.444934 0.330396 0.462555 0.330396 0.466960 0.325991 0.475771 0.325991 0.480176 0.321586
0 0.933921 0.259912 0.933921 0.286344 0.942731 0.295154 0.951542 0.286344 0.951542 0.277533 0.955947 0.273128 0.960352 0.273128 0.964758 0.268722 0.977974 0.268722 0.982379 0.273128 0.986784 0.273128 0.991189 0.277533 0.991189 0.290749 0.986784 0.295154 0.991189 0.299559 0.995595 0.295154 0.995595 0.268722 0.991189 0.264317 0.973568 0.264317 0.969163 0.259912 0.964758 0.259912 0.960352 0.255507 0.938326 0.255507
0 0.814978 0.242291 0.810573 0.242291 0.801762 0.251101 0.797357 0.251101 0.792952 0.255507 0.788546 0.255507 0.784141 0.251101 0.779736 0.251101 0.775330 0.255507 0.766520 0.255507 0.762115 0.251101 0.753304 0.259912 0.748899 0.259912 0.744493 0.264317 0.744493 0.268722 0.735683 0.277533 0.731278 0.277533 0.722467 0.286344 0.722467 0.295154 0.718062 0.299559 0.718062 0.303965 0.722467 0.308370 0.726872 0.303965 0.735683 0.303965 0.753304 0.286344 0.757709 0.286344 0.766520 0.277533 0.766520 0.268722 0.770925 0.264317 0.775330 0.264317 0.779736 0.259912 0.784141 0.264317 0.788546 0.259912 0.792952 0.264317 0.797357 0.264317 0.806167 0.273128 0.814978 0.264317 0.814978 0.255507 0.819383 0.251101 0.814978 0.246696
0 0.220264 0.229075 0.198238 0.229075 0.189427 0.237885 0.189427 0.264317 0.198238 0.273128 0.202643 0.273128 0.207048 0.277533 0.215859 0.268722 0.220264 0.268722 0.242291 0.246696 0.229075 0.233480 0.224670 0.233480
0 0.118943 0.220264 0.114537 0.224670 0.114537 0.229075 0.123348 0.237885 0.123348 0.255507 0.127753 0.259912 0.127753 0.264317 0.132159 0.268722 0.140969 0.268722 0.145374 0.273128 0.149780 0.273128 0.154185 0.268722 0.154185 0.255507 0.149780 0.251101 0.145374 0.251101 0.140969 0.246696 0.136564 0.246696 0.132159 0.242291 0.132159 0.229075 0.123348 0.220264
0 0.581498 0.215859 0.577093 0.215859 0.568282 0.224670 0.568282 0.233480 0.563877 0.237885 0.559471 0.237885 0.555066 0.242291 0.550661 0.242291 0.546256 0.237885 0.541850 0.242291 0.546256 0.246696 0.550661 0.246696 0.559471 0.255507 0.559471 0.259912 0.568282 0.268722 0.572687 0.264317 0.568282 0.259912 0.568282 0.237885 0.572687 0.233480 0.577093 0.233480 0.581498 0.229075 0.581498 0.224670 0.585903 0.220264
0 0.418502 0.193833 0.422908 0.198238 0.427313 0.198238 0.436123 0.207048 0.436123 0.215859 0.427313 0.224670 0.427313 0.233480 0.431718 0.237885 0.436123 0.233480 0.466960 0.233480 0.480176 0.220264 0.475771 0.215859 0.462555 0.215859 0.458150 0.211454 0.444934 0.211454 0.440529 0.207048 0.436123 0.207048 0.431718 0.202643 0.431718 0.193833 0.427313 0.189427 0.422908 0.189427
0 0.731278 0.189427 0.731278 0.198238 0.740088 0.207048 0.748899 0.207048 0.753304 0.211454 0.766520 0.211454 0.775330 0.202643 0.770925 0.198238 0.766520 0.198238 0.748899 0.180617 0.744493 0.185022 0.740088 0.180617
0 0.211454 0.193833 0.211454 0.198238 0.215859 0.198238 0.220264 0.202643 0.237885 0.202643 0.242291 0.198238 0.242291 0.189427 0.233480 0.180617 0.224670 0.180617 0.220264 0.185022 0.220264 0.189427 0.215859 0.193833
0 0.894273 0.167401 0.876652 0.167401 0.863436 0.180617 0.863436 0.185022 0.854626 0.193833 0.854626 0.202643 0.850220 0.207048 0.850220 0.215859 0.854626 0.215859 0.859031 0.220264 0.867841 0.220264 0.876652 0.211454 0.876652 0.189427 0.889868 0.176211 0.894273 0.176211 0.898678 0.171806
0 0.506608 0.171806 0.511013 0.176211 0.515419 0.171806 0.528634 0.171806 0.533040 0.176211 0.537445 0.176211 0.541850 0.180617 0.541850 0.189427 0.546256 0.193833 0.559471 0.193833 0.563877 0.189427 0.568282 0.189427 0.572687 0.185022 0.572687 0.180617 0.568282 0.176211 0.563877 0.180617 0.559471 0.176211 0.550661 0.176211 0.546256 0.171806 0.541850 0.171806 0.537445 0.167401 0.537445 0.162996 0.533040 0.158590 0.524229 0.158590 0.515419 0.167401 0.511013 0.167401
0 0.237885 0.127753 0.237885 0.132159 0.242291 0.132159 0.259912 0.149780 0.264317 0.145374 0.273128 0.145374 0.277533 0.140969 0.273128 0.136564 0.273128 0.127753 0.268722 0.123348 0.242291 0.123348
0 0.066079 0.123348 0.066079 0.127753 0.070485 0.132159 0.074890 0.127753 0.083700 0.127753 0.088106 0.132159 0.092511 0.132159 0.101322 0.140969 0.105727 0.140969 0.110132 0.145374 0.114537 0.145374 0.127753 0.158590 0.132159 0.158590 0.136564 0.162996 0.136564 0.171806 0.140969 0.176211 0.140969 0.189427 0.145374 0.193833 0.154185 0.193833 0.158590 0.189427 0.158590 0.185022 0.154185 0.180617 0.154185 0.176211 0.149780 0.171806 0.145374 0.171806 0.140969 0.167401 0.140969 0.154185 0.136564 0.149780 0.136564 0.145374 0.105727 0.114537 0.096916 0.123348 0.092511 0.123348 0.088106 0.127753 0.083700 0.127753 0.079295 0.123348 0.074890 0.123348 0.070485 0.118943
0 0.823789 0.110132 0.814978 0.101322 0.806167 0.101322 0.801762 0.096916 0.792952 0.096916 0.788546 0.101322 0.775330 0.101322 0.753304 0.123348 0.748899 0.123348 0.744493 0.127753 0.744493 0.132159 0.748899 0.136564 0.753304 0.132159 0.784141 0.132159 0.788546 0.127753 0.792952 0.127753 0.797357 0.132159 0.814978 0.132159 0.823789 0.123348
0 0.185022 0.079295 0.180617 0.083700 0.180617 0.092511 0.185022 0.096916 0.185022 0.110132 0.189427 0.114537 0.198238 0.114537 0.202643 0.110132 0.202643 0.088106 0.193833 0.079295
0 0.370044 0.066079 0.361233 0.057269 0.352423 0.057269 0.348018 0.061674 0.348018 0.070485 0.343612 0.074890 0.343612 0.079295 0.339207 0.083700 0.334802 0.083700 0.330396 0.088106 0.325991 0.088106 0.321586 0.083700 0.317181 0.083700 0.312775 0.079295 0.308370 0.079295 0.299559 0.088106 0.299559 0.092511 0.308370 0.101322 0.312775 0.101322 0.317181 0.105727 0.321586 0.101322 0.330396 0.101322 0.339207 0.092511 0.343612 0.092511 0.361233 0.074890 0.365639 0.074890 0.370044 0.070485
0 0.000000 0.061674 0.000000 0.074890 0.004405 0.070485 0.022026 0.070485 0.026432 0.066079 0.035242 0.066079 0.039648 0.070485 0.044053 0.070485 0.048458 0.074890 0.048458 0.079295 0.052863 0.083700 0.070485 0.083700 0.079295 0.074890 0.074890 0.070485 0.070485 0.070485 0.066079 0.066079 0.061674 0.070485 0.057269 0.066079 0.048458 0.066079 0.044053 0.070485 0.039648 0.070485 0.035242 0.066079 0.030837 0.066079 0.017621 0.052863 0.013216 0.052863 0.008811 0.057269 0.004405 0.057269
0 0.568282 0.057269 0.563877 0.052863 0.555066 0.052863 0.550661 0.048458 0.546256 0.048458 0.541850 0.052863 0.541850 0.061674 0.537445 0.066079 0.533040 0.066079 0.528634 0.070485 0.524229 0.066079 0.519824 0.066079 0.515419 0.061674 0.511013 0.061674 0.506608 0.066079 0.502203 0.066079 0.497797 0.070485 0.502203 0.074890 0.506608 0.070485 0.511013 0.074890 0.524229 0.074890 0.533040 0.066079 0.537445 0.066079 0.541850 0.061674 0.546256 0.061674 0.550661 0.066079 0.555066 0.061674 0.563877 0.061674
0 0.449339 0.044053 0.440529 0.044053 0.436123 0.048458 0.436123 0.074890 0.444934 0.083700 0.449339 0.079295 0.449339 0.057269 0.453745 0.052863 0.453745 0.048458
0 0.145374 0.048458 0.140969 0.044053 0.136564 0.044053 0.132159 0.039648 0.114537 0.057269 0.123348 0.066079 0.140969 0.066079 0.145374 0.061674
0 0.792952 0.026432 0.784141 0.017621 0.775330 0.026432 0.770925 0.026432 0.766520 0.030837 0.753304 0.030837 0.740088 0.044053 0.744493 0.048458 0.779736 0.048458 0.792952 0.035242
