0 0.436123 0.960352 0.431718 0.964758 0.431718 0.969163 0.440529 0.977974 0.444934 0.977974 0.449339 0.982379 0.449339 0.995595 0.462555 0.995595 0.462555 0.969163 0.458150 0.964758 0.458150 0.960352 0.453745 0.955947 0.449339 0.960352 0.444934 0.955947 0.440529 0.960352
0 0.634361 0.920705 0.629956 0.925110 0.629956 0.929515 0.625551 0.933921 0.629956 0.938326 0.634361 0.938326 0.647577 0.951542 0.651982 0.951542 0.656388 0.955947 0.660793 0.955947 0.665198 0.960352 0.665198 0.964758 0.674009 0.973568 0.678414 0.973568 0.682819 0.977974 0.687225 0.977974 0.691630 0.982379 0.696035 0.977974 0.682819 0.964758 0.682819 0.960352 0.678414 0.955947 0.674009 0.955947 0.669604 0.951542 0.665198 0.951542 0.656388 0.942731 0.656388 0.929515 0.647577 0.920705
0 0.290749 0.920705 0.286344 0.925110 0.286344 0.929515 0.295154 0.938326 0.295154 0.942731 0.299559 0.947137 0.299559 0.955947 0.308370 0.964758 0.308370 0.969163 0.312775 0.973568 0.312775 0.977974 0.317181 0.982379 0.317181 0.986784 0.321586 0.991189 0.321586 0.995595 0.325991 0.995595 0.325991 0.991189 0.330396 0.986784 0.330396 0.969163 0.325991 0.964758 0.325991 0.955947 0.317181 0.947137 0.317181 0.942731 0.312775 0.938326 0.312775 0.933921 0.299559 0.920705
0 0.118943 0.929515 0.118943 0.933921 0.127753 0.942731 0.145374 0.942731 0.149780 0.938326 0.149780 0.925110 0.145374 0.920705 0.132159 0.920705 0.127753 0.925110 0.123348 0.925110
0 0.026432 0.907489 0.039648 0.920705 0.039648 0.925110 0.044053 0.929515 0.061674 0.929515 0.066079 0.925110 0.070485 0.925110 0.074890 0.920705 0.066079 0.911894 0.061674 0.916300 0.057269 0.916300 0.052863 0.911894 0.048458 0.911894 0.044053 0.907489 0.039648 0.907489 0.035242 0.903084 0.030837 0.903084
0 0.519824 0.841410 0.515419 0.845815 0.519824 0.850220 0.524229 0.850220 0.533040 0.859031 0.533040 0.872247 0.524229 0.881057 0.524229 0.889868 0.528634 0.894273 0.533040 0.889868 0.537445 0.894273 0.546256 0.885463 0.546256 0.881057 0.550661 0.876652 0.550661 0.867841 0.546256 0.863436 0.546256 0.859031 0.528634 0.841410
0 0.215859 0.850220 0.211454 0.845815 0.207048 0.845815 0.202643 0.841410 0.193833 0.841410 0.189427 0.845815 0.171806 0.845815 0.167401 0.850220 0.167401 0.854626 0.176211 0.863436 0.180617 0.859031 0.185022 0.859031 0.189427 0.854626 0.193833 0.854626 0.198238 0.859031 0.202643 0.859031 0.207048 0.863436 0.215859 0.854626
0 0.449339 0.823789 0.444934 0.823789 0.440529 0.828194 0.440529 0.850220 0.444934 0.854626 0.444934 0.863436 0.440529 0.867841 0.436123 0.867841 0.431718 0.872247 0.440529 0.881057 0.444934 0.876652 0.449339 0.876652 0.458150 0.867841 0.458150 0.854626 0.462555 0.850220 0.462555 0.845815 0.458150 0.841410 0.458150 0.837004 0.449339 0.828194
0 0.000000 0.819383 0.000000 0.837004 0.004405 0.837004 0.008811 0.832599 0.013216 0.837004 0.017621 0.837004 0.022026 0.841410 0.026432 0.841410 0.030837 0.845815 0.030837 0.863436 0.035242 0.867841 0.044053 0.859031 0.044053 0.854626 0.035242 0.845815 0.035242 0.832599 0.030837 0.828194 0.030837 0.819383 0.026432 0.814978 0.022026 0.819383
0 0.281938 0.779736 0.277533 0.784141 0.277533 0.788546 0.281938 0.792952 0.286344 0.792952 0.290749 0.797357 0.290749 0.801762 0.295154 0.806167 0.295154 0.819383 0.281938 0.832599 0.277533 0.832599 0.273128 0.837004 0.273128 0.845815 0.277533 0.850220 0.277533 0.854626 0.281938 0.859031 0.281938 0.867841 0.286344 0.872247 0.286344 0.885463 0.281938 0.889868 0.286344 0.894273 0.290749 0.894273 0.295154 0.889868 0.295154 0.885463 0.299559 0.881057 0.299559 0.876652 0.303965 0.872247 0.303965 0.854626 0.299559 0.850220 0.299559 0.841410 0.295154 0.837004 0.295154 0.828194 0.299559 0.823789 0.303965 0.823789 0.312775 0.814978 0.312775 0.810573 0.317181 0.806167 0.317181 0.801762 0.312775 0.797357 0.312775 0.792952 0.308370 0.788546 0.295154 0.788546 0.290749 0.784141 0.286344 0.784141
0 0.105727 0.788546 0.105727 0.792952 0.114537 0.801762 0.123348 0.801762 0.127753 0.806167 0.132159 0.801762 0.145374 0.801762 0.149780 0.806167 0.154185 0.801762 0.167401 0.801762 0.171806 0.806167 0.176211 0.806167 0.180617 0.810573 0.193833 0.810573 0.198238 0.806167 0.202643 0.806167 0.207048 0.801762 0.211454 0.806167 0.215859 0.806167 0.220264 0.810573 0.224670 0.810573 0.229075 0.806167 0.229075 0.801762 0.224670 0.797357 0.220264 0.801762 0.211454 0.801762 0.207048 0.797357 0.202643 0.797357 0.198238 0.792952 0.185022 0.792952 0.180617 0.797357 0.171806 0.797357 0.167401 0.792952 0.154185 0.792952 0.149780 0.788546 0.145374 0.788546 0.140969 0.784141 0.136564 0.784141 0.132159 0.779736 0.114537 0.779736
0 0.770925 0.757709 0.766520 0.762115 0.766520 0.770925 0.770925 0.775330 0.770925 0.784141 0.766520 0.788546 0.766520 0.801762 0.775330 0.810573 0.784141 0.801762 0.784141 0.797357 0.788546 0.792952 0.779736 0.784141 0.779736 0.766520
0 0.444934 0.757709 0.440529 0.762115 0.440529 0.766520 0.436123 0.770925 0.436123 0.779736 0.444934 0.788546 0.444934 0.792952 0.449339 0.797357 0.449339 0.801762 0.453745 0.806167 0.453745 0.810573 0.458150 0.810573 0.466960 0.801762 0.466960 0.797357 0.453745 0.784141 0.453745 0.766520
0 0.325991 0.735683 0.325991 0.744493 0.330396 0.748899 0.334802 0.748899 0.343612 0.757709 0.348018 0.757709 0.352423 0.753304 0.356828 0.753304 0.361233 0.748899 0.352423 0.740088 0.348018 0.740088 0.343612 0.735683 0.334802 0.735683 0.330396 0.731278
0 0.863436 0.718062 0.863436 0.726872 0.867841 0.731278 0.867841 0.735683 0.872247 0.740088 0.876652 0.740088 0.881057 0.735683 0.885463 0.735683 0.889868 0.740088 0.894273 0.740088 0.903084 0.748899 0.907489 0.748899 0.911894 0.753304 0.916300 0.748899 0.916300 0.740088 0.907489 0.731278 0.903084 0.735683 0.894273 0.735683 0.889868 0.731278 0.885463 0.731278 0.881057 0.726872 0.881057 0.722467 0.872247 0.713656 0.867841 0.713656
0 0.687225 0.691630 0.682819 0.696035 0.682819 0.700441 0.696035 0.713656 0.696035 0.731278 0.700441 0.735683 0.700441 0.740088 0.709251 0.748899 0.718062 0.740088 0.718062 0.735683 0.713656 0.731278 0.713656 0.726872 0.700441 0.713656 0.700441 0.704846
0 0.383260 0.678414 0.374449 0.687225 0.374449 0.691630 0.383260 0.700441 0.383260 0.713656 0.396476 0.726872 0.400881 0.722467 0.400881 0.704846 0.392070 0.696035 0.392070 0.682819 0.387665 0.678414
0 0.035242 0.660793 0.030837 0.665198 0.030837 0.682819 0.017621 0.696035 0.013216 0.696035 0.008811 0.700441 0.000000 0.700441 0.000000 0.722467 0.004405 0.718062 0.008811 0.718062 0.022026 0.704846 0.026432 0.704846 0.030837 0.700441 0.035242 0.700441 0.044053 0.691630 0.048458 0.691630 0.057269 0.682819
0 0.942731 0.656388 0.938326 0.660793 0.938326 0.674009 0.942731 0.678414 0.942731 0.687225 0.938326 0.691630 0.947137 0.700441 0.947137 0.709251 0.951542 0.713656 0.951542 0.718062 0.955947 0.722467 0.960352 0.718062 0.964758 0.718062 0.969163 0.722467 0.973568 0.722467 0.977974 0.726872 0.977974 0.735683 0.982379 0.740088 0.991189 0.740088 0.995595 0.735683 0.995595 0.726872 0.982379 0.726872 0.977974 0.722467 0.973568 0.722467 0.969163 0.718062 0.969163 0.713656 0.960352 0.704846 0.955947 0.704846 0.951542 0.700441 0.951542 0.696035 0.947137 0.691630 0.947137 0.682819 0.960352 0.669604 0.960352 0.665198 0.955947 0.660793 0.951542 0.660793 0.947137 0.656388
0 0.779736 0.599119 0.775330 0.594714 0.766520 0.594714 0.753304 0.607930 0.753304 0.612335 0.744493 0.621145 0.740088 0.621145 0.735683 0.625551 0.735683 0.629956 0.740088 0.634361 0.753304 0.621145 0.757709 0.621145 0.766520 0.612335 0.770925 0.612335 0.779736 0.603524
0 0.233480 0.599119 0.233480 0.607930 0.237885 0.612335 0.246696 0.612335 0.251101 0.616740 0.255507 0.616740 0.259912 0.621145 0.273128 0.621145 0.277533 0.616740 0.277533 0.612335 0.273128 0.607930 0.264317 0.607930 0.259912 0.612335 0.255507 0.607930 0.251101 0.607930 0.237885 0.594714
0 0.876652 0.480176 0.859031 0.480176 0.854626 0.484582 0.845815 0.484582 0.841410 0.488987 0.837004 0.488987 0.828194 0.497797 0.832599 0.497797 0.841410 0.506608 0.841410 0.519824 0.832599 0.528634 0.837004 0.533040 0.845815 0.524229 0.841410 0.519824 0.841410 0.506608 0.845815 0.502203 0.850220 0.502203 0.854626 0.497797 0.859031 0.497797 0.863436 0.502203 0.876652 0.502203 0.881057 0.497797 0.881057 0.484582
0 0.281938 0.453745 0.281938 0.458150 0.290749 0.466960 0.295154 0.462555 0.303965 0.462555 0.308370 0.466960 0.312775 0.466960 0.312775 0.462555 0.321586 0.453745 0.308370 0.440529 0.303965 0.444934 0.299559 0.440529 0.290749 0.449339 0.286344 0.449339
0 0.193833 0.414097 0.189427 0.418502 0.189427 0.422908 0.198238 0.431718 0.202643 0.431718 0.207048 0.436123 0.207048 0.453745 0.202643 0.458150 0.202643 0.462555 0.193833 0.471366 0.193833 0.475771 0.198238 0.480176 0.207048 0.471366 0.211454 0.471366 0.215859 0.466960 0.220264 0.466960 0.224670 0.462555 0.224670 0.449339 0.220264 0.444934 0.220264 0.431718 0.207048 0.418502 0.202643 0.418502 0.198238 0.414097
0 0.140969 0.396476 0.127753 0.392070 0.118943 0.400881 0.118943 0.405286 0.114537 0.409692 0.114537 0.418502 0.101322 0.427313 0.096916 0.427313 0.092511 0.422908 0.079295 0.431718 0.074890 0.427313 0.044053 0.427313 0.039648 0.431718 0.035242 0.453745 0.022026 0.462555 0.008811 0.453745 0.008811 0.431718 0.000000 0.422908 0.000000 0.484582 0.004405 0.484582 0.022026 0.471366 0.026432 0.475771 0.030837 0.475771 0.035242 0.480176 0.035242 0.484582 0.052863 0.497797 0.052863 0.511013 0.048458 0.515419 0.044053 0.515419 0.039648 0.519824 0.039648 0.524229 0.057269 0.537445 0.074890 0.537445 0.079295 0.533040 0.088106 0.533040 0.101322 0.541850 0.105727 0.537445 0.118943 0.537445 0.123348 0.533040 0.127753 0.533040 0.132159 0.537445 0.149780 0.537445 0.154185 0.541850 0.167401 0.541850 0.171806 0.546256 0.176211 0.541850 0.176211 0.537445 0.162996 0.524229 0.145374 0.524229 0.140969 0.519824 0.123348 0.519824 0.118943 0.524229 0.114537 0.519824 0.105727 0.519824 0.096916 0.528634 0.083700 0.533040 0.061674 0.519824 0.061674 0.511013 0.070485 0.502203 0.074890 0.502203 0.079295 0.497797 0.096916 0.497797 0.110132 0.488987 0.110132 0.484582 0.114537 0.480176 0.114537 0.471366 0.118943 0.466960 0.118943 0.453745 0.110132 0.440529 0.110132 0.427313 0.114537 0.422908 0.118943 0.422908 0.123348 0.418502 0.132159 0.418502 0.145374 0.427313 0.145374 0.436123 0.149780 0.440529 0.154185 0.440529 0.158590 0.436123 0.140969 0.422908 0.140969 0.414097 0.145374 0.409692 0.145374 0.400881
0 0.000000 0.387665 0.000000 0.396476 0.004405 0.396476 0.008811 0.400881 0.013216 0.396476 0.030837 0.396476 0.035242 0.400881 0.039648 0.396476 0.044053 0.400881 0.061674 0.400881 0.066079 0.396476 0.066079 0.392070 0.061674 0.387665 0.057269 0.387665 0.052863 0.383260 0.048458 0.383260 0.044053 0.378855 0.039648 0.383260 0.026432 0.383260 0.022026 0.378855 0.017621 0.378855 0.013216 0.383260 0.008811 0.383260 0.004405 0.387665
0 0.612335 0.378855 0.607930 0.383260 0.612335 0.387665 0.616740 0.383260 0.621145 0.383260 0.625551 0.387665 0.629956 0.387665 0.634361 0.392070 0.638767 0.392070 0.643172 0.396476 0.643172 0.427313 0.638767 0.431718 0.634361 0.431718 0.629956 0.436123 0.625551 0.436123 0.621145 0.440529 0.621145 0.444934 0.629956 0.453745 0.643172 0.453745 0.647577 0.449339 0.647577 0.444934 0.656388 0.436123 0.656388 0.418502 0.651982 0.414097 0.651982 0.409692 0.647577 0.405286 0.647577 0.392070 0.651982 0.387665 0.651982 0.383260 0.643172 0.374449 0.634361 0.374449 0.629956 0.378855 0.625551 0.378855 0.621145 0.383260 0.616740 0.383260
0 0.678414 0.334802 0.678414 0.343612 0.682819 0.348018 0.687225 0.348018 0.696035 0.356828 0.700441 0.356828 0.713656 0.370044 0.718062 0.370044 0.722467 0.365639 0.726872 0.365639 0.731278 0.361233 0.740088 0.361233 0.744493 0.365639 0.748899 0.361233 0.753304 0.361233 0.757709 0.356828 0.757709 0.352423 0.766520 0.343612 0.757709 0.334802 0.748899 0.343612 0.744493 0.343612 0.740088 0.348018 0.740088 0.352423 0.735683 0.356828 0.731278 0.356828 0.726872 0.361233 0.722467 0.356828 0.718062 0.356828 0.704846 0.343612 0.704846 0.339207 0.696035 0.330396 0.682819 0.330396
0 0.158590 0.295154 0.154185 0.295154 0.145374 0.303965 0.145374 0.321586 0.154185 0.330396 0.154185 0.339207 0.145374 0.348018 0.145374 0.361233 0.149780 0.365639 0.154185 0.361233 0.158590 0.365639 0.162996 0.361233 0.162996 0.352423 0.158590 0.348018 0.158590 0.343612 0.154185 0.339207 0.154185 0.330396 0.162996 0.321586 0.167401 0.321586 0.167401 0.308370 0.162996 0.303965 0.162996 0.299559
0 0.792952 0.290749 0.788546 0.295154 0.788546 0.308370 0.801762 0.321586 0.806167 0.321586 0.810573 0.317181 0.810573 0.308370 0.806167 0.303965 0.806167 0.295154 0.801762 0.290749
0 0.361233 0.264317 0.361233 0.268722 0.365639 0.273128 0.365639 0.277533 0.370044 0.281938 0.383260 0.281938 0.387665 0.277533 0.400881 0.277533 0.405286 0.281938 0.409692 0.277533 0.414097 0.281938 0.418502 0.281938 0.422908 0.286344 0.422908 0.290749 0.427313 0.295154 0.431718 0.295154 0.431718 0.290749 0.427313 0.286344 0.422908 0.286344 0.414097 0.277533 0.414097 0.273128 0.405286 0.264317 0.400881 0.268722 0.396476 0.268722 0.392070 0.273128 0.387665 0.268722 0.383260 0.268722 0.374449 0.259912 0.365639 0.259912
0 0.555066 0.259912 0.550661 0.255507 0.550661 0.251101 0.546256 0.251101 0.541850 0.255507 0.537445 0.255507 0.533040 0.259912 0.524229 0.259912 0.519824 0.255507 0.515419 0.259912 0.515419 0.268722 0.524229 0.277533 0.528634 0.273128 0.533040 0.277533 0.537445 0.273128 0.541850 0.273128
0 0.643172 0.246696 0.638767 0.246696 0.621145 0.264317 0.621145 0.273128 0.625551 0.277533 0.629956 0.277533 0.634361 0.273128 0.638767 0.273128 0.643172 0.268722 0.643172 0.264317 0.647577 0.259912 0.647577 0.251101
0 0.171806 0.242291 0.154185 0.259912 0.154185 0.273128 0.162996 0.281938 0.167401 0.281938 0.171806 0.277533 0.171806 0.268722 0.180617 0.259912 0.180617 0.251101
0 0.590308 0.220264 0.585903 0.215859 0.572687 0.215859 0.568282 0.220264 0.563877 0.220264 0.555066 0.229075 0.555066 0.242291 0.559471 0.237885 0.563877 0.237885 0.568282 0.233480 0.577093 0.233480 0.581498 0.237885 0.590308 0.229075
0 0.118943 0.246696 0.118943 0.224670 0.114537 0.220264 0.110132 0.220264 0.105727 0.215859 0.101322 0.215859 0.096916 0.211454 0.096916 0.207048 0.088106 0.198238 0.079295 0.207048 0.079295 0.211454 0.083700 0.215859 0.088106 0.215859 0.096916 0.224670 0.096916 0.242291 0.092511 0.246696 0.088106 0.246696 0.083700 0.251101 0.079295 0.246696 0.074890 0.246696 0.066079 0.255507 0.066079 0.259912 0.061674 0.264317 0.057269 0.264317 0.052863 0.268722 0.048458 0.264317 0.044053 0.264317 0.039648 0.259912 0.039648 0.251101 0.035242 0.246696 0.035242 0.233480 0.026432 0.224670 0.022026 0.224670 0.017621 0.220264 0.013216 0.224670 0.000000 0.224670 0.000000 0.233480 0.004405 0.237885 0.008811 0.237885 0.013216 0.242291 0.013216 0.246696 0.017621 0.251101 0.017621 0.259912 0.026432 0.268722 0.030837 0.268722 0.035242 0.273128 0.039648 0.273128 0.048458 0.281938 0.057269 0.273128 0.057269 0.268722 0.061674 0.264317 0.066079 0.264317 0.070485 0.259912 0.074890 0.259912 0.079295 0.264317 0.092511 0.251101 0.096916 0.251101 0.101322 0.246696 0.110132 0.246696 0.114537 0.251101
0 0.070485 0.167401 0.066079 0.162996 0.057269 0.162996 0.044053 0.176211 0.039648 0.176211 0.035242 0.180617 0.026432 0.180617 0.022026 0.176211 0.013216 0.176211 0.008811 0.180617 0.004405 0.180617 0.000000 0.185022 0.004405 0.185022 0.008811 0.189427 0.017621 0.189427 0.022026 0.185022 0.026432 0.185022 0.030837 0.180617 0.035242 0.185022 0.039648 0.185022 0.044053 0.189427 0.057269 0.189427 0.066079 0.180617 0.066079 0.176211 0.070485 0.171806
0 0.466960 0.158590 0.436123 0.189427 0.436123 0.193833 0.444934 0.202643 0.449339 0.198238 0.453745 0.198238 0.458150 0.193833 0.458150 0.185022 0.466960 0.176211 0.466960 0.171806 0.471366 0.167401 0.471366 0.162996
0 0.779736 0.154185 0.775330 0.158590 0.775330 0.162996 0.779736 0.167401 0.784141 0.167401 0.788546 0.171806 0.792952 0.171806 0.810573 0.189427 0.810573 0.220264 0.814978 0.224670 0.819383 0.220264 0.819383 0.211454 0.823789 0.207048 0.828194 0.207048 0.832599 0.202643 0.832599 0.185022 0.828194 0.180617 0.819383 0.180617 0.814978 0.176211 0.810573 0.176211 0.806167 0.171806 0.801762 0.171806 0.797357 0.167401 0.792952 0.167401 0.788546 0.162996 0.788546 0.158590 0.784141 0.154185
0 0.577093 0.154185 0.572687 0.154185 0.568282 0.158590 0.559471 0.158590 0.550661 0.167401 0.550661 0.176211 0.559471 0.185022 0.563877 0.180617 0.572687 0.180617 0.581498 0.171806 0.581498 0.158590
0 0.933921 0.154185 0.942731 0.162996 0.947137 0.162996 0.951542 0.158590 0.960352 0.158590 0.964758 0.162996 0.969163 0.162996 0.973568 0.167401 0.986784 0.167401 0.991189 0.162996 0.995595 0.167401 0.995595 0.149780 0.991189 0.154185 0.986784 0.149780 0.973568 0.149780 0.969163 0.154185 0.960352 0.154185 0.955947 0.149780 0.951542 0.149780 0.947137 0.145374 0.942731 0.145374
0 0.731278 0.136564 0.722467 0.136564 0.713656 0.145374 0.713656 0.154185 0.718062 0.158590 0.722467 0.158590 0.726872 0.162996 0.731278 0.158590 0.735683 0.158590 0.740088 0.154185 0.740088 0.149780 0.735683 0.145374 0.735683 0.140969
0 0.480176 0.092511 0.475771 0.096916 0.475771 0.101322 0.480176 0.105727 0.480176 0.110132 0.493392 0.123348 0.497797 0.123348 0.506608 0.132159 0.511013 0.132159 0.515419 0.136564 0.524229 0.127753 0.524229 0.118943 0.515419 0.110132 0.511013 0.110132 0.493392 0.092511
0 0.387665 0.083700 0.383260 0.079295 0.378855 0.079295 0.365639 0.092511 0.361233 0.092511 0.356828 0.096916 0.352423 0.092511 0.348018 0.092511 0.343612 0.088106 0.339207 0.088106 0.334802 0.092511 0.334802 0.101322 0.339207 0.105727 0.343612 0.105727 0.348018 0.101322 0.352423 0.105727 0.356828 0.105727 0.374449 0.123348 0.378855 0.118943 0.378855 0.114537 0.383260 0.110132 0.383260 0.105727 0.387665 0.101322
0 0.145374 0.079295 0.140969 0.079295 0.136564 0.083700 0.136564 0.088106 0.132159 0.092511 0.132159 0.096916 0.127753 0.101322 0.123348 0.101322 0.118943 0.105727 0.118943 0.118943 0.123348 0.123348 0.127753 0.123348 0.132159 0.118943 0.136564 0.118943 0.154185 0.101322 0.154185 0.096916 0.158590 0.092511
0 0.603524 0.070485 0.599119 0.074890 0.599119 0.079295 0.603524 0.083700 0.607930 0.083700 0.612335 0.088106 0.612335 0.092511 0.616740 0.096916 0.621145 0.096916 0.625551 0.101322 0.629956 0.101322 0.651982 0.123348 0.651982 0.140969 0.656388 0.145374 0.656388 0.149780 0.660793 0.154185 0.660793 0.158590 0.665198 0.162996 0.674009 0.154185 0.674009 0.149780 0.660793 0.136564 0.660793 0.132159 0.656388 0.127753 0.656388 0.105727 0.647577 0.096916 0.643172 0.096916 0.634361 0.088106 0.634361 0.083700 0.629956 0.079295 0.625551 0.079295 0.616740 0.070485
0 0.876652 0.070485 0.872247 0.070485 0.867841 0.066079 0.863436 0.066079 0.859031 0.070485 0.854626 0.070485 0.850220 0.074890 0.850220 0.079295 0.837004 0.092511 0.832599 0.092511 0.828194 0.096916 0.823789 0.092511 0.810573 0.092511 0.801762 0.101322 0.801762 0.118943 0.806167 0.123348 0.810573 0.118943 0.814978 0.118943 0.828194 0.105727 0.832599 0.105727 0.837004 0.101322 0.841410 0.105727 0.845815 0.105727 0.850220 0.110132 0.850220 0.118943 0.845815 0.123348 0.845815 0.127753 0.841410 0.132159 0.841410 0.140969 0.845815 0.145374 0.854626 0.145374 0.859031 0.140969 0.859031 0.127753 0.850220 0.118943 0.850220 0.110132 0.854626 0.105727 0.859031 0.105727 0.863436 0.101322 0.863436 0.096916 0.867841 0.092511 0.867841 0.088106 0.872247 0.083700 0.872247 0.079295 0.876652 0.074890
0 0.674009 0.052863 0.669604 0.057269 0.669604 0.083700 0.674009 0.088106 0.687225 0.088106 0.691630 0.083700 0.691630 0.066079 0.678414 0.052863
0 0.101322 0.035242 0.088106 0.035242 0.079295 0.044053 0.079295 0.052863 0.083700 0.057269 0.083700 0.066079 0.070485 0.079295 0.070485 0.083700 0.079295 0.092511 0.083700 0.088106 0.083700 0.079295 0.088106 0.074890 0.083700 0.070485 0.083700 0.057269 0.088106 0.052863 0.092511 0.052863 0.105727 0.039648
0 0.770925 0.017621 0.766520 0.017621 0.753304 0.030837 0.757709 0.035242 0.757709 0.044053 0.762115 0.048458 0.770925 0.048458 0.775330 0.044053 0.775330 0.030837 0.779736 0.026432
0 0.030837 0.013216 0.026432 0.017621 0.030837 0.022026 0.030837 0.030837 0.022026 0.039648 0.017621 0.039648 0.013216 0.044053 0.000000 0.044053 0.000000 0.057269 0.004405 0.061674 0.008811 0.057269 0.013216 0.057269 0.022026 0.048458 0.026432 0.048458 0.030837 0.044053 0.044053 0.044053 0.048458 0.039648 0.039648 0.030837 0.039648 0.022026
0 0.370044 0.000000 0.352423 0.000000 0.352423 0.004405 0.356828 0.008811 0.356828 0.026432 0.352423 0.030837 0.348018 0.030837 0.343612 0.035242 0.339207 0.030837 0.334802 0.035242 0.330396 0.035242 0.325991 0.039648 0.321586 0.035242 0.317181 0.035242 0.312775 0.030837 0.303965 0.030837 0.299559 0.035242 0.299559 0.044053 0.308370 0.052863 0.317181 0.052863 0.321586 0.048458 0.325991 0.048458 0.330396 0.044053 0.334802 0.044053 0.339207 0.048458 0.343612 0.044053 0.343612 0.035242 0.348018 0.030837 0.352423 0.030837 0.356828 0.026432 0.361233 0.030837 0.370044 0.022026 0.365639 0.017621 0.365639 0.004405
0 0.132159 0.000000 0.140969 0.017621 0.167401 0.004405 0.207048 0.044053 0.233480 0.154185 0.198238 0.189427 0.224670 0.246696 0.211454 0.268722 0.242291 0.286344 0.237885 0.312775 0.281938 0.343612 0.286344 0.330396 0.255507 0.308370 0.259912 0.290749 0.277533 0.290749 0.295154 0.325991 0.361233 0.378855 0.352423 0.405286 0.405286 0.480176 0.383260 0.497797 0.414097 0.502203 0.422908 0.607930 0.392070 0.607930 0.387665 0.621145 0.427313 0.621145 0.444934 0.647577 0.436123 0.687225 0.458150 0.687225 0.449339 0.647577 0.475771 0.643172 0.524229 0.735683 0.599119 0.819383 0.594714 0.832599 0.700441 0.938326 0.740088 0.925110 0.784141 0.947137 0.810573 0.942731 0.837004 0.982379 0.881057 0.942731 0.920705 0.938326 0.977974 0.995595 0.995595 0.995595 0.973568 0.964758 0.995595 0.947137 0.995595 0.903084 0.960352 0.872247 0.916300 0.872247 0.898678 0.854626 0.885463 0.881057 0.859031 0.885463 0.722467 0.828194 0.700441 0.837004 0.643172 0.792952 0.660793 0.766520 0.625551 0.788546 0.594714 0.766520 0.616740 0.740088 0.594714 0.722467 0.612335 0.691630 0.568282 0.682819 0.515419 0.612335 0.563877 0.585903 0.550661 0.568282 0.515419 0.577093 0.449339 0.519824 0.444934 0.466960 0.387665 0.400881 0.409692 0.374449 0.436123 0.396476 0.458150 0.387665 0.440529 0.370044 0.458150 0.334802 0.436123 0.303965 0.405286 0.317181 0.418502 0.339207 0.405286 0.356828 0.339207 0.308370 0.303965 0.251101 0.312775 0.185022 0.330396 0.185022 0.352423 0.211454 0.365639 0.202643 0.352423 0.180617 0.400881 0.171806 0.431718 0.127753 0.422908 0.118943 0.392070 0.158590 0.348018 0.140969 0.330396 0.167401 0.264317 0.114537 0.264317 0.061674 0.229075 0.000000
