0 0.907489 0.969163 0.911894 0.969163 0.916300 0.973568 0.920705 0.973568 0.925110 0.977974 0.929515 0.977974 0.942731 0.991189 0.942731 0.995595 0.942731 0.991189 0.947137 0.986784 0.947137 0.969163 0.942731 0.964758 0.933921 0.964758 0.929515 0.960352 0.920705 0.960352 0.916300 0.964758 0.911894 0.964758
0 0.819383 0.955947 0.810573 0.955947 0.797357 0.969163 0.797357 0.973568 0.806167 0.982379 0.810573 0.982379 0.814978 0.977974 0.819383 0.977974 0.828194 0.969163 0.828194 0.964758
0 0.854626 0.951542 0.863436 0.960352 0.867841 0.960352 0.872247 0.964758 0.872247 0.969163 0.876652 0.973568 0.881057 0.973568 0.885463 0.977974 0.894273 0.969163 0.898678 0.969163 0.898678 0.964758 0.894273 0.964758 0.889868 0.960352 0.885463 0.960352 0.881057 0.955947 0.872247 0.955947 0.867841 0.951542 0.863436 0.951542 0.859031 0.947137
0 0.581498 0.911894 0.572687 0.903084 0.568282 0.903084 0.563877 0.907489 0.563877 0.916300 0.559471 0.920705 0.559471 0.933921 0.550661 0.942731 0.546256 0.942731 0.541850 0.947137 0.537445 0.947137 0.533040 0.951542 0.528634 0.947137 0.524229 0.947137 0.519824 0.942731 0.515419 0.942731 0.511013 0.938326 0.506608 0.942731 0.506608 0.947137 0.511013 0.951542 0.519824 0.951542 0.524229 0.947137 0.528634 0.951542 0.533040 0.951542 0.537445 0.955947 0.541850 0.955947 0.546256 0.951542 0.550661 0.955947 0.555066 0.951542 0.555066 0.947137 0.559471 0.942731 0.559471 0.938326 0.568282 0.929515 0.572687 0.929515 0.577093 0.925110 0.577093 0.916300
0 0.713656 0.859031 0.700441 0.872247 0.700441 0.881057 0.696035 0.885463 0.691630 0.885463 0.687225 0.889868 0.687225 0.903084 0.691630 0.907489 0.713656 0.885463 0.718062 0.885463 0.722467 0.881057 0.722467 0.867841
0 0.299559 0.863436 0.295154 0.859031 0.290749 0.859031 0.286344 0.854626 0.273128 0.854626 0.268722 0.859031 0.264317 0.859031 0.259912 0.863436 0.259912 0.867841 0.255507 0.872247 0.255507 0.885463 0.259912 0.889868 0.273128 0.876652 0.277533 0.876652 0.281938 0.872247 0.286344 0.876652
0 0.594714 0.850220 0.590308 0.845815 0.577093 0.859031 0.572687 0.859031 0.568282 0.863436 0.563877 0.863436 0.559471 0.859031 0.537445 0.859031 0.533040 0.863436 0.533040 0.867841 0.541850 0.876652 0.559471 0.876652 0.572687 0.863436 0.577093 0.863436 0.581498 0.859031 0.585903 0.859031 0.590308 0.863436 0.594714 0.859031
0 0.832599 0.828194 0.823789 0.837004 0.823789 0.841410 0.832599 0.850220 0.837004 0.845815 0.841410 0.850220 0.850220 0.841410 0.854626 0.841410 0.859031 0.837004 0.863436 0.841410 0.867841 0.841410 0.872247 0.845815 0.872247 0.854626 0.876652 0.859031 0.876652 0.881057 0.872247 0.885463 0.881057 0.894273 0.885463 0.894273 0.889868 0.898678 0.894273 0.898678 0.898678 0.903084 0.898678 0.920705 0.903084 0.925110 0.907489 0.925110 0.911894 0.920705 0.911894 0.903084 0.907489 0.898678 0.903084 0.898678 0.894273 0.889868 0.894273 0.881057 0.889868 0.876652 0.889868 0.867841 0.894273 0.863436 0.894273 0.841410 0.889868 0.837004 0.876652 0.837004 0.872247 0.841410 0.863436 0.841410 0.859031 0.837004 0.854626 0.837004 0.850220 0.832599 0.845815 0.832599 0.841410 0.828194
0 0.162996 0.823789 0.158590 0.819383 0.154185 0.823789 0.145374 0.823789 0.140969 0.828194 0.136564 0.828194 0.132159 0.823789 0.127753 0.823789 0.118943 0.814978 0.114537 0.814978 0.110132 0.819383 0.110132 0.823789 0.096916 0.837004 0.096916 0.841410 0.092511 0.845815 0.092511 0.850220 0.074890 0.867841 0.074890 0.872247 0.079295 0.876652 0.083700 0.876652 0.088106 0.872247 0.092511 0.872247 0.096916 0.867841 0.096916 0.863436 0.110132 0.850220 0.110132 0.845815 0.114537 0.841410 0.114537 0.837004 0.118943 0.832599 0.123348 0.832599 0.127753 0.828194 0.132159 0.832599 0.136564 0.832599 0.149780 0.845815 0.149780 0.854626 0.154185 0.859031 0.162996 0.850220
0 0.969163 0.810573 0.955947 0.823789 0.955947 0.832599 0.951542 0.837004 0.951542 0.841410 0.955947 0.845815 0.960352 0.845815 0.964758 0.850220 0.969163 0.845815 0.969163 0.841410 0.973568 0.837004 0.973568 0.814978
0 0.198238 0.744493 0.189427 0.753304 0.189427 0.766520 0.193833 0.770925 0.193833 0.775330 0.202643 0.784141 0.202643 0.801762 0.193833 0.810573 0.193833 0.823789 0.198238 0.828194 0.211454 0.828194 0.215859 0.823789 0.215859 0.814978 0.220264 0.810573 0.220264 0.801762 0.224670 0.797357 0.224670 0.792952 0.211454 0.779736 0.211454 0.762115 0.215859 0.757709 0.215859 0.748899 0.211454 0.744493
0 0.823789 0.731278 0.819383 0.735683 0.819383 0.744493 0.810573 0.753304 0.810573 0.757709 0.806167 0.762115 0.801762 0.762115 0.797357 0.766520 0.779736 0.766520 0.775330 0.770925 0.775330 0.775330 0.784141 0.784141 0.788546 0.784141 0.792952 0.788546 0.801762 0.779736 0.801762 0.775330 0.810573 0.766520 0.814978 0.766520 0.819383 0.762115 0.828194 0.762115 0.837004 0.753304 0.832599 0.748899 0.832599 0.740088
0 0.127753 0.687225 0.110132 0.704846 0.110132 0.709251 0.114537 0.713656 0.114537 0.735683 0.110132 0.740088 0.110132 0.744493 0.101322 0.753304 0.101322 0.762115 0.110132 0.770925 0.114537 0.766520 0.118943 0.766520 0.123348 0.762115 0.123348 0.757709 0.127753 0.753304 0.127753 0.748899 0.132159 0.744493 0.132159 0.740088 0.136564 0.735683 0.136564 0.726872 0.132159 0.722467 0.132159 0.700441 0.136564 0.696035
0 0.374449 0.665198 0.370044 0.660793 0.365639 0.665198 0.356828 0.665198 0.352423 0.669604 0.330396 0.669604 0.286344 0.713656 0.281938 0.713656 0.268722 0.726872 0.268722 0.735683 0.259912 0.744493 0.259912 0.762115 0.255507 0.766520 0.255507 0.770925 0.259912 0.775330 0.264317 0.770925 0.277533 0.775330 0.281938 0.779736 0.281938 0.792952 0.286344 0.792952 0.290749 0.788546 0.299559 0.788546 0.312775 0.779736 0.321586 0.779736 0.325991 0.775330 0.334802 0.775330 0.339207 0.770925 0.348018 0.770925 0.352423 0.766520 0.356828 0.770925 0.361233 0.766520 0.352423 0.757709 0.348018 0.757709 0.343612 0.762115 0.334802 0.762115 0.321586 0.770925 0.317181 0.766520 0.303965 0.775330 0.290749 0.766520 0.286344 0.766520 0.281938 0.770925 0.268722 0.762115 0.268722 0.748899 0.277533 0.740088 0.277533 0.731278 0.290749 0.718062 0.295154 0.718062 0.303965 0.709251 0.308370 0.709251 0.312775 0.704846 0.321586 0.704846 0.325991 0.709251 0.330396 0.709251 0.334802 0.713656 0.348018 0.718062 0.361233 0.731278 0.370044 0.731278 0.374449 0.726872 0.383260 0.726872 0.387665 0.722467 0.383260 0.718062 0.378855 0.718062 0.374449 0.713656 0.361233 0.709251 0.352423 0.700441 0.348018 0.700441 0.343612 0.696035 0.343612 0.687225 0.348018 0.682819 0.352423 0.682819 0.361233 0.674009 0.365639 0.674009
0 0.916300 0.634361 0.916300 0.647577 0.920705 0.651982 0.925110 0.651982 0.929515 0.656388 0.933921 0.656388 0.938326 0.660793 0.938326 0.665198 0.942731 0.669604 0.947137 0.669604 0.951542 0.665198 0.955947 0.669604 0.960352 0.665198 0.964758 0.669604 0.969163 0.669604 0.973568 0.665198 0.986784 0.665198 0.991189 0.660793 0.995595 0.660793 0.995595 0.651982 0.991189 0.647577 0.973568 0.647577 0.969163 0.643172 0.964758 0.643172 0.960352 0.647577 0.955947 0.647577 0.951542 0.651982 0.947137 0.651982 0.942731 0.656388 0.938326 0.651982 0.933921 0.651982 0.929515 0.647577 0.929515 0.634361 0.933921 0.629956 0.933921 0.625551 0.938326 0.621145 0.938326 0.616740 0.933921 0.612335 0.929515 0.612335 0.925110 0.616740 0.925110 0.621145 0.920705 0.625551 0.920705 0.629956
0 0.215859 0.572687 0.211454 0.568282 0.207048 0.568282 0.202643 0.563877 0.193833 0.563877 0.189427 0.559471 0.180617 0.559471 0.176211 0.563877 0.176211 0.568282 0.167401 0.577093 0.167401 0.585903 0.162996 0.590308 0.167401 0.594714 0.171806 0.590308 0.171806 0.585903 0.176211 0.581498 0.180617 0.581498 0.185022 0.577093 0.189427 0.581498 0.193833 0.577093 0.202643 0.577093 0.207048 0.581498
0 0.995595 0.524229 0.951542 0.546256 0.898678 0.533040 0.814978 0.594714 0.797357 0.585903 0.757709 0.603524 0.726872 0.603524 0.713656 0.621145 0.691630 0.625551 0.691630 0.643172 0.669604 0.656388 0.638767 0.629956 0.638767 0.656388 0.621145 0.669604 0.625551 0.682819 0.550661 0.722467 0.541850 0.718062 0.515419 0.740088 0.453745 0.823789 0.458150 0.854626 0.431718 0.872247 0.396476 0.854626 0.339207 0.889868 0.295154 0.889868 0.237885 0.938326 0.202643 0.916300 0.198238 0.898678 0.215859 0.863436 0.251101 0.832599 0.251101 0.819383 0.277533 0.806167 0.251101 0.806167 0.193833 0.889868 0.162996 0.916300 0.167401 0.933921 0.118943 0.969163 0.101322 0.995595 0.140969 0.995595 0.154185 0.982379 0.167401 0.995595 0.189427 0.995595 0.233480 0.969163 0.242291 0.973568 0.281938 0.925110 0.361233 0.907489 0.392070 0.885463 0.431718 0.881057 0.462555 0.911894 0.458150 0.876652 0.471366 0.867841 0.493392 0.872247 0.466960 0.863436 0.488987 0.814978 0.643172 0.678414 0.674009 0.665198 0.700441 0.687225 0.696035 0.709251 0.678414 0.722467 0.656388 0.700441 0.651982 0.731278 0.616740 0.757709 0.625551 0.775330 0.660793 0.766520 0.726872 0.687225 0.713656 0.678414 0.718062 0.660793 0.735683 0.651982 0.784141 0.656388 0.792952 0.647577 0.770925 0.643172 0.766520 0.629956 0.797357 0.607930 0.819383 0.625551 0.832599 0.616740 0.863436 0.629956 0.894273 0.594714 0.885463 0.585903 0.845815 0.621145 0.832599 0.612335 0.837004 0.590308 0.876652 0.563877 0.929515 0.572687 0.991189 0.537445
0 0.101322 0.511013 0.101322 0.524229 0.105727 0.528634 0.110132 0.528634 0.114537 0.524229 0.118943 0.524229 0.123348 0.528634 0.127753 0.528634 0.132159 0.533040 0.132159 0.537445 0.145374 0.550661 0.154185 0.550661 0.162996 0.541850 0.162996 0.533040 0.154185 0.524229 0.145374 0.524229 0.140969 0.528634 0.136564 0.528634 0.132159 0.533040 0.127753 0.528634 0.123348 0.528634 0.118943 0.524229 0.118943 0.519824 0.105727 0.506608
0 0.290749 0.484582 0.286344 0.488987 0.286344 0.493392 0.290749 0.497797 0.290749 0.524229 0.295154 0.528634 0.299559 0.528634 0.303965 0.524229 0.303965 0.493392 0.299559 0.488987 0.295154 0.488987
0 0.154185 0.453745 0.154185 0.466960 0.158590 0.471366 0.162996 0.471366 0.167401 0.466960 0.176211 0.466960 0.180617 0.471366 0.185022 0.471366 0.193833 0.480176 0.198238 0.480176 0.211454 0.466960 0.202643 0.458150 0.180617 0.458150 0.176211 0.453745 0.171806 0.453745 0.167401 0.449339 0.158590 0.449339
0 0.440529 0.440529 0.436123 0.436123 0.431718 0.440529 0.427313 0.440529 0.422908 0.444934 0.418502 0.440529 0.414097 0.440529 0.409692 0.436123 0.405286 0.436123 0.396476 0.444934 0.392070 0.444934 0.387665 0.449339 0.387665 0.453745 0.374449 0.466960 0.374449 0.480176 0.383260 0.488987 0.387665 0.488987 0.396476 0.480176 0.396476 0.462555 0.400881 0.458150 0.405286 0.458150 0.418502 0.444934 0.422908 0.444934 0.427313 0.440529 0.431718 0.440529 0.436123 0.444934
0 0.281938 0.414097 0.273128 0.422908 0.273128 0.427313 0.286344 0.440529 0.290749 0.440529 0.299559 0.449339 0.303965 0.449339 0.308370 0.453745 0.321586 0.440529 0.321586 0.431718 0.317181 0.427313 0.312775 0.431718 0.303965 0.431718 0.299559 0.427313 0.295154 0.427313
0 0.114537 0.400881 0.110132 0.405286 0.110132 0.418502 0.101322 0.427313 0.110132 0.436123 0.110132 0.444934 0.105727 0.449339 0.105727 0.458150 0.101322 0.462555 0.101322 0.480176 0.105727 0.484582 0.110132 0.484582 0.114537 0.480176 0.118943 0.480176 0.127753 0.471366 0.123348 0.466960 0.123348 0.462555 0.114537 0.453745 0.114537 0.449339 0.110132 0.444934 0.110132 0.431718 0.118943 0.422908 0.118943 0.418502 0.123348 0.414097 0.118943 0.409692 0.118943 0.405286
0 0.211454 0.387665 0.207048 0.392070 0.207048 0.396476 0.202643 0.400881 0.202643 0.427313 0.207048 0.431718 0.211454 0.431718 0.215859 0.427313 0.215859 0.422908 0.220264 0.418502 0.220264 0.400881 0.215859 0.396476 0.215859 0.392070
0 0.339207 0.603524 0.356828 0.621145 0.378855 0.612335 0.400881 0.581498 0.431718 0.555066 0.444934 0.528634 0.471366 0.506608 0.511013 0.519824 0.541850 0.519824 0.594714 0.550661 0.651982 0.533040 0.722467 0.533040 0.740088 0.546256 0.766520 0.515419 0.797357 0.537445 0.810573 0.519824 0.828194 0.519824 0.832599 0.515419 0.814978 0.497797 0.828194 0.475771 0.903084 0.458150 0.925110 0.466960 0.911894 0.493392 0.929515 0.506608 0.955947 0.484582 0.947137 0.466960 0.951542 0.453745 0.991189 0.449339 0.977974 0.440529 0.977974 0.431718 0.995595 0.422908 0.995595 0.414097 0.969163 0.414097 0.951542 0.440529 0.929515 0.440529 0.885463 0.458150 0.872247 0.449339 0.872247 0.440529 0.889868 0.427313 0.863436 0.400881 0.841410 0.427313 0.792952 0.458150 0.762115 0.431718 0.762115 0.458150 0.748899 0.466960 0.735683 0.458150 0.718062 0.462555 0.700441 0.480176 0.682819 0.471366 0.647577 0.488987 0.612335 0.488987 0.555066 0.511013 0.519824 0.511013 0.497797 0.497797 0.497797 0.475771 0.511013 0.466960 0.528634 0.471366 0.550661 0.453745 0.550661 0.444934 0.533040 0.436123 0.528634 0.422908 0.541850 0.414097 0.555066 0.418502 0.563877 0.409692 0.559471 0.370044 0.524229 0.400881 0.497797 0.462555 0.484582 0.471366 0.462555 0.453745 0.436123 0.475771 0.418502 0.502203 0.418502 0.524229 0.378855 0.555066
0 0.964758 0.361233 0.955947 0.352423 0.951542 0.356828 0.951542 0.374449 0.947137 0.378855 0.942731 0.378855 0.938326 0.383260 0.933921 0.378855 0.920705 0.378855 0.916300 0.374449 0.907489 0.374449 0.903084 0.378855 0.894273 0.378855 0.889868 0.383260 0.898678 0.392070 0.925110 0.392070 0.929515 0.396476 0.942731 0.396476 0.964758 0.374449
0 0.074890 0.339207 0.070485 0.343612 0.070485 0.361233 0.066079 0.365639 0.066079 0.392070 0.070485 0.396476 0.070485 0.400881 0.074890 0.405286 0.083700 0.396476 0.083700 0.374449 0.088106 0.370044 0.088106 0.361233 0.092511 0.356828 0.088106 0.352423 0.088106 0.348018 0.083700 0.343612 0.079295 0.343612
0 0.356828 0.330396 0.352423 0.330396 0.343612 0.339207 0.343612 0.348018 0.348018 0.352423 0.348018 0.370044 0.343612 0.374449 0.348018 0.378855 0.356828 0.378855 0.361233 0.374449 0.361233 0.365639 0.365639 0.361233 0.365639 0.339207
0 0.255507 0.330396 0.251101 0.334802 0.251101 0.343612 0.246696 0.348018 0.246696 0.356828 0.251101 0.361233 0.251101 0.365639 0.259912 0.374449 0.259912 0.383260 0.264317 0.387665 0.268722 0.383260 0.264317 0.378855 0.264317 0.352423 0.268722 0.348018 0.268722 0.343612
0 0.616740 0.317181 0.612335 0.321586 0.612335 0.325991 0.607930 0.330396 0.612335 0.334802 0.621145 0.325991 0.625551 0.325991 0.629956 0.321586 0.634361 0.325991 0.638767 0.325991 0.643172 0.330396 0.643172 0.334802 0.651982 0.343612 0.651982 0.356828 0.647577 0.361233 0.643172 0.361233 0.638767 0.365639 0.638767 0.370044 0.634361 0.374449 0.634361 0.378855 0.629956 0.383260 0.625551 0.383260 0.621145 0.387665 0.616740 0.383260 0.612335 0.383260 0.607930 0.378855 0.594714 0.378855 0.585903 0.387665 0.590308 0.392070 0.599119 0.392070 0.603524 0.396476 0.607930 0.396476 0.612335 0.400881 0.616740 0.396476 0.616740 0.392070 0.621145 0.387665 0.625551 0.387665 0.629956 0.383260 0.634361 0.387665 0.638767 0.387665 0.651982 0.400881 0.656388 0.396476 0.660793 0.396476 0.665198 0.400881 0.669604 0.396476 0.674009 0.396476 0.678414 0.392070 0.678414 0.378855 0.682819 0.374449 0.669604 0.361233 0.669604 0.348018 0.674009 0.343612 0.669604 0.339207 0.669604 0.334802 0.665198 0.330396 0.660793 0.330396 0.656388 0.325991 0.651982 0.325991 0.647577 0.321586 0.647577 0.317181 0.643172 0.312775 0.634361 0.312775 0.629956 0.317181 0.625551 0.317181 0.621145 0.321586
0 0.259912 0.273128 0.255507 0.277533 0.255507 0.295154 0.259912 0.299559 0.259912 0.303965 0.264317 0.308370 0.273128 0.308370 0.277533 0.303965 0.277533 0.286344 0.273128 0.281938 0.273128 0.277533 0.268722 0.273128
0 0.414097 0.242291 0.418502 0.246696 0.440529 0.246696 0.444934 0.242291 0.449339 0.246696 0.453745 0.246696 0.458150 0.251101 0.458150 0.264317 0.462555 0.268722 0.466960 0.268722 0.471366 0.264317 0.511013 0.264317 0.515419 0.259912 0.519824 0.264317 0.524229 0.264317 0.528634 0.268722 0.533040 0.268722 0.537445 0.264317 0.537445 0.259912 0.541850 0.255507 0.537445 0.251101 0.533040 0.251101 0.528634 0.255507 0.524229 0.255507 0.519824 0.259912 0.515419 0.255507 0.511013 0.255507 0.497797 0.242291 0.488987 0.242291 0.484582 0.246696 0.480176 0.246696 0.475771 0.251101 0.466960 0.251101 0.462555 0.246696 0.458150 0.251101 0.453745 0.246696 0.449339 0.246696 0.444934 0.242291 0.444934 0.237885 0.436123 0.229075 0.427313 0.229075
0 0.343612 0.229075 0.339207 0.233480 0.339207 0.251101 0.352423 0.264317 0.356828 0.259912 0.356828 0.255507 0.361233 0.251101 0.361233 0.246696 0.356828 0.242291 0.356828 0.237885 0.352423 0.233480 0.348018 0.233480
0 0.612335 0.220264 0.603524 0.220264 0.599119 0.224670 0.599119 0.237885 0.594714 0.242291 0.590308 0.242291 0.585903 0.246696 0.581498 0.246696 0.572687 0.255507 0.577093 0.259912 0.577093 0.264317 0.581498 0.268722 0.585903 0.264317 0.594714 0.264317 0.616740 0.242291 0.616740 0.237885 0.621145 0.233480 0.616740 0.229075 0.616740 0.224670
0 0.000000 0.229075 0.000000 0.242291 0.004405 0.242291 0.013216 0.233480 0.017621 0.233480 0.022026 0.229075 0.026432 0.229075 0.030837 0.233480 0.035242 0.233480 0.048458 0.246696 0.048458 0.273128 0.057269 0.281938 0.061674 0.281938 0.070485 0.273128 0.070485 0.251101 0.066079 0.246696 0.066079 0.242291 0.057269 0.233480 0.052863 0.233480 0.044053 0.224670 0.039648 0.224670 0.035242 0.220264 0.030837 0.220264 0.026432 0.215859 0.022026 0.215859 0.013216 0.224670 0.008811 0.224670 0.004405 0.229075
0 0.718062 0.193833 0.713656 0.189427 0.704846 0.189427 0.700441 0.193833 0.696035 0.193833 0.691630 0.198238 0.687225 0.198238 0.682819 0.193833 0.678414 0.193833 0.674009 0.198238 0.669604 0.198238 0.665198 0.202643 0.669604 0.207048 0.669604 0.220264 0.656388 0.233480 0.656388 0.237885 0.660793 0.242291 0.665198 0.237885 0.665198 0.233480 0.678414 0.220264 0.682819 0.220264 0.687225 0.215859 0.700441 0.215859 0.704846 0.211454 0.709251 0.211454 0.713656 0.207048 0.713656 0.198238
0 0.422908 0.158590 0.418502 0.154185 0.414097 0.158590 0.409692 0.158590 0.396476 0.171806 0.392070 0.171806 0.387665 0.176211 0.383260 0.176211 0.378855 0.180617 0.387665 0.189427 0.392070 0.189427 0.396476 0.193833 0.414097 0.176211 0.414097 0.171806 0.422908 0.162996
0 0.176211 0.154185 0.171806 0.158590 0.176211 0.162996 0.176211 0.167401 0.180617 0.171806 0.180617 0.180617 0.189427 0.189427 0.193833 0.189427 0.198238 0.185022 0.202643 0.189427 0.207048 0.189427 0.215859 0.198238 0.215859 0.207048 0.224670 0.215859 0.224670 0.220264 0.233480 0.229075 0.233480 0.242291 0.229075 0.246696 0.224670 0.246696 0.220264 0.251101 0.211454 0.251101 0.207048 0.255507 0.207048 0.273128 0.211454 0.277533 0.211454 0.286344 0.207048 0.290749 0.207048 0.303965 0.202643 0.308370 0.202643 0.317181 0.198238 0.321586 0.202643 0.325991 0.202643 0.330396 0.207048 0.334802 0.215859 0.334802 0.220264 0.330396 0.220264 0.286344 0.224670 0.281938 0.224670 0.264317 0.229075 0.259912 0.229075 0.251101 0.233480 0.246696 0.237885 0.246696 0.242291 0.242291 0.242291 0.229075 0.233480 0.220264 0.233480 0.211454 0.229075 0.207048 0.229075 0.198238 0.220264 0.189427 0.215859 0.189427 0.211454 0.185022 0.207048 0.185022 0.198238 0.176211 0.198238 0.171806 0.189427 0.162996 0.189427 0.158590 0.185022 0.154185
0 0.660793 0.145374 0.669604 0.154185 0.678414 0.154185 0.682819 0.158590 0.691630 0.158590 0.696035 0.154185 0.700441 0.158590 0.709251 0.149780 0.709251 0.145374 0.713656 0.140969 0.709251 0.136564 0.704846 0.140969 0.678414 0.140969 0.674009 0.136564 0.665198 0.136564 0.660793 0.140969
0 0.149780 0.083700 0.145374 0.083700 0.140969 0.088106 0.140969 0.092511 0.132159 0.101322 0.127753 0.101322 0.123348 0.105727 0.132159 0.114537 0.145374 0.114537 0.149780 0.110132 0.149780 0.105727 0.154185 0.101322 0.154185 0.088106
0 0.400881 0.066079 0.396476 0.061674 0.370044 0.061674 0.361233 0.070485 0.361233 0.079295 0.356828 0.083700 0.356828 0.088106 0.352423 0.092511 0.348018 0.092511 0.343612 0.096916 0.334802 0.096916 0.330396 0.101322 0.334802 0.105727 0.334802 0.132159 0.330396 0.136564 0.325991 0.136564 0.321586 0.140969 0.317181 0.140969 0.312775 0.136564 0.299559 0.136564 0.295154 0.140969 0.290749 0.140969 0.286344 0.145374 0.281938 0.145374 0.277533 0.149780 0.277533 0.154185 0.281938 0.158590 0.303965 0.158590 0.308370 0.154185 0.312775 0.154185 0.317181 0.149780 0.321586 0.149780 0.325991 0.154185 0.330396 0.154185 0.339207 0.162996 0.343612 0.162996 0.348018 0.167401 0.352423 0.167401 0.356828 0.162996 0.352423 0.158590 0.352423 0.149780 0.348018 0.145374 0.348018 0.105727 0.352423 0.101322 0.356828 0.101322 0.361233 0.096916 0.365639 0.096916 0.370044 0.092511 0.374449 0.092511 0.387665 0.079295 0.392070 0.079295 0.400881 0.070485
0 0.242291 0.057269 0.237885 0.061674 0.237885 0.070485 0.246696 0.079295 0.251101 0.079295 0.259912 0.088106 0.259912 0.092511 0.273128 0.105727 0.281938 0.096916 0.281938 0.083700 0.277533 0.079295 0.273128 0.083700 0.264317 0.083700 0.259912 0.079295 0.255507 0.079295 0.251101 0.074890 0.251101 0.070485 0.246696 0.066079 0.246696 0.061674
0 0.502203 0.044053 0.506608 0.048458 0.506608 0.052863 0.511013 0.057269 0.511013 0.061674 0.519824 0.070485 0.524229 0.070485 0.537445 0.083700 0.541850 0.083700 0.546256 0.088106 0.550661 0.088106 0.559471 0.096916 0.572687 0.096916 0.577093 0.092511 0.581498 0.092511 0.590308 0.083700 0.590308 0.070485 0.585903 0.066079 0.581498 0.070485 0.572687 0.070485 0.568282 0.074890 0.559471 0.074890 0.555066 0.079295 0.550661 0.074890 0.546256 0.074890 0.528634 0.057269 0.528634 0.052863 0.515419 0.039648 0.506608 0.039648
0 0.127753 0.026432 0.123348 0.030837 0.118943 0.030837 0.114537 0.035242 0.110132 0.035242 0.105727 0.039648 0.096916 0.039648 0.092511 0.044053 0.088106 0.044053 0.083700 0.048458 0.074890 0.048458 0.070485 0.052863 0.070485 0.057269 0.066079 0.061674 0.066079 0.070485 0.070485 0.074890 0.070485 0.083700 0.066079 0.088106 0.066079 0.101322 0.074890 0.110132 0.088106 0.096916 0.088106 0.092511 0.083700 0.088106 0.083700 0.074890 0.096916 0.061674 0.101322 0.061674 0.105727 0.057269 0.110132 0.057269 0.114537 0.052863 0.123348 0.052863 0.127753 0.048458 0.127753 0.039648 0.132159 0.035242 0.132159 0.030837
0 0.863436 0.000000 0.872247 0.008811 0.876652 0.008811 0.881057 0.013216 0.885463 0.013216 0.889868 0.017621 0.889868 0.026432 0.894273 0.030837 0.894273 0.039648 0.903084 0.048458 0.916300 0.048458 0.920705 0.044053 0.933921 0.044053 0.942731 0.035242 0.942731 0.030837 0.938326 0.026432 0.925110 0.026432 0.920705 0.030837 0.916300 0.026432 0.911894 0.026432 0.903084 0.017621 0.898678 0.017621 0.889868 0.008811 0.889868 0.000000
0 0.788546 0.000000 0.788546 0.030837 0.806167 0.044053 0.801762 0.070485 0.819383 0.096916 0.832599 0.088106 0.867841 0.096916 0.885463 0.083700 0.907489 0.092511 0.907489 0.118943 0.929515 0.154185 0.925110 0.176211 0.911894 0.185022 0.889868 0.167401 0.881057 0.176211 0.885463 0.193833 0.872247 0.202643 0.837004 0.176211 0.797357 0.171806 0.792952 0.180617 0.762115 0.189427 0.788546 0.202643 0.788546 0.211454 0.753304 0.242291 0.740088 0.233480 0.722467 0.246696 0.700441 0.242291 0.669604 0.273128 0.634361 0.286344 0.643172 0.290749 0.678414 0.281938 0.704846 0.312775 0.722467 0.295154 0.753304 0.317181 0.766520 0.317181 0.775330 0.308370 0.770925 0.290749 0.788546 0.277533 0.819383 0.299559 0.832599 0.295154 0.867841 0.308370 0.898678 0.286344 0.911894 0.295154 0.916300 0.312775 0.938326 0.312775 0.951542 0.299559 0.938326 0.286344 0.916300 0.295154 0.903084 0.290749 0.885463 0.259912 0.872247 0.286344 0.859031 0.295154 0.837004 0.286344 0.832599 0.273128 0.854626 0.259912 0.850220 0.242291 0.872247 0.229075 0.889868 0.242291 0.933921 0.237885 0.951542 0.255507 0.995595 0.255507 0.995595 0.237885 0.969163 0.242291 0.955947 0.233480 0.955947 0.224670 0.969163 0.211454 0.995595 0.211454 0.995595 0.127753 0.986784 0.132159 0.986784 0.149780 0.977974 0.158590 0.951542 0.158590 0.938326 0.140969 0.925110 0.101322 0.907489 0.092511 0.898678 0.079295 0.889868 0.083700 0.863436 0.070485 0.845815 0.079295 0.828194 0.074890 0.797357 0.022026 0.801762 0.000000
0 0.718062 0.000000 0.718062 0.008811 0.713656 0.013216 0.709251 0.013216 0.700441 0.022026 0.704846 0.026432 0.704846 0.030837 0.709251 0.035242 0.709251 0.039648 0.718062 0.048458 0.718062 0.057269 0.709251 0.066079 0.709251 0.070485 0.713656 0.074890 0.713656 0.083700 0.726872 0.096916 0.731278 0.096916 0.735683 0.101322 0.740088 0.101322 0.744493 0.105727 0.744493 0.132159 0.748899 0.136564 0.753304 0.136564 0.762115 0.145374 0.762115 0.149780 0.766520 0.154185 0.770925 0.149780 0.775330 0.149780 0.779736 0.154185 0.784141 0.154185 0.788546 0.158590 0.792952 0.158590 0.797357 0.154185 0.792952 0.149780 0.788546 0.149780 0.779736 0.140969 0.779736 0.127753 0.784141 0.123348 0.784141 0.118943 0.788546 0.114537 0.792952 0.114537 0.797357 0.110132 0.801762 0.114537 0.806167 0.114537 0.810573 0.118943 0.814978 0.114537 0.814978 0.105727 0.810573 0.105727 0.806167 0.110132 0.801762 0.110132 0.797357 0.105727 0.792952 0.105727 0.770925 0.083700 0.770925 0.070485 0.766520 0.066079 0.766520 0.057269 0.731278 0.022026 0.731278 0.017621 0.726872 0.013216 0.726872 0.000000
0 0.348018 0.000000 0.361233 0.013216 0.365639 0.013216 0.370044 0.017621 0.370044 0.026432 0.374449 0.030837 0.387665 0.030837 0.392070 0.026432 0.392070 0.017621 0.383260 0.008811 0.378855 0.008811 0.374449 0.004405 0.374449 0.000000
0 0.198238 0.000000 0.198238 0.013216 0.202643 0.017621 0.202643 0.022026 0.211454 0.030837 0.220264 0.030837 0.224670 0.026432 0.224670 0.017621 0.220264 0.013216 0.220264 0.008811 0.215859 0.004405 0.215859 0.000000
