0 0.541850 0.951542 0.541850 0.955947 0.546256 0.955947 0.550661 0.960352 0.559471 0.960352 0.563877 0.964758 0.568282 0.960352 0.572687 0.960352 0.577093 0.955947 0.585903 0.955947 0.590308 0.960352 0.594714 0.960352 0.599119 0.964758 0.603524 0.960352 0.607930 0.964758 0.612335 0.964758 0.621145 0.955947 0.607930 0.942731 0.603524 0.947137 0.599119 0.942731 0.594714 0.947137 0.590308 0.947137 0.585903 0.951542 0.577093 0.951542 0.572687 0.947137 0.555066 0.947137 0.550661 0.942731
0 0.792952 0.933921 0.784141 0.942731 0.784141 0.955947 0.788546 0.960352 0.792952 0.960352 0.797357 0.964758 0.801762 0.960352 0.806167 0.964758 0.810573 0.960352 0.810573 0.947137 0.801762 0.938326 0.797357 0.938326
0 0.889868 0.903084 0.885463 0.907489 0.889868 0.911894 0.889868 0.916300 0.898678 0.925110 0.903084 0.925110 0.907489 0.929515 0.907489 0.933921 0.920705 0.947137 0.925110 0.947137 0.933921 0.938326 0.933921 0.933921 0.911894 0.911894 0.911894 0.907489 0.907489 0.903084
0 0.519824 0.859031 0.515419 0.854626 0.506608 0.854626 0.502203 0.859031 0.502203 0.863436 0.497797 0.867841 0.493392 0.867841 0.488987 0.872247 0.484582 0.867841 0.480176 0.867841 0.475771 0.863436 0.466960 0.872247 0.466960 0.881057 0.471366 0.885463 0.475771 0.885463 0.480176 0.881057 0.484582 0.881057 0.488987 0.876652 0.493392 0.876652 0.497797 0.872247 0.502203 0.872247 0.506608 0.876652 0.511013 0.876652 0.515419 0.881057 0.519824 0.876652
0 0.590308 0.748899 0.581498 0.757709 0.581498 0.779736 0.577093 0.784141 0.577093 0.788546 0.572687 0.792952 0.572687 0.801762 0.577093 0.801762 0.581498 0.797357 0.585903 0.801762 0.594714 0.801762 0.599119 0.806167 0.603524 0.806167 0.607930 0.810573 0.621145 0.810573 0.625551 0.806167 0.621145 0.801762 0.616740 0.801762 0.612335 0.797357 0.607930 0.797357 0.594714 0.784141 0.594714 0.770925 0.599119 0.766520 0.603524 0.766520 0.607930 0.762115 0.603524 0.757709 0.603524 0.753304 0.599119 0.748899 0.594714 0.753304
0 0.444934 0.753304 0.440529 0.748899 0.431718 0.748899 0.427313 0.753304 0.418502 0.753304 0.414097 0.757709 0.414097 0.770925 0.418502 0.775330 0.427313 0.775330 0.444934 0.757709
0 0.092511 0.753304 0.101322 0.762115 0.110132 0.762115 0.114537 0.757709 0.118943 0.757709 0.123348 0.753304 0.127753 0.757709 0.132159 0.757709 0.140969 0.766520 0.149780 0.766520 0.154185 0.762115 0.154185 0.757709 0.145374 0.748899 0.132159 0.748899 0.127753 0.753304 0.118943 0.753304 0.114537 0.748899 0.110132 0.748899 0.105727 0.744493 0.101322 0.744493
0 0.665198 0.704846 0.665198 0.709251 0.678414 0.722467 0.678414 0.731278 0.700441 0.753304 0.722467 0.757709 0.735683 0.766520 0.735683 0.775330 0.726872 0.784141 0.722467 0.784141 0.718062 0.788546 0.713656 0.784141 0.709251 0.788546 0.709251 0.792952 0.718062 0.801762 0.735683 0.801762 0.740088 0.797357 0.740088 0.788546 0.753304 0.779736 0.757709 0.784141 0.762115 0.784141 0.779736 0.801762 0.784141 0.801762 0.797357 0.810573 0.806167 0.810573 0.810573 0.814978 0.819383 0.814978 0.823789 0.819383 0.832599 0.819383 0.837004 0.823789 0.845815 0.823789 0.850220 0.819383 0.881057 0.841410 0.889868 0.841410 0.894273 0.845815 0.916300 0.845815 0.920705 0.850220 0.955947 0.850220 0.960352 0.854626 0.969163 0.854626 0.982379 0.863436 0.995595 0.863436 0.995595 0.832599 0.982379 0.832599 0.977974 0.828194 0.973568 0.828194 0.969163 0.823789 0.960352 0.823789 0.955947 0.819383 0.916300 0.819383 0.894273 0.806167 0.889868 0.810573 0.872247 0.810573 0.867841 0.806167 0.863436 0.806167 0.854626 0.792952 0.841410 0.792952 0.837004 0.788546 0.828194 0.788546 0.823789 0.784141 0.814978 0.784141 0.810573 0.779736 0.806167 0.779736 0.770925 0.744493 0.762115 0.744493 0.748899 0.735683 0.735683 0.735683 0.731278 0.731278 0.722467 0.731278 0.718062 0.726872 0.709251 0.726872 0.704846 0.722467 0.700441 0.722467 0.691630 0.713656 0.691630 0.704846 0.687225 0.700441 0.669604 0.700441
0 0.889868 0.687225 0.889868 0.696035 0.898678 0.704846 0.911894 0.704846 0.916300 0.709251 0.925110 0.709251 0.929515 0.704846 0.916300 0.691630 0.907489 0.691630 0.903084 0.687225 0.898678 0.687225 0.894273 0.682819
0 0.370044 0.682819 0.370044 0.691630 0.374449 0.691630 0.387665 0.704846 0.387665 0.709251 0.392070 0.713656 0.418502 0.713656 0.427313 0.704846 0.418502 0.696035 0.414097 0.696035 0.409692 0.700441 0.405286 0.700441 0.400881 0.696035 0.396476 0.696035 0.383260 0.682819 0.383260 0.678414 0.378855 0.674009 0.374449 0.674009 0.374449 0.678414
0 0.784141 0.669604 0.779736 0.674009 0.779736 0.696035 0.784141 0.700441 0.784141 0.704846 0.788546 0.709251 0.788546 0.718062 0.806167 0.735683 0.810573 0.731278 0.806167 0.726872 0.806167 0.722467 0.801762 0.718062 0.801762 0.709251 0.797357 0.704846 0.797357 0.678414 0.788546 0.669604
0 0.251101 0.629956 0.237885 0.643172 0.233480 0.643172 0.229075 0.647577 0.224670 0.647577 0.220264 0.651982 0.220264 0.660793 0.224670 0.665198 0.233480 0.665198 0.242291 0.656388 0.246696 0.656388 0.255507 0.647577 0.255507 0.634361
0 0.832599 0.599119 0.823789 0.607930 0.828194 0.612335 0.832599 0.612335 0.837004 0.616740 0.837004 0.629956 0.832599 0.634361 0.832599 0.643172 0.837004 0.647577 0.841410 0.647577 0.845815 0.651982 0.850220 0.651982 0.854626 0.656388 0.859031 0.656388 0.863436 0.651982 0.876652 0.651982 0.881057 0.656388 0.885463 0.651982 0.885463 0.634361 0.889868 0.629956 0.894273 0.629956 0.898678 0.625551 0.889868 0.616740 0.885463 0.621145 0.885463 0.634361 0.881057 0.638767 0.876652 0.638767 0.872247 0.643172 0.863436 0.643172 0.859031 0.638767 0.854626 0.638767 0.845815 0.629956 0.841410 0.629956 0.837004 0.625551 0.837004 0.612335 0.841410 0.607930
0 0.370044 0.577093 0.361233 0.585903 0.361233 0.590308 0.365639 0.594714 0.365639 0.599119 0.374449 0.607930 0.392070 0.607930 0.396476 0.603524 0.396476 0.599119 0.392070 0.594714 0.392070 0.590308 0.383260 0.581498 0.374449 0.581498
0 0.973568 0.559471 0.964758 0.550661 0.960352 0.550661 0.955947 0.555066 0.951542 0.555066 0.947137 0.559471 0.947137 0.568282 0.942731 0.572687 0.947137 0.577093 0.964758 0.577093 0.973568 0.568282
0 0.726872 0.462555 0.726872 0.471366 0.735683 0.480176 0.740088 0.480176 0.753304 0.493392 0.762115 0.493392 0.766520 0.497797 0.775330 0.497797 0.784141 0.488987 0.784141 0.484582 0.779736 0.480176 0.775330 0.480176 0.770925 0.475771 0.766520 0.475771 0.762115 0.471366 0.757709 0.471366 0.748899 0.462555 0.740088 0.462555 0.735683 0.458150 0.731278 0.458150
0 0.568282 0.462555 0.581498 0.475771 0.585903 0.475771 0.590308 0.480176 0.590308 0.493392 0.599119 0.502203 0.607930 0.502203 0.612335 0.506608 0.656388 0.506608 0.660793 0.511013 0.665198 0.511013 0.669604 0.515419 0.687225 0.515419 0.691630 0.519824 0.696035 0.519824 0.700441 0.524229 0.713656 0.524229 0.718062 0.519824 0.718062 0.515419 0.713656 0.511013 0.709251 0.511013 0.704846 0.506608 0.700441 0.506608 0.691630 0.497797 0.687225 0.497797 0.682819 0.493392 0.678414 0.497797 0.674009 0.493392 0.665198 0.493392 0.660793 0.488987 0.647577 0.488987 0.643172 0.493392 0.638767 0.493392 0.634361 0.497797 0.629956 0.493392 0.625551 0.493392 0.621145 0.488987 0.612335 0.488987 0.607930 0.484582 0.603524 0.484582 0.599119 0.480176 0.594714 0.480176 0.585903 0.471366 0.585903 0.462555 0.581498 0.458150 0.572687 0.458150
0 0.823789 0.449339 0.823789 0.453745 0.828194 0.458150 0.837004 0.458150 0.841410 0.462555 0.845815 0.462555 0.854626 0.471366 0.854626 0.475771 0.859031 0.480176 0.867841 0.471366 0.867841 0.466960 0.872247 0.462555 0.867841 0.458150 0.850220 0.458150 0.845815 0.453745 0.841410 0.453745 0.832599 0.444934 0.828194 0.444934
0 0.969163 0.422908 0.969163 0.431718 0.973568 0.436123 0.995595 0.436123 0.995595 0.418502 0.986784 0.418502 0.982379 0.414097 0.977974 0.414097
0 0.735683 0.418502 0.744493 0.427313 0.748899 0.427313 0.753304 0.431718 0.762115 0.431718 0.766520 0.427313 0.770925 0.427313 0.775330 0.422908 0.779736 0.427313 0.784141 0.427313 0.788546 0.431718 0.797357 0.431718 0.801762 0.427313 0.801762 0.418502 0.792952 0.409692 0.788546 0.414097 0.784141 0.414097 0.779736 0.418502 0.766520 0.418502 0.762115 0.414097 0.757709 0.414097 0.753304 0.409692 0.748899 0.409692 0.744493 0.414097 0.740088 0.414097
0 0.726872 0.396476 0.722467 0.392070 0.709251 0.392070 0.704846 0.387665 0.700441 0.392070 0.696035 0.392070 0.687225 0.400881 0.682819 0.400881 0.678414 0.405286 0.660793 0.405286 0.656388 0.409692 0.656388 0.414097 0.651982 0.418502 0.656388 0.422908 0.674009 0.422908 0.682819 0.414097 0.687225 0.414097 0.691630 0.409692 0.704846 0.409692 0.709251 0.405286 0.718062 0.405286
0 0.392070 0.383260 0.383260 0.392070 0.383260 0.400881 0.387665 0.405286 0.392070 0.405286 0.400881 0.414097 0.405286 0.414097 0.409692 0.418502 0.409692 0.422908 0.414097 0.427313 0.418502 0.422908 0.418502 0.405286 0.414097 0.400881 0.414097 0.392070 0.405286 0.383260
0 0.625551 0.361233 0.616740 0.361233 0.603524 0.374449 0.599119 0.374449 0.594714 0.378855 0.585903 0.378855 0.581498 0.383260 0.581498 0.396476 0.577093 0.400881 0.577093 0.409692 0.581498 0.414097 0.603524 0.392070 0.603524 0.387665 0.607930 0.383260 0.612335 0.383260 0.616740 0.378855 0.621145 0.378855 0.629956 0.370044 0.629956 0.365639
0 0.149780 0.356828 0.140969 0.365639 0.154185 0.378855 0.158590 0.378855 0.162996 0.383260 0.167401 0.383260 0.171806 0.378855 0.171806 0.370044 0.167401 0.365639 0.167401 0.361233 0.162996 0.356828
0 0.475771 0.343612 0.471366 0.348018 0.471366 0.356828 0.484582 0.370044 0.484582 0.374449 0.488987 0.378855 0.488987 0.383260 0.493392 0.387665 0.493392 0.392070 0.506608 0.405286 0.515419 0.405286 0.519824 0.400881 0.519824 0.387665 0.515419 0.383260 0.506608 0.383260 0.502203 0.378855 0.497797 0.378855 0.493392 0.374449 0.493392 0.370044 0.488987 0.365639 0.488987 0.352423 0.493392 0.348018 0.493392 0.343612 0.488987 0.339207 0.484582 0.339207 0.480176 0.343612
0 0.718062 0.339207 0.718062 0.348018 0.722467 0.352423 0.744493 0.352423 0.748899 0.348018 0.744493 0.343612 0.744493 0.339207 0.735683 0.330396 0.726872 0.330396
0 0.563877 0.321586 0.559471 0.321586 0.555066 0.325991 0.546256 0.325991 0.541850 0.330396 0.541850 0.356828 0.546256 0.361233 0.550661 0.361233 0.555066 0.356828 0.555066 0.352423 0.559471 0.348018 0.559471 0.343612 0.563877 0.339207 0.563877 0.334802 0.568282 0.330396 0.568282 0.325991
0 0.255507 0.286344 0.246696 0.277533 0.242291 0.277533 0.237885 0.281938 0.229075 0.281938 0.224670 0.286344 0.215859 0.286344 0.207048 0.295154 0.202643 0.295154 0.198238 0.299559 0.193833 0.299559 0.185022 0.308370 0.180617 0.308370 0.176211 0.312775 0.180617 0.317181 0.180617 0.321586 0.189427 0.330396 0.198238 0.321586 0.198238 0.317181 0.207048 0.308370 0.211454 0.308370 0.215859 0.303965 0.220264 0.308370 0.229075 0.299559 0.233480 0.299559 0.237885 0.295154 0.246696 0.295154
0 0.590308 0.281938 0.594714 0.286344 0.594714 0.295154 0.599119 0.299559 0.603524 0.299559 0.607930 0.303965 0.616740 0.303965 0.621145 0.299559 0.625551 0.303965 0.629956 0.299559 0.634361 0.303965 0.638767 0.299559 0.634361 0.295154 0.629956 0.295154 0.612335 0.277533 0.607930 0.277533 0.603524 0.273128 0.599119 0.277533 0.594714 0.277533
0 0.471366 0.268722 0.462555 0.277533 0.475771 0.290749 0.475771 0.295154 0.488987 0.308370 0.493392 0.308370 0.502203 0.299559 0.502203 0.295154 0.475771 0.268722
0 0.374449 0.242291 0.370044 0.246696 0.370044 0.251101 0.374449 0.255507 0.374449 0.259912 0.378855 0.264317 0.378855 0.286344 0.383260 0.290749 0.392070 0.290749 0.396476 0.286344 0.396476 0.255507 0.383260 0.242291
0 0.555066 0.237885 0.550661 0.237885 0.546256 0.242291 0.541850 0.242291 0.533040 0.251101 0.533040 0.259912 0.537445 0.264317 0.550661 0.264317 0.563877 0.251101 0.559471 0.246696 0.559471 0.242291
0 0.718062 0.079295 0.709251 0.070485 0.704846 0.074890 0.700441 0.074890 0.696035 0.079295 0.687225 0.079295 0.682819 0.074890 0.678414 0.079295 0.678414 0.088106 0.687225 0.096916 0.709251 0.096916 0.713656 0.092511 0.713656 0.083700
0 0.149780 0.079295 0.140969 0.070485 0.136564 0.070485 0.132159 0.074890 0.132159 0.079295 0.123348 0.088106 0.118943 0.088106 0.114537 0.092511 0.110132 0.092511 0.105727 0.088106 0.101322 0.088106 0.096916 0.092511 0.096916 0.101322 0.083700 0.114537 0.088106 0.118943 0.092511 0.114537 0.096916 0.118943 0.101322 0.114537 0.105727 0.114537 0.114537 0.105727 0.114537 0.101322 0.118943 0.096916 0.123348 0.096916 0.127753 0.092511 0.132159 0.092511 0.136564 0.096916 0.140969 0.092511 0.140969 0.088106
0 0.000000 0.559471 0.149780 0.559471 0.259912 0.581498 0.295154 0.546256 0.378855 0.537445 0.594714 0.612335 0.669604 0.678414 0.656388 0.612335 0.572687 0.555066 0.405286 0.515419 0.299559 0.453745 0.299559 0.475771 0.277533 0.484582 0.096916 0.392070 0.044053 0.392070 0.070485 0.348018 0.066079 0.321586 0.096916 0.277533 0.123348 0.277533 0.176211 0.229075 0.202643 0.246696 0.268722 0.189427 0.295154 0.198238 0.273128 0.176211 0.233480 0.185022 0.268722 0.145374 0.418502 0.176211 0.458150 0.207048 0.515419 0.189427 0.585903 0.198238 0.603524 0.229075 0.682819 0.251101 0.726872 0.237885 0.740088 0.211454 0.806167 0.229075 0.806167 0.207048 0.841410 0.193833 0.916300 0.233480 0.995595 0.224670 0.995595 0.207048 0.960352 0.211454 0.995595 0.180617 0.982379 0.158590 0.995595 0.127753 0.885463 0.176211 0.832599 0.171806 0.814978 0.149780 0.731278 0.176211 0.700441 0.145374 0.656388 0.158590 0.559471 0.145374 0.524229 0.154185 0.519824 0.180617 0.471366 0.193833 0.356828 0.158590 0.348018 0.114537 0.299559 0.127753 0.273128 0.110132 0.233480 0.114537 0.229075 0.101322 0.281938 0.052863 0.268722 0.048458 0.176211 0.140969 0.039648 0.193833 0.044053 0.224670 0.000000 0.251101 0.039648 0.255507 0.061674 0.299559 0.052863 0.352423 0.026432 0.361233 0.000000 0.334802 0.000000 0.361233 0.030837 0.374449 0.017621 0.392070 0.237885 0.488987 0.264317 0.511013 0.259912 0.533040 0.211454 0.541850 0.000000 0.515419
0 0.039648 0.057269 0.039648 0.061674 0.044053 0.066079 0.061674 0.066079 0.066079 0.061674 0.074890 0.061674 0.079295 0.066079 0.083700 0.061674 0.083700 0.057269 0.070485 0.044053 0.052863 0.044053
0 0.704846 0.030837 0.678414 0.017621 0.651982 0.048458 0.647577 0.061674 0.625551 0.079295 0.616740 0.074890 0.599119 0.074890 0.585903 0.066079 0.585903 0.057269 0.577093 0.048458 0.572687 0.052863 0.572687 0.066079 0.559471 0.074890 0.546256 0.074890 0.528634 0.088106 0.497797 0.088106 0.493392 0.092511 0.458150 0.092511 0.444934 0.083700 0.444934 0.070485 0.449339 0.066079 0.444934 0.061674 0.409692 0.061674 0.405286 0.057269 0.392070 0.057269 0.387665 0.061674 0.378855 0.061674 0.334802 0.026432 0.325991 0.035242 0.334802 0.044053 0.348018 0.048458 0.365639 0.066079 0.374449 0.066079 0.378855 0.070485 0.387665 0.070485 0.392070 0.066079 0.405286 0.066079 0.414097 0.070485 0.431718 0.088106 0.458150 0.101322 0.493392 0.101322 0.497797 0.096916 0.537445 0.096916 0.546256 0.088106 0.559471 0.083700 0.581498 0.096916 0.581498 0.110132 0.590308 0.118943 0.616740 0.118943 0.634361 0.110132 0.647577 0.110132 0.656388 0.096916 0.643172 0.088106 0.643172 0.079295 0.656388 0.070485 0.656388 0.061674 0.660793 0.052863 0.678414 0.035242 0.687225 0.030837 0.696035 0.030837 0.700441 0.035242
0 0.726872 0.000000 0.735683 0.008811 0.735683 0.017621 0.744493 0.026432 0.744493 0.035242 0.740088 0.039648 0.735683 0.039648 0.731278 0.044053 0.722467 0.044053 0.718062 0.048458 0.722467 0.052863 0.748899 0.052863 0.753304 0.057269 0.766520 0.061674 0.775330 0.070485 0.775330 0.079295 0.770925 0.083700 0.775330 0.088106 0.779736 0.088106 0.784141 0.083700 0.784141 0.079295 0.797357 0.070485 0.801762 0.074890 0.810573 0.074890 0.814978 0.070485 0.823789 0.070485 0.837004 0.079295 0.837004 0.092511 0.841410 0.096916 0.867841 0.105727 0.872247 0.110132 0.872247 0.114537 0.885463 0.123348 0.894273 0.114537 0.898678 0.114537 0.903084 0.110132 0.920705 0.110132 0.933921 0.101322 0.947137 0.101322 0.951542 0.096916 0.955947 0.096916 0.960352 0.101322 0.969163 0.101322 0.982379 0.092511 0.995595 0.092511 0.995595 0.061674 0.986784 0.061674 0.982379 0.057269 0.973568 0.057269 0.969163 0.061674 0.955947 0.061674 0.951542 0.066079 0.933921 0.066079 0.929515 0.070485 0.911894 0.070485 0.907489 0.074890 0.867841 0.074890 0.863436 0.070485 0.859031 0.070485 0.845815 0.057269 0.841410 0.061674 0.784141 0.061674 0.779736 0.057269 0.775330 0.057269 0.766520 0.048458 0.766520 0.039648 0.770925 0.035242 0.753304 0.017621 0.748899 0.017621 0.735683 0.004405 0.735683 0.000000
