0 0.964758 0.933921 0.960352 0.938326 0.960352 0.942731 0.955947 0.947137 0.960352 0.951542 0.960352 0.969163 0.955947 0.973568 0.951542 0.973568 0.947137 0.977974 0.947137 0.995595 0.969163 0.995595 0.964758 0.991189 0.964758 0.977974 0.960352 0.973568 0.960352 0.964758 0.973568 0.951542 0.969163 0.947137 0.969163 0.938326
0 0.048458 0.920705 0.044053 0.920705 0.039648 0.925110 0.039648 0.929515 0.035242 0.933921 0.035242 0.942731 0.039648 0.947137 0.039648 0.955947 0.035242 0.960352 0.030837 0.960352 0.017621 0.973568 0.013216 0.973568 0.008811 0.977974 0.004405 0.973568 0.000000 0.973568 0.000000 0.986784 0.008811 0.977974 0.013216 0.977974 0.017621 0.973568 0.026432 0.973568 0.030837 0.977974 0.035242 0.973568 0.039648 0.973568 0.052863 0.960352 0.052863 0.955947 0.057269 0.951542 0.057269 0.933921 0.052863 0.929515 0.052863 0.925110
0 0.211454 0.920705 0.207048 0.916300 0.198238 0.916300 0.185022 0.929515 0.180617 0.929515 0.176211 0.933921 0.176211 0.938326 0.171806 0.942731 0.176211 0.947137 0.185022 0.947137 0.193833 0.938326 0.193833 0.933921 0.202643 0.925110 0.207048 0.925110
0 0.515419 0.854626 0.511013 0.854626 0.502203 0.863436 0.502203 0.898678 0.511013 0.907489 0.519824 0.898678 0.519824 0.872247 0.524229 0.867841 0.524229 0.863436
0 0.471366 0.819383 0.466960 0.823789 0.462555 0.823789 0.458150 0.828194 0.458150 0.837004 0.453745 0.841410 0.453745 0.845815 0.449339 0.850220 0.453745 0.854626 0.453745 0.859031 0.458150 0.863436 0.462555 0.863436 0.466960 0.859031 0.466960 0.850220 0.471366 0.845815 0.471366 0.841410 0.475771 0.837004 0.475771 0.823789
0 0.740088 0.797357 0.735683 0.792952 0.726872 0.792952 0.700441 0.819383 0.696035 0.819383 0.691630 0.823789 0.691630 0.828194 0.687225 0.832599 0.687225 0.837004 0.691630 0.841410 0.696035 0.841410 0.700441 0.837004 0.704846 0.837004 0.709251 0.832599 0.713656 0.832599 0.718062 0.828194 0.722467 0.828194 0.726872 0.823789 0.731278 0.823789 0.740088 0.814978
0 0.669604 0.643172 0.669604 0.647577 0.674009 0.651982 0.678414 0.651982 0.682819 0.656388 0.704846 0.656388 0.709251 0.660793 0.713656 0.660793 0.718062 0.665198 0.718062 0.669604 0.722467 0.674009 0.740088 0.674009 0.744493 0.669604 0.744493 0.665198 0.731278 0.651982 0.726872 0.651982 0.713656 0.638767 0.682819 0.638767 0.678414 0.643172 0.674009 0.638767
0 0.757709 0.687225 0.762115 0.691630 0.766520 0.687225 0.770925 0.687225 0.775330 0.691630 0.779736 0.687225 0.797357 0.687225 0.801762 0.682819 0.814978 0.691630 0.814978 0.700441 0.819383 0.704846 0.828194 0.696035 0.828194 0.691630 0.841410 0.678414 0.845815 0.678414 0.850220 0.674009 0.854626 0.674009 0.867841 0.665198 0.907489 0.665198 0.911894 0.669604 0.920705 0.669604 0.925110 0.674009 0.938326 0.674009 0.942731 0.678414 0.947137 0.678414 0.955947 0.687225 0.960352 0.687225 0.964758 0.691630 0.969163 0.691630 0.973568 0.696035 0.977974 0.696035 0.982379 0.700441 0.986784 0.700441 0.991189 0.704846 0.995595 0.704846 0.995595 0.678414 0.991189 0.674009 0.977974 0.682819 0.969163 0.682819 0.955947 0.674009 0.955947 0.660793 0.969163 0.651982 0.969163 0.638767 0.964758 0.634361 0.955947 0.634361 0.951542 0.629956 0.942731 0.629956 0.938326 0.634361 0.911894 0.634361 0.907489 0.638767 0.898678 0.638767 0.894273 0.634361 0.889868 0.634361 0.881057 0.625551 0.867841 0.625551 0.863436 0.629956 0.859031 0.629956 0.854626 0.634361 0.845815 0.634361 0.832599 0.643172 0.814978 0.643172 0.801762 0.656388 0.797357 0.656388 0.792952 0.660793 0.788546 0.660793 0.766520 0.682819 0.762115 0.682819
0 0.533040 0.629956 0.533040 0.638767 0.541850 0.647577 0.546256 0.647577 0.550661 0.651982 0.559471 0.651982 0.568282 0.643172 0.568282 0.638767 0.559471 0.629956 0.555066 0.629956 0.550661 0.625551 0.537445 0.625551
0 0.325991 0.603524 0.321586 0.607930 0.325991 0.612335 0.325991 0.625551 0.330396 0.629956 0.334802 0.629956 0.339207 0.634361 0.339207 0.638767 0.343612 0.643172 0.352423 0.643172 0.361233 0.634361 0.343612 0.616740 0.343612 0.612335 0.339207 0.607930 0.334802 0.607930 0.330396 0.603524
0 0.145374 0.572687 0.154185 0.581498 0.158590 0.577093 0.162996 0.577093 0.167401 0.572687 0.176211 0.572687 0.180617 0.577093 0.185022 0.577093 0.193833 0.585903 0.198238 0.581498 0.202643 0.585903 0.211454 0.577093 0.202643 0.568282 0.189427 0.568282 0.185022 0.572687 0.180617 0.572687 0.176211 0.568282 0.171806 0.568282 0.162996 0.559471 0.158590 0.563877 0.154185 0.563877
0 0.784141 0.541850 0.779736 0.537445 0.775330 0.537445 0.770925 0.533040 0.766520 0.537445 0.762115 0.537445 0.757709 0.541850 0.740088 0.541850 0.735683 0.546256 0.731278 0.546256 0.726872 0.550661 0.722467 0.550661 0.709251 0.563877 0.713656 0.568282 0.718062 0.568282 0.722467 0.563877 0.726872 0.563877 0.731278 0.559471 0.735683 0.559471 0.740088 0.555066 0.757709 0.555066 0.762115 0.550661 0.779736 0.550661 0.784141 0.546256
0 0.000000 0.387665 0.000000 0.444934 0.022026 0.444934 0.083700 0.475771 0.105727 0.475771 0.140969 0.497797 0.171806 0.493392 0.229075 0.515419 0.259912 0.541850 0.290749 0.546256 0.339207 0.572687 0.348018 0.568282 0.493392 0.682819 0.515419 0.687225 0.607930 0.740088 0.669604 0.748899 0.700441 0.762115 0.779736 0.744493 0.766520 0.735683 0.744493 0.744493 0.735683 0.740088 0.731278 0.726872 0.700441 0.700441 0.687225 0.713656 0.687225 0.735683 0.674009 0.744493 0.616740 0.731278 0.572687 0.704846 0.541850 0.696035 0.528634 0.682819 0.497797 0.674009 0.431718 0.625551 0.431718 0.616740 0.444934 0.607930 0.422908 0.590308 0.422908 0.581498 0.449339 0.563877 0.493392 0.590308 0.497797 0.577093 0.484582 0.559471 0.453745 0.550661 0.431718 0.563877 0.405286 0.533040 0.392070 0.537445 0.374449 0.528634 0.343612 0.555066 0.325991 0.546256 0.317181 0.550661 0.246696 0.519824 0.246696 0.511013 0.259912 0.502203 0.317181 0.502203 0.317181 0.488987 0.299559 0.493392 0.273128 0.480176 0.246696 0.497797 0.211454 0.475771 0.189427 0.471366 0.158590 0.444934 0.145374 0.449339 0.158590 0.480176 0.140969 0.488987 0.118943 0.462555 0.127753 0.436123 0.048458 0.400881 0.044053 0.387665 0.057269 0.378855 0.052863 0.374449
0 0.748899 0.356828 0.744493 0.361233 0.744493 0.374449 0.762115 0.392070 0.766520 0.387665 0.766520 0.374449 0.762115 0.370044 0.762115 0.365639 0.753304 0.356828
0 0.088106 0.361233 0.088106 0.365639 0.092511 0.370044 0.096916 0.365639 0.136564 0.365639 0.140969 0.361233 0.145374 0.365639 0.149780 0.365639 0.154185 0.361233 0.158590 0.361233 0.162996 0.365639 0.167401 0.365639 0.176211 0.374449 0.180617 0.374449 0.193833 0.387665 0.198238 0.387665 0.211454 0.400881 0.215859 0.400881 0.233480 0.418502 0.233480 0.422908 0.237885 0.427313 0.242291 0.422908 0.246696 0.427313 0.251101 0.427313 0.273128 0.449339 0.273128 0.453745 0.277533 0.458150 0.277533 0.462555 0.281938 0.466960 0.286344 0.466960 0.290749 0.462555 0.286344 0.458150 0.286344 0.453745 0.281938 0.449339 0.281938 0.444934 0.264317 0.427313 0.264317 0.422908 0.255507 0.414097 0.255507 0.405286 0.237885 0.387665 0.237885 0.383260 0.233480 0.378855 0.233480 0.374449 0.224670 0.365639 0.220264 0.365639 0.215859 0.361233 0.211454 0.361233 0.207048 0.356828 0.202643 0.356828 0.189427 0.343612 0.180617 0.343612 0.176211 0.339207 0.171806 0.339207 0.162996 0.348018 0.158590 0.348018 0.154185 0.352423 0.149780 0.352423 0.145374 0.348018 0.140969 0.352423 0.136564 0.348018 0.132159 0.348018 0.127753 0.343612 0.114537 0.343612 0.110132 0.339207
0 0.312775 0.312775 0.321586 0.321586 0.330396 0.321586 0.334802 0.325991 0.339207 0.321586 0.343612 0.321586 0.348018 0.317181 0.356828 0.317181 0.361233 0.312775 0.352423 0.303965 0.348018 0.303965 0.343612 0.308370 0.330396 0.308370 0.325991 0.303965 0.321586 0.308370 0.317181 0.308370
0 0.753304 0.268722 0.757709 0.273128 0.766520 0.273128 0.770925 0.268722 0.775330 0.268722 0.779736 0.264317 0.784141 0.268722 0.788546 0.268722 0.792952 0.273128 0.797357 0.273128 0.801762 0.268722 0.801762 0.259912 0.792952 0.251101 0.784141 0.251101 0.779736 0.255507 0.775330 0.251101 0.770925 0.251101 0.766520 0.255507 0.762115 0.255507 0.757709 0.259912 0.757709 0.264317
0 0.220264 0.246696 0.215859 0.251101 0.215859 0.259912 0.224670 0.268722 0.224670 0.290749 0.233480 0.299559 0.237885 0.299559 0.246696 0.290749 0.246696 0.268722 0.242291 0.264317 0.242291 0.255507 0.233480 0.246696
0 0.242291 0.189427 0.242291 0.193833 0.251101 0.202643 0.259912 0.202643 0.264317 0.207048 0.268722 0.207048 0.273128 0.211454 0.277533 0.211454 0.281938 0.215859 0.290749 0.207048 0.290749 0.202643 0.286344 0.198238 0.281938 0.198238 0.277533 0.193833 0.268722 0.193833 0.264317 0.189427 0.259912 0.189427 0.255507 0.185022 0.246696 0.185022
0 0.264317 0.114537 0.259912 0.110132 0.251101 0.110132 0.246696 0.114537 0.242291 0.114537 0.229075 0.127753 0.229075 0.136564 0.233480 0.140969 0.242291 0.140969 0.264317 0.118943
0 0.766520 0.088106 0.762115 0.083700 0.757709 0.088106 0.753304 0.083700 0.748899 0.083700 0.744493 0.088106 0.735683 0.088106 0.726872 0.096916 0.726872 0.101322 0.731278 0.105727 0.748899 0.105727
0 0.268722 0.070485 0.268722 0.074890 0.281938 0.088106 0.290749 0.088106 0.295154 0.092511 0.303965 0.083700 0.303965 0.079295 0.299559 0.074890 0.295154 0.074890 0.286344 0.066079 0.273128 0.066079
