0 0.449339 0.964758 0.449339 0.977974 0.458150 0.986784 0.462555 0.982379 0.466960 0.982379 0.471366 0.977974 0.475771 0.977974 0.480176 0.973568 0.480176 0.969163 0.471366 0.960352 0.453745 0.960352
0 0.299559 0.933921 0.295154 0.929515 0.295154 0.925110 0.290749 0.920705 0.281938 0.929515 0.281938 0.933921 0.277533 0.938326 0.277533 0.942731 0.273128 0.947137 0.268722 0.947137 0.264317 0.951542 0.259912 0.947137 0.255507 0.947137 0.242291 0.933921 0.233480 0.933921 0.229075 0.938326 0.229075 0.942731 0.224670 0.947137 0.229075 0.951542 0.233480 0.951542 0.242291 0.960352 0.251101 0.960352 0.255507 0.964758 0.259912 0.964758 0.264317 0.960352 0.273128 0.960352 0.277533 0.964758 0.286344 0.955947 0.290749 0.955947 0.299559 0.947137
0 0.079295 0.920705 0.074890 0.916300 0.052863 0.916300 0.048458 0.920705 0.048458 0.938326 0.044053 0.942731 0.039648 0.942731 0.035242 0.947137 0.030837 0.942731 0.026432 0.942731 0.022026 0.947137 0.013216 0.947137 0.008811 0.951542 0.004405 0.951542 0.008811 0.951542 0.013216 0.955947 0.017621 0.951542 0.030837 0.951542 0.039648 0.942731 0.044053 0.942731 0.048458 0.938326 0.052863 0.938326 0.057269 0.942731 0.061674 0.938326 0.066079 0.938326 0.070485 0.942731 0.074890 0.938326 0.074890 0.933921 0.079295 0.929515
0 0.502203 0.889868 0.497797 0.894273 0.506608 0.903084 0.506608 0.907489 0.511013 0.911894 0.511013 0.916300 0.515419 0.920705 0.524229 0.920705 0.528634 0.916300 0.528634 0.898678 0.524229 0.894273 0.515419 0.894273 0.511013 0.889868
0 0.132159 0.889868 0.127753 0.894273 0.136564 0.903084 0.136564 0.907489 0.140969 0.911894 0.158590 0.911894 0.162996 0.916300 0.167401 0.916300 0.171806 0.920705 0.171806 0.929515 0.167401 0.933921 0.167401 0.938326 0.176211 0.947137 0.180617 0.942731 0.180617 0.933921 0.171806 0.925110 0.171806 0.916300 0.180617 0.907489 0.180617 0.903084 0.185022 0.898678 0.176211 0.889868 0.171806 0.894273 0.167401 0.894273 0.162996 0.898678 0.149780 0.898678 0.145374 0.894273 0.140969 0.894273 0.136564 0.889868
0 0.396476 0.872247 0.392070 0.876652 0.387665 0.876652 0.374449 0.889868 0.374449 0.894273 0.370044 0.898678 0.374449 0.903084 0.374449 0.911894 0.378855 0.916300 0.383260 0.911894 0.383260 0.903084 0.400881 0.885463 0.400881 0.876652
0 0.819383 0.814978 0.819383 0.819383 0.810573 0.828194 0.814978 0.832599 0.819383 0.832599 0.823789 0.837004 0.823789 0.854626 0.828194 0.859031 0.832599 0.859031 0.841410 0.850220 0.841410 0.845815 0.845815 0.841410 0.845815 0.832599 0.841410 0.828194 0.837004 0.828194 0.828194 0.819383 0.823789 0.819383
0 0.643172 0.788546 0.638767 0.792952 0.638767 0.801762 0.651982 0.814978 0.656388 0.810573 0.660793 0.810573 0.665198 0.806167 0.665198 0.792952 0.660793 0.788546
0 0.343612 0.766520 0.339207 0.770925 0.343612 0.775330 0.343612 0.801762 0.348018 0.806167 0.356828 0.797357 0.356828 0.792952 0.361233 0.788546 0.361233 0.775330 0.356828 0.770925 0.352423 0.770925 0.348018 0.766520
0 0.621145 0.753304 0.616740 0.753304 0.607930 0.762115 0.607930 0.770925 0.603524 0.775330 0.603524 0.779736 0.599119 0.784141 0.594714 0.784141 0.590308 0.788546 0.590308 0.792952 0.599119 0.801762 0.603524 0.797357 0.603524 0.792952 0.607930 0.788546 0.607930 0.784141 0.612335 0.779736 0.616740 0.779736 0.625551 0.770925 0.625551 0.757709
0 0.770925 0.748899 0.766520 0.753304 0.766520 0.757709 0.775330 0.766520 0.775330 0.779736 0.770925 0.784141 0.775330 0.788546 0.779736 0.788546 0.788546 0.797357 0.806167 0.797357 0.810573 0.801762 0.814978 0.801762 0.819383 0.797357 0.801762 0.779736 0.797357 0.779736 0.788546 0.770925 0.788546 0.766520 0.784141 0.762115 0.784141 0.757709 0.779736 0.753304 0.775330 0.753304
0 0.237885 0.704846 0.233480 0.704846 0.229075 0.709251 0.224670 0.709251 0.220264 0.713656 0.224670 0.718062 0.224670 0.726872 0.229075 0.731278 0.237885 0.731278 0.246696 0.722467 0.246696 0.713656
0 0.638767 0.651982 0.634361 0.656388 0.638767 0.660793 0.643172 0.660793 0.647577 0.665198 0.647577 0.687225 0.651982 0.691630 0.656388 0.691630 0.660793 0.696035 0.665198 0.696035 0.669604 0.700441 0.678414 0.691630 0.651982 0.665198 0.647577 0.665198 0.643172 0.660793 0.643172 0.651982
0 0.511013 0.634361 0.502203 0.625551 0.497797 0.629956 0.475771 0.629956 0.466960 0.638767 0.480176 0.651982 0.493392 0.638767 0.497797 0.638767 0.502203 0.634361 0.506608 0.638767
0 0.929515 0.625551 0.929515 0.638767 0.938326 0.647577 0.942731 0.647577 0.947137 0.643172 0.951542 0.647577 0.955947 0.647577 0.960352 0.651982 0.964758 0.651982 0.969163 0.656388 0.973568 0.656388 0.977974 0.651982 0.973568 0.647577 0.973568 0.643172 0.969163 0.638767 0.960352 0.638767 0.955947 0.634361 0.951542 0.634361 0.938326 0.621145 0.933921 0.621145
0 0.925110 0.572687 0.920705 0.568282 0.916300 0.572687 0.894273 0.572687 0.885463 0.581498 0.894273 0.590308 0.898678 0.585903 0.903084 0.590308 0.920705 0.590308 0.925110 0.585903
0 0.026432 0.563877 0.017621 0.572687 0.022026 0.577093 0.026432 0.577093 0.030837 0.581498 0.035242 0.581498 0.044053 0.590308 0.044053 0.594714 0.052863 0.603524 0.057269 0.603524 0.061674 0.599119 0.061674 0.585903 0.052863 0.577093 0.048458 0.577093 0.044053 0.572687 0.039648 0.572687 0.035242 0.568282 0.030837 0.568282
0 0.145374 0.546256 0.140969 0.550661 0.136564 0.550661 0.123348 0.563877 0.123348 0.568282 0.127753 0.572687 0.132159 0.572687 0.136564 0.577093 0.136564 0.603524 0.145374 0.612335 0.154185 0.612335 0.162996 0.603524 0.162996 0.599119 0.149780 0.585903 0.145374 0.585903 0.140969 0.581498 0.140969 0.563877 0.145374 0.559471 0.149780 0.559471 0.154185 0.555066
0 0.995595 0.894273 0.925110 0.876652 0.938326 0.859031 0.955947 0.867841 0.942731 0.823789 0.995595 0.828194 0.995595 0.792952 0.911894 0.753304 0.859031 0.704846 0.885463 0.687225 0.881057 0.674009 0.859031 0.696035 0.832599 0.674009 0.819383 0.691630 0.775330 0.678414 0.762115 0.629956 0.731278 0.629956 0.559471 0.541850 0.537445 0.568282 0.515419 0.559471 0.519824 0.581498 0.537445 0.572687 0.647577 0.643172 0.740088 0.682819 0.907489 0.823789 0.872247 0.872247 0.885463 0.894273 0.845815 0.920705 0.801762 0.920705 0.744493 0.942731 0.625551 0.876652 0.581498 0.823789 0.515419 0.819383 0.497797 0.744493 0.396476 0.678414 0.295154 0.678414 0.303965 0.651982 0.348018 0.651982 0.312775 0.629956 0.281938 0.638767 0.237885 0.621145 0.132159 0.643172 0.110132 0.682819 0.074890 0.674009 0.048458 0.696035 0.000000 0.678414 0.026432 0.704846 0.000000 0.762115 0.022026 0.770925 0.048458 0.753304 0.101322 0.748899 0.162996 0.678414 0.207048 0.674009 0.277533 0.691630 0.339207 0.740088 0.396476 0.753304 0.418502 0.775330 0.400881 0.801762 0.427313 0.788546 0.475771 0.819383 0.480176 0.832599 0.462555 0.845815 0.471366 0.854626 0.497797 0.828194 0.519824 0.867841 0.581498 0.872247 0.603524 0.903084 0.748899 0.986784 0.792952 0.969163 0.863436 0.977974 0.916300 0.894273
0 0.770925 0.533040 0.762115 0.524229 0.757709 0.524229 0.744493 0.537445 0.740088 0.537445 0.735683 0.541850 0.731278 0.537445 0.726872 0.541850 0.718062 0.541850 0.713656 0.546256 0.718062 0.550661 0.718062 0.555066 0.722467 0.559471 0.726872 0.559471 0.735683 0.550661 0.735683 0.541850 0.740088 0.537445 0.744493 0.537445 0.748899 0.533040 0.753304 0.537445 0.757709 0.537445 0.762115 0.541850 0.766520 0.541850 0.770925 0.537445
0 0.528634 0.511013 0.515419 0.497797 0.497797 0.497797 0.493392 0.493392 0.484582 0.493392 0.480176 0.497797 0.480176 0.506608 0.471366 0.515419 0.466960 0.515419 0.462555 0.519824 0.458150 0.515419 0.444934 0.515419 0.440529 0.519824 0.436123 0.519824 0.431718 0.524229 0.422908 0.524229 0.418502 0.519824 0.414097 0.519824 0.409692 0.515419 0.405286 0.515419 0.400881 0.511013 0.396476 0.511013 0.392070 0.515419 0.392070 0.519824 0.400881 0.528634 0.405286 0.528634 0.409692 0.533040 0.418502 0.533040 0.422908 0.537445 0.427313 0.537445 0.431718 0.533040 0.449339 0.533040 0.453745 0.537445 0.458150 0.533040 0.480176 0.533040 0.484582 0.528634 0.484582 0.519824 0.488987 0.515419 0.493392 0.515419 0.497797 0.511013 0.502203 0.511013 0.506608 0.506608 0.511013 0.511013 0.515419 0.511013 0.524229 0.519824 0.528634 0.515419
0 0.330396 0.497797 0.325991 0.493392 0.325991 0.488987 0.321586 0.484582 0.312775 0.493392 0.308370 0.493392 0.303965 0.497797 0.303965 0.506608 0.299559 0.511013 0.295154 0.511013 0.290749 0.515419 0.286344 0.511013 0.281938 0.511013 0.277533 0.506608 0.273128 0.511013 0.268722 0.511013 0.255507 0.524229 0.259912 0.528634 0.264317 0.524229 0.268722 0.524229 0.273128 0.528634 0.286344 0.528634 0.290749 0.524229 0.290749 0.519824 0.295154 0.515419 0.299559 0.515419 0.303965 0.511013 0.308370 0.515419 0.312775 0.515419 0.317181 0.511013 0.321586 0.511013 0.325991 0.506608 0.325991 0.502203
0 0.215859 0.466960 0.211454 0.471366 0.211454 0.475771 0.202643 0.484582 0.211454 0.493392 0.215859 0.493392 0.220264 0.497797 0.229075 0.497797 0.233480 0.493392 0.229075 0.488987 0.229075 0.480176
0 0.929515 0.422908 0.925110 0.427313 0.920705 0.422908 0.916300 0.427313 0.916300 0.431718 0.911894 0.436123 0.911894 0.440529 0.907489 0.444934 0.907489 0.458150 0.911894 0.462555 0.911894 0.466960 0.916300 0.471366 0.916300 0.475771 0.920705 0.480176 0.920705 0.493392 0.916300 0.497797 0.916300 0.502203 0.911894 0.506608 0.916300 0.511013 0.925110 0.511013 0.938326 0.497797 0.929515 0.488987 0.929515 0.475771 0.925110 0.471366 0.925110 0.458150 0.929515 0.453745 0.929515 0.449339 0.933921 0.444934 0.933921 0.427313
0 0.511013 0.418502 0.502203 0.418502 0.497797 0.422908 0.497797 0.427313 0.493392 0.431718 0.493392 0.440529 0.502203 0.449339 0.511013 0.440529 0.515419 0.440529 0.524229 0.431718 0.524229 0.427313 0.519824 0.422908 0.515419 0.422908
0 0.259912 0.422908 0.259912 0.427313 0.264317 0.431718 0.264317 0.436123 0.273128 0.444934 0.277533 0.440529 0.281938 0.444934 0.286344 0.444934 0.295154 0.436123 0.295154 0.427313 0.286344 0.418502 0.264317 0.418502
0 0.154185 0.405286 0.145374 0.405286 0.136564 0.414097 0.136564 0.418502 0.145374 0.427313 0.145374 0.431718 0.149780 0.436123 0.162996 0.422908 0.162996 0.414097
0 0.436123 0.396476 0.431718 0.396476 0.427313 0.400881 0.427313 0.405286 0.431718 0.409692 0.431718 0.414097 0.440529 0.422908 0.440529 0.436123 0.436123 0.440529 0.436123 0.444934 0.431718 0.449339 0.431718 0.453745 0.414097 0.471366 0.409692 0.471366 0.405286 0.475771 0.405286 0.480176 0.409692 0.484582 0.427313 0.484582 0.436123 0.475771 0.440529 0.475771 0.444934 0.471366 0.444934 0.466960 0.449339 0.462555 0.449339 0.436123 0.444934 0.431718 0.444934 0.414097 0.449339 0.409692
0 0.555066 0.383260 0.555066 0.387665 0.559471 0.392070 0.563877 0.392070 0.568282 0.396476 0.594714 0.396476 0.603524 0.387665 0.603524 0.383260 0.599119 0.378855 0.585903 0.378855 0.581498 0.374449 0.568282 0.374449 0.563877 0.370044 0.559471 0.374449 0.559471 0.378855
0 0.348018 0.339207 0.343612 0.339207 0.334802 0.348018 0.330396 0.348018 0.325991 0.352423 0.330396 0.356828 0.330396 0.365639 0.325991 0.370044 0.321586 0.370044 0.317181 0.374449 0.312775 0.374449 0.303965 0.383260 0.303965 0.396476 0.308370 0.400881 0.317181 0.400881 0.321586 0.396476 0.321586 0.387665 0.325991 0.383260 0.325991 0.370044 0.334802 0.361233 0.339207 0.361233 0.352423 0.348018 0.352423 0.343612
0 0.259912 0.334802 0.251101 0.334802 0.242291 0.343612 0.242291 0.352423 0.246696 0.356828 0.246696 0.370044 0.237885 0.378855 0.237885 0.387665 0.251101 0.400881 0.255507 0.400881 0.259912 0.396476 0.259912 0.383260 0.255507 0.378855 0.255507 0.370044 0.264317 0.361233 0.264317 0.356828 0.268722 0.352423 0.268722 0.343612
0 0.911894 0.325991 0.903084 0.325991 0.894273 0.334802 0.894273 0.343612 0.898678 0.348018 0.898678 0.365639 0.894273 0.370044 0.894273 0.387665 0.885463 0.396476 0.885463 0.405286 0.881057 0.409692 0.876652 0.409692 0.872247 0.414097 0.863436 0.414097 0.859031 0.409692 0.854626 0.409692 0.850220 0.405286 0.841410 0.405286 0.832599 0.414097 0.832599 0.418502 0.828194 0.422908 0.832599 0.427313 0.841410 0.427313 0.845815 0.422908 0.859031 0.422908 0.863436 0.427313 0.867841 0.427313 0.872247 0.431718 0.881057 0.431718 0.885463 0.427313 0.885463 0.409692 0.889868 0.405286 0.894273 0.405286 0.898678 0.400881 0.898678 0.392070 0.903084 0.387665 0.907489 0.387665 0.911894 0.383260 0.916300 0.383260 0.920705 0.387665 0.925110 0.387665 0.929515 0.392070 0.933921 0.392070 0.938326 0.387665 0.933921 0.383260 0.929515 0.383260 0.925110 0.387665 0.920705 0.383260 0.916300 0.383260 0.911894 0.378855 0.911894 0.356828 0.916300 0.352423 0.916300 0.348018 0.920705 0.343612 0.920705 0.339207 0.916300 0.334802 0.916300 0.330396
0 0.303965 0.290749 0.303965 0.295154 0.317181 0.308370 0.321586 0.308370 0.325991 0.303965 0.334802 0.303965 0.339207 0.299559 0.343612 0.303965 0.348018 0.303965 0.352423 0.308370 0.352423 0.312775 0.356828 0.317181 0.361233 0.317181 0.365639 0.312775 0.370044 0.312775 0.378855 0.303965 0.370044 0.295154 0.365639 0.299559 0.361233 0.299559 0.356828 0.303965 0.352423 0.303965 0.348018 0.299559 0.343612 0.299559 0.334802 0.290749 0.321586 0.290749 0.317181 0.286344 0.308370 0.286344
0 0.444934 0.286344 0.449339 0.286344 0.458150 0.295154 0.462555 0.295154 0.466960 0.290749 0.475771 0.290749 0.480176 0.295154 0.484582 0.295154 0.488987 0.299559 0.488987 0.308370 0.493392 0.312775 0.497797 0.308370 0.497797 0.303965 0.493392 0.299559 0.488987 0.299559 0.484582 0.295154 0.484582 0.286344 0.475771 0.277533 0.458150 0.277533 0.449339 0.286344
0 0.643172 0.255507 0.638767 0.259912 0.638767 0.268722 0.643172 0.273128 0.651982 0.273128 0.656388 0.277533 0.660793 0.277533 0.665198 0.281938 0.665198 0.295154 0.660793 0.299559 0.656388 0.299559 0.651982 0.303965 0.647577 0.299559 0.625551 0.299559 0.621145 0.295154 0.616740 0.295154 0.612335 0.299559 0.616740 0.303965 0.616740 0.308370 0.621145 0.312775 0.625551 0.312775 0.638767 0.325991 0.643172 0.325991 0.669604 0.299559 0.674009 0.299559 0.682819 0.290749 0.669604 0.277533 0.665198 0.277533 0.656388 0.268722 0.656388 0.264317 0.651982 0.259912 0.647577 0.259912
0 0.528634 0.273128 0.533040 0.277533 0.546256 0.277533 0.550661 0.273128 0.555066 0.273128 0.559471 0.268722 0.563877 0.273128 0.572687 0.264317 0.568282 0.259912 0.563877 0.259912 0.559471 0.255507 0.555066 0.259912 0.546256 0.259912 0.541850 0.255507 0.533040 0.255507 0.528634 0.259912
0 0.933921 0.255507 0.929515 0.251101 0.925110 0.251101 0.907489 0.268722 0.903084 0.268722 0.898678 0.273128 0.894273 0.273128 0.889868 0.277533 0.881057 0.277533 0.876652 0.273128 0.872247 0.273128 0.859031 0.259912 0.854626 0.259912 0.850220 0.264317 0.850220 0.268722 0.863436 0.281938 0.867841 0.281938 0.881057 0.295154 0.894273 0.295154 0.907489 0.281938 0.907489 0.277533 0.920705 0.264317 0.925110 0.264317
0 0.409692 0.246696 0.405286 0.251101 0.400881 0.251101 0.396476 0.255507 0.396476 0.264317 0.409692 0.277533 0.409692 0.286344 0.418502 0.295154 0.427313 0.286344 0.431718 0.286344 0.427313 0.286344 0.422908 0.281938 0.422908 0.277533 0.418502 0.273128 0.418502 0.259912 0.414097 0.255507 0.414097 0.251101
0 0.696035 0.246696 0.704846 0.255507 0.713656 0.255507 0.718062 0.259912 0.722467 0.259912 0.735683 0.273128 0.740088 0.273128 0.744493 0.268722 0.744493 0.259912 0.735683 0.251101 0.735683 0.246696 0.731278 0.242291 0.700441 0.242291
0 0.246696 0.242291 0.242291 0.246696 0.242291 0.251101 0.246696 0.255507 0.251101 0.255507 0.255507 0.259912 0.255507 0.286344 0.264317 0.295154 0.273128 0.295154 0.277533 0.290749 0.277533 0.277533 0.273128 0.273128 0.273128 0.264317 0.255507 0.246696 0.251101 0.246696
0 0.057269 0.237885 0.048458 0.246696 0.048458 0.255507 0.052863 0.259912 0.052863 0.268722 0.057269 0.273128 0.057269 0.281938 0.061674 0.286344 0.061674 0.295154 0.066079 0.299559 0.066079 0.325991 0.061674 0.330396 0.061674 0.343612 0.066079 0.348018 0.066079 0.352423 0.079295 0.365639 0.079295 0.370044 0.083700 0.374449 0.092511 0.365639 0.092511 0.361233 0.083700 0.352423 0.083700 0.348018 0.079295 0.343612 0.079295 0.325991 0.083700 0.321586 0.083700 0.299559 0.079295 0.295154 0.079295 0.255507 0.074890 0.251101 0.074890 0.246696 0.066079 0.237885
0 0.480176 0.136564 0.475771 0.140969 0.475771 0.167401 0.471366 0.171806 0.466960 0.171806 0.462555 0.176211 0.458150 0.176211 0.453745 0.180617 0.453745 0.185022 0.449339 0.189427 0.449339 0.193833 0.444934 0.198238 0.444934 0.215859 0.449339 0.220264 0.458150 0.220264 0.466960 0.211454 0.466960 0.202643 0.471366 0.198238 0.471366 0.193833 0.475771 0.189427 0.475771 0.185022 0.480176 0.180617 0.480176 0.167401 0.484582 0.162996 0.484582 0.140969
0 0.638767 0.145374 0.625551 0.132159 0.612335 0.132159 0.607930 0.136564 0.599119 0.136564 0.594714 0.140969 0.590308 0.140969 0.585903 0.145374 0.585903 0.154185 0.594714 0.162996 0.603524 0.154185 0.607930 0.154185 0.612335 0.149780 0.616740 0.149780 0.621145 0.145374 0.625551 0.149780 0.629956 0.149780 0.634361 0.154185 0.638767 0.149780
0 0.264317 0.145374 0.255507 0.136564 0.251101 0.140969 0.246696 0.140969 0.242291 0.145374 0.237885 0.145374 0.233480 0.140969 0.229075 0.140969 0.220264 0.132159 0.215859 0.132159 0.189427 0.158590 0.189427 0.162996 0.171806 0.180617 0.180617 0.189427 0.185022 0.189427 0.189427 0.185022 0.193833 0.185022 0.198238 0.180617 0.207048 0.180617 0.211454 0.176211 0.211454 0.167401 0.215859 0.162996 0.215859 0.154185 0.224670 0.145374 0.229075 0.145374 0.233480 0.140969 0.237885 0.145374 0.242291 0.145374 0.246696 0.149780 0.246696 0.154185 0.251101 0.158590 0.259912 0.158590 0.264317 0.154185
0 0.828194 0.110132 0.828194 0.118943 0.832599 0.123348 0.841410 0.123348 0.845815 0.118943 0.845815 0.110132 0.854626 0.101322 0.859031 0.101322 0.863436 0.096916 0.867841 0.101322 0.872247 0.101322 0.876652 0.105727 0.881057 0.105727 0.885463 0.110132 0.889868 0.110132 0.894273 0.114537 0.903084 0.114537 0.907489 0.118943 0.911894 0.118943 0.925110 0.132159 0.925110 0.140969 0.929515 0.145374 0.933921 0.145374 0.938326 0.149780 0.942731 0.145374 0.942731 0.127753 0.933921 0.118943 0.929515 0.118943 0.925110 0.114537 0.925110 0.110132 0.920705 0.105727 0.916300 0.105727 0.907489 0.096916 0.903084 0.096916 0.898678 0.092511 0.894273 0.092511 0.885463 0.083700 0.876652 0.083700 0.867841 0.092511 0.863436 0.092511 0.859031 0.096916 0.854626 0.092511 0.850220 0.092511 0.845815 0.088106 0.841410 0.092511 0.841410 0.096916
0 0.541850 0.074890 0.537445 0.079295 0.537445 0.092511 0.541850 0.096916 0.541850 0.105727 0.537445 0.110132 0.537445 0.114537 0.541850 0.118943 0.555066 0.118943 0.563877 0.110132 0.563877 0.101322 0.559471 0.096916 0.559471 0.088106 0.555066 0.083700 0.555066 0.079295 0.550661 0.074890
0 0.052863 0.074890 0.048458 0.079295 0.048458 0.088106 0.057269 0.096916 0.061674 0.096916 0.070485 0.105727 0.074890 0.105727 0.083700 0.114537 0.088106 0.114537 0.088106 0.110132 0.079295 0.101322 0.079295 0.096916 0.074890 0.092511 0.074890 0.088106 0.066079 0.079295 0.061674 0.079295 0.057269 0.074890
0 0.180617 0.061674 0.176211 0.066079 0.189427 0.079295 0.189427 0.092511 0.198238 0.101322 0.207048 0.101322 0.215859 0.092511 0.215859 0.083700 0.211454 0.079295 0.202643 0.079295 0.198238 0.074890 0.193833 0.074890
0 0.960352 0.044053 0.951542 0.052863 0.951542 0.066079 0.960352 0.074890 0.964758 0.070485 0.969163 0.074890 0.973568 0.070485 0.977974 0.070485 0.982379 0.066079 0.977974 0.061674 0.977974 0.057269 0.969163 0.048458 0.964758 0.048458
0 0.651982 0.044053 0.647577 0.048458 0.643172 0.048458 0.638767 0.052863 0.643172 0.057269 0.643172 0.066079 0.638767 0.070485 0.634361 0.070485 0.629956 0.074890 0.625551 0.074890 0.621145 0.079295 0.621145 0.092511 0.616740 0.096916 0.621145 0.101322 0.625551 0.101322 0.634361 0.092511 0.634361 0.074890 0.638767 0.070485 0.643172 0.070485 0.647577 0.066079 0.651982 0.066079 0.660793 0.057269 0.660793 0.052863
