0 0.440529 0.955947 0.444934 0.960352 0.449339 0.960352 0.453745 0.964758 0.458150 0.964758 0.462555 0.969163 0.462555 0.973568 0.471366 0.982379 0.475771 0.977974 0.480176 0.977974 0.484582 0.973568 0.484582 0.969163 0.475771 0.960352 0.475771 0.955947 0.471366 0.951542 0.444934 0.951542
0 0.140969 0.942731 0.136564 0.947137 0.136564 0.969163 0.149780 0.982379 0.158590 0.982379 0.162996 0.977974 0.162996 0.969163 0.154185 0.960352 0.154185 0.947137 0.149780 0.942731 0.145374 0.947137
0 0.343612 0.920705 0.334802 0.929515 0.334802 0.938326 0.330396 0.942731 0.330396 0.951542 0.334802 0.955947 0.343612 0.947137 0.348018 0.947137 0.352423 0.942731 0.352423 0.938326 0.356828 0.933921 0.356828 0.929515 0.352423 0.925110 0.348018 0.925110
0 0.938326 0.894273 0.933921 0.894273 0.916300 0.911894 0.911894 0.911894 0.907489 0.916300 0.907489 0.920705 0.916300 0.929515 0.920705 0.929515 0.925110 0.925110 0.929515 0.925110 0.933921 0.920705 0.938326 0.920705 0.947137 0.911894 0.947137 0.903084
0 0.757709 0.881057 0.753304 0.885463 0.753304 0.894273 0.762115 0.903084 0.770925 0.903084 0.775330 0.907489 0.779736 0.907489 0.788546 0.916300 0.792952 0.916300 0.797357 0.920705 0.801762 0.920705 0.806167 0.925110 0.806167 0.938326 0.801762 0.942731 0.801762 0.951542 0.810573 0.960352 0.823789 0.947137 0.823789 0.933921 0.819383 0.929515 0.814978 0.929515 0.810573 0.925110 0.806167 0.925110 0.801762 0.920705 0.801762 0.907489 0.792952 0.898678 0.792952 0.894273 0.784141 0.885463 0.762115 0.885463
0 0.052863 0.854626 0.048458 0.859031 0.048458 0.863436 0.052863 0.867841 0.057269 0.867841 0.066079 0.876652 0.066079 0.889868 0.070485 0.894273 0.070485 0.898678 0.083700 0.911894 0.088106 0.911894 0.092511 0.916300 0.096916 0.911894 0.101322 0.911894 0.092511 0.903084 0.092511 0.894273 0.079295 0.881057 0.074890 0.881057 0.066079 0.872247 0.066079 0.863436 0.057269 0.854626
0 0.920705 0.845815 0.916300 0.845815 0.911894 0.850220 0.907489 0.850220 0.898678 0.859031 0.898678 0.872247 0.903084 0.876652 0.911894 0.876652 0.925110 0.863436 0.925110 0.859031 0.929515 0.854626
0 0.180617 0.837004 0.176211 0.841410 0.176211 0.854626 0.180617 0.859031 0.185022 0.859031 0.189427 0.863436 0.193833 0.863436 0.198238 0.867841 0.198238 0.872247 0.202643 0.876652 0.202643 0.881057 0.207048 0.885463 0.211454 0.885463 0.224670 0.898678 0.229075 0.894273 0.229075 0.889868 0.220264 0.881057 0.220264 0.867841 0.215859 0.863436 0.211454 0.863436 0.207048 0.859031 0.202643 0.859031 0.198238 0.854626 0.198238 0.850220 0.193833 0.845815 0.193833 0.841410 0.189427 0.837004
0 0.841410 0.784141 0.832599 0.792952 0.832599 0.806167 0.841410 0.814978 0.845815 0.814978 0.850220 0.819383 0.854626 0.814978 0.854626 0.792952 0.845815 0.784141
0 0.418502 0.766520 0.414097 0.770925 0.414097 0.775330 0.409692 0.779736 0.409692 0.784141 0.422908 0.797357 0.422908 0.806167 0.418502 0.810573 0.418502 0.814978 0.422908 0.819383 0.427313 0.819383 0.431718 0.814978 0.427313 0.810573 0.427313 0.797357 0.436123 0.788546 0.431718 0.784141 0.431718 0.775330 0.422908 0.766520
0 0.497797 0.718062 0.493392 0.718062 0.484582 0.726872 0.484582 0.731278 0.488987 0.735683 0.488987 0.748899 0.484582 0.753304 0.484582 0.784141 0.488987 0.788546 0.502203 0.775330 0.497797 0.770925 0.497797 0.744493 0.511013 0.731278
0 0.162996 0.718062 0.158590 0.722467 0.158590 0.731278 0.167401 0.740088 0.167401 0.748899 0.176211 0.757709 0.189427 0.757709 0.193833 0.753304 0.193833 0.744493 0.185022 0.735683 0.180617 0.735683
0 0.264317 0.709251 0.259912 0.713656 0.259912 0.718062 0.264317 0.722467 0.264317 0.726872 0.268722 0.731278 0.268722 0.753304 0.259912 0.762115 0.255507 0.762115 0.251101 0.766520 0.246696 0.762115 0.242291 0.762115 0.229075 0.775330 0.237885 0.784141 0.242291 0.779736 0.251101 0.779736 0.259912 0.770925 0.259912 0.766520 0.264317 0.762115 0.268722 0.762115 0.281938 0.748899 0.281938 0.740088 0.277533 0.735683 0.277533 0.726872 0.273128 0.722467 0.273128 0.718062
0 0.039648 0.691630 0.030837 0.691630 0.017621 0.704846 0.017621 0.722467 0.022026 0.726872 0.030837 0.718062 0.030837 0.713656 0.044053 0.700441 0.044053 0.696035
0 0.700441 0.687225 0.696035 0.691630 0.696035 0.713656 0.704846 0.722467 0.713656 0.713656 0.713656 0.696035 0.704846 0.687225
0 0.427313 0.665198 0.422908 0.669604 0.422908 0.678414 0.436123 0.691630 0.436123 0.704846 0.444934 0.713656 0.449339 0.709251 0.449339 0.704846 0.453745 0.700441 0.453745 0.696035 0.444934 0.687225 0.444934 0.669604 0.440529 0.665198
0 0.792952 0.665198 0.797357 0.669604 0.797357 0.674009 0.814978 0.691630 0.819383 0.687225 0.819383 0.682819 0.823789 0.678414 0.823789 0.674009 0.828194 0.669604 0.823789 0.665198 0.819383 0.665198 0.814978 0.660793 0.801762 0.660793 0.797357 0.665198
0 0.440529 0.594714 0.431718 0.603524 0.436123 0.607930 0.436123 0.612335 0.444934 0.621145 0.444934 0.625551 0.449339 0.629956 0.453745 0.629956 0.462555 0.621145 0.462555 0.612335 0.444934 0.594714
0 0.101322 0.599119 0.096916 0.594714 0.092511 0.599119 0.083700 0.599119 0.079295 0.594714 0.070485 0.594714 0.057269 0.607930 0.052863 0.607930 0.048458 0.612335 0.039648 0.612335 0.035242 0.616740 0.035242 0.621145 0.039648 0.625551 0.048458 0.616740 0.052863 0.616740 0.057269 0.612335 0.070485 0.612335 0.079295 0.603524 0.083700 0.603524 0.088106 0.599119 0.092511 0.599119 0.096916 0.603524
0 0.229075 0.594714 0.233480 0.599119 0.233480 0.603524 0.237885 0.607930 0.237885 0.612335 0.242291 0.616740 0.246696 0.612335 0.255507 0.612335 0.264317 0.603524 0.264317 0.599119 0.259912 0.594714 0.242291 0.594714 0.237885 0.590308 0.233480 0.590308
0 0.070485 0.524229 0.066079 0.519824 0.061674 0.519824 0.048458 0.533040 0.044053 0.533040 0.035242 0.541850 0.039648 0.546256 0.057269 0.546256 0.070485 0.533040
0 0.396476 0.502203 0.392070 0.506608 0.392070 0.511013 0.387665 0.515419 0.387665 0.519824 0.392070 0.524229 0.392070 0.528634 0.400881 0.537445 0.405286 0.537445 0.409692 0.541850 0.414097 0.537445 0.414097 0.528634 0.405286 0.519824 0.405286 0.511013
0 0.185022 0.519824 0.189427 0.524229 0.189427 0.528634 0.193833 0.533040 0.193833 0.537445 0.198238 0.541850 0.202643 0.537445 0.202643 0.533040 0.207048 0.528634 0.207048 0.524229 0.215859 0.515419 0.220264 0.515419 0.224670 0.511013 0.229075 0.515419 0.233480 0.515419 0.246696 0.528634 0.251101 0.528634 0.255507 0.524229 0.255507 0.515419 0.251101 0.511013 0.242291 0.511013 0.237885 0.515419 0.233480 0.515419 0.229075 0.511013 0.224670 0.511013 0.220264 0.506608 0.220264 0.502203 0.215859 0.497797 0.211454 0.497797 0.193833 0.515419 0.189427 0.515419
0 0.440529 0.475771 0.431718 0.484582 0.431718 0.488987 0.440529 0.497797 0.440529 0.502203 0.449339 0.511013 0.453745 0.511013 0.462555 0.502203 0.453745 0.493392 0.453745 0.484582 0.444934 0.475771
0 0.806167 0.471366 0.801762 0.475771 0.797357 0.475771 0.792952 0.471366 0.788546 0.471366 0.788546 0.480176 0.770925 0.497797 0.770925 0.506608 0.775330 0.511013 0.779736 0.511013 0.788546 0.502203 0.788546 0.497797 0.792952 0.493392 0.792952 0.488987 0.797357 0.484582 0.801762 0.484582 0.810573 0.475771
0 0.176211 0.471366 0.171806 0.471366 0.162996 0.480176 0.158590 0.480176 0.145374 0.493392 0.145374 0.497797 0.149780 0.502203 0.149780 0.506608 0.154185 0.511013 0.162996 0.511013 0.167401 0.506608 0.162996 0.502203 0.162996 0.488987 0.171806 0.480176 0.176211 0.480176 0.180617 0.475771
0 0.911894 0.466960 0.907489 0.471366 0.907489 0.475771 0.911894 0.480176 0.911894 0.488987 0.907489 0.493392 0.916300 0.502203 0.920705 0.502203 0.929515 0.493392 0.925110 0.488987 0.925110 0.471366 0.920705 0.466960
0 0.660793 0.444934 0.656388 0.449339 0.656388 0.458150 0.651982 0.462555 0.651982 0.466960 0.647577 0.471366 0.647577 0.488987 0.651982 0.493392 0.656388 0.493392 0.660793 0.497797 0.665198 0.497797 0.674009 0.488987 0.674009 0.484582 0.665198 0.475771 0.665198 0.458150 0.669604 0.453745 0.669604 0.449339 0.665198 0.444934
0 0.766520 0.431718 0.757709 0.440529 0.757709 0.444934 0.770925 0.458150 0.775330 0.458150 0.779736 0.462555 0.784141 0.462555 0.784141 0.449339 0.779736 0.444934 0.779736 0.440529 0.770925 0.431718
0 0.911894 0.422908 0.903084 0.431718 0.911894 0.440529 0.916300 0.440529 0.920705 0.436123 0.925110 0.436123 0.929515 0.431718 0.933921 0.431718 0.938326 0.436123 0.951542 0.436123 0.955947 0.440529 0.960352 0.440529 0.969163 0.449339 0.969163 0.471366 0.964758 0.475771 0.964758 0.480176 0.960352 0.484582 0.960352 0.488987 0.955947 0.493392 0.960352 0.497797 0.977974 0.497797 0.982379 0.493392 0.982379 0.484582 0.977974 0.480176 0.977974 0.471366 0.982379 0.466960 0.982379 0.444934 0.973568 0.436123 0.969163 0.440529 0.964758 0.436123 0.960352 0.436123 0.955947 0.431718 0.955947 0.427313 0.947137 0.418502 0.942731 0.418502 0.938326 0.422908 0.933921 0.422908 0.929515 0.427313 0.925110 0.427313 0.920705 0.422908
0 0.466960 0.405286 0.462555 0.400881 0.453745 0.409692 0.449339 0.409692 0.444934 0.414097 0.440529 0.414097 0.436123 0.409692 0.431718 0.409692 0.427313 0.405286 0.422908 0.405286 0.414097 0.414097 0.414097 0.418502 0.427313 0.431718 0.431718 0.431718 0.436123 0.427313 0.444934 0.427313 0.449339 0.422908 0.458150 0.422908 0.466960 0.414097
0 0.105727 0.400881 0.096916 0.409692 0.096916 0.414097 0.105727 0.422908 0.110132 0.418502 0.114537 0.422908 0.118943 0.422908 0.123348 0.427313 0.123348 0.440529 0.127753 0.444934 0.132159 0.440529 0.132159 0.436123 0.136564 0.431718 0.136564 0.427313 0.132159 0.422908 0.127753 0.422908 0.123348 0.418502 0.118943 0.418502 0.114537 0.414097 0.114537 0.405286 0.110132 0.400881
0 0.325991 0.378855 0.317181 0.387665 0.317181 0.400881 0.308370 0.409692 0.303965 0.409692 0.299559 0.414097 0.299559 0.422908 0.303965 0.427313 0.303965 0.431718 0.312775 0.440529 0.312775 0.444934 0.321586 0.453745 0.339207 0.453745 0.343612 0.449339 0.343612 0.440529 0.339207 0.436123 0.334802 0.436123 0.330396 0.431718 0.325991 0.431718 0.321586 0.427313 0.321586 0.422908 0.317181 0.418502 0.317181 0.409692 0.325991 0.400881 0.330396 0.400881 0.334802 0.396476 0.334802 0.387665
0 0.066079 0.330396 0.057269 0.339207 0.057269 0.348018 0.052863 0.352423 0.052863 0.356828 0.048458 0.361233 0.044053 0.361233 0.039648 0.365639 0.030837 0.365639 0.026432 0.370044 0.026432 0.383260 0.030837 0.387665 0.039648 0.387665 0.044053 0.383260 0.044053 0.370044 0.048458 0.365639 0.052863 0.365639 0.057269 0.361233 0.066079 0.361233 0.074890 0.352423 0.074890 0.339207
0 0.339207 0.290749 0.330396 0.299559 0.330396 0.325991 0.339207 0.334802 0.343612 0.334802 0.352423 0.325991 0.352423 0.312775 0.348018 0.308370 0.348018 0.303965 0.343612 0.299559 0.343612 0.295154
0 0.859031 0.268722 0.854626 0.268722 0.845815 0.277533 0.845815 0.290749 0.837004 0.299559 0.837004 0.308370 0.841410 0.312775 0.850220 0.312775 0.854626 0.308370 0.854626 0.295154 0.859031 0.290749 0.859031 0.286344 0.867841 0.277533
0 0.453745 0.246696 0.449339 0.251101 0.449339 0.268722 0.453745 0.273128 0.458150 0.273128 0.466960 0.281938 0.466960 0.303965 0.471366 0.308370 0.475771 0.308370 0.480176 0.303965 0.480176 0.281938 0.475771 0.277533 0.471366 0.277533 0.466960 0.273128 0.466960 0.259912 0.462555 0.255507 0.462555 0.251101 0.458150 0.246696
0 0.387665 0.246696 0.383260 0.251101 0.392070 0.259912 0.392070 0.277533 0.396476 0.281938 0.400881 0.281938 0.405286 0.286344 0.409692 0.281938 0.409692 0.268722 0.396476 0.255507 0.396476 0.251101 0.392070 0.246696
0 0.907489 0.229075 0.903084 0.233480 0.903084 0.237885 0.907489 0.242291 0.907489 0.251101 0.903084 0.255507 0.903084 0.264317 0.907489 0.268722 0.907489 0.273128 0.911894 0.277533 0.911894 0.290749 0.916300 0.295154 0.916300 0.303965 0.911894 0.308370 0.916300 0.312775 0.925110 0.303965 0.920705 0.299559 0.920705 0.290749 0.916300 0.286344 0.916300 0.255507 0.911894 0.251101 0.911894 0.242291 0.916300 0.237885 0.916300 0.233480 0.911894 0.229075
0 0.515419 0.202643 0.506608 0.202643 0.497797 0.211454 0.497797 0.215859 0.493392 0.220264 0.493392 0.242291 0.497797 0.246696 0.506608 0.246696 0.511013 0.242291 0.511013 0.237885 0.515419 0.233480 0.515419 0.229075 0.519824 0.224670 0.519824 0.215859 0.524229 0.211454
0 0.246696 0.198238 0.242291 0.202643 0.242291 0.207048 0.246696 0.211454 0.246696 0.229075 0.242291 0.233480 0.242291 0.246696 0.251101 0.255507 0.264317 0.255507 0.268722 0.251101 0.264317 0.246696 0.264317 0.229075 0.259912 0.224670 0.255507 0.224670 0.251101 0.220264 0.251101 0.202643
0 0.303965 0.193833 0.299559 0.198238 0.299559 0.215859 0.308370 0.224670 0.308370 0.246696 0.303965 0.251101 0.308370 0.255507 0.308370 0.264317 0.312775 0.268722 0.321586 0.259912 0.321586 0.255507 0.325991 0.251101 0.325991 0.233480 0.321586 0.229075 0.321586 0.224670 0.317181 0.220264 0.317181 0.202643 0.312775 0.198238 0.308370 0.198238
0 0.176211 0.189427 0.167401 0.198238 0.167401 0.215859 0.171806 0.220264 0.176211 0.215859 0.180617 0.215859 0.185022 0.211454 0.189427 0.215859 0.193833 0.215859 0.211454 0.233480 0.215859 0.229075 0.215859 0.220264 0.211454 0.215859 0.202643 0.215859 0.198238 0.211454 0.193833 0.215859 0.189427 0.211454 0.185022 0.211454 0.180617 0.207048 0.180617 0.193833
0 0.837004 0.180617 0.832599 0.185022 0.837004 0.189427 0.837004 0.198238 0.832599 0.202643 0.832599 0.220264 0.828194 0.224670 0.828194 0.229075 0.837004 0.237885 0.841410 0.237885 0.845815 0.233480 0.845815 0.229075 0.850220 0.224670 0.850220 0.207048 0.854626 0.202643 0.854626 0.198238 0.850220 0.193833 0.850220 0.189427 0.841410 0.180617
0 0.079295 0.171806 0.074890 0.171806 0.066079 0.180617 0.066079 0.185022 0.061674 0.189427 0.061674 0.202643 0.070485 0.211454 0.074890 0.207048 0.074890 0.198238 0.083700 0.189427 0.083700 0.176211
0 0.995595 0.140969 0.991189 0.145374 0.986784 0.145374 0.982379 0.149780 0.982379 0.154185 0.977974 0.158590 0.973568 0.158590 0.969163 0.162996 0.960352 0.162996 0.955947 0.167401 0.955947 0.176211 0.951542 0.180617 0.955947 0.185022 0.955947 0.198238 0.969163 0.211454 0.969163 0.215859 0.973568 0.220264 0.977974 0.215859 0.977974 0.198238 0.973568 0.193833 0.973568 0.171806 0.977974 0.167401 0.982379 0.167401 0.986784 0.162996 0.995595 0.162996
0 0.026432 0.123348 0.017621 0.132159 0.017621 0.136564 0.022026 0.140969 0.022026 0.154185 0.026432 0.158590 0.030837 0.158590 0.044053 0.145374 0.044053 0.136564 0.039648 0.132159 0.035242 0.132159
0 0.237885 0.083700 0.233480 0.083700 0.229075 0.088106 0.229075 0.096916 0.224670 0.101322 0.224670 0.105727 0.220264 0.110132 0.215859 0.110132 0.211454 0.114537 0.207048 0.110132 0.202643 0.110132 0.198238 0.105727 0.193833 0.105727 0.189427 0.110132 0.185022 0.110132 0.180617 0.114537 0.180617 0.123348 0.185022 0.127753 0.185022 0.136564 0.189427 0.140969 0.189427 0.145374 0.193833 0.149780 0.198238 0.149780 0.202643 0.145374 0.207048 0.145374 0.202643 0.140969 0.202643 0.123348 0.211454 0.114537 0.215859 0.114537 0.220264 0.110132 0.224670 0.110132 0.229075 0.114537 0.233480 0.114537 0.237885 0.110132 0.237885 0.105727 0.242291 0.101322 0.242291 0.088106
0 0.083700 0.083700 0.074890 0.092511 0.074890 0.123348 0.083700 0.132159 0.092511 0.123348 0.092511 0.096916 0.088106 0.092511 0.088106 0.088106
0 0.537445 0.070485 0.533040 0.074890 0.533040 0.079295 0.528634 0.083700 0.528634 0.096916 0.533040 0.101322 0.533040 0.110132 0.541850 0.118943 0.546256 0.118943 0.550661 0.114537 0.550661 0.079295 0.541850 0.070485
0 0.418502 0.074890 0.414097 0.070485 0.405286 0.070485 0.396476 0.079295 0.396476 0.088106 0.392070 0.092511 0.392070 0.096916 0.383260 0.105727 0.378855 0.105727 0.374449 0.110132 0.365639 0.110132 0.361233 0.114537 0.356828 0.114537 0.352423 0.118943 0.348018 0.118943 0.343612 0.114537 0.321586 0.114537 0.317181 0.118943 0.317181 0.123348 0.330396 0.136564 0.334802 0.136564 0.348018 0.123348 0.352423 0.123348 0.356828 0.118943 0.361233 0.118943 0.365639 0.123348 0.374449 0.123348 0.383260 0.114537 0.387665 0.114537 0.392070 0.110132 0.396476 0.114537 0.400881 0.114537 0.405286 0.110132 0.405286 0.105727 0.409692 0.101322 0.409692 0.096916 0.414097 0.092511 0.414097 0.088106 0.418502 0.083700
0 0.903084 0.070485 0.903084 0.074890 0.907489 0.079295 0.911894 0.079295 0.925110 0.092511 0.933921 0.092511 0.938326 0.088106 0.933921 0.083700 0.933921 0.074890 0.929515 0.070485 0.925110 0.070485 0.920705 0.066079 0.907489 0.066079
0 0.074890 0.026432 0.074890 0.030837 0.083700 0.039648 0.088106 0.035242 0.096916 0.035242 0.101322 0.039648 0.105727 0.039648 0.110132 0.044053 0.110132 0.048458 0.114537 0.052863 0.132159 0.052863 0.136564 0.048458 0.136564 0.044053 0.132159 0.039648 0.123348 0.039648 0.118943 0.035242 0.114537 0.035242 0.110132 0.030837 0.105727 0.035242 0.101322 0.030837 0.096916 0.030837 0.088106 0.022026 0.079295 0.022026
0 0.938326 0.000000 0.938326 0.008811 0.933921 0.013216 0.947137 0.026432 0.951542 0.026432 0.955947 0.030837 0.960352 0.030837 0.964758 0.035242 0.964758 0.039648 0.969163 0.044053 0.973568 0.039648 0.969163 0.035242 0.964758 0.035242 0.960352 0.030837 0.960352 0.017621 0.955947 0.013216 0.955947 0.000000
0 0.607930 0.000000 0.541850 0.000000 0.568282 0.035242 0.607930 0.061674 0.612335 0.083700 0.577093 0.118943 0.541850 0.171806 0.546256 0.202643 0.572687 0.229075 0.577093 0.281938 0.546256 0.325991 0.559471 0.387665 0.572687 0.400881 0.572687 0.427313 0.541850 0.462555 0.546256 0.475771 0.528634 0.497797 0.533040 0.506608 0.555066 0.488987 0.568282 0.497797 0.568282 0.515419 0.546256 0.524229 0.555066 0.550661 0.546256 0.594714 0.555066 0.647577 0.528634 0.674009 0.550661 0.726872 0.550661 0.766520 0.519824 0.801762 0.511013 0.859031 0.519824 0.929515 0.506608 0.982379 0.511013 0.995595 0.563877 0.995595 0.559471 0.951542 0.572687 0.933921 0.572687 0.854626 0.581498 0.823789 0.577093 0.797357 0.590308 0.775330 0.585903 0.740088 0.638767 0.678414 0.660793 0.674009 0.647577 0.665198 0.629956 0.577093 0.599119 0.515419 0.612335 0.418502 0.621145 0.405286 0.607930 0.396476 0.621145 0.365639 0.621145 0.281938 0.647577 0.273128 0.634361 0.255507 0.612335 0.162996 0.612335 0.136564 0.643172 0.110132 0.647577 0.066079
