0 0.762115 0.964758 0.762115 0.969163 0.757709 0.973568 0.762115 0.977974 0.766520 0.977974 0.775330 0.986784 0.775330 0.995595 0.792952 0.995595 0.792952 0.982379 0.784141 0.973568 0.779736 0.973568 0.775330 0.969163 0.770925 0.969163 0.766520 0.964758
0 0.585903 0.947137 0.581498 0.951542 0.581498 0.964758 0.594714 0.977974 0.603524 0.977974 0.607930 0.982379 0.612335 0.982379 0.621145 0.973568 0.616740 0.969163 0.612335 0.969163 0.594714 0.951542 0.590308 0.951542
0 0.123348 0.942731 0.114537 0.951542 0.114537 0.977974 0.118943 0.982379 0.118943 0.995595 0.132159 0.995595 0.132159 0.991189 0.136564 0.986784 0.136564 0.973568 0.132159 0.969163 0.132159 0.951542
0 0.806167 0.947137 0.819383 0.960352 0.837004 0.960352 0.841410 0.964758 0.854626 0.964758 0.859031 0.960352 0.859031 0.955947 0.854626 0.951542 0.850220 0.951542 0.845815 0.947137 0.841410 0.947137 0.832599 0.938326 0.823789 0.938326 0.819383 0.933921
0 0.572687 0.920705 0.568282 0.916300 0.563877 0.920705 0.559471 0.916300 0.546256 0.916300 0.537445 0.925110 0.537445 0.929515 0.528634 0.938326 0.524229 0.938326 0.519824 0.942731 0.515419 0.942731 0.511013 0.938326 0.506608 0.938326 0.497797 0.929515 0.484582 0.929515 0.480176 0.933921 0.480176 0.942731 0.484582 0.947137 0.497797 0.947137 0.502203 0.951542 0.506608 0.947137 0.511013 0.951542 0.515419 0.951542 0.519824 0.955947 0.524229 0.955947 0.537445 0.942731 0.537445 0.938326 0.541850 0.933921 0.546256 0.933921 0.550661 0.929515 0.563877 0.929515
0 0.233480 0.916300 0.224670 0.925110 0.229075 0.929515 0.229075 0.942731 0.255507 0.969163 0.255507 0.977974 0.251101 0.982379 0.251101 0.986784 0.255507 0.991189 0.255507 0.995595 0.277533 0.995595 0.277533 0.947137 0.273128 0.942731 0.273128 0.938326 0.268722 0.933921 0.264317 0.933921 0.246696 0.916300
0 0.634361 0.907489 0.629956 0.911894 0.629956 0.929515 0.638767 0.938326 0.638767 0.942731 0.647577 0.951542 0.647577 0.955947 0.656388 0.964758 0.656388 0.969163 0.660793 0.973568 0.660793 0.977974 0.665198 0.982379 0.682819 0.982379 0.687225 0.977974 0.687225 0.973568 0.678414 0.964758 0.674009 0.964758 0.669604 0.960352 0.665198 0.960352 0.660793 0.955947 0.660793 0.933921 0.656388 0.929515 0.656388 0.925110 0.651982 0.920705 0.651982 0.916300 0.647577 0.911894 0.643172 0.911894 0.638767 0.907489
0 0.740088 0.881057 0.735683 0.885463 0.735683 0.889868 0.740088 0.894273 0.740088 0.898678 0.753304 0.911894 0.757709 0.907489 0.757709 0.898678 0.762115 0.894273 0.762115 0.889868 0.757709 0.885463 0.753304 0.885463 0.748899 0.881057
0 0.378855 0.867841 0.370044 0.867841 0.365639 0.863436 0.361233 0.867841 0.365639 0.872247 0.365639 0.881057 0.378855 0.894273 0.378855 0.916300 0.374449 0.920705 0.374449 0.942731 0.370044 0.947137 0.365639 0.947137 0.361233 0.951542 0.356828 0.951542 0.352423 0.955947 0.348018 0.955947 0.343612 0.960352 0.339207 0.955947 0.334802 0.960352 0.330396 0.960352 0.325991 0.964758 0.317181 0.964758 0.312775 0.969163 0.312775 0.973568 0.325991 0.986784 0.325991 0.995595 0.339207 0.995595 0.339207 0.973568 0.343612 0.969163 0.348018 0.969163 0.352423 0.964758 0.361233 0.964758 0.365639 0.960352 0.378855 0.960352 0.396476 0.942731 0.396476 0.938326 0.392070 0.933921 0.392070 0.916300 0.396476 0.911894 0.396476 0.889868 0.387665 0.881057 0.387665 0.876652
0 0.563877 0.867841 0.555066 0.859031 0.541850 0.872247 0.541850 0.876652 0.537445 0.881057 0.533040 0.881057 0.528634 0.885463 0.519824 0.885463 0.511013 0.894273 0.511013 0.898678 0.515419 0.903084 0.524229 0.903084 0.541850 0.885463 0.546256 0.885463 0.550661 0.881057 0.555066 0.885463 0.563877 0.876652
0 0.889868 0.859031 0.894273 0.863436 0.898678 0.863436 0.907489 0.872247 0.911894 0.872247 0.920705 0.881057 0.925110 0.881057 0.929515 0.876652 0.938326 0.876652 0.942731 0.881057 0.947137 0.881057 0.969163 0.903084 0.973568 0.898678 0.973568 0.894273 0.960352 0.881057 0.960352 0.872247 0.955947 0.867841 0.951542 0.867841 0.947137 0.872247 0.942731 0.867841 0.938326 0.867841 0.925110 0.854626 0.916300 0.854626 0.911894 0.850220 0.903084 0.850220 0.898678 0.854626 0.894273 0.854626
0 0.493392 0.832599 0.484582 0.841410 0.488987 0.845815 0.488987 0.850220 0.497797 0.859031 0.506608 0.859031 0.515419 0.850220 0.515419 0.841410 0.506608 0.832599
0 0.171806 0.828194 0.167401 0.832599 0.167401 0.837004 0.171806 0.841410 0.176211 0.841410 0.185022 0.850220 0.185022 0.859031 0.176211 0.867841 0.176211 0.881057 0.189427 0.894273 0.198238 0.885463 0.198238 0.881057 0.193833 0.876652 0.193833 0.859031 0.202643 0.850220 0.202643 0.845815 0.198238 0.845815 0.193833 0.841410 0.189427 0.845815 0.185022 0.841410 0.180617 0.841410 0.176211 0.837004 0.176211 0.832599
0 0.114537 0.823789 0.110132 0.828194 0.110132 0.832599 0.105727 0.837004 0.105727 0.841410 0.110132 0.845815 0.110132 0.850220 0.123348 0.863436 0.127753 0.859031 0.127753 0.845815 0.132159 0.841410 0.127753 0.837004 0.127753 0.832599 0.118943 0.823789
0 0.365639 0.797357 0.365639 0.810573 0.370044 0.814978 0.378855 0.814978 0.383260 0.819383 0.396476 0.819383 0.400881 0.814978 0.400881 0.810573 0.387665 0.797357 0.374449 0.797357 0.370044 0.792952
0 0.955947 0.779736 0.951542 0.779736 0.947137 0.784141 0.947137 0.788546 0.938326 0.797357 0.938326 0.806167 0.942731 0.810573 0.947137 0.806167 0.951542 0.806167 0.955947 0.801762 0.960352 0.801762 0.964758 0.797357 0.964758 0.788546
0 0.475771 0.770925 0.484582 0.779736 0.497797 0.779736 0.502203 0.784141 0.506608 0.784141 0.511013 0.788546 0.519824 0.779736 0.515419 0.775330 0.511013 0.775330 0.493392 0.757709 0.488987 0.757709
0 0.828194 0.718062 0.828194 0.722467 0.832599 0.726872 0.837004 0.726872 0.845815 0.735683 0.850220 0.731278 0.854626 0.731278 0.859031 0.726872 0.863436 0.726872 0.867841 0.722467 0.872247 0.722467 0.876652 0.726872 0.881057 0.722467 0.885463 0.726872 0.889868 0.726872 0.894273 0.731278 0.894273 0.753304 0.898678 0.757709 0.907489 0.757709 0.916300 0.748899 0.916300 0.744493 0.903084 0.731278 0.903084 0.722467 0.911894 0.713656 0.907489 0.709251 0.903084 0.709251 0.889868 0.696035 0.881057 0.696035 0.876652 0.700441 0.859031 0.700441 0.854626 0.704846 0.845815 0.704846 0.841410 0.709251 0.837004 0.709251
0 0.259912 0.682819 0.255507 0.687225 0.255507 0.691630 0.251101 0.696035 0.259912 0.704846 0.259912 0.709251 0.268722 0.718062 0.281938 0.718062 0.286344 0.713656 0.286344 0.704846 0.264317 0.682819
0 0.026432 0.678414 0.026432 0.682819 0.030837 0.687225 0.035242 0.687225 0.039648 0.691630 0.039648 0.704846 0.066079 0.731278 0.074890 0.731278 0.079295 0.735683 0.083700 0.735683 0.083700 0.731278 0.088106 0.726872 0.092511 0.726872 0.096916 0.722467 0.101322 0.722467 0.110132 0.713656 0.110132 0.700441 0.114537 0.696035 0.118943 0.696035 0.123348 0.691630 0.127753 0.696035 0.132159 0.696035 0.136564 0.700441 0.149780 0.700441 0.154185 0.704846 0.167401 0.691630 0.171806 0.691630 0.176211 0.687225 0.171806 0.682819 0.167401 0.687225 0.149780 0.687225 0.145374 0.682819 0.140969 0.682819 0.136564 0.678414 0.132159 0.682819 0.127753 0.678414 0.118943 0.678414 0.110132 0.687225 0.110132 0.691630 0.105727 0.696035 0.101322 0.696035 0.096916 0.700441 0.092511 0.700441 0.088106 0.696035 0.083700 0.696035 0.079295 0.691630 0.070485 0.691630 0.066079 0.696035 0.061674 0.696035 0.057269 0.691630 0.052863 0.691630 0.044053 0.682819 0.044053 0.678414 0.039648 0.674009 0.035242 0.678414 0.030837 0.674009
0 0.484582 0.634361 0.484582 0.638767 0.488987 0.643172 0.502203 0.643172 0.506608 0.647577 0.511013 0.647577 0.519824 0.656388 0.524229 0.656388 0.528634 0.660793 0.533040 0.660793 0.541850 0.669604 0.546256 0.669604 0.555066 0.678414 0.555066 0.691630 0.559471 0.696035 0.563877 0.696035 0.572687 0.704846 0.581498 0.704846 0.585903 0.709251 0.590308 0.704846 0.594714 0.704846 0.599119 0.700441 0.599119 0.696035 0.594714 0.691630 0.590308 0.691630 0.577093 0.678414 0.572687 0.678414 0.563877 0.669604 0.563877 0.665198 0.559471 0.660793 0.559471 0.651982 0.550661 0.643172 0.537445 0.643172 0.533040 0.638767 0.515419 0.638767 0.511013 0.634361 0.506608 0.634361 0.497797 0.625551 0.493392 0.625551
0 0.176211 0.625551 0.180617 0.629956 0.185022 0.629956 0.189427 0.634361 0.193833 0.634361 0.202643 0.643172 0.207048 0.643172 0.211454 0.647577 0.224670 0.647577 0.229075 0.651982 0.233480 0.651982 0.237885 0.656388 0.237885 0.660793 0.242291 0.665198 0.246696 0.665198 0.251101 0.660793 0.251101 0.656388 0.237885 0.643172 0.229075 0.643172 0.224670 0.638767 0.220264 0.638767 0.207048 0.625551 0.202643 0.625551 0.198238 0.621145 0.193833 0.621145 0.189427 0.616740 0.185022 0.616740
0 0.916300 0.590308 0.911894 0.594714 0.911894 0.603524 0.920705 0.612335 0.925110 0.612335 0.929515 0.616740 0.933921 0.616740 0.942731 0.625551 0.947137 0.625551 0.955947 0.634361 0.960352 0.629956 0.960352 0.621145 0.964758 0.616740 0.955947 0.607930 0.951542 0.612335 0.947137 0.612335 0.942731 0.607930 0.938326 0.607930 0.920705 0.590308
0 0.691630 0.555066 0.687225 0.559471 0.682819 0.559471 0.678414 0.563877 0.678414 0.568282 0.674009 0.572687 0.678414 0.577093 0.678414 0.581498 0.682819 0.585903 0.696035 0.585903 0.700441 0.581498 0.700441 0.568282 0.696035 0.563877 0.696035 0.559471
0 0.925110 0.541850 0.920705 0.537445 0.916300 0.541850 0.911894 0.541850 0.907489 0.546256 0.876652 0.546256 0.863436 0.559471 0.859031 0.559471 0.854626 0.563877 0.850220 0.559471 0.845815 0.559471 0.841410 0.555066 0.828194 0.555066 0.819383 0.563877 0.814978 0.563877 0.810573 0.568282 0.810573 0.572687 0.814978 0.577093 0.814978 0.581498 0.819383 0.585903 0.832599 0.585903 0.845815 0.572687 0.845815 0.568282 0.850220 0.563877 0.854626 0.563877 0.859031 0.559471 0.863436 0.559471 0.867841 0.563877 0.872247 0.563877 0.876652 0.568282 0.889868 0.568282 0.894273 0.563877 0.898678 0.563877 0.903084 0.559471 0.911894 0.559471 0.920705 0.550661 0.920705 0.546256
0 0.370044 0.528634 0.370044 0.533040 0.365639 0.537445 0.365639 0.541850 0.370044 0.546256 0.370044 0.550661 0.378855 0.559471 0.378855 0.568282 0.383260 0.572687 0.387665 0.568282 0.392070 0.568282 0.396476 0.563877 0.400881 0.563877 0.405286 0.568282 0.409692 0.568282 0.422908 0.581498 0.427313 0.581498 0.431718 0.585903 0.436123 0.581498 0.440529 0.581498 0.444934 0.577093 0.449339 0.581498 0.453745 0.581498 0.453745 0.572687 0.444934 0.563877 0.444934 0.550661 0.440529 0.546256 0.440529 0.541850 0.427313 0.528634 0.422908 0.528634 0.418502 0.533040 0.422908 0.537445 0.422908 0.550661 0.418502 0.555066 0.414097 0.555066 0.409692 0.559471 0.405286 0.559471 0.400881 0.555066 0.396476 0.555066 0.392070 0.550661 0.392070 0.528634 0.387665 0.524229 0.383260 0.528634 0.378855 0.528634 0.374449 0.524229
0 0.995595 0.475771 0.991189 0.471366 0.986784 0.471366 0.982379 0.466960 0.977974 0.466960 0.973568 0.471366 0.973568 0.475771 0.969163 0.480176 0.964758 0.480176 0.960352 0.484582 0.955947 0.484582 0.951542 0.480176 0.947137 0.484582 0.942731 0.484582 0.929515 0.497797 0.929515 0.506608 0.925110 0.511013 0.933921 0.519824 0.955947 0.497797 0.955947 0.493392 0.960352 0.488987 0.960352 0.484582 0.964758 0.480176 0.969163 0.480176 0.973568 0.475771 0.977974 0.480176 0.982379 0.480176 0.986784 0.475771 0.991189 0.480176
0 0.136564 0.471366 0.136564 0.480176 0.149780 0.493392 0.167401 0.493392 0.171806 0.488987 0.176211 0.493392 0.180617 0.488987 0.180617 0.484582 0.162996 0.466960 0.158590 0.466960 0.154185 0.462555 0.154185 0.458150 0.149780 0.462555 0.145374 0.462555
0 0.220264 0.462555 0.229075 0.471366 0.246696 0.471366 0.251101 0.466960 0.255507 0.466960 0.259912 0.462555 0.264317 0.466960 0.268722 0.466960 0.281938 0.480176 0.290749 0.471366 0.286344 0.466960 0.277533 0.466960 0.273128 0.471366 0.268722 0.466960 0.264317 0.466960 0.251101 0.453745 0.229075 0.453745
0 0.753304 0.466960 0.762115 0.475771 0.766520 0.475771 0.770925 0.471366 0.775330 0.471366 0.788546 0.458150 0.792952 0.458150 0.797357 0.453745 0.806167 0.453745 0.810573 0.458150 0.814978 0.458150 0.823789 0.466960 0.823789 0.471366 0.828194 0.475771 0.828194 0.484582 0.832599 0.488987 0.841410 0.488987 0.845815 0.484582 0.845815 0.480176 0.841410 0.475771 0.841410 0.458150 0.832599 0.449339 0.810573 0.449339 0.806167 0.444934 0.788546 0.444934 0.784141 0.449339 0.770925 0.449339
0 0.471366 0.431718 0.466960 0.436123 0.466960 0.444934 0.462555 0.449339 0.462555 0.458150 0.466960 0.462555 0.480176 0.462555 0.488987 0.453745 0.488987 0.444934 0.480176 0.436123 0.475771 0.436123
0 0.634361 0.422908 0.629956 0.427313 0.629956 0.444934 0.638767 0.453745 0.643172 0.453745 0.647577 0.458150 0.656388 0.449339 0.656388 0.444934
0 0.691630 0.396476 0.696035 0.400881 0.696035 0.405286 0.700441 0.409692 0.713656 0.409692 0.718062 0.414097 0.722467 0.414097 0.744493 0.436123 0.748899 0.436123 0.757709 0.427313 0.757709 0.422908 0.735683 0.400881 0.731278 0.400881 0.726872 0.396476 0.713656 0.396476 0.709251 0.392070 0.704846 0.392070 0.700441 0.387665
0 0.114537 0.370044 0.110132 0.374449 0.110132 0.383260 0.118943 0.392070 0.123348 0.392070 0.127753 0.396476 0.132159 0.396476 0.140969 0.405286 0.145374 0.405286 0.149780 0.409692 0.149780 0.414097 0.154185 0.418502 0.154185 0.440529 0.158590 0.444934 0.158590 0.449339 0.162996 0.449339 0.167401 0.444934 0.171806 0.444934 0.176211 0.440529 0.176211 0.431718 0.162996 0.418502 0.162996 0.409692 0.154185 0.400881 0.154185 0.396476 0.149780 0.392070 0.149780 0.387665 0.140969 0.378855 0.136564 0.378855 0.132159 0.374449 0.127753 0.374449 0.123348 0.370044
0 0.607930 0.365639 0.603524 0.370044 0.599119 0.370044 0.594714 0.374449 0.594714 0.392070 0.603524 0.400881 0.603524 0.414097 0.599119 0.418502 0.594714 0.418502 0.590308 0.422908 0.585903 0.422908 0.572687 0.436123 0.572687 0.440529 0.568282 0.444934 0.568282 0.453745 0.563877 0.458150 0.563877 0.475771 0.559471 0.480176 0.559471 0.488987 0.563877 0.493392 0.572687 0.493392 0.581498 0.484582 0.581498 0.458150 0.590308 0.449339 0.590308 0.444934 0.594714 0.440529 0.594714 0.436123 0.599119 0.431718 0.599119 0.418502 0.603524 0.414097 0.607930 0.414097 0.612335 0.409692 0.612335 0.400881 0.616740 0.396476 0.616740 0.374449
0 0.995595 0.339207 0.982379 0.339207 0.977974 0.343612 0.973568 0.343612 0.969163 0.348018 0.969163 0.365639 0.973568 0.370044 0.982379 0.361233 0.986784 0.361233 0.991189 0.356828 0.995595 0.356828
0 0.361233 0.325991 0.352423 0.334802 0.352423 0.339207 0.348018 0.343612 0.348018 0.348018 0.352423 0.352423 0.356828 0.352423 0.361233 0.356828 0.365639 0.356828 0.378855 0.370044 0.383260 0.370044 0.387665 0.374449 0.392070 0.374449 0.396476 0.378855 0.396476 0.387665 0.400881 0.392070 0.400881 0.400881 0.405286 0.405286 0.422908 0.387665 0.422908 0.374449 0.414097 0.365639 0.409692 0.370044 0.405286 0.370044 0.400881 0.365639 0.396476 0.365639 0.392070 0.361233 0.392070 0.356828 0.387665 0.352423 0.383260 0.352423 0.378855 0.348018 0.374449 0.348018 0.370044 0.343612 0.370044 0.339207 0.365639 0.334802 0.365639 0.330396
0 0.268722 0.334802 0.273128 0.339207 0.286344 0.339207 0.290749 0.343612 0.295154 0.343612 0.299559 0.339207 0.312775 0.339207 0.321586 0.330396 0.317181 0.325991 0.295154 0.325991 0.290749 0.321586 0.286344 0.325991 0.277533 0.325991
0 0.585903 0.317181 0.594714 0.325991 0.603524 0.325991 0.607930 0.330396 0.612335 0.330396 0.616740 0.334802 0.621145 0.330396 0.621145 0.321586 0.625551 0.317181 0.621145 0.312775 0.612335 0.312775 0.607930 0.317181 0.603524 0.312775 0.590308 0.312775
0 0.000000 0.312775 0.026432 0.343612 0.022026 0.356828 0.000000 0.361233 0.000000 0.396476 0.039648 0.418502 0.070485 0.466960 0.070485 0.484582 0.000000 0.537445 0.013216 0.546256 0.000000 0.568282 0.000000 0.607930 0.022026 0.603524 0.088106 0.638767 0.101322 0.629956 0.070485 0.603524 0.039648 0.612335 0.022026 0.603524 0.030837 0.568282 0.066079 0.537445 0.110132 0.559471 0.123348 0.581498 0.140969 0.563877 0.211454 0.563877 0.277533 0.607930 0.352423 0.599119 0.378855 0.612335 0.449339 0.704846 0.480176 0.726872 0.607930 0.753304 0.669604 0.797357 0.691630 0.797357 0.696035 0.810573 0.682819 0.819383 0.665198 0.806167 0.625551 0.814978 0.638767 0.841410 0.682819 0.850220 0.709251 0.876652 0.718062 0.872247 0.704846 0.854626 0.709251 0.837004 0.766520 0.845815 0.718062 0.819383 0.718062 0.801762 0.770925 0.797357 0.814978 0.814978 0.837004 0.845815 0.845815 0.898678 0.911894 0.947137 0.933921 0.995595 0.973568 0.995595 0.951542 0.960352 0.925110 0.951542 0.850220 0.872247 0.845815 0.837004 0.867841 0.828194 0.823789 0.779736 0.757709 0.770925 0.726872 0.779736 0.704846 0.762115 0.660793 0.779736 0.621145 0.748899 0.546256 0.731278 0.511013 0.700441 0.462555 0.700441 0.427313 0.656388 0.436123 0.638767 0.414097 0.603524 0.396476 0.612335 0.343612 0.585903 0.330396 0.559471 0.325991 0.581498 0.299559 0.594714 0.189427 0.524229 0.185022 0.550661 0.167401 0.559471 0.123348 0.519824 0.074890 0.511013 0.070485 0.497797 0.092511 0.484582 0.074890 0.462555 0.088106 0.431718 0.039648 0.383260 0.061674 0.361233
0 0.215859 0.312775 0.207048 0.303965 0.202643 0.303965 0.198238 0.308370 0.198238 0.312775 0.189427 0.321586 0.185022 0.321586 0.180617 0.325991 0.176211 0.321586 0.171806 0.321586 0.167401 0.317181 0.123348 0.317181 0.118943 0.312775 0.110132 0.312775 0.105727 0.317181 0.105727 0.325991 0.110132 0.330396 0.136564 0.330396 0.140969 0.334802 0.145374 0.334802 0.149780 0.339207 0.167401 0.339207 0.171806 0.334802 0.176211 0.334802 0.180617 0.330396 0.189427 0.330396 0.193833 0.334802 0.198238 0.334802 0.202643 0.339207 0.211454 0.330396 0.211454 0.321586 0.215859 0.317181
0 0.916300 0.277533 0.911894 0.277533 0.907489 0.273128 0.903084 0.273128 0.898678 0.277533 0.894273 0.273128 0.885463 0.281938 0.881057 0.281938 0.876652 0.286344 0.872247 0.286344 0.867841 0.281938 0.859031 0.281938 0.850220 0.290749 0.850220 0.308370 0.854626 0.312775 0.854626 0.317181 0.859031 0.321586 0.859031 0.325991 0.863436 0.330396 0.863436 0.343612 0.859031 0.348018 0.863436 0.352423 0.872247 0.343612 0.867841 0.339207 0.867841 0.325991 0.872247 0.321586 0.872247 0.290749 0.876652 0.286344 0.881057 0.286344 0.885463 0.281938 0.889868 0.286344 0.894273 0.286344 0.898678 0.290749 0.903084 0.290749 0.907489 0.295154 0.916300 0.295154 0.920705 0.299559 0.925110 0.295154 0.925110 0.286344
0 0.215859 0.246696 0.207048 0.255507 0.207048 0.259912 0.211454 0.264317 0.215859 0.264317 0.220264 0.268722 0.224670 0.268722 0.229075 0.273128 0.229075 0.281938 0.251101 0.303965 0.255507 0.303965 0.268722 0.290749 0.264317 0.286344 0.259912 0.286344 0.255507 0.281938 0.251101 0.281938 0.246696 0.277533 0.242291 0.277533 0.237885 0.273128 0.233480 0.273128 0.224670 0.264317 0.224670 0.255507
0 0.515419 0.251101 0.506608 0.242291 0.493392 0.242291 0.484582 0.251101 0.480176 0.251101 0.475771 0.255507 0.471366 0.251101 0.466960 0.255507 0.471366 0.259912 0.475771 0.255507 0.488987 0.255507 0.493392 0.259912 0.511013 0.259912 0.515419 0.255507
0 0.365639 0.281938 0.370044 0.286344 0.374449 0.286344 0.378855 0.290749 0.387665 0.290749 0.392070 0.286344 0.392070 0.264317 0.400881 0.255507 0.405286 0.255507 0.409692 0.251101 0.414097 0.255507 0.418502 0.255507 0.427313 0.264317 0.431718 0.264317 0.436123 0.259912 0.436123 0.251101 0.431718 0.246696 0.422908 0.246696 0.418502 0.251101 0.409692 0.251101 0.405286 0.246696 0.400881 0.246696 0.396476 0.242291 0.387665 0.242291 0.383260 0.246696 0.383260 0.255507 0.370044 0.268722 0.370044 0.273128 0.365639 0.277533
0 0.757709 0.176211 0.748899 0.176211 0.735683 0.189427 0.735683 0.207048 0.731278 0.211454 0.726872 0.211454 0.718062 0.220264 0.718062 0.233480 0.713656 0.237885 0.709251 0.237885 0.704846 0.242291 0.696035 0.242291 0.691630 0.246696 0.691630 0.255507 0.696035 0.259912 0.704846 0.259912 0.713656 0.251101 0.713656 0.242291 0.718062 0.237885 0.722467 0.237885 0.726872 0.233480 0.731278 0.237885 0.740088 0.229075 0.740088 0.215859 0.735683 0.211454 0.735683 0.202643 0.740088 0.198238 0.744493 0.198238 0.748899 0.193833 0.753304 0.193833 0.762115 0.185022 0.762115 0.180617
0 0.643172 0.162996 0.634361 0.171806 0.634361 0.180617 0.643172 0.189427 0.647577 0.189427 0.651982 0.193833 0.665198 0.180617 0.669604 0.180617 0.665198 0.180617 0.647577 0.162996
0 0.427313 0.145374 0.422908 0.149780 0.422908 0.154185 0.427313 0.158590 0.427313 0.167401 0.431718 0.171806 0.444934 0.171806 0.449339 0.167401 0.449339 0.158590 0.440529 0.149780 0.436123 0.149780 0.431718 0.145374
0 0.185022 0.140969 0.176211 0.149780 0.176211 0.162996 0.189427 0.176211 0.198238 0.176211 0.202643 0.171806 0.202643 0.167401 0.198238 0.162996 0.198238 0.149780 0.193833 0.145374 0.189427 0.145374
0 0.303965 0.123348 0.308370 0.127753 0.321586 0.127753 0.325991 0.132159 0.334802 0.132159 0.339207 0.127753 0.348018 0.127753 0.352423 0.132159 0.356828 0.132159 0.361233 0.136564 0.365639 0.136564 0.374449 0.145374 0.374449 0.167401 0.370044 0.171806 0.370044 0.180617 0.378855 0.189427 0.387665 0.189427 0.392070 0.185022 0.392070 0.167401 0.387665 0.162996 0.387665 0.154185 0.383260 0.149780 0.378855 0.149780 0.370044 0.140969 0.370044 0.123348 0.365639 0.118943 0.352423 0.118943 0.348018 0.123348 0.343612 0.118943 0.339207 0.118943 0.330396 0.110132 0.325991 0.110132 0.321586 0.114537 0.312775 0.114537
0 0.255507 0.101322 0.242291 0.114537 0.242291 0.118943 0.251101 0.127753 0.259912 0.127753 0.264317 0.132159 0.268722 0.132159 0.273128 0.136564 0.273128 0.154185 0.268722 0.158590 0.264317 0.158590 0.259912 0.162996 0.259912 0.167401 0.255507 0.171806 0.259912 0.176211 0.259912 0.185022 0.255507 0.189427 0.255507 0.193833 0.259912 0.198238 0.264317 0.198238 0.268722 0.193833 0.273128 0.193833 0.277533 0.189427 0.277533 0.185022 0.281938 0.180617 0.281938 0.167401 0.286344 0.162996 0.281938 0.158590 0.281938 0.145374 0.286344 0.140969 0.281938 0.136564 0.277533 0.136564 0.268722 0.127753 0.268722 0.110132 0.264317 0.105727 0.259912 0.105727
0 0.713656 0.083700 0.700441 0.096916 0.700441 0.101322 0.696035 0.105727 0.696035 0.110132 0.691630 0.114537 0.691630 0.132159 0.696035 0.136564 0.696035 0.140969 0.709251 0.154185 0.713656 0.154185 0.718062 0.158590 0.722467 0.158590 0.726872 0.162996 0.731278 0.158590 0.735683 0.158590 0.740088 0.154185 0.740088 0.149780 0.753304 0.136564 0.753304 0.123348 0.757709 0.118943 0.753304 0.114537 0.748899 0.118943 0.740088 0.118943 0.735683 0.114537 0.731278 0.114537 0.726872 0.110132 0.722467 0.110132 0.718062 0.105727 0.718062 0.096916 0.726872 0.088106 0.722467 0.083700
0 0.669604 0.083700 0.665198 0.079295 0.660793 0.079295 0.656388 0.074890 0.634361 0.074890 0.629956 0.079295 0.625551 0.079295 0.621145 0.083700 0.612335 0.083700 0.607930 0.079295 0.599119 0.079295 0.594714 0.074890 0.585903 0.083700 0.581498 0.083700 0.577093 0.088106 0.572687 0.088106 0.568282 0.092511 0.563877 0.088106 0.559471 0.088106 0.555066 0.083700 0.550661 0.083700 0.546256 0.079295 0.541850 0.079295 0.537445 0.083700 0.537445 0.105727 0.533040 0.110132 0.528634 0.110132 0.524229 0.114537 0.519824 0.114537 0.515419 0.118943 0.511013 0.114537 0.506608 0.114537 0.502203 0.110132 0.502203 0.101322 0.497797 0.096916 0.493392 0.101322 0.493392 0.105727 0.497797 0.110132 0.502203 0.110132 0.511013 0.118943 0.511013 0.123348 0.524229 0.136564 0.528634 0.136564 0.533040 0.132159 0.533040 0.118943 0.537445 0.114537 0.541850 0.114537 0.546256 0.110132 0.550661 0.110132 0.555066 0.114537 0.559471 0.114537 0.563877 0.118943 0.568282 0.118943 0.585903 0.136564 0.590308 0.132159 0.603524 0.132159 0.607930 0.127753 0.607930 0.123348 0.612335 0.118943 0.612335 0.110132 0.616740 0.105727 0.616740 0.101322 0.625551 0.092511 0.629956 0.092511 0.634361 0.088106 0.638767 0.092511 0.643172 0.092511 0.651982 0.101322 0.656388 0.101322 0.660793 0.096916 0.665198 0.096916 0.669604 0.092511
0 0.995595 0.066079 0.991189 0.061674 0.982379 0.061674 0.973568 0.070485 0.969163 0.070485 0.964758 0.074890 0.960352 0.070485 0.955947 0.070485 0.951542 0.066079 0.947137 0.070485 0.947137 0.074890 0.955947 0.083700 0.960352 0.079295 0.964758 0.079295 0.969163 0.074890 0.973568 0.079295 0.977974 0.079295 0.982379 0.083700 0.986784 0.083700 0.991189 0.079295 0.995595 0.079295
0 0.898678 0.057269 0.885463 0.070485 0.889868 0.074890 0.889868 0.083700 0.903084 0.096916 0.911894 0.096916 0.920705 0.088106 0.920705 0.083700 0.916300 0.079295 0.916300 0.074890
0 0.330396 0.030837 0.325991 0.035242 0.325991 0.039648 0.330396 0.044053 0.334802 0.044053 0.339207 0.048458 0.339207 0.066079 0.343612 0.070485 0.352423 0.061674 0.352423 0.052863 0.348018 0.048458 0.348018 0.039648 0.339207 0.030837
0 0.079295 0.035242 0.070485 0.026432 0.066079 0.030837 0.052863 0.030837 0.044053 0.039648 0.044053 0.044053 0.048458 0.048458 0.074890 0.048458 0.079295 0.044053
0 0.273128 0.030837 0.264317 0.022026 0.259912 0.026432 0.255507 0.026432 0.251101 0.030837 0.255507 0.035242 0.255507 0.048458 0.251101 0.052863 0.246696 0.052863 0.242291 0.057269 0.237885 0.057269 0.233480 0.061674 0.224670 0.061674 0.220264 0.057269 0.215859 0.061674 0.215859 0.066079 0.220264 0.070485 0.224670 0.066079 0.229075 0.070485 0.255507 0.070485 0.259912 0.066079 0.259912 0.057269 0.255507 0.052863 0.255507 0.044053 0.259912 0.039648 0.264317 0.039648
0 0.766520 0.013216 0.766520 0.026432 0.770925 0.030837 0.775330 0.026432 0.779736 0.030837 0.784141 0.030837 0.788546 0.026432 0.792952 0.026432 0.797357 0.022026 0.797357 0.017621 0.792952 0.013216 0.788546 0.013216 0.784141 0.008811 0.770925 0.008811
0 0.502203 0.008811 0.493392 0.017621 0.493392 0.022026 0.497797 0.026432 0.497797 0.030837 0.502203 0.035242 0.502203 0.039648 0.511013 0.048458 0.515419 0.048458 0.519824 0.052863 0.528634 0.052863 0.533040 0.048458 0.528634 0.044053 0.528634 0.039648 0.511013 0.022026 0.511013 0.017621
0 0.581498 0.000000 0.559471 0.000000 0.559471 0.017621 0.555066 0.022026 0.563877 0.030837 0.568282 0.030837 0.577093 0.022026 0.577093 0.017621 0.581498 0.013216
