0 0.246696 0.951542 0.242291 0.955947 0.233480 0.955947 0.224670 0.964758 0.224670 0.969163 0.220264 0.973568 0.220264 0.977974 0.229075 0.986784 0.233480 0.982379 0.242291 0.982379 0.246696 0.977974 0.246696 0.973568 0.251101 0.969163 0.251101 0.955947
0 0.370044 0.955947 0.361233 0.947137 0.356828 0.947137 0.352423 0.942731 0.334802 0.960352 0.334802 0.977974 0.325991 0.986784 0.321586 0.986784 0.312775 0.995595 0.330396 0.995595 0.330396 0.986784 0.334802 0.982379 0.339207 0.982379 0.343612 0.977974 0.348018 0.982379 0.365639 0.964758 0.365639 0.960352
0 0.533040 0.907489 0.515419 0.907489 0.506608 0.916300 0.506608 0.938326 0.497797 0.947137 0.506608 0.955947 0.511013 0.955947 0.519824 0.947137 0.519824 0.933921 0.524229 0.929515 0.528634 0.929515 0.537445 0.920705 0.537445 0.911894
0 0.202643 0.898678 0.198238 0.894273 0.193833 0.894273 0.180617 0.907489 0.180617 0.911894 0.176211 0.916300 0.176211 0.920705 0.171806 0.925110 0.167401 0.925110 0.162996 0.929515 0.158590 0.925110 0.145374 0.925110 0.140969 0.929515 0.136564 0.929515 0.127753 0.938326 0.123348 0.938326 0.118943 0.942731 0.118943 0.960352 0.123348 0.964758 0.127753 0.964758 0.132159 0.960352 0.136564 0.960352 0.140969 0.955947 0.140969 0.951542 0.145374 0.947137 0.145374 0.942731 0.149780 0.938326 0.154185 0.938326 0.167401 0.925110 0.171806 0.925110 0.176211 0.920705 0.180617 0.925110 0.189427 0.925110 0.193833 0.920705 0.198238 0.920705 0.202643 0.916300
0 0.110132 0.872247 0.105727 0.867841 0.101322 0.867841 0.088106 0.881057 0.088106 0.885463 0.083700 0.889868 0.083700 0.894273 0.079295 0.898678 0.074890 0.898678 0.070485 0.903084 0.070485 0.907489 0.066079 0.911894 0.061674 0.911894 0.057269 0.916300 0.052863 0.916300 0.035242 0.933921 0.039648 0.938326 0.044053 0.933921 0.066079 0.933921 0.070485 0.929515 0.074890 0.929515 0.088106 0.916300 0.088106 0.894273
0 0.475771 0.854626 0.471366 0.859031 0.462555 0.859031 0.453745 0.867841 0.449339 0.867841 0.444934 0.872247 0.440529 0.872247 0.436123 0.876652 0.436123 0.889868 0.431718 0.894273 0.431718 0.898678 0.427313 0.903084 0.422908 0.903084 0.418502 0.907489 0.409692 0.907489 0.405286 0.911894 0.405286 0.920705 0.409692 0.925110 0.414097 0.925110 0.418502 0.929515 0.418502 0.942731 0.414097 0.947137 0.414097 0.955947 0.418502 0.960352 0.427313 0.960352 0.436123 0.951542 0.436123 0.947137 0.431718 0.942731 0.427313 0.942731 0.422908 0.938326 0.422908 0.920705 0.427313 0.916300 0.427313 0.907489 0.436123 0.898678 0.440529 0.898678 0.444934 0.894273 0.449339 0.894273 0.475771 0.867841 0.480176 0.867841 0.484582 0.863436
0 0.387665 0.845815 0.383260 0.841410 0.374449 0.850220 0.370044 0.850220 0.365639 0.854626 0.361233 0.850220 0.356828 0.850220 0.352423 0.845815 0.348018 0.845815 0.343612 0.850220 0.339207 0.850220 0.334802 0.854626 0.330396 0.854626 0.325991 0.859031 0.317181 0.859031 0.308370 0.867841 0.303965 0.867841 0.290749 0.881057 0.286344 0.881057 0.273128 0.894273 0.273128 0.911894 0.264317 0.920705 0.264317 0.929515 0.259912 0.933921 0.264317 0.938326 0.268722 0.938326 0.281938 0.925110 0.281938 0.911894 0.286344 0.907489 0.290749 0.907489 0.295154 0.903084 0.303965 0.903084 0.312775 0.894273 0.312775 0.889868 0.334802 0.867841 0.339207 0.867841 0.343612 0.863436 0.361233 0.863436 0.365639 0.867841 0.370044 0.867841 0.374449 0.863436 0.378855 0.863436 0.383260 0.859031 0.383260 0.850220
0 0.581498 0.819383 0.577093 0.823789 0.577093 0.837004 0.572687 0.841410 0.572687 0.845815 0.559471 0.859031 0.563877 0.863436 0.563877 0.867841 0.572687 0.876652 0.577093 0.872247 0.577093 0.867841 0.581498 0.863436 0.581498 0.859031 0.590308 0.850220 0.590308 0.845815 0.594714 0.841410 0.594714 0.828194 0.590308 0.823789 0.585903 0.823789
0 0.925110 0.810573 0.916300 0.819383 0.916300 0.823789 0.911894 0.828194 0.911894 0.832599 0.907489 0.837004 0.903084 0.837004 0.898678 0.841410 0.907489 0.850220 0.911894 0.850220 0.929515 0.832599 0.929515 0.814978
0 0.264317 0.801762 0.259912 0.801762 0.251101 0.810573 0.251101 0.814978 0.242291 0.823789 0.242291 0.828194 0.237885 0.832599 0.237885 0.841410 0.233480 0.845815 0.233480 0.850220 0.220264 0.863436 0.215859 0.863436 0.207048 0.872247 0.215859 0.881057 0.220264 0.876652 0.224670 0.876652 0.229075 0.872247 0.237885 0.872247 0.251101 0.859031 0.251101 0.854626 0.255507 0.850220 0.255507 0.845815 0.264317 0.837004 0.264317 0.832599 0.268722 0.828194 0.268722 0.823789 0.273128 0.819383 0.273128 0.810573
0 0.171806 0.788546 0.167401 0.788546 0.162996 0.792952 0.162996 0.797357 0.158590 0.801762 0.154185 0.801762 0.136564 0.819383 0.136564 0.823789 0.132159 0.828194 0.132159 0.832599 0.123348 0.841410 0.123348 0.850220 0.127753 0.854626 0.140969 0.854626 0.149780 0.845815 0.149780 0.841410 0.154185 0.837004 0.149780 0.832599 0.149780 0.823789 0.162996 0.810573 0.167401 0.810573 0.171806 0.806167 0.176211 0.806167 0.180617 0.801762 0.180617 0.797357
0 0.797357 0.757709 0.797357 0.762115 0.801762 0.766520 0.806167 0.766520 0.810573 0.770925 0.814978 0.770925 0.837004 0.792952 0.837004 0.797357 0.841410 0.801762 0.850220 0.801762 0.854626 0.797357 0.859031 0.797357 0.854626 0.797357 0.845815 0.788546 0.845815 0.784141 0.832599 0.770925 0.832599 0.766520 0.828194 0.762115 0.828194 0.748899 0.823789 0.744493 0.819383 0.744493 0.814978 0.748899 0.810573 0.748899 0.806167 0.753304 0.801762 0.753304
0 0.440529 0.740088 0.436123 0.744493 0.436123 0.753304 0.440529 0.757709 0.440529 0.770925 0.436123 0.775330 0.440529 0.779736 0.449339 0.779736 0.458150 0.770925 0.458150 0.757709
0 0.325991 0.740088 0.317181 0.748899 0.317181 0.762115 0.321586 0.766520 0.321586 0.770925 0.330396 0.779736 0.343612 0.766520 0.339207 0.762115 0.339207 0.753304
0 0.220264 0.735683 0.215859 0.735683 0.198238 0.753304 0.198238 0.762115 0.202643 0.766520 0.211454 0.766520 0.229075 0.748899 0.229075 0.744493
0 0.092511 0.722467 0.070485 0.744493 0.066079 0.744493 0.057269 0.753304 0.052863 0.753304 0.048458 0.757709 0.044053 0.757709 0.035242 0.766520 0.030837 0.766520 0.017621 0.779736 0.017621 0.801762 0.013216 0.806167 0.017621 0.810573 0.030837 0.810573 0.035242 0.806167 0.035242 0.801762 0.039648 0.797357 0.039648 0.792952 0.044053 0.788546 0.044053 0.784141 0.057269 0.770925 0.061674 0.770925 0.066079 0.766520 0.079295 0.766520 0.083700 0.762115 0.088106 0.762115 0.101322 0.748899 0.101322 0.731278
0 0.995595 0.704846 0.991189 0.704846 0.986784 0.709251 0.982379 0.709251 0.977974 0.713656 0.969163 0.713656 0.960352 0.722467 0.960352 0.735683 0.964758 0.740088 0.964758 0.744493 0.969163 0.740088 0.973568 0.740088 0.977974 0.735683 0.977974 0.731278 0.986784 0.722467 0.991189 0.722467 0.995595 0.718062
0 0.325991 0.718062 0.330396 0.722467 0.339207 0.722467 0.343612 0.718062 0.348018 0.718062 0.352423 0.713656 0.361233 0.713656 0.365639 0.718062 0.370044 0.718062 0.374449 0.722467 0.374449 0.744493 0.378855 0.748899 0.378855 0.753304 0.387665 0.762115 0.396476 0.753304 0.392070 0.748899 0.392070 0.735683 0.387665 0.731278 0.387665 0.722467 0.383260 0.718062 0.378855 0.718062 0.370044 0.709251 0.370044 0.704846 0.365639 0.700441 0.352423 0.700441 0.348018 0.704846 0.339207 0.704846
0 0.823789 0.678414 0.819383 0.682819 0.819383 0.687225 0.814978 0.691630 0.828194 0.704846 0.837004 0.704846 0.841410 0.700441 0.841410 0.682819 0.837004 0.678414
0 0.885463 0.669604 0.881057 0.674009 0.881057 0.687225 0.885463 0.691630 0.903084 0.691630 0.907489 0.687225 0.907489 0.678414 0.898678 0.669604
0 0.740088 0.660793 0.735683 0.665198 0.740088 0.669604 0.740088 0.678414 0.753304 0.691630 0.757709 0.691630 0.766520 0.682819 0.766520 0.678414 0.748899 0.660793
0 0.233480 0.665198 0.229075 0.660793 0.224670 0.660793 0.220264 0.656388 0.215859 0.660793 0.211454 0.660793 0.202643 0.669604 0.198238 0.669604 0.193833 0.674009 0.189427 0.674009 0.176211 0.687225 0.180617 0.691630 0.180617 0.704846 0.185022 0.709251 0.207048 0.687225 0.211454 0.687225 0.215859 0.682819 0.220264 0.682819 0.224670 0.678414 0.229075 0.678414 0.233480 0.674009
0 0.969163 0.621145 0.964758 0.621145 0.955947 0.629956 0.955947 0.634361 0.951542 0.638767 0.947137 0.638767 0.942731 0.643172 0.938326 0.643172 0.929515 0.651982 0.929515 0.660793 0.938326 0.669604 0.942731 0.669604 0.947137 0.665198 0.947137 0.651982 0.951542 0.647577 0.955947 0.647577 0.960352 0.643172 0.977974 0.643172 0.982379 0.638767 0.977974 0.634361 0.977974 0.629956
0 0.801762 0.616740 0.788546 0.629956 0.788546 0.634361 0.784141 0.638767 0.784141 0.643172 0.792952 0.651982 0.814978 0.629956 0.814978 0.625551 0.810573 0.621145 0.806167 0.621145
0 0.123348 0.616740 0.118943 0.612335 0.110132 0.612335 0.101322 0.621145 0.096916 0.621145 0.092511 0.625551 0.088106 0.625551 0.074890 0.638767 0.074890 0.643172 0.057269 0.660793 0.052863 0.660793 0.048458 0.665198 0.044053 0.665198 0.039648 0.669604 0.039648 0.674009 0.026432 0.687225 0.022026 0.687225 0.017621 0.691630 0.013216 0.691630 0.008811 0.696035 0.004405 0.696035 0.000000 0.700441 0.000000 0.713656 0.026432 0.713656 0.070485 0.669604 0.074890 0.669604 0.083700 0.660793 0.088106 0.660793 0.092511 0.656388 0.092511 0.651982 0.096916 0.647577 0.096916 0.638767 0.101322 0.634361 0.105727 0.634361 0.110132 0.629956 0.114537 0.634361 0.118943 0.634361 0.127753 0.625551 0.123348 0.621145
0 0.299559 0.572687 0.295154 0.568282 0.286344 0.568282 0.281938 0.572687 0.281938 0.577093 0.264317 0.594714 0.268722 0.599119 0.273128 0.599119 0.277533 0.594714 0.281938 0.599119 0.286344 0.594714 0.286344 0.585903 0.290749 0.581498 0.295154 0.581498 0.299559 0.577093
0 0.140969 0.533040 0.136564 0.528634 0.127753 0.528634 0.118943 0.537445 0.114537 0.537445 0.110132 0.541850 0.110132 0.546256 0.101322 0.555066 0.096916 0.555066 0.092511 0.559471 0.083700 0.559471 0.079295 0.563877 0.070485 0.563877 0.066079 0.559471 0.061674 0.559471 0.052863 0.568282 0.052863 0.572687 0.044053 0.581498 0.044053 0.585903 0.048458 0.590308 0.052863 0.590308 0.057269 0.594714 0.061674 0.594714 0.066079 0.590308 0.070485 0.590308 0.074890 0.585903 0.074890 0.581498 0.079295 0.577093 0.083700 0.577093 0.088106 0.572687 0.092511 0.572687 0.096916 0.568282 0.101322 0.568282 0.110132 0.559471 0.114537 0.559471 0.123348 0.550661 0.127753 0.550661 0.132159 0.546256 0.132159 0.541850
0 0.938326 0.506608 0.929515 0.506608 0.925110 0.511013 0.925110 0.515419 0.920705 0.519824 0.920705 0.537445 0.916300 0.541850 0.916300 0.550661 0.920705 0.555066 0.933921 0.555066 0.942731 0.546256 0.942731 0.511013
0 0.779736 0.475771 0.762115 0.475771 0.748899 0.488987 0.748899 0.497797 0.735683 0.511013 0.731278 0.511013 0.726872 0.515419 0.726872 0.524229 0.735683 0.533040 0.740088 0.533040 0.779736 0.493392 0.779736 0.484582 0.784141 0.480176
0 0.850220 0.444934 0.837004 0.444934 0.832599 0.449339 0.832599 0.462555 0.828194 0.466960 0.837004 0.475771 0.850220 0.462555 0.850220 0.458150 0.854626 0.453745 0.854626 0.449339
0 0.400881 0.431718 0.396476 0.436123 0.392070 0.436123 0.378855 0.449339 0.378855 0.453745 0.374449 0.458150 0.383260 0.466960 0.392070 0.466960 0.400881 0.458150 0.400881 0.453745 0.405286 0.449339 0.405286 0.436123
0 0.665198 0.396476 0.660793 0.400881 0.656388 0.400881 0.651982 0.405286 0.651982 0.418502 0.643172 0.427313 0.643172 0.431718 0.638767 0.436123 0.638767 0.444934 0.643172 0.449339 0.651982 0.440529 0.651982 0.436123 0.674009 0.414097 0.674009 0.405286
0 0.440529 0.392070 0.427313 0.405286 0.427313 0.414097 0.431718 0.418502 0.436123 0.418502 0.440529 0.422908 0.440529 0.431718 0.436123 0.436123 0.436123 0.444934 0.440529 0.449339 0.449339 0.449339 0.453745 0.444934 0.453745 0.440529 0.449339 0.436123 0.449339 0.431718 0.444934 0.427313 0.444934 0.414097 0.449339 0.409692 0.449339 0.400881
0 0.995595 0.370044 0.991189 0.370044 0.986784 0.374449 0.982379 0.374449 0.977974 0.378855 0.977974 0.383260 0.973568 0.387665 0.969163 0.387665 0.942731 0.414097 0.942731 0.422908 0.925110 0.440529 0.920705 0.440529 0.916300 0.444934 0.916300 0.471366 0.911894 0.475771 0.925110 0.488987 0.933921 0.480176 0.933921 0.475771 0.929515 0.471366 0.929515 0.462555 0.933921 0.458150 0.933921 0.453745 0.938326 0.449339 0.938326 0.444934 0.942731 0.440529 0.947137 0.440529 0.977974 0.409692 0.977974 0.400881 0.986784 0.392070 0.991189 0.392070 0.995595 0.387665
0 0.753304 0.370044 0.748899 0.370044 0.735683 0.383260 0.735683 0.396476 0.731278 0.400881 0.735683 0.405286 0.744493 0.405286 0.748899 0.400881 0.748899 0.396476 0.757709 0.387665 0.757709 0.374449
0 0.546256 0.352423 0.541850 0.356828 0.537445 0.356828 0.533040 0.361233 0.533040 0.365639 0.528634 0.370044 0.528634 0.374449 0.515419 0.387665 0.524229 0.396476 0.533040 0.396476 0.546256 0.383260 0.546256 0.378855 0.550661 0.374449 0.550661 0.356828
0 0.295154 0.348018 0.286344 0.339207 0.281938 0.339207 0.277533 0.343612 0.277533 0.348018 0.255507 0.370044 0.251101 0.370044 0.246696 0.374449 0.242291 0.374449 0.237885 0.370044 0.224670 0.383260 0.224670 0.387665 0.229075 0.392070 0.233480 0.392070 0.246696 0.378855 0.251101 0.378855 0.255507 0.374449 0.264317 0.374449 0.268722 0.378855 0.273128 0.374449 0.281938 0.374449 0.290749 0.365639 0.290749 0.361233 0.295154 0.356828
0 0.881057 0.330396 0.876652 0.325991 0.872247 0.325991 0.867841 0.321586 0.863436 0.325991 0.863436 0.330396 0.859031 0.334802 0.854626 0.334802 0.850220 0.339207 0.841410 0.339207 0.837004 0.343612 0.837004 0.352423 0.845815 0.361233 0.850220 0.361233 0.859031 0.352423 0.859031 0.348018 0.867841 0.339207 0.872247 0.339207
0 0.995595 0.308370 0.986784 0.308370 0.982379 0.312775 0.977974 0.308370 0.973568 0.312775 0.964758 0.312775 0.955947 0.321586 0.951542 0.321586 0.947137 0.325991 0.942731 0.321586 0.933921 0.330396 0.933921 0.339207 0.938326 0.343612 0.955947 0.325991 0.960352 0.325991 0.964758 0.321586 0.969163 0.325991 0.982379 0.325991 0.986784 0.321586 0.995595 0.321586
0 0.696035 0.303965 0.691630 0.308370 0.687225 0.308370 0.678414 0.317181 0.678414 0.321586 0.674009 0.325991 0.674009 0.334802 0.660793 0.348018 0.665198 0.352423 0.674009 0.352423 0.687225 0.339207 0.687225 0.334802 0.700441 0.321586 0.700441 0.308370
0 0.246696 0.308370 0.237885 0.299559 0.233480 0.299559 0.229075 0.303965 0.224670 0.303965 0.198238 0.330396 0.193833 0.330396 0.180617 0.343612 0.180617 0.352423 0.185022 0.356828 0.189427 0.356828 0.202643 0.343612 0.207048 0.343612 0.211454 0.339207 0.215859 0.339207 0.224670 0.330396 0.229075 0.330396 0.233480 0.325991 0.237885 0.325991 0.246696 0.317181
0 0.792952 0.277533 0.784141 0.277533 0.775330 0.286344 0.775330 0.299559 0.770925 0.303965 0.770925 0.308370 0.775330 0.312775 0.784141 0.312775 0.801762 0.295154 0.801762 0.286344
0 0.088106 0.281938 0.066079 0.321586 0.079295 0.330396 0.079295 0.348018 0.057269 0.361233 0.092511 0.396476 0.061674 0.436123 0.026432 0.405286 0.026432 0.422908 0.000000 0.444934 0.044053 0.436123 0.096916 0.453745 0.118943 0.449339 0.220264 0.502203 0.264317 0.502203 0.343612 0.524229 0.383260 0.515419 0.387665 0.528634 0.370044 0.541850 0.409692 0.563877 0.537445 0.678414 0.537445 0.700441 0.581498 0.726872 0.577093 0.744493 0.555066 0.744493 0.524229 0.770925 0.511013 0.806167 0.519824 0.823789 0.559471 0.757709 0.581498 0.744493 0.634361 0.792952 0.647577 0.784141 0.726872 0.828194 0.823789 0.911894 0.828194 0.925110 0.806167 0.947137 0.819383 0.969163 0.872247 0.933921 0.964758 0.995595 0.995595 0.995595 0.995595 0.964758 0.977974 0.955947 0.995595 0.929515 0.969163 0.898678 0.973568 0.933921 0.960352 0.942731 0.889868 0.903084 0.859031 0.911894 0.867841 0.925110 0.845815 0.938326 0.828194 0.929515 0.845815 0.911894 0.832599 0.863436 0.854626 0.850220 0.814978 0.832599 0.722467 0.731278 0.638767 0.691630 0.625551 0.651982 0.651982 0.621145 0.647577 0.603524 0.541850 0.638767 0.352423 0.471366 0.229075 0.466960 0.158590 0.436123 0.088106 0.370044 0.088106 0.348018 0.123348 0.295154 0.127753 0.268722 0.118943 0.259912
0 0.312775 0.242291 0.308370 0.242291 0.303965 0.246696 0.303965 0.255507 0.308370 0.259912 0.308370 0.273128 0.303965 0.277533 0.303965 0.281938 0.299559 0.286344 0.299559 0.303965 0.303965 0.308370 0.312775 0.308370 0.321586 0.299559 0.321586 0.286344 0.325991 0.281938 0.312775 0.268722 0.312775 0.255507 0.317181 0.251101 0.317181 0.246696
0 0.898678 0.237885 0.894273 0.242291 0.885463 0.242291 0.881057 0.246696 0.876652 0.246696 0.863436 0.259912 0.863436 0.273128 0.872247 0.281938 0.881057 0.273128 0.881057 0.268722 0.889868 0.259912 0.894273 0.259912 0.907489 0.246696
0 0.770925 0.233480 0.762115 0.224670 0.757709 0.224670 0.753304 0.229075 0.744493 0.229075 0.740088 0.233480 0.740088 0.242291 0.735683 0.246696 0.735683 0.251101 0.740088 0.255507 0.753304 0.255507 0.757709 0.251101 0.762115 0.251101 0.766520 0.246696 0.766520 0.242291 0.770925 0.237885
0 0.572687 0.224670 0.568282 0.224670 0.563877 0.229075 0.559471 0.229075 0.555066 0.233480 0.555066 0.237885 0.541850 0.251101 0.541850 0.259912 0.537445 0.264317 0.537445 0.268722 0.546256 0.277533 0.563877 0.259912 0.563877 0.255507 0.581498 0.237885 0.577093 0.233480 0.577093 0.229075
0 0.493392 0.220264 0.488987 0.224670 0.480176 0.224670 0.475771 0.229075 0.475771 0.233480 0.471366 0.237885 0.471366 0.251101 0.480176 0.259912 0.488987 0.251101 0.493392 0.251101 0.497797 0.246696 0.497797 0.224670
0 0.273128 0.207048 0.277533 0.211454 0.281938 0.211454 0.286344 0.215859 0.290749 0.211454 0.303965 0.211454 0.312775 0.202643 0.303965 0.193833 0.295154 0.193833 0.290749 0.189427 0.286344 0.189427 0.273128 0.202643
0 0.700441 0.185022 0.691630 0.193833 0.687225 0.193833 0.678414 0.202643 0.674009 0.202643 0.669604 0.207048 0.665198 0.207048 0.656388 0.215859 0.656388 0.224670 0.651982 0.229075 0.651982 0.255507 0.638767 0.268722 0.634361 0.268722 0.616740 0.286344 0.616740 0.290749 0.621145 0.295154 0.625551 0.295154 0.629956 0.299559 0.643172 0.286344 0.647577 0.286344 0.665198 0.268722 0.665198 0.259912 0.669604 0.255507 0.669604 0.242291 0.678414 0.233480 0.678414 0.229075 0.691630 0.215859 0.696035 0.215859 0.713656 0.198238
0 0.418502 0.180617 0.414097 0.176211 0.409692 0.180617 0.396476 0.180617 0.392070 0.176211 0.387665 0.176211 0.383260 0.180617 0.378855 0.180617 0.370044 0.189427 0.365639 0.189427 0.361233 0.193833 0.352423 0.193833 0.339207 0.207048 0.339207 0.211454 0.334802 0.215859 0.334802 0.224670 0.339207 0.229075 0.343612 0.229075 0.370044 0.202643 0.374449 0.202643 0.378855 0.198238 0.400881 0.198238 0.405286 0.193833 0.409692 0.193833 0.418502 0.185022
0 0.229075 0.180617 0.224670 0.176211 0.215859 0.176211 0.211454 0.180617 0.207048 0.180617 0.185022 0.202643 0.180617 0.202643 0.176211 0.207048 0.171806 0.207048 0.162996 0.215859 0.162996 0.224670 0.167401 0.229075 0.176211 0.229075 0.180617 0.224670 0.185022 0.224670 0.189427 0.220264 0.193833 0.220264 0.198238 0.215859 0.202643 0.215859 0.211454 0.207048 0.215859 0.207048 0.220264 0.202643 0.220264 0.198238 0.224670 0.193833 0.224670 0.189427 0.229075 0.185022
0 0.444934 0.176211 0.458150 0.189427 0.462555 0.185022 0.471366 0.185022 0.484582 0.171806 0.488987 0.171806 0.493392 0.167401 0.493392 0.162996 0.488987 0.158590 0.484582 0.162996 0.475771 0.162996 0.471366 0.158590 0.462555 0.158590 0.458150 0.162996 0.453745 0.162996 0.444934 0.171806
0 0.145374 0.140969 0.140969 0.140969 0.136564 0.145374 0.136564 0.171806 0.123348 0.185022 0.123348 0.189427 0.118943 0.193833 0.118943 0.202643 0.123348 0.207048 0.127753 0.202643 0.132159 0.202643 0.136564 0.198238 0.136564 0.193833 0.145374 0.185022 0.140969 0.180617 0.140969 0.171806 0.145374 0.167401 0.149780 0.167401 0.154185 0.162996 0.154185 0.149780
0 0.995595 0.118943 0.991189 0.118943 0.986784 0.114537 0.982379 0.114537 0.977974 0.110132 0.969163 0.110132 0.964758 0.114537 0.964758 0.118943 0.951542 0.132159 0.947137 0.132159 0.933921 0.145374 0.933921 0.154185 0.938326 0.158590 0.947137 0.158590 0.973568 0.132159 0.977974 0.132159 0.986784 0.123348 0.991189 0.123348
0 0.048458 0.101322 0.044053 0.105727 0.039648 0.105727 0.030837 0.114537 0.030837 0.127753 0.035242 0.132159 0.035242 0.136564 0.039648 0.140969 0.048458 0.140969 0.052863 0.136564 0.052863 0.132159 0.057269 0.127753 0.057269 0.114537 0.052863 0.110132 0.052863 0.105727
0 0.572687 0.088106 0.572687 0.096916 0.585903 0.110132 0.585903 0.123348 0.577093 0.132159 0.577093 0.136564 0.581498 0.140969 0.585903 0.140969 0.590308 0.145374 0.599119 0.145374 0.603524 0.149780 0.607930 0.149780 0.612335 0.154185 0.643172 0.154185 0.656388 0.140969 0.660793 0.140969 0.665198 0.136564 0.674009 0.136564 0.682819 0.127753 0.682819 0.123348 0.678414 0.118943 0.660793 0.118943 0.647577 0.132159 0.643172 0.132159 0.638767 0.136564 0.612335 0.136564 0.607930 0.132159 0.603524 0.132159 0.599119 0.127753 0.594714 0.127753 0.585903 0.118943 0.585903 0.110132 0.599119 0.096916 0.599119 0.083700 0.603524 0.079295 0.607930 0.079295 0.616740 0.070485 0.616740 0.066079 0.612335 0.061674 0.599119 0.061674 0.585903 0.074890 0.585903 0.079295 0.581498 0.083700 0.577093 0.083700
0 0.867841 0.035242 0.863436 0.035242 0.859031 0.039648 0.854626 0.039648 0.850220 0.044053 0.850220 0.048458 0.863436 0.061674 0.863436 0.088106 0.854626 0.096916 0.850220 0.096916 0.845815 0.101322 0.841410 0.101322 0.837004 0.105727 0.837004 0.114537 0.814978 0.136564 0.814978 0.145374 0.810573 0.149780 0.810573 0.167401 0.814978 0.171806 0.823789 0.171806 0.832599 0.162996 0.832599 0.145374 0.837004 0.140969 0.837004 0.136564 0.841410 0.132159 0.841410 0.127753 0.859031 0.110132 0.859031 0.105727 0.863436 0.101322 0.863436 0.096916 0.867841 0.092511 0.867841 0.079295 0.872247 0.074890 0.867841 0.070485 0.867841 0.057269 0.872247 0.052863 0.872247 0.048458 0.876652 0.044053 0.876652 0.039648 0.872247 0.039648
0 0.105727 0.035242 0.101322 0.035242 0.092511 0.044053 0.088106 0.044053 0.083700 0.048458 0.079295 0.048458 0.074890 0.052863 0.074890 0.066079 0.079295 0.070485 0.092511 0.070485 0.096916 0.066079 0.096916 0.061674 0.101322 0.057269 0.101322 0.044053 0.105727 0.039648
0 0.277533 0.030837 0.264317 0.044053 0.264317 0.048458 0.259912 0.052863 0.259912 0.057269 0.268722 0.066079 0.273128 0.061674 0.277533 0.061674 0.290749 0.048458 0.290749 0.039648 0.286344 0.035242 0.281938 0.035242
0 0.541850 0.026432 0.528634 0.039648 0.528634 0.044053 0.524229 0.048458 0.524229 0.057269 0.533040 0.066079 0.537445 0.066079 0.546256 0.057269 0.546256 0.052863 0.550661 0.048458 0.550661 0.035242
0 0.215859 0.026432 0.198238 0.026432 0.193833 0.030837 0.193833 0.035242 0.185022 0.044053 0.180617 0.044053 0.176211 0.048458 0.171806 0.048458 0.154185 0.066079 0.158590 0.070485 0.158590 0.079295 0.167401 0.088106 0.167401 0.101322 0.171806 0.105727 0.171806 0.114537 0.176211 0.118943 0.180617 0.118943 0.185022 0.114537 0.189427 0.114537 0.193833 0.110132 0.180617 0.096916 0.176211 0.096916 0.167401 0.088106 0.167401 0.074890 0.171806 0.070485 0.176211 0.070485 0.189427 0.057269 0.193833 0.057269 0.198238 0.052863 0.202643 0.052863 0.207048 0.048458 0.211454 0.048458 0.220264 0.039648 0.220264 0.030837
0 0.933921 0.000000 0.911894 0.000000 0.911894 0.013216 0.907489 0.017621 0.903084 0.017621 0.894273 0.026432 0.894273 0.030837 0.898678 0.035242 0.907489 0.035242 0.920705 0.022026 0.925110 0.022026 0.929515 0.017621 0.929515 0.013216 0.933921 0.008811
0 0.797357 0.000000 0.797357 0.004405 0.770925 0.030837 0.766520 0.030837 0.762115 0.035242 0.757709 0.035242 0.748899 0.044053 0.748899 0.052863 0.744493 0.057269 0.740088 0.057269 0.735683 0.061674 0.731278 0.057269 0.726872 0.057269 0.722467 0.061674 0.722467 0.070485 0.731278 0.079295 0.731278 0.083700 0.740088 0.092511 0.744493 0.092511 0.748899 0.088106 0.748899 0.083700 0.740088 0.074890 0.740088 0.061674 0.744493 0.057269 0.748899 0.057269 0.753304 0.052863 0.766520 0.052863 0.797357 0.022026 0.797357 0.017621 0.801762 0.013216 0.801762 0.008811 0.797357 0.004405
