0 0.431718 0.951542 0.427313 0.955947 0.431718 0.960352 0.431718 0.977974 0.444934 0.991189 0.444934 0.995595 0.466960 0.995595 0.449339 0.977974 0.449339 0.955947 0.440529 0.947137 0.436123 0.951542
0 0.995595 0.933921 0.991189 0.933921 0.986784 0.938326 0.982379 0.938326 0.977974 0.942731 0.973568 0.942731 0.969163 0.947137 0.964758 0.942731 0.960352 0.942731 0.955947 0.938326 0.955947 0.925110 0.960352 0.920705 0.955947 0.916300 0.951542 0.920705 0.942731 0.920705 0.933921 0.929515 0.938326 0.933921 0.942731 0.933921 0.947137 0.938326 0.951542 0.938326 0.955947 0.942731 0.955947 0.955947 0.938326 0.973568 0.933921 0.973568 0.929515 0.977974 0.925110 0.977974 0.916300 0.986784 0.916300 0.995595 0.942731 0.995595 0.942731 0.982379 0.964758 0.960352 0.969163 0.960352 0.973568 0.955947 0.977974 0.960352 0.982379 0.960352 0.986784 0.964758 0.986784 0.969163 0.991189 0.973568 0.995595 0.973568
0 0.312775 0.933921 0.312775 0.938326 0.317181 0.942731 0.321586 0.942731 0.325991 0.938326 0.330396 0.942731 0.334802 0.938326 0.348018 0.938326 0.352423 0.942731 0.356828 0.942731 0.361233 0.947137 0.387665 0.947137 0.392070 0.942731 0.387665 0.938326 0.370044 0.938326 0.365639 0.933921 0.361233 0.933921 0.352423 0.925110 0.352423 0.920705 0.348018 0.916300 0.334802 0.916300 0.325991 0.925110 0.321586 0.925110
0 0.242291 0.907489 0.237885 0.911894 0.237885 0.942731 0.229075 0.951542 0.229075 0.960352 0.237885 0.969163 0.237885 0.995595 0.255507 0.995595 0.255507 0.982379 0.251101 0.977974 0.251101 0.973568 0.246696 0.969163 0.246696 0.938326 0.251101 0.933921 0.251101 0.925110 0.255507 0.920705 0.255507 0.911894 0.251101 0.907489
0 0.176211 0.907489 0.171806 0.911894 0.171806 0.916300 0.167401 0.920705 0.162996 0.920705 0.158590 0.925110 0.158590 0.951542 0.162996 0.951542 0.171806 0.960352 0.176211 0.960352 0.189427 0.973568 0.198238 0.964758 0.176211 0.942731 0.176211 0.938326 0.171806 0.933921 0.171806 0.925110 0.180617 0.916300 0.180617 0.911894
0 0.057269 0.907489 0.052863 0.907489 0.048458 0.911894 0.048458 0.916300 0.052863 0.920705 0.052863 0.933921 0.048458 0.938326 0.048458 0.942731 0.044053 0.947137 0.039648 0.947137 0.035242 0.951542 0.022026 0.951542 0.017621 0.955947 0.017621 0.960352 0.022026 0.964758 0.026432 0.960352 0.030837 0.960352 0.035242 0.964758 0.048458 0.964758 0.066079 0.947137 0.066079 0.942731 0.070485 0.938326 0.066079 0.933921 0.066079 0.929515 0.061674 0.925110 0.061674 0.911894
0 0.488987 0.898678 0.484582 0.903084 0.484582 0.907489 0.480176 0.911894 0.480176 0.920705 0.471366 0.929515 0.475771 0.933921 0.480176 0.933921 0.488987 0.942731 0.488987 0.951542 0.484582 0.955947 0.484582 0.960352 0.475771 0.969163 0.480176 0.973568 0.484582 0.969163 0.488987 0.969163 0.493392 0.964758 0.497797 0.964758 0.506608 0.955947 0.506608 0.951542 0.502203 0.947137 0.497797 0.947137 0.493392 0.942731 0.488987 0.942731 0.484582 0.938326 0.484582 0.925110 0.488987 0.920705 0.488987 0.916300 0.493392 0.911894 0.493392 0.903084
0 0.766520 0.881057 0.762115 0.885463 0.762115 0.911894 0.757709 0.916300 0.757709 0.933921 0.762115 0.938326 0.766520 0.938326 0.770925 0.942731 0.775330 0.942731 0.779736 0.938326 0.779736 0.885463 0.775330 0.881057
0 0.449339 0.872247 0.444934 0.876652 0.444934 0.889868 0.449339 0.894273 0.466960 0.894273 0.471366 0.889868 0.471366 0.881057 0.462555 0.872247
0 0.022026 0.845815 0.017621 0.850220 0.017621 0.872247 0.030837 0.885463 0.035242 0.881057 0.035242 0.854626 0.026432 0.845815
0 0.643172 0.832599 0.638767 0.837004 0.638767 0.841410 0.634361 0.845815 0.634361 0.859031 0.643172 0.867841 0.647577 0.863436 0.651982 0.863436 0.660793 0.854626 0.660793 0.850220
0 0.528634 0.841410 0.528634 0.845815 0.533040 0.850220 0.537445 0.850220 0.541850 0.854626 0.541850 0.863436 0.546256 0.867841 0.550661 0.867841 0.555066 0.872247 0.572687 0.872247 0.577093 0.867841 0.577093 0.863436 0.585903 0.854626 0.590308 0.854626 0.594714 0.850220 0.599119 0.854626 0.603524 0.854626 0.607930 0.850220 0.607930 0.845815 0.603524 0.841410 0.590308 0.841410 0.585903 0.845815 0.585903 0.850220 0.581498 0.854626 0.577093 0.854626 0.572687 0.859031 0.568282 0.854626 0.563877 0.854626 0.559471 0.850220 0.555066 0.850220 0.537445 0.832599
0 0.348018 0.832599 0.343612 0.828194 0.334802 0.828194 0.325991 0.837004 0.325991 0.841410 0.317181 0.850220 0.312775 0.850220 0.308370 0.854626 0.299559 0.854626 0.295154 0.850220 0.290749 0.850220 0.286344 0.845815 0.277533 0.854626 0.277533 0.859031 0.281938 0.863436 0.286344 0.859031 0.290749 0.859031 0.295154 0.854626 0.299559 0.859031 0.303965 0.859031 0.312775 0.867841 0.317181 0.863436 0.321586 0.863436 0.334802 0.850220 0.334802 0.845815
0 0.233480 0.806167 0.224670 0.814978 0.224670 0.828194 0.233480 0.837004 0.237885 0.832599 0.242291 0.832599 0.251101 0.823789 0.251101 0.814978 0.246696 0.810573 0.237885 0.810573
0 0.660793 0.762115 0.656388 0.766520 0.656388 0.770925 0.651982 0.775330 0.651982 0.784141 0.660793 0.792952 0.665198 0.792952 0.674009 0.784141 0.674009 0.770925 0.665198 0.762115
0 0.149780 0.762115 0.145374 0.757709 0.140969 0.757709 0.132159 0.766520 0.132159 0.770925 0.127753 0.775330 0.127753 0.788546 0.123348 0.792952 0.118943 0.792952 0.114537 0.797357 0.110132 0.797357 0.105727 0.792952 0.088106 0.792952 0.083700 0.797357 0.079295 0.797357 0.074890 0.801762 0.074890 0.806167 0.066079 0.814978 0.061674 0.814978 0.057269 0.819383 0.052863 0.814978 0.048458 0.819383 0.052863 0.823789 0.061674 0.814978 0.066079 0.814978 0.070485 0.810573 0.074890 0.814978 0.079295 0.814978 0.083700 0.810573 0.096916 0.810573 0.101322 0.814978 0.105727 0.810573 0.110132 0.810573 0.118943 0.801762 0.118943 0.797357 0.127753 0.788546 0.132159 0.788546 0.136564 0.784141 0.140969 0.788546 0.145374 0.784141 0.145374 0.766520
0 0.079295 0.753304 0.074890 0.753304 0.070485 0.757709 0.066079 0.753304 0.061674 0.757709 0.048458 0.757709 0.035242 0.770925 0.035242 0.779736 0.039648 0.784141 0.048458 0.784141 0.052863 0.779736 0.057269 0.779736 0.066079 0.770925 0.070485 0.770925 0.079295 0.762115
0 0.237885 0.740088 0.233480 0.735683 0.229075 0.735683 0.224670 0.740088 0.224670 0.744493 0.220264 0.748899 0.215859 0.748899 0.211454 0.753304 0.202643 0.753304 0.198238 0.748899 0.185022 0.748899 0.176211 0.757709 0.185022 0.766520 0.193833 0.766520 0.202643 0.757709 0.207048 0.757709 0.211454 0.753304 0.215859 0.753304 0.220264 0.757709 0.224670 0.757709 0.229075 0.762115 0.233480 0.757709 0.233480 0.753304 0.237885 0.748899
0 0.396476 0.731278 0.396476 0.748899 0.392070 0.753304 0.392070 0.770925 0.396476 0.775330 0.400881 0.775330 0.405286 0.779736 0.409692 0.779736 0.414097 0.784141 0.414097 0.797357 0.409692 0.801762 0.409692 0.806167 0.405286 0.810573 0.409692 0.814978 0.414097 0.814978 0.418502 0.810573 0.418502 0.806167 0.422908 0.801762 0.427313 0.801762 0.431718 0.797357 0.436123 0.801762 0.440529 0.801762 0.453745 0.814978 0.466960 0.814978 0.480176 0.801762 0.480176 0.797357 0.484582 0.792952 0.488987 0.792952 0.493392 0.788546 0.506608 0.788546 0.511013 0.784141 0.511013 0.775330 0.506608 0.770925 0.497797 0.770925 0.493392 0.775330 0.493392 0.779736 0.488987 0.784141 0.484582 0.784141 0.480176 0.788546 0.475771 0.788546 0.471366 0.784141 0.462555 0.784141 0.458150 0.788546 0.453745 0.788546 0.449339 0.792952 0.444934 0.792952 0.440529 0.797357 0.436123 0.797357 0.431718 0.792952 0.427313 0.792952 0.422908 0.788546 0.418502 0.788546 0.409692 0.779736 0.409692 0.753304 0.414097 0.748899 0.418502 0.748899 0.422908 0.744493 0.427313 0.744493 0.431718 0.740088 0.422908 0.731278 0.414097 0.731278 0.409692 0.726872 0.400881 0.726872
0 0.334802 0.718062 0.330396 0.713656 0.325991 0.718062 0.325991 0.726872 0.321586 0.731278 0.317181 0.731278 0.312775 0.735683 0.290749 0.735683 0.286344 0.740088 0.286344 0.748899 0.290749 0.753304 0.295154 0.753304 0.299559 0.748899 0.303965 0.753304 0.312775 0.753304 0.317181 0.748899 0.321586 0.748899 0.325991 0.744493 0.325991 0.731278 0.334802 0.722467
0 0.819383 0.674009 0.823789 0.678414 0.823789 0.691630 0.828194 0.696035 0.850220 0.696035 0.854626 0.700441 0.863436 0.700441 0.867841 0.704846 0.894273 0.704846 0.898678 0.709251 0.903084 0.709251 0.907489 0.713656 0.911894 0.713656 0.925110 0.726872 0.925110 0.731278 0.938326 0.744493 0.942731 0.740088 0.947137 0.740088 0.951542 0.735683 0.955947 0.740088 0.960352 0.740088 0.964758 0.744493 0.969163 0.744493 0.982379 0.757709 0.982379 0.762115 0.991189 0.770925 0.995595 0.770925 0.995595 0.722467 0.991189 0.718062 0.986784 0.718062 0.982379 0.713656 0.982379 0.709251 0.964758 0.691630 0.951542 0.691630 0.947137 0.687225 0.942731 0.687225 0.925110 0.669604 0.916300 0.669604 0.911894 0.674009 0.903084 0.674009 0.898678 0.678414 0.898678 0.687225 0.894273 0.691630 0.889868 0.691630 0.885463 0.696035 0.876652 0.696035 0.872247 0.691630 0.859031 0.691630 0.854626 0.687225 0.850220 0.687225 0.845815 0.682819 0.841410 0.682819 0.837004 0.678414 0.832599 0.678414 0.823789 0.669604
0 0.118943 0.634361 0.118943 0.647577 0.105727 0.660793 0.105727 0.674009 0.118943 0.687225 0.123348 0.687225 0.127753 0.691630 0.127753 0.700441 0.118943 0.709251 0.114537 0.709251 0.110132 0.713656 0.101322 0.713656 0.096916 0.718062 0.092511 0.718062 0.088106 0.722467 0.088106 0.726872 0.083700 0.731278 0.083700 0.744493 0.088106 0.744493 0.092511 0.740088 0.101322 0.740088 0.105727 0.744493 0.110132 0.744493 0.114537 0.748899 0.123348 0.740088 0.114537 0.731278 0.114537 0.722467 0.118943 0.718062 0.123348 0.718062 0.127753 0.713656 0.132159 0.713656 0.136564 0.709251 0.145374 0.709251 0.149780 0.704846 0.154185 0.704846 0.162996 0.696035 0.162996 0.691630 0.167401 0.687225 0.167401 0.682819 0.154185 0.669604 0.149780 0.669604 0.136564 0.656388 0.136564 0.647577 0.127753 0.638767 0.123348 0.638767
0 0.682819 0.612335 0.682819 0.621145 0.691630 0.629956 0.696035 0.629956 0.700441 0.625551 0.713656 0.625551 0.718062 0.629956 0.722467 0.629956 0.726872 0.634361 0.735683 0.634361 0.740088 0.638767 0.744493 0.638767 0.744493 0.629956 0.748899 0.625551 0.748899 0.621145 0.753304 0.616740 0.744493 0.607930 0.740088 0.612335 0.722467 0.612335 0.718062 0.607930 0.713656 0.612335 0.709251 0.607930 0.687225 0.607930
0 0.026432 0.625551 0.035242 0.634361 0.039648 0.634361 0.044053 0.629956 0.074890 0.629956 0.079295 0.625551 0.074890 0.621145 0.070485 0.621145 0.066079 0.616740 0.061674 0.616740 0.057269 0.612335 0.052863 0.612335 0.048458 0.607930 0.044053 0.607930
0 0.303965 0.599119 0.295154 0.590308 0.290749 0.594714 0.286344 0.594714 0.268722 0.612335 0.264317 0.612335 0.259912 0.616740 0.259912 0.625551 0.264317 0.629956 0.268722 0.629956 0.277533 0.621145 0.281938 0.621145 0.290749 0.612335 0.295154 0.612335 0.303965 0.603524
0 0.193833 0.541850 0.189427 0.546256 0.189427 0.559471 0.193833 0.563877 0.193833 0.568282 0.202643 0.577093 0.202643 0.585903 0.198238 0.590308 0.198238 0.603524 0.193833 0.607930 0.193833 0.612335 0.198238 0.616740 0.207048 0.616740 0.215859 0.607930 0.215859 0.599119 0.202643 0.585903 0.202643 0.577093 0.207048 0.572687 0.211454 0.572687 0.215859 0.568282 0.215859 0.563877
0 0.127753 0.502203 0.123348 0.502203 0.118943 0.506608 0.118943 0.519824 0.136564 0.537445 0.136564 0.559471 0.132159 0.563877 0.127753 0.563877 0.123348 0.568282 0.118943 0.568282 0.114537 0.563877 0.110132 0.568282 0.110132 0.581498 0.114537 0.585903 0.118943 0.585903 0.123348 0.581498 0.127753 0.581498 0.136564 0.572687 0.140969 0.572687 0.145374 0.568282 0.149780 0.568282 0.154185 0.563877 0.154185 0.550661 0.140969 0.537445 0.140969 0.524229 0.132159 0.515419 0.132159 0.506608
0 0.969163 0.519824 0.964758 0.515419 0.960352 0.515419 0.955947 0.511013 0.955947 0.506608 0.951542 0.502203 0.951542 0.497797 0.947137 0.493392 0.929515 0.493392 0.925110 0.497797 0.929515 0.502203 0.929515 0.511013 0.920705 0.519824 0.916300 0.519824 0.911894 0.524229 0.907489 0.519824 0.903084 0.519824 0.898678 0.515419 0.894273 0.519824 0.889868 0.519824 0.885463 0.524229 0.876652 0.524229 0.867841 0.533040 0.867841 0.537445 0.863436 0.541850 0.859031 0.541850 0.854626 0.546256 0.850220 0.546256 0.845815 0.550661 0.845815 0.555066 0.850220 0.559471 0.863436 0.559471 0.881057 0.541850 0.885463 0.541850 0.889868 0.537445 0.898678 0.537445 0.903084 0.533040 0.907489 0.533040 0.916300 0.524229 0.920705 0.524229 0.925110 0.519824 0.929515 0.524229 0.933921 0.524229 0.938326 0.528634 0.955947 0.528634 0.960352 0.524229 0.964758 0.524229
0 0.519824 0.493392 0.528634 0.502203 0.533040 0.502203 0.537445 0.506608 0.541850 0.506608 0.546256 0.511013 0.550661 0.511013 0.555066 0.515419 0.555066 0.519824 0.559471 0.524229 0.568282 0.524229 0.572687 0.519824 0.577093 0.519824 0.581498 0.524229 0.585903 0.524229 0.590308 0.528634 0.594714 0.528634 0.599119 0.524229 0.599119 0.519824 0.594714 0.515419 0.585903 0.515419 0.581498 0.511013 0.572687 0.511013 0.568282 0.506608 0.563877 0.506608 0.555066 0.497797 0.550661 0.502203 0.546256 0.497797 0.541850 0.497797 0.537445 0.493392 0.533040 0.493392 0.528634 0.488987 0.524229 0.488987
0 0.237885 0.497797 0.233480 0.493392 0.229075 0.493392 0.224670 0.488987 0.220264 0.493392 0.215859 0.488987 0.202643 0.502203 0.202643 0.506608 0.198238 0.511013 0.198238 0.515419 0.207048 0.524229 0.211454 0.519824 0.215859 0.519824 0.220264 0.515419 0.224670 0.515419 0.237885 0.502203
0 0.030837 0.466960 0.026432 0.471366 0.022026 0.471366 0.017621 0.475771 0.022026 0.480176 0.026432 0.480176 0.030837 0.484582 0.039648 0.484582 0.044053 0.480176 0.048458 0.484582 0.052863 0.484582 0.057269 0.488987 0.057269 0.506608 0.044053 0.519824 0.048458 0.524229 0.052863 0.524229 0.074890 0.502203 0.074890 0.493392 0.070485 0.488987 0.070485 0.480176 0.061674 0.471366 0.057269 0.471366 0.052863 0.466960
0 0.854626 0.453745 0.850220 0.458150 0.850220 0.466960 0.854626 0.471366 0.859031 0.471366 0.863436 0.475771 0.863436 0.480176 0.872247 0.488987 0.881057 0.488987 0.889868 0.480176 0.872247 0.462555 0.867841 0.462555 0.863436 0.458150 0.859031 0.458150
0 0.638767 0.502203 0.643172 0.511013 0.660793 0.511013 0.665198 0.506608 0.687225 0.506608 0.691630 0.511013 0.700441 0.511013 0.713656 0.519824 0.713656 0.541850 0.709251 0.546256 0.713656 0.550661 0.731278 0.550661 0.735683 0.546256 0.757709 0.546256 0.775330 0.555066 0.797357 0.577093 0.797357 0.581498 0.810573 0.594714 0.810573 0.599119 0.823789 0.612335 0.823789 0.616740 0.841410 0.638767 0.850220 0.634361 0.859031 0.638767 0.867841 0.651982 0.876652 0.651982 0.881057 0.656388 0.898678 0.643172 0.889868 0.634361 0.863436 0.621145 0.863436 0.612335 0.867841 0.607930 0.859031 0.599119 0.845815 0.599119 0.841410 0.603524 0.828194 0.599119 0.823789 0.594714 0.828194 0.572687 0.819383 0.568282 0.801762 0.550661 0.792952 0.555066 0.775330 0.541850 0.775330 0.515419 0.784141 0.506608 0.784141 0.497797 0.797357 0.480176 0.797357 0.462555 0.806167 0.444934 0.801762 0.436123 0.792952 0.453745 0.775330 0.462555 0.770925 0.471366 0.744493 0.497797 0.744493 0.506608 0.757709 0.502203 0.770925 0.511013 0.770925 0.524229 0.757709 0.533040 0.744493 0.528634 0.740088 0.524229 0.740088 0.515419 0.726872 0.524229 0.713656 0.519824 0.709251 0.515419 0.709251 0.506608 0.713656 0.497797 0.700441 0.488987 0.687225 0.488987 0.682819 0.493392 0.674009 0.493392 0.669604 0.488987 0.656388 0.488987
0 0.933921 0.392070 0.933921 0.396476 0.942731 0.405286 0.947137 0.400881 0.951542 0.400881 0.955947 0.405286 0.960352 0.405286 0.964758 0.409692 0.964758 0.418502 0.969163 0.422908 0.977974 0.422908 0.982379 0.418502 0.986784 0.418502 0.991189 0.414097 0.995595 0.414097 0.995595 0.405286 0.991189 0.409692 0.986784 0.405286 0.973568 0.405286 0.969163 0.409692 0.964758 0.405286 0.960352 0.405286 0.955947 0.400881 0.955947 0.392070 0.951542 0.387665 0.938326 0.387665
0 0.546256 0.387665 0.550661 0.392070 0.563877 0.392070 0.568282 0.396476 0.577093 0.396476 0.581498 0.392070 0.585903 0.392070 0.590308 0.387665 0.594714 0.387665 0.599119 0.392070 0.603524 0.392070 0.612335 0.400881 0.616740 0.396476 0.616740 0.387665 0.621145 0.383260 0.612335 0.374449 0.577093 0.374449 0.572687 0.378855 0.555066 0.378855
0 0.907489 0.378855 0.903084 0.374449 0.903084 0.365639 0.898678 0.361233 0.885463 0.361233 0.881057 0.365639 0.876652 0.365639 0.872247 0.370044 0.867841 0.370044 0.859031 0.378855 0.854626 0.378855 0.850220 0.383260 0.850220 0.387665 0.854626 0.392070 0.859031 0.392070 0.867841 0.383260 0.872247 0.383260 0.876652 0.378855 0.881057 0.378855 0.885463 0.383260 0.903084 0.383260
0 0.506608 0.348018 0.502203 0.348018 0.497797 0.352423 0.497797 0.378855 0.493392 0.383260 0.488987 0.383260 0.484582 0.387665 0.475771 0.387665 0.466960 0.396476 0.471366 0.400881 0.475771 0.396476 0.480176 0.396476 0.484582 0.392070 0.497797 0.392070 0.511013 0.378855 0.511013 0.374449 0.515419 0.370044 0.515419 0.365639 0.511013 0.361233 0.511013 0.352423
0 0.920705 0.348018 0.925110 0.352423 0.929515 0.348018 0.933921 0.352423 0.942731 0.352423 0.947137 0.348018 0.955947 0.348018 0.960352 0.343612 0.964758 0.343612 0.964758 0.339207 0.960352 0.339207 0.955947 0.334802 0.929515 0.334802 0.925110 0.339207 0.925110 0.343612
0 0.621145 0.330396 0.625551 0.334802 0.629956 0.334802 0.634361 0.339207 0.638767 0.339207 0.643172 0.343612 0.647577 0.343612 0.651982 0.339207 0.656388 0.339207 0.660793 0.334802 0.665198 0.334802 0.669604 0.330396 0.674009 0.334802 0.678414 0.334802 0.682819 0.339207 0.687225 0.339207 0.691630 0.343612 0.696035 0.343612 0.700441 0.339207 0.700441 0.334802 0.696035 0.330396 0.682819 0.330396 0.678414 0.334802 0.674009 0.334802 0.669604 0.330396 0.665198 0.330396 0.660793 0.325991 0.656388 0.330396 0.651982 0.325991 0.647577 0.325991 0.643172 0.321586 0.629956 0.321586
0 0.559471 0.299559 0.555066 0.295154 0.550661 0.295154 0.546256 0.290749 0.541850 0.290749 0.537445 0.295154 0.519824 0.295154 0.511013 0.303965 0.511013 0.308370 0.515419 0.312775 0.515419 0.317181 0.519824 0.321586 0.528634 0.321586 0.533040 0.317181 0.537445 0.317181 0.541850 0.312775 0.546256 0.312775
0 0.268722 0.312775 0.268722 0.317181 0.273128 0.321586 0.277533 0.317181 0.281938 0.317181 0.286344 0.321586 0.290749 0.321586 0.295154 0.325991 0.303965 0.325991 0.308370 0.330396 0.339207 0.330396 0.348018 0.321586 0.348018 0.308370 0.352423 0.303965 0.352423 0.299559 0.343612 0.290749 0.343612 0.281938 0.334802 0.273128 0.299559 0.273128 0.295154 0.277533 0.308370 0.290749 0.312775 0.290749 0.317181 0.286344 0.325991 0.286344 0.330396 0.290749 0.334802 0.290749 0.339207 0.295154 0.339207 0.312775 0.334802 0.317181 0.330396 0.317181 0.325991 0.321586 0.308370 0.321586 0.303965 0.317181 0.299559 0.317181 0.295154 0.312775 0.290749 0.312775 0.281938 0.303965 0.277533 0.303965
0 0.000000 0.193833 0.000000 0.246696 0.026432 0.268722 0.022026 0.286344 0.000000 0.290749 0.000000 0.312775 0.039648 0.352423 0.061674 0.348018 0.079295 0.365639 0.096916 0.356828 0.114537 0.378855 0.189427 0.396476 0.202643 0.418502 0.176211 0.444934 0.189427 0.458150 0.211454 0.431718 0.237885 0.444934 0.246696 0.471366 0.264317 0.466960 0.295154 0.493392 0.281938 0.524229 0.330396 0.519824 0.374449 0.555066 0.400881 0.555066 0.405286 0.568282 0.392070 0.577093 0.418502 0.599119 0.444934 0.590308 0.475771 0.599119 0.471366 0.634361 0.418502 0.629956 0.449339 0.656388 0.475771 0.643172 0.493392 0.674009 0.511013 0.638767 0.546256 0.634361 0.594714 0.678414 0.572687 0.704846 0.607930 0.713656 0.629956 0.740088 0.647577 0.735683 0.669604 0.748899 0.700441 0.726872 0.713656 0.735683 0.704846 0.770925 0.722467 0.757709 0.788546 0.762115 0.797357 0.779736 0.740088 0.828194 0.748899 0.841410 0.770925 0.828194 0.775330 0.801762 0.854626 0.770925 0.894273 0.801762 0.942731 0.784141 0.995595 0.814978 0.964758 0.784141 0.929515 0.775330 0.885463 0.744493 0.850220 0.744493 0.810573 0.762115 0.770925 0.731278 0.704846 0.722467 0.665198 0.700441 0.638767 0.704846 0.625551 0.678414 0.651982 0.665198 0.621145 0.651982 0.590308 0.607930 0.541850 0.577093 0.537445 0.546256 0.511013 0.550661 0.511013 0.528634 0.493392 0.506608 0.480176 0.511013 0.480176 0.528634 0.462555 0.533040 0.422908 0.506608 0.422908 0.480176 0.396476 0.462555 0.352423 0.471366 0.339207 0.458150 0.339207 0.431718 0.317181 0.453745 0.286344 0.444934 0.290749 0.422908 0.273128 0.383260 0.251101 0.365639 0.220264 0.374449 0.180617 0.348018 0.167401 0.374449 0.136564 0.370044 0.140969 0.343612 0.118943 0.317181 0.096916 0.325991 0.035242 0.268722 0.052863 0.242291 0.030837 0.224670 0.030837 0.207048
0 0.436123 0.202643 0.440529 0.207048 0.440529 0.211454 0.449339 0.220264 0.453745 0.220264 0.458150 0.224670 0.475771 0.224670 0.484582 0.215859 0.475771 0.207048 0.471366 0.207048 0.466960 0.202643 0.462555 0.202643 0.449339 0.189427 0.444934 0.189427 0.440529 0.193833 0.440529 0.198238
0 0.493392 0.149780 0.488987 0.154185 0.488987 0.162996 0.493392 0.167401 0.502203 0.167401 0.506608 0.171806 0.511013 0.171806 0.519824 0.180617 0.519824 0.189427 0.515419 0.193833 0.515419 0.198238 0.519824 0.202643 0.533040 0.202643 0.537445 0.198238 0.537445 0.189427 0.533040 0.185022 0.528634 0.185022 0.524229 0.180617 0.524229 0.158590 0.519824 0.154185 0.515419 0.154185 0.511013 0.149780 0.506608 0.149780 0.502203 0.145374 0.497797 0.149780
0 0.303965 0.114537 0.303965 0.127753 0.308370 0.132159 0.312775 0.132159 0.317181 0.136564 0.321586 0.136564 0.325991 0.140969 0.325991 0.158590 0.330396 0.162996 0.330396 0.171806 0.321586 0.180617 0.321586 0.185022 0.317181 0.189427 0.321586 0.193833 0.325991 0.193833 0.334802 0.202643 0.334802 0.215859 0.339207 0.220264 0.348018 0.211454 0.343612 0.207048 0.343612 0.202643 0.339207 0.198238 0.339207 0.189427 0.330396 0.180617 0.330396 0.171806 0.334802 0.167401 0.339207 0.167401 0.343612 0.162996 0.348018 0.162996 0.352423 0.158590 0.356828 0.158590 0.361233 0.154185 0.396476 0.154185 0.400881 0.149780 0.405286 0.149780 0.409692 0.145374 0.431718 0.145374 0.436123 0.140969 0.440529 0.140969 0.444934 0.136564 0.458150 0.136564 0.466960 0.127753 0.466960 0.123348 0.462555 0.118943 0.449339 0.118943 0.444934 0.114537 0.440529 0.114537 0.436123 0.110132 0.431718 0.110132 0.431718 0.114537 0.422908 0.123348 0.422908 0.127753 0.414097 0.136564 0.409692 0.136564 0.405286 0.140969 0.396476 0.140969 0.392070 0.136564 0.356828 0.136564 0.352423 0.140969 0.348018 0.136564 0.339207 0.136564 0.334802 0.132159 0.330396 0.132159 0.317181 0.118943 0.317181 0.105727 0.321586 0.101322 0.321586 0.096916 0.317181 0.092511 0.312775 0.096916 0.312775 0.105727
0 0.960352 0.070485 0.955947 0.066079 0.942731 0.066079 0.938326 0.070485 0.933921 0.070485 0.925110 0.079295 0.920705 0.079295 0.916300 0.083700 0.907489 0.083700 0.903084 0.088106 0.898678 0.088106 0.894273 0.092511 0.889868 0.092511 0.885463 0.096916 0.885463 0.105727 0.889868 0.110132 0.894273 0.110132 0.898678 0.105727 0.903084 0.105727 0.907489 0.101322 0.916300 0.101322 0.920705 0.096916 0.925110 0.096916 0.929515 0.092511 0.942731 0.092511 0.960352 0.074890
0 0.365639 0.022026 0.361233 0.026432 0.361233 0.035242 0.370044 0.044053 0.370044 0.061674 0.383260 0.074890 0.387665 0.074890 0.392070 0.070485 0.392070 0.061674 0.374449 0.044053 0.374449 0.030837
0 0.585903 0.039648 0.581498 0.079295 0.599119 0.088106 0.625551 0.079295 0.638767 0.088106 0.638767 0.105727 0.594714 0.123348 0.581498 0.140969 0.590308 0.154185 0.577093 0.162996 0.563877 0.154185 0.572687 0.140969 0.555066 0.114537 0.541850 0.123348 0.555066 0.136564 0.546256 0.154185 0.577093 0.180617 0.559471 0.207048 0.665198 0.264317 0.682819 0.290749 0.704846 0.295154 0.722467 0.273128 0.775330 0.286344 0.784141 0.268722 0.819383 0.255507 0.854626 0.273128 0.837004 0.308370 0.894273 0.317181 0.898678 0.308370 0.881057 0.286344 0.911894 0.277533 0.911894 0.268722 0.810573 0.246696 0.762115 0.224670 0.757709 0.211454 0.784141 0.202643 0.841410 0.229075 0.885463 0.202643 0.916300 0.215859 0.964758 0.198238 0.995595 0.211454 0.995595 0.198238 0.951542 0.185022 0.903084 0.202643 0.867841 0.180617 0.806167 0.202643 0.788546 0.154185 0.766520 0.162996 0.744493 0.145374 0.748899 0.132159 0.770925 0.127753 0.757709 0.083700 0.696035 0.127753 0.691630 0.171806 0.722467 0.224670 0.696035 0.229075 0.687225 0.202643 0.669604 0.224670 0.674009 0.242291 0.660793 0.251101 0.634361 0.233480 0.612335 0.233480 0.599119 0.224670 0.603524 0.193833 0.629956 0.189427 0.651982 0.202643 0.678414 0.171806 0.625551 0.114537 0.638767 0.105727 0.651982 0.114537 0.669604 0.088106 0.704846 0.083700 0.722467 0.066079 0.722467 0.035242 0.775330 0.044053 0.770925 0.066079 0.806167 0.083700 0.828194 0.079295 0.823789 0.061674 0.837004 0.052863 0.850220 0.061674 0.841410 0.074890 0.850220 0.083700 0.854626 0.066079 0.876652 0.061674 0.885463 0.039648 0.925110 0.039648 0.938326 0.013216 0.889868 0.000000 0.876652 0.022026 0.828194 0.000000 0.700441 0.000000 0.718062 0.022026 0.696035 0.039648 0.669604 0.030837 0.629956 0.070485 0.603524 0.061674 0.599119 0.026432
0 0.572687 0.000000 0.546256 0.000000 0.546256 0.004405 0.541850 0.008811 0.537445 0.008811 0.533040 0.013216 0.502203 0.013216 0.497797 0.017621 0.493392 0.017621 0.488987 0.022026 0.484582 0.022026 0.480176 0.026432 0.475771 0.026432 0.471366 0.030837 0.462555 0.030837 0.458150 0.026432 0.453745 0.026432 0.449339 0.022026 0.444934 0.026432 0.440529 0.026432 0.436123 0.030837 0.431718 0.026432 0.427313 0.030837 0.414097 0.030837 0.409692 0.035242 0.409692 0.044053 0.414097 0.048458 0.418502 0.044053 0.436123 0.044053 0.440529 0.048458 0.471366 0.048458 0.475771 0.052863 0.480176 0.052863 0.480176 0.048458 0.484582 0.044053 0.484582 0.039648 0.488987 0.035242 0.488987 0.030837 0.493392 0.026432 0.497797 0.026432 0.502203 0.022026 0.506608 0.026432 0.515419 0.026432 0.519824 0.030837 0.528634 0.030837 0.533040 0.026432 0.537445 0.026432 0.541850 0.022026 0.546256 0.022026 0.550661 0.017621 0.563877 0.017621 0.568282 0.013216 0.568282 0.008811 0.572687 0.004405
0 0.268722 0.000000 0.268722 0.008811 0.273128 0.013216 0.273128 0.022026 0.277533 0.026432 0.290749 0.026432 0.295154 0.022026 0.290749 0.017621 0.290749 0.000000
0 0.000000 0.026432 0.000000 0.048458 0.022026 0.035242 0.030837 0.035242 0.044053 0.044053 0.044053 0.057269 0.052863 0.066079 0.070485 0.057269 0.127753 0.057269 0.158590 0.066079 0.185022 0.048458 0.207048 0.052863 0.220264 0.074890 0.215859 0.092511 0.167401 0.101322 0.149780 0.118943 0.114537 0.140969 0.145374 0.162996 0.167401 0.193833 0.189427 0.202643 0.211454 0.229075 0.229075 0.220264 0.237885 0.224670 0.255507 0.211454 0.268722 0.211454 0.281938 0.220264 0.286344 0.215859 0.286344 0.207048 0.268722 0.198238 0.264317 0.185022 0.273128 0.176211 0.290749 0.171806 0.295154 0.167401 0.290749 0.158590 0.281938 0.162996 0.264317 0.158590 0.255507 0.167401 0.246696 0.211454 0.224670 0.220264 0.198238 0.193833 0.176211 0.185022 0.145374 0.158590 0.145374 0.127753 0.158590 0.118943 0.167401 0.123348 0.185022 0.110132 0.198238 0.118943 0.220264 0.118943 0.251101 0.127753 0.255507 0.114537 0.233480 0.096916 0.233480 0.074890 0.246696 0.066079 0.264317 0.079295 0.290749 0.066079 0.299559 0.057269 0.295154 0.052863 0.268722 0.061674 0.246696 0.048458 0.237885 0.030837 0.224670 0.039648 0.193833 0.026432 0.193833 0.017621 0.202643 0.008811 0.198238 0.000000 0.189427 0.000000 0.185022 0.008811 0.149780 0.035242 0.118943 0.026432 0.114537 0.030837 0.088106 0.030837 0.070485 0.039648 0.057269 0.030837 0.061674 0.017621 0.057269 0.013216 0.035242 0.017621 0.013216 0.030837
