0 0.396476 0.933921 0.387665 0.942731 0.387665 0.955947 0.400881 0.969163 0.405286 0.964758 0.409692 0.964758 0.414097 0.960352 0.414097 0.947137 0.405286 0.938326 0.400881 0.938326
0 0.154185 0.872247 0.167401 0.885463 0.171806 0.885463 0.176211 0.889868 0.180617 0.885463 0.185022 0.885463 0.189427 0.881057 0.193833 0.881057 0.198238 0.876652 0.193833 0.872247 0.189427 0.872247 0.185022 0.867841 0.180617 0.872247 0.171806 0.872247 0.167401 0.867841 0.158590 0.867841
0 0.132159 0.885463 0.123348 0.876652 0.118943 0.876652 0.105727 0.863436 0.105727 0.859031 0.101322 0.854626 0.096916 0.859031 0.096916 0.863436 0.092511 0.867841 0.092511 0.872247 0.101322 0.881057 0.101322 0.885463 0.105727 0.889868 0.105727 0.903084 0.101322 0.907489 0.096916 0.907489 0.092511 0.911894 0.088106 0.911894 0.083700 0.907489 0.079295 0.907489 0.070485 0.898678 0.066079 0.898678 0.057269 0.889868 0.044053 0.889868 0.039648 0.885463 0.030837 0.885463 0.026432 0.881057 0.022026 0.881057 0.017621 0.885463 0.013216 0.881057 0.008811 0.881057 0.004405 0.876652 0.000000 0.876652 0.000000 0.889868 0.008811 0.889868 0.013216 0.894273 0.017621 0.894273 0.026432 0.903084 0.035242 0.903084 0.039648 0.907489 0.044053 0.907489 0.052863 0.916300 0.070485 0.916300 0.074890 0.911894 0.079295 0.911894 0.083700 0.907489 0.088106 0.911894 0.092511 0.911894 0.101322 0.920705 0.105727 0.920705 0.110132 0.916300 0.110132 0.903084 0.114537 0.898678 0.118943 0.898678 0.123348 0.894273 0.127753 0.894273 0.132159 0.889868
0 0.753304 0.898678 0.753304 0.916300 0.766520 0.929515 0.766520 0.942731 0.753304 0.951542 0.753304 0.973568 0.757709 0.977974 0.762115 0.977974 0.770925 0.986784 0.770925 0.995595 0.784141 0.995595 0.770925 0.982379 0.770925 0.960352 0.766520 0.955947 0.766520 0.947137 0.779736 0.938326 0.788546 0.938326 0.792952 0.942731 0.797357 0.938326 0.797357 0.929515 0.810573 0.920705 0.819383 0.920705 0.823789 0.925110 0.828194 0.925110 0.837004 0.933921 0.841410 0.929515 0.854626 0.933921 0.889868 0.969163 0.898678 0.969163 0.911894 0.977974 0.947137 0.977974 0.960352 0.986784 0.960352 0.995595 0.977974 0.995595 0.973568 0.991189 0.973568 0.982379 0.969163 0.977974 0.969163 0.955947 0.982379 0.947137 0.986784 0.951542 0.995595 0.951542 0.995595 0.942731 0.991189 0.938326 0.986784 0.938326 0.969163 0.920705 0.964758 0.920705 0.960352 0.925110 0.951542 0.925110 0.947137 0.920705 0.942731 0.920705 0.938326 0.916300 0.938326 0.911894 0.925110 0.903084 0.925110 0.889868 0.920705 0.885463 0.907489 0.889868 0.903084 0.885463 0.898678 0.885463 0.876652 0.863436 0.872247 0.863436 0.867841 0.859031 0.823789 0.859031 0.810573 0.850220 0.801762 0.863436 0.797357 0.863436 0.784141 0.872247 0.770925 0.872247 0.766520 0.876652 0.766520 0.889868
0 0.718062 0.903084 0.713656 0.898678 0.709251 0.903084 0.704846 0.898678 0.700441 0.903084 0.691630 0.903084 0.687225 0.898678 0.669604 0.894273 0.665198 0.889868 0.665198 0.863436 0.669604 0.859031 0.665198 0.850220 0.660793 0.854626 0.660793 0.863436 0.651982 0.872247 0.651982 0.881057 0.665198 0.889868 0.665198 0.898678 0.660793 0.903084 0.660793 0.911894 0.647577 0.920705 0.625551 0.920705 0.621145 0.916300 0.603524 0.911894 0.599119 0.907489 0.599119 0.898678 0.603524 0.894273 0.599119 0.885463 0.581498 0.876652 0.577093 0.881057 0.577093 0.898678 0.563877 0.907489 0.541850 0.907489 0.537445 0.903084 0.524229 0.903084 0.515419 0.911894 0.515419 0.916300 0.502203 0.925110 0.484582 0.911894 0.449339 0.903084 0.444934 0.894273 0.431718 0.885463 0.422908 0.894273 0.431718 0.907489 0.431718 0.920705 0.440529 0.929515 0.475771 0.942731 0.497797 0.964758 0.497797 0.977974 0.488987 0.986784 0.480176 0.991189 0.462555 0.977974 0.458150 0.982379 0.453745 0.977974 0.444934 0.986784 0.444934 0.995595 0.546256 0.995595 0.537445 0.986784 0.533040 0.986784 0.524229 0.973568 0.524229 0.955947 0.519824 0.951542 0.519824 0.942731 0.524229 0.938326 0.541850 0.933921 0.555066 0.942731 0.559471 0.938326 0.568282 0.938326 0.577093 0.929515 0.594714 0.920705 0.621145 0.925110 0.625551 0.929515 0.665198 0.929515 0.678414 0.938326 0.687225 0.929515 0.687225 0.920705 0.700441 0.911894 0.709251 0.911894 0.713656 0.916300 0.718062 0.911894
0 0.325991 0.845815 0.321586 0.850220 0.321586 0.859031 0.339207 0.876652 0.343612 0.876652 0.348018 0.881057 0.348018 0.885463 0.352423 0.889868 0.352423 0.898678 0.356828 0.903084 0.356828 0.907489 0.365639 0.916300 0.370044 0.916300 0.378855 0.907489 0.356828 0.885463 0.356828 0.872247 0.361233 0.867841 0.339207 0.845815
0 0.392070 0.828194 0.383260 0.837004 0.383260 0.850220 0.387665 0.854626 0.387665 0.859031 0.392070 0.863436 0.396476 0.863436 0.409692 0.850220 0.409692 0.845815 0.405286 0.841410 0.405286 0.837004 0.400881 0.832599 0.396476 0.832599
0 0.233480 0.828194 0.229075 0.832599 0.229075 0.837004 0.224670 0.841410 0.224670 0.850220 0.237885 0.863436 0.237885 0.872247 0.233480 0.876652 0.233480 0.889868 0.229075 0.894273 0.233480 0.898678 0.237885 0.898678 0.242291 0.903084 0.242291 0.911894 0.233480 0.920705 0.229075 0.920705 0.224670 0.925110 0.220264 0.920705 0.202643 0.920705 0.198238 0.925110 0.198238 0.929515 0.202643 0.933921 0.207048 0.933921 0.220264 0.947137 0.233480 0.947137 0.237885 0.942731 0.242291 0.942731 0.246696 0.938326 0.251101 0.942731 0.255507 0.942731 0.259912 0.947137 0.264317 0.947137 0.268722 0.942731 0.273128 0.947137 0.281938 0.947137 0.286344 0.951542 0.290749 0.951542 0.295154 0.955947 0.295154 0.960352 0.299559 0.964758 0.308370 0.964758 0.317181 0.955947 0.312775 0.951542 0.303965 0.951542 0.299559 0.947137 0.295154 0.947137 0.290749 0.942731 0.290749 0.933921 0.299559 0.925110 0.303965 0.925110 0.308370 0.920705 0.317181 0.920705 0.321586 0.916300 0.312775 0.907489 0.303965 0.907489 0.299559 0.903084 0.295154 0.903084 0.286344 0.894273 0.281938 0.894273 0.277533 0.898678 0.264317 0.898678 0.259912 0.903084 0.255507 0.903084 0.251101 0.907489 0.246696 0.903084 0.242291 0.903084 0.237885 0.898678 0.237885 0.889868 0.246696 0.881057 0.246696 0.872247 0.237885 0.863436 0.237885 0.850220 0.242291 0.845815 0.242291 0.841410 0.246696 0.837004 0.246696 0.832599 0.242291 0.828194
0 0.947137 0.828194 0.942731 0.828194 0.938326 0.823789 0.933921 0.828194 0.929515 0.828194 0.916300 0.841410 0.916300 0.854626 0.920705 0.859031 0.925110 0.854626 0.933921 0.854626 0.947137 0.841410
0 0.814978 0.814978 0.814978 0.819383 0.823789 0.828194 0.845815 0.828194 0.854626 0.819383 0.845815 0.810573 0.832599 0.810573 0.828194 0.806167 0.823789 0.806167
0 0.964758 0.819383 0.969163 0.823789 0.977974 0.823789 0.986784 0.814978 0.991189 0.814978 0.995595 0.810573 0.995595 0.806167 0.991189 0.806167 0.986784 0.801762 0.969163 0.801762 0.964758 0.806167
0 0.180617 0.797357 0.189427 0.806167 0.211454 0.806167 0.215859 0.801762 0.220264 0.806167 0.224670 0.801762 0.229075 0.801762 0.233480 0.797357 0.224670 0.788546 0.193833 0.788546 0.189427 0.792952 0.185022 0.792952
0 0.546256 0.788546 0.546256 0.792952 0.550661 0.797357 0.550661 0.801762 0.555066 0.806167 0.563877 0.806167 0.568282 0.810573 0.572687 0.810573 0.581498 0.819383 0.590308 0.819383 0.594714 0.814978 0.603524 0.814978 0.607930 0.819383 0.612335 0.819383 0.616740 0.823789 0.621145 0.819383 0.625551 0.823789 0.634361 0.823789 0.638767 0.819383 0.629956 0.810573 0.625551 0.810573 0.621145 0.806167 0.616740 0.806167 0.612335 0.810573 0.599119 0.810573 0.594714 0.806167 0.590308 0.806167 0.585903 0.801762 0.581498 0.801762 0.568282 0.788546 0.563877 0.788546 0.559471 0.784141 0.550661 0.784141
0 0.259912 0.779736 0.264317 0.784141 0.268722 0.784141 0.273128 0.788546 0.290749 0.788546 0.295154 0.792952 0.299559 0.792952 0.308370 0.801762 0.312775 0.801762 0.321586 0.810573 0.325991 0.810573 0.330396 0.814978 0.339207 0.806167 0.334802 0.801762 0.330396 0.801762 0.303965 0.775330 0.303965 0.770925 0.299559 0.766520 0.290749 0.766520 0.286344 0.770925 0.268722 0.770925
0 0.462555 0.757709 0.458150 0.762115 0.466960 0.770925 0.466960 0.779736 0.462555 0.784141 0.458150 0.784141 0.453745 0.788546 0.449339 0.784141 0.444934 0.784141 0.440529 0.779736 0.436123 0.779736 0.431718 0.784141 0.431718 0.788546 0.440529 0.797357 0.453745 0.797357 0.458150 0.792952 0.462555 0.797357 0.466960 0.797357 0.475771 0.806167 0.475771 0.810573 0.488987 0.823789 0.488987 0.828194 0.497797 0.837004 0.497797 0.841410 0.502203 0.845815 0.511013 0.837004 0.511013 0.832599 0.515419 0.828194 0.497797 0.810573 0.497797 0.806167 0.488987 0.797357 0.488987 0.792952 0.484582 0.788546 0.484582 0.779736 0.475771 0.770925 0.475771 0.766520 0.466960 0.757709
0 0.185022 0.748899 0.180617 0.744493 0.176211 0.744493 0.171806 0.740088 0.167401 0.740088 0.145374 0.762115 0.145374 0.766520 0.136564 0.775330 0.132159 0.775330 0.127753 0.779736 0.123348 0.779736 0.118943 0.784141 0.118943 0.792952 0.127753 0.801762 0.136564 0.801762 0.162996 0.775330 0.162996 0.766520 0.167401 0.762115 0.171806 0.762115 0.176211 0.757709 0.180617 0.757709 0.185022 0.753304
0 0.370044 0.735683 0.365639 0.735683 0.356828 0.744493 0.356828 0.766520 0.352423 0.770925 0.352423 0.775330 0.356828 0.779736 0.365639 0.779736 0.374449 0.770925 0.374449 0.740088
0 0.911894 0.704846 0.907489 0.709251 0.907489 0.722467 0.911894 0.726872 0.911894 0.731278 0.916300 0.735683 0.916300 0.744493 0.920705 0.748899 0.925110 0.748899 0.929515 0.744493 0.929515 0.722467 0.925110 0.718062 0.925110 0.709251 0.920705 0.704846 0.916300 0.709251
0 0.713656 0.704846 0.713656 0.709251 0.722467 0.718062 0.731278 0.718062 0.735683 0.722467 0.740088 0.722467 0.744493 0.726872 0.748899 0.726872 0.770925 0.748899 0.784141 0.748899 0.788546 0.753304 0.792952 0.753304 0.806167 0.766520 0.806167 0.770925 0.814978 0.779736 0.837004 0.779736 0.841410 0.775330 0.841410 0.770925 0.832599 0.762115 0.832599 0.757709 0.823789 0.748899 0.819383 0.748899 0.797357 0.726872 0.792952 0.726872 0.788546 0.722467 0.784141 0.722467 0.762115 0.700441 0.762115 0.687225 0.766520 0.682819 0.770925 0.682819 0.775330 0.678414 0.770925 0.674009 0.766520 0.674009 0.762115 0.669604 0.757709 0.674009 0.757709 0.682819 0.753304 0.687225 0.748899 0.687225 0.744493 0.691630 0.731278 0.691630 0.726872 0.696035 0.722467 0.696035
0 0.907489 0.625551 0.920705 0.638767 0.929515 0.629956 0.929515 0.616740 0.933921 0.612335 0.938326 0.612335 0.942731 0.607930 0.947137 0.607930 0.951542 0.612335 0.955947 0.612335 0.960352 0.607930 0.955947 0.603524 0.951542 0.603524 0.947137 0.607930 0.942731 0.607930 0.938326 0.612335 0.933921 0.612335 0.929515 0.607930 0.925110 0.607930 0.920705 0.603524 0.907489 0.616740
0 0.682819 0.607930 0.687225 0.607930 0.696035 0.616740 0.700441 0.616740 0.704846 0.621145 0.718062 0.621145 0.722467 0.616740 0.722467 0.607930 0.713656 0.599119 0.709251 0.599119 0.704846 0.594714 0.691630 0.594714 0.687225 0.599119 0.687225 0.603524
0 0.700441 0.563877 0.709251 0.572687 0.718062 0.572687 0.722467 0.577093 0.726872 0.577093 0.731278 0.581498 0.735683 0.581498 0.744493 0.590308 0.748899 0.585903 0.744493 0.581498 0.744493 0.577093 0.740088 0.572687 0.735683 0.572687 0.726872 0.563877 0.718062 0.563877 0.713656 0.559471 0.704846 0.559471
0 0.264317 0.466960 0.259912 0.466960 0.246696 0.480176 0.246696 0.484582 0.237885 0.493392 0.233480 0.493392 0.229075 0.497797 0.229075 0.506608 0.215859 0.519824 0.215859 0.524229 0.211454 0.528634 0.215859 0.533040 0.220264 0.528634 0.229075 0.528634 0.233480 0.524229 0.237885 0.528634 0.242291 0.528634 0.246696 0.524229 0.255507 0.524229 0.259912 0.519824 0.273128 0.519824 0.277533 0.515419 0.273128 0.511013 0.273128 0.506608 0.268722 0.502203 0.264317 0.502203 0.255507 0.493392 0.255507 0.484582 0.268722 0.471366
0 0.427313 0.471366 0.422908 0.466960 0.418502 0.471366 0.392070 0.471366 0.387665 0.475771 0.383260 0.471366 0.378855 0.471366 0.374449 0.466960 0.374449 0.458150 0.378855 0.453745 0.378855 0.449339 0.387665 0.440529 0.387665 0.436123 0.383260 0.431718 0.378855 0.431718 0.365639 0.444934 0.361233 0.444934 0.356828 0.449339 0.343612 0.449339 0.312775 0.480176 0.308370 0.480176 0.303965 0.484582 0.303965 0.488987 0.299559 0.493392 0.299559 0.497797 0.303965 0.502203 0.308370 0.502203 0.317181 0.511013 0.317181 0.519824 0.312775 0.524229 0.308370 0.524229 0.295154 0.537445 0.299559 0.541850 0.303965 0.541850 0.312775 0.533040 0.317181 0.533040 0.325991 0.524229 0.330396 0.524229 0.339207 0.515419 0.343612 0.515419 0.361233 0.497797 0.365639 0.497797 0.374449 0.488987 0.378855 0.488987 0.383260 0.484582 0.387665 0.484582 0.392070 0.480176 0.418502 0.480176
0 0.229075 0.449339 0.229075 0.440529 0.220264 0.431718 0.215859 0.431718 0.207048 0.422908 0.202643 0.422908 0.193833 0.431718 0.189427 0.431718 0.185022 0.436123 0.180617 0.436123 0.176211 0.431718 0.158590 0.431718 0.149780 0.440529 0.149780 0.444934 0.154185 0.449339 0.158590 0.449339 0.162996 0.444934 0.171806 0.444934 0.176211 0.440529 0.180617 0.440529 0.185022 0.436123 0.189427 0.440529 0.193833 0.440529 0.198238 0.444934 0.202643 0.444934 0.215859 0.458150 0.220264 0.458150
0 0.088106 0.405286 0.092511 0.409692 0.092511 0.414097 0.101322 0.422908 0.105727 0.422908 0.110132 0.418502 0.118943 0.418502 0.123348 0.414097 0.127753 0.418502 0.132159 0.418502 0.136564 0.422908 0.140969 0.418502 0.123348 0.400881 0.105727 0.400881 0.101322 0.405286 0.096916 0.405286 0.092511 0.400881
0 0.916300 0.383260 0.911894 0.387665 0.911894 0.396476 0.920705 0.405286 0.920705 0.414097 0.903084 0.431718 0.898678 0.431718 0.903084 0.431718 0.907489 0.436123 0.907489 0.444934 0.903084 0.449339 0.903084 0.453745 0.898678 0.458150 0.894273 0.458150 0.894273 0.471366 0.907489 0.484582 0.907489 0.493392 0.903084 0.497797 0.898678 0.497797 0.894273 0.502203 0.889868 0.502203 0.885463 0.497797 0.881057 0.497797 0.876652 0.502203 0.872247 0.502203 0.867841 0.497797 0.863436 0.497797 0.859031 0.493392 0.854626 0.493392 0.850220 0.497797 0.850220 0.506608 0.859031 0.515419 0.881057 0.515419 0.889868 0.506608 0.894273 0.506608 0.898678 0.502203 0.903084 0.506608 0.907489 0.506608 0.911894 0.511013 0.925110 0.511013 0.929515 0.506608 0.933921 0.511013 0.942731 0.502203 0.947137 0.502203 0.951542 0.497797 0.960352 0.497797 0.964758 0.502203 0.973568 0.502203 0.977974 0.506608 0.982379 0.502203 0.982379 0.497797 0.973568 0.488987 0.973568 0.484582 0.969163 0.480176 0.969163 0.475771 0.964758 0.471366 0.964758 0.462555 0.960352 0.458150 0.960352 0.453745 0.955947 0.449339 0.951542 0.449339 0.942731 0.440529 0.938326 0.440529 0.933921 0.436123 0.933921 0.409692 0.929515 0.405286 0.929515 0.396476
0 0.436123 0.400881 0.440529 0.405286 0.449339 0.405286 0.453745 0.400881 0.453745 0.392070 0.458150 0.387665 0.462555 0.387665 0.466960 0.383260 0.471366 0.383260 0.475771 0.378855 0.480176 0.378855 0.484582 0.374449 0.493392 0.374449 0.497797 0.378855 0.511013 0.378855 0.515419 0.383260 0.519824 0.383260 0.528634 0.374449 0.528634 0.370044 0.524229 0.365639 0.497797 0.365639 0.493392 0.370044 0.488987 0.370044 0.484582 0.374449 0.480176 0.370044 0.475771 0.370044 0.471366 0.365639 0.462555 0.374449 0.462555 0.383260 0.458150 0.387665 0.453745 0.387665 0.449339 0.392070 0.440529 0.392070 0.436123 0.396476
0 0.000000 0.356828 0.000000 0.365639 0.026432 0.378855 0.035242 0.431718 0.017621 0.444934 0.000000 0.440529 0.000000 0.453745 0.017621 0.466960 0.017621 0.475771 0.000000 0.484582 0.000000 0.515419 0.004405 0.519824 0.013216 0.506608 0.026432 0.502203 0.039648 0.511013 0.048458 0.506608 0.070485 0.524229 0.057269 0.550661 0.035242 0.559471 0.026432 0.572687 0.030837 0.577093 0.026432 0.599119 0.035242 0.607930 0.035242 0.621145 0.048458 0.634361 0.074890 0.643172 0.092511 0.638767 0.101322 0.625551 0.118943 0.616740 0.154185 0.634361 0.167401 0.647577 0.167401 0.656388 0.145374 0.665198 0.127753 0.651982 0.123348 0.656388 0.127753 0.678414 0.140969 0.687225 0.176211 0.665198 0.198238 0.674009 0.233480 0.709251 0.233480 0.718062 0.207048 0.740088 0.224670 0.753304 0.251101 0.718062 0.286344 0.700441 0.317181 0.722467 0.321586 0.704846 0.308370 0.687225 0.286344 0.682819 0.268722 0.696035 0.255507 0.691630 0.251101 0.674009 0.198238 0.643172 0.185022 0.629956 0.185022 0.621145 0.198238 0.612335 0.224670 0.612335 0.242291 0.621145 0.264317 0.616740 0.281938 0.625551 0.299559 0.599119 0.308370 0.594714 0.321586 0.599119 0.348018 0.581498 0.339207 0.572687 0.325991 0.581498 0.308370 0.572687 0.281938 0.603524 0.255507 0.612335 0.242291 0.603524 0.237885 0.607930 0.189427 0.603524 0.140969 0.581498 0.118943 0.559471 0.118943 0.546256 0.145374 0.537445 0.149780 0.515419 0.180617 0.502203 0.136564 0.497797 0.070485 0.462555 0.052863 0.444934 0.052863 0.431718 0.039648 0.414097 0.035242 0.374449 0.017621 0.356828
0 0.061674 0.268722 0.061674 0.277533 0.070485 0.286344 0.070485 0.295154 0.083700 0.308370 0.110132 0.317181 0.123348 0.334802 0.132159 0.334802 0.136564 0.330396 0.149780 0.330396 0.154185 0.334802 0.162996 0.334802 0.167401 0.339207 0.180617 0.343612 0.198238 0.361233 0.215859 0.361233 0.220264 0.365639 0.233480 0.370044 0.242291 0.383260 0.251101 0.383260 0.255507 0.387665 0.259912 0.383260 0.268722 0.383260 0.281938 0.392070 0.286344 0.387665 0.299559 0.383260 0.312775 0.392070 0.321586 0.392070 0.325991 0.387665 0.325991 0.365639 0.339207 0.356828 0.334802 0.352423 0.330396 0.352423 0.321586 0.361233 0.317181 0.361233 0.303965 0.370044 0.299559 0.365639 0.295154 0.365639 0.290749 0.361233 0.290749 0.352423 0.308370 0.339207 0.312775 0.339207 0.317181 0.334802 0.317181 0.330396 0.312775 0.325991 0.295154 0.339207 0.290749 0.339207 0.277533 0.348018 0.264317 0.339207 0.264317 0.330396 0.277533 0.321586 0.277533 0.317181 0.264317 0.303965 0.259912 0.303965 0.255507 0.308370 0.251101 0.330396 0.237885 0.339207 0.233480 0.334802 0.229075 0.334802 0.220264 0.321586 0.215859 0.321586 0.207048 0.312775 0.202643 0.312775 0.193833 0.303965 0.189427 0.303965 0.180617 0.295154 0.176211 0.295154 0.158590 0.281938 0.154185 0.286344 0.132159 0.286344 0.127753 0.281938 0.114537 0.286344 0.088106 0.268722 0.083700 0.273128 0.079295 0.273128 0.066079 0.264317
0 0.211454 0.255507 0.207048 0.259912 0.207048 0.268722 0.202643 0.273128 0.202643 0.277533 0.207048 0.281938 0.220264 0.281938 0.224670 0.277533 0.229075 0.277533 0.233480 0.273128 0.233480 0.259912 0.229075 0.255507
0 0.123348 0.211454 0.123348 0.215859 0.132159 0.224670 0.136564 0.224670 0.145374 0.215859 0.145374 0.211454 0.149780 0.207048 0.154185 0.207048 0.158590 0.202643 0.162996 0.207048 0.167401 0.207048 0.171806 0.211454 0.176211 0.211454 0.180617 0.215859 0.198238 0.215859 0.202643 0.220264 0.207048 0.220264 0.211454 0.224670 0.224670 0.224670 0.229075 0.229075 0.233480 0.229075 0.237885 0.224670 0.233480 0.220264 0.229075 0.220264 0.220264 0.211454 0.215859 0.211454 0.211454 0.207048 0.207048 0.207048 0.202643 0.202643 0.198238 0.202643 0.180617 0.185022 0.176211 0.189427 0.167401 0.189427 0.162996 0.193833 0.158590 0.193833 0.154185 0.198238 0.149780 0.198238 0.145374 0.202643 0.140969 0.202643 0.136564 0.207048 0.127753 0.207048
0 0.105727 0.189427 0.101322 0.185022 0.101322 0.180617 0.096916 0.176211 0.096916 0.171806 0.092511 0.167401 0.088106 0.167401 0.083700 0.171806 0.074890 0.171806 0.070485 0.176211 0.061674 0.176211 0.052863 0.185022 0.052863 0.189427 0.035242 0.207048 0.044053 0.215859 0.048458 0.211454 0.052863 0.211454 0.057269 0.207048 0.057269 0.198238 0.066079 0.189427 0.070485 0.189427 0.074890 0.185022 0.079295 0.189427 0.083700 0.189427 0.088106 0.193833 0.092511 0.193833 0.101322 0.202643 0.105727 0.198238
0 0.308370 0.136564 0.330396 0.158590 0.343612 0.158590 0.348018 0.154185 0.370044 0.154185 0.374449 0.149780 0.365639 0.140969 0.361233 0.140969 0.356828 0.136564 0.330396 0.136564 0.325991 0.132159 0.321586 0.132159 0.317181 0.127753
0 0.180617 0.118943 0.198238 0.136564 0.207048 0.136564 0.211454 0.140969 0.215859 0.140969 0.220264 0.145374 0.224670 0.145374 0.229075 0.149780 0.233480 0.149780 0.237885 0.154185 0.237885 0.158590 0.246696 0.167401 0.255507 0.158590 0.259912 0.158590 0.264317 0.154185 0.268722 0.154185 0.277533 0.145374 0.277533 0.140969 0.281938 0.136564 0.281938 0.132159 0.273128 0.123348 0.264317 0.132159 0.259912 0.132159 0.255507 0.136564 0.251101 0.136564 0.246696 0.140969 0.242291 0.136564 0.237885 0.136564 0.220264 0.118943 0.193833 0.118943 0.189427 0.114537 0.185022 0.114537
0 0.052863 0.118943 0.057269 0.123348 0.057269 0.127753 0.066079 0.136564 0.070485 0.136564 0.074890 0.132159 0.079295 0.136564 0.083700 0.132159 0.088106 0.132159 0.092511 0.127753 0.083700 0.118943 0.079295 0.118943 0.074890 0.114537 0.066079 0.114537 0.061674 0.110132
0 0.995595 0.101322 0.969163 0.114537 0.955947 0.083700 0.898678 0.132159 0.819383 0.105727 0.854626 0.149780 0.819383 0.176211 0.731278 0.092511 0.696035 0.092511 0.687225 0.123348 0.660793 0.101322 0.559471 0.110132 0.744493 0.132159 0.784141 0.171806 0.674009 0.286344 0.651982 0.264317 0.590308 0.273128 0.621145 0.220264 0.682819 0.242291 0.669604 0.167401 0.643172 0.154185 0.568282 0.185022 0.599119 0.207048 0.590308 0.237885 0.511013 0.224670 0.480176 0.189427 0.370044 0.207048 0.348018 0.180617 0.251101 0.185022 0.295154 0.251101 0.277533 0.277533 0.317181 0.255507 0.277533 0.220264 0.312775 0.185022 0.511013 0.224670 0.488987 0.277533 0.352423 0.246696 0.365639 0.277533 0.418502 0.273128 0.378855 0.343612 0.427313 0.330396 0.405286 0.317181 0.422908 0.295154 0.497797 0.339207 0.572687 0.312775 0.599119 0.348018 0.625551 0.286344 0.651982 0.295154 0.643172 0.321586 0.700441 0.325991 0.674009 0.361233 0.691630 0.396476 0.590308 0.533040 0.559471 0.537445 0.502203 0.484582 0.524229 0.568282 0.431718 0.581498 0.458150 0.616740 0.471366 0.585903 0.572687 0.568282 0.533040 0.629956 0.550661 0.660793 0.444934 0.682819 0.321586 0.665198 0.374449 0.682819 0.392070 0.722467 0.471366 0.682819 0.519824 0.762115 0.497797 0.722467 0.519824 0.691630 0.616740 0.766520 0.656388 0.753304 0.674009 0.779736 0.651982 0.797357 0.709251 0.819383 0.634361 0.726872 0.709251 0.665198 0.674009 0.651982 0.607930 0.528634 0.647577 0.506608 0.682819 0.546256 0.656388 0.511013 0.669604 0.436123 0.744493 0.484582 0.757709 0.550661 0.819383 0.603524 0.806167 0.629956 0.766520 0.607930 0.748899 0.634361 0.837004 0.691630 0.828194 0.638767 0.881057 0.656388 0.748899 0.497797 0.788546 0.462555 0.850220 0.462555 0.731278 0.427313 0.691630 0.387665 0.837004 0.414097 0.837004 0.343612 0.885463 0.343612 0.898678 0.317181 0.955947 0.348018 0.995595 0.325991 0.982379 0.286344 0.872247 0.330396 0.845815 0.317181 0.814978 0.348018 0.779736 0.308370 0.991189 0.171806 0.960352 0.140969
0 0.533040 0.083700 0.528634 0.079295 0.524229 0.079295 0.524229 0.083700 0.519824 0.088106 0.519824 0.110132 0.515419 0.114537 0.511013 0.114537 0.506608 0.118943 0.502203 0.114537 0.497797 0.114537 0.484582 0.101322 0.484582 0.096916 0.475771 0.088106 0.462555 0.088106 0.458150 0.092511 0.458150 0.101322 0.462555 0.105727 0.466960 0.105727 0.484582 0.123348 0.488987 0.118943 0.493392 0.118943 0.497797 0.123348 0.502203 0.123348 0.506608 0.127753 0.506608 0.132159 0.511013 0.136564 0.511013 0.145374 0.506608 0.149780 0.502203 0.149780 0.497797 0.154185 0.484582 0.154185 0.480176 0.158590 0.475771 0.158590 0.471366 0.154185 0.466960 0.154185 0.453745 0.140969 0.444934 0.140969 0.440529 0.145374 0.436123 0.140969 0.431718 0.140969 0.427313 0.136564 0.418502 0.136564 0.414097 0.140969 0.414097 0.145374 0.422908 0.154185 0.436123 0.154185 0.440529 0.158590 0.458150 0.158590 0.462555 0.154185 0.471366 0.154185 0.475771 0.158590 0.480176 0.158590 0.488987 0.167401 0.506608 0.167401 0.511013 0.171806 0.515419 0.171806 0.519824 0.167401 0.515419 0.162996 0.515419 0.149780 0.519824 0.145374 0.524229 0.145374 0.533040 0.136564 0.533040 0.127753 0.528634 0.123348 0.528634 0.105727 0.533040 0.101322
0 0.753304 0.057269 0.757709 0.061674 0.757709 0.066079 0.766520 0.074890 0.788546 0.074890 0.792952 0.070485 0.784141 0.061674 0.779736 0.061674 0.770925 0.052863 0.757709 0.052863
0 0.502203 0.057269 0.511013 0.066079 0.515419 0.066079 0.519824 0.070485 0.519824 0.066079 0.524229 0.061674 0.528634 0.061674 0.533040 0.057269 0.537445 0.057269 0.541850 0.061674 0.546256 0.061674 0.563877 0.079295 0.568282 0.079295 0.572687 0.083700 0.577093 0.083700 0.581498 0.079295 0.581498 0.074890 0.568282 0.061674 0.568282 0.057269 0.559471 0.048458 0.550661 0.048458 0.546256 0.052863 0.541850 0.052863 0.537445 0.057269 0.533040 0.057269 0.528634 0.052863 0.524229 0.052863 0.519824 0.048458 0.515419 0.052863 0.511013 0.048458
0 0.215859 0.052863 0.215859 0.061674 0.220264 0.066079 0.224670 0.066079 0.237885 0.057269 0.242291 0.061674 0.246696 0.061674 0.251101 0.066079 0.251101 0.079295 0.264317 0.088106 0.273128 0.088106 0.277533 0.092511 0.290749 0.092511 0.295154 0.096916 0.303965 0.096916 0.317181 0.105727 0.321586 0.101322 0.325991 0.105727 0.343612 0.105727 0.356828 0.114537 0.361233 0.110132 0.365639 0.110132 0.370044 0.114537 0.374449 0.114537 0.383260 0.123348 0.383260 0.127753 0.387665 0.132159 0.392070 0.132159 0.396476 0.127753 0.387665 0.118943 0.387665 0.114537 0.374449 0.101322 0.374449 0.088106 0.387665 0.079295 0.396476 0.079295 0.400881 0.083700 0.414097 0.083700 0.427313 0.070485 0.431718 0.070485 0.444934 0.061674 0.444934 0.057269 0.440529 0.052863 0.436123 0.052863 0.431718 0.048458 0.418502 0.048458 0.414097 0.052863 0.414097 0.057269 0.400881 0.066079 0.383260 0.066079 0.374449 0.074890 0.370044 0.074890 0.365639 0.079295 0.348018 0.079295 0.343612 0.083700 0.339207 0.083700 0.334802 0.079295 0.330396 0.079295 0.325991 0.074890 0.321586 0.074890 0.308370 0.066079 0.290749 0.066079 0.286344 0.061674 0.277533 0.061674 0.264317 0.052863 0.259912 0.052863 0.246696 0.061674 0.242291 0.057269 0.237885 0.057269 0.233480 0.052863 0.224670 0.052863 0.220264 0.048458
0 0.995595 0.052863 0.995595 0.030837 0.991189 0.030837 0.986784 0.026432 0.964758 0.026432 0.960352 0.030837 0.938326 0.030837 0.933921 0.035242 0.929515 0.035242 0.925110 0.039648 0.920705 0.035242 0.916300 0.039648 0.925110 0.048458 0.951542 0.048458 0.960352 0.039648 0.964758 0.039648 0.969163 0.035242 0.973568 0.035242 0.977974 0.039648 0.982379 0.039648 0.986784 0.044053 0.986784 0.048458 0.991189 0.052863
0 0.779736 0.030837 0.784141 0.035242 0.788546 0.035242 0.792952 0.039648 0.797357 0.039648 0.801762 0.044053 0.814978 0.044053 0.819383 0.048458 0.823789 0.044053 0.837004 0.044053 0.841410 0.039648 0.841410 0.030837 0.837004 0.026432 0.792952 0.026432 0.788546 0.022026
0 0.629956 0.030837 0.629956 0.039648 0.647577 0.057269 0.651982 0.057269 0.665198 0.070485 0.669604 0.070485 0.674009 0.066079 0.691630 0.066079 0.696035 0.061674 0.700441 0.061674 0.709251 0.052863 0.713656 0.052863 0.718062 0.048458 0.718062 0.044053 0.709251 0.035242 0.700441 0.035242 0.691630 0.044053 0.687225 0.044053 0.682819 0.048458 0.669604 0.048458 0.665198 0.044053 0.660793 0.044053 0.656388 0.039648 0.656388 0.030837 0.647577 0.022026 0.638767 0.022026
0 0.863436 0.000000 0.863436 0.026432 0.867841 0.030837 0.885463 0.030837 0.889868 0.026432 0.889868 0.022026 0.881057 0.013216 0.881057 0.008811 0.876652 0.004405 0.876652 0.000000
0 0.110132 0.000000 0.114537 0.000000 0.118943 0.004405 0.127753 0.004405 0.132159 0.008811 0.136564 0.008811 0.140969 0.013216 0.140969 0.026432 0.154185 0.039648 0.158590 0.039648 0.167401 0.030837 0.171806 0.030837 0.176211 0.026432 0.180617 0.030837 0.189427 0.030837 0.193833 0.035242 0.198238 0.035242 0.202643 0.030837 0.202643 0.026432 0.211454 0.017621 0.207048 0.013216 0.189427 0.013216 0.185022 0.017621 0.180617 0.017621 0.176211 0.022026 0.167401 0.022026 0.162996 0.017621 0.158590 0.017621 0.154185 0.013216 0.149780 0.013216 0.145374 0.008811 0.145374 0.000000
0 0.101322 0.000000 0.079295 0.000000 0.079295 0.022026 0.074890 0.026432 0.070485 0.026432 0.061674 0.035242 0.057269 0.035242 0.052863 0.039648 0.044053 0.039648 0.039648 0.044053 0.039648 0.048458 0.052863 0.061674 0.057269 0.057269 0.057269 0.052863 0.061674 0.048458 0.066079 0.048458 0.070485 0.044053 0.079295 0.044053 0.083700 0.039648 0.083700 0.017621 0.092511 0.008811 0.092511 0.004405 0.096916 0.000000
