0 0.088106 0.933921 0.101322 0.947137 0.105727 0.947137 0.110132 0.942731 0.118943 0.942731 0.123348 0.938326 0.132159 0.938326 0.136564 0.933921 0.136564 0.929515 0.132159 0.925110 0.123348 0.925110 0.118943 0.929515 0.114537 0.929515 0.110132 0.925110 0.105727 0.925110 0.101322 0.929515 0.092511 0.929515
0 0.114537 0.867841 0.110132 0.867841 0.105727 0.863436 0.096916 0.863436 0.092511 0.859031 0.074890 0.876652 0.070485 0.876652 0.074890 0.876652 0.083700 0.885463 0.088106 0.885463 0.092511 0.881057 0.105727 0.881057 0.110132 0.876652 0.110132 0.872247
0 0.792952 0.841410 0.797357 0.845815 0.797357 0.850220 0.801762 0.854626 0.801762 0.859031 0.810573 0.867841 0.832599 0.867841 0.837004 0.872247 0.841410 0.872247 0.850220 0.881057 0.854626 0.881057 0.859031 0.885463 0.863436 0.885463 0.876652 0.894273 0.885463 0.894273 0.889868 0.898678 0.894273 0.898678 0.898678 0.903084 0.903084 0.903084 0.911894 0.911894 0.911894 0.916300 0.916300 0.920705 0.916300 0.947137 0.911894 0.951542 0.911894 0.960352 0.920705 0.973568 0.938326 0.973568 0.947137 0.964758 0.947137 0.951542 0.955947 0.942731 0.960352 0.942731 0.964758 0.938326 0.964758 0.929515 0.977974 0.916300 0.977974 0.911894 0.982379 0.907489 0.986784 0.907489 0.991189 0.903084 0.995595 0.903084 0.995595 0.885463 0.982379 0.885463 0.969163 0.898678 0.969163 0.903084 0.964758 0.907489 0.960352 0.907489 0.955947 0.911894 0.951542 0.911894 0.947137 0.907489 0.942731 0.907489 0.938326 0.903084 0.938326 0.898678 0.925110 0.885463 0.920705 0.885463 0.916300 0.881057 0.916300 0.876652 0.907489 0.867841 0.898678 0.867841 0.894273 0.863436 0.889868 0.863436 0.876652 0.850220 0.872247 0.850220 0.863436 0.837004 0.859031 0.837004 0.854626 0.832599 0.832599 0.832599 0.828194 0.837004 0.797357 0.837004
0 0.211454 0.832599 0.207048 0.837004 0.207048 0.859031 0.211454 0.863436 0.211454 0.876652 0.198238 0.889868 0.193833 0.889868 0.189427 0.894273 0.180617 0.894273 0.176211 0.889868 0.171806 0.889868 0.167401 0.885463 0.167401 0.876652 0.154185 0.863436 0.154185 0.859031 0.145374 0.850220 0.140969 0.854626 0.136564 0.854626 0.132159 0.859031 0.132159 0.863436 0.127753 0.867841 0.132159 0.867841 0.136564 0.872247 0.140969 0.872247 0.154185 0.885463 0.158590 0.881057 0.162996 0.885463 0.167401 0.885463 0.171806 0.889868 0.171806 0.916300 0.176211 0.920705 0.180617 0.916300 0.193833 0.916300 0.198238 0.911894 0.198238 0.907489 0.211454 0.894273 0.211454 0.876652 0.215859 0.872247 0.220264 0.872247 0.224670 0.867841 0.224670 0.841410 0.220264 0.837004 0.215859 0.837004
0 0.942731 0.806167 0.938326 0.810573 0.933921 0.810573 0.929515 0.814978 0.929515 0.823789 0.920705 0.832599 0.925110 0.837004 0.929515 0.832599 0.942731 0.832599 0.947137 0.837004 0.951542 0.832599 0.947137 0.828194 0.947137 0.810573
0 0.162996 0.766520 0.162996 0.770925 0.167401 0.775330 0.171806 0.775330 0.176211 0.770925 0.180617 0.775330 0.185022 0.775330 0.189427 0.779736 0.189427 0.792952 0.193833 0.797357 0.202643 0.797357 0.207048 0.801762 0.215859 0.801762 0.220264 0.797357 0.220264 0.788546 0.211454 0.779736 0.207048 0.779736 0.202643 0.775330 0.193833 0.775330 0.189427 0.779736 0.185022 0.775330 0.180617 0.775330 0.176211 0.770925 0.176211 0.762115 0.171806 0.757709
0 0.061674 0.753304 0.057269 0.757709 0.057269 0.766520 0.066079 0.775330 0.066079 0.779736 0.070485 0.784141 0.074890 0.784141 0.079295 0.788546 0.079295 0.801762 0.070485 0.810573 0.070485 0.814978 0.066079 0.819383 0.070485 0.823789 0.074890 0.819383 0.079295 0.823789 0.083700 0.823789 0.096916 0.837004 0.101322 0.832599 0.101322 0.828194 0.096916 0.823789 0.096916 0.814978 0.079295 0.797357 0.079295 0.788546 0.088106 0.779736 0.088106 0.775330 0.066079 0.753304
0 0.969163 0.722467 0.964758 0.722467 0.960352 0.726872 0.955947 0.726872 0.938326 0.744493 0.938326 0.757709 0.942731 0.762115 0.947137 0.762115 0.955947 0.753304 0.955947 0.740088 0.960352 0.735683 0.964758 0.735683 0.973568 0.726872
0 0.872247 0.700441 0.867841 0.704846 0.867841 0.713656 0.881057 0.726872 0.885463 0.722467 0.889868 0.722467 0.894273 0.718062 0.894273 0.704846 0.889868 0.700441
0 0.211454 0.647577 0.207048 0.651982 0.211454 0.656388 0.211454 0.669604 0.224670 0.682819 0.237885 0.669604 0.237885 0.660793 0.233480 0.660793 0.229075 0.656388 0.224670 0.656388 0.220264 0.651982 0.215859 0.651982
0 0.083700 0.629956 0.074890 0.629956 0.070485 0.634361 0.070485 0.638767 0.066079 0.643172 0.070485 0.647577 0.070485 0.674009 0.079295 0.682819 0.079295 0.696035 0.070485 0.704846 0.070485 0.718062 0.074890 0.722467 0.074890 0.726872 0.079295 0.731278 0.088106 0.722467 0.088106 0.660793 0.083700 0.656388 0.083700 0.643172 0.088106 0.638767 0.088106 0.634361
0 0.731278 0.621145 0.726872 0.625551 0.726872 0.634361 0.731278 0.638767 0.731278 0.647577 0.726872 0.651982 0.726872 0.669604 0.731278 0.674009 0.740088 0.674009 0.744493 0.669604 0.744493 0.665198 0.748899 0.660793 0.748899 0.643172 0.753304 0.638767 0.753304 0.629956 0.748899 0.625551 0.740088 0.625551 0.735683 0.621145
0 0.792952 0.599119 0.788546 0.603524 0.788546 0.643172 0.784141 0.647577 0.784141 0.656388 0.788546 0.660793 0.792952 0.660793 0.797357 0.656388 0.797357 0.647577 0.814978 0.629956 0.797357 0.612335 0.797357 0.603524
0 0.599119 0.563877 0.590308 0.572687 0.599119 0.581498 0.603524 0.581498 0.607930 0.585903 0.612335 0.585903 0.625551 0.599119 0.634361 0.590308 0.634361 0.585903 0.629956 0.581498 0.625551 0.581498 0.621145 0.577093 0.616740 0.577093 0.603524 0.563877
0 0.096916 0.528634 0.096916 0.541850 0.101322 0.546256 0.105727 0.546256 0.110132 0.550661 0.114537 0.550661 0.118943 0.555066 0.118943 0.563877 0.123348 0.568282 0.123348 0.572687 0.127753 0.577093 0.132159 0.577093 0.145374 0.563877 0.145374 0.555066 0.149780 0.550661 0.154185 0.550661 0.162996 0.541850 0.162996 0.537445 0.158590 0.533040 0.149780 0.541850 0.149780 0.546256 0.145374 0.550661 0.140969 0.550661 0.136564 0.555066 0.127753 0.555066 0.123348 0.550661 0.118943 0.550661 0.114537 0.546256 0.114537 0.537445 0.110132 0.533040 0.110132 0.528634 0.105727 0.524229 0.101322 0.524229
0 0.524229 0.515419 0.519824 0.519824 0.519824 0.524229 0.524229 0.528634 0.524229 0.533040 0.528634 0.537445 0.528634 0.550661 0.524229 0.555066 0.541850 0.572687 0.546256 0.568282 0.546256 0.559471 0.541850 0.555066 0.541850 0.550661 0.537445 0.546256 0.537445 0.524229 0.533040 0.519824 0.528634 0.519824
0 0.070485 0.444934 0.066079 0.449339 0.066079 0.462555 0.061674 0.466960 0.061674 0.471366 0.057269 0.475771 0.057269 0.484582 0.066079 0.493392 0.074890 0.493392 0.079295 0.497797 0.092511 0.497797 0.096916 0.502203 0.101322 0.502203 0.110132 0.493392 0.110132 0.488987 0.105727 0.484582 0.092511 0.484582 0.088106 0.480176 0.083700 0.480176 0.070485 0.466960 0.070485 0.453745 0.074890 0.449339
0 0.995595 0.431718 0.991189 0.431718 0.977974 0.444934 0.973568 0.444934 0.969163 0.449339 0.964758 0.449339 0.960352 0.444934 0.955947 0.444934 0.951542 0.449339 0.942731 0.449339 0.933921 0.458150 0.933921 0.462555 0.938326 0.466960 0.942731 0.466960 0.947137 0.462555 0.951542 0.466960 0.955947 0.462555 0.960352 0.462555 0.969163 0.453745 0.973568 0.453745 0.977974 0.449339 0.982379 0.449339 0.986784 0.444934 0.991189 0.444934 0.995595 0.449339
0 0.462555 0.431718 0.458150 0.436123 0.458150 0.440529 0.453745 0.444934 0.453745 0.462555 0.458150 0.466960 0.471366 0.466960 0.475771 0.462555 0.471366 0.458150 0.471366 0.436123 0.466960 0.431718
0 0.691630 0.422908 0.687225 0.427313 0.691630 0.431718 0.691630 0.440529 0.696035 0.444934 0.696035 0.453745 0.691630 0.458150 0.691630 0.462555 0.687225 0.466960 0.682819 0.466960 0.678414 0.471366 0.674009 0.466960 0.669604 0.471366 0.660793 0.471366 0.656388 0.475771 0.660793 0.480176 0.665198 0.480176 0.669604 0.475771 0.674009 0.475771 0.682819 0.466960 0.687225 0.466960 0.691630 0.462555 0.696035 0.466960 0.704846 0.466960 0.713656 0.458150 0.713656 0.453745 0.709251 0.449339 0.709251 0.440529 0.704846 0.436123 0.700441 0.436123 0.696035 0.431718 0.696035 0.427313
0 0.607930 0.400881 0.590308 0.418502 0.594714 0.422908 0.603524 0.422908 0.607930 0.427313 0.616740 0.427313 0.625551 0.418502 0.625551 0.405286 0.621145 0.400881
0 0.898678 0.387665 0.898678 0.392070 0.907489 0.400881 0.916300 0.400881 0.920705 0.405286 0.925110 0.400881 0.938326 0.400881 0.942731 0.405286 0.951542 0.396476 0.947137 0.392070 0.942731 0.392070 0.938326 0.396476 0.929515 0.396476 0.925110 0.392070 0.920705 0.392070 0.916300 0.387665 0.911894 0.387665 0.907489 0.383260 0.903084 0.383260
0 0.837004 0.378855 0.819383 0.396476 0.819383 0.400881 0.823789 0.405286 0.823789 0.409692 0.832599 0.418502 0.837004 0.418502 0.841410 0.422908 0.850220 0.422908 0.854626 0.418502 0.854626 0.414097 0.850220 0.409692 0.850220 0.400881 0.845815 0.396476 0.845815 0.392070 0.841410 0.387665 0.841410 0.383260
0 0.784141 0.374449 0.779736 0.374449 0.775330 0.378855 0.775330 0.383260 0.770925 0.387665 0.770925 0.409692 0.766520 0.414097 0.762115 0.414097 0.757709 0.418502 0.748899 0.418502 0.740088 0.427313 0.740088 0.431718 0.748899 0.440529 0.753304 0.440529 0.762115 0.431718 0.762115 0.422908 0.775330 0.409692 0.779736 0.409692 0.788546 0.400881 0.788546 0.392070 0.792952 0.387665 0.792952 0.383260
0 0.687225 0.370044 0.682819 0.370044 0.678414 0.374449 0.665198 0.374449 0.656388 0.383260 0.660793 0.387665 0.660793 0.392070 0.669604 0.400881 0.674009 0.400881 0.678414 0.396476 0.682819 0.396476 0.687225 0.392070 0.691630 0.392070 0.696035 0.387665 0.696035 0.378855
0 0.585903 0.325991 0.581498 0.330396 0.581498 0.348018 0.590308 0.356828 0.594714 0.356828 0.599119 0.361233 0.603524 0.361233 0.607930 0.365639 0.607930 0.370044 0.612335 0.374449 0.616740 0.370044 0.612335 0.365639 0.612335 0.352423 0.607930 0.348018 0.607930 0.339207 0.599119 0.330396 0.594714 0.330396 0.590308 0.325991
0 0.400881 0.325991 0.414097 0.339207 0.436123 0.339207 0.444934 0.330396 0.444934 0.325991 0.449339 0.321586 0.444934 0.317181 0.436123 0.317181 0.431718 0.321586 0.427313 0.321586 0.422908 0.325991 0.418502 0.325991 0.414097 0.321586 0.409692 0.321586 0.405286 0.317181 0.400881 0.321586
0 0.731278 0.286344 0.718062 0.286344 0.700441 0.303965 0.700441 0.308370 0.704846 0.312775 0.704846 0.317181 0.709251 0.321586 0.713656 0.317181 0.718062 0.317181 0.735683 0.299559 0.735683 0.290749
0 0.585903 0.273128 0.581498 0.273128 0.563877 0.290749 0.559471 0.290749 0.546256 0.303965 0.546256 0.317181 0.550661 0.321586 0.555066 0.321586 0.559471 0.317181 0.559471 0.308370 0.568282 0.299559 0.572687 0.299559 0.577093 0.295154 0.590308 0.295154 0.594714 0.290749 0.594714 0.281938
0 0.440529 0.237885 0.431718 0.246696 0.436123 0.251101 0.436123 0.259912 0.444934 0.268722 0.444934 0.290749 0.453745 0.299559 0.462555 0.299559 0.466960 0.295154 0.466960 0.286344 0.458150 0.277533 0.458150 0.273128 0.453745 0.268722 0.453745 0.259912 0.458150 0.255507 0.462555 0.255507 0.444934 0.237885
0 0.052863 0.229075 0.048458 0.233480 0.057269 0.242291 0.057269 0.277533 0.061674 0.281938 0.070485 0.281938 0.079295 0.273128 0.079295 0.268722 0.074890 0.264317 0.074890 0.259912 0.070485 0.255507 0.070485 0.251101 0.061674 0.242291 0.061674 0.233480 0.057269 0.229075
0 0.775330 0.207048 0.770925 0.211454 0.770925 0.224670 0.779736 0.233480 0.779736 0.237885 0.784141 0.242291 0.784141 0.246696 0.792952 0.255507 0.801762 0.246696 0.801762 0.242291 0.792952 0.233480 0.788546 0.233480 0.784141 0.229075 0.784141 0.211454 0.779736 0.207048
0 0.687225 0.140969 0.678414 0.140969 0.669604 0.149780 0.669604 0.154185 0.665198 0.158590 0.665198 0.167401 0.674009 0.176211 0.678414 0.176211 0.691630 0.162996 0.691630 0.145374
0 0.317181 0.140969 0.312775 0.136564 0.295154 0.136564 0.290749 0.140969 0.286344 0.140969 0.281938 0.145374 0.281938 0.154185 0.290749 0.162996 0.308370 0.145374 0.312775 0.145374
0 0.458150 0.123348 0.453745 0.127753 0.453745 0.145374 0.462555 0.154185 0.466960 0.154185 0.471366 0.149780 0.471366 0.145374 0.475771 0.140969 0.475771 0.136564 0.462555 0.123348
0 0.528634 0.127753 0.537445 0.136564 0.541850 0.136564 0.550661 0.145374 0.568282 0.145374 0.572687 0.149780 0.577093 0.145374 0.577093 0.140969 0.572687 0.136564 0.568282 0.136564 0.563877 0.132159 0.559471 0.132159 0.546256 0.118943 0.541850 0.118943 0.537445 0.114537 0.533040 0.118943 0.533040 0.123348
0 0.718062 0.110132 0.713656 0.114537 0.713656 0.132159 0.718062 0.136564 0.726872 0.136564 0.731278 0.132159 0.735683 0.132159 0.740088 0.127753 0.740088 0.123348 0.735683 0.118943 0.735683 0.114537 0.731278 0.110132
0 0.925110 0.074890 0.916300 0.074890 0.907489 0.083700 0.907489 0.105727 0.916300 0.114537 0.925110 0.105727 0.925110 0.096916 0.929515 0.092511 0.929515 0.079295
0 0.607930 0.017621 0.603524 0.013216 0.590308 0.026432 0.585903 0.026432 0.581498 0.030837 0.572687 0.030837 0.568282 0.026432 0.563877 0.026432 0.559471 0.030837 0.559471 0.035242 0.546256 0.048458 0.541850 0.048458 0.537445 0.052863 0.528634 0.052863 0.524229 0.057269 0.519824 0.057269 0.511013 0.066079 0.506608 0.066079 0.502203 0.070485 0.497797 0.070485 0.484582 0.083700 0.488987 0.088106 0.502203 0.088106 0.506608 0.083700 0.511013 0.083700 0.515419 0.079295 0.519824 0.079295 0.524229 0.074890 0.528634 0.074890 0.546256 0.057269 0.550661 0.057269 0.555066 0.052863 0.568282 0.052863 0.572687 0.048458 0.577093 0.052863 0.590308 0.039648 0.594714 0.039648 0.607930 0.026432
0 0.933921 0.000000 0.938326 0.004405 0.942731 0.004405 0.947137 0.008811 0.951542 0.008811 0.955947 0.004405 0.960352 0.008811 0.964758 0.008811 0.969163 0.013216 0.969163 0.030837 0.964758 0.035242 0.960352 0.035242 0.955947 0.039648 0.951542 0.035242 0.942731 0.044053 0.942731 0.057269 0.947137 0.061674 0.947137 0.074890 0.951542 0.074890 0.955947 0.079295 0.955947 0.083700 0.960352 0.088106 0.964758 0.088106 0.969163 0.092511 0.973568 0.088106 0.977974 0.088106 0.982379 0.083700 0.982379 0.074890 0.969163 0.061674 0.969163 0.052863 0.973568 0.048458 0.977974 0.048458 0.982379 0.044053 0.982379 0.039648 0.977974 0.035242 0.977974 0.026432 0.986784 0.017621 0.991189 0.017621 0.995595 0.013216 0.995595 0.000000
0 0.837004 0.000000 0.837004 0.004405 0.832599 0.008811 0.832599 0.017621 0.828194 0.022026 0.832599 0.026432 0.850220 0.026432 0.854626 0.022026 0.854626 0.013216 0.845815 0.004405 0.845815 0.000000
0 0.048458 0.000000 0.088106 0.101322 0.158590 0.202643 0.251101 0.277533 0.237885 0.339207 0.198238 0.321586 0.167401 0.352423 0.123348 0.303965 0.105727 0.317181 0.158590 0.352423 0.149780 0.370044 0.189427 0.405286 0.211454 0.378855 0.273128 0.431718 0.303965 0.484582 0.374449 0.537445 0.352423 0.577093 0.378855 0.581498 0.493392 0.687225 0.480176 0.704846 0.387665 0.660793 0.198238 0.427313 0.237885 0.497797 0.229075 0.546256 0.273128 0.533040 0.295154 0.555066 0.277533 0.581498 0.317181 0.607930 0.312775 0.625551 0.348018 0.669604 0.444934 0.735683 0.462555 0.726872 0.484582 0.744493 0.488987 0.775330 0.440529 0.801762 0.449339 0.850220 0.458150 0.828194 0.493392 0.814978 0.594714 0.881057 0.612335 0.859031 0.585903 0.823789 0.603524 0.814978 0.629956 0.854626 0.669604 0.859031 0.696035 0.894273 0.748899 0.903084 0.779736 0.933921 0.744493 0.964758 0.696035 0.916300 0.616740 0.894273 0.634361 0.995595 0.669604 0.995595 0.674009 0.973568 0.709251 0.960352 0.748899 0.995595 0.770925 0.977974 0.788546 0.995595 0.837004 0.995595 0.792952 0.885463 0.647577 0.806167 0.621145 0.775330 0.621145 0.713656 0.519824 0.625551 0.475771 0.612335 0.396476 0.502203 0.352423 0.475771 0.352423 0.449339 0.378855 0.440529 0.383260 0.400881 0.409692 0.378855 0.378855 0.396476 0.352423 0.449339 0.295154 0.396476 0.308370 0.330396 0.348018 0.317181 0.308370 0.325991 0.290749 0.308370 0.303965 0.215859 0.264317 0.246696 0.176211 0.167401 0.105727 0.057269 0.118943 0.000000 0.096916 0.030837 0.079295 0.000000
