0 0.581498 0.929515 0.577093 0.933921 0.581498 0.938326 0.581498 0.960352 0.594714 0.973568 0.594714 0.995595 0.603524 0.995595 0.603524 0.977974 0.594714 0.969163 0.594714 0.942731 0.599119 0.938326 0.599119 0.933921 0.594714 0.929515
0 0.942731 0.889868 0.933921 0.898678 0.933921 0.911894 0.929515 0.916300 0.929515 0.925110 0.933921 0.929515 0.938326 0.929515 0.942731 0.933921 0.951542 0.925110 0.947137 0.920705 0.947137 0.894273
0 0.303965 0.828194 0.290749 0.828194 0.286344 0.832599 0.290749 0.837004 0.290749 0.854626 0.281938 0.863436 0.281938 0.867841 0.273128 0.876652 0.273128 0.881057 0.264317 0.889868 0.264317 0.894273 0.251101 0.907489 0.255507 0.911894 0.264317 0.911894 0.268722 0.907489 0.268722 0.894273 0.286344 0.876652 0.286344 0.867841 0.290749 0.863436 0.290749 0.854626 0.308370 0.837004 0.308370 0.832599
0 0.110132 0.792952 0.101322 0.801762 0.101322 0.810573 0.096916 0.814978 0.096916 0.819383 0.092511 0.823789 0.101322 0.832599 0.105727 0.832599 0.110132 0.837004 0.114537 0.837004 0.123348 0.845815 0.123348 0.850220 0.136564 0.863436 0.145374 0.863436 0.149780 0.859031 0.154185 0.863436 0.158590 0.863436 0.162996 0.867841 0.162996 0.872247 0.167401 0.876652 0.167401 0.885463 0.162996 0.889868 0.162996 0.903084 0.176211 0.916300 0.180617 0.911894 0.180617 0.903084 0.176211 0.898678 0.176211 0.894273 0.171806 0.889868 0.171806 0.881057 0.180617 0.872247 0.185022 0.872247 0.189427 0.867841 0.193833 0.867841 0.198238 0.863436 0.198238 0.859031 0.207048 0.850220 0.211454 0.850220 0.220264 0.841410 0.220264 0.837004 0.224670 0.832599 0.215859 0.823789 0.211454 0.828194 0.207048 0.828194 0.193833 0.841410 0.189427 0.841410 0.180617 0.850220 0.180617 0.854626 0.171806 0.863436 0.167401 0.863436 0.162996 0.867841 0.158590 0.863436 0.154185 0.863436 0.149780 0.859031 0.149780 0.854626 0.140969 0.845815 0.136564 0.845815 0.132159 0.841410 0.127753 0.841410 0.123348 0.837004 0.118943 0.837004 0.114537 0.832599 0.114537 0.823789 0.118943 0.819383 0.118943 0.806167 0.123348 0.801762 0.114537 0.792952
0 0.995595 0.797357 0.991189 0.792952 0.986784 0.792952 0.982379 0.788546 0.977974 0.788546 0.964758 0.801762 0.964758 0.806167 0.973568 0.814978 0.977974 0.814978 0.986784 0.806167 0.991189 0.806167 0.995595 0.801762
0 0.828194 0.748899 0.823789 0.753304 0.828194 0.757709 0.828194 0.762115 0.832599 0.766520 0.832599 0.770925 0.837004 0.775330 0.837004 0.779736 0.841410 0.784141 0.845815 0.784141 0.854626 0.792952 0.854626 0.810573 0.863436 0.819383 0.867841 0.819383 0.872247 0.823789 0.881057 0.814978 0.881057 0.806167 0.876652 0.801762 0.876652 0.797357 0.872247 0.792952 0.867841 0.792952 0.854626 0.779736 0.854626 0.770925 0.832599 0.748899
0 0.176211 0.722467 0.154185 0.744493 0.149780 0.744493 0.145374 0.748899 0.145374 0.762115 0.149780 0.766520 0.154185 0.762115 0.158590 0.762115 0.180617 0.740088 0.180617 0.735683 0.185022 0.731278
0 0.616740 0.656388 0.616740 0.665198 0.621145 0.669604 0.621145 0.674009 0.625551 0.678414 0.625551 0.682819 0.629956 0.687225 0.634361 0.687225 0.638767 0.691630 0.638767 0.696035 0.647577 0.704846 0.647577 0.718062 0.656388 0.726872 0.660793 0.726872 0.665198 0.722467 0.665198 0.718062 0.656388 0.709251 0.656388 0.704846 0.651982 0.700441 0.651982 0.696035 0.643172 0.687225 0.643172 0.674009 0.629956 0.660793 0.625551 0.660793 0.621145 0.656388
0 0.493392 0.638767 0.484582 0.629956 0.480176 0.634361 0.466960 0.634361 0.458150 0.643172 0.458150 0.651982 0.462555 0.656388 0.475771 0.656388 0.484582 0.647577 0.488987 0.647577 0.493392 0.643172
0 0.850220 0.616740 0.845815 0.621145 0.845815 0.638767 0.863436 0.656388 0.867841 0.656388 0.872247 0.660793 0.881057 0.651982 0.881057 0.647577 0.867841 0.634361 0.867841 0.621145 0.863436 0.616740 0.859031 0.621145 0.854626 0.616740
0 0.594714 0.568282 0.590308 0.563877 0.585903 0.563877 0.581498 0.559471 0.577093 0.563877 0.572687 0.563877 0.568282 0.568282 0.559471 0.568282 0.555066 0.572687 0.550661 0.572687 0.546256 0.577093 0.541850 0.577093 0.537445 0.581498 0.533040 0.581498 0.528634 0.585903 0.524229 0.585903 0.519824 0.590308 0.515419 0.590308 0.506608 0.599119 0.502203 0.599119 0.497797 0.603524 0.502203 0.607930 0.511013 0.607930 0.515419 0.603524 0.519824 0.607930 0.524229 0.607930 0.533040 0.616740 0.537445 0.616740 0.550661 0.603524 0.555066 0.603524 0.559471 0.599119 0.572687 0.599119 0.581498 0.590308 0.581498 0.581498
0 0.436123 0.471366 0.431718 0.475771 0.431718 0.480176 0.427313 0.484582 0.431718 0.488987 0.431718 0.497797 0.436123 0.502203 0.449339 0.502203 0.458150 0.493392 0.458150 0.488987 0.453745 0.484582 0.449339 0.484582
0 0.321586 0.466960 0.317181 0.466960 0.308370 0.475771 0.308370 0.497797 0.286344 0.519824 0.290749 0.524229 0.299559 0.524229 0.303965 0.519824 0.308370 0.519824 0.317181 0.511013 0.317181 0.502203 0.321586 0.497797 0.321586 0.488987 0.325991 0.484582 0.325991 0.471366
0 0.577093 0.422908 0.572687 0.422908 0.563877 0.431718 0.563877 0.440529 0.555066 0.449339 0.555066 0.484582 0.568282 0.497797 0.572687 0.493392 0.572687 0.484582 0.568282 0.480176 0.568282 0.471366 0.572687 0.466960 0.572687 0.462555 0.577093 0.458150 0.577093 0.453745 0.581498 0.449339 0.585903 0.449339 0.590308 0.444934 0.590308 0.436123
0 0.616740 0.392070 0.612335 0.396476 0.612335 0.400881 0.616740 0.405286 0.616740 0.409692 0.621145 0.414097 0.621145 0.418502 0.625551 0.422908 0.625551 0.427313 0.629956 0.431718 0.629956 0.436123 0.634361 0.440529 0.643172 0.431718 0.643172 0.427313 0.634361 0.418502 0.634361 0.414097 0.625551 0.405286 0.625551 0.396476 0.621145 0.392070
0 0.158590 0.378855 0.154185 0.374449 0.149780 0.378855 0.114537 0.378855 0.096916 0.387665 0.083700 0.387665 0.079295 0.383260 0.070485 0.383260 0.052863 0.392070 0.039648 0.392070 0.017621 0.409692 0.004405 0.414097 0.000000 0.418502 0.000000 0.427313 0.008811 0.431718 0.017621 0.427313 0.035242 0.440529 0.039648 0.440529 0.048458 0.449339 0.048458 0.462555 0.030837 0.475771 0.026432 0.471366 0.000000 0.471366 0.000000 0.488987 0.017621 0.488987 0.030837 0.497797 0.030837 0.506608 0.026432 0.511013 0.052863 0.528634 0.066079 0.528634 0.070485 0.533040 0.079295 0.528634 0.092511 0.537445 0.096916 0.533040 0.114537 0.533040 0.118943 0.528634 0.118943 0.506608 0.132159 0.497797 0.149780 0.506608 0.158590 0.515419 0.167401 0.497797 0.176211 0.493392 0.180617 0.497797 0.189427 0.488987 0.189427 0.475771 0.185022 0.471366 0.171806 0.484582 0.171806 0.493392 0.158590 0.502203 0.140969 0.488987 0.105727 0.488987 0.101322 0.493392 0.079295 0.493392 0.070485 0.488987 0.057269 0.475771 0.057269 0.458150 0.061674 0.453745 0.048458 0.444934 0.048458 0.436123 0.061674 0.418502 0.070485 0.414097 0.088106 0.414097 0.096916 0.405286 0.105727 0.400881 0.114537 0.400881 0.118943 0.396476 0.132159 0.396476 0.140969 0.387665
0 0.400881 0.321586 0.396476 0.321586 0.383260 0.334802 0.383260 0.352423 0.387665 0.356828 0.396476 0.356828 0.405286 0.348018 0.405286 0.325991
0 0.295154 0.321586 0.290749 0.317181 0.281938 0.317181 0.273128 0.325991 0.268722 0.325991 0.264317 0.330396 0.255507 0.330396 0.251101 0.334802 0.251101 0.339207 0.255507 0.343612 0.273128 0.343612 0.286344 0.330396 0.290749 0.330396 0.295154 0.325991
0 0.995595 0.312775 0.938326 0.295154 0.907489 0.308370 0.885463 0.290749 0.863436 0.317181 0.766520 0.348018 0.753304 0.339207 0.766520 0.286344 0.744493 0.286344 0.748899 0.330396 0.713656 0.365639 0.740088 0.361233 0.753304 0.378855 0.726872 0.414097 0.722467 0.502203 0.687225 0.528634 0.700441 0.550661 0.665198 0.581498 0.616740 0.590308 0.638767 0.607930 0.629956 0.625551 0.563877 0.656388 0.528634 0.638767 0.511013 0.656388 0.537445 0.660793 0.541850 0.678414 0.480176 0.744493 0.325991 0.669604 0.312775 0.647577 0.348018 0.629956 0.277533 0.599119 0.321586 0.577093 0.449339 0.585903 0.471366 0.563877 0.449339 0.577093 0.321586 0.568282 0.264317 0.585903 0.167401 0.533040 0.154185 0.537445 0.162996 0.581498 0.185022 0.568282 0.198238 0.590308 0.083700 0.674009 0.000000 0.691630 0.000000 0.718062 0.096916 0.722467 0.259912 0.629956 0.264317 0.669604 0.290749 0.647577 0.436123 0.744493 0.348018 0.863436 0.378855 0.938326 0.414097 0.938326 0.422908 0.925110 0.387665 0.885463 0.414097 0.828194 0.405286 0.806167 0.427313 0.792952 0.458150 0.819383 0.462555 0.801762 0.431718 0.779736 0.466960 0.775330 0.585903 0.651982 0.691630 0.599119 0.735683 0.612335 0.792952 0.585903 0.792952 0.572687 0.757709 0.590308 0.713656 0.546256 0.744493 0.550661 0.792952 0.515419 0.837004 0.436123 0.916300 0.418502 0.973568 0.374449 0.955947 0.356828 0.894273 0.387665 0.854626 0.383260 0.837004 0.418502 0.810573 0.396476 0.828194 0.414097 0.828194 0.436123 0.806167 0.444934 0.814978 0.462555 0.753304 0.475771 0.735683 0.458150 0.762115 0.422908 0.753304 0.400881 0.775330 0.392070 0.766520 0.374449 0.872247 0.321586 0.894273 0.343612 0.933921 0.303965
0 0.066079 0.281938 0.061674 0.286344 0.066079 0.290749 0.066079 0.295154 0.070485 0.299559 0.070485 0.308370 0.066079 0.312775 0.061674 0.312775 0.057269 0.317181 0.057269 0.330396 0.061674 0.334802 0.066079 0.330396 0.070485 0.330396 0.079295 0.321586 0.079295 0.317181 0.070485 0.308370 0.070485 0.299559 0.074890 0.295154 0.074890 0.290749
0 0.352423 0.277533 0.348018 0.281938 0.343612 0.281938 0.339207 0.286344 0.339207 0.290749 0.334802 0.295154 0.334802 0.317181 0.343612 0.325991 0.348018 0.321586 0.348018 0.303965 0.352423 0.299559 0.352423 0.295154 0.361233 0.286344
0 0.797357 0.246696 0.792952 0.251101 0.792952 0.259912 0.788546 0.264317 0.801762 0.277533 0.801762 0.286344 0.797357 0.290749 0.797357 0.295154 0.806167 0.303965 0.810573 0.303965 0.814978 0.299559 0.814978 0.290749 0.801762 0.277533 0.801762 0.264317 0.806167 0.259912 0.801762 0.255507 0.801762 0.251101
0 0.462555 0.242291 0.462555 0.246696 0.458150 0.251101 0.458150 0.255507 0.453745 0.259912 0.458150 0.264317 0.462555 0.259912 0.466960 0.259912 0.471366 0.255507 0.480176 0.255507 0.484582 0.259912 0.488987 0.259912 0.493392 0.264317 0.493392 0.277533 0.488987 0.281938 0.488987 0.290749 0.493392 0.295154 0.497797 0.295154 0.506608 0.286344 0.502203 0.281938 0.502203 0.259912 0.506608 0.255507 0.502203 0.251101 0.488987 0.251101 0.484582 0.255507 0.480176 0.251101 0.475771 0.251101 0.466960 0.242291
0 0.995595 0.233480 0.991189 0.233480 0.982379 0.242291 0.977974 0.242291 0.973568 0.246696 0.969163 0.242291 0.964758 0.242291 0.955947 0.233480 0.951542 0.233480 0.947137 0.229075 0.942731 0.229075 0.938326 0.233480 0.920705 0.233480 0.916300 0.237885 0.911894 0.237885 0.903084 0.246696 0.898678 0.246696 0.894273 0.251101 0.889868 0.246696 0.885463 0.246696 0.876652 0.237885 0.867841 0.237885 0.863436 0.242291 0.859031 0.237885 0.854626 0.242291 0.854626 0.246696 0.859031 0.251101 0.863436 0.251101 0.876652 0.264317 0.889868 0.264317 0.898678 0.255507 0.903084 0.255507 0.907489 0.251101 0.911894 0.255507 0.933921 0.255507 0.938326 0.259912 0.942731 0.255507 0.947137 0.255507 0.951542 0.259912 0.955947 0.255507 0.960352 0.259912 0.969163 0.251101 0.973568 0.251101 0.977974 0.246696 0.982379 0.251101 0.986784 0.251101 0.991189 0.255507 0.995595 0.255507
0 0.299559 0.211454 0.295154 0.207048 0.290749 0.207048 0.286344 0.211454 0.264317 0.211454 0.255507 0.220264 0.264317 0.229075 0.268722 0.224670 0.281938 0.224670 0.286344 0.220264 0.290749 0.224670 0.295154 0.224670 0.299559 0.220264
0 0.656388 0.180617 0.651982 0.180617 0.647577 0.176211 0.621145 0.176211 0.616740 0.180617 0.607930 0.180617 0.603524 0.185022 0.599119 0.185022 0.577093 0.207048 0.581498 0.211454 0.585903 0.211454 0.590308 0.215859 0.594714 0.215859 0.599119 0.220264 0.612335 0.220264 0.616740 0.215859 0.621145 0.215859 0.629956 0.207048 0.629956 0.202643 0.638767 0.193833 0.643172 0.193833 0.647577 0.189427 0.651982 0.189427 0.656388 0.185022
0 0.920705 0.158590 0.911894 0.167401 0.911894 0.171806 0.933921 0.193833 0.942731 0.185022 0.942731 0.180617 0.938326 0.176211 0.938326 0.171806 0.925110 0.158590
0 0.828194 0.149780 0.819383 0.140969 0.814978 0.145374 0.810573 0.145374 0.806167 0.149780 0.801762 0.149780 0.797357 0.154185 0.792952 0.154185 0.788546 0.158590 0.784141 0.158590 0.779736 0.154185 0.766520 0.154185 0.762115 0.158590 0.757709 0.158590 0.753304 0.162996 0.748899 0.158590 0.744493 0.158590 0.740088 0.154185 0.696035 0.154185 0.691630 0.158590 0.682819 0.158590 0.674009 0.167401 0.674009 0.171806 0.678414 0.176211 0.718062 0.176211 0.722467 0.171806 0.740088 0.171806 0.744493 0.167401 0.748899 0.167401 0.753304 0.162996 0.762115 0.162996 0.766520 0.167401 0.770925 0.167401 0.779736 0.176211 0.784141 0.171806 0.801762 0.171806 0.806167 0.167401 0.810573 0.167401
0 0.449339 0.127753 0.444934 0.132159 0.440529 0.127753 0.436123 0.127753 0.431718 0.132159 0.431718 0.145374 0.427313 0.149780 0.427313 0.162996 0.431718 0.167401 0.440529 0.158590 0.444934 0.158590 0.449339 0.154185 0.449339 0.136564 0.453745 0.132159
0 0.074890 0.079295 0.070485 0.083700 0.070485 0.092511 0.066079 0.096916 0.070485 0.101322 0.070485 0.105727 0.083700 0.118943 0.083700 0.127753 0.092511 0.136564 0.096916 0.136564 0.101322 0.132159 0.101322 0.118943 0.096916 0.114537 0.092511 0.114537 0.079295 0.101322 0.079295 0.083700
0 0.612335 0.000000 0.612335 0.017621 0.621145 0.026432 0.621145 0.039648 0.625551 0.044053 0.629956 0.044053 0.651982 0.066079 0.651982 0.070485 0.656388 0.074890 0.656388 0.083700 0.665198 0.092511 0.665198 0.101322 0.660793 0.105727 0.660793 0.114537 0.669604 0.123348 0.682819 0.123348 0.687225 0.127753 0.700441 0.127753 0.704846 0.123348 0.704846 0.114537 0.700441 0.110132 0.682819 0.110132 0.678414 0.105727 0.674009 0.105727 0.669604 0.101322 0.669604 0.088106 0.674009 0.083700 0.674009 0.074890 0.665198 0.066079 0.665198 0.061674 0.660793 0.057269 0.660793 0.052863 0.651982 0.044053 0.647577 0.044053 0.643172 0.048458 0.638767 0.044053 0.634361 0.044053 0.629956 0.039648 0.629956 0.030837 0.634361 0.026432 0.634361 0.022026 0.629956 0.017621 0.629956 0.000000
