0 0.876652 0.960352 0.872247 0.955947 0.867841 0.955947 0.863436 0.960352 0.845815 0.960352 0.841410 0.964758 0.841410 0.973568 0.845815 0.977974 0.850220 0.977974 0.854626 0.973568 0.859031 0.973568 0.863436 0.977974 0.872247 0.977974 0.876652 0.973568
0 0.929515 0.951542 0.929515 0.955947 0.925110 0.960352 0.925110 0.964758 0.929515 0.969163 0.947137 0.969163 0.951542 0.973568 0.955947 0.973568 0.960352 0.977974 0.960352 0.982379 0.969163 0.991189 0.969163 0.995595 0.982379 0.995595 0.982379 0.986784 0.986784 0.982379 0.991189 0.982379 0.986784 0.982379 0.982379 0.977974 0.982379 0.973568 0.973568 0.964758 0.969163 0.964758 0.964758 0.960352 0.960352 0.964758 0.955947 0.960352 0.951542 0.960352 0.947137 0.955947 0.947137 0.951542 0.942731 0.947137 0.933921 0.947137
0 0.466960 0.947137 0.462555 0.947137 0.449339 0.960352 0.449339 0.977974 0.440529 0.986784 0.440529 0.995595 0.453745 0.995595 0.453745 0.977974 0.458150 0.973568 0.462555 0.973568 0.475771 0.960352 0.475771 0.955947
0 0.299559 0.947137 0.290749 0.955947 0.286344 0.955947 0.281938 0.960352 0.281938 0.964758 0.286344 0.964758 0.290749 0.969163 0.295154 0.969163 0.299559 0.973568 0.303965 0.973568 0.308370 0.977974 0.312775 0.973568 0.312775 0.969163 0.317181 0.964758 0.317181 0.955947 0.308370 0.947137
0 0.577093 0.916300 0.568282 0.916300 0.563877 0.920705 0.563877 0.929515 0.568282 0.933921 0.568282 0.942731 0.572687 0.947137 0.572687 0.964758 0.563877 0.973568 0.563877 0.982379 0.568282 0.986784 0.577093 0.977974 0.581498 0.977974 0.585903 0.973568 0.581498 0.969163 0.581498 0.955947 0.585903 0.951542 0.585903 0.929515 0.581498 0.925110 0.581498 0.920705
0 0.039648 0.929515 0.039648 0.938326 0.044053 0.942731 0.048458 0.942731 0.052863 0.947137 0.057269 0.947137 0.074890 0.964758 0.079295 0.964758 0.083700 0.960352 0.088106 0.960352 0.092511 0.955947 0.092511 0.951542 0.088106 0.947137 0.070485 0.947137 0.066079 0.942731 0.061674 0.942731 0.057269 0.938326 0.057269 0.929515 0.061674 0.925110 0.061674 0.920705 0.057269 0.916300 0.052863 0.920705 0.048458 0.920705
0 0.876652 0.916300 0.872247 0.911894 0.867841 0.916300 0.863436 0.911894 0.859031 0.916300 0.854626 0.916300 0.850220 0.920705 0.845815 0.920705 0.832599 0.933921 0.837004 0.938326 0.845815 0.938326 0.850220 0.933921 0.854626 0.933921 0.859031 0.929515 0.867841 0.929515 0.876652 0.920705
0 0.713656 0.881057 0.704846 0.889868 0.704846 0.894273 0.709251 0.898678 0.709251 0.903084 0.718062 0.911894 0.722467 0.911894 0.726872 0.916300 0.731278 0.911894 0.735683 0.911894 0.740088 0.907489 0.735683 0.903084 0.731278 0.903084 0.722467 0.894273 0.722467 0.889868
0 0.497797 0.881057 0.488987 0.889868 0.488987 0.894273 0.484582 0.898678 0.484582 0.907489 0.480176 0.911894 0.480176 0.920705 0.488987 0.929515 0.497797 0.929515 0.502203 0.925110 0.502203 0.920705 0.506608 0.916300 0.506608 0.911894 0.511013 0.907489 0.515419 0.907489 0.511013 0.903084 0.506608 0.903084 0.502203 0.898678 0.502203 0.885463
0 0.185022 0.850220 0.185022 0.859031 0.189427 0.863436 0.193833 0.859031 0.207048 0.859031 0.211454 0.863436 0.215859 0.863436 0.220264 0.867841 0.220264 0.876652 0.224670 0.881057 0.237885 0.881057 0.242291 0.876652 0.242291 0.863436 0.237885 0.859031 0.229075 0.859031 0.224670 0.854626 0.220264 0.854626 0.211454 0.845815 0.207048 0.845815 0.202643 0.841410 0.193833 0.841410
0 0.383260 0.841410 0.374449 0.832599 0.370044 0.837004 0.356828 0.837004 0.352423 0.841410 0.348018 0.841410 0.343612 0.845815 0.334802 0.845815 0.330396 0.841410 0.325991 0.841410 0.317181 0.850220 0.317181 0.854626 0.312775 0.859031 0.308370 0.859031 0.303965 0.863436 0.299559 0.859031 0.295154 0.859031 0.290749 0.863436 0.286344 0.863436 0.273128 0.876652 0.273128 0.894273 0.277533 0.898678 0.281938 0.898678 0.286344 0.903084 0.290749 0.898678 0.290749 0.885463 0.299559 0.876652 0.299559 0.872247 0.303965 0.867841 0.303965 0.863436 0.308370 0.859031 0.312775 0.859031 0.317181 0.854626 0.321586 0.859031 0.330396 0.859031 0.334802 0.854626 0.374449 0.854626 0.383260 0.845815
0 0.916300 0.801762 0.911894 0.797357 0.907489 0.797357 0.903084 0.801762 0.903084 0.806167 0.898678 0.810573 0.898678 0.814978 0.881057 0.832599 0.876652 0.832599 0.872247 0.837004 0.867841 0.837004 0.863436 0.841410 0.859031 0.841410 0.850220 0.850220 0.850220 0.854626 0.845815 0.859031 0.841410 0.859031 0.837004 0.863436 0.832599 0.859031 0.828194 0.859031 0.814978 0.845815 0.806167 0.854626 0.801762 0.854626 0.788546 0.867841 0.784141 0.867841 0.779736 0.872247 0.775330 0.867841 0.770925 0.867841 0.766520 0.863436 0.762115 0.867841 0.757709 0.867841 0.762115 0.867841 0.766520 0.872247 0.770925 0.867841 0.775330 0.867841 0.779736 0.872247 0.784141 0.872247 0.792952 0.881057 0.797357 0.881057 0.806167 0.872247 0.810573 0.872247 0.814978 0.867841 0.819383 0.867841 0.823789 0.863436 0.828194 0.863436 0.832599 0.867841 0.837004 0.867841 0.850220 0.881057 0.854626 0.881057 0.859031 0.885463 0.859031 0.889868 0.863436 0.894273 0.867841 0.889868 0.863436 0.885463 0.859031 0.885463 0.854626 0.881057 0.854626 0.863436 0.863436 0.854626 0.863436 0.850220 0.867841 0.845815 0.872247 0.845815 0.876652 0.841410 0.881057 0.841410 0.885463 0.845815 0.889868 0.845815 0.898678 0.837004 0.898678 0.828194 0.907489 0.819383 0.907489 0.814978 0.916300 0.806167
0 0.321586 0.757709 0.308370 0.770925 0.312775 0.775330 0.317181 0.775330 0.321586 0.779736 0.325991 0.779736 0.330396 0.784141 0.330396 0.801762 0.325991 0.806167 0.334802 0.814978 0.339207 0.810573 0.343612 0.810573 0.352423 0.801762 0.352423 0.797357 0.343612 0.788546 0.339207 0.788546 0.334802 0.784141 0.330396 0.784141 0.325991 0.779736 0.325991 0.762115
0 0.973568 0.740088 0.969163 0.740088 0.960352 0.748899 0.960352 0.766520 0.964758 0.770925 0.964758 0.779736 0.955947 0.788546 0.960352 0.792952 0.977974 0.775330 0.977974 0.770925 0.982379 0.766520 0.982379 0.753304 0.977974 0.748899 0.977974 0.744493
0 0.859031 0.740088 0.854626 0.744493 0.854626 0.757709 0.850220 0.762115 0.850220 0.766520 0.854626 0.770925 0.867841 0.770925 0.872247 0.775330 0.876652 0.775330 0.881057 0.779736 0.885463 0.779736 0.889868 0.784141 0.894273 0.779736 0.894273 0.775330 0.898678 0.770925 0.898678 0.766520 0.894273 0.762115 0.889868 0.762115 0.885463 0.757709 0.881057 0.757709 0.876652 0.753304 0.872247 0.753304 0.867841 0.748899 0.867841 0.744493 0.863436 0.740088
0 0.251101 0.748899 0.242291 0.740088 0.233480 0.740088 0.229075 0.735683 0.215859 0.748899 0.211454 0.748899 0.207048 0.753304 0.202643 0.753304 0.185022 0.770925 0.180617 0.770925 0.158590 0.792952 0.154185 0.792952 0.149780 0.797357 0.145374 0.792952 0.140969 0.792952 0.136564 0.788546 0.136564 0.784141 0.127753 0.775330 0.118943 0.784141 0.118943 0.788546 0.114537 0.792952 0.114537 0.797357 0.118943 0.801762 0.123348 0.797357 0.127753 0.797357 0.132159 0.792952 0.140969 0.792952 0.145374 0.797357 0.149780 0.797357 0.154185 0.801762 0.162996 0.801762 0.167401 0.806167 0.171806 0.801762 0.176211 0.806167 0.185022 0.806167 0.189427 0.801762 0.189427 0.779736 0.193833 0.775330 0.198238 0.775330 0.211454 0.762115 0.215859 0.762115 0.220264 0.757709 0.229075 0.757709 0.233480 0.762115 0.237885 0.762115 0.242291 0.766520 0.251101 0.757709
0 0.348018 0.735683 0.348018 0.740088 0.356828 0.748899 0.365639 0.748899 0.370044 0.753304 0.396476 0.753304 0.405286 0.744493 0.400881 0.740088 0.392070 0.740088 0.387665 0.744493 0.383260 0.740088 0.370044 0.740088 0.365639 0.735683 0.356828 0.735683 0.352423 0.731278
0 0.325991 0.713656 0.321586 0.709251 0.312775 0.709251 0.308370 0.713656 0.303965 0.713656 0.299559 0.718062 0.281938 0.718062 0.277533 0.722467 0.277533 0.726872 0.281938 0.731278 0.286344 0.731278 0.290749 0.726872 0.303965 0.726872 0.308370 0.722467 0.321586 0.722467 0.325991 0.718062
0 0.616740 0.696035 0.612335 0.700441 0.612335 0.718062 0.607930 0.722467 0.603524 0.722467 0.599119 0.726872 0.594714 0.722467 0.581498 0.722467 0.577093 0.726872 0.577093 0.731278 0.572687 0.735683 0.572687 0.744493 0.555066 0.762115 0.555066 0.775330 0.550661 0.779736 0.546256 0.779736 0.541850 0.784141 0.537445 0.784141 0.533040 0.788546 0.528634 0.784141 0.524229 0.788546 0.524229 0.792952 0.528634 0.797357 0.555066 0.797357 0.559471 0.792952 0.559471 0.779736 0.568282 0.770925 0.572687 0.770925 0.577093 0.766520 0.577093 0.762115 0.572687 0.757709 0.572687 0.744493 0.577093 0.740088 0.581498 0.740088 0.585903 0.735683 0.594714 0.735683 0.599119 0.731278 0.599119 0.726872 0.603524 0.722467 0.607930 0.722467 0.612335 0.718062 0.616740 0.722467 0.625551 0.713656 0.625551 0.709251 0.621145 0.704846 0.621145 0.700441
0 0.374449 0.674009 0.365639 0.682819 0.365639 0.691630 0.370044 0.696035 0.374449 0.696035 0.378855 0.700441 0.387665 0.700441 0.392070 0.696035 0.392070 0.678414 0.387665 0.674009
0 0.057269 0.674009 0.052863 0.678414 0.052863 0.691630 0.057269 0.696035 0.057269 0.709251 0.061674 0.713656 0.061674 0.718062 0.066079 0.722467 0.066079 0.726872 0.070485 0.731278 0.070485 0.740088 0.074890 0.744493 0.079295 0.744493 0.083700 0.740088 0.092511 0.740088 0.096916 0.744493 0.101322 0.740088 0.105727 0.740088 0.110132 0.735683 0.110132 0.731278 0.101322 0.722467 0.092511 0.722467 0.088106 0.726872 0.083700 0.722467 0.079295 0.722467 0.070485 0.713656 0.070485 0.700441 0.066079 0.696035 0.066079 0.678414 0.061674 0.674009
0 0.488987 0.660793 0.484582 0.665198 0.484582 0.669604 0.480176 0.674009 0.480176 0.678414 0.484582 0.682819 0.493392 0.682819 0.497797 0.687225 0.502203 0.687225 0.511013 0.696035 0.511013 0.700441 0.515419 0.704846 0.528634 0.704846 0.533040 0.700441 0.533040 0.696035 0.537445 0.691630 0.528634 0.682819 0.524229 0.682819 0.519824 0.678414 0.515419 0.678414 0.502203 0.665198 0.497797 0.665198 0.493392 0.660793
0 0.687225 0.647577 0.682819 0.651982 0.682819 0.669604 0.691630 0.678414 0.709251 0.660793 0.700441 0.651982 0.691630 0.651982
0 0.471366 0.638767 0.466960 0.634361 0.458150 0.634361 0.449339 0.643172 0.444934 0.643172 0.440529 0.647577 0.422908 0.647577 0.418502 0.643172 0.405286 0.656388 0.405286 0.660793 0.409692 0.665198 0.427313 0.665198 0.431718 0.660793 0.444934 0.660793 0.462555 0.643172 0.466960 0.643172
0 0.127753 0.621145 0.123348 0.625551 0.123348 0.629956 0.114537 0.638767 0.118943 0.643172 0.118943 0.660793 0.132159 0.674009 0.136564 0.674009 0.140969 0.669604 0.145374 0.674009 0.149780 0.674009 0.154185 0.678414 0.154185 0.691630 0.158590 0.696035 0.158590 0.700441 0.162996 0.704846 0.171806 0.704846 0.180617 0.696035 0.180617 0.687225 0.176211 0.682819 0.176211 0.678414 0.167401 0.669604 0.167401 0.656388 0.171806 0.651982 0.176211 0.651982 0.180617 0.647577 0.185022 0.647577 0.189427 0.643172 0.198238 0.643172 0.202643 0.638767 0.207048 0.643172 0.211454 0.638767 0.211454 0.634361 0.207048 0.629956 0.198238 0.629956 0.189427 0.638767 0.185022 0.638767 0.180617 0.643172 0.176211 0.638767 0.162996 0.651982 0.162996 0.656388 0.158590 0.660793 0.154185 0.660793 0.149780 0.665198 0.145374 0.660793 0.140969 0.660793 0.132159 0.651982 0.132159 0.625551
0 0.533040 0.581498 0.528634 0.585903 0.528634 0.590308 0.524229 0.594714 0.524229 0.607930 0.528634 0.612335 0.533040 0.612335 0.537445 0.607930 0.541850 0.607930 0.546256 0.603524 0.546256 0.590308 0.541850 0.585903 0.537445 0.585903
0 0.497797 0.577093 0.488987 0.568282 0.484582 0.568282 0.480176 0.572687 0.480176 0.577093 0.475771 0.581498 0.471366 0.581498 0.466960 0.585903 0.462555 0.585903 0.458150 0.581498 0.440529 0.581498 0.436123 0.585903 0.436123 0.594714 0.440529 0.599119 0.453745 0.599119 0.466960 0.585903 0.471366 0.585903 0.475771 0.581498 0.480176 0.585903 0.484582 0.585903 0.488987 0.590308 0.493392 0.585903 0.493392 0.581498
0 0.396476 0.577093 0.387665 0.568282 0.383260 0.572687 0.383260 0.581498 0.378855 0.585903 0.374449 0.585903 0.370044 0.590308 0.365639 0.590308 0.356828 0.599119 0.352423 0.599119 0.348018 0.603524 0.343612 0.603524 0.334802 0.612335 0.339207 0.616740 0.356828 0.616740 0.361233 0.612335 0.365639 0.612335 0.370044 0.607930 0.370044 0.603524 0.374449 0.599119 0.374449 0.590308 0.378855 0.585903 0.383260 0.585903 0.387665 0.581498 0.392070 0.581498
0 0.154185 0.563877 0.149780 0.563877 0.145374 0.568282 0.145374 0.572687 0.140969 0.577093 0.136564 0.577093 0.132159 0.581498 0.127753 0.581498 0.123348 0.585903 0.118943 0.585903 0.114537 0.590308 0.114537 0.599119 0.123348 0.607930 0.132159 0.599119 0.132159 0.594714 0.136564 0.590308 0.136564 0.581498 0.140969 0.577093 0.145374 0.577093 0.149780 0.572687 0.154185 0.572687 0.158590 0.568282
0 0.572687 0.541850 0.577093 0.546256 0.581498 0.541850 0.585903 0.541850 0.590308 0.546256 0.599119 0.546256 0.603524 0.550661 0.607930 0.550661 0.616740 0.559471 0.634361 0.559471 0.638767 0.563877 0.647577 0.563877 0.651982 0.568282 0.665198 0.572687 0.669604 0.577093 0.669604 0.585903 0.678414 0.594714 0.678414 0.599119 0.700441 0.621145 0.709251 0.621145 0.713656 0.616740 0.722467 0.616740 0.726872 0.621145 0.735683 0.621145 0.740088 0.625551 0.753304 0.629956 0.762115 0.638767 0.766520 0.638767 0.788546 0.651982 0.792952 0.647577 0.814978 0.647577 0.819383 0.651982 0.832599 0.656388 0.837004 0.660793 0.841410 0.674009 0.850220 0.682819 0.854626 0.682819 0.859031 0.678414 0.859031 0.669604 0.854626 0.665198 0.850220 0.665198 0.845815 0.660793 0.845815 0.656388 0.832599 0.643172 0.819383 0.643172 0.814978 0.638767 0.792952 0.638767 0.779736 0.629956 0.775330 0.634361 0.770925 0.629956 0.766520 0.629956 0.757709 0.621145 0.753304 0.621145 0.740088 0.612335 0.731278 0.612335 0.718062 0.603524 0.713656 0.607930 0.704846 0.607930 0.700441 0.603524 0.696035 0.603524 0.678414 0.581498 0.678414 0.572687 0.665198 0.559471 0.665198 0.550661 0.669604 0.546256 0.665198 0.541850 0.660793 0.541850 0.647577 0.550661 0.634361 0.550661 0.629956 0.546256 0.616740 0.546256 0.612335 0.541850 0.603524 0.541850 0.599119 0.537445 0.590308 0.537445 0.585903 0.533040 0.581498 0.533040
0 0.392070 0.484582 0.378855 0.484582 0.374449 0.488987 0.374449 0.502203 0.361233 0.515419 0.361233 0.524229 0.365639 0.528634 0.370044 0.524229 0.374449 0.524229 0.378855 0.519824 0.378855 0.515419 0.387665 0.506608 0.392070 0.506608 0.396476 0.502203 0.400881 0.502203 0.405286 0.497797
0 0.969163 0.462555 0.964758 0.458150 0.955947 0.458150 0.942731 0.471366 0.942731 0.475771 0.920705 0.497797 0.925110 0.502203 0.929515 0.497797 0.933921 0.502203 0.942731 0.493392 0.947137 0.493392 0.951542 0.488987 0.955947 0.488987 0.964758 0.480176 0.964758 0.471366 0.969163 0.466960
0 0.493392 0.440529 0.493392 0.449339 0.497797 0.453745 0.502203 0.453745 0.506608 0.458150 0.528634 0.458150 0.533040 0.453745 0.537445 0.453745 0.533040 0.449339 0.528634 0.449339 0.519824 0.440529 0.515419 0.440529 0.511013 0.436123 0.506608 0.436123 0.502203 0.431718
0 0.837004 0.414097 0.832599 0.418502 0.832599 0.444934 0.841410 0.453745 0.845815 0.449339 0.845815 0.436123 0.854626 0.427313 0.850220 0.427313 0.845815 0.422908 0.845815 0.418502 0.841410 0.414097
0 0.885463 0.405286 0.881057 0.409692 0.881057 0.414097 0.876652 0.418502 0.876652 0.422908 0.872247 0.427313 0.867841 0.427313 0.872247 0.427313 0.876652 0.431718 0.876652 0.436123 0.881057 0.440529 0.889868 0.440529 0.894273 0.444934 0.898678 0.440529 0.903084 0.440529 0.907489 0.436123 0.907489 0.431718 0.903084 0.431718 0.889868 0.418502 0.889868 0.409692
0 0.414097 0.405286 0.418502 0.409692 0.422908 0.409692 0.427313 0.414097 0.431718 0.409692 0.436123 0.409692 0.440529 0.405286 0.444934 0.405286 0.449339 0.409692 0.453745 0.409692 0.458150 0.414097 0.471366 0.414097 0.484582 0.400881 0.480176 0.396476 0.475771 0.396476 0.471366 0.400881 0.453745 0.400881 0.449339 0.405286 0.444934 0.400881 0.440529 0.400881 0.431718 0.392070 0.422908 0.392070 0.414097 0.400881
0 0.674009 0.392070 0.682819 0.400881 0.691630 0.400881 0.700441 0.392070 0.704846 0.392070 0.709251 0.387665 0.713656 0.387665 0.718062 0.383260 0.722467 0.383260 0.726872 0.378855 0.731278 0.383260 0.735683 0.383260 0.744493 0.392070 0.757709 0.392070 0.766520 0.383260 0.770925 0.383260 0.775330 0.378855 0.770925 0.374449 0.766520 0.378855 0.762115 0.374449 0.731278 0.374449 0.726872 0.370044 0.718062 0.370044 0.713656 0.365639 0.709251 0.365639 0.700441 0.374449 0.696035 0.374449 0.691630 0.378855 0.678414 0.378855 0.674009 0.383260
0 0.030837 0.361233 0.030837 0.365639 0.035242 0.370044 0.048458 0.370044 0.052863 0.374449 0.057269 0.374449 0.066079 0.383260 0.070485 0.383260 0.083700 0.396476 0.092511 0.396476 0.101322 0.387665 0.101322 0.378855 0.096916 0.374449 0.079295 0.374449 0.074890 0.370044 0.070485 0.370044 0.061674 0.361233 0.061674 0.348018 0.057269 0.343612 0.052863 0.348018 0.048458 0.348018 0.044053 0.352423 0.039648 0.352423
0 0.255507 0.348018 0.264317 0.356828 0.268722 0.356828 0.277533 0.365639 0.281938 0.361233 0.286344 0.361233 0.290749 0.356828 0.295154 0.356828 0.299559 0.361233 0.303965 0.361233 0.321586 0.378855 0.325991 0.378855 0.330396 0.374449 0.330396 0.370044 0.325991 0.365639 0.325991 0.361233 0.317181 0.352423 0.308370 0.352423 0.303965 0.348018 0.295154 0.348018 0.290749 0.343612 0.286344 0.343612 0.281938 0.339207 0.264317 0.339207
0 0.643172 0.330396 0.638767 0.334802 0.638767 0.352423 0.643172 0.356828 0.651982 0.356828 0.656388 0.361233 0.660793 0.361233 0.665198 0.356828 0.665198 0.348018 0.656388 0.339207 0.651982 0.339207
0 0.788546 0.325991 0.788546 0.330396 0.792952 0.334802 0.806167 0.334802 0.810573 0.330396 0.814978 0.334802 0.819383 0.334802 0.832599 0.348018 0.837004 0.348018 0.841410 0.343612 0.854626 0.343612 0.859031 0.348018 0.867841 0.348018 0.876652 0.339207 0.876652 0.334802 0.872247 0.330396 0.863436 0.330396 0.859031 0.334802 0.854626 0.334802 0.850220 0.339207 0.841410 0.339207 0.837004 0.334802 0.828194 0.334802 0.823789 0.339207 0.819383 0.334802 0.814978 0.334802 0.810573 0.330396 0.810573 0.325991 0.801762 0.317181 0.797357 0.321586 0.792952 0.321586
0 0.105727 0.321586 0.105727 0.325991 0.110132 0.330396 0.123348 0.334802 0.132159 0.343612 0.145374 0.348018 0.154185 0.356828 0.158590 0.356828 0.171806 0.365639 0.176211 0.361233 0.180617 0.365639 0.185022 0.365639 0.193833 0.374449 0.198238 0.374449 0.211454 0.383260 0.224670 0.383260 0.229075 0.387665 0.237885 0.387665 0.242291 0.392070 0.268722 0.392070 0.273128 0.396476 0.290749 0.396476 0.295154 0.400881 0.299559 0.400881 0.308370 0.409692 0.317181 0.409692 0.321586 0.414097 0.325991 0.414097 0.334802 0.422908 0.334802 0.431718 0.339207 0.436123 0.348018 0.427313 0.361233 0.422908 0.365639 0.427313 0.378855 0.427313 0.383260 0.431718 0.392070 0.431718 0.396476 0.436123 0.409692 0.436123 0.414097 0.440529 0.422908 0.440529 0.427313 0.444934 0.440529 0.449339 0.449339 0.458150 0.449339 0.462555 0.453745 0.466960 0.458150 0.466960 0.466960 0.458150 0.444934 0.440529 0.440529 0.440529 0.418502 0.427313 0.414097 0.431718 0.409692 0.427313 0.396476 0.427313 0.392070 0.422908 0.383260 0.422908 0.378855 0.418502 0.370044 0.418502 0.365639 0.414097 0.352423 0.414097 0.339207 0.405286 0.321586 0.405286 0.295154 0.387665 0.281938 0.387665 0.277533 0.383260 0.273128 0.387665 0.268722 0.383260 0.246696 0.383260 0.242291 0.378855 0.229075 0.378855 0.224670 0.374449 0.211454 0.374449 0.207048 0.370044 0.202643 0.370044 0.189427 0.356828 0.185022 0.356828 0.162996 0.343612 0.154185 0.343612 0.149780 0.339207 0.136564 0.334802 0.123348 0.321586 0.114537 0.321586 0.110132 0.317181
0 0.572687 0.295154 0.563877 0.295154 0.555066 0.303965 0.555066 0.308370 0.550661 0.312775 0.555066 0.317181 0.555066 0.321586 0.559471 0.325991 0.577093 0.308370 0.577093 0.299559
0 0.995595 0.299559 0.991189 0.299559 0.986784 0.295154 0.982379 0.295154 0.977974 0.290749 0.973568 0.290749 0.955947 0.308370 0.951542 0.308370 0.947137 0.312775 0.929515 0.312775 0.911894 0.330396 0.911894 0.334802 0.907489 0.339207 0.907489 0.352423 0.911894 0.356828 0.933921 0.334802 0.938326 0.334802 0.942731 0.330396 0.947137 0.330396 0.951542 0.325991 0.955947 0.325991 0.960352 0.321586 0.964758 0.325991 0.969163 0.321586 0.973568 0.321586 0.986784 0.308370 0.991189 0.308370 0.995595 0.303965
0 0.643172 0.273128 0.638767 0.277533 0.638767 0.286344 0.647577 0.295154 0.651982 0.295154 0.665198 0.308370 0.669604 0.308370 0.678414 0.299559 0.678414 0.295154 0.674009 0.290749 0.669604 0.290749 0.651982 0.273128
0 0.863436 0.273128 0.859031 0.268722 0.854626 0.268722 0.850220 0.273128 0.837004 0.273128 0.832599 0.277533 0.828194 0.277533 0.823789 0.281938 0.819383 0.277533 0.814978 0.277533 0.810573 0.273128 0.810573 0.259912 0.814978 0.255507 0.819383 0.255507 0.823789 0.251101 0.828194 0.255507 0.837004 0.246696 0.828194 0.237885 0.823789 0.237885 0.819383 0.242291 0.814978 0.242291 0.810573 0.246696 0.801762 0.246696 0.797357 0.242291 0.779736 0.242291 0.775330 0.246696 0.775330 0.264317 0.770925 0.268722 0.766520 0.268722 0.762115 0.273128 0.753304 0.273128 0.748899 0.268722 0.744493 0.273128 0.744493 0.277533 0.740088 0.281938 0.740088 0.286344 0.735683 0.290749 0.735683 0.303965 0.731278 0.308370 0.726872 0.308370 0.713656 0.321586 0.713656 0.325991 0.709251 0.330396 0.713656 0.334802 0.718062 0.330396 0.722467 0.334802 0.726872 0.330396 0.748899 0.330396 0.753304 0.334802 0.757709 0.330396 0.757709 0.325991 0.753304 0.321586 0.753304 0.312775 0.762115 0.303965 0.766520 0.303965 0.770925 0.299559 0.788546 0.299559 0.792952 0.295154 0.797357 0.295154 0.801762 0.290749 0.806167 0.290749 0.810573 0.286344 0.814978 0.286344 0.819383 0.290749 0.823789 0.290749 0.828194 0.295154 0.832599 0.295154 0.837004 0.290749 0.854626 0.290749 0.863436 0.281938
0 0.568282 0.171806 0.568282 0.176211 0.585903 0.193833 0.590308 0.189427 0.603524 0.189427 0.607930 0.185022 0.612335 0.185022 0.616740 0.189427 0.625551 0.189427 0.629956 0.193833 0.634361 0.193833 0.647577 0.207048 0.669604 0.207048 0.674009 0.211454 0.678414 0.211454 0.682819 0.215859 0.687225 0.215859 0.696035 0.224670 0.696035 0.233480 0.691630 0.237885 0.696035 0.242291 0.696035 0.246696 0.700441 0.251101 0.704846 0.251101 0.713656 0.242291 0.709251 0.237885 0.709251 0.233480 0.704846 0.229075 0.700441 0.229075 0.691630 0.220264 0.691630 0.207048 0.687225 0.202643 0.682819 0.202643 0.678414 0.207048 0.674009 0.202643 0.669604 0.202643 0.656388 0.189427 0.651982 0.189427 0.638767 0.176211 0.629956 0.176211 0.625551 0.180617 0.616740 0.180617 0.612335 0.185022 0.607930 0.185022 0.603524 0.180617 0.594714 0.180617 0.590308 0.176211 0.585903 0.176211 0.577093 0.167401 0.572687 0.167401
0 0.863436 0.162996 0.854626 0.171806 0.854626 0.176211 0.859031 0.180617 0.859031 0.198238 0.854626 0.202643 0.854626 0.207048 0.863436 0.215859 0.867841 0.215859 0.872247 0.211454 0.872247 0.171806
0 0.259912 0.171806 0.251101 0.162996 0.246696 0.162996 0.242291 0.158590 0.233480 0.158590 0.220264 0.171806 0.220264 0.176211 0.215859 0.180617 0.220264 0.185022 0.233480 0.185022 0.237885 0.180617 0.242291 0.180617 0.246696 0.176211 0.255507 0.176211
0 0.753304 0.162996 0.757709 0.167401 0.784141 0.167401 0.788546 0.162996 0.792952 0.162996 0.797357 0.167401 0.801762 0.167401 0.806167 0.171806 0.806167 0.176211 0.814978 0.185022 0.814978 0.189427 0.819383 0.193833 0.823789 0.193833 0.828194 0.189427 0.828194 0.180617 0.823789 0.176211 0.823789 0.171806 0.819383 0.167401 0.819383 0.162996 0.814978 0.158590 0.806167 0.158590 0.801762 0.154185 0.797357 0.154185 0.792952 0.149780 0.779736 0.149780 0.775330 0.154185 0.770925 0.154185 0.766520 0.158590 0.757709 0.158590
0 0.000000 0.145374 0.000000 0.180617 0.022026 0.162996 0.066079 0.198238 0.061674 0.215859 0.079295 0.229075 0.092511 0.211454 0.189427 0.264317 0.193833 0.277533 0.167401 0.299559 0.167401 0.312775 0.193833 0.303965 0.211454 0.277533 0.273128 0.312775 0.290749 0.308370 0.312775 0.321586 0.339207 0.321586 0.387665 0.356828 0.418502 0.330396 0.444934 0.348018 0.444934 0.365639 0.475771 0.365639 0.506608 0.383260 0.519824 0.409692 0.546256 0.409692 0.563877 0.427313 0.563877 0.440529 0.546256 0.449339 0.603524 0.488987 0.634361 0.497797 0.647577 0.488987 0.669604 0.493392 0.665198 0.519824 0.687225 0.497797 0.700441 0.506608 0.696035 0.519824 0.748899 0.541850 0.784141 0.533040 0.828194 0.563877 0.872247 0.559471 0.894273 0.577093 0.929515 0.555066 0.942731 0.563877 0.938326 0.577093 0.947137 0.585903 0.960352 0.581498 0.995595 0.603524 0.995595 0.568282 0.960352 0.555066 0.973568 0.537445 0.960352 0.524229 0.951542 0.528634 0.960352 0.546256 0.947137 0.555066 0.876652 0.533040 0.788546 0.528634 0.722467 0.488987 0.678414 0.488987 0.572687 0.422908 0.537445 0.387665 0.431718 0.325991 0.281938 0.273128 0.273128 0.264317 0.277533 0.246696 0.295154 0.233480 0.330396 0.251101 0.321586 0.233480 0.303965 0.237885 0.286344 0.220264 0.259912 0.224670 0.242291 0.215859 0.237885 0.224670 0.264317 0.237885 0.268722 0.259912 0.255507 0.268722 0.237885 0.259912 0.211454 0.264317 0.176211 0.242291 0.198238 0.211454 0.193833 0.193833 0.180617 0.198238 0.180617 0.229075 0.162996 0.237885 0.101322 0.202643 0.083700 0.202643 0.035242 0.158590
0 0.696035 0.136564 0.687225 0.127753 0.682819 0.127753 0.678414 0.132159 0.669604 0.132159 0.656388 0.145374 0.651982 0.145374 0.647577 0.149780 0.643172 0.149780 0.638767 0.145374 0.634361 0.149780 0.638767 0.154185 0.643172 0.149780 0.647577 0.149780 0.651982 0.145374 0.656388 0.145374 0.660793 0.149780 0.665198 0.149780 0.669604 0.154185 0.674009 0.149780 0.682819 0.149780 0.687225 0.145374 0.691630 0.145374 0.696035 0.140969
0 0.422908 0.132159 0.436123 0.145374 0.444934 0.145374 0.449339 0.140969 0.453745 0.145374 0.458150 0.145374 0.462555 0.140969 0.466960 0.145374 0.471366 0.145374 0.475771 0.149780 0.484582 0.149780 0.488987 0.154185 0.493392 0.149780 0.488987 0.145374 0.484582 0.145374 0.471366 0.132159 0.466960 0.132159 0.462555 0.127753 0.444934 0.127753 0.440529 0.123348 0.436123 0.123348 0.431718 0.127753 0.427313 0.127753
0 0.537445 0.114537 0.533040 0.118943 0.533040 0.140969 0.528634 0.145374 0.528634 0.149780 0.537445 0.158590 0.541850 0.158590 0.550661 0.149780 0.550661 0.140969 0.546256 0.136564 0.546256 0.123348
0 0.096916 0.105727 0.096916 0.114537 0.092511 0.118943 0.092511 0.140969 0.088106 0.145374 0.088106 0.162996 0.096916 0.171806 0.101322 0.171806 0.105727 0.176211 0.114537 0.176211 0.118943 0.171806 0.127753 0.171806 0.132159 0.167401 0.158590 0.167401 0.162996 0.171806 0.167401 0.171806 0.171806 0.176211 0.176211 0.176211 0.180617 0.171806 0.189427 0.171806 0.193833 0.167401 0.193833 0.162996 0.189427 0.158590 0.176211 0.158590 0.171806 0.162996 0.167401 0.162996 0.162996 0.158590 0.158590 0.158590 0.154185 0.154185 0.140969 0.154185 0.136564 0.158590 0.132159 0.158590 0.127753 0.162996 0.123348 0.158590 0.118943 0.158590 0.114537 0.154185 0.110132 0.154185 0.101322 0.145374 0.101322 0.136564 0.105727 0.132159 0.105727 0.118943 0.114537 0.110132 0.118943 0.110132 0.127753 0.101322 0.127753 0.096916 0.132159 0.092511 0.132159 0.088106 0.127753 0.083700 0.118943 0.083700
0 0.669604 0.066079 0.665198 0.070485 0.665198 0.074890 0.669604 0.079295 0.669604 0.088106 0.665198 0.092511 0.665198 0.096916 0.674009 0.105727 0.678414 0.105727 0.682819 0.101322 0.687225 0.101322 0.696035 0.092511
0 0.048458 0.061674 0.048458 0.070485 0.044053 0.074890 0.039648 0.074890 0.030837 0.083700 0.026432 0.083700 0.022026 0.088106 0.026432 0.088106 0.030837 0.092511 0.030837 0.096916 0.035242 0.101322 0.039648 0.101322 0.044053 0.096916 0.048458 0.096916 0.061674 0.083700 0.061674 0.079295 0.066079 0.074890 0.057269 0.066079 0.052863 0.066079
0 0.193833 0.061674 0.193833 0.070485 0.198238 0.074890 0.202643 0.074890 0.207048 0.079295 0.211454 0.079295 0.215859 0.083700 0.220264 0.083700 0.229075 0.092511 0.242291 0.092511 0.246696 0.096916 0.259912 0.096916 0.264317 0.092511 0.268722 0.092511 0.273128 0.088106 0.290749 0.088106 0.295154 0.092511 0.299559 0.088106 0.299559 0.079295 0.295154 0.074890 0.290749 0.074890 0.286344 0.079295 0.281938 0.079295 0.277533 0.083700 0.273128 0.083700 0.268722 0.079295 0.237885 0.079295 0.233480 0.074890 0.229075 0.074890 0.207048 0.052863 0.202643 0.057269 0.198238 0.057269
0 0.511013 0.035242 0.502203 0.044053 0.502203 0.057269 0.511013 0.066079 0.515419 0.066079 0.519824 0.070485 0.519824 0.074890 0.524229 0.079295 0.528634 0.079295 0.533040 0.083700 0.537445 0.079295 0.537445 0.070485 0.533040 0.066079 0.528634 0.066079 0.524229 0.061674 0.519824 0.061674 0.515419 0.057269 0.515419 0.039648
0 0.312775 0.057269 0.317181 0.061674 0.330396 0.061674 0.343612 0.048458 0.343612 0.044053 0.348018 0.039648 0.352423 0.039648 0.356828 0.035242 0.361233 0.035242 0.365639 0.039648 0.370044 0.039648 0.378855 0.030837 0.374449 0.026432 0.370044 0.030837 0.365639 0.030837 0.361233 0.035242 0.356828 0.035242 0.352423 0.039648 0.348018 0.035242 0.343612 0.035242 0.334802 0.026432 0.325991 0.026432 0.317181 0.035242 0.317181 0.044053 0.312775 0.048458
0 0.920705 0.000000 0.903084 0.000000 0.903084 0.013216 0.898678 0.017621 0.898678 0.022026 0.894273 0.026432 0.894273 0.030837 0.903084 0.039648 0.920705 0.022026 0.920705 0.017621 0.925110 0.013216 0.920705 0.008811
0 0.696035 0.030837 0.700441 0.035242 0.709251 0.035242 0.713656 0.030837 0.718062 0.035242 0.722467 0.035242 0.726872 0.039648 0.726872 0.044053 0.731278 0.048458 0.740088 0.048458 0.744493 0.044053 0.748899 0.044053 0.753304 0.048458 0.757709 0.048458 0.766520 0.057269 0.775330 0.057269 0.788546 0.044053 0.792952 0.044053 0.797357 0.039648 0.801762 0.044053 0.806167 0.039648 0.810573 0.039648 0.814978 0.035242 0.819383 0.035242 0.823789 0.030837 0.832599 0.030837 0.837004 0.035242 0.841410 0.030837 0.845815 0.030837 0.850220 0.026432 0.841410 0.017621 0.837004 0.017621 0.828194 0.026432 0.823789 0.026432 0.819383 0.030837 0.814978 0.030837 0.810573 0.026432 0.801762 0.026432 0.797357 0.030837 0.784141 0.030837 0.779736 0.035242 0.775330 0.035242 0.770925 0.039648 0.766520 0.039648 0.762115 0.044053 0.757709 0.044053 0.753304 0.048458 0.748899 0.044053 0.744493 0.044053 0.740088 0.039648 0.735683 0.039648 0.731278 0.035242 0.726872 0.035242 0.718062 0.026432 0.718062 0.013216 0.726872 0.004405 0.726872 0.000000 0.709251 0.000000 0.709251 0.013216 0.696035 0.026432
0 0.563877 0.000000 0.563877 0.008811 0.568282 0.013216 0.572687 0.008811 0.577093 0.008811 0.581498 0.013216 0.585903 0.013216 0.590308 0.017621 0.590308 0.026432 0.594714 0.030837 0.594714 0.035242 0.599119 0.039648 0.599119 0.052863 0.603524 0.057269 0.607930 0.052863 0.607930 0.044053 0.603524 0.039648 0.603524 0.030837 0.607930 0.026432 0.607930 0.017621 0.599119 0.008811 0.594714 0.013216 0.590308 0.013216 0.585903 0.008811 0.581498 0.008811 0.577093 0.004405 0.577093 0.000000
