0 0.185022 0.969163 0.185022 0.982379 0.193833 0.991189 0.193833 0.995595 0.198238 0.995595 0.198238 0.991189 0.202643 0.986784 0.207048 0.986784 0.211454 0.982379 0.220264 0.982379 0.224670 0.977974 0.224670 0.973568 0.220264 0.969163 0.215859 0.973568 0.211454 0.969163 0.207048 0.969163 0.202643 0.964758 0.189427 0.964758
0 0.533040 0.986784 0.537445 0.991189 0.537445 0.995595 0.541850 0.995595 0.541850 0.991189 0.546256 0.986784 0.550661 0.986784 0.555066 0.982379 0.559471 0.986784 0.563877 0.982379 0.568282 0.982379 0.572687 0.986784 0.577093 0.986784 0.581498 0.991189 0.581498 0.995595 0.594714 0.995595 0.594714 0.982379 0.599119 0.977974 0.603524 0.977974 0.607930 0.973568 0.612335 0.973568 0.616740 0.977974 0.621145 0.977974 0.621145 0.969163 0.616740 0.964758 0.607930 0.964758 0.603524 0.960352 0.577093 0.960352 0.572687 0.955947 0.568282 0.955947 0.563877 0.951542 0.559471 0.955947 0.555066 0.955947 0.550661 0.960352 0.546256 0.960352 0.537445 0.969163 0.537445 0.973568 0.533040 0.977974
0 0.885463 0.947137 0.894273 0.955947 0.894273 0.969163 0.898678 0.973568 0.903084 0.973568 0.907489 0.969163 0.920705 0.969163 0.925110 0.973568 0.938326 0.973568 0.942731 0.977974 0.947137 0.973568 0.951542 0.973568 0.960352 0.964758 0.964758 0.964758 0.973568 0.955947 0.969163 0.951542 0.942731 0.951542 0.938326 0.955947 0.933921 0.951542 0.929515 0.955947 0.925110 0.955947 0.920705 0.960352 0.916300 0.955947 0.911894 0.955947 0.907489 0.951542 0.907489 0.938326 0.911894 0.933921 0.911894 0.925110 0.907489 0.920705 0.898678 0.929515 0.898678 0.933921
0 0.167401 0.933921 0.154185 0.920705 0.149780 0.920705 0.145374 0.925110 0.136564 0.925110 0.132159 0.929515 0.127753 0.925110 0.123348 0.929515 0.123348 0.938326 0.132159 0.947137 0.149780 0.947137 0.154185 0.942731 0.158590 0.942731
0 0.625551 0.925110 0.621145 0.920705 0.612335 0.920705 0.607930 0.916300 0.603524 0.916300 0.599119 0.911894 0.594714 0.911894 0.590308 0.907489 0.546256 0.907489 0.533040 0.920705 0.528634 0.920705 0.519824 0.929515 0.519824 0.938326 0.511013 0.947137 0.506608 0.947137 0.488987 0.964758 0.488987 0.969163 0.493392 0.973568 0.497797 0.973568 0.502203 0.969163 0.506608 0.969163 0.515419 0.960352 0.515419 0.955947 0.519824 0.951542 0.519824 0.942731 0.528634 0.933921 0.533040 0.933921 0.537445 0.929515 0.559471 0.929515 0.563877 0.925110 0.568282 0.925110 0.572687 0.920705 0.585903 0.920705 0.590308 0.925110 0.594714 0.925110 0.599119 0.929515 0.603524 0.929515 0.607930 0.933921 0.607930 0.938326 0.612335 0.942731 0.616740 0.942731 0.625551 0.933921
0 0.872247 0.898678 0.876652 0.903084 0.894273 0.903084 0.898678 0.898678 0.903084 0.898678 0.907489 0.903084 0.911894 0.898678 0.916300 0.898678 0.925110 0.889868 0.920705 0.885463 0.885463 0.885463 0.881057 0.889868 0.876652 0.889868 0.872247 0.894273
0 0.920705 0.792952 0.916300 0.792952 0.911894 0.788546 0.907489 0.788546 0.903084 0.792952 0.898678 0.792952 0.894273 0.797357 0.889868 0.797357 0.885463 0.801762 0.867841 0.801762 0.863436 0.806167 0.854626 0.806167 0.845815 0.814978 0.850220 0.819383 0.859031 0.819383 0.863436 0.814978 0.885463 0.814978 0.889868 0.819383 0.907489 0.801762 0.911894 0.801762 0.916300 0.797357 0.920705 0.797357
0 0.594714 0.493392 0.590308 0.497797 0.585903 0.497797 0.577093 0.506608 0.581498 0.511013 0.590308 0.511013 0.594714 0.515419 0.599119 0.515419 0.603524 0.519824 0.603524 0.533040 0.599119 0.537445 0.603524 0.541850 0.607930 0.537445 0.612335 0.537445 0.616740 0.533040 0.612335 0.528634 0.607930 0.528634 0.603524 0.524229 0.603524 0.497797 0.599119 0.493392
0 0.577093 0.466960 0.572687 0.462555 0.568282 0.462555 0.563877 0.466960 0.559471 0.466960 0.546256 0.480176 0.541850 0.480176 0.537445 0.484582 0.533040 0.484582 0.519824 0.497797 0.515419 0.497797 0.511013 0.502203 0.502203 0.502203 0.497797 0.497797 0.484582 0.497797 0.480176 0.502203 0.480176 0.506608 0.484582 0.511013 0.497797 0.511013 0.502203 0.506608 0.511013 0.506608 0.515419 0.511013 0.524229 0.511013 0.528634 0.506608 0.533040 0.506608 0.537445 0.502203 0.541850 0.502203 0.555066 0.488987 0.555066 0.484582 0.563877 0.475771 0.568282 0.475771
0 0.000000 0.894273 0.052863 0.911894 0.044053 0.867841 0.070485 0.867841 0.088106 0.894273 0.198238 0.832599 0.202643 0.863436 0.290749 0.907489 0.352423 0.920705 0.422908 0.872247 0.431718 0.903084 0.462555 0.911894 0.493392 0.894273 0.462555 0.867841 0.533040 0.828194 0.590308 0.859031 0.678414 0.850220 0.748899 0.885463 0.748899 0.841410 0.806167 0.775330 0.911894 0.748899 0.991189 0.757709 0.995595 0.735683 0.960352 0.713656 0.942731 0.740088 0.907489 0.718062 0.894273 0.748899 0.814978 0.726872 0.828194 0.757709 0.744493 0.792952 0.568282 0.770925 0.687225 0.819383 0.674009 0.841410 0.594714 0.845815 0.502203 0.801762 0.555066 0.704846 0.533040 0.682819 0.568282 0.660793 0.629956 0.687225 0.669604 0.669604 0.696035 0.682819 0.718062 0.625551 0.629956 0.678414 0.546256 0.607930 0.453745 0.599119 0.308370 0.493392 0.189427 0.458150 0.193833 0.484582 0.105727 0.488987 0.110132 0.506608 0.321586 0.528634 0.427313 0.621145 0.255507 0.713656 0.000000 0.726872 0.000000 0.757709 0.083700 0.766520 0.290749 0.735683 0.352423 0.713656 0.361233 0.678414 0.400881 0.651982 0.422908 0.660793 0.458150 0.616740 0.502203 0.638767 0.524229 0.616740 0.533040 0.656388 0.497797 0.674009 0.488987 0.748899 0.471366 0.762115 0.436123 0.735683 0.444934 0.762115 0.409692 0.766520 0.488987 0.828194 0.449339 0.863436 0.325991 0.885463 0.237885 0.832599 0.171806 0.819383 0.083700 0.859031 0.000000 0.859031
0 0.995595 0.458150 0.982379 0.458150 0.977974 0.453745 0.973568 0.458150 0.969163 0.458150 0.964758 0.453745 0.960352 0.453745 0.955947 0.449339 0.951542 0.449339 0.947137 0.444934 0.933921 0.444934 0.929515 0.449339 0.925110 0.449339 0.920705 0.453745 0.916300 0.453745 0.911894 0.449339 0.907489 0.453745 0.903084 0.453745 0.898678 0.458150 0.885463 0.458150 0.881057 0.453745 0.876652 0.453745 0.872247 0.458150 0.867841 0.453745 0.863436 0.453745 0.859031 0.458150 0.854626 0.453745 0.850220 0.458150 0.845815 0.458150 0.841410 0.462555 0.841410 0.466960 0.837004 0.471366 0.837004 0.475771 0.841410 0.480176 0.845815 0.475771 0.850220 0.475771 0.854626 0.471366 0.859031 0.471366 0.863436 0.466960 0.867841 0.466960 0.872247 0.462555 0.881057 0.462555 0.885463 0.458150 0.898678 0.458150 0.903084 0.462555 0.907489 0.462555 0.911894 0.458150 0.916300 0.458150 0.920705 0.453745 0.925110 0.458150 0.929515 0.458150 0.933921 0.462555 0.938326 0.462555 0.942731 0.466960 0.955947 0.466960 0.960352 0.462555 0.964758 0.462555 0.969163 0.466960 0.973568 0.466960 0.982379 0.475771 0.995595 0.475771
0 0.638767 0.444934 0.638767 0.449339 0.647577 0.458150 0.656388 0.449339 0.660793 0.449339 0.665198 0.444934 0.669604 0.449339 0.674009 0.449339 0.687225 0.462555 0.687225 0.471366 0.691630 0.475771 0.696035 0.475771 0.709251 0.462555 0.709251 0.458150 0.704846 0.453745 0.704846 0.449339 0.700441 0.444934 0.678414 0.444934 0.674009 0.449339 0.669604 0.444934 0.665198 0.444934 0.660793 0.440529 0.660793 0.436123 0.656388 0.431718 0.651982 0.431718
0 0.471366 0.409692 0.466960 0.409692 0.462555 0.405286 0.458150 0.405286 0.453745 0.409692 0.436123 0.409692 0.431718 0.414097 0.422908 0.414097 0.418502 0.409692 0.414097 0.414097 0.427313 0.427313 0.431718 0.427313 0.436123 0.422908 0.444934 0.422908 0.449339 0.418502 0.458150 0.418502 0.466960 0.409692
0 0.480176 0.409692 0.484582 0.409692 0.493392 0.418502 0.497797 0.418502 0.502203 0.422908 0.506608 0.422908 0.515419 0.431718 0.528634 0.431718 0.533040 0.436123 0.537445 0.436123 0.541850 0.440529 0.550661 0.440529 0.555066 0.436123 0.546256 0.427313 0.528634 0.427313 0.524229 0.422908 0.515419 0.422908 0.511013 0.418502 0.506608 0.418502 0.502203 0.414097 0.502203 0.405286 0.497797 0.400881 0.493392 0.400881 0.484582 0.409692
0 0.947137 0.343612 0.938326 0.352423 0.938326 0.356828 0.933921 0.361233 0.933921 0.365639 0.938326 0.370044 0.951542 0.370044 0.955947 0.374449 0.964758 0.365639 0.964758 0.356828 0.955947 0.348018 0.951542 0.348018
0 0.392070 0.343612 0.387665 0.339207 0.383260 0.343612 0.378855 0.339207 0.361233 0.356828 0.356828 0.356828 0.352423 0.361233 0.348018 0.361233 0.343612 0.356828 0.339207 0.356828 0.334802 0.361233 0.330396 0.356828 0.325991 0.361233 0.330396 0.365639 0.330396 0.374449 0.334802 0.378855 0.339207 0.374449 0.343612 0.374449 0.356828 0.361233 0.361233 0.361233 0.365639 0.356828 0.370044 0.361233 0.374449 0.361233
0 0.713656 0.370044 0.704846 0.361233 0.700441 0.361233 0.691630 0.352423 0.691630 0.330396 0.696035 0.325991 0.691630 0.321586 0.687225 0.325991 0.687225 0.330396 0.682819 0.334802 0.678414 0.334802 0.674009 0.339207 0.669604 0.339207 0.665198 0.343612 0.647577 0.343612 0.643172 0.348018 0.643172 0.352423 0.638767 0.356828 0.634361 0.356828 0.629956 0.361233 0.612335 0.361233 0.607930 0.365639 0.603524 0.365639 0.594714 0.374449 0.590308 0.374449 0.585903 0.378855 0.572687 0.378855 0.568282 0.383260 0.555066 0.383260 0.546256 0.392070 0.546256 0.400881 0.555066 0.409692 0.559471 0.409692 0.563877 0.405286 0.568282 0.405286 0.577093 0.396476 0.581498 0.396476 0.585903 0.392070 0.594714 0.392070 0.599119 0.387665 0.603524 0.387665 0.607930 0.383260 0.612335 0.387665 0.616740 0.383260 0.621145 0.383260 0.625551 0.378855 0.638767 0.378855 0.643172 0.374449 0.643172 0.370044 0.647577 0.365639 0.651982 0.365639 0.656388 0.361233 0.678414 0.361233 0.682819 0.365639 0.687225 0.365639 0.696035 0.374449 0.700441 0.374449 0.704846 0.378855
0 0.669604 0.299559 0.665198 0.295154 0.660793 0.295154 0.656388 0.299559 0.651982 0.295154 0.647577 0.295154 0.638767 0.286344 0.634361 0.286344 0.629956 0.290749 0.625551 0.290749 0.621145 0.295154 0.616740 0.295154 0.612335 0.290749 0.607930 0.290749 0.594714 0.303965 0.590308 0.303965 0.585903 0.308370 0.581498 0.308370 0.577093 0.303965 0.568282 0.303965 0.541850 0.330396 0.537445 0.330396 0.533040 0.334802 0.528634 0.334802 0.524229 0.330396 0.497797 0.330396 0.488987 0.339207 0.484582 0.339207 0.462555 0.361233 0.466960 0.365639 0.471366 0.365639 0.480176 0.356828 0.484582 0.356828 0.488987 0.352423 0.493392 0.352423 0.497797 0.348018 0.515419 0.348018 0.519824 0.343612 0.528634 0.343612 0.533040 0.339207 0.541850 0.339207 0.546256 0.343612 0.550661 0.339207 0.559471 0.339207 0.568282 0.330396 0.572687 0.330396 0.581498 0.321586 0.581498 0.312775 0.585903 0.308370 0.590308 0.308370 0.594714 0.303965 0.599119 0.308370 0.603524 0.308370 0.607930 0.312775 0.612335 0.308370 0.621145 0.308370 0.625551 0.303965 0.629956 0.303965 0.634361 0.299559 0.643172 0.299559 0.647577 0.295154 0.651982 0.299559 0.656388 0.299559 0.660793 0.303965 0.665198 0.303965
0 0.193833 0.281938 0.189427 0.286344 0.189427 0.290749 0.193833 0.295154 0.198238 0.295154 0.202643 0.299559 0.207048 0.299559 0.211454 0.303965 0.211454 0.321586 0.220264 0.330396 0.224670 0.325991 0.229075 0.325991 0.237885 0.317181 0.237885 0.308370 0.233480 0.303965 0.224670 0.303965 0.220264 0.299559 0.215859 0.299559 0.211454 0.295154 0.211454 0.286344 0.207048 0.281938
0 0.066079 0.308370 0.074890 0.317181 0.079295 0.317181 0.088106 0.308370 0.092511 0.308370 0.096916 0.303965 0.101322 0.303965 0.105727 0.308370 0.118943 0.308370 0.123348 0.303965 0.127753 0.303965 0.132159 0.308370 0.136564 0.303965 0.140969 0.303965 0.145374 0.308370 0.149780 0.308370 0.158590 0.317181 0.162996 0.317181 0.171806 0.308370 0.171806 0.303965 0.167401 0.299559 0.149780 0.299559 0.145374 0.303965 0.136564 0.303965 0.132159 0.299559 0.127753 0.303965 0.123348 0.299559 0.118943 0.299559 0.114537 0.295154 0.114537 0.286344 0.110132 0.281938 0.105727 0.281938 0.101322 0.286344 0.101322 0.295154 0.096916 0.299559 0.092511 0.299559 0.088106 0.303965 0.070485 0.303965
0 0.312775 0.264317 0.299559 0.277533 0.295154 0.277533 0.290749 0.281938 0.286344 0.281938 0.277533 0.290749 0.277533 0.308370 0.281938 0.312775 0.286344 0.308370 0.290749 0.308370 0.303965 0.295154 0.303965 0.290749 0.312775 0.281938 0.312775 0.277533 0.317181 0.273128 0.317181 0.268722
0 0.973568 0.242291 0.969163 0.237885 0.964758 0.237885 0.960352 0.242291 0.955947 0.237885 0.951542 0.242291 0.942731 0.242291 0.933921 0.251101 0.933921 0.255507 0.929515 0.259912 0.925110 0.259912 0.920705 0.264317 0.916300 0.264317 0.911894 0.259912 0.898678 0.259912 0.894273 0.264317 0.894273 0.268722 0.898678 0.273128 0.903084 0.273128 0.907489 0.268722 0.911894 0.268722 0.916300 0.264317 0.920705 0.264317 0.925110 0.268722 0.929515 0.264317 0.933921 0.264317 0.938326 0.259912 0.951542 0.259912 0.964758 0.246696 0.969163 0.246696
0 0.440529 0.233480 0.431718 0.242291 0.436123 0.246696 0.436123 0.251101 0.440529 0.255507 0.449339 0.255507 0.453745 0.259912 0.458150 0.259912 0.462555 0.264317 0.462555 0.273128 0.444934 0.290749 0.440529 0.290749 0.440529 0.295154 0.444934 0.295154 0.453745 0.303965 0.458150 0.303965 0.462555 0.299559 0.462555 0.295154 0.466960 0.290749 0.471366 0.290749 0.484582 0.277533 0.484582 0.273128 0.480176 0.268722 0.471366 0.268722 0.466960 0.264317 0.462555 0.264317 0.458150 0.259912 0.458150 0.242291 0.449339 0.233480
0 0.550661 0.255507 0.555066 0.259912 0.568282 0.259912 0.577093 0.251101 0.581498 0.251101 0.594714 0.237885 0.599119 0.237885 0.603524 0.233480 0.607930 0.233480 0.612335 0.237885 0.616740 0.237885 0.634361 0.255507 0.660793 0.255507 0.665198 0.259912 0.696035 0.259912 0.700441 0.255507 0.709251 0.255507 0.718062 0.246696 0.718062 0.242291 0.713656 0.237885 0.696035 0.237885 0.691630 0.242291 0.687225 0.237885 0.682819 0.242291 0.643172 0.242291 0.638767 0.237885 0.634361 0.237885 0.621145 0.224670 0.612335 0.224670 0.607930 0.229075 0.603524 0.229075 0.599119 0.233480 0.594714 0.233480 0.590308 0.229075 0.585903 0.229075 0.581498 0.224670 0.572687 0.233480 0.568282 0.233480 0.563877 0.237885 0.563877 0.242291 0.559471 0.246696 0.555066 0.246696 0.550661 0.251101
0 0.233480 0.220264 0.220264 0.207048 0.215859 0.211454 0.211454 0.211454 0.202643 0.220264 0.198238 0.220264 0.193833 0.224670 0.180617 0.224670 0.176211 0.229075 0.171806 0.229075 0.167401 0.233480 0.167401 0.237885 0.162996 0.242291 0.158590 0.242291 0.154185 0.246696 0.158590 0.251101 0.167401 0.242291 0.171806 0.242291 0.176211 0.237885 0.180617 0.237885 0.185022 0.242291 0.189427 0.242291 0.198238 0.233480 0.202643 0.233480 0.207048 0.229075 0.211454 0.229075 0.215859 0.233480 0.224670 0.233480 0.233480 0.224670
0 0.832599 0.215859 0.828194 0.211454 0.823789 0.211454 0.819383 0.207048 0.814978 0.207048 0.810573 0.202643 0.810573 0.198238 0.806167 0.193833 0.792952 0.193833 0.788546 0.198238 0.775330 0.198238 0.770925 0.202643 0.762115 0.202643 0.753304 0.211454 0.753304 0.220264 0.757709 0.224670 0.762115 0.224670 0.770925 0.215859 0.775330 0.215859 0.779736 0.211454 0.792952 0.211454 0.797357 0.215859 0.801762 0.215859 0.810573 0.224670 0.828194 0.224670 0.832599 0.220264
0 0.898678 0.176211 0.903084 0.180617 0.916300 0.180617 0.920705 0.185022 0.925110 0.180617 0.933921 0.180617 0.938326 0.176211 0.942731 0.176211 0.947137 0.171806 0.942731 0.167401 0.925110 0.167401 0.920705 0.162996 0.916300 0.162996 0.911894 0.167401 0.903084 0.167401 0.898678 0.171806
0 0.277533 0.154185 0.273128 0.149780 0.268722 0.154185 0.264317 0.154185 0.259912 0.158590 0.246696 0.158590 0.237885 0.167401 0.237885 0.171806 0.242291 0.176211 0.246696 0.176211 0.251101 0.180617 0.255507 0.176211 0.259912 0.176211 0.268722 0.167401 0.268722 0.162996
0 0.162996 0.158590 0.158590 0.154185 0.154185 0.154185 0.149780 0.149780 0.145374 0.149780 0.140969 0.154185 0.127753 0.154185 0.123348 0.158590 0.118943 0.158590 0.114537 0.162996 0.110132 0.158590 0.105727 0.162996 0.101322 0.162996 0.088106 0.176211 0.083700 0.176211 0.079295 0.180617 0.074890 0.180617 0.070485 0.176211 0.066079 0.176211 0.057269 0.185022 0.061674 0.189427 0.066079 0.189427 0.070485 0.193833 0.074890 0.189427 0.096916 0.189427 0.101322 0.185022 0.110132 0.185022 0.114537 0.180617 0.118943 0.180617 0.123348 0.176211 0.127753 0.176211 0.132159 0.171806 0.149780 0.171806
0 0.418502 0.145374 0.414097 0.149780 0.418502 0.154185 0.418502 0.176211 0.422908 0.180617 0.440529 0.180617 0.449339 0.171806 0.444934 0.167401 0.440529 0.167401
0 0.731278 0.118943 0.722467 0.110132 0.718062 0.110132 0.713656 0.114537 0.704846 0.114537 0.691630 0.127753 0.687225 0.127753 0.682819 0.132159 0.674009 0.132159 0.669604 0.127753 0.656388 0.127753 0.647577 0.136564 0.647577 0.140969 0.651982 0.145374 0.665198 0.145374 0.674009 0.136564 0.678414 0.136564 0.682819 0.132159 0.691630 0.132159 0.696035 0.136564 0.713656 0.136564 0.718062 0.132159 0.726872 0.132159 0.731278 0.127753
0 0.969163 0.110132 0.964758 0.105727 0.960352 0.105727 0.955947 0.110132 0.947137 0.110132 0.942731 0.114537 0.907489 0.114537 0.903084 0.118943 0.898678 0.118943 0.894273 0.123348 0.889868 0.123348 0.885463 0.127753 0.881057 0.127753 0.876652 0.132159 0.872247 0.132159 0.867841 0.136564 0.859031 0.136564 0.854626 0.140969 0.867841 0.154185 0.876652 0.154185 0.881057 0.149780 0.885463 0.149780 0.889868 0.145374 0.894273 0.145374 0.898678 0.140969 0.903084 0.140969 0.907489 0.136564 0.916300 0.136564 0.925110 0.127753 0.929515 0.127753 0.933921 0.123348 0.938326 0.123348 0.942731 0.118943 0.960352 0.118943
0 0.453745 0.101322 0.449339 0.105727 0.449339 0.110132 0.453745 0.114537 0.458150 0.114537 0.462555 0.110132 0.466960 0.114537 0.471366 0.114537 0.484582 0.127753 0.484582 0.140969 0.488987 0.145374 0.488987 0.158590 0.484582 0.162996 0.484582 0.167401 0.480176 0.171806 0.480176 0.180617 0.488987 0.189427 0.488987 0.198238 0.493392 0.202643 0.497797 0.202643 0.502203 0.198238 0.502203 0.193833 0.497797 0.189427 0.497797 0.171806 0.502203 0.167401 0.502203 0.158590 0.497797 0.154185 0.497797 0.140969 0.502203 0.136564 0.502203 0.132159 0.506608 0.127753 0.506608 0.123348 0.493392 0.110132 0.493392 0.105727 0.488987 0.101322 0.480176 0.101322 0.475771 0.105727 0.471366 0.105727 0.466960 0.110132 0.462555 0.105727 0.458150 0.105727
0 0.528634 0.088106 0.528634 0.092511 0.537445 0.101322 0.550661 0.101322 0.555066 0.105727 0.563877 0.105727 0.568282 0.110132 0.572687 0.110132 0.581498 0.118943 0.590308 0.118943 0.594714 0.114537 0.612335 0.114537 0.616740 0.110132 0.607930 0.101322 0.585903 0.101322 0.581498 0.105727 0.577093 0.101322 0.572687 0.101322 0.568282 0.096916 0.568282 0.092511 0.559471 0.083700 0.550661 0.083700 0.546256 0.079295 0.541850 0.079295 0.537445 0.083700 0.533040 0.083700
0 0.308370 0.088106 0.299559 0.079295 0.286344 0.079295 0.281938 0.083700 0.281938 0.092511 0.273128 0.101322 0.277533 0.105727 0.290749 0.105727 0.295154 0.101322 0.299559 0.101322 0.303965 0.096916 0.303965 0.092511
0 0.251101 0.061674 0.246696 0.057269 0.242291 0.057269 0.233480 0.066079 0.229075 0.066079 0.224670 0.070485 0.211454 0.070485 0.207048 0.066079 0.180617 0.066079 0.176211 0.061674 0.171806 0.061674 0.167401 0.057269 0.167401 0.052863 0.162996 0.048458 0.158590 0.048458 0.154185 0.044053 0.149780 0.044053 0.145374 0.048458 0.136564 0.048458 0.127753 0.057269 0.123348 0.057269 0.118943 0.061674 0.114537 0.061674 0.110132 0.066079 0.110132 0.083700 0.101322 0.092511 0.096916 0.092511 0.083700 0.105727 0.079295 0.105727 0.070485 0.114537 0.066079 0.114537 0.061674 0.118943 0.061674 0.123348 0.066079 0.127753 0.074890 0.118943 0.079295 0.118943 0.083700 0.114537 0.110132 0.114537 0.118943 0.105727 0.118943 0.083700 0.123348 0.079295 0.127753 0.079295 0.136564 0.070485 0.140969 0.070485 0.145374 0.066079 0.149780 0.066079 0.154185 0.070485 0.158590 0.066079 0.162996 0.070485 0.167401 0.070485 0.171806 0.074890 0.171806 0.079295 0.180617 0.088106 0.207048 0.088106 0.211454 0.083700 0.224670 0.083700 0.237885 0.070485 0.242291 0.070485
0 0.837004 0.057269 0.841410 0.061674 0.850220 0.061674 0.854626 0.057269 0.859031 0.061674 0.872247 0.061674 0.876652 0.066079 0.885463 0.066079 0.889868 0.061674 0.885463 0.057269 0.885463 0.052863 0.881057 0.048458 0.881057 0.044053 0.876652 0.039648 0.863436 0.039648 0.854626 0.048458 0.850220 0.048458 0.845815 0.052863 0.841410 0.052863
0 0.810573 0.030837 0.806167 0.026432 0.801762 0.026432 0.797357 0.030837 0.779736 0.030837 0.770925 0.039648 0.766520 0.039648 0.762115 0.044053 0.753304 0.044053 0.748899 0.039648 0.744493 0.039648 0.740088 0.035242 0.731278 0.044053 0.735683 0.048458 0.740088 0.044053 0.744493 0.044053 0.748899 0.048458 0.753304 0.048458 0.757709 0.052863 0.757709 0.057269 0.762115 0.061674 0.766520 0.061674 0.775330 0.052863 0.779736 0.052863 0.784141 0.048458 0.788546 0.048458 0.792952 0.044053 0.797357 0.044053
0 0.400881 0.026432 0.387665 0.026432 0.378855 0.035242 0.378855 0.039648 0.370044 0.048458 0.370044 0.052863 0.361233 0.061674 0.356828 0.061674 0.352423 0.066079 0.352423 0.074890 0.356828 0.079295 0.356828 0.096916 0.361233 0.101322 0.365639 0.096916 0.370044 0.096916 0.374449 0.092511 0.374449 0.083700 0.370044 0.079295 0.370044 0.070485 0.374449 0.066079 0.378855 0.066079 0.383260 0.061674 0.387665 0.061674 0.405286 0.044053 0.405286 0.030837
0 0.603524 0.022026 0.594714 0.030837 0.594714 0.039648 0.585903 0.048458 0.585903 0.066079 0.590308 0.070485 0.594714 0.066079 0.599119 0.066079 0.603524 0.061674 0.603524 0.048458 0.607930 0.044053 0.607930 0.035242 0.612335 0.030837
0 0.092511 0.013216 0.083700 0.013216 0.079295 0.017621 0.074890 0.017621 0.061674 0.030837 0.061674 0.044053 0.057269 0.048458 0.057269 0.052863 0.048458 0.061674 0.044053 0.061674 0.035242 0.070485 0.035242 0.074890 0.039648 0.079295 0.048458 0.079295 0.052863 0.074890 0.052863 0.070485 0.057269 0.066079 0.057269 0.061674 0.061674 0.057269 0.066079 0.057269 0.070485 0.052863 0.074890 0.052863 0.096916 0.030837 0.096916 0.026432 0.101322 0.022026
0 0.356828 0.000000 0.343612 0.000000 0.343612 0.004405 0.339207 0.008811 0.334802 0.008811 0.330396 0.013216 0.321586 0.013216 0.317181 0.017621 0.308370 0.017621 0.303965 0.022026 0.303965 0.035242 0.308370 0.039648 0.312775 0.035242 0.321586 0.035242 0.325991 0.030837 0.334802 0.030837 0.343612 0.022026 0.348018 0.022026 0.356828 0.013216
