0 0.396476 0.964758 0.387665 0.973568 0.387665 0.977974 0.392070 0.982379 0.392070 0.995595 0.409692 0.995595 0.409692 0.969163 0.405286 0.964758
0 0.881057 0.964758 0.876652 0.960352 0.867841 0.960352 0.863436 0.964758 0.850220 0.964758 0.845815 0.969163 0.845815 0.977974 0.850220 0.982379 0.863436 0.982379 0.867841 0.977974 0.872247 0.977974 0.881057 0.969163
0 0.960352 0.955947 0.951542 0.947137 0.947137 0.947137 0.942731 0.951542 0.933921 0.951542 0.929515 0.955947 0.916300 0.955947 0.907489 0.964758 0.916300 0.973568 0.920705 0.973568 0.925110 0.969163 0.929515 0.969163 0.933921 0.964758 0.938326 0.964758 0.942731 0.960352 0.947137 0.960352 0.951542 0.964758
0 0.577093 0.942731 0.563877 0.955947 0.563877 0.960352 0.550661 0.973568 0.555066 0.977974 0.563877 0.977974 0.581498 0.960352 0.581498 0.947137
0 0.405286 0.911894 0.396476 0.920705 0.400881 0.925110 0.400881 0.933921 0.409692 0.942731 0.414097 0.942731 0.422908 0.933921 0.422908 0.925110 0.409692 0.911894
0 0.471366 0.859031 0.466960 0.863436 0.462555 0.863436 0.458150 0.867841 0.453745 0.867841 0.449339 0.872247 0.449339 0.881057 0.453745 0.885463 0.453745 0.889868 0.458150 0.894273 0.471366 0.881057 0.471366 0.872247 0.475771 0.867841 0.475771 0.863436
0 0.801762 0.854626 0.797357 0.859031 0.797357 0.863436 0.792952 0.867841 0.792952 0.872247 0.797357 0.876652 0.797357 0.881057 0.806167 0.889868 0.810573 0.885463 0.810573 0.876652 0.814978 0.872247 0.814978 0.863436 0.806167 0.854626
0 0.577093 0.845815 0.568282 0.837004 0.563877 0.837004 0.559471 0.841410 0.555066 0.841410 0.550661 0.845815 0.546256 0.841410 0.541850 0.841410 0.537445 0.845815 0.537445 0.859031 0.541850 0.863436 0.550661 0.863436 0.555066 0.859031 0.559471 0.859031 0.563877 0.854626 0.568282 0.854626
0 0.185022 0.837004 0.176211 0.845815 0.176211 0.854626 0.180617 0.859031 0.189427 0.859031 0.193833 0.863436 0.202643 0.854626 0.202643 0.845815 0.198238 0.841410 0.193833 0.841410 0.189427 0.837004
0 0.629956 0.828194 0.638767 0.837004 0.643172 0.837004 0.647577 0.841410 0.647577 0.845815 0.656388 0.854626 0.660793 0.854626 0.669604 0.845815 0.669604 0.841410 0.660793 0.832599 0.656388 0.832599 0.651982 0.828194 0.647577 0.828194 0.643172 0.823789 0.634361 0.823789
0 0.753304 0.819383 0.744493 0.819383 0.735683 0.828194 0.735683 0.841410 0.740088 0.845815 0.748899 0.845815 0.757709 0.837004 0.757709 0.823789
0 0.039648 0.788546 0.035242 0.792952 0.035242 0.801762 0.044053 0.810573 0.048458 0.810573 0.057269 0.819383 0.057269 0.837004 0.061674 0.841410 0.070485 0.832599 0.066079 0.828194 0.066079 0.801762 0.057269 0.792952 0.052863 0.792952 0.048458 0.788546
0 0.572687 0.700441 0.577093 0.704846 0.581498 0.704846 0.585903 0.700441 0.594714 0.700441 0.599119 0.704846 0.603524 0.704846 0.612335 0.713656 0.621145 0.713656 0.625551 0.718062 0.629956 0.718062 0.638767 0.726872 0.647577 0.718062 0.647577 0.709251 0.643172 0.704846 0.638767 0.704846 0.634361 0.709251 0.625551 0.709251 0.621145 0.704846 0.616740 0.704846 0.612335 0.700441 0.607930 0.700441 0.603524 0.704846 0.599119 0.704846 0.594714 0.700441 0.590308 0.700441 0.581498 0.691630
0 0.911894 0.696035 0.920705 0.704846 0.938326 0.704846 0.951542 0.691630 0.947137 0.687225 0.916300 0.687225 0.911894 0.691630
0 0.775330 0.687225 0.770925 0.687225 0.766520 0.691630 0.766520 0.700441 0.762115 0.704846 0.762115 0.718062 0.753304 0.726872 0.753304 0.731278 0.748899 0.735683 0.748899 0.740088 0.744493 0.744493 0.744493 0.748899 0.740088 0.753304 0.744493 0.757709 0.744493 0.766520 0.748899 0.770925 0.757709 0.770925 0.762115 0.766520 0.762115 0.744493 0.757709 0.740088 0.757709 0.731278 0.762115 0.726872 0.762115 0.718062 0.766520 0.713656 0.770925 0.713656 0.779736 0.704846 0.779736 0.691630
0 0.026432 0.674009 0.035242 0.682819 0.039648 0.682819 0.044053 0.678414 0.048458 0.682819 0.052863 0.678414 0.052863 0.674009 0.061674 0.665198 0.066079 0.665198 0.070485 0.660793 0.074890 0.660793 0.079295 0.665198 0.083700 0.660793 0.079295 0.656388 0.074890 0.660793 0.070485 0.660793 0.066079 0.665198 0.061674 0.665198 0.057269 0.660793 0.052863 0.660793 0.048458 0.656388 0.044053 0.656388
0 0.753304 0.651982 0.748899 0.647577 0.744493 0.651982 0.740088 0.651982 0.735683 0.656388 0.713656 0.656388 0.709251 0.651982 0.704846 0.651982 0.700441 0.656388 0.700441 0.660793 0.709251 0.669604 0.731278 0.669604 0.744493 0.656388 0.748899 0.656388
0 0.696035 0.599119 0.691630 0.599119 0.687225 0.603524 0.682819 0.603524 0.678414 0.607930 0.678414 0.612335 0.669604 0.621145 0.669604 0.629956 0.674009 0.634361 0.678414 0.634361 0.687225 0.625551 0.687225 0.621145 0.691630 0.616740 0.696035 0.616740 0.700441 0.612335 0.700441 0.603524
0 0.035242 0.594714 0.030837 0.594714 0.022026 0.603524 0.022026 0.607930 0.017621 0.612335 0.017621 0.616740 0.026432 0.625551 0.035242 0.625551 0.044053 0.616740 0.044053 0.607930 0.039648 0.603524 0.039648 0.599119
0 0.061674 0.563877 0.061674 0.572687 0.066079 0.577093 0.070485 0.577093 0.074890 0.581498 0.074890 0.585903 0.079295 0.590308 0.083700 0.590308 0.088106 0.594714 0.092511 0.594714 0.101322 0.603524 0.110132 0.603524 0.114537 0.599119 0.114537 0.594714 0.118943 0.590308 0.114537 0.585903 0.110132 0.585903 0.105727 0.581498 0.101322 0.585903 0.096916 0.581498 0.092511 0.581498 0.088106 0.577093 0.083700 0.577093 0.074890 0.568282 0.074890 0.563877 0.070485 0.559471 0.066079 0.559471
0 0.797357 0.559471 0.797357 0.563877 0.801762 0.563877 0.814978 0.577093 0.819383 0.572687 0.823789 0.572687 0.828194 0.568282 0.841410 0.568282 0.845815 0.572687 0.854626 0.572687 0.859031 0.577093 0.867841 0.577093 0.872247 0.572687 0.872247 0.568282 0.867841 0.563877 0.863436 0.563877 0.859031 0.568282 0.854626 0.563877 0.845815 0.563877 0.841410 0.568282 0.832599 0.568282 0.828194 0.563877 0.823789 0.563877 0.814978 0.555066 0.810573 0.559471 0.806167 0.555066 0.801762 0.559471
0 0.436123 0.559471 0.431718 0.555066 0.422908 0.555066 0.418502 0.559471 0.414097 0.559471 0.405286 0.568282 0.414097 0.577093 0.427313 0.577093 0.436123 0.568282
0 0.907489 0.511013 0.898678 0.502203 0.885463 0.502203 0.881057 0.506608 0.876652 0.506608 0.872247 0.511013 0.867841 0.511013 0.863436 0.515419 0.863436 0.519824 0.854626 0.528634 0.859031 0.533040 0.872247 0.519824 0.876652 0.519824 0.881057 0.515419 0.885463 0.519824 0.889868 0.519824 0.894273 0.524229 0.903084 0.524229 0.907489 0.519824
0 0.493392 0.436123 0.488987 0.440529 0.484582 0.440529 0.480176 0.444934 0.480176 0.453745 0.475771 0.458150 0.484582 0.466960 0.493392 0.466960 0.502203 0.458150 0.502203 0.444934
0 0.044053 0.436123 0.039648 0.440529 0.039648 0.458150 0.052863 0.471366 0.061674 0.471366 0.066079 0.475771 0.074890 0.475771 0.083700 0.466960 0.079295 0.462555 0.074890 0.462555 0.048458 0.436123
0 0.581498 0.444934 0.577093 0.440529 0.568282 0.440529 0.563877 0.436123 0.559471 0.436123 0.555066 0.431718 0.541850 0.444934 0.541850 0.458150 0.546256 0.462555 0.555066 0.462555 0.559471 0.458150 0.568282 0.458150 0.572687 0.453745 0.577093 0.453745 0.581498 0.449339
0 0.167401 0.427313 0.158590 0.427313 0.145374 0.440529 0.145374 0.453745 0.149780 0.458150 0.154185 0.453745 0.158590 0.453745 0.167401 0.444934 0.167401 0.440529 0.171806 0.436123 0.171806 0.431718
0 0.405286 0.396476 0.392070 0.409692 0.392070 0.414097 0.387665 0.418502 0.387665 0.422908 0.392070 0.427313 0.396476 0.422908 0.400881 0.427313 0.405286 0.422908 0.409692 0.422908 0.414097 0.418502 0.414097 0.405286
0 0.052863 0.348018 0.048458 0.352423 0.052863 0.356828 0.052863 0.365639 0.057269 0.370044 0.057269 0.392070 0.061674 0.396476 0.066079 0.396476 0.070485 0.392070 0.074890 0.396476 0.079295 0.396476 0.083700 0.400881 0.083700 0.405286 0.088106 0.409692 0.088106 0.414097 0.092511 0.418502 0.096916 0.418502 0.101322 0.414097 0.101322 0.400881 0.096916 0.396476 0.088106 0.396476 0.083700 0.400881 0.079295 0.396476 0.074890 0.396476 0.070485 0.392070 0.070485 0.378855 0.066079 0.374449 0.066079 0.361233
0 0.995595 0.343612 0.969163 0.343612 0.903084 0.374449 0.854626 0.374449 0.819383 0.409692 0.792952 0.418502 0.770925 0.409692 0.744493 0.374449 0.718062 0.374449 0.696035 0.400881 0.682819 0.392070 0.687225 0.418502 0.629956 0.444934 0.621145 0.488987 0.572687 0.550661 0.528634 0.572687 0.506608 0.555066 0.493392 0.563877 0.497797 0.572687 0.515419 0.568282 0.528634 0.577093 0.524229 0.599119 0.484582 0.638767 0.453745 0.651982 0.427313 0.691630 0.374449 0.731278 0.352423 0.792952 0.286344 0.872247 0.237885 0.889868 0.202643 0.920705 0.171806 0.925110 0.114537 0.969163 0.048458 0.977974 0.000000 0.995595 0.101322 0.995595 0.114537 0.977974 0.127753 0.995595 0.140969 0.995595 0.189427 0.951542 0.215859 0.951542 0.237885 0.925110 0.264317 0.925110 0.290749 0.903084 0.317181 0.911894 0.299559 0.938326 0.303965 0.947137 0.325991 0.925110 0.374449 0.828194 0.444934 0.744493 0.502203 0.713656 0.541850 0.647577 0.590308 0.607930 0.612335 0.612335 0.744493 0.462555 0.775330 0.458150 0.792952 0.475771 0.806167 0.475771 0.841410 0.444934 0.933921 0.422908 0.964758 0.453745 0.973568 0.440529 0.960352 0.418502 0.995595 0.387665
0 0.211454 0.325991 0.207048 0.325991 0.202643 0.330396 0.202643 0.334802 0.198238 0.339207 0.198238 0.343612 0.193833 0.348018 0.193833 0.352423 0.185022 0.361233 0.189427 0.365639 0.207048 0.365639 0.215859 0.356828 0.215859 0.330396
0 0.198238 0.259912 0.193833 0.264317 0.193833 0.268722 0.198238 0.273128 0.198238 0.295154 0.202643 0.299559 0.207048 0.299559 0.215859 0.290749 0.215859 0.268722 0.207048 0.259912
0 0.563877 0.255507 0.559471 0.255507 0.555066 0.259912 0.546256 0.259912 0.541850 0.264317 0.537445 0.264317 0.533040 0.268722 0.533040 0.273128 0.528634 0.277533 0.524229 0.277533 0.519824 0.281938 0.519824 0.308370 0.515419 0.312775 0.511013 0.312775 0.506608 0.317181 0.502203 0.317181 0.497797 0.321586 0.506608 0.330396 0.515419 0.330396 0.519824 0.334802 0.524229 0.334802 0.528634 0.339207 0.528634 0.348018 0.533040 0.352423 0.537445 0.352423 0.541850 0.348018 0.541850 0.343612 0.528634 0.330396 0.528634 0.321586 0.524229 0.317181 0.524229 0.303965 0.528634 0.299559 0.533040 0.299559 0.541850 0.290749 0.541850 0.286344 0.546256 0.281938 0.550661 0.281938 0.555066 0.277533 0.568282 0.277533 0.577093 0.268722
0 0.678414 0.251101 0.674009 0.251101 0.665198 0.259912 0.669604 0.264317 0.669604 0.273128 0.665198 0.277533 0.665198 0.303965 0.660793 0.308370 0.660793 0.317181 0.656388 0.321586 0.656388 0.325991 0.651982 0.330396 0.651982 0.343612 0.634361 0.361233 0.634361 0.370044 0.638767 0.374449 0.643172 0.370044 0.647577 0.374449 0.656388 0.365639 0.656388 0.361233 0.665198 0.352423 0.665198 0.330396 0.669604 0.325991 0.674009 0.325991 0.682819 0.317181 0.682819 0.295154 0.678414 0.290749 0.678414 0.268722 0.682819 0.264317 0.682819 0.255507
0 0.361233 0.224670 0.356828 0.224670 0.343612 0.237885 0.343612 0.255507 0.348018 0.259912 0.352423 0.259912 0.365639 0.246696 0.365639 0.229075
0 0.757709 0.303965 0.766520 0.312775 0.770925 0.308370 0.770925 0.299559 0.775330 0.295154 0.775330 0.290749 0.779736 0.286344 0.775330 0.281938 0.775330 0.259912 0.784141 0.251101 0.788546 0.251101 0.792952 0.246696 0.797357 0.246696 0.801762 0.242291 0.810573 0.242291 0.814978 0.237885 0.823789 0.237885 0.828194 0.233480 0.837004 0.233480 0.841410 0.237885 0.854626 0.237885 0.859031 0.233480 0.863436 0.233480 0.867841 0.237885 0.872247 0.237885 0.876652 0.242291 0.876652 0.246696 0.881057 0.251101 0.889868 0.251101 0.894273 0.246696 0.898678 0.246696 0.903084 0.242291 0.907489 0.242291 0.911894 0.237885 0.916300 0.237885 0.920705 0.233480 0.925110 0.233480 0.929515 0.229075 0.942731 0.229075 0.947137 0.224670 0.947137 0.220264 0.942731 0.215859 0.938326 0.220264 0.933921 0.220264 0.929515 0.224670 0.925110 0.224670 0.920705 0.229075 0.916300 0.229075 0.911894 0.224670 0.907489 0.224670 0.898678 0.233480 0.894273 0.233480 0.889868 0.237885 0.881057 0.237885 0.876652 0.233480 0.872247 0.233480 0.863436 0.224670 0.837004 0.224670 0.832599 0.220264 0.828194 0.220264 0.823789 0.215859 0.814978 0.215859 0.810573 0.211454 0.806167 0.211454 0.788546 0.229075 0.788546 0.233480 0.779736 0.242291 0.779736 0.251101 0.775330 0.255507 0.770925 0.255507 0.766520 0.259912 0.762115 0.255507 0.757709 0.255507 0.753304 0.259912 0.753304 0.286344 0.757709 0.290749
0 0.497797 0.202643 0.484582 0.202643 0.480176 0.207048 0.475771 0.207048 0.471366 0.211454 0.471366 0.215859 0.466960 0.220264 0.466960 0.224670 0.462555 0.229075 0.458150 0.229075 0.453745 0.233480 0.453745 0.246696 0.458150 0.251101 0.458150 0.255507 0.462555 0.259912 0.462555 0.273128 0.458150 0.277533 0.462555 0.281938 0.466960 0.277533 0.462555 0.273128 0.462555 0.259912 0.471366 0.251101 0.471366 0.242291 0.475771 0.237885 0.475771 0.229075 0.480176 0.224670 0.484582 0.224670 0.488987 0.220264 0.493392 0.220264 0.502203 0.211454 0.502203 0.207048
0 0.083700 0.207048 0.079295 0.202643 0.066079 0.202643 0.057269 0.211454 0.057269 0.215859 0.052863 0.220264 0.052863 0.224670 0.057269 0.229075 0.061674 0.229075 0.066079 0.224670 0.074890 0.224670 0.083700 0.215859
0 0.735683 0.176211 0.740088 0.180617 0.740088 0.185022 0.744493 0.189427 0.748899 0.189427 0.753304 0.185022 0.757709 0.185022 0.770925 0.171806 0.770925 0.167401 0.766520 0.162996 0.762115 0.167401 0.757709 0.162996 0.744493 0.162996 0.735683 0.171806
0 0.903084 0.158590 0.894273 0.167401 0.894273 0.171806 0.903084 0.180617 0.903084 0.185022 0.907489 0.189427 0.920705 0.189427 0.929515 0.180617 0.925110 0.176211 0.925110 0.171806 0.916300 0.162996 0.911894 0.162996 0.907489 0.158590
0 0.700441 0.118943 0.696035 0.123348 0.696035 0.132159 0.687225 0.140969 0.682819 0.140969 0.678414 0.145374 0.660793 0.145374 0.651982 0.154185 0.656388 0.158590 0.656388 0.162996 0.660793 0.167401 0.660793 0.185022 0.665198 0.189427 0.665198 0.193833 0.669604 0.198238 0.669604 0.202643 0.678414 0.211454 0.682819 0.207048 0.682819 0.202643 0.687225 0.198238 0.687225 0.193833 0.682819 0.189427 0.682819 0.180617 0.678414 0.176211 0.678414 0.158590 0.687225 0.149780 0.691630 0.149780 0.700441 0.140969 0.700441 0.136564 0.704846 0.132159 0.704846 0.123348
0 0.273128 0.114537 0.268722 0.118943 0.268722 0.127753 0.264317 0.132159 0.264317 0.140969 0.273128 0.149780 0.273128 0.158590 0.268722 0.162996 0.268722 0.167401 0.273128 0.171806 0.277533 0.171806 0.281938 0.176211 0.286344 0.171806 0.286344 0.167401 0.277533 0.158590 0.277533 0.145374 0.281938 0.140969 0.281938 0.123348
0 0.110132 0.092511 0.105727 0.092511 0.101322 0.096916 0.096916 0.096916 0.088106 0.105727 0.088106 0.123348 0.083700 0.127753 0.083700 0.132159 0.088106 0.132159 0.092511 0.136564 0.114537 0.114537 0.114537 0.110132 0.118943 0.105727 0.114537 0.101322 0.114537 0.096916
0 0.889868 0.088106 0.885463 0.092511 0.885463 0.096916 0.881057 0.101322 0.894273 0.114537 0.898678 0.114537 0.903084 0.118943 0.911894 0.118943 0.920705 0.110132 0.911894 0.101322 0.907489 0.101322 0.898678 0.092511 0.894273 0.092511
0 0.048458 0.079295 0.039648 0.088106 0.035242 0.088106 0.030837 0.092511 0.030837 0.096916 0.026432 0.101322 0.035242 0.110132 0.039648 0.110132 0.044053 0.114537 0.044053 0.110132 0.048458 0.105727 0.048458 0.096916 0.052863 0.092511 0.052863 0.083700
0 0.176211 0.066079 0.171806 0.070485 0.171806 0.079295 0.176211 0.083700 0.176211 0.092511 0.180617 0.096916 0.180617 0.118943 0.185022 0.123348 0.185022 0.127753 0.198238 0.140969 0.202643 0.136564 0.202643 0.114537 0.189427 0.101322 0.189427 0.088106 0.193833 0.083700 0.193833 0.070485 0.189427 0.066079 0.185022 0.070485 0.180617 0.066079
0 0.585903 0.057269 0.577093 0.066079 0.577093 0.070485 0.581498 0.074890 0.581498 0.079295 0.585903 0.083700 0.594714 0.083700 0.603524 0.074890 0.603524 0.066079 0.599119 0.061674 0.594714 0.061674 0.590308 0.057269
0 0.343612 0.057269 0.334802 0.048458 0.312775 0.048458 0.308370 0.052863 0.303965 0.052863 0.295154 0.061674 0.290749 0.061674 0.286344 0.066079 0.277533 0.066079 0.273128 0.061674 0.259912 0.061674 0.255507 0.066079 0.251101 0.061674 0.246696 0.066079 0.242291 0.066079 0.237885 0.070485 0.237885 0.074890 0.242291 0.079295 0.246696 0.074890 0.251101 0.074890 0.255507 0.070485 0.259912 0.074890 0.273128 0.074890 0.281938 0.066079 0.286344 0.066079 0.290749 0.061674 0.295154 0.066079 0.299559 0.066079 0.303965 0.070485 0.308370 0.070485 0.312775 0.074890 0.317181 0.070485 0.321586 0.070485 0.325991 0.066079 0.339207 0.066079 0.343612 0.061674
0 0.533040 0.044053 0.524229 0.052863 0.524229 0.066079 0.519824 0.070485 0.524229 0.074890 0.524229 0.083700 0.528634 0.088106 0.533040 0.088106 0.537445 0.083700 0.537445 0.061674 0.541850 0.057269 0.541850 0.052863
0 0.748899 0.048458 0.735683 0.035242 0.731278 0.035242 0.726872 0.030837 0.722467 0.030837 0.718062 0.035242 0.713656 0.035242 0.709251 0.039648 0.704846 0.039648 0.660793 0.083700 0.660793 0.088106 0.656388 0.092511 0.656388 0.105727 0.660793 0.110132 0.665198 0.105727 0.669604 0.105727 0.674009 0.101322 0.678414 0.101322 0.682819 0.105727 0.691630 0.096916 0.691630 0.092511 0.696035 0.088106 0.700441 0.088106 0.704846 0.083700 0.709251 0.083700 0.713656 0.079295 0.722467 0.079295 0.726872 0.074890 0.731278 0.074890 0.748899 0.057269
0 0.841410 0.000000 0.841410 0.008811 0.837004 0.013216 0.841410 0.017621 0.841410 0.022026 0.845815 0.026432 0.854626 0.026432 0.863436 0.017621 0.863436 0.013216 0.859031 0.008811 0.859031 0.000000
0 0.488987 0.000000 0.475771 0.000000 0.475771 0.008811 0.471366 0.013216 0.471366 0.022026 0.480176 0.030837 0.484582 0.026432 0.488987 0.026432 0.497797 0.017621 0.493392 0.013216 0.493392 0.008811 0.488987 0.004405
0 0.396476 0.000000 0.396476 0.004405 0.400881 0.008811 0.400881 0.022026 0.409692 0.030837 0.409692 0.039648 0.414097 0.044053 0.418502 0.044053 0.422908 0.039648 0.422908 0.030837 0.414097 0.022026 0.414097 0.000000
