0 0.841410 0.903084 0.841410 0.907489 0.845815 0.911894 0.845815 0.916300 0.859031 0.929515 0.863436 0.925110 0.867841 0.925110 0.872247 0.929515 0.876652 0.929515 0.881057 0.933921 0.881057 0.942731 0.885463 0.947137 0.894273 0.947137 0.903084 0.938326 0.898678 0.933921 0.898678 0.925110 0.894273 0.920705 0.889868 0.920705 0.885463 0.925110 0.881057 0.925110 0.876652 0.929515 0.872247 0.925110 0.867841 0.925110 0.859031 0.916300 0.859031 0.903084 0.854626 0.898678 0.845815 0.898678
0 0.784141 0.850220 0.784141 0.859031 0.792952 0.867841 0.792952 0.872247 0.801762 0.881057 0.806167 0.876652 0.810573 0.876652 0.814978 0.872247 0.819383 0.872247 0.823789 0.867841 0.828194 0.872247 0.832599 0.867841 0.832599 0.863436 0.828194 0.859031 0.823789 0.859031 0.819383 0.863436 0.814978 0.863436 0.810573 0.859031 0.806167 0.859031 0.792952 0.845815 0.788546 0.845815
0 0.881057 0.837004 0.876652 0.841410 0.876652 0.845815 0.872247 0.850220 0.872247 0.863436 0.876652 0.867841 0.889868 0.867841 0.898678 0.859031 0.898678 0.850220 0.885463 0.837004
0 0.665198 0.828194 0.656388 0.819383 0.647577 0.819383 0.643172 0.823789 0.638767 0.823789 0.634361 0.828194 0.629956 0.828194 0.625551 0.832599 0.621145 0.832599 0.616740 0.828194 0.607930 0.828194 0.603524 0.832599 0.603524 0.837004 0.607930 0.841410 0.612335 0.841410 0.616740 0.837004 0.621145 0.837004 0.625551 0.832599 0.634361 0.832599 0.638767 0.837004 0.643172 0.837004 0.647577 0.841410 0.660793 0.841410 0.665198 0.837004
0 0.951542 0.801762 0.947137 0.806167 0.942731 0.806167 0.938326 0.810573 0.933921 0.810573 0.929515 0.814978 0.933921 0.814978 0.938326 0.819383 0.938326 0.837004 0.929515 0.845815 0.929515 0.854626 0.938326 0.863436 0.942731 0.859031 0.942731 0.832599 0.947137 0.828194 0.951542 0.828194 0.955947 0.823789 0.960352 0.823789 0.964758 0.819383 0.969163 0.819383 0.964758 0.819383 0.955947 0.810573 0.955947 0.806167
0 0.629956 0.779736 0.625551 0.775330 0.621145 0.775330 0.616740 0.779736 0.607930 0.779736 0.603524 0.784141 0.599119 0.779736 0.594714 0.784141 0.594714 0.788546 0.603524 0.797357 0.621145 0.797357 0.629956 0.788546
0 0.158590 0.634361 0.145374 0.621145 0.140969 0.621145 0.136564 0.625551 0.136564 0.634361 0.132159 0.638767 0.127753 0.638767 0.123348 0.643172 0.118943 0.638767 0.110132 0.638767 0.105727 0.643172 0.105727 0.647577 0.101322 0.651982 0.110132 0.660793 0.114537 0.660793 0.127753 0.647577 0.132159 0.647577 0.136564 0.643172 0.149780 0.643172
0 0.995595 0.621145 0.925110 0.625551 0.828194 0.590308 0.801762 0.590308 0.775330 0.603524 0.704846 0.572687 0.546256 0.572687 0.550661 0.585903 0.603524 0.581498 0.621145 0.590308 0.625551 0.607930 0.616740 0.616740 0.546256 0.621145 0.528634 0.634361 0.511013 0.621145 0.488987 0.625551 0.462555 0.656388 0.392070 0.691630 0.374449 0.713656 0.339207 0.713656 0.303965 0.691630 0.308370 0.678414 0.343612 0.665198 0.343612 0.656388 0.242291 0.687225 0.220264 0.669604 0.162996 0.674009 0.101322 0.704846 0.048458 0.713656 0.013216 0.700441 0.004405 0.674009 0.000000 0.779736 0.057269 0.788546 0.202643 0.744493 0.246696 0.753304 0.299559 0.731278 0.325991 0.740088 0.334802 0.770925 0.348018 0.779736 0.356828 0.770925 0.356828 0.735683 0.436123 0.713656 0.524229 0.651982 0.616740 0.643172 0.634361 0.651982 0.709251 0.647577 0.731278 0.665198 0.762115 0.674009 0.837004 0.669604 0.907489 0.687225 0.995595 0.678414
0 0.647577 0.502203 0.643172 0.502203 0.638767 0.506608 0.638767 0.519824 0.634361 0.524229 0.629956 0.524229 0.621145 0.533040 0.621145 0.541850 0.634361 0.555066 0.643172 0.546256 0.643172 0.537445 0.651982 0.528634 0.651982 0.524229 0.656388 0.519824 0.656388 0.515419 0.651982 0.511013 0.651982 0.506608
0 0.938326 0.488987 0.947137 0.497797 0.951542 0.493392 0.955947 0.497797 0.964758 0.497797 0.969163 0.502203 0.982379 0.502203 0.986784 0.497797 0.995595 0.497797 0.995595 0.484582 0.977974 0.484582 0.973568 0.488987 0.964758 0.488987 0.960352 0.484582 0.955947 0.484582 0.951542 0.480176 0.947137 0.480176
0 0.669604 0.440529 0.665198 0.444934 0.665198 0.449339 0.660793 0.453745 0.660793 0.466960 0.665198 0.471366 0.665198 0.475771 0.669604 0.480176 0.678414 0.480176 0.682819 0.475771 0.682819 0.453745
0 0.524229 0.427313 0.519824 0.431718 0.519824 0.444934 0.528634 0.453745 0.528634 0.462555 0.519824 0.471366 0.519824 0.480176 0.515419 0.484582 0.515419 0.488987 0.519824 0.493392 0.528634 0.493392 0.533040 0.488987 0.537445 0.493392 0.541850 0.488987 0.541850 0.484582 0.546256 0.480176 0.546256 0.471366 0.541850 0.466960 0.541850 0.462555 0.537445 0.458150 0.537445 0.431718 0.533040 0.427313
0 0.850220 0.400881 0.845815 0.396476 0.837004 0.396476 0.828194 0.405286 0.828194 0.409692 0.823789 0.414097 0.819383 0.414097 0.814978 0.418502 0.810573 0.418502 0.806167 0.414097 0.801762 0.414097 0.792952 0.405286 0.788546 0.405286 0.784141 0.409692 0.784141 0.422908 0.788546 0.427313 0.792952 0.422908 0.797357 0.422908 0.801762 0.418502 0.806167 0.422908 0.810573 0.422908 0.819383 0.431718 0.823789 0.431718 0.832599 0.422908 0.832599 0.418502
0 0.378855 0.361233 0.370044 0.370044 0.370044 0.374449 0.374449 0.378855 0.374449 0.383260 0.383260 0.392070 0.387665 0.392070 0.392070 0.396476 0.400881 0.387665 0.400881 0.378855 0.396476 0.374449 0.396476 0.370044 0.387665 0.361233
0 0.951542 0.308370 0.947137 0.312775 0.947137 0.325991 0.951542 0.330396 0.955947 0.330396 0.960352 0.334802 0.969163 0.334802 0.977974 0.325991 0.977974 0.321586 0.964758 0.308370
0 0.898678 0.259912 0.885463 0.273128 0.885463 0.277533 0.881057 0.281938 0.885463 0.286344 0.885463 0.290749 0.889868 0.295154 0.894273 0.295154 0.903084 0.286344 0.903084 0.264317
0 0.612335 0.259912 0.607930 0.264317 0.603524 0.264317 0.594714 0.273128 0.594714 0.281938 0.585903 0.290749 0.585903 0.308370 0.590308 0.312775 0.599119 0.303965 0.599119 0.295154 0.607930 0.286344 0.612335 0.286344 0.616740 0.281938 0.616740 0.277533 0.621145 0.273128 0.616740 0.268722 0.616740 0.264317
0 0.061674 0.251101 0.057269 0.255507 0.052863 0.255507 0.048458 0.259912 0.048458 0.264317 0.066079 0.281938 0.066079 0.290749 0.070485 0.295154 0.074890 0.295154 0.079295 0.290749 0.079295 0.286344 0.074890 0.281938 0.074890 0.268722 0.079295 0.264317 0.074890 0.259912 0.074890 0.255507 0.070485 0.251101
0 0.409692 0.237885 0.405286 0.233480 0.400881 0.233480 0.396476 0.229075 0.374449 0.229075 0.370044 0.233480 0.370044 0.237885 0.365639 0.242291 0.361233 0.242291 0.356828 0.246696 0.348018 0.246696 0.343612 0.242291 0.339207 0.242291 0.334802 0.237885 0.330396 0.237885 0.325991 0.242291 0.325991 0.246696 0.321586 0.251101 0.325991 0.255507 0.325991 0.259912 0.330396 0.264317 0.339207 0.264317 0.343612 0.259912 0.352423 0.259912 0.356828 0.255507 0.370044 0.255507 0.374449 0.251101 0.378855 0.251101 0.387665 0.242291 0.392070 0.242291 0.396476 0.237885 0.400881 0.242291 0.405286 0.242291
0 0.365639 0.079295 0.356828 0.079295 0.352423 0.083700 0.352423 0.088106 0.356828 0.092511 0.356828 0.101322 0.343612 0.114537 0.343612 0.123348 0.348018 0.127753 0.356828 0.127753 0.365639 0.118943 0.365639 0.105727 0.370044 0.101322 0.370044 0.083700
0 0.925110 0.074890 0.920705 0.070485 0.916300 0.074890 0.907489 0.074890 0.898678 0.083700 0.894273 0.083700 0.889868 0.088106 0.885463 0.088106 0.881057 0.092511 0.881057 0.096916 0.885463 0.101322 0.894273 0.101322 0.898678 0.096916 0.903084 0.096916 0.907489 0.092511 0.920705 0.092511 0.925110 0.088106
0 0.000000 0.057269 0.000000 0.066079 0.004405 0.061674 0.008811 0.061674 0.013216 0.066079 0.017621 0.066079 0.022026 0.070485 0.026432 0.070485 0.030837 0.074890 0.035242 0.074890 0.039648 0.079295 0.044053 0.079295 0.048458 0.074890 0.044053 0.070485 0.044053 0.061674 0.039648 0.057269 0.039648 0.052863 0.035242 0.048458 0.022026 0.048458 0.013216 0.057269 0.008811 0.057269 0.004405 0.061674
0 0.171806 0.044053 0.167401 0.048458 0.171806 0.052863 0.171806 0.061674 0.176211 0.066079 0.176211 0.070485 0.180617 0.074890 0.189427 0.074890 0.193833 0.070485 0.193833 0.057269 0.185022 0.048458 0.176211 0.048458
