0 0.114537 0.960352 0.118943 0.964758 0.123348 0.964758 0.127753 0.969163 0.145374 0.969163 0.149780 0.964758 0.154185 0.969163 0.158590 0.969163 0.167401 0.960352 0.167401 0.955947 0.162996 0.951542 0.158590 0.955947 0.154185 0.955947 0.149780 0.960352 0.145374 0.955947 0.140969 0.955947 0.136564 0.951542 0.132159 0.951542 0.127753 0.947137 0.123348 0.947137 0.118943 0.951542 0.118943 0.955947
0 0.436123 0.925110 0.436123 0.929515 0.440529 0.933921 0.458150 0.933921 0.462555 0.929515 0.466960 0.933921 0.471366 0.933921 0.475771 0.929515 0.475771 0.925110 0.471366 0.920705 0.453745 0.920705 0.449339 0.916300 0.444934 0.916300
0 0.057269 0.872247 0.052863 0.876652 0.052863 0.885463 0.066079 0.898678 0.070485 0.898678 0.074890 0.903084 0.079295 0.903084 0.083700 0.907489 0.088106 0.907489 0.092511 0.903084 0.083700 0.894273 0.083700 0.885463 0.070485 0.872247
0 0.546256 0.881057 0.550661 0.885463 0.563877 0.885463 0.568282 0.881057 0.577093 0.881057 0.581498 0.885463 0.585903 0.885463 0.603524 0.903084 0.612335 0.903084 0.616740 0.907489 0.625551 0.907489 0.629956 0.911894 0.643172 0.911894 0.647577 0.916300 0.651982 0.916300 0.656388 0.920705 0.660793 0.916300 0.660793 0.911894 0.651982 0.903084 0.647577 0.903084 0.643172 0.898678 0.638767 0.898678 0.634361 0.894273 0.625551 0.894273 0.621145 0.889868 0.616740 0.889868 0.612335 0.885463 0.603524 0.885463 0.599119 0.881057 0.594714 0.885463 0.590308 0.881057 0.585903 0.881057 0.581498 0.876652 0.577093 0.876652 0.572687 0.872247 0.568282 0.872247 0.563877 0.867841 0.559471 0.867841
0 0.339207 0.872247 0.339207 0.876652 0.361233 0.898678 0.365639 0.894273 0.370044 0.894273 0.374449 0.889868 0.383260 0.889868 0.387665 0.894273 0.392070 0.894273 0.396476 0.889868 0.396476 0.885463 0.392070 0.881057 0.387665 0.881057 0.383260 0.885463 0.374449 0.885463 0.370044 0.881057 0.365639 0.881057 0.352423 0.867841 0.343612 0.867841
0 0.229075 0.867841 0.224670 0.872247 0.224670 0.876652 0.220264 0.881057 0.220264 0.889868 0.215859 0.894273 0.211454 0.894273 0.207048 0.898678 0.202643 0.898678 0.198238 0.903084 0.198238 0.907489 0.193833 0.911894 0.193833 0.925110 0.202643 0.933921 0.211454 0.933921 0.215859 0.929515 0.215859 0.925110 0.237885 0.903084 0.237885 0.876652
0 0.488987 0.823789 0.484582 0.828194 0.484582 0.837004 0.480176 0.841410 0.484582 0.845815 0.484582 0.859031 0.488987 0.863436 0.497797 0.863436 0.502203 0.859031 0.502203 0.854626 0.497797 0.850220 0.497797 0.837004 0.502203 0.832599 0.497797 0.828194 0.493392 0.828194
0 0.669604 0.814978 0.674009 0.819383 0.682819 0.819383 0.687225 0.823789 0.691630 0.819383 0.696035 0.823789 0.700441 0.823789 0.713656 0.837004 0.722467 0.837004 0.726872 0.841410 0.731278 0.841410 0.735683 0.845815 0.740088 0.845815 0.744493 0.850220 0.753304 0.850220 0.757709 0.854626 0.762115 0.854626 0.770925 0.863436 0.784141 0.863436 0.788546 0.867841 0.792952 0.867841 0.797357 0.872247 0.819383 0.872247 0.823789 0.867841 0.828194 0.872247 0.832599 0.872247 0.837004 0.876652 0.837004 0.885463 0.845815 0.894273 0.859031 0.894273 0.863436 0.898678 0.867841 0.898678 0.872247 0.903084 0.885463 0.903084 0.889868 0.898678 0.881057 0.889868 0.872247 0.889868 0.867841 0.885463 0.863436 0.885463 0.859031 0.881057 0.854626 0.881057 0.845815 0.872247 0.841410 0.872247 0.837004 0.867841 0.832599 0.867841 0.828194 0.863436 0.828194 0.859031 0.819383 0.850220 0.788546 0.850220 0.784141 0.845815 0.779736 0.845815 0.775330 0.841410 0.753304 0.841410 0.748899 0.837004 0.744493 0.837004 0.731278 0.823789 0.726872 0.823789 0.722467 0.819383 0.718062 0.819383 0.713656 0.814978 0.713656 0.810573 0.709251 0.810573 0.704846 0.814978 0.700441 0.814978 0.696035 0.810573 0.691630 0.810573 0.687225 0.806167 0.678414 0.806167
0 0.647577 0.762115 0.643172 0.757709 0.638767 0.757709 0.634361 0.762115 0.634361 0.775330 0.629956 0.779736 0.625551 0.779736 0.621145 0.784141 0.612335 0.784141 0.607930 0.779736 0.603524 0.779736 0.594714 0.770925 0.577093 0.770925 0.572687 0.775330 0.577093 0.779736 0.581498 0.779736 0.590308 0.788546 0.594714 0.788546 0.599119 0.792952 0.603524 0.792952 0.607930 0.797357 0.612335 0.797357 0.616740 0.801762 0.621145 0.801762 0.625551 0.806167 0.629956 0.801762 0.629956 0.784141 0.638767 0.775330 0.643172 0.775330 0.647577 0.770925
0 0.202643 0.753304 0.189427 0.766520 0.189427 0.775330 0.185022 0.779736 0.185022 0.784141 0.167401 0.801762 0.167401 0.819383 0.158590 0.828194 0.154185 0.828194 0.149780 0.832599 0.145374 0.828194 0.140969 0.828194 0.136564 0.823789 0.136564 0.819383 0.132159 0.814978 0.132159 0.810573 0.127753 0.806167 0.123348 0.806167 0.118943 0.801762 0.114537 0.801762 0.105727 0.810573 0.110132 0.814978 0.110132 0.828194 0.101322 0.837004 0.096916 0.837004 0.092511 0.841410 0.096916 0.845815 0.096916 0.850220 0.101322 0.854626 0.105727 0.854626 0.123348 0.872247 0.127753 0.867841 0.132159 0.867841 0.136564 0.872247 0.140969 0.867841 0.145374 0.872247 0.149780 0.872247 0.154185 0.876652 0.154185 0.885463 0.158590 0.889868 0.162996 0.889868 0.167401 0.885463 0.162996 0.881057 0.158590 0.881057 0.154185 0.876652 0.154185 0.867841 0.158590 0.863436 0.162996 0.863436 0.171806 0.854626 0.171806 0.850220 0.176211 0.845815 0.176211 0.814978 0.180617 0.810573 0.180617 0.801762 0.193833 0.788546 0.193833 0.784141 0.198238 0.779736 0.198238 0.770925 0.207048 0.762115 0.207048 0.757709
0 0.766520 0.709251 0.762115 0.713656 0.762115 0.753304 0.770925 0.762115 0.770925 0.766520 0.775330 0.770925 0.775330 0.775330 0.779736 0.779736 0.784141 0.779736 0.788546 0.775330 0.788546 0.770925 0.792952 0.766520 0.797357 0.766520 0.797357 0.762115 0.792952 0.762115 0.775330 0.744493 0.775330 0.722467 0.770925 0.718062 0.770925 0.713656
0 0.057269 0.696035 0.052863 0.691630 0.048458 0.691630 0.035242 0.678414 0.026432 0.687225 0.026432 0.691630 0.022026 0.696035 0.017621 0.696035 0.013216 0.700441 0.008811 0.700441 0.004405 0.696035 0.000000 0.696035 0.000000 0.709251 0.004405 0.709251 0.008811 0.704846 0.013216 0.704846 0.017621 0.700441 0.022026 0.704846 0.026432 0.704846 0.030837 0.709251 0.052863 0.709251 0.057269 0.704846
0 0.088106 0.599119 0.079295 0.590308 0.070485 0.590308 0.066079 0.594714 0.044053 0.594714 0.039648 0.599119 0.039648 0.607930 0.044053 0.612335 0.057269 0.612335 0.061674 0.607930 0.070485 0.607930 0.074890 0.612335
0 0.832599 0.555066 0.828194 0.559471 0.828194 0.581498 0.823789 0.585903 0.823789 0.590308 0.828194 0.594714 0.828194 0.607930 0.832599 0.612335 0.837004 0.612335 0.841410 0.607930 0.841410 0.590308 0.837004 0.585903 0.837004 0.572687 0.845815 0.563877 0.841410 0.559471 0.837004 0.559471
0 0.427313 0.550661 0.422908 0.555066 0.422908 0.563877 0.427313 0.568282 0.427313 0.572687 0.431718 0.577093 0.431718 0.581498 0.440529 0.590308 0.449339 0.581498 0.449339 0.572687 0.444934 0.568282 0.444934 0.563877 0.436123 0.555066 0.431718 0.555066
0 0.189427 0.555066 0.193833 0.559471 0.193833 0.572687 0.189427 0.577093 0.193833 0.581498 0.193833 0.594714 0.198238 0.599119 0.220264 0.599119 0.229075 0.590308 0.233480 0.590308 0.237885 0.585903 0.251101 0.585903 0.259912 0.577093 0.251101 0.568282 0.246696 0.572687 0.242291 0.572687 0.237885 0.577093 0.207048 0.577093 0.202643 0.572687 0.198238 0.572687 0.193833 0.568282 0.193833 0.559471 0.198238 0.555066 0.193833 0.550661
0 0.383260 0.546256 0.378855 0.550661 0.378855 0.559471 0.370044 0.568282 0.370044 0.572687 0.365639 0.577093 0.370044 0.581498 0.374449 0.581498 0.378855 0.585903 0.383260 0.585903 0.392070 0.577093 0.392070 0.555066
0 0.127753 0.533040 0.118943 0.541850 0.118943 0.546256 0.127753 0.555066 0.140969 0.555066 0.145374 0.550661 0.145374 0.537445 0.140969 0.533040
0 0.061674 0.511013 0.052863 0.511013 0.044053 0.519824 0.044053 0.528634 0.035242 0.537445 0.035242 0.546256 0.044053 0.555066 0.052863 0.546256 0.052863 0.533040 0.061674 0.524229 0.061674 0.519824 0.066079 0.515419
0 0.198238 0.449339 0.193833 0.449339 0.189427 0.453745 0.185022 0.449339 0.176211 0.458150 0.171806 0.458150 0.167401 0.462555 0.167401 0.480176 0.162996 0.484582 0.158590 0.484582 0.154185 0.488987 0.149780 0.488987 0.145374 0.484582 0.140969 0.488987 0.145374 0.493392 0.145374 0.502203 0.154185 0.511013 0.158590 0.506608 0.158590 0.502203 0.162996 0.497797 0.162996 0.484582 0.167401 0.480176 0.171806 0.480176 0.176211 0.475771 0.185022 0.475771 0.202643 0.458150 0.202643 0.453745
0 0.995595 0.444934 0.973568 0.444934 0.951542 0.466960 0.951542 0.475771 0.942731 0.484582 0.938326 0.484582 0.933921 0.488987 0.938326 0.493392 0.951542 0.480176 0.955947 0.480176 0.960352 0.475771 0.964758 0.475771 0.977974 0.462555 0.982379 0.462555 0.986784 0.458150 0.995595 0.458150
0 0.295154 0.436123 0.286344 0.444934 0.286344 0.453745 0.281938 0.458150 0.281938 0.466960 0.290749 0.475771 0.290749 0.488987 0.286344 0.493392 0.281938 0.493392 0.277533 0.497797 0.273128 0.497797 0.268722 0.502203 0.264317 0.497797 0.259912 0.497797 0.255507 0.502203 0.259912 0.506608 0.268722 0.506608 0.273128 0.511013 0.290749 0.511013 0.295154 0.506608 0.299559 0.511013 0.303965 0.511013 0.308370 0.515419 0.325991 0.515419 0.330396 0.511013 0.321586 0.502203 0.317181 0.502203 0.308370 0.493392 0.303965 0.493392 0.299559 0.488987 0.295154 0.488987 0.290749 0.484582 0.290749 0.475771 0.308370 0.458150 0.308370 0.449339
0 0.497797 0.387665 0.497797 0.396476 0.511013 0.409692 0.515419 0.409692 0.519824 0.405286 0.524229 0.405286 0.528634 0.400881 0.528634 0.392070 0.524229 0.387665 0.511013 0.387665 0.506608 0.383260 0.502203 0.383260
0 0.563877 0.339207 0.555066 0.348018 0.555066 0.352423 0.559471 0.356828 0.559471 0.370044 0.563877 0.374449 0.563877 0.378855 0.568282 0.383260 0.577093 0.374449 0.577093 0.348018 0.568282 0.339207
0 0.118943 0.339207 0.114537 0.343612 0.114537 0.352423 0.118943 0.356828 0.118943 0.361233 0.123348 0.365639 0.127753 0.365639 0.132159 0.370044 0.136564 0.370044 0.140969 0.365639 0.140969 0.356828 0.123348 0.339207
0 0.422908 0.303965 0.414097 0.312775 0.414097 0.317181 0.418502 0.321586 0.422908 0.321586 0.431718 0.330396 0.436123 0.330396 0.444934 0.321586 0.444934 0.317181 0.436123 0.308370 0.427313 0.308370
0 0.995595 0.286344 0.898678 0.312775 0.872247 0.339207 0.784141 0.378855 0.792952 0.405286 0.766520 0.431718 0.704846 0.444934 0.625551 0.533040 0.555066 0.568282 0.528634 0.607930 0.453745 0.660793 0.400881 0.656388 0.348018 0.629956 0.299559 0.621145 0.273128 0.594714 0.255507 0.625551 0.259912 0.651982 0.233480 0.674009 0.180617 0.696035 0.145374 0.687225 0.092511 0.726872 0.035242 0.740088 0.004405 0.762115 0.000000 0.832599 0.052863 0.823789 0.030837 0.823789 0.004405 0.806167 0.022026 0.775330 0.096916 0.762115 0.202643 0.704846 0.242291 0.713656 0.303965 0.696035 0.325991 0.718062 0.312775 0.726872 0.299559 0.718062 0.251101 0.748899 0.281938 0.762115 0.277533 0.788546 0.286344 0.792952 0.281938 0.757709 0.321586 0.726872 0.370044 0.740088 0.387665 0.775330 0.365639 0.806167 0.299559 0.828194 0.352423 0.828194 0.414097 0.775330 0.387665 0.757709 0.387665 0.735683 0.405286 0.726872 0.449339 0.731278 0.502203 0.674009 0.546256 0.651982 0.577093 0.678414 0.581498 0.665198 0.563877 0.647577 0.572687 0.629956 0.647577 0.577093 0.674009 0.585903 0.687225 0.572687 0.678414 0.563877 0.660793 0.581498 0.647577 0.563877 0.682819 0.528634 0.735683 0.511013 0.779736 0.440529 0.832599 0.427313 0.903084 0.378855 0.925110 0.392070 0.991189 0.339207
0 0.555066 0.295154 0.563877 0.303965 0.585903 0.303965 0.590308 0.299559 0.590308 0.290749 0.585903 0.286344 0.581498 0.286344 0.577093 0.281938 0.568282 0.281938
0 0.070485 0.233480 0.066079 0.237885 0.061674 0.237885 0.030837 0.268722 0.030837 0.277533 0.035242 0.281938 0.039648 0.281938 0.044053 0.277533 0.048458 0.277533 0.052863 0.273128 0.052863 0.268722 0.070485 0.251101 0.074890 0.251101 0.079295 0.246696 0.079295 0.242291
0 0.814978 0.229075 0.810573 0.224670 0.810573 0.220264 0.806167 0.215859 0.801762 0.215859 0.797357 0.220264 0.792952 0.220264 0.788546 0.224670 0.788546 0.229075 0.779736 0.237885 0.775330 0.237885 0.766520 0.246696 0.770925 0.251101 0.775330 0.251101 0.779736 0.255507 0.784141 0.255507 0.797357 0.242291 0.801762 0.242291
0 0.502203 0.189427 0.497797 0.189427 0.488987 0.198238 0.488987 0.215859 0.484582 0.220264 0.488987 0.224670 0.488987 0.229075 0.493392 0.233480 0.497797 0.233480 0.502203 0.229075 0.502203 0.224670 0.506608 0.220264 0.506608 0.193833
0 0.938326 0.185022 0.933921 0.180617 0.929515 0.185022 0.925110 0.180617 0.920705 0.185022 0.911894 0.185022 0.907489 0.189427 0.903084 0.189427 0.889868 0.202643 0.889868 0.207048 0.894273 0.211454 0.898678 0.207048 0.903084 0.211454 0.911894 0.202643 0.916300 0.202643 0.920705 0.198238 0.925110 0.198238 0.929515 0.193833 0.933921 0.193833 0.938326 0.189427
0 0.088106 0.167401 0.083700 0.171806 0.083700 0.185022 0.088106 0.189427 0.088106 0.193833 0.092511 0.198238 0.101322 0.198238 0.105727 0.193833 0.105727 0.180617 0.101322 0.176211 0.101322 0.171806 0.096916 0.167401
0 0.550661 0.176211 0.555066 0.180617 0.559471 0.180617 0.563877 0.185022 0.568282 0.185022 0.572687 0.189427 0.581498 0.189427 0.585903 0.185022 0.585903 0.176211 0.581498 0.171806 0.581498 0.167401 0.577093 0.162996 0.572687 0.162996 0.568282 0.167401 0.559471 0.167401
0 0.414097 0.171806 0.405286 0.162996 0.396476 0.162996 0.383260 0.176211 0.383260 0.180617 0.387665 0.185022 0.400881 0.185022 0.405286 0.180617 0.409692 0.180617 0.414097 0.176211
0 0.202643 0.162996 0.211454 0.171806 0.215859 0.167401 0.224670 0.167401 0.237885 0.154185 0.237885 0.149780 0.233480 0.145374 0.211454 0.145374 0.202643 0.154185
0 0.039648 0.123348 0.035242 0.118943 0.017621 0.136564 0.013216 0.136564 0.008811 0.140969 0.004405 0.140969 0.000000 0.145374 0.000000 0.149780 0.004405 0.154185 0.008811 0.154185 0.013216 0.158590 0.017621 0.158590 0.026432 0.149780 0.030837 0.149780 0.035242 0.145374 0.039648 0.145374 0.044053 0.140969 0.044053 0.132159 0.039648 0.127753
0 0.281938 0.114537 0.277533 0.118943 0.277533 0.132159 0.281938 0.136564 0.286344 0.132159 0.290749 0.132159 0.295154 0.136564 0.299559 0.136564 0.303965 0.140969 0.303965 0.145374 0.308370 0.149780 0.308370 0.154185 0.312775 0.158590 0.312775 0.167401 0.308370 0.171806 0.308370 0.176211 0.317181 0.185022 0.325991 0.176211 0.330396 0.176211 0.325991 0.176211 0.317181 0.167401 0.317181 0.145374 0.321586 0.140969 0.308370 0.127753 0.303965 0.127753 0.299559 0.123348 0.295154 0.123348 0.286344 0.114537
0 0.048458 0.061674 0.048458 0.079295 0.052863 0.083700 0.061674 0.083700 0.066079 0.088106 0.070485 0.088106 0.074890 0.092511 0.083700 0.092511 0.088106 0.096916 0.096916 0.088106 0.088106 0.079295 0.083700 0.083700 0.079295 0.079295 0.074890 0.079295 0.070485 0.074890 0.066079 0.074890 0.061674 0.070485 0.061674 0.061674 0.057269 0.057269 0.052863 0.057269
0 0.837004 0.035242 0.828194 0.035242 0.814978 0.048458 0.823789 0.057269 0.823789 0.066079 0.806167 0.083700 0.806167 0.088106 0.810573 0.092511 0.832599 0.092511 0.837004 0.088106 0.837004 0.074890 0.828194 0.066079 0.828194 0.057269 0.841410 0.044053 0.841410 0.039648
0 0.480176 0.030837 0.471366 0.022026 0.462555 0.030837 0.462555 0.035242 0.458150 0.039648 0.458150 0.044053 0.453745 0.048458 0.449339 0.048458 0.444934 0.052863 0.436123 0.052863 0.431718 0.048458 0.427313 0.048458 0.422908 0.052863 0.418502 0.052863 0.414097 0.057269 0.405286 0.057269 0.400881 0.052863 0.396476 0.052863 0.392070 0.057269 0.392070 0.061674 0.396476 0.066079 0.400881 0.066079 0.405286 0.070485 0.409692 0.066079 0.414097 0.066079 0.418502 0.061674 0.422908 0.061674 0.427313 0.066079 0.449339 0.066079 0.453745 0.070485 0.458150 0.070485 0.466960 0.061674 0.466960 0.052863 0.480176 0.039648
