0 0.449339 0.947137 0.436123 0.960352 0.436123 0.995595 0.449339 0.995595 0.449339 0.977974 0.458150 0.969163 0.458150 0.955947
0 0.334802 0.947137 0.330396 0.951542 0.334802 0.955947 0.339207 0.955947 0.343612 0.960352 0.343612 0.969163 0.339207 0.973568 0.339207 0.995595 0.356828 0.995595 0.356828 0.973568 0.352423 0.969163 0.348018 0.969163 0.343612 0.964758 0.343612 0.955947 0.348018 0.951542 0.343612 0.947137
0 0.519824 0.929515 0.511013 0.938326 0.515419 0.942731 0.515419 0.955947 0.524229 0.964758 0.533040 0.964758 0.537445 0.960352 0.537445 0.951542 0.541850 0.947137 0.541850 0.942731 0.533040 0.933921 0.528634 0.933921 0.524229 0.929515
0 0.740088 0.832599 0.731278 0.841410 0.731278 0.867841 0.740088 0.876652 0.744493 0.872247 0.744493 0.850220 0.748899 0.845815 0.748899 0.841410
0 0.964758 0.814978 0.960352 0.819383 0.960352 0.828194 0.955947 0.832599 0.955947 0.841410 0.960352 0.845815 0.960352 0.850220 0.964758 0.854626 0.969163 0.850220 0.973568 0.854626 0.977974 0.850220 0.977974 0.845815 0.982379 0.841410 0.982379 0.828194 0.973568 0.819383 0.969163 0.819383
0 0.414097 0.823789 0.427313 0.837004 0.431718 0.837004 0.436123 0.841410 0.440529 0.841410 0.453745 0.854626 0.466960 0.854626 0.471366 0.850220 0.458150 0.837004 0.458150 0.832599 0.444934 0.819383 0.440529 0.819383 0.436123 0.814978 0.422908 0.814978
0 0.004405 0.788546 0.000000 0.792952 0.000000 0.797357 0.004405 0.801762 0.008811 0.801762 0.017621 0.810573 0.022026 0.810573 0.030837 0.801762 0.030837 0.788546 0.026432 0.784141 0.013216 0.784141 0.008811 0.788546
0 0.563877 0.775330 0.568282 0.823789 0.590308 0.854626 0.590308 0.876652 0.599119 0.889868 0.599119 0.898678 0.585903 0.907489 0.577093 0.903084 0.546256 0.859031 0.537445 0.863436 0.537445 0.885463 0.559471 0.907489 0.572687 0.911894 0.585903 0.925110 0.594714 0.920705 0.607930 0.925110 0.616740 0.938326 0.616740 0.951542 0.603524 0.960352 0.599119 0.955947 0.590308 0.955947 0.572687 0.969163 0.577093 0.973568 0.603524 0.982379 0.612335 0.995595 0.625551 0.995595 0.612335 0.973568 0.612335 0.964758 0.625551 0.955947 0.643172 0.960352 0.660793 0.951542 0.700441 0.969163 0.726872 0.986784 0.731278 0.995595 0.757709 0.995595 0.757709 0.991189 0.770925 0.982379 0.792952 0.982379 0.801762 0.986784 0.806167 0.995595 0.885463 0.995595 0.885463 0.991189 0.867841 0.977974 0.859031 0.982379 0.841410 0.969163 0.837004 0.955947 0.823789 0.947137 0.819383 0.951542 0.806167 0.951542 0.801762 0.947137 0.766520 0.951542 0.704846 0.907489 0.691630 0.907489 0.660793 0.889868 0.651982 0.889868 0.616740 0.872247 0.607930 0.863436 0.607930 0.854626 0.634361 0.841410 0.607930 0.823789 0.572687 0.770925
0 0.317181 0.779736 0.325991 0.788546 0.330396 0.784141 0.334802 0.784141 0.339207 0.779736 0.343612 0.779736 0.348018 0.784141 0.352423 0.784141 0.356828 0.788546 0.356828 0.792952 0.361233 0.797357 0.365639 0.797357 0.370044 0.801762 0.374449 0.801762 0.378855 0.797357 0.378855 0.788546 0.365639 0.775330 0.361233 0.775330 0.356828 0.779736 0.352423 0.779736 0.348018 0.775330 0.343612 0.775330 0.330396 0.762115 0.321586 0.770925 0.321586 0.775330
0 0.224670 0.744493 0.215859 0.753304 0.215859 0.757709 0.211454 0.762115 0.215859 0.762115 0.224670 0.770925 0.229075 0.770925 0.233480 0.775330 0.237885 0.775330 0.242291 0.779736 0.242291 0.788546 0.251101 0.797357 0.255507 0.797357 0.259912 0.792952 0.259912 0.788546 0.255507 0.784141 0.255507 0.779736 0.237885 0.762115 0.237885 0.757709 0.233480 0.753304 0.233480 0.748899 0.229075 0.744493
0 0.343612 0.678414 0.334802 0.687225 0.334802 0.691630 0.343612 0.700441 0.343612 0.709251 0.339207 0.713656 0.339207 0.718062 0.348018 0.726872 0.356828 0.726872 0.361233 0.722467 0.356828 0.718062 0.356828 0.713656 0.352423 0.709251 0.352423 0.691630 0.348018 0.687225 0.348018 0.682819
0 0.370044 0.660793 0.370044 0.669604 0.387665 0.687225 0.392070 0.687225 0.400881 0.678414 0.405286 0.678414 0.409692 0.674009 0.414097 0.678414 0.418502 0.678414 0.422908 0.682819 0.422908 0.691630 0.431718 0.700441 0.436123 0.700441 0.444934 0.691630 0.444934 0.687225 0.440529 0.682819 0.436123 0.682819 0.427313 0.674009 0.422908 0.678414 0.418502 0.678414 0.414097 0.674009 0.409692 0.674009 0.392070 0.656388 0.392070 0.651982 0.387665 0.647577 0.383260 0.651982 0.378855 0.651982
0 0.674009 0.629956 0.665198 0.638767 0.665198 0.651982 0.674009 0.660793 0.682819 0.660793 0.691630 0.651982 0.691630 0.643172 0.687225 0.638767 0.687225 0.634361 0.682819 0.629956
0 0.070485 0.634361 0.066079 0.629956 0.066079 0.625551 0.057269 0.616740 0.052863 0.616740 0.048458 0.621145 0.044053 0.621145 0.039648 0.625551 0.039648 0.634361 0.035242 0.638767 0.039648 0.643172 0.066079 0.643172 0.070485 0.638767
0 0.233480 0.559471 0.224670 0.568282 0.224670 0.577093 0.229075 0.581498 0.229075 0.585903 0.242291 0.599119 0.246696 0.599119 0.255507 0.590308 0.255507 0.577093 0.237885 0.559471
0 0.132159 0.537445 0.123348 0.537445 0.118943 0.541850 0.118943 0.563877 0.110132 0.572687 0.105727 0.572687 0.101322 0.577093 0.092511 0.577093 0.088106 0.572687 0.079295 0.581498 0.088106 0.590308 0.101322 0.590308 0.105727 0.594714 0.110132 0.594714 0.114537 0.599119 0.114537 0.603524 0.118943 0.607930 0.123348 0.607930 0.123348 0.603524 0.118943 0.599119 0.114537 0.599119 0.110132 0.594714 0.110132 0.585903 0.114537 0.581498 0.114537 0.572687 0.123348 0.563877 0.127753 0.563877 0.132159 0.559471 0.136564 0.559471 0.145374 0.550661
0 0.841410 0.533040 0.832599 0.533040 0.819383 0.546256 0.819383 0.559471 0.823789 0.563877 0.832599 0.563877 0.845815 0.550661 0.845815 0.537445
0 0.766520 0.515419 0.762115 0.519824 0.762115 0.528634 0.766520 0.533040 0.766520 0.537445 0.770925 0.541850 0.770925 0.546256 0.775330 0.550661 0.784141 0.550661 0.788546 0.546256 0.784141 0.541850 0.784141 0.519824 0.779736 0.515419
0 0.000000 0.458150 0.000000 0.506608 0.017621 0.519824 0.048458 0.506608 0.061674 0.506608 0.092511 0.524229 0.110132 0.511013 0.154185 0.511013 0.180617 0.502203 0.215859 0.502203 0.233480 0.497797 0.259912 0.480176 0.268722 0.484582 0.286344 0.480176 0.308370 0.497797 0.330396 0.506608 0.352423 0.528634 0.365639 0.533040 0.387665 0.555066 0.414097 0.599119 0.427313 0.612335 0.440529 0.612335 0.458150 0.625551 0.466960 0.665198 0.484582 0.687225 0.493392 0.687225 0.506608 0.696035 0.528634 0.744493 0.541850 0.740088 0.550661 0.744493 0.559471 0.731278 0.555066 0.713656 0.524229 0.660793 0.506608 0.643172 0.502203 0.629956 0.484582 0.607930 0.462555 0.546256 0.449339 0.537445 0.444934 0.541850 0.418502 0.528634 0.387665 0.497797 0.387665 0.488987 0.370044 0.480176 0.339207 0.453745 0.334802 0.458150 0.325991 0.453745 0.308370 0.427313 0.281938 0.427313 0.273128 0.440529 0.193833 0.471366 0.105727 0.475771 0.092511 0.484582 0.083700 0.484582 0.070485 0.475771 0.048458 0.475771 0.044053 0.480176 0.013216 0.458150 0.008811 0.462555
0 0.396476 0.409692 0.392070 0.414097 0.392070 0.418502 0.396476 0.422908 0.396476 0.440529 0.405286 0.449339 0.414097 0.449339 0.418502 0.444934 0.418502 0.427313 0.400881 0.409692
0 0.889868 0.356828 0.885463 0.361233 0.881057 0.361233 0.876652 0.365639 0.876652 0.374449 0.872247 0.378855 0.872247 0.400881 0.876652 0.405286 0.885463 0.396476 0.885463 0.374449 0.894273 0.365639 0.894273 0.361233
0 0.801762 0.325991 0.797357 0.330396 0.797357 0.343612 0.792952 0.348018 0.792952 0.365639 0.801762 0.374449 0.810573 0.374449 0.814978 0.370044 0.810573 0.365639 0.810573 0.361233 0.806167 0.356828 0.806167 0.352423 0.801762 0.348018 0.801762 0.334802 0.806167 0.330396
0 0.370044 0.325991 0.361233 0.334802 0.361233 0.339207 0.374449 0.352423 0.374449 0.365639 0.378855 0.370044 0.387665 0.370044 0.392070 0.374449 0.400881 0.365639 0.400881 0.356828 0.392070 0.348018 0.392070 0.343612 0.387665 0.339207 0.387665 0.330396 0.383260 0.325991
0 0.189427 0.308370 0.185022 0.312775 0.185022 0.321586 0.193833 0.330396 0.198238 0.330396 0.202643 0.334802 0.202643 0.339207 0.207048 0.343612 0.207048 0.356828 0.215859 0.365639 0.224670 0.356828 0.224670 0.348018 0.220264 0.343612 0.220264 0.334802 0.211454 0.325991 0.207048 0.325991
0 0.000000 0.308370 0.000000 0.321586 0.017621 0.321586 0.022026 0.325991 0.026432 0.321586 0.030837 0.325991 0.035242 0.325991 0.039648 0.330396 0.048458 0.330396 0.052863 0.325991 0.044053 0.317181 0.022026 0.317181 0.017621 0.312775 0.008811 0.312775 0.004405 0.308370
0 0.044053 0.185022 0.039648 0.189427 0.039648 0.193833 0.048458 0.202643 0.048458 0.207048 0.052863 0.211454 0.052863 0.215859 0.057269 0.220264 0.061674 0.220264 0.066079 0.215859 0.066079 0.207048 0.070485 0.202643 0.070485 0.189427 0.066079 0.185022
0 0.731278 0.167401 0.722467 0.167401 0.718062 0.171806 0.718062 0.180617 0.713656 0.185022 0.713656 0.198238 0.709251 0.202643 0.704846 0.202643 0.700441 0.207048 0.700441 0.211454 0.704846 0.215859 0.709251 0.211454 0.709251 0.207048 0.713656 0.202643 0.718062 0.202643 0.722467 0.198238 0.726872 0.198238 0.731278 0.193833 0.731278 0.176211 0.735683 0.171806
0 0.810573 0.149780 0.806167 0.149780 0.784141 0.171806 0.784141 0.185022 0.788546 0.189427 0.792952 0.185022 0.792952 0.180617 0.806167 0.167401 0.810573 0.167401 0.814978 0.162996 0.814978 0.154185
0 0.669604 0.118943 0.665198 0.114537 0.660793 0.118943 0.656388 0.118943 0.651982 0.123348 0.647577 0.123348 0.643172 0.127753 0.638767 0.127753 0.634361 0.132159 0.634361 0.136564 0.643172 0.145374 0.647577 0.145374 0.656388 0.136564 0.660793 0.136564 0.669604 0.127753
0 0.185022 0.114537 0.185022 0.136564 0.189427 0.140969 0.202643 0.140969 0.211454 0.132159 0.215859 0.132159 0.215859 0.127753 0.211454 0.127753 0.193833 0.110132 0.189427 0.110132
0 0.550661 0.092511 0.555066 0.096916 0.559471 0.096916 0.563877 0.092511 0.568282 0.092511 0.572687 0.088106 0.577093 0.092511 0.581498 0.092511 0.590308 0.101322 0.594714 0.101322 0.599119 0.096916 0.599119 0.083700 0.594714 0.079295 0.585903 0.079295 0.581498 0.083700 0.568282 0.083700 0.563877 0.079295 0.559471 0.079295 0.555066 0.083700 0.555066 0.088106
0 0.061674 0.074890 0.057269 0.079295 0.057269 0.088106 0.061674 0.092511 0.061674 0.105727 0.052863 0.114537 0.057269 0.118943 0.057269 0.123348 0.061674 0.127753 0.066079 0.127753 0.070485 0.123348 0.070485 0.118943 0.066079 0.114537 0.066079 0.101322 0.070485 0.096916 0.074890 0.096916 0.079295 0.092511 0.079295 0.083700 0.074890 0.079295 0.070485 0.079295 0.066079 0.074890
0 0.740088 0.092511 0.748899 0.101322 0.753304 0.101322 0.762115 0.092511 0.766520 0.092511 0.770925 0.088106 0.775330 0.092511 0.779736 0.092511 0.788546 0.101322 0.797357 0.101322 0.801762 0.096916 0.801762 0.083700 0.797357 0.079295 0.792952 0.079295 0.788546 0.083700 0.779736 0.083700 0.775330 0.079295 0.770925 0.079295 0.762115 0.070485 0.753304 0.070485 0.744493 0.079295 0.744493 0.088106
0 0.903084 0.013216 0.894273 0.013216 0.889868 0.017621 0.885463 0.017621 0.881057 0.022026 0.881057 0.026432 0.876652 0.030837 0.876652 0.039648 0.872247 0.044053 0.872247 0.057269 0.876652 0.061674 0.885463 0.061674 0.894273 0.052863 0.894273 0.048458 0.898678 0.044053 0.898678 0.039648 0.903084 0.035242 0.903084 0.030837 0.911894 0.022026
