0 0.251101 0.951542 0.246696 0.955947 0.246696 0.960352 0.255507 0.969163 0.264317 0.969163 0.268722 0.973568 0.273128 0.969163 0.273128 0.951542 0.268722 0.947137 0.259912 0.947137 0.255507 0.951542
0 0.471366 0.911894 0.466960 0.916300 0.466960 0.925110 0.471366 0.929515 0.471366 0.933921 0.475771 0.938326 0.475771 0.960352 0.484582 0.969163 0.488987 0.969163 0.497797 0.960352 0.497797 0.938326 0.493392 0.933921 0.493392 0.925110 0.488987 0.920705 0.488987 0.916300 0.484582 0.911894
0 0.616740 0.898678 0.607930 0.889868 0.594714 0.889868 0.590308 0.894273 0.572687 0.894273 0.568282 0.898678 0.577093 0.907489 0.603524 0.907489 0.607930 0.903084 0.612335 0.903084
0 0.418502 0.881057 0.414097 0.881057 0.405286 0.889868 0.405286 0.894273 0.409692 0.898678 0.409692 0.907489 0.396476 0.920705 0.392070 0.920705 0.378855 0.933921 0.378855 0.947137 0.374449 0.951542 0.374449 0.955947 0.370044 0.960352 0.370044 0.969163 0.374449 0.973568 0.374449 0.995595 0.387665 0.995595 0.387665 0.986784 0.392070 0.982379 0.392070 0.973568 0.396476 0.969163 0.396476 0.942731 0.400881 0.938326 0.400881 0.933921 0.418502 0.916300 0.409692 0.907489 0.409692 0.898678 0.422908 0.885463
0 0.158590 0.889868 0.158590 0.898678 0.167401 0.907489 0.167401 0.916300 0.171806 0.920705 0.176211 0.920705 0.185022 0.911894 0.189427 0.911894 0.193833 0.907489 0.198238 0.911894 0.207048 0.911894 0.211454 0.916300 0.215859 0.916300 0.220264 0.920705 0.224670 0.916300 0.229075 0.916300 0.233480 0.911894 0.233480 0.903084 0.229075 0.898678 0.202643 0.898678 0.198238 0.903084 0.193833 0.903084 0.189427 0.907489 0.185022 0.903084 0.180617 0.903084 0.176211 0.898678 0.176211 0.885463 0.171806 0.881057 0.167401 0.881057
0 0.528634 0.872247 0.524229 0.872247 0.519824 0.876652 0.515419 0.876652 0.497797 0.894273 0.506608 0.903084 0.511013 0.903084 0.528634 0.885463 0.528634 0.881057 0.533040 0.876652
0 0.916300 0.841410 0.907489 0.850220 0.907489 0.859031 0.911894 0.863436 0.916300 0.863436 0.920705 0.867841 0.925110 0.867841 0.933921 0.859031 0.933921 0.850220 0.925110 0.841410
0 0.740088 0.806167 0.740088 0.810573 0.748899 0.819383 0.757709 0.819383 0.762115 0.823789 0.770925 0.823789 0.775330 0.828194 0.784141 0.819383 0.779736 0.814978 0.770925 0.814978 0.766520 0.810573 0.762115 0.810573 0.753304 0.801762 0.744493 0.801762
0 0.189427 0.797357 0.180617 0.797357 0.176211 0.801762 0.176211 0.823789 0.162996 0.837004 0.162996 0.850220 0.167401 0.854626 0.176211 0.854626 0.185022 0.845815 0.185022 0.837004 0.189427 0.832599 0.189427 0.814978 0.193833 0.810573 0.193833 0.801762
0 0.894273 0.775330 0.894273 0.788546 0.907489 0.801762 0.916300 0.801762 0.920705 0.806167 0.925110 0.806167 0.929515 0.810573 0.933921 0.810573 0.938326 0.814978 0.942731 0.814978 0.947137 0.819383 0.951542 0.819383 0.955947 0.823789 0.960352 0.819383 0.955947 0.814978 0.955947 0.810573 0.947137 0.801762 0.947137 0.797357 0.938326 0.788546 0.929515 0.788546 0.925110 0.784141 0.920705 0.784141 0.916300 0.779736 0.911894 0.779736 0.907489 0.775330 0.903084 0.775330 0.898678 0.770925
0 0.462555 0.770925 0.453745 0.779736 0.453745 0.784141 0.458150 0.788546 0.458150 0.797357 0.453745 0.801762 0.449339 0.801762 0.444934 0.806167 0.427313 0.806167 0.422908 0.810573 0.422908 0.814978 0.431718 0.823789 0.436123 0.823789 0.440529 0.819383 0.449339 0.819383 0.453745 0.814978 0.453745 0.810573 0.462555 0.801762 0.466960 0.801762 0.475771 0.792952 0.471366 0.788546 0.471366 0.779736
0 0.312775 0.770925 0.303965 0.779736 0.303965 0.784141 0.312775 0.792952 0.312775 0.797357 0.317181 0.801762 0.317181 0.806167 0.321586 0.810573 0.325991 0.806167 0.325991 0.797357 0.330396 0.792952 0.330396 0.779736 0.321586 0.770925
0 0.224670 0.740088 0.220264 0.735683 0.211454 0.735683 0.207048 0.740088 0.198238 0.740088 0.193833 0.744493 0.189427 0.740088 0.180617 0.748899 0.180617 0.753304 0.189427 0.762115 0.202643 0.762115 0.215859 0.748899 0.220264 0.748899 0.224670 0.744493
0 0.123348 0.718062 0.118943 0.722467 0.118943 0.731278 0.114537 0.735683 0.114537 0.740088 0.118943 0.744493 0.118943 0.753304 0.105727 0.766520 0.101322 0.766520 0.096916 0.770925 0.101322 0.775330 0.101322 0.779736 0.105727 0.784141 0.118943 0.770925 0.123348 0.770925 0.132159 0.762115 0.127753 0.757709 0.123348 0.757709 0.118943 0.753304 0.118943 0.744493 0.127753 0.735683 0.127753 0.722467
0 0.775330 0.713656 0.770925 0.709251 0.766520 0.709251 0.762115 0.713656 0.740088 0.713656 0.735683 0.718062 0.735683 0.722467 0.740088 0.726872 0.740088 0.744493 0.735683 0.748899 0.731278 0.748899 0.726872 0.753304 0.722467 0.753304 0.718062 0.748899 0.713656 0.748899 0.700441 0.735683 0.691630 0.744493 0.713656 0.766520 0.718062 0.766520 0.726872 0.757709 0.726872 0.753304 0.731278 0.748899 0.735683 0.748899 0.740088 0.744493 0.744493 0.748899 0.748899 0.748899 0.753304 0.744493 0.753304 0.735683 0.766520 0.722467 0.770925 0.722467 0.775330 0.718062
0 0.762115 0.638767 0.757709 0.643172 0.757709 0.651982 0.766520 0.660793 0.766520 0.669604 0.770925 0.674009 0.770925 0.682819 0.775330 0.687225 0.784141 0.687225 0.788546 0.682819 0.788546 0.674009 0.775330 0.660793 0.770925 0.660793 0.766520 0.656388 0.766520 0.643172
0 0.118943 0.616740 0.114537 0.612335 0.110132 0.612335 0.101322 0.621145 0.096916 0.621145 0.088106 0.629956 0.083700 0.629956 0.079295 0.634361 0.074890 0.634361 0.070485 0.638767 0.057269 0.638767 0.039648 0.656388 0.039648 0.660793 0.035242 0.665198 0.035242 0.669604 0.039648 0.674009 0.052863 0.674009 0.057269 0.669604 0.057269 0.665198 0.061674 0.660793 0.061674 0.656388 0.066079 0.651982 0.070485 0.651982 0.074890 0.647577 0.083700 0.647577 0.088106 0.643172 0.101322 0.643172 0.114537 0.629956 0.114537 0.625551 0.118943 0.621145
0 0.255507 0.616740 0.259912 0.621145 0.264317 0.616740 0.268722 0.621145 0.273128 0.616740 0.277533 0.616740 0.281938 0.612335 0.286344 0.616740 0.290749 0.616740 0.295154 0.621145 0.299559 0.621145 0.308370 0.629956 0.312775 0.625551 0.317181 0.629956 0.321586 0.625551 0.308370 0.612335 0.303965 0.612335 0.299559 0.607930 0.295154 0.607930 0.290749 0.603524 0.286344 0.603524 0.281938 0.607930 0.277533 0.607930 0.273128 0.612335 0.268722 0.612335 0.264317 0.616740 0.259912 0.612335
0 0.898678 0.594714 0.894273 0.599119 0.894273 0.603524 0.889868 0.607930 0.889868 0.621145 0.894273 0.625551 0.903084 0.625551 0.911894 0.616740 0.911894 0.603524 0.907489 0.599119 0.903084 0.599119
0 0.995595 0.585903 0.986784 0.585903 0.982379 0.590308 0.982379 0.594714 0.986784 0.599119 0.986784 0.616740 0.982379 0.621145 0.977974 0.621145 0.973568 0.625551 0.969163 0.625551 0.955947 0.638767 0.951542 0.638767 0.947137 0.643172 0.947137 0.651982 0.951542 0.656388 0.955947 0.656388 0.960352 0.660793 0.960352 0.647577 0.964758 0.643172 0.964758 0.638767 0.969163 0.634361 0.973568 0.634361 0.982379 0.625551 0.986784 0.625551 0.991189 0.621145 0.995595 0.621145
0 0.665198 0.572687 0.656388 0.572687 0.647577 0.581498 0.647577 0.594714 0.656388 0.603524 0.665198 0.594714 0.665198 0.590308 0.669604 0.585903 0.669604 0.577093
0 0.233480 0.546256 0.224670 0.555066 0.224670 0.568282 0.233480 0.577093 0.237885 0.577093 0.242291 0.581498 0.246696 0.577093 0.246696 0.572687 0.251101 0.568282 0.251101 0.555066 0.242291 0.546256
0 0.000000 0.559471 0.004405 0.563877 0.008811 0.563877 0.017621 0.572687 0.026432 0.572687 0.030837 0.577093 0.035242 0.572687 0.044053 0.572687 0.048458 0.577093 0.052863 0.577093 0.061674 0.585903 0.066079 0.585903 0.070485 0.581498 0.061674 0.572687 0.057269 0.572687 0.052863 0.568282 0.048458 0.568282 0.044053 0.563877 0.039648 0.563877 0.030837 0.555066 0.030837 0.550661 0.026432 0.546256 0.017621 0.546256 0.008811 0.555066 0.004405 0.555066
0 0.709251 0.541850 0.704846 0.546256 0.704846 0.550661 0.700441 0.555066 0.700441 0.559471 0.704846 0.563877 0.704846 0.581498 0.700441 0.585903 0.704846 0.590308 0.709251 0.590308 0.713656 0.594714 0.718062 0.594714 0.722467 0.599119 0.726872 0.599119 0.744493 0.616740 0.753304 0.616740 0.757709 0.612335 0.757709 0.603524 0.753304 0.599119 0.744493 0.599119 0.740088 0.594714 0.735683 0.594714 0.731278 0.590308 0.726872 0.590308 0.722467 0.585903 0.722467 0.555066
0 0.656388 0.528634 0.643172 0.515419 0.643172 0.506608 0.634361 0.497797 0.616740 0.497797 0.612335 0.502203 0.612335 0.506608 0.603524 0.515419 0.599119 0.515419 0.594714 0.519824 0.590308 0.519824 0.585903 0.524229 0.585903 0.528634 0.581498 0.533040 0.581498 0.546256 0.585903 0.550661 0.594714 0.550661 0.599119 0.546256 0.603524 0.546256 0.607930 0.541850 0.607930 0.519824 0.612335 0.515419 0.616740 0.515419 0.621145 0.511013 0.625551 0.515419 0.629956 0.515419 0.634361 0.519824 0.634361 0.524229 0.638767 0.528634 0.638767 0.533040 0.647577 0.541850 0.651982 0.541850 0.656388 0.537445
0 0.823789 0.488987 0.837004 0.502203 0.841410 0.497797 0.845815 0.497797 0.850220 0.493392 0.859031 0.493392 0.863436 0.497797 0.881057 0.497797 0.889868 0.488987 0.881057 0.480176 0.863436 0.480176 0.859031 0.484582 0.850220 0.484582 0.845815 0.480176 0.832599 0.480176
0 0.784141 0.497797 0.766520 0.480176 0.757709 0.480176 0.753304 0.484582 0.753304 0.493392 0.748899 0.497797 0.744493 0.497797 0.740088 0.502203 0.735683 0.497797 0.731278 0.497797 0.726872 0.493392 0.722467 0.493392 0.718062 0.497797 0.718062 0.502203 0.735683 0.519824 0.740088 0.515419 0.740088 0.502203 0.744493 0.497797 0.748899 0.497797 0.753304 0.493392 0.757709 0.493392 0.762115 0.497797 0.775330 0.497797 0.779736 0.502203
0 0.237885 0.458150 0.233480 0.458150 0.229075 0.462555 0.224670 0.458150 0.220264 0.458150 0.215859 0.462555 0.211454 0.462555 0.202643 0.471366 0.202643 0.484582 0.211454 0.493392 0.229075 0.475771 0.233480 0.475771 0.242291 0.466960 0.242291 0.462555
0 0.057269 0.453745 0.061674 0.458150 0.066079 0.458150 0.074890 0.466960 0.079295 0.462555 0.092511 0.462555 0.096916 0.458150 0.096916 0.453745 0.088106 0.444934 0.066079 0.444934
0 0.563877 0.440529 0.563877 0.458150 0.568282 0.462555 0.568282 0.471366 0.572687 0.475771 0.581498 0.466960 0.581498 0.462555 0.585903 0.458150 0.585903 0.453745 0.594714 0.444934 0.599119 0.444934 0.603524 0.440529 0.607930 0.440529 0.612335 0.436123 0.616740 0.440529 0.621145 0.440529 0.638767 0.458150 0.651982 0.458150 0.656388 0.462555 0.660793 0.462555 0.665198 0.466960 0.669604 0.466960 0.678414 0.475771 0.682819 0.475771 0.687225 0.480176 0.691630 0.480176 0.696035 0.475771 0.696035 0.471366 0.687225 0.462555 0.682819 0.462555 0.678414 0.458150 0.674009 0.458150 0.651982 0.436123 0.647577 0.436123 0.643172 0.431718 0.638767 0.431718 0.634361 0.427313 0.625551 0.427313 0.616740 0.436123 0.612335 0.436123 0.607930 0.440529 0.603524 0.440529 0.599119 0.436123 0.568282 0.436123
0 0.462555 0.453745 0.466960 0.458150 0.466960 0.462555 0.471366 0.466960 0.475771 0.462555 0.475771 0.449339 0.484582 0.440529 0.488987 0.440529 0.493392 0.436123 0.497797 0.440529 0.502203 0.440529 0.511013 0.449339 0.524229 0.449339 0.528634 0.444934 0.528634 0.440529 0.524229 0.436123 0.519824 0.436123 0.511013 0.427313 0.506608 0.427313 0.497797 0.418502 0.484582 0.418502 0.480176 0.422908 0.480176 0.436123 0.475771 0.440529 0.471366 0.440529 0.462555 0.449339
0 0.969163 0.392070 0.964758 0.396476 0.964758 0.400881 0.973568 0.409692 0.973568 0.418502 0.969163 0.422908 0.969163 0.427313 0.964758 0.431718 0.964758 0.436123 0.955947 0.444934 0.955947 0.458150 0.951542 0.462555 0.947137 0.462555 0.942731 0.466960 0.929515 0.466960 0.925110 0.462555 0.920705 0.462555 0.920705 0.480176 0.925110 0.484582 0.929515 0.484582 0.933921 0.488987 0.938326 0.484582 0.942731 0.484582 0.947137 0.480176 0.947137 0.466960 0.951542 0.462555 0.955947 0.462555 0.960352 0.458150 0.969163 0.458150 0.977974 0.449339 0.977974 0.444934 0.973568 0.440529 0.973568 0.431718 0.977974 0.427313 0.977974 0.422908 0.973568 0.418502 0.973568 0.405286 0.977974 0.400881
0 0.885463 0.378855 0.872247 0.378855 0.863436 0.387665 0.863436 0.396476 0.867841 0.400881 0.867841 0.405286 0.872247 0.409692 0.885463 0.396476 0.885463 0.392070 0.889868 0.387665 0.889868 0.383260
0 0.784141 0.378855 0.775330 0.387665 0.775330 0.396476 0.770925 0.400881 0.770925 0.405286 0.775330 0.409692 0.775330 0.414097 0.779736 0.418502 0.784141 0.418502 0.797357 0.405286 0.797357 0.392070
0 0.656388 0.378855 0.656388 0.387665 0.660793 0.392070 0.665198 0.392070 0.674009 0.400881 0.678414 0.396476 0.682819 0.400881 0.687225 0.400881 0.696035 0.409692 0.704846 0.409692 0.709251 0.414097 0.713656 0.409692 0.713656 0.392070 0.709251 0.387665 0.704846 0.387665 0.700441 0.392070 0.696035 0.392070 0.691630 0.396476 0.687225 0.392070 0.682819 0.392070 0.678414 0.387665 0.678414 0.383260 0.665198 0.370044
0 0.022026 0.361233 0.013216 0.370044 0.013216 0.374449 0.017621 0.378855 0.017621 0.387665 0.008811 0.396476 0.004405 0.396476 0.000000 0.400881 0.000000 0.418502 0.004405 0.418502 0.008811 0.414097 0.008811 0.409692 0.013216 0.405286 0.013216 0.392070 0.017621 0.387665 0.022026 0.387665 0.030837 0.378855 0.030837 0.370044
0 0.488987 0.334802 0.475771 0.348018 0.475771 0.361233 0.480176 0.365639 0.488987 0.365639 0.506608 0.348018 0.497797 0.339207 0.493392 0.339207
0 0.788546 0.330396 0.779736 0.321586 0.775330 0.321586 0.770925 0.325991 0.770925 0.330396 0.766520 0.334802 0.762115 0.334802 0.757709 0.339207 0.744493 0.339207 0.740088 0.334802 0.735683 0.339207 0.740088 0.343612 0.740088 0.352423 0.748899 0.361233 0.753304 0.361233 0.762115 0.352423 0.766520 0.352423 0.770925 0.348018 0.775330 0.348018 0.779736 0.343612 0.784141 0.343612 0.788546 0.339207
0 0.083700 0.312775 0.088106 0.317181 0.088106 0.330396 0.092511 0.334802 0.101322 0.334802 0.105727 0.330396 0.110132 0.330396 0.114537 0.325991 0.123348 0.325991 0.127753 0.330396 0.132159 0.325991 0.140969 0.325991 0.149780 0.317181 0.149780 0.312775 0.145374 0.308370 0.136564 0.308370 0.127753 0.317181 0.123348 0.317181 0.118943 0.321586 0.114537 0.321586 0.110132 0.317181 0.105727 0.317181 0.092511 0.303965
0 0.096916 0.268722 0.101322 0.273128 0.101322 0.277533 0.110132 0.286344 0.127753 0.286344 0.132159 0.281938 0.132159 0.277533 0.123348 0.268722 0.105727 0.268722 0.101322 0.264317
0 0.823789 0.255507 0.819383 0.259912 0.819383 0.281938 0.814978 0.286344 0.819383 0.290749 0.819383 0.299559 0.823789 0.303965 0.828194 0.303965 0.832599 0.308370 0.837004 0.303965 0.837004 0.268722
0 0.466960 0.255507 0.466960 0.264317 0.475771 0.273128 0.480176 0.268722 0.484582 0.273128 0.488987 0.273128 0.493392 0.277533 0.497797 0.273128 0.506608 0.273128 0.515419 0.264317 0.515419 0.259912 0.506608 0.251101 0.471366 0.251101
0 0.691630 0.237885 0.691630 0.242291 0.696035 0.246696 0.704846 0.246696 0.709251 0.242291 0.713656 0.242291 0.718062 0.237885 0.722467 0.242291 0.726872 0.242291 0.735683 0.251101 0.735683 0.268722 0.744493 0.277533 0.748899 0.277533 0.757709 0.286344 0.757709 0.295154 0.766520 0.303965 0.770925 0.303965 0.775330 0.299559 0.775330 0.290749 0.770925 0.286344 0.766520 0.286344 0.762115 0.281938 0.757709 0.281938 0.753304 0.277533 0.753304 0.255507 0.744493 0.246696 0.744493 0.242291 0.740088 0.237885 0.735683 0.242291 0.731278 0.242291 0.726872 0.237885 0.722467 0.237885 0.713656 0.229075 0.709251 0.233480 0.696035 0.233480
0 0.497797 0.185022 0.497797 0.189427 0.502203 0.193833 0.511013 0.193833 0.515419 0.198238 0.524229 0.198238 0.528634 0.193833 0.528634 0.185022 0.519824 0.176211 0.515419 0.180617 0.511013 0.176211 0.506608 0.176211
0 0.599119 0.171806 0.590308 0.171806 0.585903 0.176211 0.585903 0.180617 0.581498 0.185022 0.581498 0.193833 0.577093 0.198238 0.577093 0.202643 0.572687 0.207048 0.572687 0.211454 0.563877 0.220264 0.563877 0.224670 0.568282 0.229075 0.577093 0.229075 0.590308 0.215859 0.590308 0.211454 0.599119 0.202643 0.599119 0.198238 0.607930 0.189427 0.607930 0.180617
0 0.757709 0.140969 0.757709 0.145374 0.762115 0.149780 0.775330 0.149780 0.779736 0.154185 0.792952 0.154185 0.797357 0.149780 0.797357 0.145374 0.788546 0.136564 0.784141 0.136564 0.779736 0.132159 0.766520 0.132159
0 0.740088 0.110132 0.731278 0.101322 0.722467 0.101322 0.718062 0.105727 0.709251 0.105727 0.696035 0.118943 0.696035 0.123348 0.704846 0.132159 0.709251 0.132159 0.709251 0.127753 0.718062 0.118943 0.722467 0.118943 0.726872 0.114537 0.735683 0.114537
0 0.035242 0.083700 0.030837 0.088106 0.030837 0.092511 0.035242 0.096916 0.035242 0.101322 0.039648 0.105727 0.039648 0.132159 0.044053 0.136564 0.048458 0.136564 0.052863 0.132159 0.057269 0.132159 0.061674 0.127753 0.061674 0.118943 0.057269 0.114537 0.057269 0.110132 0.044053 0.096916 0.044053 0.092511
0 0.321586 0.061674 0.312775 0.070485 0.312775 0.079295 0.317181 0.083700 0.334802 0.083700 0.339207 0.079295 0.339207 0.070485 0.330396 0.061674
0 0.436123 0.048458 0.436123 0.052863 0.444934 0.061674 0.458150 0.048458 0.462555 0.048458 0.466960 0.044053 0.471366 0.044053 0.475771 0.048458 0.480176 0.048458 0.488987 0.057269 0.493392 0.057269 0.497797 0.061674 0.506608 0.061674 0.515419 0.052863 0.519824 0.052863 0.524229 0.048458 0.528634 0.052863 0.541850 0.052863 0.546256 0.057269 0.550661 0.057269 0.555066 0.061674 0.555066 0.092511 0.550661 0.096916 0.550661 0.101322 0.559471 0.110132 0.572687 0.096916 0.572687 0.088106 0.577093 0.083700 0.577093 0.079295 0.585903 0.070485 0.590308 0.070485 0.585903 0.066079 0.581498 0.066079 0.572687 0.057269 0.568282 0.057269 0.563877 0.061674 0.559471 0.057269 0.555066 0.057269 0.550661 0.052863 0.550661 0.044053 0.546256 0.039648 0.541850 0.039648 0.537445 0.044053 0.528634 0.044053 0.524229 0.039648 0.519824 0.044053 0.515419 0.044053 0.511013 0.048458 0.506608 0.048458 0.502203 0.044053 0.497797 0.044053 0.480176 0.026432 0.466960 0.026432 0.453745 0.039648 0.449339 0.039648 0.444934 0.044053 0.440529 0.044053
0 0.925110 0.017621 0.925110 0.030837 0.929515 0.035242 0.933921 0.035242 0.955947 0.057269 0.969163 0.057269 0.977974 0.048458 0.960352 0.030837 0.955947 0.030837 0.951542 0.026432 0.947137 0.026432 0.942731 0.022026 0.942731 0.017621 0.938326 0.013216 0.933921 0.017621 0.929515 0.013216
0 0.334802 0.022026 0.334802 0.030837 0.339207 0.035242 0.343612 0.035242 0.348018 0.039648 0.352423 0.039648 0.356828 0.035242 0.370044 0.035242 0.374449 0.039648 0.378855 0.039648 0.383260 0.044053 0.387665 0.039648 0.387665 0.026432 0.383260 0.022026 0.378855 0.022026 0.374449 0.017621 0.370044 0.017621 0.365639 0.013216 0.361233 0.013216 0.356828 0.008811 0.348018 0.008811
0 0.127753 0.000000 0.207048 0.154185 0.246696 0.198238 0.246696 0.220264 0.233480 0.229075 0.198238 0.202643 0.198238 0.180617 0.167401 0.171806 0.136564 0.123348 0.118943 0.140969 0.308370 0.321586 0.303965 0.440529 0.348018 0.502203 0.356828 0.572687 0.392070 0.599119 0.444934 0.718062 0.550661 0.797357 0.577093 0.867841 0.616740 0.863436 0.568282 0.806167 0.581498 0.788546 0.656388 0.859031 0.696035 0.863436 0.770925 0.942731 0.841410 0.982379 0.863436 0.964758 0.916300 0.977974 0.933921 0.995595 0.977974 0.995595 0.977974 0.973568 0.995595 0.969163 0.995595 0.938326 0.881057 0.894273 0.788546 0.876652 0.704846 0.814978 0.594714 0.762115 0.572687 0.713656 0.612335 0.687225 0.599119 0.643172 0.572687 0.616740 0.528634 0.616740 0.449339 0.550661 0.418502 0.546256 0.378855 0.515419 0.378855 0.436123 0.405286 0.431718 0.427313 0.396476 0.414097 0.392070 0.396476 0.409692 0.378855 0.400881 0.365639 0.374449 0.387665 0.334802 0.378855 0.317181 0.365639 0.348018 0.339207 0.339207 0.348018 0.303965 0.325991 0.273128 0.312775 0.185022 0.325991 0.176211 0.317181 0.154185 0.334802 0.140969 0.308370 0.136564 0.308370 0.114537 0.281938 0.088106 0.273128 0.096916 0.308370 0.154185 0.308370 0.224670 0.286344 0.229075 0.259912 0.202643 0.242291 0.154185 0.259912 0.132159 0.224670 0.101322 0.162996 0.000000
