0 0.533040 0.960352 0.537445 0.964758 0.555066 0.964758 0.572687 0.947137 0.568282 0.942731 0.537445 0.942731 0.533040 0.947137
0 0.647577 0.814978 0.647577 0.828194 0.651982 0.832599 0.678414 0.832599 0.682819 0.837004 0.687225 0.837004 0.700441 0.850220 0.718062 0.850220 0.722467 0.845815 0.722467 0.832599 0.718062 0.828194 0.700441 0.828194 0.696035 0.832599 0.691630 0.832599 0.687225 0.828194 0.682819 0.828194 0.674009 0.819383 0.674009 0.814978 0.665198 0.806167 0.656388 0.806167
0 0.030837 0.806167 0.026432 0.801762 0.017621 0.801762 0.008811 0.810573 0.004405 0.810573 0.000000 0.814978 0.000000 0.828194 0.022026 0.828194 0.026432 0.823789 0.026432 0.819383 0.030837 0.814978
0 0.850220 0.995595 0.845815 0.986784 0.801762 0.982379 0.775330 0.969163 0.757709 0.947137 0.731278 0.929515 0.704846 0.925110 0.669604 0.907489 0.541850 0.797357 0.515419 0.801762 0.502203 0.819383 0.405286 0.863436 0.343612 0.845815 0.343612 0.863436 0.330396 0.872247 0.255507 0.872247 0.158590 0.938326 0.096916 0.938326 0.070485 0.929515 0.035242 0.951542 0.000000 0.947137 0.004405 0.960352 0.035242 0.960352 0.048458 0.969163 0.035242 0.995595 0.079295 0.995595 0.083700 0.986784 0.105727 0.977974 0.162996 0.977974 0.176211 0.986784 0.176211 0.995595 0.185022 0.995595 0.207048 0.969163 0.224670 0.964758 0.255507 0.938326 0.246696 0.920705 0.259912 0.911894 0.312775 0.898678 0.339207 0.907489 0.374449 0.907489 0.387665 0.916300 0.387665 0.925110 0.352423 0.947137 0.374449 0.951542 0.400881 0.925110 0.418502 0.916300 0.458150 0.911894 0.555066 0.859031 0.577093 0.885463 0.603524 0.894273 0.629956 0.916300 0.638767 0.933921 0.722467 0.995595
0 0.325991 0.801762 0.321586 0.797357 0.317181 0.801762 0.317181 0.806167 0.312775 0.810573 0.308370 0.810573 0.303965 0.814978 0.299559 0.810573 0.295154 0.810573 0.290749 0.806167 0.281938 0.806167 0.273128 0.814978 0.286344 0.828194 0.290749 0.828194 0.303965 0.814978 0.308370 0.814978 0.312775 0.810573 0.317181 0.814978 0.325991 0.806167
0 0.603524 0.762115 0.603524 0.770925 0.607930 0.775330 0.612335 0.775330 0.616740 0.779736 0.634361 0.779736 0.638767 0.784141 0.643172 0.784141 0.647577 0.779736 0.638767 0.770925 0.634361 0.770925 0.621145 0.757709 0.607930 0.757709
0 0.185022 0.744493 0.176211 0.753304 0.176211 0.762115 0.185022 0.770925 0.198238 0.770925 0.207048 0.762115 0.202643 0.757709 0.202643 0.753304 0.193833 0.744493
0 0.885463 0.722467 0.872247 0.735683 0.872247 0.740088 0.863436 0.748899 0.863436 0.753304 0.859031 0.757709 0.859031 0.766520 0.863436 0.770925 0.863436 0.775330 0.867841 0.779736 0.872247 0.775330 0.876652 0.775330 0.881057 0.770925 0.881057 0.766520 0.885463 0.762115 0.885463 0.757709 0.889868 0.753304 0.889868 0.726872
0 0.938326 0.713656 0.938326 0.726872 0.942731 0.731278 0.955947 0.731278 0.960352 0.726872 0.964758 0.731278 0.969163 0.726872 0.969163 0.713656 0.964758 0.709251 0.960352 0.713656 0.955947 0.709251 0.942731 0.709251
0 0.911894 0.651982 0.907489 0.656388 0.907489 0.660793 0.903084 0.665198 0.903084 0.669604 0.881057 0.691630 0.885463 0.696035 0.889868 0.691630 0.898678 0.691630 0.903084 0.687225 0.903084 0.678414 0.911894 0.669604 0.916300 0.669604 0.920705 0.665198 0.920705 0.660793
0 0.634361 0.656388 0.629956 0.651982 0.621145 0.651982 0.616740 0.656388 0.612335 0.656388 0.607930 0.660793 0.599119 0.660793 0.594714 0.656388 0.585903 0.665198 0.585903 0.669604 0.590308 0.674009 0.603524 0.674009 0.607930 0.669604 0.616740 0.669604 0.621145 0.674009 0.625551 0.669604 0.629956 0.669604 0.634361 0.665198
0 0.497797 0.621145 0.497797 0.625551 0.506608 0.634361 0.511013 0.634361 0.515419 0.638767 0.515419 0.643172 0.524229 0.651982 0.528634 0.651982 0.533040 0.656388 0.541850 0.656388 0.550661 0.647577 0.541850 0.638767 0.533040 0.638767 0.528634 0.634361 0.524229 0.634361 0.515419 0.625551 0.515419 0.621145 0.511013 0.616740 0.506608 0.621145 0.502203 0.616740
0 0.832599 0.594714 0.828194 0.599119 0.828194 0.603524 0.823789 0.607930 0.823789 0.612335 0.828194 0.616740 0.832599 0.616740 0.837004 0.621145 0.850220 0.621145 0.854626 0.616740 0.854626 0.607930 0.841410 0.594714
0 0.321586 0.585903 0.317181 0.585903 0.308370 0.594714 0.308370 0.599119 0.295154 0.612335 0.295154 0.616740 0.290749 0.621145 0.295154 0.625551 0.303965 0.625551 0.308370 0.621145 0.308370 0.607930 0.317181 0.599119 0.321586 0.599119 0.325991 0.594714 0.325991 0.590308
0 0.762115 0.546256 0.753304 0.555066 0.762115 0.563877 0.766520 0.563877 0.770925 0.568282 0.775330 0.568282 0.779736 0.572687 0.779736 0.585903 0.788546 0.594714 0.792952 0.590308 0.792952 0.585903 0.784141 0.577093 0.784141 0.568282 0.788546 0.563877 0.788546 0.555066 0.784141 0.550661 0.775330 0.550661 0.770925 0.546256
0 0.348018 0.541850 0.348018 0.546256 0.361233 0.559471 0.361233 0.563877 0.365639 0.568282 0.370044 0.568282 0.374449 0.572687 0.383260 0.572687 0.387665 0.568282 0.392070 0.568282 0.396476 0.563877 0.409692 0.563877 0.414097 0.568282 0.418502 0.568282 0.427313 0.577093 0.431718 0.577093 0.436123 0.581498 0.444934 0.581498 0.449339 0.585903 0.462555 0.585903 0.471366 0.577093 0.471366 0.568282 0.462555 0.559471 0.449339 0.559471 0.444934 0.555066 0.440529 0.555066 0.436123 0.550661 0.427313 0.550661 0.422908 0.546256 0.418502 0.550661 0.396476 0.550661 0.392070 0.546256 0.356828 0.546256 0.352423 0.541850
0 0.299559 0.466960 0.290749 0.475771 0.290749 0.480176 0.295154 0.484582 0.299559 0.484582 0.303965 0.488987 0.308370 0.488987 0.321586 0.502203 0.325991 0.502203 0.330396 0.506608 0.330396 0.519824 0.339207 0.528634 0.343612 0.528634 0.348018 0.524229 0.348018 0.515419 0.343612 0.511013 0.343612 0.506608 0.339207 0.502203 0.339207 0.493392 0.334802 0.488987 0.334802 0.480176 0.325991 0.471366 0.317181 0.471366 0.312775 0.466960
0 0.127753 0.427313 0.158590 0.458150 0.158590 0.462555 0.162996 0.466960 0.167401 0.466960 0.176211 0.475771 0.180617 0.475771 0.185022 0.480176 0.193833 0.480176 0.198238 0.484582 0.215859 0.484582 0.220264 0.480176 0.220264 0.475771 0.211454 0.466960 0.202643 0.466960 0.198238 0.462555 0.193833 0.462555 0.171806 0.440529 0.167401 0.440529 0.158590 0.431718 0.154185 0.431718 0.149780 0.427313 0.149780 0.422908 0.145374 0.418502 0.136564 0.418502
0 0.625551 0.418502 0.629956 0.422908 0.634361 0.422908 0.638767 0.418502 0.647577 0.418502 0.651982 0.422908 0.656388 0.422908 0.660793 0.427313 0.665198 0.427313 0.669604 0.422908 0.669604 0.418502 0.656388 0.405286 0.634361 0.405286 0.629956 0.409692 0.629956 0.414097
0 0.528634 0.400881 0.524229 0.396476 0.519824 0.396476 0.515419 0.392070 0.511013 0.392070 0.497797 0.405286 0.497797 0.414097 0.502203 0.418502 0.506608 0.418502 0.511013 0.414097 0.515419 0.414097
0 0.519824 0.330396 0.515419 0.325991 0.506608 0.325991 0.502203 0.321586 0.497797 0.325991 0.488987 0.325991 0.484582 0.330396 0.484582 0.339207 0.493392 0.348018 0.511013 0.348018 0.519824 0.339207
0 0.594714 0.308370 0.581498 0.308370 0.572687 0.317181 0.572687 0.325991 0.577093 0.330396 0.581498 0.330396 0.585903 0.334802 0.590308 0.330396 0.594714 0.330396 0.599119 0.325991 0.599119 0.312775
0 0.462555 0.308370 0.458150 0.308370 0.453745 0.312775 0.449339 0.312775 0.444934 0.317181 0.440529 0.317181 0.436123 0.321586 0.436123 0.330396 0.444934 0.339207 0.453745 0.330396 0.458150 0.330396 0.462555 0.325991
0 0.083700 0.281938 0.074890 0.273128 0.066079 0.273128 0.057269 0.281938 0.057269 0.286344 0.052863 0.290749 0.052863 0.295154 0.044053 0.303965 0.039648 0.303965 0.035242 0.308370 0.035242 0.312775 0.039648 0.317181 0.048458 0.317181 0.052863 0.321586 0.057269 0.321586 0.061674 0.317181 0.066079 0.317181 0.070485 0.312775 0.070485 0.308370 0.079295 0.299559 0.079295 0.295154 0.083700 0.290749
0 0.903084 0.259912 0.898678 0.255507 0.889868 0.255507 0.885463 0.259912 0.881057 0.259912 0.872247 0.268722 0.867841 0.268722 0.863436 0.273128 0.863436 0.277533 0.867841 0.281938 0.881057 0.281938 0.889868 0.273128 0.894273 0.273128 0.903084 0.264317
0 0.096916 0.202643 0.088106 0.211454 0.088106 0.220264 0.096916 0.229075 0.105727 0.229075 0.114537 0.220264 0.114537 0.207048 0.110132 0.202643
0 0.370044 0.114537 0.365639 0.118943 0.365639 0.127753 0.361233 0.132159 0.361233 0.136564 0.365639 0.140969 0.365639 0.145374 0.370044 0.149780 0.374449 0.149780 0.378855 0.154185 0.383260 0.149780 0.383260 0.136564 0.378855 0.132159 0.378855 0.127753 0.374449 0.123348 0.374449 0.118943
0 0.052863 0.083700 0.048458 0.088106 0.048458 0.101322 0.052863 0.105727 0.057269 0.105727 0.061674 0.110132 0.070485 0.110132 0.074890 0.105727 0.070485 0.101322 0.070485 0.092511 0.061674 0.083700
0 0.405286 0.079295 0.405286 0.088106 0.414097 0.096916 0.418502 0.096916 0.422908 0.101322 0.431718 0.101322 0.436123 0.105727 0.440529 0.101322 0.444934 0.101322 0.449339 0.096916 0.444934 0.092511 0.444934 0.088106 0.436123 0.079295 0.431718 0.079295 0.427313 0.074890 0.409692 0.074890
0 0.563877 0.052863 0.563877 0.061674 0.568282 0.066079 0.572687 0.066079 0.577093 0.070485 0.581498 0.070485 0.585903 0.066079 0.603524 0.066079 0.607930 0.061674 0.607930 0.048458 0.603524 0.044053 0.581498 0.044053 0.577093 0.048458 0.568282 0.048458
0 0.167401 0.048458 0.158590 0.039648 0.149780 0.039648 0.132159 0.057269 0.132159 0.066079 0.136564 0.070485 0.154185 0.070485 0.167401 0.057269
0 0.647577 0.000000 0.629956 0.000000 0.629956 0.013216 0.625551 0.017621 0.625551 0.026432 0.634361 0.035242 0.647577 0.022026
0 0.295154 0.000000 0.295154 0.004405 0.290749 0.008811 0.290749 0.013216 0.286344 0.017621 0.286344 0.026432 0.303965 0.044053 0.303965 0.052863 0.299559 0.057269 0.308370 0.066079 0.312775 0.066079 0.321586 0.057269 0.312775 0.048458 0.312775 0.026432 0.303965 0.017621 0.303965 0.008811 0.299559 0.004405 0.299559 0.000000
0 0.000000 0.000000 0.000000 0.004405 0.004405 0.000000 0.013216 0.000000 0.017621 0.004405 0.022026 0.004405 0.030837 0.013216 0.030837 0.017621 0.044053 0.030837 0.048458 0.030837 0.052863 0.035242 0.066079 0.035242 0.074890 0.026432 0.079295 0.026432 0.083700 0.022026 0.092511 0.022026 0.105727 0.008811 0.105727 0.000000 0.083700 0.000000 0.083700 0.013216 0.079295 0.017621 0.074890 0.017621 0.070485 0.022026 0.066079 0.022026 0.061674 0.017621 0.057269 0.017621 0.052863 0.013216 0.048458 0.013216 0.039648 0.004405 0.039648 0.000000
