0 0.696035 0.925110 0.691630 0.929515 0.691630 0.933921 0.687225 0.938326 0.687225 0.955947 0.691630 0.960352 0.696035 0.960352 0.700441 0.964758 0.704846 0.964758 0.713656 0.955947 0.709251 0.951542 0.709251 0.947137 0.704846 0.942731 0.704846 0.929515 0.700441 0.925110
0 0.493392 0.925110 0.493392 0.951542 0.502203 0.960352 0.511013 0.960352 0.515419 0.955947 0.519824 0.955947 0.524229 0.951542 0.528634 0.951542 0.533040 0.955947 0.541850 0.955947 0.550661 0.947137 0.546256 0.942731 0.537445 0.942731 0.533040 0.947137 0.524229 0.947137 0.519824 0.942731 0.515419 0.942731 0.511013 0.938326 0.511013 0.933921 0.506608 0.929515 0.506608 0.925110 0.502203 0.920705 0.497797 0.920705
0 0.211454 0.920705 0.207048 0.925110 0.202643 0.925110 0.202643 0.938326 0.207048 0.942731 0.207048 0.951542 0.211454 0.955947 0.220264 0.955947 0.224670 0.951542 0.220264 0.947137 0.220264 0.929515
0 0.343612 0.929515 0.343612 0.933921 0.348018 0.938326 0.352423 0.938326 0.356828 0.933921 0.383260 0.933921 0.387665 0.938326 0.392070 0.938326 0.396476 0.942731 0.396476 0.947137 0.400881 0.951542 0.400881 0.955947 0.405286 0.960352 0.422908 0.960352 0.427313 0.955947 0.431718 0.955947 0.440529 0.947137 0.444934 0.947137 0.449339 0.942731 0.458150 0.942731 0.466960 0.933921 0.466960 0.925110 0.462555 0.920705 0.458150 0.920705 0.453745 0.925110 0.449339 0.925110 0.444934 0.929515 0.440529 0.929515 0.431718 0.938326 0.427313 0.938326 0.422908 0.942731 0.409692 0.942731 0.405286 0.938326 0.400881 0.942731 0.396476 0.938326 0.392070 0.938326 0.387665 0.933921 0.387665 0.920705 0.392070 0.916300 0.392070 0.911894 0.409692 0.894273 0.405286 0.889868 0.400881 0.889868 0.396476 0.894273 0.387665 0.894273 0.378855 0.903084 0.378855 0.916300 0.374449 0.920705 0.370044 0.920705 0.365639 0.925110 0.352423 0.925110 0.348018 0.929515
0 0.273128 0.859031 0.268722 0.863436 0.264317 0.863436 0.255507 0.872247 0.255507 0.885463 0.259912 0.889868 0.273128 0.889868 0.281938 0.881057 0.281938 0.867841
0 0.229075 0.837004 0.220264 0.828194 0.207048 0.828194 0.202643 0.832599 0.198238 0.832599 0.193833 0.837004 0.193833 0.841410 0.189427 0.845815 0.185022 0.845815 0.189427 0.845815 0.198238 0.854626 0.202643 0.854626 0.207048 0.850220 0.215859 0.850220
0 0.594714 0.810573 0.590308 0.806167 0.581498 0.806167 0.577093 0.810573 0.568282 0.810573 0.559471 0.819383 0.559471 0.823789 0.555066 0.828194 0.550661 0.828194 0.546256 0.832599 0.546256 0.837004 0.541850 0.841410 0.541850 0.845815 0.546256 0.850220 0.550661 0.845815 0.555066 0.850220 0.563877 0.841410 0.563877 0.837004 0.568282 0.832599 0.572687 0.832599 0.577093 0.828194 0.581498 0.828194 0.594714 0.814978
0 0.000000 0.806167 0.000000 0.828194 0.013216 0.828194 0.017621 0.832599 0.022026 0.832599 0.026432 0.837004 0.035242 0.837004 0.039648 0.832599 0.039648 0.828194 0.030837 0.819383 0.026432 0.819383 0.022026 0.814978 0.017621 0.814978 0.013216 0.810573 0.008811 0.810573 0.004405 0.806167
0 0.436123 0.792952 0.427313 0.784141 0.418502 0.784141 0.414097 0.788546 0.409692 0.788546 0.405286 0.792952 0.400881 0.792952 0.396476 0.797357 0.392070 0.792952 0.378855 0.792952 0.374449 0.797357 0.374449 0.801762 0.378855 0.806167 0.387665 0.806167 0.392070 0.801762 0.396476 0.801762 0.400881 0.797357 0.405286 0.797357 0.409692 0.801762 0.414097 0.801762 0.418502 0.806167 0.422908 0.806167 0.427313 0.801762 0.431718 0.801762 0.436123 0.797357
0 0.207048 0.740088 0.207048 0.748899 0.211454 0.753304 0.242291 0.753304 0.251101 0.744493 0.251101 0.735683 0.246696 0.731278 0.215859 0.731278
0 0.374449 0.718062 0.370044 0.722467 0.370044 0.744493 0.374449 0.748899 0.383260 0.748899 0.387665 0.744493 0.387665 0.722467 0.383260 0.718062
0 0.035242 0.696035 0.026432 0.696035 0.017621 0.704846 0.017621 0.709251 0.013216 0.713656 0.013216 0.740088 0.017621 0.744493 0.017621 0.748899 0.026432 0.757709 0.030837 0.757709 0.035242 0.753304 0.035242 0.748899 0.026432 0.740088 0.026432 0.731278 0.030837 0.726872 0.030837 0.718062 0.044053 0.704846
0 0.132159 0.674009 0.127753 0.678414 0.123348 0.678414 0.118943 0.682819 0.118943 0.696035 0.123348 0.700441 0.123348 0.709251 0.118943 0.713656 0.118943 0.718062 0.110132 0.726872 0.110132 0.731278 0.096916 0.744493 0.096916 0.748899 0.088106 0.757709 0.092511 0.762115 0.096916 0.762115 0.101322 0.766520 0.101322 0.775330 0.105727 0.779736 0.105727 0.788546 0.114537 0.797357 0.118943 0.792952 0.118943 0.784141 0.114537 0.779736 0.114537 0.775330 0.105727 0.766520 0.105727 0.744493 0.110132 0.740088 0.110132 0.735683 0.123348 0.722467 0.127753 0.722467 0.136564 0.713656 0.136564 0.704846 0.132159 0.700441
0 0.938326 0.669604 0.938326 0.678414 0.947137 0.687225 0.964758 0.687225 0.969163 0.682819 0.973568 0.687225 0.982379 0.687225 0.986784 0.691630 0.991189 0.691630 0.995595 0.696035 0.995595 0.678414 0.991189 0.682819 0.986784 0.682819 0.982379 0.678414 0.977974 0.678414 0.973568 0.674009 0.969163 0.674009 0.955947 0.660793 0.947137 0.660793
0 0.185022 0.638767 0.185022 0.651982 0.189427 0.656388 0.211454 0.656388 0.215859 0.660793 0.224670 0.651982 0.224670 0.643172 0.220264 0.638767 0.215859 0.638767 0.211454 0.634361 0.207048 0.638767 0.202643 0.634361 0.189427 0.634361
0 0.916300 0.603524 0.911894 0.607930 0.907489 0.607930 0.898678 0.616740 0.898678 0.621145 0.903084 0.625551 0.903084 0.634361 0.894273 0.643172 0.889868 0.643172 0.881057 0.651982 0.894273 0.665198 0.903084 0.656388 0.903084 0.651982 0.907489 0.647577 0.903084 0.643172 0.903084 0.634361 0.920705 0.616740 0.920705 0.607930
0 0.000000 0.577093 0.000000 0.599119 0.026432 0.599119 0.030837 0.594714 0.030837 0.590308 0.022026 0.581498 0.017621 0.581498 0.013216 0.577093
0 0.806167 0.541850 0.801762 0.546256 0.801762 0.550661 0.797357 0.555066 0.797357 0.559471 0.792952 0.563877 0.792952 0.572687 0.784141 0.581498 0.784141 0.590308 0.792952 0.599119 0.797357 0.599119 0.801762 0.594714 0.806167 0.594714 0.814978 0.585903 0.810573 0.581498 0.810573 0.563877 0.814978 0.559471 0.814978 0.550661
0 0.678414 0.533040 0.678414 0.537445 0.687225 0.546256 0.691630 0.541850 0.696035 0.541850 0.700441 0.546256 0.704846 0.546256 0.709251 0.550661 0.709251 0.559471 0.713656 0.563877 0.726872 0.563877 0.731278 0.559471 0.735683 0.559471 0.740088 0.555066 0.740088 0.550661 0.731278 0.541850 0.718062 0.541850 0.713656 0.546256 0.709251 0.546256 0.704846 0.541850 0.700441 0.541850 0.696035 0.537445 0.696035 0.528634 0.691630 0.524229 0.687225 0.524229
0 0.502203 0.511013 0.497797 0.506608 0.497797 0.497797 0.493392 0.493392 0.488987 0.493392 0.480176 0.502203 0.480176 0.506608 0.475771 0.511013 0.471366 0.511013 0.466960 0.515419 0.462555 0.511013 0.444934 0.528634 0.440529 0.528634 0.436123 0.533040 0.431718 0.528634 0.427313 0.528634 0.422908 0.524229 0.422908 0.519824 0.418502 0.515419 0.409692 0.524229 0.409692 0.528634 0.418502 0.537445 0.422908 0.537445 0.427313 0.533040 0.431718 0.533040 0.436123 0.537445 0.440529 0.537445 0.449339 0.546256 0.449339 0.559471 0.453745 0.563877 0.471366 0.546256 0.471366 0.541850 0.466960 0.537445 0.466960 0.515419 0.471366 0.511013 0.475771 0.511013 0.480176 0.506608 0.484582 0.511013 0.488987 0.511013 0.493392 0.515419 0.497797 0.515419
0 0.533040 0.511013 0.537445 0.515419 0.550661 0.502203 0.555066 0.502203 0.559471 0.497797 0.563877 0.502203 0.568282 0.502203 0.577093 0.511013 0.577093 0.515419 0.581498 0.519824 0.581498 0.524229 0.585903 0.528634 0.590308 0.524229 0.594714 0.524229 0.599119 0.519824 0.612335 0.519824 0.621145 0.511013 0.625551 0.511013 0.629956 0.506608 0.629956 0.502203 0.625551 0.497797 0.621145 0.502203 0.616740 0.497797 0.612335 0.502203 0.603524 0.502203 0.599119 0.506608 0.594714 0.502203 0.590308 0.502203 0.585903 0.497797 0.581498 0.497797 0.577093 0.493392 0.577093 0.471366 0.568282 0.462555 0.559471 0.471366 0.559471 0.475771 0.563877 0.480176 0.563877 0.488987 0.559471 0.493392 0.555066 0.493392 0.550661 0.497797 0.546256 0.493392 0.533040 0.506608
0 0.973568 0.440529 0.964758 0.449339 0.964758 0.471366 0.969163 0.475771 0.973568 0.475771 0.982379 0.466960 0.982379 0.462555 0.986784 0.458150 0.991189 0.458150 0.995595 0.453745 0.991189 0.449339 0.986784 0.449339 0.982379 0.444934 0.977974 0.444934
0 0.660793 0.440529 0.651982 0.449339 0.651982 0.458150 0.643172 0.466960 0.643172 0.475771 0.647577 0.480176 0.651982 0.480176 0.656388 0.475771 0.656388 0.471366 0.660793 0.466960 0.660793 0.462555 0.665198 0.458150 0.665198 0.453745 0.669604 0.449339
0 0.801762 0.436123 0.797357 0.440529 0.797357 0.444934 0.784141 0.458150 0.784141 0.466960 0.779736 0.471366 0.779736 0.475771 0.770925 0.484582 0.770925 0.488987 0.762115 0.497797 0.762115 0.502203 0.757709 0.506608 0.757709 0.511013 0.762115 0.515419 0.775330 0.515419 0.779736 0.511013 0.779736 0.502203 0.788546 0.493392 0.788546 0.488987 0.792952 0.484582 0.792952 0.480176 0.797357 0.475771 0.797357 0.466960 0.801762 0.462555 0.801762 0.453745 0.806167 0.449339 0.806167 0.440529
0 0.422908 0.427313 0.418502 0.431718 0.409692 0.431718 0.400881 0.440529 0.405286 0.444934 0.405286 0.453745 0.400881 0.458150 0.400881 0.475771 0.405286 0.480176 0.409692 0.475771 0.409692 0.471366 0.414097 0.466960 0.414097 0.458150 0.422908 0.449339 0.422908 0.436123 0.427313 0.431718
0 0.497797 0.405286 0.493392 0.400881 0.471366 0.400881 0.466960 0.405286 0.444934 0.405286 0.440529 0.409692 0.440529 0.414097 0.444934 0.418502 0.449339 0.414097 0.453745 0.414097 0.458150 0.418502 0.462555 0.414097 0.466960 0.418502 0.480176 0.418502 0.484582 0.414097 0.488987 0.414097
0 0.832599 0.392070 0.832599 0.400881 0.837004 0.405286 0.841410 0.400881 0.863436 0.400881 0.867841 0.405286 0.872247 0.405286 0.876652 0.409692 0.876652 0.418502 0.881057 0.422908 0.889868 0.422908 0.898678 0.414097 0.898678 0.405286 0.894273 0.400881 0.889868 0.405286 0.885463 0.400881 0.881057 0.400881 0.876652 0.396476 0.872247 0.396476 0.854626 0.378855 0.841410 0.378855 0.837004 0.383260 0.837004 0.387665
0 0.546256 0.370044 0.541850 0.365639 0.533040 0.365639 0.528634 0.361233 0.519824 0.370044 0.519824 0.374449 0.515419 0.378855 0.515419 0.387665 0.519824 0.392070 0.524229 0.387665 0.528634 0.392070 0.533040 0.392070 0.546256 0.378855
0 0.951542 0.343612 0.947137 0.343612 0.938326 0.352423 0.938326 0.356828 0.933921 0.361233 0.933921 0.378855 0.938326 0.383260 0.951542 0.383260 0.955947 0.378855 0.955947 0.370044 0.960352 0.365639 0.960352 0.352423
0 0.436123 0.299559 0.431718 0.295154 0.422908 0.295154 0.418502 0.290749 0.414097 0.290749 0.409692 0.295154 0.409692 0.308370 0.405286 0.312775 0.400881 0.312775 0.396476 0.317181 0.392070 0.317181 0.387665 0.312775 0.365639 0.312775 0.361233 0.317181 0.361233 0.321586 0.365639 0.325991 0.365639 0.330396 0.370044 0.334802 0.378855 0.334802 0.383260 0.330396 0.387665 0.330396 0.396476 0.321586 0.400881 0.321586 0.405286 0.317181 0.409692 0.317181 0.414097 0.321586 0.422908 0.321586 0.436123 0.308370
0 0.308370 0.290749 0.303965 0.295154 0.299559 0.295154 0.295154 0.299559 0.295154 0.312775 0.308370 0.325991 0.308370 0.348018 0.312775 0.352423 0.312775 0.365639 0.317181 0.370044 0.317181 0.383260 0.303965 0.396476 0.308370 0.396476 0.312775 0.400881 0.317181 0.396476 0.317181 0.392070 0.321586 0.387665 0.321586 0.378855 0.334802 0.365639 0.334802 0.356828 0.321586 0.343612 0.321586 0.334802 0.317181 0.330396 0.317181 0.308370 0.321586 0.303965 0.321586 0.299559 0.312775 0.290749
0 0.546256 0.259912 0.537445 0.259912 0.528634 0.268722 0.528634 0.286344 0.533040 0.290749 0.537445 0.286344 0.541850 0.286344 0.546256 0.281938 0.546256 0.277533 0.550661 0.273128 0.550661 0.264317
0 0.766520 0.255507 0.762115 0.255507 0.753304 0.264317 0.753304 0.277533 0.744493 0.286344 0.744493 0.299559 0.748899 0.303965 0.753304 0.303965 0.757709 0.299559 0.757709 0.277533 0.762115 0.273128 0.766520 0.273128 0.770925 0.268722 0.770925 0.259912
0 0.823789 0.251101 0.810573 0.251101 0.806167 0.255507 0.806167 0.264317 0.814978 0.273128 0.814978 0.277533 0.819383 0.281938 0.819383 0.290749 0.828194 0.299559 0.828194 0.312775 0.823789 0.317181 0.823789 0.321586 0.810573 0.334802 0.806167 0.334802 0.801762 0.339207 0.792952 0.339207 0.788546 0.343612 0.788546 0.348018 0.797357 0.356828 0.801762 0.356828 0.806167 0.361233 0.810573 0.361233 0.814978 0.356828 0.814978 0.339207 0.823789 0.330396 0.828194 0.330396 0.832599 0.325991 0.832599 0.308370 0.837004 0.303965 0.837004 0.299559 0.832599 0.295154 0.832599 0.286344 0.828194 0.281938 0.828194 0.255507
0 0.969163 0.193833 0.960352 0.202643 0.960352 0.211454 0.947137 0.224670 0.947137 0.229075 0.955947 0.237885 0.964758 0.229075 0.964758 0.215859 0.973568 0.207048 0.973568 0.198238
0 0.233480 0.189427 0.229075 0.193833 0.229075 0.198238 0.224670 0.202643 0.229075 0.207048 0.229075 0.211454 0.233480 0.215859 0.233480 0.224670 0.224670 0.233480 0.224670 0.237885 0.229075 0.242291 0.233480 0.242291 0.237885 0.246696 0.237885 0.251101 0.242291 0.255507 0.242291 0.259912 0.251101 0.268722 0.255507 0.268722 0.259912 0.264317 0.264317 0.264317 0.264317 0.259912 0.259912 0.259912 0.251101 0.251101 0.251101 0.246696 0.242291 0.237885 0.242291 0.229075 0.237885 0.224670 0.237885 0.211454 0.246696 0.202643 0.246696 0.193833 0.242291 0.189427
0 0.290749 0.171806 0.277533 0.185022 0.277533 0.220264 0.286344 0.229075 0.290749 0.229075 0.295154 0.224670 0.295154 0.189427 0.299559 0.185022 0.295154 0.180617 0.295154 0.176211
0 0.511013 0.149780 0.506608 0.154185 0.506608 0.167401 0.519824 0.180617 0.528634 0.180617 0.537445 0.171806 0.537445 0.167401 0.519824 0.149780
0 0.942731 0.132159 0.938326 0.132159 0.933921 0.136564 0.929515 0.136564 0.920705 0.145374 0.920705 0.154185 0.925110 0.158590 0.929515 0.158590 0.933921 0.162996 0.942731 0.154185 0.942731 0.149780 0.947137 0.145374 0.947137 0.136564
0 0.409692 0.096916 0.405286 0.101322 0.396476 0.101322 0.387665 0.110132 0.383260 0.110132 0.374449 0.118943 0.374449 0.127753 0.370044 0.132159 0.370044 0.136564 0.378855 0.145374 0.392070 0.132159 0.396476 0.132159 0.400881 0.127753 0.405286 0.127753 0.414097 0.118943 0.414097 0.114537 0.418502 0.110132 0.414097 0.105727 0.414097 0.101322
0 0.132159 0.066079 0.127753 0.070485 0.127753 0.074890 0.123348 0.079295 0.123348 0.083700 0.110132 0.096916 0.105727 0.096916 0.088106 0.114537 0.088106 0.127753 0.092511 0.132159 0.101322 0.132159 0.118943 0.114537 0.118943 0.110132 0.123348 0.105727 0.123348 0.096916 0.127753 0.092511 0.132159 0.092511 0.140969 0.083700 0.140969 0.074890
0 0.533040 0.044053 0.528634 0.044053 0.524229 0.048458 0.524229 0.066079 0.519824 0.070485 0.515419 0.070485 0.506608 0.079295 0.506608 0.114537 0.515419 0.123348 0.524229 0.114537 0.524229 0.088106 0.528634 0.083700 0.528634 0.074890 0.524229 0.070485 0.524229 0.061674 0.537445 0.048458
0 0.603524 0.035242 0.594714 0.044053 0.594714 0.048458 0.590308 0.052863 0.585903 0.052863 0.581498 0.057269 0.577093 0.057269 0.572687 0.061674 0.572687 0.070485 0.577093 0.074890 0.577093 0.088106 0.572687 0.092511 0.572687 0.101322 0.568282 0.105727 0.572687 0.110132 0.577093 0.105727 0.577093 0.101322 0.581498 0.096916 0.581498 0.088106 0.585903 0.083700 0.590308 0.083700 0.599119 0.074890 0.599119 0.070485 0.603524 0.066079 0.603524 0.061674 0.599119 0.057269 0.599119 0.048458 0.607930 0.039648
0 0.202643 0.035242 0.198238 0.035242 0.189427 0.044053 0.189427 0.066079 0.185022 0.070485 0.185022 0.074890 0.180617 0.079295 0.180617 0.092511 0.185022 0.096916 0.198238 0.083700 0.198238 0.079295 0.202643 0.074890 0.202643 0.061674 0.207048 0.057269 0.207048 0.039648
0 0.762115 0.022026 0.753304 0.013216 0.744493 0.013216 0.740088 0.017621 0.735683 0.013216 0.731278 0.013216 0.726872 0.017621 0.718062 0.017621 0.713656 0.022026 0.704846 0.022026 0.696035 0.030837 0.696035 0.035242 0.687225 0.044053 0.687225 0.048458 0.674009 0.061674 0.674009 0.066079 0.669604 0.070485 0.669604 0.083700 0.674009 0.088106 0.678414 0.088106 0.682819 0.092511 0.687225 0.092511 0.691630 0.088106 0.691630 0.057269 0.704846 0.044053 0.704846 0.039648 0.709251 0.035242 0.713656 0.035242 0.718062 0.030837 0.722467 0.030837 0.726872 0.026432 0.731278 0.026432 0.735683 0.030837 0.744493 0.030837 0.748899 0.035242 0.753304 0.035242 0.762115 0.026432
0 0.158590 0.000000 0.149780 0.000000 0.149780 0.004405 0.140969 0.013216 0.136564 0.013216 0.127753 0.022026 0.127753 0.026432 0.123348 0.030837 0.123348 0.044053 0.127753 0.048458 0.132159 0.044053 0.136564 0.044053 0.158590 0.022026
0 0.048458 0.000000 0.026432 0.048458 0.000000 0.061674 0.000000 0.114537 0.035242 0.127753 0.022026 0.162996 0.035242 0.193833 0.114537 0.259912 0.118943 0.281938 0.079295 0.281938 0.052863 0.299559 0.008811 0.259912 0.008811 0.242291 0.000000 0.281938 0.022026 0.286344 0.039648 0.321586 0.057269 0.303965 0.110132 0.361233 0.083700 0.378855 0.101322 0.396476 0.211454 0.444934 0.215859 0.484582 0.259912 0.519824 0.299559 0.599119 0.308370 0.590308 0.277533 0.555066 0.277533 0.528634 0.321586 0.511013 0.339207 0.524229 0.317181 0.559471 0.348018 0.590308 0.378855 0.568282 0.405286 0.590308 0.396476 0.612335 0.427313 0.625551 0.431718 0.651982 0.405286 0.665198 0.343612 0.656388 0.339207 0.669604 0.436123 0.665198 0.471366 0.682819 0.502203 0.669604 0.599119 0.713656 0.629956 0.779736 0.665198 0.775330 0.682819 0.797357 0.709251 0.797357 0.704846 0.832599 0.753304 0.832599 0.770925 0.810573 0.841410 0.841410 0.876652 0.828194 0.933921 0.850220 0.942731 0.885463 0.876652 0.933921 0.797357 0.885463 0.797357 0.911894 0.867841 0.969163 0.859031 0.947137 0.933921 0.907489 0.955947 0.872247 0.933921 0.850220 0.933921 0.819383 0.969163 0.806167 0.995595 0.828194 0.995595 0.810573 0.960352 0.788546 0.942731 0.753304 0.872247 0.735683 0.823789 0.704846 0.735683 0.607930 0.616740 0.555066 0.533040 0.541850 0.528634 0.563877 0.475771 0.603524 0.431718 0.603524 0.321586 0.493392 0.334802 0.475771 0.374449 0.511013 0.387665 0.497797 0.348018 0.436123 0.312775 0.436123 0.198238 0.290749 0.180617 0.303965 0.123348 0.268722 0.105727 0.198238 0.048458 0.140969 0.048458 0.092511 0.070485 0.079295 0.026432 0.048458 0.061674 0.022026
