0 0.955947 0.920705 0.960352 0.925110 0.977974 0.925110 0.982379 0.920705 0.986784 0.920705 0.991189 0.916300 0.995595 0.920705 0.995595 0.911894 0.991189 0.907489 0.969163 0.907489
0 0.198238 0.894273 0.193833 0.889868 0.189427 0.889868 0.185022 0.894273 0.180617 0.894273 0.176211 0.898678 0.171806 0.898678 0.162996 0.907489 0.158590 0.907489 0.162996 0.907489 0.171806 0.916300 0.180617 0.916300 0.198238 0.898678
0 0.096916 0.775330 0.092511 0.775330 0.083700 0.784141 0.083700 0.819383 0.079295 0.823789 0.083700 0.828194 0.088106 0.828194 0.096916 0.819383 0.096916 0.814978 0.101322 0.810573 0.101322 0.806167 0.105727 0.801762 0.105727 0.784141
0 0.687225 0.753304 0.682819 0.757709 0.678414 0.757709 0.669604 0.766520 0.669604 0.770925 0.674009 0.775330 0.682819 0.775330 0.687225 0.779736 0.700441 0.766520 0.700441 0.762115 0.696035 0.757709 0.691630 0.757709
0 0.995595 0.726872 0.991189 0.726872 0.982379 0.735683 0.977974 0.735683 0.973568 0.740088 0.969163 0.735683 0.964758 0.740088 0.951542 0.740088 0.947137 0.735683 0.942731 0.735683 0.938326 0.731278 0.925110 0.731278 0.916300 0.740088 0.916300 0.744493 0.925110 0.753304 0.942731 0.753304 0.947137 0.748899 0.955947 0.748899 0.960352 0.744493 0.969163 0.744493 0.973568 0.740088 0.977974 0.740088 0.982379 0.735683 0.986784 0.740088 0.995595 0.740088
0 0.079295 0.643172 0.070485 0.651982 0.070485 0.660793 0.066079 0.665198 0.066079 0.674009 0.057269 0.682819 0.057269 0.691630 0.070485 0.704846 0.074890 0.704846 0.079295 0.709251 0.079295 0.713656 0.083700 0.718062 0.088106 0.713656 0.079295 0.704846 0.079295 0.674009 0.083700 0.669604 0.083700 0.647577
0 0.810573 0.590308 0.806167 0.594714 0.806167 0.599119 0.801762 0.603524 0.806167 0.607930 0.806167 0.612335 0.819383 0.625551 0.819383 0.634361 0.814978 0.638767 0.814978 0.651982 0.801762 0.665198 0.806167 0.669604 0.806167 0.674009 0.810573 0.678414 0.814978 0.678414 0.819383 0.682819 0.819383 0.691630 0.810573 0.700441 0.814978 0.704846 0.819383 0.700441 0.828194 0.700441 0.832599 0.696035 0.828194 0.691630 0.823789 0.691630 0.819383 0.687225 0.819383 0.674009 0.814978 0.669604 0.814978 0.660793 0.819383 0.656388 0.819383 0.651982 0.828194 0.643172 0.828194 0.599119 0.823789 0.594714 0.814978 0.594714
0 0.453745 0.528634 0.449339 0.533040 0.449339 0.541850 0.453745 0.546256 0.453745 0.555066 0.471366 0.572687 0.475771 0.572687 0.480176 0.568282 0.475771 0.563877 0.475771 0.555066 0.471366 0.550661 0.471366 0.546256
0 0.162996 0.418502 0.154185 0.427313 0.154185 0.440529 0.162996 0.449339 0.171806 0.449339 0.176211 0.444934 0.176211 0.436123 0.171806 0.431718 0.171806 0.422908 0.167401 0.418502
0 0.096916 0.392070 0.092511 0.387665 0.088106 0.387665 0.083700 0.392070 0.083700 0.409692 0.074890 0.418502 0.074890 0.440529 0.070485 0.444934 0.066079 0.444934 0.061674 0.449339 0.052863 0.449339 0.048458 0.444934 0.044053 0.444934 0.039648 0.440529 0.030837 0.440529 0.026432 0.444934 0.026432 0.449339 0.030837 0.453745 0.048458 0.453745 0.052863 0.458150 0.057269 0.458150 0.061674 0.462555 0.066079 0.462555 0.074890 0.453745 0.074890 0.440529 0.079295 0.436123 0.083700 0.436123 0.088106 0.431718 0.088106 0.427313 0.092511 0.422908 0.092511 0.400881 0.096916 0.396476
0 0.951542 0.325991 0.942731 0.334802 0.942731 0.339207 0.933921 0.348018 0.933921 0.361233 0.942731 0.370044 0.951542 0.370044 0.955947 0.365639 0.955947 0.356828 0.951542 0.352423 0.951542 0.343612 0.955947 0.339207 0.955947 0.330396
0 0.127753 0.290749 0.127753 0.312775 0.154185 0.352423 0.207048 0.356828 0.281938 0.405286 0.343612 0.418502 0.334802 0.444934 0.356828 0.471366 0.378855 0.555066 0.400881 0.572687 0.405286 0.599119 0.387665 0.616740 0.237885 0.607930 0.189427 0.563877 0.110132 0.563877 0.057269 0.537445 0.008811 0.471366 0.000000 0.475771 0.004405 0.546256 0.092511 0.603524 0.158590 0.599119 0.246696 0.643172 0.352423 0.638767 0.497797 0.678414 0.524229 0.709251 0.528634 0.748899 0.577093 0.806167 0.581498 0.863436 0.599119 0.889868 0.638767 0.911894 0.678414 0.903084 0.713656 0.916300 0.784141 0.916300 0.828194 0.938326 0.828194 0.995595 0.859031 0.995595 0.867841 0.894273 0.933921 0.814978 0.933921 0.792952 0.916300 0.797357 0.863436 0.854626 0.867841 0.876652 0.845815 0.911894 0.806167 0.885463 0.691630 0.889868 0.621145 0.841410 0.603524 0.770925 0.559471 0.735683 0.524229 0.638767 0.502203 0.651982 0.480176 0.634361 0.449339 0.634361 0.427313 0.612335 0.444934 0.585903 0.418502 0.550661 0.387665 0.546256 0.392070 0.502203 0.409692 0.493392 0.431718 0.506608 0.440529 0.488987 0.462555 0.484582 0.400881 0.458150 0.334802 0.378855 0.171806 0.334802 0.154185 0.321586 0.149780 0.295154
0 0.819383 0.268722 0.810573 0.277533 0.823789 0.290749 0.828194 0.290749 0.832599 0.295154 0.837004 0.295154 0.841410 0.299559 0.841410 0.308370 0.850220 0.317181 0.854626 0.312775 0.854626 0.303965 0.850220 0.299559 0.845815 0.299559 0.841410 0.295154 0.837004 0.295154 0.832599 0.290749 0.832599 0.277533 0.823789 0.268722
0 0.555066 0.215859 0.550661 0.215859 0.546256 0.220264 0.546256 0.224670 0.541850 0.229075 0.541850 0.233480 0.533040 0.242291 0.528634 0.242291 0.524229 0.246696 0.515419 0.246696 0.511013 0.251101 0.511013 0.255507 0.506608 0.259912 0.515419 0.268722 0.524229 0.259912 0.528634 0.259912 0.533040 0.255507 0.533040 0.242291 0.541850 0.233480 0.546256 0.233480 0.550661 0.229075 0.555066 0.229075 0.559471 0.224670 0.559471 0.220264
0 0.096916 0.167401 0.088106 0.176211 0.088106 0.185022 0.092511 0.189427 0.092511 0.193833 0.096916 0.198238 0.096916 0.202643 0.105727 0.211454 0.105727 0.215859 0.110132 0.220264 0.110132 0.233480 0.105727 0.237885 0.105727 0.246696 0.110132 0.251101 0.110132 0.255507 0.114537 0.259912 0.118943 0.259912 0.123348 0.264317 0.123348 0.268722 0.127753 0.273128 0.132159 0.268722 0.132159 0.246696 0.127753 0.242291 0.127753 0.202643 0.123348 0.198238 0.123348 0.193833 0.114537 0.185022 0.114537 0.180617 0.105727 0.171806 0.101322 0.171806
0 0.678414 0.145374 0.674009 0.149780 0.674009 0.180617 0.678414 0.185022 0.678414 0.189427 0.682819 0.193833 0.682819 0.207048 0.678414 0.211454 0.682819 0.215859 0.687225 0.215859 0.696035 0.207048 0.696035 0.154185 0.687225 0.145374
0 0.546256 0.145374 0.541850 0.140969 0.528634 0.140969 0.524229 0.145374 0.519824 0.145374 0.515419 0.149780 0.506608 0.149780 0.497797 0.158590 0.497797 0.162996 0.506608 0.171806 0.511013 0.167401 0.515419 0.167401 0.519824 0.162996 0.528634 0.162996 0.533040 0.158590 0.537445 0.158590 0.541850 0.154185 0.541850 0.149780
0 0.074890 0.083700 0.070485 0.088106 0.070485 0.092511 0.074890 0.096916 0.074890 0.123348 0.083700 0.132159 0.088106 0.132159 0.092511 0.127753 0.092511 0.114537 0.088106 0.110132 0.088106 0.088106 0.083700 0.083700
0 0.488987 0.070485 0.484582 0.074890 0.480176 0.074890 0.462555 0.092511 0.462555 0.096916 0.458150 0.101322 0.458150 0.105727 0.453745 0.110132 0.453745 0.123348 0.449339 0.127753 0.449339 0.136564 0.458150 0.145374 0.462555 0.145374 0.466960 0.140969 0.466960 0.132159 0.471366 0.127753 0.471366 0.118943 0.488987 0.101322 0.488987 0.096916 0.493392 0.092511 0.493392 0.088106 0.497797 0.083700 0.497797 0.079295
0 0.867841 0.066079 0.863436 0.066079 0.854626 0.074890 0.854626 0.083700 0.850220 0.088106 0.850220 0.105727 0.854626 0.110132 0.863436 0.110132 0.867841 0.105727 0.867841 0.101322 0.872247 0.096916 0.872247 0.070485
