0 0.273128 0.955947 0.268722 0.955947 0.264317 0.951542 0.259912 0.951542 0.255507 0.955947 0.251101 0.955947 0.246696 0.960352 0.242291 0.960352 0.237885 0.964758 0.233480 0.960352 0.229075 0.960352 0.224670 0.955947 0.207048 0.955947 0.202643 0.960352 0.198238 0.960352 0.193833 0.964758 0.207048 0.977974 0.229075 0.977974 0.233480 0.973568 0.242291 0.973568 0.246696 0.977974 0.251101 0.977974 0.268722 0.960352 0.273128 0.960352
0 0.299559 0.947137 0.290749 0.955947 0.286344 0.955947 0.286344 0.960352 0.290749 0.960352 0.295154 0.964758 0.295154 0.995595 0.308370 0.995595 0.308370 0.986784 0.317181 0.977974 0.317181 0.964758 0.312775 0.960352 0.312775 0.951542 0.308370 0.947137 0.303965 0.951542
0 0.431718 0.947137 0.436123 0.951542 0.449339 0.951542 0.453745 0.955947 0.458150 0.955947 0.462555 0.960352 0.466960 0.960352 0.471366 0.955947 0.471366 0.951542 0.466960 0.947137 0.466960 0.942731 0.462555 0.938326 0.440529 0.938326
0 0.651982 0.916300 0.647577 0.920705 0.651982 0.925110 0.651982 0.933921 0.656388 0.938326 0.656388 0.947137 0.647577 0.955947 0.643172 0.955947 0.638767 0.960352 0.634361 0.960352 0.629956 0.955947 0.625551 0.955947 0.621145 0.951542 0.616740 0.955947 0.621145 0.960352 0.625551 0.955947 0.629956 0.960352 0.634361 0.960352 0.647577 0.973568 0.656388 0.973568 0.665198 0.964758 0.665198 0.960352 0.656388 0.951542 0.656388 0.938326 0.660793 0.933921 0.660793 0.929515 0.656388 0.925110 0.656388 0.920705
0 0.088106 0.907489 0.079295 0.898678 0.066079 0.898678 0.061674 0.903084 0.061674 0.907489 0.057269 0.911894 0.057269 0.920705 0.048458 0.929515 0.044053 0.929515 0.039648 0.933921 0.022026 0.933921 0.017621 0.938326 0.013216 0.938326 0.008811 0.942731 0.000000 0.942731 0.000000 0.955947 0.004405 0.955947 0.008811 0.960352 0.030837 0.960352 0.044053 0.947137 0.048458 0.947137 0.061674 0.933921 0.066079 0.933921 0.070485 0.929515 0.074890 0.929515 0.088106 0.916300
0 0.405286 0.867841 0.396476 0.859031 0.383260 0.859031 0.378855 0.863436 0.378855 0.872247 0.374449 0.876652 0.370044 0.876652 0.365639 0.881057 0.356828 0.881057 0.352423 0.876652 0.348018 0.876652 0.343612 0.881057 0.343612 0.885463 0.348018 0.889868 0.352423 0.889868 0.361233 0.898678 0.365639 0.894273 0.370044 0.898678 0.374449 0.894273 0.374449 0.889868 0.378855 0.885463 0.383260 0.885463 0.387665 0.881057 0.392070 0.885463 0.400881 0.885463 0.405286 0.881057
0 0.202643 0.885463 0.202643 0.894273 0.207048 0.898678 0.215859 0.889868 0.220264 0.889868 0.224670 0.885463 0.229075 0.889868 0.233480 0.889868 0.237885 0.894273 0.237885 0.898678 0.242291 0.903084 0.242291 0.907489 0.255507 0.920705 0.273128 0.920705 0.281938 0.911894 0.286344 0.911894 0.290749 0.907489 0.312775 0.907489 0.317181 0.903084 0.312775 0.898678 0.308370 0.898678 0.303965 0.894273 0.299559 0.894273 0.295154 0.898678 0.290749 0.898678 0.286344 0.903084 0.281938 0.903084 0.277533 0.907489 0.268722 0.907489 0.264317 0.903084 0.259912 0.903084 0.255507 0.898678 0.255507 0.885463 0.251101 0.881057 0.251101 0.876652 0.246696 0.872247 0.233480 0.872247 0.229075 0.867841 0.224670 0.867841 0.215859 0.859031 0.211454 0.863436 0.211454 0.872247 0.207048 0.876652 0.207048 0.881057
0 0.334802 0.810573 0.330396 0.814978 0.330396 0.828194 0.339207 0.837004 0.339207 0.841410 0.343612 0.845815 0.348018 0.841410 0.352423 0.845815 0.356828 0.841410 0.356828 0.837004 0.361233 0.832599 0.361233 0.819383 0.356828 0.814978 0.352423 0.814978 0.348018 0.810573
0 0.612335 0.797357 0.607930 0.801762 0.607930 0.806167 0.603524 0.810573 0.603524 0.814978 0.616740 0.828194 0.616740 0.845815 0.612335 0.850220 0.607930 0.850220 0.612335 0.850220 0.616740 0.854626 0.616740 0.867841 0.612335 0.872247 0.612335 0.881057 0.616740 0.885463 0.625551 0.885463 0.634361 0.876652 0.629956 0.872247 0.629956 0.828194 0.625551 0.823789 0.625551 0.806167 0.621145 0.801762 0.616740 0.801762
0 0.599119 0.850220 0.594714 0.850220 0.590308 0.845815 0.572687 0.845815 0.568282 0.850220 0.563877 0.850220 0.559471 0.854626 0.550661 0.854626 0.546256 0.859031 0.541850 0.859031 0.537445 0.863436 0.528634 0.863436 0.524229 0.859031 0.519824 0.863436 0.515419 0.859031 0.511013 0.859031 0.502203 0.850220 0.502203 0.837004 0.506608 0.832599 0.506608 0.828194 0.519824 0.814978 0.524229 0.814978 0.528634 0.810573 0.550661 0.810573 0.563877 0.797357 0.563877 0.792952 0.559471 0.788546 0.550661 0.788546 0.546256 0.792952 0.541850 0.792952 0.537445 0.797357 0.528634 0.797357 0.515419 0.810573 0.511013 0.810573 0.502203 0.819383 0.502203 0.823789 0.497797 0.828194 0.497797 0.832599 0.493392 0.837004 0.493392 0.841410 0.488987 0.845815 0.484582 0.845815 0.480176 0.850220 0.471366 0.850220 0.466960 0.845815 0.462555 0.850220 0.458150 0.850220 0.453745 0.854626 0.453745 0.859031 0.458150 0.863436 0.462555 0.863436 0.466960 0.867841 0.471366 0.863436 0.488987 0.863436 0.493392 0.859031 0.497797 0.859031 0.502203 0.863436 0.506608 0.863436 0.515419 0.872247 0.524229 0.872247 0.533040 0.863436 0.537445 0.863436 0.541850 0.859031 0.546256 0.859031 0.550661 0.863436 0.555066 0.863436 0.559471 0.859031 0.568282 0.859031 0.572687 0.854626 0.590308 0.854626 0.594714 0.850220
0 0.744493 0.779736 0.744493 0.801762 0.748899 0.806167 0.748899 0.814978 0.762115 0.828194 0.775330 0.832599 0.792952 0.854626 0.792952 0.863436 0.784141 0.876652 0.797357 0.885463 0.814978 0.872247 0.837004 0.889868 0.837004 0.898678 0.832599 0.903084 0.810573 0.911894 0.828194 0.933921 0.828194 0.960352 0.810573 0.977974 0.806167 0.995595 0.828194 0.995595 0.832599 0.977974 0.859031 0.955947 0.876652 0.969163 0.889868 0.960352 0.885463 0.955947 0.885463 0.947137 0.898678 0.938326 0.907489 0.942731 0.942731 0.942731 0.973568 0.916300 0.973568 0.903084 0.995595 0.889868 0.995595 0.885463 0.982379 0.881057 0.969163 0.867841 0.969163 0.859031 0.977974 0.850220 0.991189 0.845815 0.973568 0.837004 0.973568 0.823789 0.960352 0.810573 0.925110 0.797357 0.916300 0.779736 0.907489 0.801762 0.942731 0.832599 0.942731 0.845815 0.938326 0.850220 0.947137 0.854626 0.973568 0.885463 0.973568 0.894273 0.960352 0.903084 0.925110 0.907489 0.907489 0.920705 0.898678 0.916300 0.889868 0.903084 0.876652 0.911894 0.859031 0.898678 0.859031 0.889868 0.872247 0.881057 0.876652 0.885463 0.881057 0.881057 0.872247 0.872247 0.872247 0.863436 0.863436 0.854626 0.850220 0.850220 0.832599 0.823789 0.806167 0.810573 0.801762 0.814978 0.788546 0.810573 0.757709 0.775330 0.748899 0.775330
0 0.475771 0.726872 0.471366 0.731278 0.493392 0.753304 0.493392 0.766520 0.488987 0.770925 0.493392 0.775330 0.497797 0.770925 0.493392 0.766520 0.493392 0.757709 0.497797 0.753304 0.502203 0.753304 0.511013 0.744493 0.497797 0.731278 0.493392 0.731278 0.488987 0.726872
0 0.039648 0.647577 0.035242 0.647577 0.030837 0.643172 0.026432 0.647577 0.022026 0.647577 0.017621 0.651982 0.017621 0.660793 0.013216 0.665198 0.013216 0.669604 0.008811 0.674009 0.004405 0.674009 0.008811 0.674009 0.013216 0.678414 0.017621 0.674009 0.022026 0.678414 0.039648 0.660793
0 0.127753 0.629956 0.114537 0.616740 0.105727 0.616740 0.101322 0.621145 0.096916 0.621145 0.092511 0.625551 0.083700 0.625551 0.079295 0.629956 0.074890 0.629956 0.070485 0.625551 0.061674 0.625551 0.057269 0.629956 0.057269 0.643172 0.061674 0.647577 0.066079 0.647577 0.074890 0.638767 0.079295 0.638767 0.083700 0.634361 0.088106 0.634361 0.092511 0.638767 0.096916 0.638767 0.110132 0.651982 0.114537 0.647577 0.118943 0.651982 0.127753 0.643172
0 0.559471 0.590308 0.550661 0.599119 0.550661 0.603524 0.541850 0.612335 0.537445 0.612335 0.533040 0.616740 0.533040 0.625551 0.537445 0.629956 0.555066 0.612335 0.559471 0.612335 0.568282 0.603524 0.568282 0.599119
0 0.000000 0.881057 0.070485 0.854626 0.096916 0.859031 0.220264 0.784141 0.264317 0.784141 0.308370 0.735683 0.409692 0.682819 0.453745 0.709251 0.471366 0.691630 0.541850 0.696035 0.568282 0.713656 0.546256 0.735683 0.568282 0.762115 0.577093 0.704846 0.660793 0.704846 0.682819 0.718062 0.660793 0.744493 0.700441 0.762115 0.700441 0.806167 0.718062 0.797357 0.718062 0.757709 0.696035 0.748899 0.696035 0.726872 0.779736 0.744493 0.841410 0.775330 0.837004 0.740088 0.867841 0.713656 0.881057 0.722467 0.898678 0.696035 0.911894 0.731278 0.938326 0.735683 0.942731 0.762115 0.986784 0.775330 0.995595 0.792952 0.995595 0.770925 0.933921 0.722467 0.933921 0.696035 0.964758 0.682819 0.977974 0.691630 0.964758 0.713656 0.995595 0.722467 0.995595 0.674009 0.969163 0.665198 0.995595 0.625551 0.960352 0.651982 0.938326 0.647577 0.942731 0.678414 0.881057 0.687225 0.854626 0.674009 0.872247 0.638767 0.806167 0.660793 0.788546 0.634361 0.713656 0.621145 0.656388 0.581498 0.748899 0.674009 0.854626 0.682819 0.845815 0.718062 0.797357 0.744493 0.638767 0.691630 0.625551 0.656388 0.599119 0.678414 0.568282 0.665198 0.555066 0.691630 0.471366 0.682819 0.453745 0.669604 0.466960 0.625551 0.427313 0.660793 0.387665 0.651982 0.352423 0.674009 0.325991 0.669604 0.312775 0.651982 0.396476 0.585903 0.387665 0.581498 0.365639 0.603524 0.334802 0.607930 0.295154 0.651982 0.273128 0.634361 0.242291 0.638767 0.264317 0.660793 0.286344 0.647577 0.317181 0.669604 0.317181 0.696035 0.290749 0.696035 0.264317 0.744493 0.229075 0.762115 0.202643 0.748899 0.158590 0.753304 0.114537 0.788546 0.127753 0.810573 0.105727 0.841410 0.083700 0.845815 0.057269 0.819383 0.000000 0.850220
0 0.264317 0.559471 0.259912 0.555066 0.251101 0.555066 0.242291 0.563877 0.237885 0.563877 0.233480 0.568282 0.229075 0.568282 0.224670 0.572687 0.215859 0.572687 0.211454 0.568282 0.207048 0.572687 0.202643 0.572687 0.198238 0.577093 0.198238 0.581498 0.193833 0.585903 0.189427 0.585903 0.185022 0.590308 0.180617 0.590308 0.176211 0.585903 0.171806 0.585903 0.167401 0.590308 0.167401 0.594714 0.162996 0.599119 0.162996 0.603524 0.158590 0.607930 0.158590 0.621145 0.162996 0.625551 0.167401 0.621145 0.171806 0.621145 0.176211 0.616740 0.176211 0.607930 0.185022 0.599119 0.185022 0.590308 0.189427 0.585903 0.193833 0.585903 0.198238 0.581498 0.202643 0.585903 0.220264 0.585903 0.229075 0.577093 0.233480 0.577093 0.237885 0.572687 0.242291 0.577093 0.246696 0.572687 0.251101 0.572687
0 0.700441 0.555066 0.700441 0.559471 0.704846 0.563877 0.709251 0.563877 0.713656 0.559471 0.740088 0.559471 0.744493 0.563877 0.748899 0.559471 0.748899 0.546256 0.744493 0.541850 0.735683 0.541850 0.731278 0.537445 0.722467 0.537445 0.718062 0.533040 0.713656 0.533040 0.704846 0.541850 0.704846 0.550661
0 0.392070 0.541850 0.383260 0.533040 0.378855 0.533040 0.374449 0.537445 0.370044 0.537445 0.365639 0.541850 0.356828 0.541850 0.352423 0.546256 0.343612 0.546256 0.339207 0.550661 0.334802 0.546256 0.330396 0.550661 0.330396 0.559471 0.334802 0.563877 0.348018 0.563877 0.352423 0.559471 0.361233 0.559471 0.365639 0.555066 0.370044 0.555066 0.374449 0.550661 0.387665 0.550661 0.392070 0.546256
0 0.057269 0.533040 0.052863 0.537445 0.052863 0.546256 0.044053 0.555066 0.044053 0.559471 0.039648 0.563877 0.048458 0.572687 0.052863 0.572687 0.057269 0.577093 0.061674 0.577093 0.066079 0.572687 0.066079 0.559471 0.070485 0.555066 0.066079 0.550661 0.066079 0.537445 0.061674 0.533040
0 0.859031 0.471366 0.854626 0.475771 0.859031 0.480176 0.863436 0.480176 0.872247 0.488987 0.872247 0.493392 0.881057 0.502203 0.885463 0.502203 0.889868 0.506608 0.889868 0.515419 0.885463 0.519824 0.885463 0.528634 0.889868 0.533040 0.894273 0.533040 0.898678 0.537445 0.903084 0.537445 0.907489 0.541850 0.907489 0.550661 0.898678 0.559471 0.903084 0.563877 0.911894 0.563877 0.916300 0.559471 0.916300 0.550661 0.911894 0.546256 0.911894 0.533040 0.916300 0.528634 0.916300 0.519824 0.911894 0.515419 0.911894 0.511013 0.907489 0.506608 0.903084 0.506608 0.881057 0.484582 0.881057 0.480176 0.872247 0.471366
0 0.079295 0.475771 0.079295 0.480176 0.083700 0.484582 0.101322 0.484582 0.105727 0.488987 0.110132 0.488987 0.114537 0.493392 0.114537 0.511013 0.123348 0.519824 0.132159 0.519824 0.145374 0.528634 0.167401 0.528634 0.171806 0.533040 0.185022 0.519824 0.189427 0.519824 0.193833 0.515419 0.198238 0.515419 0.202643 0.519824 0.207048 0.519824 0.215859 0.528634 0.220264 0.528634 0.224670 0.533040 0.233480 0.533040 0.242291 0.524229 0.246696 0.524229 0.251101 0.519824 0.255507 0.519824 0.259912 0.524229 0.264317 0.524229 0.273128 0.537445 0.281938 0.537445 0.295154 0.528634 0.295154 0.524229 0.281938 0.511013 0.277533 0.511013 0.268722 0.502203 0.255507 0.502203 0.251101 0.506608 0.237885 0.506608 0.233480 0.511013 0.229075 0.511013 0.215859 0.502203 0.198238 0.502203 0.193833 0.506608 0.185022 0.506608 0.176211 0.515419 0.171806 0.515419 0.167401 0.519824 0.154185 0.519824 0.149780 0.515419 0.145374 0.515419 0.132159 0.502203 0.132159 0.493392 0.136564 0.488987 0.140969 0.488987 0.145374 0.484582 0.149780 0.488987 0.158590 0.488987 0.162996 0.484582 0.162996 0.471366 0.154185 0.462555 0.149780 0.466960 0.145374 0.466960 0.140969 0.471366 0.140969 0.480176 0.127753 0.488987 0.123348 0.484582 0.118943 0.484582 0.101322 0.466960 0.096916 0.466960 0.092511 0.462555
0 0.784141 0.458150 0.788546 0.462555 0.788546 0.466960 0.792952 0.471366 0.814978 0.471366 0.819383 0.466960 0.819383 0.458150 0.814978 0.453745 0.806167 0.453745 0.801762 0.449339 0.797357 0.453745 0.788546 0.453745
0 0.753304 0.453745 0.748899 0.449339 0.740088 0.458150 0.735683 0.458150 0.731278 0.462555 0.726872 0.462555 0.718062 0.471366 0.713656 0.471366 0.709251 0.475771 0.704846 0.475771 0.700441 0.480176 0.674009 0.480176 0.669604 0.484582 0.665198 0.484582 0.660793 0.488987 0.669604 0.497797 0.674009 0.497797 0.678414 0.502203 0.682819 0.502203 0.687225 0.497797 0.691630 0.497797 0.696035 0.493392 0.704846 0.493392 0.709251 0.497797 0.713656 0.497797 0.722467 0.488987 0.722467 0.484582 0.726872 0.480176 0.731278 0.480176 0.753304 0.458150
0 0.202643 0.440529 0.193833 0.449339 0.193833 0.458150 0.207048 0.471366 0.211454 0.471366 0.215859 0.466960 0.215859 0.462555 0.220264 0.458150 0.220264 0.453745 0.215859 0.449339 0.215859 0.444934 0.211454 0.440529
0 0.334802 0.436123 0.330396 0.440529 0.330396 0.458150 0.352423 0.480176 0.352423 0.502203 0.356828 0.506608 0.365639 0.506608 0.370044 0.502203 0.370044 0.480176 0.374449 0.475771 0.374449 0.466960 0.365639 0.458150 0.361233 0.458150 0.352423 0.449339 0.352423 0.444934 0.348018 0.440529 0.343612 0.440529 0.339207 0.436123
0 0.392070 0.436123 0.392070 0.449339 0.396476 0.453745 0.400881 0.453745 0.414097 0.444934 0.418502 0.444934 0.431718 0.453745 0.440529 0.453745 0.453745 0.444934 0.462555 0.444934 0.466960 0.449339 0.475771 0.449339 0.480176 0.453745 0.488987 0.453745 0.493392 0.449339 0.506608 0.444934 0.511013 0.449339 0.515419 0.449339 0.519824 0.453745 0.533040 0.458150 0.541850 0.466960 0.541850 0.484582 0.533040 0.493392 0.528634 0.493392 0.524229 0.497797 0.515419 0.497797 0.506608 0.506608 0.506608 0.519824 0.528634 0.533040 0.528634 0.546256 0.524229 0.550661 0.524229 0.555066 0.528634 0.559471 0.533040 0.555066 0.541850 0.555066 0.546256 0.550661 0.541850 0.546256 0.541850 0.537445 0.537445 0.533040 0.533040 0.533040 0.524229 0.524229 0.524229 0.515419 0.533040 0.506608 0.533040 0.502203 0.537445 0.497797 0.541850 0.497797 0.559471 0.475771 0.563877 0.475771 0.568282 0.471366 0.581498 0.471366 0.585903 0.466960 0.585903 0.458150 0.581498 0.453745 0.577093 0.458150 0.572687 0.458150 0.550661 0.471366 0.546256 0.466960 0.541850 0.466960 0.537445 0.462555 0.537445 0.453745 0.541850 0.449339 0.541850 0.440529 0.533040 0.431718 0.524229 0.431718 0.515419 0.440529 0.511013 0.440529 0.506608 0.444934 0.502203 0.440529 0.497797 0.440529 0.484582 0.427313 0.480176 0.427313 0.475771 0.422908 0.471366 0.422908 0.462555 0.431718 0.458150 0.431718 0.453745 0.436123 0.449339 0.436123 0.436123 0.427313 0.431718 0.427313 0.422908 0.436123 0.418502 0.436123 0.414097 0.440529 0.400881 0.431718 0.396476 0.431718
0 0.960352 0.427313 0.955947 0.422908 0.955947 0.418502 0.951542 0.414097 0.938326 0.414097 0.933921 0.418502 0.929515 0.418502 0.925110 0.422908 0.916300 0.422908 0.911894 0.427313 0.885463 0.427313 0.881057 0.431718 0.881057 0.440529 0.885463 0.444934 0.889868 0.440529 0.898678 0.440529 0.903084 0.436123 0.907489 0.436123 0.911894 0.440529 0.916300 0.436123 0.951542 0.436123
0 0.651982 0.405286 0.660793 0.414097 0.665198 0.414097 0.669604 0.418502 0.674009 0.418502 0.678414 0.422908 0.682819 0.422908 0.691630 0.431718 0.696035 0.431718 0.704846 0.422908 0.700441 0.418502 0.700441 0.414097 0.696035 0.409692 0.691630 0.409692 0.682819 0.400881 0.678414 0.400881 0.674009 0.396476 0.669604 0.396476 0.665198 0.400881 0.656388 0.400881
0 0.295154 0.383260 0.286344 0.392070 0.286344 0.405286 0.299559 0.418502 0.299559 0.422908 0.303965 0.427313 0.308370 0.422908 0.308370 0.387665 0.303965 0.383260
0 0.193833 0.383260 0.185022 0.392070 0.185022 0.396476 0.180617 0.400881 0.189427 0.409692 0.207048 0.409692 0.211454 0.405286 0.207048 0.400881 0.207048 0.396476
0 0.629956 0.383260 0.625551 0.378855 0.612335 0.378855 0.607930 0.383260 0.603524 0.378855 0.599119 0.378855 0.594714 0.374449 0.590308 0.374449 0.585903 0.378855 0.585903 0.387665 0.581498 0.392070 0.577093 0.392070 0.572687 0.396476 0.568282 0.396476 0.563877 0.400881 0.563877 0.405286 0.572687 0.414097 0.581498 0.405286 0.581498 0.400881 0.585903 0.396476 0.590308 0.396476 0.594714 0.392070 0.599119 0.392070 0.603524 0.396476 0.607930 0.392070 0.621145 0.392070
0 0.044053 0.348018 0.035242 0.339207 0.030837 0.343612 0.026432 0.343612 0.022026 0.348018 0.017621 0.348018 0.013216 0.352423 0.008811 0.352423 0.004405 0.348018 0.000000 0.348018 0.000000 0.361233 0.004405 0.361233 0.008811 0.365639 0.013216 0.361233 0.017621 0.361233 0.022026 0.356828 0.035242 0.356828
0 0.559471 0.343612 0.550661 0.334802 0.546256 0.334802 0.533040 0.348018 0.533040 0.352423 0.528634 0.356828 0.524229 0.356828 0.519824 0.361233 0.524229 0.365639 0.533040 0.365639 0.546256 0.352423 0.550661 0.352423
0 0.691630 0.321586 0.687225 0.325991 0.687225 0.334802 0.691630 0.339207 0.704846 0.339207 0.709251 0.334802 0.718062 0.334802 0.722467 0.339207 0.726872 0.339207 0.731278 0.343612 0.731278 0.352423 0.726872 0.356828 0.726872 0.365639 0.722467 0.370044 0.718062 0.370044 0.704846 0.383260 0.713656 0.392070 0.722467 0.392070 0.726872 0.387665 0.726872 0.383260 0.731278 0.378855 0.731278 0.374449 0.735683 0.370044 0.740088 0.370044 0.744493 0.365639 0.744493 0.348018 0.748899 0.343612 0.748899 0.334802 0.744493 0.330396 0.731278 0.330396 0.726872 0.334802 0.718062 0.334802 0.713656 0.330396 0.709251 0.330396 0.700441 0.321586
0 0.255507 0.321586 0.251101 0.321586 0.246696 0.325991 0.246696 0.339207 0.229075 0.356828 0.233480 0.361233 0.242291 0.361233 0.246696 0.356828 0.255507 0.356828 0.259912 0.352423 0.259912 0.325991
0 0.458150 0.317181 0.449339 0.317181 0.444934 0.321586 0.449339 0.325991 0.449339 0.334802 0.444934 0.339207 0.444934 0.343612 0.440529 0.348018 0.440529 0.361233 0.444934 0.365639 0.444934 0.374449 0.427313 0.392070 0.427313 0.400881 0.431718 0.405286 0.440529 0.405286 0.444934 0.400881 0.444934 0.396476 0.449339 0.392070 0.449339 0.378855 0.453745 0.374449 0.458150 0.374449 0.462555 0.370044 0.462555 0.348018 0.458150 0.343612 0.458150 0.330396 0.462555 0.325991 0.462555 0.321586
0 0.898678 0.317181 0.903084 0.321586 0.903084 0.325991 0.907489 0.330396 0.911894 0.330396 0.916300 0.334802 0.929515 0.334802 0.933921 0.330396 0.938326 0.330396 0.933921 0.325991 0.933921 0.321586 0.929515 0.317181 0.925110 0.317181 0.920705 0.312775 0.907489 0.312775 0.903084 0.317181
0 0.806167 0.295154 0.801762 0.299559 0.801762 0.312775 0.810573 0.321586 0.814978 0.321586 0.819383 0.325991 0.823789 0.325991 0.828194 0.330396 0.828194 0.334802 0.832599 0.339207 0.832599 0.343612 0.837004 0.348018 0.837004 0.356828 0.841410 0.361233 0.841410 0.365639 0.845815 0.370044 0.845815 0.383260 0.841410 0.387665 0.841410 0.396476 0.845815 0.400881 0.845815 0.414097 0.854626 0.422908 0.863436 0.414097 0.863436 0.409692 0.867841 0.405286 0.863436 0.400881 0.863436 0.392070 0.859031 0.387665 0.854626 0.387665 0.850220 0.383260 0.850220 0.374449 0.859031 0.365639 0.863436 0.365639 0.867841 0.361233 0.867841 0.352423 0.863436 0.348018 0.859031 0.348018 0.854626 0.343612 0.850220 0.343612 0.845815 0.339207 0.845815 0.334802 0.841410 0.330396 0.841410 0.325991 0.837004 0.321586 0.837004 0.317181 0.832599 0.312775 0.828194 0.312775 0.810573 0.295154
0 0.735683 0.246696 0.731278 0.251101 0.726872 0.251101 0.713656 0.264317 0.709251 0.264317 0.704846 0.268722 0.704846 0.273128 0.700441 0.277533 0.700441 0.281938 0.704846 0.286344 0.704846 0.295154 0.713656 0.303965 0.718062 0.303965 0.726872 0.295154 0.722467 0.290749 0.722467 0.273128 0.731278 0.264317 0.731278 0.259912 0.740088 0.251101
0 0.255507 0.242291 0.246696 0.251101 0.246696 0.259912 0.251101 0.264317 0.255507 0.264317 0.259912 0.268722 0.273128 0.268722 0.277533 0.264317 0.277533 0.259912 0.259912 0.242291
0 0.145374 0.215859 0.136564 0.207048 0.132159 0.207048 0.127753 0.211454 0.123348 0.211454 0.118943 0.215859 0.114537 0.215859 0.110132 0.220264 0.101322 0.220264 0.096916 0.224670 0.105727 0.233480 0.118943 0.233480 0.123348 0.229075 0.127753 0.233480 0.132159 0.229075 0.136564 0.229075 0.145374 0.220264
0 0.929515 0.207048 0.920705 0.207048 0.916300 0.202643 0.911894 0.207048 0.907489 0.207048 0.903084 0.211454 0.898678 0.211454 0.885463 0.224670 0.885463 0.229075 0.881057 0.233480 0.881057 0.242291 0.894273 0.255507 0.929515 0.255507 0.938326 0.246696 0.938326 0.220264 0.933921 0.215859 0.933921 0.211454
0 0.859031 0.202643 0.854626 0.198238 0.832599 0.198238 0.828194 0.193833 0.814978 0.193833 0.810573 0.198238 0.806167 0.198238 0.797357 0.207048 0.792952 0.207048 0.788546 0.211454 0.784141 0.211454 0.779736 0.215859 0.770925 0.215859 0.766520 0.211454 0.762115 0.211454 0.757709 0.215859 0.757709 0.220264 0.753304 0.224670 0.753304 0.229075 0.757709 0.233480 0.766520 0.233480 0.770925 0.237885 0.775330 0.233480 0.792952 0.233480 0.797357 0.229075 0.801762 0.229075 0.806167 0.224670 0.806167 0.220264 0.814978 0.211454 0.819383 0.211454 0.823789 0.207048 0.832599 0.207048 0.837004 0.211454 0.841410 0.211454 0.845815 0.215859 0.854626 0.215859 0.859031 0.211454
0 0.638767 0.180617 0.634361 0.185022 0.634361 0.189427 0.638767 0.193833 0.638767 0.202643 0.634361 0.207048 0.629956 0.207048 0.625551 0.211454 0.621145 0.211454 0.616740 0.215859 0.612335 0.215859 0.607930 0.220264 0.603524 0.215859 0.599119 0.215859 0.594714 0.220264 0.599119 0.224670 0.599119 0.229075 0.603524 0.233480 0.625551 0.233480 0.629956 0.229075 0.634361 0.229075 0.643172 0.220264 0.643172 0.211454 0.638767 0.207048 0.638767 0.193833 0.643172 0.189427 0.643172 0.185022
0 0.700441 0.167401 0.696035 0.171806 0.696035 0.185022 0.700441 0.189427 0.700441 0.193833 0.709251 0.202643 0.713656 0.202643 0.718062 0.207048 0.726872 0.207048 0.731278 0.202643 0.726872 0.198238 0.726872 0.193833 0.718062 0.185022 0.718062 0.180617 0.713656 0.176211 0.713656 0.171806 0.709251 0.167401
0 0.511013 0.140969 0.497797 0.154185 0.497797 0.158590 0.493392 0.162996 0.493392 0.176211 0.497797 0.180617 0.497797 0.185022 0.506608 0.193833 0.511013 0.193833 0.515419 0.198238 0.519824 0.198238 0.524229 0.202643 0.524229 0.211454 0.533040 0.220264 0.541850 0.220264 0.555066 0.207048 0.555066 0.202643 0.550661 0.198238 0.541850 0.198238 0.537445 0.202643 0.533040 0.202643 0.528634 0.198238 0.524229 0.198238 0.519824 0.193833 0.519824 0.145374 0.515419 0.140969
0 0.387665 0.127753 0.383260 0.132159 0.387665 0.136564 0.387665 0.145374 0.392070 0.149780 0.396476 0.149780 0.400881 0.154185 0.405286 0.154185 0.409692 0.149780 0.414097 0.154185 0.418502 0.154185 0.422908 0.158590 0.422908 0.167401 0.418502 0.171806 0.418502 0.180617 0.414097 0.185022 0.414097 0.193833 0.436123 0.215859 0.440529 0.211454 0.440529 0.202643 0.436123 0.198238 0.436123 0.185022 0.431718 0.180617 0.431718 0.162996 0.436123 0.158590 0.431718 0.154185 0.427313 0.158590 0.422908 0.158590 0.418502 0.154185 0.414097 0.154185 0.405286 0.145374 0.400881 0.145374 0.396476 0.140969 0.396476 0.136564
0 0.876652 0.114537 0.872247 0.110132 0.867841 0.114537 0.854626 0.114537 0.850220 0.110132 0.845815 0.110132 0.841410 0.114537 0.837004 0.114537 0.828194 0.123348 0.828194 0.132159 0.823789 0.136564 0.823789 0.149780 0.828194 0.154185 0.832599 0.149780 0.837004 0.149780 0.845815 0.140969 0.845815 0.132159 0.850220 0.127753 0.850220 0.123348 0.854626 0.118943 0.859031 0.118943 0.863436 0.114537 0.867841 0.114537 0.872247 0.118943
0 0.718062 0.110132 0.713656 0.114537 0.709251 0.114537 0.704846 0.118943 0.718062 0.132159 0.722467 0.132159 0.731278 0.140969 0.731278 0.158590 0.735683 0.162996 0.740088 0.158590 0.744493 0.158590 0.748899 0.154185 0.748899 0.145374 0.744493 0.140969 0.744493 0.123348 0.735683 0.114537 0.726872 0.114537 0.722467 0.110132
0 0.920705 0.105727 0.916300 0.110132 0.907489 0.110132 0.898678 0.118943 0.898678 0.123348 0.907489 0.132159 0.916300 0.132159 0.925110 0.123348 0.925110 0.118943 0.929515 0.114537
0 0.563877 0.110132 0.572687 0.118943 0.572687 0.123348 0.590308 0.140969 0.594714 0.140969 0.599119 0.145374 0.603524 0.140969 0.607930 0.145374 0.621145 0.145374 0.625551 0.140969 0.629956 0.140969 0.634361 0.136564 0.638767 0.136564 0.643172 0.140969 0.647577 0.140969 0.651982 0.145374 0.665198 0.145374 0.674009 0.136564 0.674009 0.127753 0.669604 0.123348 0.651982 0.123348 0.643172 0.132159 0.638767 0.132159 0.634361 0.136564 0.625551 0.136564 0.621145 0.132159 0.607930 0.132159 0.603524 0.127753 0.599119 0.127753 0.585903 0.114537 0.581498 0.114537 0.577093 0.110132 0.572687 0.110132 0.568282 0.105727
0 0.123348 0.101322 0.118943 0.096916 0.110132 0.096916 0.105727 0.092511 0.101322 0.092511 0.096916 0.096916 0.092511 0.096916 0.079295 0.110132 0.079295 0.114537 0.061674 0.132159 0.057269 0.132159 0.052863 0.136564 0.044053 0.136564 0.039648 0.140969 0.044053 0.145374 0.048458 0.145374 0.052863 0.140969 0.066079 0.140969 0.070485 0.145374 0.074890 0.145374 0.079295 0.140969 0.083700 0.140969 0.096916 0.127753 0.096916 0.123348 0.101322 0.118943 0.105727 0.118943
0 0.273128 0.083700 0.268722 0.088106 0.268722 0.105727 0.277533 0.114537 0.295154 0.114537 0.299559 0.110132 0.295154 0.105727 0.295154 0.101322 0.290749 0.096916 0.286344 0.096916
0 0.145374 0.008811 0.140969 0.008811 0.136564 0.013216 0.136564 0.017621 0.132159 0.022026 0.132159 0.039648 0.123348 0.048458 0.123348 0.052863 0.118943 0.057269 0.123348 0.061674 0.132159 0.061674 0.136564 0.057269 0.136564 0.039648 0.149780 0.026432 0.149780 0.013216
0 0.872247 0.000000 0.872247 0.013216 0.881057 0.022026 0.885463 0.022026 0.889868 0.026432 0.889868 0.035242 0.898678 0.044053 0.898678 0.048458 0.903084 0.052863 0.903084 0.061674 0.898678 0.066079 0.898678 0.070485 0.894273 0.074890 0.894273 0.079295 0.898678 0.083700 0.907489 0.074890 0.907489 0.052863 0.911894 0.048458 0.916300 0.048458 0.920705 0.044053 0.925110 0.044053 0.929515 0.039648 0.933921 0.044053 0.938326 0.044053 0.942731 0.039648 0.942731 0.035242 0.933921 0.026432 0.929515 0.030837 0.911894 0.030837 0.907489 0.026432 0.903084 0.026432 0.898678 0.022026 0.894273 0.022026 0.885463 0.013216 0.885463 0.000000
0 0.797357 0.000000 0.801762 0.004405 0.806167 0.004405 0.819383 0.017621 0.819383 0.026432 0.823789 0.030837 0.837004 0.030837 0.845815 0.022026 0.837004 0.013216 0.823789 0.013216 0.819383 0.008811 0.814978 0.008811 0.810573 0.004405 0.810573 0.000000
0 0.674009 0.000000 0.674009 0.004405 0.656388 0.022026 0.656388 0.026432 0.651982 0.030837 0.651982 0.044053 0.647577 0.048458 0.647577 0.052863 0.643172 0.057269 0.643172 0.066079 0.647577 0.070485 0.651982 0.070485 0.656388 0.074890 0.660793 0.074890 0.682819 0.096916 0.687225 0.092511 0.687225 0.083700 0.669604 0.066079 0.669604 0.044053 0.674009 0.039648 0.674009 0.035242 0.678414 0.030837 0.678414 0.022026 0.682819 0.017621 0.682819 0.013216 0.687225 0.008811 0.687225 0.000000
0 0.365639 0.000000 0.352423 0.000000 0.352423 0.008811 0.356828 0.013216 0.356828 0.022026 0.361233 0.026432 0.361233 0.035242 0.352423 0.044053 0.348018 0.044053 0.343612 0.048458 0.348018 0.052863 0.356828 0.044053 0.361233 0.044053 0.365639 0.039648 0.370044 0.039648 0.374449 0.035242 0.374449 0.030837 0.378855 0.026432 0.378855 0.022026 0.365639 0.008811
