0 0.449339 0.907489 0.444934 0.911894 0.444934 0.916300 0.440529 0.920705 0.440529 0.925110 0.436123 0.929515 0.436123 0.951542 0.431718 0.955947 0.436123 0.960352 0.440529 0.960352 0.449339 0.951542 0.449339 0.929515 0.453745 0.925110 0.453745 0.911894
0 0.867841 0.889868 0.863436 0.889868 0.859031 0.894273 0.832599 0.894273 0.828194 0.898678 0.828194 0.903084 0.832599 0.907489 0.837004 0.907489 0.841410 0.911894 0.841410 0.920705 0.845815 0.925110 0.872247 0.898678 0.872247 0.894273
0 0.035242 0.876652 0.035242 0.881057 0.039648 0.885463 0.044053 0.885463 0.048458 0.881057 0.052863 0.885463 0.057269 0.885463 0.061674 0.889868 0.061674 0.894273 0.066079 0.898678 0.079295 0.898678 0.083700 0.894273 0.092511 0.894273 0.096916 0.889868 0.096916 0.881057 0.092511 0.876652 0.066079 0.876652 0.061674 0.881057 0.057269 0.881057 0.052863 0.876652 0.048458 0.876652 0.044053 0.872247 0.039648 0.872247
0 0.568282 0.814978 0.568282 0.828194 0.572687 0.832599 0.577093 0.828194 0.581498 0.828194 0.585903 0.823789 0.590308 0.828194 0.594714 0.828194 0.607930 0.841410 0.612335 0.841410 0.616740 0.837004 0.616740 0.828194 0.612335 0.823789 0.607930 0.823789 0.603524 0.819383 0.599119 0.823789 0.594714 0.823789 0.590308 0.819383 0.585903 0.819383 0.577093 0.810573 0.572687 0.810573
0 0.797357 0.792952 0.788546 0.792952 0.770925 0.810573 0.779736 0.819383 0.788546 0.819383 0.792952 0.814978 0.792952 0.810573 0.801762 0.801762 0.801762 0.797357
0 0.422908 0.731278 0.418502 0.735683 0.418502 0.740088 0.422908 0.744493 0.422908 0.753304 0.418502 0.757709 0.414097 0.757709 0.409692 0.762115 0.409692 0.775330 0.414097 0.779736 0.422908 0.779736 0.431718 0.770925 0.431718 0.762115 0.422908 0.753304 0.422908 0.744493 0.427313 0.740088 0.427313 0.735683
0 0.731278 0.726872 0.726872 0.731278 0.726872 0.744493 0.731278 0.748899 0.731278 0.757709 0.726872 0.762115 0.731278 0.766520 0.731278 0.775330 0.735683 0.779736 0.740088 0.779736 0.744493 0.775330 0.744493 0.766520 0.748899 0.762115 0.744493 0.757709 0.744493 0.753304 0.740088 0.748899 0.740088 0.735683
0 0.497797 0.722467 0.493392 0.726872 0.488987 0.726872 0.484582 0.731278 0.484582 0.735683 0.480176 0.740088 0.480176 0.748899 0.475771 0.753304 0.471366 0.753304 0.462555 0.762115 0.462555 0.766520 0.458150 0.770925 0.462555 0.775330 0.466960 0.770925 0.471366 0.770925 0.475771 0.766520 0.475771 0.762115 0.480176 0.757709 0.484582 0.757709 0.488987 0.753304 0.493392 0.753304 0.506608 0.740088 0.506608 0.731278
0 0.806167 0.682819 0.801762 0.687225 0.801762 0.704846 0.806167 0.709251 0.810573 0.709251 0.814978 0.713656 0.819383 0.713656 0.823789 0.718062 0.828194 0.718062 0.837004 0.726872 0.841410 0.722467 0.841410 0.713656 0.845815 0.709251 0.845815 0.704846 0.841410 0.700441 0.832599 0.700441 0.828194 0.704846 0.823789 0.700441 0.819383 0.700441 0.810573 0.691630 0.810573 0.687225
0 0.647577 0.660793 0.656388 0.669604 0.660793 0.669604 0.674009 0.682819 0.678414 0.678414 0.682819 0.678414 0.687225 0.682819 0.696035 0.682819 0.700441 0.687225 0.704846 0.687225 0.709251 0.691630 0.718062 0.682819 0.718062 0.669604 0.713656 0.665198 0.713656 0.660793 0.709251 0.656388 0.704846 0.660793 0.700441 0.660793 0.696035 0.665198 0.691630 0.665198 0.687225 0.660793 0.674009 0.660793 0.669604 0.656388 0.660793 0.656388 0.656388 0.660793 0.651982 0.656388
0 0.339207 0.599119 0.334802 0.594714 0.286344 0.599119 0.277533 0.607930 0.277533 0.616740 0.286344 0.625551 0.286344 0.634361 0.264317 0.647577 0.255507 0.643172 0.242291 0.651982 0.229075 0.651982 0.220264 0.660793 0.202643 0.669604 0.176211 0.669604 0.167401 0.665198 0.158590 0.656388 0.158590 0.647577 0.149780 0.638767 0.132159 0.643172 0.118943 0.634361 0.105727 0.634361 0.101322 0.638767 0.066079 0.638767 0.061674 0.634361 0.030837 0.651982 0.035242 0.656388 0.052863 0.656388 0.066079 0.647577 0.070485 0.651982 0.074890 0.647577 0.088106 0.656388 0.088106 0.665198 0.074890 0.674009 0.070485 0.691630 0.044053 0.704846 0.035242 0.700441 0.030837 0.704846 0.000000 0.700441 0.000000 0.709251 0.013216 0.709251 0.017621 0.713656 0.030837 0.713656 0.035242 0.709251 0.044053 0.713656 0.048458 0.709251 0.057269 0.709251 0.074890 0.718062 0.079295 0.713656 0.079295 0.691630 0.083700 0.682819 0.101322 0.669604 0.123348 0.669604 0.127753 0.665198 0.132159 0.669604 0.136564 0.665198 0.154185 0.674009 0.162996 0.669604 0.180617 0.682819 0.185022 0.678414 0.202643 0.678414 0.207048 0.674009 0.211454 0.678414 0.220264 0.669604 0.246696 0.656388 0.264317 0.656388 0.268722 0.651982 0.290749 0.647577 0.303965 0.638767 0.317181 0.638767 0.321586 0.634361 0.317181 0.629956 0.317181 0.621145 0.325991 0.612335 0.330396 0.612335
0 0.621145 0.581498 0.616740 0.585903 0.616740 0.590308 0.625551 0.599119 0.625551 0.603524 0.629956 0.607930 0.638767 0.607930 0.643172 0.603524 0.643172 0.590308 0.638767 0.585903 0.634361 0.585903 0.629956 0.581498
0 0.916300 0.563877 0.907489 0.563877 0.903084 0.568282 0.898678 0.568282 0.885463 0.581498 0.885463 0.585903 0.894273 0.594714 0.898678 0.594714 0.907489 0.603524 0.907489 0.625551 0.903084 0.629956 0.898678 0.629956 0.894273 0.634361 0.894273 0.647577 0.898678 0.651982 0.903084 0.651982 0.911894 0.643172 0.911894 0.634361 0.925110 0.621145 0.925110 0.612335 0.916300 0.603524 0.911894 0.603524 0.907489 0.599119 0.907489 0.585903 0.911894 0.581498 0.911894 0.577093 0.920705 0.568282
0 0.118943 0.550661 0.114537 0.546256 0.110132 0.546256 0.105727 0.550661 0.101322 0.550661 0.096916 0.555066 0.092511 0.555066 0.088106 0.559471 0.074890 0.559471 0.070485 0.563877 0.066079 0.559471 0.022026 0.559471 0.017621 0.555066 0.000000 0.555066 0.000000 0.563877 0.017621 0.563877 0.022026 0.568282 0.066079 0.568282 0.070485 0.572687 0.074890 0.568282 0.088106 0.568282 0.092511 0.563877 0.101322 0.563877 0.105727 0.559471 0.110132 0.559471
0 0.431718 0.484582 0.418502 0.497797 0.418502 0.515419 0.458150 0.546256 0.458150 0.555066 0.436123 0.572687 0.405286 0.568282 0.383260 0.581498 0.365639 0.577093 0.356828 0.590308 0.361233 0.594714 0.396476 0.590308 0.405286 0.581498 0.440529 0.568282 0.475771 0.581498 0.480176 0.572687 0.462555 0.559471 0.462555 0.550661 0.475771 0.541850 0.515419 0.559471 0.506608 0.585903 0.524229 0.594714 0.528634 0.590308 0.519824 0.581498 0.519824 0.563877 0.533040 0.555066 0.555066 0.572687 0.559471 0.594714 0.541850 0.612335 0.550661 0.621145 0.555066 0.638767 0.537445 0.651982 0.568282 0.669604 0.599119 0.713656 0.603524 0.744493 0.647577 0.814978 0.669604 0.867841 0.696035 0.898678 0.726872 0.960352 0.735683 0.995595 0.792952 0.995595 0.784141 0.973568 0.797357 0.964758 0.801762 0.969163 0.806167 0.955947 0.784141 0.929515 0.779736 0.911894 0.726872 0.854626 0.722467 0.832599 0.682819 0.775330 0.669604 0.726872 0.651982 0.700441 0.616740 0.674009 0.590308 0.616740 0.568282 0.590308 0.559471 0.555066 0.550661 0.546256 0.537445 0.550661 0.493392 0.541850 0.444934 0.524229
0 0.383260 0.488987 0.378855 0.484582 0.374449 0.488987 0.374449 0.497797 0.365639 0.506608 0.361233 0.506608 0.352423 0.515419 0.348018 0.515419 0.343612 0.519824 0.339207 0.519824 0.330396 0.528634 0.325991 0.528634 0.321586 0.533040 0.312775 0.533040 0.308370 0.537445 0.290749 0.537445 0.286344 0.541850 0.277533 0.541850 0.259912 0.559471 0.255507 0.559471 0.251101 0.563877 0.246696 0.563877 0.242291 0.568282 0.229075 0.568282 0.224670 0.572687 0.220264 0.572687 0.215859 0.568282 0.211454 0.568282 0.207048 0.563877 0.202643 0.568282 0.198238 0.568282 0.193833 0.572687 0.189427 0.572687 0.185022 0.568282 0.180617 0.568282 0.176211 0.563877 0.171806 0.563877 0.167401 0.559471 0.162996 0.559471 0.154185 0.550661 0.149780 0.555066 0.149780 0.559471 0.158590 0.568282 0.162996 0.568282 0.171806 0.577093 0.185022 0.577093 0.189427 0.581498 0.198238 0.581498 0.202643 0.577093 0.207048 0.581498 0.229075 0.581498 0.233480 0.577093 0.242291 0.577093 0.246696 0.572687 0.251101 0.572687 0.255507 0.568282 0.264317 0.568282 0.277533 0.555066 0.281938 0.555066 0.286344 0.550661 0.290749 0.550661 0.295154 0.546256 0.308370 0.546256 0.312775 0.541850 0.321586 0.541850 0.325991 0.537445 0.330396 0.537445 0.334802 0.533040 0.339207 0.533040 0.343612 0.528634 0.348018 0.528634 0.352423 0.524229 0.356828 0.524229 0.370044 0.511013 0.374449 0.511013 0.378855 0.506608 0.378855 0.493392
0 0.497797 0.440529 0.484582 0.453745 0.506608 0.475771 0.511013 0.475771 0.515419 0.480176 0.519824 0.480176 0.524229 0.475771 0.524229 0.462555 0.519824 0.458150 0.519824 0.453745 0.515419 0.449339 0.515419 0.444934 0.511013 0.440529
0 0.638767 0.440529 0.634361 0.436123 0.625551 0.436123 0.621145 0.440529 0.612335 0.440529 0.607930 0.444934 0.603524 0.440529 0.594714 0.440529 0.590308 0.444934 0.590308 0.458150 0.581498 0.466960 0.581498 0.471366 0.572687 0.480176 0.568282 0.480176 0.563877 0.484582 0.563877 0.488987 0.559471 0.493392 0.559471 0.502203 0.563877 0.506608 0.577093 0.506608 0.581498 0.502203 0.581498 0.497797 0.599119 0.480176 0.599119 0.462555 0.603524 0.458150 0.607930 0.458150 0.612335 0.453745 0.616740 0.458150 0.625551 0.458150 0.638767 0.444934
0 0.132159 0.422908 0.123348 0.422908 0.118943 0.418502 0.110132 0.418502 0.105727 0.422908 0.101322 0.422908 0.092511 0.431718 0.092511 0.436123 0.083700 0.444934 0.083700 0.449339 0.074890 0.458150 0.074890 0.466960 0.079295 0.471366 0.079295 0.475771 0.083700 0.480176 0.096916 0.466960 0.096916 0.458150 0.114537 0.440529 0.118943 0.440529 0.123348 0.436123 0.127753 0.436123 0.136564 0.427313
0 0.942731 0.400881 0.938326 0.405286 0.938326 0.409692 0.933921 0.414097 0.938326 0.418502 0.938326 0.422908 0.942731 0.427313 0.942731 0.436123 0.951542 0.444934 0.951542 0.462555 0.955947 0.466960 0.960352 0.466960 0.969163 0.458150 0.964758 0.453745 0.964758 0.440529 0.951542 0.427313 0.951542 0.409692
0 0.427313 0.370044 0.418502 0.378855 0.418502 0.383260 0.422908 0.387665 0.431718 0.387665 0.436123 0.392070 0.440529 0.392070 0.444934 0.396476 0.444934 0.405286 0.453745 0.414097 0.462555 0.414097 0.466960 0.409692 0.466960 0.405286 0.453745 0.392070 0.449339 0.392070 0.440529 0.383260 0.440529 0.378855 0.436123 0.374449 0.431718 0.374449
0 0.903084 0.361233 0.898678 0.356828 0.889868 0.356828 0.885463 0.361233 0.881057 0.361233 0.876652 0.365639 0.872247 0.365639 0.867841 0.370044 0.863436 0.370044 0.859031 0.374449 0.854626 0.374449 0.850220 0.378855 0.828194 0.378855 0.823789 0.383260 0.819383 0.383260 0.814978 0.387665 0.810573 0.387665 0.806167 0.392070 0.801762 0.392070 0.797357 0.396476 0.792952 0.396476 0.788546 0.400881 0.779736 0.400881 0.775330 0.405286 0.770925 0.405286 0.766520 0.409692 0.762115 0.409692 0.757709 0.414097 0.744493 0.414097 0.735683 0.422908 0.735683 0.431718 0.740088 0.436123 0.757709 0.436123 0.762115 0.431718 0.775330 0.431718 0.779736 0.427313 0.779736 0.422908 0.784141 0.418502 0.784141 0.409692 0.788546 0.405286 0.792952 0.405286 0.797357 0.400881 0.801762 0.400881 0.806167 0.396476 0.810573 0.400881 0.819383 0.400881 0.823789 0.405286 0.828194 0.400881 0.837004 0.400881 0.841410 0.396476 0.854626 0.396476 0.859031 0.392070 0.863436 0.392070 0.867841 0.387665 0.872247 0.387665 0.881057 0.378855 0.885463 0.378855
0 0.559471 0.339207 0.563877 0.343612 0.568282 0.343612 0.572687 0.339207 0.577093 0.339207 0.581498 0.334802 0.585903 0.334802 0.590308 0.339207 0.594714 0.339207 0.599119 0.343612 0.612335 0.343612 0.616740 0.339207 0.621145 0.339207 0.629956 0.330396 0.625551 0.325991 0.603524 0.325991 0.599119 0.330396 0.594714 0.330396 0.590308 0.334802 0.585903 0.334802 0.581498 0.330396 0.577093 0.330396 0.572687 0.325991 0.568282 0.325991 0.563877 0.330396 0.563877 0.334802
0 0.215859 0.325991 0.211454 0.330396 0.211454 0.343612 0.215859 0.348018 0.220264 0.348018 0.233480 0.361233 0.233480 0.370044 0.237885 0.374449 0.242291 0.374449 0.246696 0.370044 0.246696 0.356828 0.255507 0.348018 0.259912 0.348018 0.264317 0.343612 0.264317 0.339207 0.259912 0.334802 0.255507 0.334802 0.251101 0.339207 0.246696 0.339207 0.242291 0.343612 0.233480 0.343612 0.229075 0.339207 0.224670 0.339207 0.220264 0.334802 0.220264 0.330396
0 0.303965 0.317181 0.308370 0.321586 0.312775 0.321586 0.317181 0.325991 0.321586 0.325991 0.325991 0.330396 0.330396 0.330396 0.339207 0.339207 0.343612 0.339207 0.352423 0.330396 0.343612 0.321586 0.339207 0.321586 0.334802 0.317181 0.330396 0.317181 0.325991 0.312775 0.321586 0.312775 0.317181 0.308370 0.312775 0.308370
0 0.471366 0.290749 0.462555 0.299559 0.475771 0.312775 0.475771 0.317181 0.480176 0.321586 0.488987 0.321586 0.497797 0.312775 0.493392 0.308370 0.493392 0.303965 0.484582 0.295154 0.475771 0.295154
0 0.925110 0.286344 0.920705 0.281938 0.903084 0.281938 0.898678 0.286344 0.894273 0.286344 0.889868 0.290749 0.889868 0.299559 0.885463 0.303965 0.889868 0.303965 0.894273 0.308370 0.903084 0.308370 0.911894 0.299559 0.916300 0.299559 0.925110 0.290749
0 0.524229 0.277533 0.519824 0.281938 0.519824 0.286344 0.524229 0.290749 0.524229 0.303965 0.528634 0.308370 0.528634 0.312775 0.537445 0.321586 0.541850 0.317181 0.541850 0.286344 0.533040 0.277533
0 0.030837 0.180617 0.026432 0.185022 0.030837 0.189427 0.030837 0.193833 0.035242 0.198238 0.035242 0.211454 0.030837 0.215859 0.035242 0.220264 0.039648 0.220264 0.044053 0.215859 0.044053 0.198238 0.048458 0.193833 0.048458 0.185022 0.044053 0.180617
0 0.594714 0.145374 0.590308 0.149780 0.590308 0.154185 0.577093 0.167401 0.585903 0.176211 0.585903 0.193833 0.590308 0.198238 0.590308 0.211454 0.585903 0.215859 0.585903 0.220264 0.590308 0.224670 0.594714 0.224670 0.599119 0.220264 0.599119 0.215859 0.590308 0.207048 0.590308 0.198238 0.594714 0.193833 0.594714 0.171806 0.599119 0.167401 0.599119 0.149780
0 0.559471 0.074890 0.555066 0.074890 0.550661 0.079295 0.546256 0.074890 0.537445 0.083700 0.537445 0.096916 0.546256 0.105727 0.550661 0.105727 0.555066 0.101322 0.559471 0.101322 0.563877 0.096916 0.563877 0.092511 0.568282 0.088106 0.568282 0.083700
