0 0.920705 0.942731 0.916300 0.947137 0.916300 0.964758 0.920705 0.969163 0.933921 0.969163 0.942731 0.960352 0.942731 0.955947 0.938326 0.951542 0.933921 0.951542 0.925110 0.942731
0 0.612335 0.947137 0.607930 0.942731 0.594714 0.942731 0.585903 0.951542 0.581498 0.951542 0.577093 0.955947 0.577093 0.960352 0.581498 0.964758 0.585903 0.964758 0.590308 0.960352 0.607930 0.960352 0.612335 0.955947
0 0.392070 0.942731 0.387665 0.947137 0.387665 0.951542 0.392070 0.955947 0.396476 0.955947 0.400881 0.960352 0.400881 0.969163 0.409692 0.977974 0.409692 0.982379 0.414097 0.986784 0.422908 0.986784 0.427313 0.982379 0.427313 0.973568 0.414097 0.960352 0.409692 0.960352
0 0.070485 0.942731 0.066079 0.942731 0.061674 0.947137 0.061674 0.951542 0.057269 0.955947 0.057269 0.973568 0.048458 0.982379 0.044053 0.982379 0.035242 0.991189 0.035242 0.995595 0.052863 0.995595 0.052863 0.982379 0.061674 0.973568 0.066079 0.973568 0.070485 0.969163 0.070485 0.960352 0.074890 0.955947 0.074890 0.947137
0 0.154185 0.942731 0.158590 0.947137 0.158590 0.955947 0.162996 0.960352 0.167401 0.955947 0.171806 0.955947 0.176211 0.951542 0.180617 0.951542 0.185022 0.947137 0.185022 0.942731 0.189427 0.938326 0.185022 0.933921 0.162996 0.933921
0 0.308370 0.916300 0.303965 0.911894 0.299559 0.916300 0.268722 0.916300 0.264317 0.920705 0.264317 0.925110 0.268722 0.929515 0.273128 0.929515 0.277533 0.933921 0.290749 0.933921 0.295154 0.938326 0.299559 0.938326 0.299559 0.933921 0.308370 0.925110
0 0.819383 0.889868 0.814978 0.885463 0.810573 0.885463 0.806167 0.881057 0.801762 0.885463 0.792952 0.885463 0.788546 0.889868 0.784141 0.889868 0.779736 0.894273 0.775330 0.889868 0.770925 0.889868 0.766520 0.885463 0.757709 0.885463 0.753304 0.889868 0.753304 0.903084 0.757709 0.907489 0.762115 0.907489 0.770925 0.898678 0.775330 0.898678 0.779736 0.894273 0.784141 0.898678 0.788546 0.898678 0.792952 0.903084 0.801762 0.903084 0.806167 0.898678 0.814978 0.898678 0.819383 0.894273
0 0.625551 0.885463 0.616740 0.876652 0.607930 0.876652 0.599119 0.885463 0.599119 0.889868 0.594714 0.894273 0.590308 0.894273 0.585903 0.898678 0.563877 0.898678 0.559471 0.903084 0.559471 0.911894 0.550661 0.920705 0.546256 0.920705 0.541850 0.925110 0.541850 0.933921 0.546256 0.938326 0.555066 0.929515 0.555066 0.920705 0.559471 0.916300 0.563877 0.916300 0.568282 0.911894 0.572687 0.911894 0.577093 0.916300 0.590308 0.916300 0.594714 0.911894 0.594714 0.907489 0.599119 0.903084 0.603524 0.903084 0.607930 0.898678 0.621145 0.898678 0.625551 0.894273
0 0.898678 0.854626 0.889868 0.854626 0.885463 0.859031 0.885463 0.863436 0.894273 0.872247 0.894273 0.881057 0.885463 0.889868 0.885463 0.911894 0.889868 0.916300 0.898678 0.907489 0.898678 0.903084 0.903084 0.898678 0.903084 0.885463 0.898678 0.881057 0.898678 0.872247 0.903084 0.867841 0.903084 0.859031
0 0.621145 0.850220 0.625551 0.854626 0.629956 0.854626 0.634361 0.850220 0.638767 0.854626 0.643172 0.854626 0.651982 0.863436 0.660793 0.863436 0.665198 0.859031 0.665198 0.850220 0.660793 0.845815 0.647577 0.845815 0.643172 0.850220 0.638767 0.845815 0.634361 0.845815 0.629956 0.841410
0 0.475771 0.832599 0.475771 0.837004 0.480176 0.841410 0.484582 0.841410 0.488987 0.845815 0.493392 0.841410 0.497797 0.841410 0.502203 0.845815 0.506608 0.845815 0.511013 0.850220 0.511013 0.859031 0.515419 0.863436 0.519824 0.863436 0.524229 0.859031 0.528634 0.859031 0.519824 0.850220 0.515419 0.850220 0.506608 0.841410 0.506608 0.832599 0.502203 0.828194 0.497797 0.828194 0.493392 0.823789 0.484582 0.823789
0 0.775330 0.832599 0.779736 0.837004 0.784141 0.837004 0.814978 0.867841 0.819383 0.863436 0.823789 0.863436 0.828194 0.859031 0.828194 0.854626 0.823789 0.850220 0.823789 0.845815 0.810573 0.832599 0.810573 0.828194 0.801762 0.819383 0.788546 0.819383
0 0.330396 0.819383 0.325991 0.823789 0.325991 0.828194 0.334802 0.837004 0.339207 0.837004 0.343612 0.841410 0.343612 0.850220 0.339207 0.854626 0.339207 0.863436 0.330396 0.872247 0.330396 0.881057 0.334802 0.885463 0.339207 0.885463 0.348018 0.876652 0.352423 0.876652 0.356828 0.872247 0.356828 0.867841 0.361233 0.863436 0.361233 0.859031 0.365639 0.854626 0.365639 0.850220 0.356828 0.841410 0.352423 0.841410 0.343612 0.832599 0.343612 0.828194 0.334802 0.819383
0 0.969163 0.814978 0.955947 0.828194 0.960352 0.832599 0.960352 0.841410 0.955947 0.845815 0.955947 0.850220 0.947137 0.859031 0.947137 0.872247 0.951542 0.876652 0.955947 0.876652 0.969163 0.863436 0.969163 0.854626 0.964758 0.850220 0.964758 0.841410 0.977974 0.828194 0.977974 0.823789
0 0.444934 0.806167 0.440529 0.810573 0.436123 0.810573 0.431718 0.814978 0.431718 0.832599 0.427313 0.837004 0.427313 0.850220 0.431718 0.854626 0.431718 0.863436 0.436123 0.867841 0.444934 0.859031 0.444934 0.850220 0.449339 0.845815 0.449339 0.832599 0.444934 0.828194 0.444934 0.814978 0.449339 0.810573
0 0.105727 0.806167 0.101322 0.806167 0.096916 0.810573 0.096916 0.819383 0.083700 0.832599 0.079295 0.832599 0.070485 0.841410 0.066079 0.841410 0.061674 0.845815 0.061674 0.850220 0.066079 0.854626 0.070485 0.850220 0.074890 0.850220 0.079295 0.845815 0.096916 0.845815 0.101322 0.841410 0.105727 0.841410 0.110132 0.837004 0.110132 0.828194 0.105727 0.823789
0 0.264317 0.801762 0.255507 0.810573 0.255507 0.819383 0.251101 0.823789 0.259912 0.832599 0.273128 0.832599 0.281938 0.823789 0.281938 0.810573 0.273128 0.801762
0 0.916300 0.801762 0.911894 0.797357 0.894273 0.797357 0.889868 0.801762 0.881057 0.801762 0.876652 0.806167 0.876652 0.810573 0.872247 0.814978 0.872247 0.819383 0.867841 0.823789 0.876652 0.832599 0.881057 0.832599 0.894273 0.819383 0.898678 0.819383 0.903084 0.814978 0.911894 0.814978 0.916300 0.810573
0 0.568282 0.792952 0.563877 0.797357 0.559471 0.797357 0.555066 0.801762 0.555066 0.806167 0.559471 0.810573 0.563877 0.806167 0.568282 0.806167 0.572687 0.810573 0.577093 0.810573 0.581498 0.814978 0.581498 0.828194 0.577093 0.832599 0.572687 0.832599 0.546256 0.859031 0.541850 0.859031 0.546256 0.859031 0.550661 0.863436 0.555066 0.859031 0.563877 0.859031 0.568282 0.854626 0.572687 0.854626 0.577093 0.850220 0.581498 0.850220 0.590308 0.841410 0.590308 0.832599 0.585903 0.828194 0.585903 0.814978 0.590308 0.810573 0.590308 0.806167 0.585903 0.801762 0.581498 0.801762 0.577093 0.797357 0.572687 0.797357
0 0.083700 0.770925 0.101322 0.788546 0.105727 0.788546 0.110132 0.792952 0.114537 0.792952 0.127753 0.779736 0.127753 0.775330 0.118943 0.766520 0.110132 0.766520 0.105727 0.762115 0.096916 0.762115 0.092511 0.766520 0.088106 0.766520
0 0.211454 0.757709 0.207048 0.762115 0.211454 0.766520 0.211454 0.770925 0.215859 0.775330 0.215859 0.788546 0.220264 0.792952 0.224670 0.792952 0.237885 0.779736 0.237885 0.775330 0.233480 0.770925 0.233480 0.766520 0.224670 0.757709
0 0.625551 0.748899 0.621145 0.753304 0.621145 0.770925 0.625551 0.775330 0.629956 0.775330 0.647577 0.792952 0.651982 0.792952 0.656388 0.788546 0.656388 0.784141 0.660793 0.779736 0.643172 0.762115 0.643172 0.757709 0.638767 0.753304 0.634361 0.753304 0.629956 0.748899
0 0.969163 0.740088 0.964758 0.744493 0.964758 0.753304 0.960352 0.757709 0.955947 0.757709 0.951542 0.762115 0.947137 0.762115 0.942731 0.766520 0.942731 0.775330 0.951542 0.784141 0.955947 0.784141 0.960352 0.779736 0.960352 0.770925 0.964758 0.766520 0.964758 0.757709 0.973568 0.748899 0.973568 0.744493
0 0.555066 0.726872 0.550661 0.726872 0.533040 0.744493 0.533040 0.753304 0.537445 0.757709 0.546256 0.757709 0.550661 0.753304 0.555066 0.753304 0.559471 0.748899 0.559471 0.731278
0 0.286344 0.709251 0.277533 0.718062 0.281938 0.722467 0.286344 0.722467 0.290749 0.726872 0.290749 0.740088 0.286344 0.744493 0.286344 0.748899 0.290749 0.753304 0.299559 0.753304 0.303965 0.757709 0.317181 0.744493 0.308370 0.735683 0.308370 0.718062 0.299559 0.709251
0 0.480176 0.687225 0.475771 0.691630 0.475771 0.700441 0.480176 0.704846 0.484582 0.704846 0.502203 0.722467 0.506608 0.722467 0.511013 0.718062 0.506608 0.713656 0.506608 0.700441 0.493392 0.687225
0 0.387665 0.682819 0.378855 0.691630 0.387665 0.700441 0.387665 0.709251 0.378855 0.718062 0.374449 0.718062 0.365639 0.726872 0.365639 0.731278 0.370044 0.735683 0.374449 0.735683 0.378855 0.740088 0.378855 0.748899 0.374449 0.753304 0.370044 0.753304 0.365639 0.757709 0.361233 0.753304 0.356828 0.757709 0.356828 0.792952 0.365639 0.801762 0.370044 0.797357 0.370044 0.788546 0.378855 0.779736 0.378855 0.766520 0.387665 0.757709 0.387665 0.753304 0.392070 0.748899 0.396476 0.748899 0.400881 0.744493 0.405286 0.744493 0.409692 0.740088 0.414097 0.740088 0.422908 0.731278 0.422908 0.726872 0.418502 0.722467 0.414097 0.726872 0.409692 0.726872 0.405286 0.722467 0.400881 0.722467 0.396476 0.718062 0.392070 0.718062 0.387665 0.713656 0.387665 0.700441 0.392070 0.696035 0.392070 0.687225
0 0.788546 0.669604 0.784141 0.669604 0.779736 0.674009 0.779736 0.682819 0.784141 0.687225 0.784141 0.696035 0.788546 0.700441 0.788546 0.704846 0.797357 0.713656 0.797357 0.718062 0.801762 0.722467 0.801762 0.740088 0.792952 0.748899 0.788546 0.748899 0.784141 0.753304 0.779736 0.753304 0.766520 0.766520 0.766520 0.770925 0.757709 0.779736 0.757709 0.784141 0.740088 0.801762 0.744493 0.806167 0.753304 0.806167 0.757709 0.801762 0.762115 0.801762 0.770925 0.792952 0.775330 0.792952 0.801762 0.766520 0.801762 0.757709 0.806167 0.753304 0.810573 0.753304 0.814978 0.748899 0.819383 0.748899 0.828194 0.740088 0.828194 0.735683 0.819383 0.726872 0.819383 0.718062 0.810573 0.709251 0.810573 0.704846 0.806167 0.700441 0.806167 0.696035 0.801762 0.691630 0.801762 0.687225 0.792952 0.678414 0.792952 0.674009
0 0.101322 0.550661 0.096916 0.546256 0.088106 0.555066 0.083700 0.555066 0.074890 0.563877 0.070485 0.563877 0.066079 0.568282 0.066079 0.572687 0.057269 0.581498 0.052863 0.581498 0.048458 0.585903 0.044053 0.585903 0.039648 0.590308 0.039648 0.594714 0.044053 0.599119 0.048458 0.599119 0.057269 0.590308 0.061674 0.590308 0.066079 0.585903 0.079295 0.585903 0.083700 0.581498 0.088106 0.581498 0.092511 0.577093 0.096916 0.577093 0.105727 0.568282 0.105727 0.559471 0.101322 0.555066
0 0.678414 0.519824 0.682819 0.524229 0.687225 0.524229 0.691630 0.519824 0.691630 0.511013 0.696035 0.506608 0.700441 0.506608 0.704846 0.502203 0.709251 0.506608 0.713656 0.506608 0.718062 0.502203 0.722467 0.502203 0.726872 0.506608 0.731278 0.506608 0.744493 0.519824 0.757709 0.506608 0.762115 0.506608 0.766520 0.502203 0.770925 0.502203 0.775330 0.497797 0.779736 0.502203 0.784141 0.497797 0.779736 0.493392 0.775330 0.497797 0.770925 0.493392 0.766520 0.493392 0.757709 0.502203 0.753304 0.502203 0.748899 0.506608 0.744493 0.502203 0.740088 0.502203 0.735683 0.497797 0.731278 0.502203 0.722467 0.502203 0.718062 0.497797 0.713656 0.497797 0.709251 0.493392 0.704846 0.493392 0.700441 0.497797 0.700441 0.502203 0.696035 0.506608 0.691630 0.506608 0.687225 0.511013 0.682819 0.511013 0.678414 0.515419
0 0.995595 0.484582 0.986784 0.480176 0.977974 0.506608 0.951542 0.519824 0.951542 0.537445 0.933921 0.559471 0.916300 0.563877 0.894273 0.550661 0.881057 0.559471 0.863436 0.555066 0.832599 0.563877 0.810573 0.590308 0.788546 0.590308 0.753304 0.607930 0.718062 0.585903 0.691630 0.599119 0.665198 0.590308 0.634361 0.563877 0.603524 0.577093 0.585903 0.568282 0.555066 0.572687 0.511013 0.594714 0.466960 0.594714 0.436123 0.581498 0.396476 0.590308 0.308370 0.581498 0.277533 0.594714 0.268722 0.590308 0.202643 0.629956 0.171806 0.625551 0.136564 0.643172 0.096916 0.643172 0.066079 0.656388 0.000000 0.656388 0.000000 0.682819 0.048458 0.691630 0.083700 0.740088 0.105727 0.744493 0.207048 0.700441 0.251101 0.665198 0.273128 0.665198 0.334802 0.634361 0.405286 0.647577 0.418502 0.638767 0.480176 0.647577 0.511013 0.625551 0.541850 0.629956 0.555066 0.603524 0.581498 0.594714 0.599119 0.621145 0.568282 0.643172 0.603524 0.643172 0.629956 0.656388 0.621145 0.682819 0.585903 0.700441 0.599119 0.713656 0.621145 0.704846 0.634361 0.669604 0.629956 0.656388 0.643172 0.647577 0.704846 0.674009 0.726872 0.696035 0.735683 0.669604 0.762115 0.665198 0.784141 0.638767 0.828194 0.621145 0.867841 0.590308 0.960352 0.621145 0.964758 0.638767 0.947137 0.651982 0.942731 0.669604 0.973568 0.691630 0.982379 0.682819 0.977974 0.665198 0.995595 0.660793 0.995595 0.612335 0.947137 0.585903 0.942731 0.572687 0.955947 0.559471 0.951542 0.537445 0.977974 0.506608 0.995595 0.502203
0 0.290749 0.462555 0.286344 0.462555 0.277533 0.471366 0.273128 0.471366 0.268722 0.475771 0.255507 0.475771 0.251101 0.480176 0.251101 0.497797 0.246696 0.502203 0.246696 0.506608 0.242291 0.511013 0.237885 0.511013 0.233480 0.515419 0.229075 0.515419 0.224670 0.519824 0.224670 0.524229 0.220264 0.528634 0.220264 0.537445 0.224670 0.541850 0.233480 0.541850 0.237885 0.537445 0.237885 0.533040 0.242291 0.528634 0.242291 0.524229 0.259912 0.506608 0.259912 0.497797 0.273128 0.484582 0.277533 0.484582 0.281938 0.480176 0.290749 0.480176 0.299559 0.471366
0 0.634361 0.440529 0.629956 0.444934 0.634361 0.449339 0.634361 0.466960 0.621145 0.480176 0.621145 0.493392 0.629956 0.502203 0.629956 0.511013 0.621145 0.519824 0.625551 0.524229 0.638767 0.524229 0.647577 0.515419 0.643172 0.511013 0.638767 0.511013 0.634361 0.506608 0.634361 0.493392 0.647577 0.480176 0.647577 0.458150 0.643172 0.453745 0.643172 0.449339
0 0.118943 0.440529 0.114537 0.444934 0.110132 0.444934 0.101322 0.453745 0.101322 0.475771 0.105727 0.480176 0.114537 0.471366 0.118943 0.471366 0.123348 0.466960 0.123348 0.462555 0.127753 0.458150 0.127753 0.449339
0 0.859031 0.453745 0.863436 0.458150 0.872247 0.458150 0.876652 0.453745 0.881057 0.458150 0.894273 0.444934 0.898678 0.444934 0.903084 0.440529 0.916300 0.440529 0.920705 0.436123 0.925110 0.436123 0.929515 0.440529 0.933921 0.440529 0.947137 0.453745 0.951542 0.453745 0.955947 0.458150 0.960352 0.453745 0.960352 0.431718 0.955947 0.427313 0.947137 0.427313 0.938326 0.436123 0.933921 0.436123 0.929515 0.440529 0.925110 0.436123 0.920705 0.436123 0.911894 0.427313 0.911894 0.422908 0.903084 0.414097 0.894273 0.422908 0.894273 0.431718 0.885463 0.440529 0.881057 0.440529 0.876652 0.444934 0.867841 0.444934
0 0.612335 0.427313 0.607930 0.422908 0.594714 0.422908 0.590308 0.427313 0.585903 0.427313 0.581498 0.422908 0.577093 0.422908 0.568282 0.414097 0.559471 0.422908 0.559471 0.427313 0.555066 0.431718 0.550661 0.431718 0.546256 0.436123 0.541850 0.436123 0.519824 0.458150 0.519824 0.466960 0.524229 0.471366 0.537445 0.471366 0.541850 0.466960 0.546256 0.466960 0.563877 0.449339 0.563877 0.444934 0.572687 0.436123 0.577093 0.436123 0.581498 0.431718 0.585903 0.431718 0.590308 0.436123 0.599119 0.436123 0.603524 0.440529 0.607930 0.440529 0.612335 0.436123
0 0.414097 0.405286 0.409692 0.405286 0.405286 0.409692 0.400881 0.409692 0.392070 0.418502 0.392070 0.431718 0.396476 0.436123 0.409692 0.436123 0.414097 0.431718 0.414097 0.427313 0.418502 0.422908 0.418502 0.409692
0 0.145374 0.396476 0.140969 0.400881 0.140969 0.418502 0.145374 0.422908 0.145374 0.427313 0.154185 0.436123 0.162996 0.436123 0.167401 0.431718 0.167401 0.422908 0.158590 0.414097 0.154185 0.414097 0.149780 0.409692 0.149780 0.400881
0 0.198238 0.378855 0.198238 0.383260 0.193833 0.387665 0.207048 0.400881 0.207048 0.405286 0.215859 0.414097 0.215859 0.436123 0.220264 0.431718 0.224670 0.431718 0.229075 0.427313 0.229075 0.409692 0.233480 0.405286 0.220264 0.392070 0.215859 0.392070 0.207048 0.383260 0.202643 0.383260
0 0.920705 0.378855 0.925110 0.383260 0.964758 0.383260 0.969163 0.387665 0.977974 0.387665 0.982379 0.383260 0.995595 0.383260 0.995595 0.370044 0.955947 0.370044 0.951542 0.365639 0.938326 0.365639 0.933921 0.370044 0.929515 0.370044
0 0.321586 0.365639 0.317181 0.365639 0.308370 0.374449 0.308370 0.378855 0.295154 0.392070 0.295154 0.418502 0.290749 0.422908 0.290749 0.427313 0.295154 0.431718 0.299559 0.427313 0.303965 0.427313 0.308370 0.422908 0.308370 0.418502 0.312775 0.414097 0.312775 0.405286 0.317181 0.400881 0.317181 0.396476 0.321586 0.392070 0.321586 0.387665 0.325991 0.383260 0.325991 0.370044
0 0.110132 0.361233 0.105727 0.361233 0.096916 0.370044 0.092511 0.370044 0.083700 0.378855 0.079295 0.378855 0.061674 0.396476 0.061674 0.405286 0.057269 0.409692 0.057269 0.414097 0.061674 0.418502 0.061674 0.440529 0.070485 0.449339 0.074890 0.444934 0.074890 0.440529 0.079295 0.436123 0.079295 0.431718 0.074890 0.427313 0.074890 0.414097 0.079295 0.409692 0.079295 0.405286 0.083700 0.400881 0.083700 0.396476 0.088106 0.392070 0.088106 0.387665 0.092511 0.383260 0.096916 0.383260 0.114537 0.365639
0 0.753304 0.374449 0.744493 0.365639 0.744493 0.361233 0.735683 0.352423 0.726872 0.352423 0.722467 0.356828 0.722467 0.361233 0.718062 0.365639 0.713656 0.365639 0.709251 0.370044 0.704846 0.365639 0.696035 0.365639 0.687225 0.374449 0.687225 0.383260 0.696035 0.392070 0.713656 0.374449 0.718062 0.374449 0.722467 0.370044 0.726872 0.374449 0.744493 0.374449 0.748899 0.378855
0 0.198238 0.361233 0.193833 0.356828 0.189427 0.356828 0.185022 0.352423 0.176211 0.352423 0.167401 0.361233 0.162996 0.361233 0.158590 0.365639 0.154185 0.361233 0.145374 0.361233 0.140969 0.365639 0.140969 0.370044 0.149780 0.378855 0.158590 0.370044 0.162996 0.370044 0.167401 0.365639 0.185022 0.365639 0.189427 0.370044 0.193833 0.370044 0.193833 0.365639
0 0.572687 0.343612 0.585903 0.356828 0.590308 0.356828 0.594714 0.352423 0.599119 0.352423 0.603524 0.348018 0.607930 0.352423 0.612335 0.352423 0.616740 0.348018 0.612335 0.343612 0.607930 0.343612 0.603524 0.339207 0.577093 0.339207
0 0.295154 0.312775 0.295154 0.321586 0.303965 0.330396 0.308370 0.330396 0.312775 0.334802 0.325991 0.334802 0.330396 0.330396 0.330396 0.325991 0.317181 0.312775 0.312775 0.312775 0.308370 0.308370 0.299559 0.308370
0 0.889868 0.299559 0.881057 0.308370 0.881057 0.312775 0.885463 0.317181 0.894273 0.317181 0.898678 0.321586 0.903084 0.321586 0.911894 0.330396 0.911894 0.334802 0.920705 0.343612 0.925110 0.343612 0.929515 0.339207 0.929515 0.330396 0.925110 0.325991 0.920705 0.325991 0.911894 0.317181 0.911894 0.308370 0.903084 0.299559
0 0.687225 0.299559 0.674009 0.299559 0.665198 0.308370 0.660793 0.308370 0.647577 0.321586 0.647577 0.334802 0.656388 0.343612 0.665198 0.334802 0.665198 0.325991 0.674009 0.317181 0.678414 0.317181 0.682819 0.312775 0.687225 0.312775 0.691630 0.308370 0.691630 0.303965
0 0.374449 0.286344 0.370044 0.286344 0.356828 0.299559 0.361233 0.303965 0.370044 0.303965 0.374449 0.308370 0.378855 0.308370 0.383260 0.312775 0.383260 0.321586 0.374449 0.330396 0.370044 0.330396 0.365639 0.334802 0.361233 0.334802 0.352423 0.343612 0.352423 0.352423 0.356828 0.356828 0.370044 0.356828 0.383260 0.343612 0.383260 0.330396 0.387665 0.325991 0.387665 0.312775 0.392070 0.308370 0.378855 0.295154 0.378855 0.290749
0 0.599119 0.273128 0.594714 0.268722 0.577093 0.268722 0.572687 0.273128 0.568282 0.273128 0.563877 0.277533 0.559471 0.277533 0.555066 0.273128 0.550661 0.273128 0.546256 0.268722 0.541850 0.268722 0.537445 0.273128 0.533040 0.273128 0.519824 0.286344 0.515419 0.286344 0.506608 0.295154 0.506608 0.299559 0.502203 0.303965 0.502203 0.317181 0.506608 0.321586 0.515419 0.321586 0.519824 0.317181 0.519824 0.308370 0.528634 0.299559 0.533040 0.299559 0.537445 0.295154 0.541850 0.295154 0.555066 0.281938 0.559471 0.281938 0.563877 0.277533 0.568282 0.281938 0.572687 0.281938 0.577093 0.286344 0.581498 0.286344 0.585903 0.290749 0.590308 0.290749 0.599119 0.281938
0 0.788546 0.268722 0.784141 0.264317 0.770925 0.264317 0.753304 0.281938 0.748899 0.281938 0.744493 0.286344 0.740088 0.286344 0.731278 0.295154 0.731278 0.308370 0.735683 0.312775 0.740088 0.312775 0.748899 0.303965 0.748899 0.295154 0.753304 0.290749 0.757709 0.290749 0.762115 0.286344 0.766520 0.290749 0.770925 0.286344 0.775330 0.286344 0.784141 0.277533 0.784141 0.273128
0 0.938326 0.268722 0.942731 0.273128 0.951542 0.273128 0.955947 0.277533 0.960352 0.277533 0.964758 0.281938 0.964758 0.290749 0.969163 0.295154 0.969163 0.299559 0.977974 0.308370 0.995595 0.308370 0.995595 0.295154 0.991189 0.290749 0.986784 0.290749 0.977974 0.281938 0.973568 0.281938 0.969163 0.277533 0.969163 0.264317 0.964758 0.259912 0.947137 0.259912
0 0.110132 0.264317 0.110132 0.268722 0.114537 0.273128 0.118943 0.268722 0.136564 0.268722 0.140969 0.273128 0.145374 0.273128 0.149780 0.277533 0.154185 0.277533 0.167401 0.290749 0.180617 0.290749 0.185022 0.295154 0.189427 0.295154 0.202643 0.308370 0.207048 0.308370 0.211454 0.303965 0.211454 0.299559 0.202643 0.290749 0.198238 0.290749 0.189427 0.281938 0.189427 0.277533 0.180617 0.268722 0.167401 0.268722 0.162996 0.264317 0.158590 0.264317 0.149780 0.255507 0.118943 0.255507
0 0.321586 0.255507 0.317181 0.251101 0.299559 0.251101 0.286344 0.264317 0.281938 0.264317 0.273128 0.273128 0.273128 0.277533 0.268722 0.281938 0.268722 0.286344 0.264317 0.290749 0.259912 0.290749 0.255507 0.295154 0.251101 0.295154 0.246696 0.299559 0.246696 0.303965 0.255507 0.312775 0.259912 0.312775 0.273128 0.299559 0.277533 0.299559 0.295154 0.281938 0.295154 0.277533 0.299559 0.273128 0.303965 0.273128 0.308370 0.268722 0.317181 0.268722 0.321586 0.264317
0 0.462555 0.242291 0.449339 0.242291 0.444934 0.246696 0.440529 0.246696 0.436123 0.251101 0.436123 0.273128 0.444934 0.281938 0.449339 0.277533 0.453745 0.277533 0.458150 0.273128 0.458150 0.264317 0.462555 0.259912 0.462555 0.255507 0.466960 0.251101 0.466960 0.246696
0 0.638767 0.229075 0.634361 0.224670 0.629956 0.224670 0.621145 0.233480 0.616740 0.233480 0.612335 0.237885 0.607930 0.237885 0.603524 0.242291 0.612335 0.251101 0.634361 0.251101 0.638767 0.246696
0 0.176211 0.229075 0.176211 0.233480 0.185022 0.242291 0.189427 0.242291 0.193833 0.246696 0.207048 0.246696 0.211454 0.251101 0.224670 0.251101 0.229075 0.246696 0.233480 0.251101 0.237885 0.246696 0.237885 0.237885 0.233480 0.233480 0.233480 0.229075 0.229075 0.224670 0.224670 0.229075 0.220264 0.229075 0.215859 0.233480 0.198238 0.233480 0.193833 0.229075 0.185022 0.229075 0.180617 0.224670
0 0.299559 0.211454 0.299559 0.220264 0.303965 0.224670 0.308370 0.220264 0.312775 0.224670 0.317181 0.220264 0.325991 0.220264 0.330396 0.224670 0.334802 0.224670 0.339207 0.229075 0.343612 0.229075 0.348018 0.224670 0.352423 0.229075 0.356828 0.229075 0.365639 0.220264 0.365639 0.215859 0.361233 0.211454 0.352423 0.211454 0.343612 0.220264 0.339207 0.220264 0.334802 0.224670 0.330396 0.224670 0.325991 0.220264 0.321586 0.220264 0.312775 0.211454 0.312775 0.207048 0.308370 0.202643
0 0.237885 0.162996 0.229075 0.171806 0.229075 0.185022 0.242291 0.198238 0.242291 0.207048 0.246696 0.211454 0.251101 0.207048 0.255507 0.211454 0.259912 0.207048 0.251101 0.198238 0.251101 0.185022 0.255507 0.180617 0.255507 0.167401 0.251101 0.162996
0 0.766520 0.140969 0.762115 0.140969 0.757709 0.145374 0.757709 0.158590 0.748899 0.167401 0.744493 0.167401 0.740088 0.171806 0.740088 0.185022 0.726872 0.198238 0.726872 0.207048 0.731278 0.211454 0.731278 0.220264 0.718062 0.233480 0.722467 0.237885 0.726872 0.237885 0.731278 0.242291 0.735683 0.242291 0.740088 0.237885 0.735683 0.233480 0.735683 0.229075 0.731278 0.224670 0.731278 0.215859 0.744493 0.202643 0.744493 0.193833 0.748899 0.189427 0.748899 0.185022 0.762115 0.171806 0.757709 0.167401 0.757709 0.158590 0.770925 0.145374
0 0.537445 0.140969 0.533040 0.136564 0.519824 0.136564 0.515419 0.140969 0.515419 0.145374 0.488987 0.171806 0.484582 0.171806 0.475771 0.180617 0.475771 0.189427 0.471366 0.193833 0.466960 0.193833 0.462555 0.198238 0.458150 0.193833 0.440529 0.193833 0.436123 0.198238 0.436123 0.202643 0.444934 0.211454 0.453745 0.211454 0.462555 0.202643 0.462555 0.198238 0.466960 0.193833 0.471366 0.193833 0.475771 0.189427 0.480176 0.189427 0.484582 0.193833 0.488987 0.189427 0.493392 0.193833 0.502203 0.185022 0.506608 0.185022 0.511013 0.180617 0.511013 0.176211 0.515419 0.171806 0.515419 0.167401 0.524229 0.158590 0.528634 0.158590 0.533040 0.154185 0.533040 0.145374
0 0.881057 0.132159 0.876652 0.136564 0.876652 0.158590 0.889868 0.171806 0.898678 0.162996 0.898678 0.140969 0.889868 0.132159
0 0.383260 0.114537 0.378855 0.110132 0.374449 0.114537 0.370044 0.114537 0.365639 0.110132 0.361233 0.110132 0.356828 0.105727 0.352423 0.110132 0.348018 0.110132 0.343612 0.114537 0.339207 0.114537 0.330396 0.123348 0.330396 0.127753 0.334802 0.132159 0.339207 0.132159 0.348018 0.123348 0.352423 0.123348 0.356828 0.118943 0.361233 0.118943 0.365639 0.114537 0.370044 0.118943 0.374449 0.118943 0.378855 0.123348 0.383260 0.118943
0 0.462555 0.114537 0.466960 0.118943 0.475771 0.118943 0.480176 0.123348 0.484582 0.123348 0.497797 0.110132 0.488987 0.101322 0.471366 0.101322 0.462555 0.110132
0 0.017621 0.101322 0.017621 0.105727 0.026432 0.114537 0.030837 0.114537 0.035242 0.118943 0.044053 0.118943 0.048458 0.114537 0.052863 0.114537 0.057269 0.110132 0.057269 0.105727 0.052863 0.101322 0.048458 0.101322 0.044053 0.096916 0.039648 0.096916 0.035242 0.092511 0.026432 0.092511
0 0.599119 0.079295 0.590308 0.079295 0.585903 0.083700 0.581498 0.083700 0.572687 0.092511 0.572687 0.105727 0.581498 0.114537 0.585903 0.110132 0.590308 0.110132 0.599119 0.101322 0.599119 0.096916 0.603524 0.092511 0.603524 0.083700
0 0.162996 0.066079 0.154185 0.057269 0.149780 0.061674 0.145374 0.061674 0.140969 0.066079 0.136564 0.066079 0.123348 0.079295 0.132159 0.088106 0.140969 0.088106 0.145374 0.083700 0.149780 0.083700 0.158590 0.074890 0.158590 0.070485
0 0.537445 0.048458 0.533040 0.052863 0.533040 0.057269 0.528634 0.061674 0.528634 0.066079 0.524229 0.070485 0.519824 0.070485 0.515419 0.074890 0.506608 0.074890 0.502203 0.079295 0.506608 0.083700 0.511013 0.083700 0.515419 0.088106 0.519824 0.088106 0.528634 0.096916 0.528634 0.101322 0.537445 0.110132 0.541850 0.105727 0.541850 0.101322 0.537445 0.096916 0.537445 0.092511 0.533040 0.088106 0.533040 0.074890 0.546256 0.061674 0.546256 0.057269
0 0.643172 0.039648 0.638767 0.044053 0.634361 0.044053 0.629956 0.048458 0.629956 0.052863 0.625551 0.057269 0.625551 0.061674 0.629956 0.066079 0.638767 0.066079 0.643172 0.070485 0.651982 0.061674 0.651982 0.048458
0 0.110132 0.048458 0.105727 0.044053 0.101322 0.044053 0.096916 0.039648 0.092511 0.039648 0.088106 0.044053 0.083700 0.044053 0.079295 0.048458 0.079295 0.052863 0.083700 0.057269 0.083700 0.061674 0.088106 0.066079 0.092511 0.061674 0.101322 0.061674 0.105727 0.057269 0.105727 0.052863
0 0.819383 0.022026 0.814978 0.017621 0.810573 0.017621 0.801762 0.026432 0.801762 0.035242 0.792952 0.044053 0.788546 0.044053 0.784141 0.048458 0.779736 0.044053 0.748899 0.044053 0.744493 0.048458 0.740088 0.048458 0.735683 0.052863 0.740088 0.057269 0.740088 0.061674 0.744493 0.066079 0.757709 0.066079 0.762115 0.061674 0.775330 0.061674 0.779736 0.057269 0.784141 0.057269 0.788546 0.052863 0.792952 0.052863 0.797357 0.048458 0.810573 0.048458 0.814978 0.044053 0.814978 0.026432
0 0.960352 0.013216 0.955947 0.013216 0.951542 0.017621 0.947137 0.017621 0.942731 0.022026 0.942731 0.035242 0.920705 0.057269 0.929515 0.066079 0.933921 0.066079 0.938326 0.061674 0.942731 0.061674 0.969163 0.035242 0.969163 0.022026
0 0.268722 0.000000 0.259912 0.000000 0.259912 0.004405 0.255507 0.008811 0.251101 0.008811 0.242291 0.017621 0.242291 0.039648 0.233480 0.048458 0.233480 0.052863 0.237885 0.057269 0.246696 0.057269 0.251101 0.052863 0.251101 0.039648 0.255507 0.035242 0.259912 0.035242 0.273128 0.022026 0.273128 0.013216 0.268722 0.008811
