0 0.264317 0.955947 0.259912 0.951542 0.251101 0.951542 0.246696 0.955947 0.242291 0.955947 0.237885 0.960352 0.229075 0.960352 0.224670 0.964758 0.220264 0.964758 0.215859 0.960352 0.207048 0.960352 0.185022 0.982379 0.180617 0.982379 0.176211 0.986784 0.176211 0.995595 0.185022 0.995595 0.185022 0.986784 0.189427 0.982379 0.193833 0.982379 0.198238 0.977974 0.207048 0.977974 0.211454 0.973568 0.215859 0.977974 0.220264 0.977974 0.229075 0.986784 0.233480 0.982379 0.237885 0.982379 0.251101 0.969163 0.251101 0.964758 0.255507 0.960352 0.259912 0.960352
0 0.000000 0.951542 0.000000 0.969163 0.008811 0.969163 0.013216 0.973568 0.017621 0.973568 0.026432 0.982379 0.026432 0.995595 0.048458 0.995595 0.044053 0.991189 0.044053 0.973568 0.035242 0.964758 0.030837 0.964758 0.026432 0.960352 0.022026 0.960352 0.017621 0.955947 0.013216 0.955947 0.008811 0.951542
0 0.977974 0.955947 0.969163 0.947137 0.964758 0.951542 0.960352 0.947137 0.947137 0.947137 0.942731 0.951542 0.938326 0.951542 0.933921 0.955947 0.929515 0.955947 0.925110 0.960352 0.925110 0.964758 0.916300 0.973568 0.911894 0.973568 0.907489 0.977974 0.907489 0.982379 0.911894 0.986784 0.911894 0.995595 0.929515 0.995595 0.929515 0.977974 0.933921 0.973568 0.938326 0.973568 0.942731 0.969163 0.947137 0.969163 0.951542 0.973568 0.955947 0.969163 0.960352 0.969163 0.964758 0.964758 0.973568 0.964758 0.977974 0.960352
0 0.718062 0.955947 0.713656 0.951542 0.709251 0.951542 0.696035 0.938326 0.691630 0.938326 0.687225 0.942731 0.682819 0.942731 0.678414 0.947137 0.674009 0.947137 0.669604 0.951542 0.660793 0.951542 0.656388 0.955947 0.656388 0.960352 0.651982 0.964758 0.647577 0.964758 0.643172 0.969163 0.638767 0.964758 0.629956 0.964758 0.625551 0.969163 0.616740 0.969163 0.612335 0.964758 0.607930 0.969163 0.616740 0.977974 0.621145 0.973568 0.625551 0.977974 0.629956 0.977974 0.634361 0.982379 0.638767 0.982379 0.643172 0.977974 0.647577 0.977974 0.651982 0.982379 0.656388 0.982379 0.660793 0.986784 0.660793 0.995595 0.674009 0.995595 0.674009 0.977974 0.682819 0.969163 0.687225 0.969163 0.691630 0.964758 0.696035 0.964758 0.700441 0.960352 0.704846 0.960352 0.709251 0.964758
0 0.519824 0.929515 0.511013 0.938326 0.511013 0.947137 0.497797 0.960352 0.497797 0.964758 0.506608 0.973568 0.506608 0.977974 0.511013 0.982379 0.511013 0.995595 0.528634 0.995595 0.524229 0.991189 0.524229 0.986784 0.511013 0.973568 0.511013 0.960352 0.519824 0.951542 0.524229 0.951542 0.537445 0.938326 0.533040 0.933921 0.524229 0.933921
0 0.599119 0.907489 0.590308 0.916300 0.585903 0.916300 0.577093 0.925110 0.577093 0.929515 0.572687 0.933921 0.572687 0.938326 0.563877 0.947137 0.563877 0.969163 0.568282 0.973568 0.568282 0.986784 0.563877 0.991189 0.563877 0.995595 0.577093 0.995595 0.577093 0.955947 0.581498 0.951542 0.581498 0.947137 0.594714 0.933921 0.594714 0.929515 0.599119 0.925110 0.599119 0.916300 0.603524 0.911894
0 0.475771 0.903084 0.471366 0.903084 0.466960 0.907489 0.458150 0.907489 0.453745 0.903084 0.444934 0.911894 0.440529 0.911894 0.436123 0.916300 0.427313 0.916300 0.422908 0.911894 0.418502 0.916300 0.418502 0.920705 0.414097 0.925110 0.409692 0.925110 0.405286 0.929515 0.400881 0.929515 0.396476 0.933921 0.392070 0.933921 0.387665 0.938326 0.387665 0.955947 0.383260 0.960352 0.383260 0.995595 0.409692 0.995595 0.409692 0.973568 0.431718 0.951542 0.431718 0.942731 0.440529 0.933921 0.440529 0.929515 0.444934 0.925110 0.449339 0.925110 0.453745 0.920705 0.462555 0.920705 0.466960 0.925110 0.475771 0.916300
0 0.229075 0.911894 0.220264 0.903084 0.211454 0.911894 0.207048 0.911894 0.202643 0.916300 0.193833 0.916300 0.189427 0.911894 0.180617 0.911894 0.176211 0.916300 0.176211 0.920705 0.171806 0.925110 0.167401 0.925110 0.158590 0.933921 0.154185 0.933921 0.149780 0.938326 0.149780 0.955947 0.145374 0.960352 0.140969 0.960352 0.136564 0.964758 0.132159 0.960352 0.127753 0.960352 0.123348 0.955947 0.118943 0.955947 0.110132 0.964758 0.118943 0.973568 0.132159 0.973568 0.136564 0.969163 0.136564 0.964758 0.140969 0.960352 0.145374 0.960352 0.149780 0.955947 0.154185 0.960352 0.158590 0.955947 0.162996 0.955947 0.180617 0.938326 0.185022 0.938326 0.198238 0.925110 0.202643 0.925110 0.207048 0.920705 0.211454 0.925110 0.215859 0.925110 0.220264 0.929515 0.224670 0.929515 0.229075 0.925110
0 0.348018 0.898678 0.339207 0.898678 0.334802 0.903084 0.334802 0.911894 0.330396 0.916300 0.330396 0.925110 0.312775 0.942731 0.312775 0.960352 0.321586 0.969163 0.334802 0.969163 0.339207 0.973568 0.343612 0.969163 0.330396 0.955947 0.330396 0.929515 0.334802 0.925110 0.339207 0.925110 0.343612 0.920705 0.348018 0.920705 0.352423 0.916300 0.352423 0.903084
0 0.704846 0.885463 0.700441 0.881057 0.696035 0.885463 0.691630 0.881057 0.687225 0.885463 0.665198 0.885463 0.656388 0.894273 0.665198 0.903084 0.674009 0.903084 0.678414 0.898678 0.682819 0.898678 0.687225 0.894273 0.691630 0.894273 0.696035 0.889868 0.700441 0.889868
0 0.854626 0.876652 0.845815 0.876652 0.841410 0.881057 0.841410 0.889868 0.837004 0.894273 0.837004 0.911894 0.832599 0.916300 0.828194 0.916300 0.823789 0.920705 0.819383 0.920705 0.814978 0.925110 0.823789 0.933921 0.828194 0.933921 0.832599 0.929515 0.832599 0.925110 0.837004 0.920705 0.841410 0.920705 0.845815 0.916300 0.850220 0.916300 0.854626 0.920705 0.859031 0.916300 0.859031 0.911894 0.863436 0.907489 0.863436 0.885463
0 0.735683 0.872247 0.731278 0.876652 0.735683 0.881057 0.735683 0.885463 0.748899 0.898678 0.748899 0.907489 0.740088 0.916300 0.740088 0.925110 0.753304 0.938326 0.757709 0.938326 0.766520 0.947137 0.766520 0.955947 0.770925 0.960352 0.779736 0.960352 0.784141 0.955947 0.770925 0.942731 0.766520 0.942731 0.762115 0.938326 0.762115 0.925110 0.748899 0.911894 0.748899 0.898678 0.757709 0.889868 0.757709 0.885463 0.744493 0.872247
0 0.114537 0.872247 0.110132 0.876652 0.110132 0.881057 0.114537 0.885463 0.114537 0.889868 0.118943 0.894273 0.132159 0.894273 0.136564 0.889868 0.136564 0.876652 0.127753 0.867841 0.123348 0.867841 0.118943 0.872247
0 0.281938 0.850220 0.277533 0.854626 0.277533 0.881057 0.281938 0.885463 0.290749 0.885463 0.299559 0.876652 0.303965 0.876652 0.303965 0.872247 0.299559 0.872247 0.286344 0.859031 0.286344 0.854626
0 0.365639 0.850220 0.383260 0.867841 0.387665 0.867841 0.392070 0.872247 0.396476 0.872247 0.400881 0.876652 0.400881 0.881057 0.409692 0.889868 0.414097 0.889868 0.422908 0.881057 0.414097 0.872247 0.409692 0.872247 0.400881 0.863436 0.400881 0.859031 0.387665 0.845815 0.383260 0.845815 0.378855 0.841410 0.374449 0.845815 0.370044 0.845815
0 0.541850 0.832599 0.537445 0.837004 0.537445 0.850220 0.541850 0.854626 0.541850 0.863436 0.546256 0.867841 0.550661 0.867841 0.555066 0.872247 0.559471 0.867841 0.563877 0.867841 0.568282 0.863436 0.568282 0.850220 0.563877 0.850220 0.555066 0.841410 0.555066 0.837004 0.550661 0.832599 0.546256 0.837004
0 0.233480 0.841410 0.229075 0.837004 0.229075 0.832599 0.224670 0.832599 0.220264 0.837004 0.215859 0.837004 0.211454 0.841410 0.198238 0.841410 0.193833 0.837004 0.185022 0.837004 0.176211 0.845815 0.176211 0.850220 0.185022 0.859031 0.189427 0.859031 0.198238 0.850220 0.202643 0.850220 0.207048 0.845815 0.211454 0.850220 0.215859 0.850220 0.220264 0.854626 0.224670 0.854626 0.233480 0.845815
0 0.458150 0.832599 0.458150 0.841410 0.462555 0.845815 0.466960 0.841410 0.471366 0.841410 0.475771 0.837004 0.480176 0.841410 0.484582 0.841410 0.488987 0.845815 0.488987 0.854626 0.493392 0.859031 0.497797 0.859031 0.502203 0.863436 0.506608 0.863436 0.511013 0.859031 0.511013 0.841410 0.506608 0.837004 0.493392 0.837004 0.488987 0.841410 0.484582 0.841410 0.480176 0.837004 0.475771 0.837004 0.466960 0.828194 0.462555 0.828194
0 0.867841 0.814978 0.863436 0.819383 0.859031 0.819383 0.845815 0.832599 0.854626 0.841410 0.859031 0.841410 0.863436 0.845815 0.876652 0.845815 0.881057 0.850220 0.885463 0.850220 0.889868 0.854626 0.889868 0.863436 0.894273 0.867841 0.894273 0.872247 0.898678 0.876652 0.903084 0.876652 0.907489 0.881057 0.907489 0.889868 0.898678 0.898678 0.898678 0.903084 0.903084 0.907489 0.907489 0.907489 0.911894 0.903084 0.911894 0.898678 0.907489 0.894273 0.907489 0.885463 0.911894 0.881057 0.916300 0.881057 0.920705 0.876652 0.925110 0.876652 0.929515 0.872247 0.929515 0.867841 0.916300 0.854626 0.907489 0.854626 0.903084 0.850220 0.898678 0.854626 0.894273 0.854626 0.889868 0.850220 0.885463 0.850220 0.881057 0.845815 0.881057 0.828194
0 0.731278 0.819383 0.731278 0.828194 0.726872 0.832599 0.731278 0.832599 0.735683 0.837004 0.740088 0.837004 0.744493 0.832599 0.788546 0.832599 0.792952 0.837004 0.797357 0.837004 0.801762 0.841410 0.801762 0.850220 0.792952 0.859031 0.792952 0.872247 0.797357 0.876652 0.806167 0.876652 0.810573 0.872247 0.810573 0.867841 0.814978 0.863436 0.814978 0.845815 0.806167 0.837004 0.806167 0.828194 0.810573 0.823789 0.810573 0.810573 0.806167 0.806167 0.801762 0.810573 0.784141 0.810573 0.779736 0.806167 0.766520 0.806167 0.757709 0.814978 0.753304 0.814978 0.748899 0.819383 0.740088 0.819383 0.735683 0.814978
0 0.229075 0.801762 0.229075 0.814978 0.233480 0.819383 0.233480 0.823789 0.237885 0.823789 0.242291 0.819383 0.246696 0.819383 0.251101 0.814978 0.255507 0.814978 0.259912 0.819383 0.264317 0.819383 0.268722 0.823789 0.273128 0.823789 0.277533 0.819383 0.273128 0.814978 0.268722 0.814978 0.264317 0.819383 0.259912 0.814978 0.255507 0.814978 0.237885 0.797357 0.233480 0.797357
0 0.066079 0.801762 0.066079 0.828194 0.070485 0.832599 0.070485 0.845815 0.083700 0.859031 0.088106 0.859031 0.092511 0.863436 0.096916 0.859031 0.096916 0.854626 0.110132 0.841410 0.114537 0.841410 0.118943 0.837004 0.127753 0.837004 0.132159 0.841410 0.140969 0.832599 0.136564 0.828194 0.132159 0.828194 0.123348 0.819383 0.118943 0.819383 0.110132 0.828194 0.105727 0.828194 0.101322 0.832599 0.096916 0.832599 0.092511 0.828194 0.088106 0.828194 0.083700 0.823789 0.083700 0.819383 0.079295 0.814978 0.079295 0.801762 0.074890 0.797357 0.070485 0.797357
0 0.286344 0.775330 0.290749 0.779736 0.290749 0.788546 0.299559 0.797357 0.308370 0.797357 0.312775 0.792952 0.317181 0.792952 0.325991 0.784141 0.317181 0.775330 0.299559 0.775330 0.295154 0.770925 0.290749 0.770925
0 0.453745 0.753304 0.449339 0.757709 0.449339 0.766520 0.431718 0.784141 0.440529 0.792952 0.444934 0.792952 0.449339 0.797357 0.453745 0.797357 0.458150 0.801762 0.462555 0.801762 0.466960 0.797357 0.462555 0.792952 0.462555 0.788546 0.458150 0.784141 0.458150 0.757709
0 0.229075 0.753304 0.224670 0.753304 0.220264 0.757709 0.211454 0.757709 0.207048 0.762115 0.202643 0.762115 0.202643 0.770925 0.211454 0.779736 0.224670 0.779736 0.233480 0.770925 0.233480 0.757709
0 0.026432 0.735683 0.022026 0.735683 0.017621 0.740088 0.013216 0.740088 0.008811 0.744493 0.004405 0.744493 0.000000 0.748899 0.000000 0.757709 0.004405 0.757709 0.008811 0.762115 0.013216 0.762115 0.017621 0.766520 0.022026 0.766520 0.026432 0.762115 0.026432 0.757709 0.030837 0.753304 0.030837 0.744493 0.026432 0.740088
0 0.180617 0.722467 0.176211 0.726872 0.176211 0.748899 0.167401 0.757709 0.162996 0.757709 0.158590 0.762115 0.158590 0.770925 0.162996 0.775330 0.171806 0.775330 0.176211 0.770925 0.176211 0.762115 0.180617 0.757709 0.185022 0.757709 0.185022 0.748899 0.193833 0.740088 0.193833 0.731278 0.189427 0.726872 0.185022 0.726872
0 0.251101 0.726872 0.251101 0.740088 0.259912 0.748899 0.273128 0.748899 0.277533 0.744493 0.277533 0.740088 0.281938 0.735683 0.286344 0.735683 0.290749 0.731278 0.303965 0.731278 0.308370 0.735683 0.312775 0.735683 0.321586 0.744493 0.325991 0.744493 0.334802 0.753304 0.339207 0.753304 0.348018 0.762115 0.352423 0.762115 0.356828 0.766520 0.356828 0.770925 0.361233 0.775330 0.361233 0.784141 0.356828 0.788546 0.356828 0.797357 0.365639 0.806167 0.378855 0.806167 0.383260 0.801762 0.387665 0.806167 0.392070 0.806167 0.396476 0.810573 0.396476 0.819383 0.400881 0.823789 0.405286 0.823789 0.409692 0.819383 0.418502 0.819383 0.422908 0.814978 0.414097 0.806167 0.409692 0.810573 0.405286 0.806167 0.400881 0.810573 0.396476 0.810573 0.392070 0.806167 0.387665 0.806167 0.383260 0.801762 0.383260 0.792952 0.374449 0.784141 0.374449 0.779736 0.370044 0.775330 0.370044 0.766520 0.365639 0.762115 0.365639 0.753304 0.356828 0.744493 0.352423 0.748899 0.348018 0.744493 0.343612 0.744493 0.339207 0.740088 0.339207 0.735683 0.325991 0.722467 0.295154 0.722467 0.290749 0.726872 0.277533 0.726872 0.273128 0.722467 0.264317 0.722467 0.259912 0.718062
0 0.374449 0.731278 0.378855 0.735683 0.383260 0.735683 0.387665 0.731278 0.392070 0.731278 0.396476 0.726872 0.409692 0.726872 0.414097 0.722467 0.418502 0.726872 0.422908 0.726872 0.436123 0.740088 0.449339 0.726872 0.449339 0.722467 0.440529 0.713656 0.436123 0.718062 0.431718 0.718062 0.427313 0.722467 0.422908 0.718062 0.418502 0.718062 0.409692 0.709251 0.396476 0.709251 0.383260 0.722467 0.378855 0.722467 0.374449 0.726872
0 0.907489 0.638767 0.911894 0.643172 0.916300 0.643172 0.920705 0.647577 0.925110 0.647577 0.929515 0.651982 0.933921 0.651982 0.938326 0.656388 0.942731 0.656388 0.955947 0.669604 0.960352 0.665198 0.960352 0.660793 0.933921 0.634361 0.929515 0.634361 0.925110 0.629956 0.920705 0.634361 0.911894 0.634361
0 0.000000 0.629956 0.000000 0.651982 0.013216 0.651982 0.017621 0.647577 0.030837 0.647577 0.035242 0.651982 0.039648 0.651982 0.044053 0.656388 0.052863 0.656388 0.057269 0.660793 0.061674 0.656388 0.092511 0.656388 0.096916 0.651982 0.101322 0.651982 0.105727 0.656388 0.110132 0.656388 0.114537 0.660793 0.127753 0.660793 0.136564 0.651982 0.132159 0.647577 0.127753 0.647577 0.123348 0.643172 0.118943 0.647577 0.114537 0.647577 0.110132 0.651982 0.105727 0.647577 0.101322 0.647577 0.096916 0.643172 0.096916 0.638767 0.092511 0.634361 0.088106 0.638767 0.083700 0.638767 0.079295 0.643172 0.066079 0.643172 0.061674 0.638767 0.057269 0.638767 0.052863 0.634361 0.044053 0.634361 0.039648 0.638767 0.035242 0.638767 0.030837 0.643172 0.022026 0.643172 0.017621 0.638767 0.013216 0.638767 0.004405 0.629956
0 0.308370 0.590308 0.303965 0.585903 0.299559 0.585903 0.295154 0.581498 0.295154 0.577093 0.281938 0.563877 0.277533 0.568282 0.277533 0.594714 0.273128 0.599119 0.268722 0.599119 0.264317 0.603524 0.233480 0.603524 0.229075 0.607930 0.224670 0.607930 0.220264 0.603524 0.202643 0.603524 0.198238 0.607930 0.193833 0.607930 0.189427 0.612335 0.185022 0.607930 0.180617 0.607930 0.176211 0.612335 0.171806 0.607930 0.167401 0.607930 0.154185 0.594714 0.149780 0.599119 0.149780 0.603524 0.162996 0.616740 0.171806 0.616740 0.176211 0.621145 0.180617 0.616740 0.185022 0.616740 0.189427 0.621145 0.193833 0.616740 0.198238 0.616740 0.202643 0.612335 0.220264 0.612335 0.224670 0.616740 0.229075 0.616740 0.233480 0.612335 0.264317 0.612335 0.268722 0.607930 0.286344 0.607930 0.290749 0.603524 0.299559 0.603524 0.308370 0.594714
0 0.995595 0.550661 0.991189 0.555066 0.982379 0.555066 0.977974 0.559471 0.973568 0.559471 0.969163 0.563877 0.969163 0.568282 0.964758 0.572687 0.964758 0.581498 0.960352 0.585903 0.960352 0.594714 0.969163 0.603524 0.977974 0.603524 0.982379 0.599119 0.986784 0.599119 0.991189 0.594714 0.995595 0.594714 0.991189 0.590308 0.986784 0.590308 0.982379 0.585903 0.982379 0.568282 0.986784 0.563877 0.991189 0.563877 0.995595 0.559471
0 0.114537 0.550661 0.105727 0.559471 0.105727 0.563877 0.118943 0.577093 0.123348 0.572687 0.127753 0.577093 0.132159 0.572687 0.132159 0.559471 0.123348 0.550661
0 0.651982 0.559471 0.660793 0.568282 0.665198 0.563877 0.669604 0.563877 0.674009 0.568282 0.687225 0.568282 0.691630 0.572687 0.713656 0.572687 0.722467 0.563877 0.722467 0.559471 0.718062 0.555066 0.709251 0.555066 0.704846 0.559471 0.696035 0.559471 0.691630 0.555066 0.687225 0.555066 0.678414 0.546256 0.674009 0.546256 0.669604 0.550661 0.665198 0.550661 0.660793 0.555066 0.656388 0.555066
0 0.550661 0.546256 0.546256 0.550661 0.541850 0.550661 0.537445 0.555066 0.537445 0.568282 0.541850 0.572687 0.546256 0.572687 0.550661 0.577093 0.559471 0.568282 0.559471 0.555066
0 0.000000 0.687225 0.030837 0.704846 0.030837 0.726872 0.048458 0.718062 0.096916 0.748899 0.123348 0.748899 0.110132 0.722467 0.123348 0.704846 0.251101 0.700441 0.334802 0.656388 0.387665 0.687225 0.383260 0.656388 0.422908 0.660793 0.497797 0.740088 0.546256 0.744493 0.568282 0.726872 0.599119 0.744493 0.590308 0.775330 0.515419 0.788546 0.497797 0.810573 0.585903 0.801762 0.634361 0.766520 0.674009 0.792952 0.647577 0.823789 0.590308 0.832599 0.607930 0.872247 0.656388 0.828194 0.696035 0.850220 0.713656 0.832599 0.700441 0.806167 0.718062 0.784141 0.823789 0.766520 0.850220 0.788546 0.850220 0.753304 0.863436 0.744493 0.947137 0.779736 0.995595 0.823789 0.995595 0.806167 0.942731 0.766520 0.951542 0.744493 0.885463 0.709251 0.841410 0.713656 0.814978 0.696035 0.881057 0.643172 0.872247 0.607930 0.841410 0.621145 0.841410 0.651982 0.823789 0.669604 0.669604 0.713656 0.616740 0.643172 0.647577 0.625551 0.674009 0.634361 0.674009 0.607930 0.660793 0.599119 0.643172 0.629956 0.515419 0.612335 0.480176 0.563877 0.524229 0.524229 0.502203 0.541850 0.475771 0.537445 0.453745 0.568282 0.466960 0.590308 0.431718 0.603524 0.466960 0.616740 0.475771 0.651982 0.528634 0.678414 0.568282 0.669604 0.607930 0.704846 0.687225 0.731278 0.806167 0.713656 0.828194 0.740088 0.788546 0.766520 0.704846 0.779736 0.674009 0.757709 0.656388 0.766520 0.603524 0.713656 0.533040 0.718062 0.511013 0.735683 0.484582 0.713656 0.475771 0.674009 0.405286 0.643172 0.405286 0.616740 0.352423 0.643172 0.321586 0.621145 0.242291 0.665198 0.189427 0.656388 0.176211 0.696035
0 0.766520 0.511013 0.762115 0.515419 0.762115 0.519824 0.766520 0.524229 0.770925 0.524229 0.775330 0.528634 0.779736 0.528634 0.784141 0.533040 0.784141 0.546256 0.788546 0.550661 0.788546 0.555066 0.792952 0.559471 0.792952 0.563877 0.797357 0.568282 0.797357 0.577093 0.801762 0.581498 0.806167 0.581498 0.814978 0.572687 0.814978 0.559471 0.810573 0.555066 0.810573 0.550661 0.801762 0.541850 0.801762 0.537445 0.792952 0.528634 0.792952 0.524229 0.788546 0.519824 0.788546 0.515419 0.779736 0.506608 0.775330 0.511013
0 0.563877 0.511013 0.563877 0.524229 0.572687 0.533040 0.577093 0.533040 0.581498 0.537445 0.599119 0.537445 0.603524 0.533040 0.607930 0.537445 0.616740 0.537445 0.621145 0.541850 0.625551 0.541850 0.629956 0.537445 0.629956 0.533040 0.625551 0.528634 0.621145 0.528634 0.616740 0.524229 0.612335 0.528634 0.603524 0.528634 0.599119 0.524229 0.594714 0.524229 0.585903 0.515419 0.585903 0.511013 0.577093 0.502203 0.572687 0.502203
0 0.149780 0.493392 0.140969 0.484582 0.136564 0.484582 0.123348 0.471366 0.123348 0.466960 0.118943 0.462555 0.118943 0.458150 0.110132 0.449339 0.101322 0.449339 0.096916 0.453745 0.105727 0.462555 0.105727 0.466960 0.110132 0.471366 0.110132 0.480176 0.096916 0.493392 0.092511 0.493392 0.088106 0.497797 0.083700 0.493392 0.079295 0.493392 0.070485 0.484582 0.066079 0.484582 0.061674 0.488987 0.052863 0.488987 0.048458 0.493392 0.044053 0.493392 0.035242 0.502203 0.035242 0.506608 0.039648 0.511013 0.052863 0.511013 0.057269 0.515419 0.061674 0.515419 0.066079 0.511013 0.070485 0.511013 0.074890 0.506608 0.079295 0.506608 0.083700 0.502203 0.088106 0.506608 0.092511 0.506608 0.105727 0.519824 0.110132 0.519824 0.114537 0.524229 0.118943 0.524229 0.136564 0.506608 0.140969 0.506608 0.149780 0.497797
0 0.374449 0.431718 0.365639 0.431718 0.361233 0.427313 0.356828 0.427313 0.356828 0.431718 0.361233 0.436123 0.361233 0.449339 0.352423 0.458150 0.348018 0.458150 0.343612 0.462555 0.352423 0.471366 0.356828 0.471366 0.361233 0.466960 0.361233 0.462555 0.365639 0.458150 0.370044 0.458150 0.374449 0.453745 0.378855 0.453745 0.383260 0.449339 0.383260 0.444934 0.378855 0.440529 0.378855 0.436123
0 0.295154 0.418502 0.290749 0.418502 0.286344 0.422908 0.286344 0.431718 0.281938 0.436123 0.277533 0.436123 0.264317 0.444934 0.259912 0.440529 0.251101 0.440529 0.237885 0.449339 0.229075 0.449339 0.224670 0.444934 0.215859 0.444934 0.211454 0.449339 0.211454 0.458150 0.207048 0.462555 0.207048 0.466960 0.193833 0.475771 0.180617 0.466960 0.180617 0.453745 0.176211 0.449339 0.171806 0.453745 0.167401 0.449339 0.162996 0.453745 0.176211 0.466960 0.176211 0.480176 0.185022 0.493392 0.185022 0.519824 0.180617 0.524229 0.180617 0.528634 0.162996 0.546256 0.171806 0.555066 0.180617 0.546256 0.185022 0.546256 0.193833 0.537445 0.198238 0.537445 0.207048 0.524229 0.207048 0.511013 0.193833 0.497797 0.193833 0.475771 0.207048 0.466960 0.211454 0.466960 0.215859 0.471366 0.220264 0.471366 0.224670 0.466960 0.229075 0.466960 0.242291 0.458150 0.251101 0.458150 0.255507 0.453745 0.268722 0.453745 0.273128 0.458150 0.277533 0.458150 0.290749 0.471366 0.295154 0.466960 0.295154 0.462555 0.290749 0.458150 0.290749 0.436123 0.303965 0.427313
0 0.691630 0.383260 0.691630 0.400881 0.696035 0.405286 0.696035 0.418502 0.700441 0.422908 0.700441 0.431718 0.709251 0.440529 0.713656 0.440529 0.718062 0.444934 0.722467 0.444934 0.726872 0.449339 0.731278 0.449339 0.735683 0.453745 0.744493 0.453745 0.748899 0.458150 0.753304 0.458150 0.766520 0.471366 0.770925 0.471366 0.784141 0.484582 0.792952 0.484582 0.797357 0.480176 0.806167 0.480176 0.810573 0.484582 0.814978 0.484582 0.828194 0.497797 0.832599 0.497797 0.837004 0.493392 0.837004 0.480176 0.819383 0.462555 0.814978 0.462555 0.810573 0.458150 0.806167 0.458150 0.801762 0.453745 0.801762 0.449339 0.788546 0.436123 0.784141 0.436123 0.779736 0.431718 0.775330 0.431718 0.770925 0.436123 0.762115 0.436123 0.757709 0.440529 0.753304 0.440529 0.748899 0.444934 0.744493 0.440529 0.740088 0.440529 0.735683 0.436123 0.735683 0.418502 0.740088 0.414097 0.744493 0.414097 0.748899 0.409692 0.753304 0.409692 0.757709 0.414097 0.766520 0.414097 0.770925 0.409692 0.770925 0.400881 0.775330 0.396476 0.770925 0.392070 0.766520 0.392070 0.762115 0.387665 0.753304 0.387665 0.748899 0.383260 0.744493 0.383260 0.740088 0.378855 0.726872 0.378855 0.722467 0.374449 0.713656 0.374449 0.709251 0.370044 0.704846 0.374449 0.700441 0.374449
0 0.453745 0.370044 0.444934 0.378855 0.440529 0.378855 0.436123 0.383260 0.436123 0.387665 0.431718 0.392070 0.431718 0.396476 0.436123 0.400881 0.436123 0.414097 0.440529 0.418502 0.449339 0.418502 0.453745 0.414097 0.453745 0.405286 0.458150 0.400881 0.458150 0.374449
0 0.969163 0.361233 0.951542 0.370044 0.955947 0.392070 0.942731 0.400881 0.938326 0.396476 0.933921 0.400881 0.907489 0.400881 0.894273 0.392070 0.876652 0.396476 0.859031 0.387665 0.850220 0.392070 0.845815 0.400881 0.850220 0.405286 0.850220 0.414097 0.837004 0.422908 0.850220 0.431718 0.850220 0.444934 0.863436 0.453745 0.863436 0.462555 0.876652 0.471366 0.876652 0.484582 0.872247 0.488987 0.898678 0.502203 0.898678 0.519824 0.894273 0.524229 0.867841 0.537445 0.850220 0.528634 0.837004 0.541850 0.837004 0.550661 0.850220 0.563877 0.859031 0.559471 0.859031 0.550661 0.867841 0.541850 0.876652 0.537445 0.889868 0.541850 0.894273 0.533040 0.907489 0.524229 0.925110 0.533040 0.951542 0.533040 0.955947 0.528634 0.960352 0.533040 0.973568 0.533040 0.995595 0.515419 0.995595 0.506608 0.977974 0.493392 0.977974 0.475771 0.973568 0.471366 0.964758 0.471366 0.960352 0.475771 0.951542 0.475771 0.947137 0.471366 0.942731 0.475771 0.933921 0.475771 0.929515 0.471366 0.907489 0.488987 0.898678 0.484582 0.881057 0.466960 0.881057 0.458150 0.885463 0.453745 0.867841 0.440529 0.854626 0.436123 0.845815 0.427313 0.845815 0.418502 0.854626 0.409692 0.872247 0.405286 0.889868 0.414097 0.903084 0.436123 0.911894 0.440529 0.929515 0.436123 0.942731 0.422908 0.951542 0.400881 0.960352 0.392070 0.977974 0.383260 0.977974 0.370044
0 0.493392 0.339207 0.488987 0.343612 0.484582 0.343612 0.475771 0.352423 0.475771 0.365639 0.480176 0.365639 0.484582 0.370044 0.488987 0.370044 0.493392 0.374449 0.497797 0.374449 0.502203 0.378855 0.502203 0.396476 0.493392 0.405286 0.493392 0.409692 0.488987 0.414097 0.488987 0.422908 0.497797 0.431718 0.506608 0.431718 0.515419 0.422908 0.515419 0.418502 0.511013 0.414097 0.511013 0.409692 0.506608 0.405286 0.506608 0.396476 0.515419 0.387665 0.515419 0.383260 0.511013 0.378855 0.506608 0.378855 0.502203 0.374449 0.502203 0.352423 0.497797 0.348018 0.497797 0.343612
0 0.563877 0.334802 0.563877 0.339207 0.568282 0.339207 0.572687 0.343612 0.572687 0.361233 0.585903 0.374449 0.590308 0.374449 0.594714 0.378855 0.594714 0.418502 0.603524 0.427313 0.607930 0.427313 0.612335 0.431718 0.616740 0.427313 0.616740 0.400881 0.621145 0.396476 0.625551 0.396476 0.629956 0.392070 0.634361 0.396476 0.638767 0.396476 0.647577 0.405286 0.647577 0.436123 0.656388 0.444934 0.660793 0.444934 0.669604 0.436123 0.669604 0.418502 0.665198 0.414097 0.665198 0.409692 0.660793 0.405286 0.660793 0.400881 0.656388 0.396476 0.656388 0.392070 0.647577 0.383260 0.647577 0.370044 0.656388 0.361233 0.656388 0.356828 0.665198 0.348018 0.665198 0.343612 0.669604 0.339207 0.665198 0.334802 0.660793 0.334802 0.656388 0.330396 0.651982 0.330396 0.647577 0.334802 0.647577 0.339207 0.638767 0.348018 0.638767 0.352423 0.634361 0.356828 0.634361 0.361233 0.638767 0.365639 0.643172 0.365639 0.647577 0.370044 0.647577 0.378855 0.643172 0.383260 0.638767 0.383260 0.629956 0.392070 0.625551 0.392070 0.621145 0.396476 0.616740 0.392070 0.612335 0.392070 0.607930 0.387665 0.603524 0.387665 0.599119 0.383260 0.599119 0.370044 0.590308 0.361233 0.590308 0.334802 0.581498 0.325991 0.577093 0.325991 0.568282 0.334802
0 0.766520 0.308370 0.770925 0.312775 0.770925 0.321586 0.766520 0.325991 0.766520 0.334802 0.784141 0.352423 0.806167 0.352423 0.814978 0.343612 0.810573 0.339207 0.810573 0.330396 0.814978 0.325991 0.819383 0.325991 0.823789 0.321586 0.828194 0.325991 0.832599 0.325991 0.837004 0.330396 0.837004 0.339207 0.845815 0.348018 0.854626 0.348018 0.859031 0.343612 0.859031 0.339207 0.863436 0.334802 0.859031 0.330396 0.854626 0.330396 0.850220 0.325991 0.845815 0.325991 0.841410 0.321586 0.837004 0.321586 0.832599 0.317181 0.832599 0.308370 0.828194 0.303965 0.823789 0.303965 0.810573 0.317181 0.806167 0.317181 0.801762 0.321586 0.797357 0.317181 0.792952 0.317181 0.784141 0.308370 0.784141 0.303965 0.779736 0.299559 0.770925 0.308370
0 0.951542 0.303965 0.951542 0.312775 0.955947 0.317181 0.982379 0.317181 0.986784 0.312775 0.991189 0.312775 0.995595 0.308370 0.995595 0.303965 0.991189 0.299559 0.986784 0.299559 0.982379 0.295154 0.977974 0.295154 0.973568 0.290749 0.969163 0.290749 0.960352 0.299559 0.955947 0.299559
0 0.797357 0.268722 0.797357 0.273128 0.806167 0.281938 0.810573 0.281938 0.814978 0.286344 0.819383 0.286344 0.828194 0.277533 0.828194 0.264317 0.823789 0.264317 0.819383 0.268722 0.814978 0.264317 0.801762 0.264317
0 0.022026 0.251101 0.048458 0.277533 0.057269 0.277533 0.061674 0.273128 0.061674 0.255507 0.052863 0.246696 0.039648 0.246696 0.035242 0.251101 0.030837 0.251101 0.026432 0.246696
0 0.696035 0.242291 0.687225 0.251101 0.687225 0.259912 0.682819 0.264317 0.682819 0.273128 0.674009 0.281938 0.678414 0.286344 0.687225 0.286344 0.691630 0.290749 0.696035 0.286344 0.691630 0.281938 0.691630 0.268722 0.700441 0.259912 0.700441 0.246696
0 0.123348 0.215859 0.118943 0.220264 0.118943 0.242291 0.132159 0.268722 0.149780 0.286344 0.154185 0.308370 0.171806 0.317181 0.189427 0.339207 0.189427 0.348018 0.180617 0.361233 0.180617 0.378855 0.158590 0.392070 0.127753 0.392070 0.110132 0.378855 0.110132 0.370044 0.118943 0.361233 0.123348 0.343612 0.096916 0.317181 0.070485 0.317181 0.057269 0.312775 0.052863 0.317181 0.052863 0.330396 0.057269 0.334802 0.079295 0.330396 0.096916 0.343612 0.101322 0.378855 0.088106 0.396476 0.074890 0.400881 0.061674 0.392070 0.066079 0.370044 0.052863 0.365639 0.039648 0.374449 0.022026 0.374449 0.000000 0.392070 0.000000 0.440529 0.008811 0.436123 0.017621 0.440529 0.026432 0.458150 0.035242 0.458150 0.048458 0.444934 0.048458 0.440529 0.039648 0.444934 0.022026 0.431718 0.022026 0.418502 0.035242 0.409692 0.052863 0.418502 0.052863 0.431718 0.061674 0.427313 0.066079 0.431718 0.105727 0.400881 0.123348 0.396476 0.140969 0.409692 0.140969 0.418502 0.132159 0.427313 0.132159 0.436123 0.140969 0.440529 0.149780 0.431718 0.158590 0.400881 0.171806 0.392070 0.176211 0.396476 0.185022 0.392070 0.180617 0.387665 0.185022 0.374449 0.202643 0.370044 0.220264 0.356828 0.229075 0.361233 0.233480 0.356828 0.229075 0.348018 0.224670 0.352423 0.207048 0.348018 0.202643 0.343612 0.202643 0.321586 0.176211 0.290749 0.162996 0.290749 0.149780 0.281938 0.149780 0.259912 0.136564 0.246696 0.132159 0.224670
0 0.995595 0.229075 0.991189 0.233480 0.986784 0.233480 0.982379 0.237885 0.977974 0.237885 0.973568 0.233480 0.969163 0.233480 0.964758 0.229075 0.964758 0.224670 0.960352 0.220264 0.960352 0.215859 0.955947 0.211454 0.951542 0.215859 0.947137 0.211454 0.942731 0.211454 0.942731 0.237885 0.933921 0.246696 0.933921 0.259912 0.925110 0.268722 0.920705 0.268722 0.916300 0.273128 0.911894 0.268722 0.907489 0.268722 0.898678 0.259912 0.894273 0.264317 0.894273 0.268722 0.889868 0.273128 0.885463 0.273128 0.889868 0.273128 0.894273 0.277533 0.894273 0.290749 0.898678 0.295154 0.898678 0.308370 0.881057 0.325991 0.881057 0.330396 0.885463 0.330396 0.889868 0.334802 0.889868 0.339207 0.894273 0.343612 0.903084 0.343612 0.907489 0.339207 0.903084 0.334802 0.903084 0.308370 0.916300 0.295154 0.916300 0.273128 0.920705 0.268722 0.925110 0.268722 0.929515 0.264317 0.933921 0.268722 0.942731 0.268722 0.947137 0.264317 0.947137 0.259912 0.955947 0.251101 0.960352 0.251101 0.964758 0.246696 0.969163 0.246696 0.973568 0.242291 0.982379 0.242291 0.986784 0.246696 0.995595 0.246696
0 0.356828 0.220264 0.343612 0.220264 0.339207 0.215859 0.334802 0.215859 0.325991 0.207048 0.308370 0.224670 0.303965 0.224670 0.299559 0.229075 0.286344 0.229075 0.281938 0.233480 0.277533 0.233480 0.264317 0.242291 0.251101 0.242291 0.246696 0.246696 0.242291 0.246696 0.237885 0.242291 0.233480 0.246696 0.229075 0.242291 0.224670 0.246696 0.224670 0.251101 0.233480 0.259912 0.233480 0.290749 0.242291 0.299559 0.255507 0.299559 0.268722 0.308370 0.268722 0.330396 0.277533 0.339207 0.281938 0.339207 0.290749 0.330396 0.286344 0.325991 0.286344 0.303965 0.277533 0.295154 0.273128 0.299559 0.268722 0.295154 0.264317 0.295154 0.255507 0.286344 0.255507 0.273128 0.268722 0.264317 0.290749 0.264317 0.303965 0.251101 0.308370 0.251101 0.312775 0.246696 0.317181 0.246696 0.330396 0.255507 0.330396 0.264317 0.325991 0.268722 0.325991 0.277533 0.321586 0.281938 0.330396 0.295154 0.339207 0.286344 0.343612 0.286344 0.348018 0.281938 0.348018 0.273128 0.343612 0.268722 0.343612 0.264317 0.330396 0.255507 0.330396 0.242291 0.343612 0.233480 0.356828 0.233480 0.361233 0.229075 0.361233 0.224670
0 0.748899 0.202643 0.744493 0.198238 0.740088 0.202643 0.735683 0.202643 0.731278 0.207048 0.726872 0.207048 0.722467 0.211454 0.718062 0.207048 0.713656 0.207048 0.709251 0.202643 0.704846 0.202643 0.696035 0.211454 0.696035 0.220264 0.704846 0.229075 0.709251 0.224670 0.718062 0.224670 0.726872 0.215859 0.731278 0.215859 0.735683 0.211454 0.740088 0.211454
0 0.585903 0.193833 0.577093 0.202643 0.603524 0.229075 0.607930 0.229075 0.612335 0.233480 0.612335 0.255507 0.607930 0.259912 0.607930 0.268722 0.616740 0.277533 0.625551 0.277533 0.629956 0.273128 0.629956 0.264317 0.625551 0.259912 0.625551 0.237885 0.629956 0.233480 0.629956 0.229075 0.616740 0.215859 0.612335 0.215859 0.607930 0.211454 0.603524 0.211454
0 0.814978 0.185022 0.810573 0.189427 0.806167 0.189427 0.797357 0.198238 0.797357 0.202643 0.806167 0.211454 0.819383 0.211454 0.823789 0.207048 0.823789 0.193833
0 0.444934 0.176211 0.444934 0.180617 0.440529 0.185022 0.440529 0.189427 0.444934 0.193833 0.444934 0.207048 0.440529 0.211454 0.436123 0.211454 0.422908 0.224670 0.422908 0.237885 0.418502 0.242291 0.418502 0.251101 0.427313 0.259912 0.440529 0.251101 0.440529 0.246696 0.449339 0.233480 0.449339 0.224670 0.453745 0.220264 0.449339 0.215859 0.449339 0.207048 0.458150 0.198238 0.462555 0.198238 0.466960 0.193833 0.480176 0.202643 0.480176 0.211454 0.488987 0.220264 0.493392 0.215859 0.502203 0.215859 0.506608 0.220264 0.511013 0.220264 0.515419 0.224670 0.515419 0.233480 0.533040 0.251101 0.533040 0.259912 0.511013 0.273128 0.511013 0.281938 0.515419 0.286344 0.515419 0.295154 0.506608 0.303965 0.506608 0.312775 0.511013 0.317181 0.515419 0.317181 0.519824 0.312775 0.519824 0.290749 0.524229 0.286344 0.528634 0.286344 0.541850 0.277533 0.550661 0.277533 0.563877 0.286344 0.568282 0.286344 0.572687 0.281938 0.577093 0.286344 0.581498 0.281938 0.581498 0.277533 0.563877 0.259912 0.559471 0.259912 0.555066 0.264317 0.546256 0.264317 0.541850 0.259912 0.537445 0.259912 0.533040 0.255507 0.533040 0.246696 0.537445 0.242291 0.537445 0.233480 0.528634 0.224670 0.519824 0.224670 0.506608 0.215859 0.506608 0.207048 0.511013 0.202643 0.515419 0.202643 0.519824 0.198238 0.524229 0.202643 0.533040 0.193833 0.533040 0.180617 0.528634 0.176211 0.515419 0.189427 0.515419 0.198238 0.502203 0.207048 0.488987 0.198238 0.484582 0.198238 0.480176 0.202643 0.475771 0.198238 0.471366 0.198238 0.466960 0.193833 0.466960 0.185022 0.462555 0.180617 0.462555 0.176211 0.453745 0.167401
0 0.277533 0.176211 0.277533 0.180617 0.286344 0.189427 0.299559 0.189427 0.303965 0.193833 0.308370 0.193833 0.312775 0.189427 0.312775 0.180617 0.303965 0.171806 0.295154 0.171806 0.290749 0.167401 0.286344 0.167401
0 0.044053 0.171806 0.039648 0.167401 0.035242 0.167401 0.026432 0.176211 0.022026 0.176211 0.017621 0.180617 0.008811 0.180617 0.004405 0.176211 0.000000 0.176211 0.000000 0.193833 0.022026 0.193833 0.026432 0.189427 0.030837 0.189427 0.035242 0.185022 0.039648 0.185022 0.044053 0.180617
0 0.696035 0.149780 0.687225 0.149780 0.682819 0.154185 0.682819 0.180617 0.687225 0.185022 0.700441 0.171806 0.700441 0.154185
0 0.894273 0.145374 0.889868 0.149780 0.898678 0.158590 0.898678 0.162996 0.903084 0.167401 0.903084 0.180617 0.907489 0.185022 0.911894 0.185022 0.916300 0.180617 0.916300 0.171806 0.911894 0.167401 0.911894 0.158590 0.907489 0.154185 0.907489 0.149780 0.903084 0.145374
0 0.744493 0.145374 0.740088 0.149780 0.740088 0.154185 0.762115 0.176211 0.766520 0.176211 0.770925 0.171806 0.770925 0.162996 0.753304 0.145374
0 0.167401 0.145374 0.162996 0.149780 0.162996 0.167401 0.180617 0.185022 0.180617 0.193833 0.189427 0.202643 0.198238 0.202643 0.207048 0.193833 0.198238 0.185022 0.193833 0.185022 0.189427 0.180617 0.189427 0.176211 0.185022 0.171806 0.185022 0.167401 0.176211 0.158590 0.176211 0.149780 0.171806 0.145374
0 0.497797 0.127753 0.493392 0.123348 0.488987 0.123348 0.484582 0.118943 0.475771 0.118943 0.471366 0.123348 0.466960 0.123348 0.462555 0.127753 0.458150 0.127753 0.453745 0.132159 0.453745 0.136564 0.449339 0.140969 0.462555 0.154185 0.466960 0.149780 0.475771 0.149780
0 0.114537 0.110132 0.105727 0.110132 0.101322 0.114537 0.101322 0.118943 0.096916 0.123348 0.096916 0.140969 0.101322 0.145374 0.101322 0.158590 0.096916 0.162996 0.092511 0.162996 0.088106 0.167401 0.074890 0.167401 0.070485 0.171806 0.079295 0.180617 0.088106 0.180617 0.092511 0.176211 0.110132 0.176211 0.114537 0.171806 0.114537 0.162996 0.110132 0.158590 0.110132 0.132159 0.118943 0.123348 0.118943 0.114537
0 0.546256 0.101322 0.537445 0.110132 0.537445 0.118943 0.541850 0.123348 0.555066 0.123348 0.559471 0.118943 0.563877 0.118943 0.568282 0.123348 0.572687 0.123348 0.577093 0.127753 0.577093 0.145374 0.568282 0.154185 0.568282 0.158590 0.563877 0.162996 0.559471 0.162996 0.555066 0.167401 0.555066 0.171806 0.559471 0.176211 0.572687 0.176211 0.577093 0.171806 0.577093 0.167401 0.585903 0.158590 0.590308 0.158590 0.594714 0.154185 0.594714 0.127753 0.590308 0.123348 0.590308 0.118943 0.585903 0.114537 0.581498 0.114537 0.577093 0.118943 0.572687 0.114537 0.568282 0.114537 0.559471 0.105727 0.555066 0.105727 0.550661 0.101322
0 0.418502 0.092511 0.400881 0.092511 0.387665 0.105727 0.396476 0.114537 0.400881 0.114537 0.405286 0.118943 0.422908 0.101322 0.422908 0.096916
0 0.863436 0.114537 0.863436 0.118943 0.867841 0.123348 0.872247 0.123348 0.876652 0.127753 0.881057 0.127753 0.898678 0.110132 0.903084 0.110132 0.907489 0.105727 0.911894 0.110132 0.916300 0.110132 0.933921 0.127753 0.933921 0.132159 0.947137 0.145374 0.951542 0.145374 0.955947 0.149780 0.955947 0.176211 0.960352 0.180617 0.986784 0.180617 0.991189 0.185022 0.995595 0.185022 0.995595 0.167401 0.991189 0.171806 0.986784 0.167401 0.982379 0.167401 0.977974 0.162996 0.973568 0.162996 0.964758 0.154185 0.960352 0.154185 0.955947 0.149780 0.955947 0.132159 0.947137 0.123348 0.947137 0.118943 0.942731 0.114537 0.942731 0.110132 0.933921 0.101322 0.929515 0.101322 0.925110 0.096916 0.920705 0.096916 0.916300 0.092511 0.911894 0.092511 0.898678 0.079295 0.894273 0.079295 0.889868 0.083700 0.889868 0.088106 0.885463 0.092511 0.885463 0.096916 0.876652 0.105727 0.872247 0.105727
0 0.264317 0.083700 0.259912 0.079295 0.255507 0.079295 0.251101 0.083700 0.211454 0.083700 0.207048 0.088106 0.202643 0.088106 0.198238 0.092511 0.198238 0.096916 0.193833 0.101322 0.202643 0.110132 0.211454 0.110132 0.215859 0.105727 0.220264 0.105727 0.224670 0.101322 0.259912 0.101322 0.264317 0.096916
0 0.000000 0.079295 0.004405 0.083700 0.008811 0.083700 0.013216 0.079295 0.026432 0.079295 0.030837 0.074890 0.030837 0.070485 0.035242 0.066079 0.030837 0.061674 0.000000 0.061674
0 0.317181 0.052863 0.308370 0.044053 0.303965 0.044053 0.299559 0.048458 0.295154 0.048458 0.286344 0.057269 0.286344 0.066079 0.290749 0.070485 0.303965 0.070485 0.317181 0.057269
0 0.123348 0.048458 0.123348 0.057269 0.127753 0.061674 0.132159 0.061674 0.136564 0.066079 0.140969 0.066079 0.149780 0.074890 0.154185 0.074890 0.158590 0.079295 0.162996 0.079295 0.171806 0.070485 0.167401 0.066079 0.167401 0.061674 0.149780 0.044053 0.127753 0.044053
0 0.753304 0.017621 0.748899 0.017621 0.735683 0.030837 0.735683 0.048458 0.740088 0.052863 0.740088 0.061674 0.735683 0.066079 0.735683 0.070485 0.731278 0.074890 0.731278 0.079295 0.735683 0.083700 0.740088 0.083700 0.748899 0.074890 0.748899 0.052863 0.753304 0.048458 0.753304 0.035242 0.757709 0.030837 0.757709 0.022026
0 0.343612 0.066079 0.348018 0.070485 0.348018 0.074890 0.352423 0.079295 0.356828 0.079295 0.361233 0.083700 0.374449 0.070485 0.374449 0.066079 0.383260 0.057269 0.383260 0.052863 0.392070 0.044053 0.396476 0.044053 0.400881 0.039648 0.405286 0.044053 0.414097 0.044053 0.418502 0.039648 0.427313 0.039648 0.431718 0.035242 0.436123 0.035242 0.440529 0.039648 0.444934 0.035242 0.449339 0.035242 0.453745 0.030837 0.471366 0.030837 0.480176 0.022026 0.480176 0.000000 0.444934 0.000000 0.444934 0.004405 0.440529 0.008811 0.440529 0.013216 0.436123 0.017621 0.431718 0.017621 0.427313 0.022026 0.422908 0.017621 0.414097 0.017621 0.405286 0.026432 0.405286 0.030837 0.400881 0.035242 0.396476 0.035242 0.392070 0.039648 0.387665 0.035242 0.383260 0.035242 0.374449 0.026432 0.374449 0.013216 0.378855 0.008811 0.374449 0.004405 0.374449 0.000000 0.365639 0.000000 0.365639 0.004405 0.361233 0.008811 0.356828 0.008811 0.352423 0.013216 0.352423 0.026432 0.348018 0.030837 0.348018 0.035242 0.343612 0.039648
0 0.105727 0.000000 0.092511 0.000000 0.092511 0.004405 0.083700 0.013216 0.083700 0.017621 0.074890 0.026432 0.074890 0.030837 0.061674 0.044053 0.061674 0.048458 0.070485 0.057269 0.074890 0.057269 0.079295 0.052863 0.079295 0.048458 0.101322 0.026432 0.101322 0.004405
