0 0.317181 0.964758 0.308370 0.964758 0.303965 0.969163 0.303965 0.973568 0.299559 0.977974 0.299559 0.995595 0.317181 0.995595 0.317181 0.982379 0.321586 0.977974 0.321586 0.969163
0 0.374449 0.920705 0.370044 0.920705 0.356828 0.933921 0.356828 0.942731 0.370044 0.955947 0.378855 0.947137 0.378855 0.925110
0 0.044053 0.920705 0.035242 0.920705 0.030837 0.916300 0.026432 0.920705 0.017621 0.920705 0.013216 0.925110 0.013216 0.929515 0.008811 0.933921 0.004405 0.933921 0.004405 0.938326 0.008811 0.938326 0.013216 0.942731 0.013216 0.955947 0.017621 0.960352 0.022026 0.955947 0.026432 0.955947 0.035242 0.947137 0.039648 0.947137 0.048458 0.938326 0.048458 0.933921 0.052863 0.929515
0 0.916300 0.881057 0.903084 0.894273 0.903084 0.903084 0.907489 0.907489 0.907489 0.911894 0.916300 0.920705 0.916300 0.925110 0.920705 0.929515 0.925110 0.925110 0.925110 0.911894 0.920705 0.907489 0.920705 0.881057
0 0.819383 0.881057 0.814978 0.885463 0.814978 0.894273 0.823789 0.903084 0.823789 0.911894 0.828194 0.916300 0.828194 0.933921 0.832599 0.938326 0.832599 0.942731 0.841410 0.951542 0.845815 0.951542 0.850220 0.947137 0.850220 0.938326 0.845815 0.933921 0.845815 0.929515 0.841410 0.925110 0.841410 0.911894 0.837004 0.907489 0.837004 0.903084 0.832599 0.898678 0.832599 0.889868 0.823789 0.881057
0 0.180617 0.867841 0.176211 0.872247 0.185022 0.881057 0.185022 0.903084 0.211454 0.929515 0.215859 0.929515 0.229075 0.916300 0.224670 0.911894 0.211454 0.911894 0.207048 0.907489 0.202643 0.907489 0.198238 0.903084 0.198238 0.898678 0.189427 0.889868 0.189427 0.872247 0.185022 0.867841
0 0.088106 0.867841 0.079295 0.876652 0.079295 0.881057 0.083700 0.885463 0.083700 0.889868 0.096916 0.903084 0.096916 0.916300 0.092511 0.920705 0.092511 0.929515 0.088106 0.933921 0.088106 0.951542 0.083700 0.955947 0.079295 0.955947 0.074890 0.960352 0.070485 0.960352 0.066079 0.964758 0.066079 0.995595 0.079295 0.995595 0.079295 0.982379 0.083700 0.977974 0.083700 0.960352 0.088106 0.955947 0.092511 0.955947 0.105727 0.942731 0.105727 0.907489 0.101322 0.903084 0.101322 0.885463 0.096916 0.881057 0.096916 0.876652
0 0.678414 0.837004 0.669604 0.845815 0.669604 0.850220 0.674009 0.854626 0.674009 0.894273 0.669604 0.898678 0.669604 0.911894 0.674009 0.916300 0.674009 0.920705 0.678414 0.925110 0.682819 0.925110 0.691630 0.933921 0.691630 0.964758 0.687225 0.969163 0.687225 0.977974 0.691630 0.982379 0.696035 0.982379 0.704846 0.991189 0.704846 0.995595 0.713656 0.995595 0.704846 0.986784 0.704846 0.969163 0.713656 0.960352 0.713656 0.951542 0.709251 0.947137 0.709251 0.942731 0.704846 0.938326 0.700441 0.938326 0.696035 0.933921 0.696035 0.911894 0.691630 0.907489 0.691630 0.876652 0.696035 0.872247 0.696035 0.863436 0.691630 0.859031 0.691630 0.854626 0.687225 0.850220 0.687225 0.845815
0 0.127753 0.837004 0.123348 0.841410 0.123348 0.845815 0.132159 0.854626 0.136564 0.854626 0.140969 0.859031 0.140969 0.872247 0.127753 0.885463 0.136564 0.894273 0.140969 0.889868 0.149780 0.889868 0.154185 0.885463 0.149780 0.881057 0.149780 0.867841 0.154185 0.863436 0.154185 0.859031 0.132159 0.837004
0 0.792952 0.819383 0.784141 0.828194 0.779736 0.828194 0.788546 0.837004 0.788546 0.841410 0.801762 0.854626 0.814978 0.841410 0.814978 0.832599 0.810573 0.828194 0.806167 0.828194 0.797357 0.819383
0 0.947137 0.806167 0.938326 0.814978 0.938326 0.828194 0.933921 0.832599 0.933921 0.859031 0.925110 0.867841 0.925110 0.872247 0.929515 0.872247 0.938326 0.863436 0.938326 0.854626 0.942731 0.850220 0.947137 0.850220 0.951542 0.845815 0.951542 0.837004 0.955947 0.832599 0.955947 0.819383 0.960352 0.814978 0.955947 0.810573 0.951542 0.810573
0 0.854626 0.797357 0.845815 0.806167 0.845815 0.828194 0.859031 0.841410 0.863436 0.841410 0.867841 0.845815 0.867841 0.854626 0.872247 0.859031 0.876652 0.854626 0.881057 0.859031 0.885463 0.854626 0.885463 0.850220 0.907489 0.828194 0.898678 0.819383 0.898678 0.814978 0.889868 0.806167 0.885463 0.806167 0.876652 0.797357
0 0.651982 0.797357 0.643172 0.806167 0.638767 0.806167 0.629956 0.814978 0.629956 0.819383 0.638767 0.828194 0.643172 0.828194 0.656388 0.814978 0.656388 0.801762
0 0.810573 0.740088 0.806167 0.744493 0.806167 0.748899 0.801762 0.753304 0.801762 0.757709 0.792952 0.766520 0.788546 0.766520 0.784141 0.770925 0.775330 0.770925 0.770925 0.775330 0.770925 0.792952 0.775330 0.797357 0.779736 0.792952 0.784141 0.797357 0.788546 0.792952 0.788546 0.788546 0.797357 0.779736 0.797357 0.775330 0.819383 0.753304 0.819383 0.748899
0 0.004405 0.753304 0.008811 0.753304 0.013216 0.757709 0.022026 0.757709 0.026432 0.753304 0.035242 0.753304 0.039648 0.757709 0.044053 0.757709 0.052863 0.766520 0.057269 0.762115 0.057269 0.757709 0.048458 0.748899 0.044053 0.748899 0.039648 0.753304 0.035242 0.748899 0.030837 0.748899 0.026432 0.744493 0.026432 0.740088 0.022026 0.735683 0.017621 0.735683 0.013216 0.740088 0.013216 0.748899 0.008811 0.753304
0 0.255507 0.718062 0.251101 0.722467 0.251101 0.731278 0.246696 0.735683 0.246696 0.740088 0.255507 0.748899 0.259912 0.748899 0.264317 0.753304 0.268722 0.748899 0.268722 0.726872 0.264317 0.722467 0.259912 0.722467
0 0.753304 0.709251 0.748899 0.713656 0.748899 0.735683 0.753304 0.740088 0.762115 0.740088 0.766520 0.735683 0.766520 0.731278 0.770925 0.726872 0.770925 0.722467 0.775330 0.718062 0.766520 0.709251
0 0.678414 0.704846 0.674009 0.709251 0.674009 0.748899 0.669604 0.753304 0.669604 0.770925 0.674009 0.775330 0.678414 0.775330 0.682819 0.770925 0.687225 0.770925 0.691630 0.766520 0.687225 0.766520 0.682819 0.762115 0.682819 0.731278 0.687225 0.726872 0.687225 0.718062 0.682819 0.713656 0.682819 0.709251
0 0.066079 0.713656 0.070485 0.718062 0.070485 0.722467 0.074890 0.726872 0.079295 0.722467 0.083700 0.722467 0.088106 0.718062 0.092511 0.718062 0.096916 0.722467 0.101322 0.722467 0.114537 0.735683 0.114537 0.740088 0.118943 0.744493 0.118943 0.753304 0.127753 0.762115 0.132159 0.762115 0.140969 0.753304 0.127753 0.740088 0.123348 0.740088 0.118943 0.735683 0.118943 0.700441 0.114537 0.696035 0.105727 0.696035 0.101322 0.700441 0.101322 0.709251 0.096916 0.713656 0.092511 0.713656 0.088106 0.718062 0.083700 0.713656 0.079295 0.713656 0.074890 0.709251 0.070485 0.709251
0 0.312775 0.691630 0.308370 0.696035 0.317181 0.704846 0.317181 0.713656 0.330396 0.726872 0.330396 0.744493 0.334802 0.748899 0.334802 0.757709 0.330396 0.762115 0.330396 0.770925 0.325991 0.775330 0.330396 0.779736 0.348018 0.762115 0.348018 0.748899 0.352423 0.744493 0.352423 0.735683 0.348018 0.731278 0.348018 0.726872 0.343612 0.722467 0.343612 0.713656 0.339207 0.709251 0.339207 0.704846 0.334802 0.700441 0.330396 0.700441 0.325991 0.696035 0.317181 0.696035
0 0.907489 0.674009 0.894273 0.687225 0.894273 0.691630 0.898678 0.691630 0.903084 0.687225 0.907489 0.687225 0.911894 0.691630 0.916300 0.691630 0.920705 0.696035 0.920705 0.704846 0.916300 0.709251 0.920705 0.713656 0.920705 0.718062 0.925110 0.713656 0.929515 0.713656 0.933921 0.709251 0.938326 0.709251 0.942731 0.713656 0.947137 0.713656 0.955947 0.722467 0.955947 0.731278 0.947137 0.740088 0.942731 0.740088 0.938326 0.744493 0.933921 0.744493 0.929515 0.740088 0.925110 0.740088 0.916300 0.731278 0.911894 0.731278 0.907489 0.735683 0.916300 0.744493 0.920705 0.744493 0.925110 0.740088 0.929515 0.740088 0.933921 0.744493 0.938326 0.744493 0.947137 0.753304 0.947137 0.757709 0.951542 0.762115 0.951542 0.766520 0.955947 0.770925 0.955947 0.775330 0.964758 0.784141 0.969163 0.784141 0.977974 0.775330 0.977974 0.770925 0.982379 0.766520 0.977974 0.762115 0.977974 0.744493 0.973568 0.740088 0.973568 0.731278 0.969163 0.726872 0.969163 0.718062 0.964758 0.718062 0.960352 0.713656 0.960352 0.709251 0.942731 0.691630 0.938326 0.691630 0.933921 0.687225 0.929515 0.687225 0.925110 0.682819 0.920705 0.682819 0.911894 0.674009
0 0.167401 0.665198 0.162996 0.669604 0.162996 0.678414 0.167401 0.682819 0.167401 0.691630 0.171806 0.696035 0.171806 0.704846 0.167401 0.709251 0.167401 0.713656 0.162996 0.718062 0.162996 0.731278 0.171806 0.740088 0.171806 0.748899 0.167401 0.753304 0.167401 0.762115 0.171806 0.766520 0.171806 0.779736 0.176211 0.784141 0.180617 0.784141 0.189427 0.775330 0.189427 0.757709 0.176211 0.744493 0.176211 0.735683 0.180617 0.731278 0.180617 0.709251 0.189427 0.700441 0.189427 0.687225 0.180617 0.678414 0.180617 0.669604 0.176211 0.665198
0 0.718062 0.621145 0.713656 0.625551 0.713656 0.643172 0.709251 0.647577 0.709251 0.651982 0.704846 0.656388 0.704846 0.660793 0.700441 0.665198 0.704846 0.669604 0.718062 0.669604 0.726872 0.660793 0.726872 0.643172 0.722467 0.638767 0.722467 0.625551
0 0.872247 0.625551 0.850220 0.603524 0.845815 0.603524 0.841410 0.599119 0.837004 0.603524 0.832599 0.599119 0.828194 0.599119 0.823789 0.603524 0.814978 0.603524 0.810573 0.607930 0.806167 0.607930 0.801762 0.612335 0.797357 0.612335 0.792952 0.616740 0.788546 0.616740 0.775330 0.629956 0.775330 0.634361 0.779736 0.638767 0.779736 0.647577 0.784141 0.651982 0.784141 0.656388 0.788546 0.660793 0.806167 0.660793 0.810573 0.656388 0.814978 0.656388 0.819383 0.651982 0.823789 0.651982 0.828194 0.656388 0.832599 0.656388 0.837004 0.660793 0.845815 0.660793 0.850220 0.665198 0.867841 0.647577 0.867841 0.638767 0.872247 0.634361
0 0.568282 0.599119 0.555066 0.599119 0.550661 0.603524 0.550661 0.616740 0.546256 0.621145 0.546256 0.643172 0.541850 0.647577 0.541850 0.651982 0.546256 0.656388 0.546256 0.665198 0.550661 0.669604 0.550661 0.674009 0.559471 0.682819 0.563877 0.678414 0.563877 0.665198 0.555066 0.656388 0.555066 0.634361 0.559471 0.629956 0.563877 0.629956 0.568282 0.625551 0.568282 0.621145 0.572687 0.616740 0.572687 0.603524
0 0.057269 0.550661 0.048458 0.541850 0.030837 0.541850 0.026432 0.546256 0.026432 0.555066 0.017621 0.563877 0.013216 0.563877 0.008811 0.568282 0.004405 0.568282 0.008811 0.568282 0.013216 0.572687 0.013216 0.577093 0.017621 0.581498 0.026432 0.581498 0.030837 0.577093 0.030837 0.572687 0.035242 0.568282 0.039648 0.568282 0.044053 0.563877 0.048458 0.563877 0.057269 0.555066
0 0.678414 0.537445 0.674009 0.541850 0.674009 0.559471 0.678414 0.563877 0.678414 0.568282 0.687225 0.577093 0.691630 0.577093 0.700441 0.585903 0.704846 0.585903 0.709251 0.590308 0.709251 0.594714 0.718062 0.603524 0.722467 0.603524 0.726872 0.599119 0.726872 0.590308 0.722467 0.585903 0.718062 0.585903 0.713656 0.581498 0.709251 0.581498 0.696035 0.568282 0.696035 0.559471 0.691630 0.555066 0.691630 0.550661 0.687225 0.546256 0.687225 0.541850 0.682819 0.537445
0 0.295154 0.528634 0.290749 0.528634 0.286344 0.524229 0.277533 0.533040 0.277533 0.537445 0.273128 0.541850 0.273128 0.555066 0.264317 0.563877 0.259912 0.563877 0.255507 0.568282 0.255507 0.572687 0.251101 0.577093 0.251101 0.581498 0.246696 0.585903 0.255507 0.594714 0.259912 0.590308 0.268722 0.590308 0.273128 0.585903 0.273128 0.581498 0.277533 0.577093 0.273128 0.572687 0.273128 0.559471 0.277533 0.555066 0.281938 0.555066 0.286344 0.550661 0.290749 0.550661 0.295154 0.546256 0.295154 0.541850 0.299559 0.537445 0.299559 0.533040
0 0.083700 0.519824 0.079295 0.524229 0.088106 0.533040 0.088106 0.546256 0.092511 0.550661 0.092511 0.563877 0.096916 0.568282 0.096916 0.572687 0.101322 0.577093 0.114537 0.577093 0.118943 0.572687 0.118943 0.563877 0.101322 0.546256 0.101322 0.537445 0.096916 0.533040 0.096916 0.528634 0.088106 0.519824
0 0.193833 0.497797 0.189427 0.502203 0.189427 0.511013 0.202643 0.524229 0.211454 0.524229 0.215859 0.519824 0.215859 0.515419 0.211454 0.511013 0.211454 0.502203 0.207048 0.497797
0 0.876652 0.471366 0.867841 0.480176 0.867841 0.484582 0.863436 0.488987 0.863436 0.497797 0.859031 0.502203 0.859031 0.506608 0.863436 0.511013 0.863436 0.515419 0.872247 0.524229 0.876652 0.524229 0.881057 0.528634 0.881057 0.546256 0.876652 0.550661 0.876652 0.559471 0.881057 0.563877 0.881057 0.572687 0.876652 0.577093 0.885463 0.585903 0.889868 0.585903 0.894273 0.590308 0.898678 0.585903 0.898678 0.581498 0.889868 0.572687 0.889868 0.559471 0.894273 0.555066 0.894273 0.550661 0.898678 0.546256 0.898678 0.541850 0.889868 0.533040 0.885463 0.533040 0.881057 0.528634 0.881057 0.511013 0.885463 0.506608 0.885463 0.484582 0.881057 0.480176 0.881057 0.475771
0 0.819383 0.458150 0.806167 0.458150 0.788546 0.475771 0.788546 0.480176 0.784141 0.484582 0.784141 0.488987 0.779736 0.493392 0.779736 0.497797 0.788546 0.506608 0.797357 0.497797 0.801762 0.497797 0.810573 0.488987 0.810573 0.484582 0.823789 0.471366 0.823789 0.462555
0 0.070485 0.440529 0.061674 0.449339 0.061674 0.462555 0.070485 0.471366 0.070485 0.475771 0.074890 0.480176 0.088106 0.466960 0.092511 0.466960 0.092511 0.462555 0.088106 0.462555 0.083700 0.458150 0.083700 0.449339 0.079295 0.444934 0.074890 0.444934
0 0.387665 0.422908 0.383260 0.427313 0.370044 0.427313 0.365639 0.431718 0.365639 0.440529 0.374449 0.449339 0.374449 0.458150 0.378855 0.462555 0.383260 0.462555 0.387665 0.466960 0.392070 0.462555 0.392070 0.458150 0.396476 0.453745 0.396476 0.431718
0 0.123348 0.400881 0.114537 0.409692 0.114537 0.414097 0.110132 0.418502 0.110132 0.427313 0.118943 0.436123 0.118943 0.444934 0.110132 0.453745 0.110132 0.458150 0.105727 0.462555 0.101322 0.462555 0.101322 0.466960 0.105727 0.466960 0.110132 0.471366 0.118943 0.471366 0.123348 0.466960 0.127753 0.466960 0.132159 0.462555 0.136564 0.462555 0.140969 0.466960 0.145374 0.466960 0.158590 0.480176 0.158590 0.484582 0.162996 0.488987 0.162996 0.493392 0.167401 0.493392 0.171806 0.488987 0.176211 0.488987 0.176211 0.480176 0.171806 0.475771 0.167401 0.475771 0.162996 0.471366 0.162996 0.466960 0.154185 0.458150 0.154185 0.453745 0.149780 0.449339 0.145374 0.453745 0.140969 0.453745 0.136564 0.458150 0.132159 0.453745 0.127753 0.453745 0.118943 0.444934 0.118943 0.436123 0.123348 0.431718 0.123348 0.422908 0.127753 0.418502 0.127753 0.405286
0 0.008811 0.387665 0.004405 0.392070 0.000000 0.392070 0.000000 0.471366 0.008811 0.462555 0.013216 0.462555 0.017621 0.458150 0.017621 0.453745 0.022026 0.449339 0.022026 0.436123 0.026432 0.431718 0.026432 0.418502 0.022026 0.414097 0.022026 0.405286 0.013216 0.396476 0.013216 0.392070
0 0.691630 0.356828 0.682819 0.365639 0.682819 0.378855 0.669604 0.392070 0.669604 0.396476 0.674009 0.400881 0.674009 0.405286 0.682819 0.414097 0.687225 0.414097 0.696035 0.422908 0.704846 0.414097 0.704846 0.409692 0.700441 0.405286 0.700441 0.392070 0.696035 0.387665 0.696035 0.378855 0.700441 0.374449 0.700441 0.365639
0 0.898678 0.334802 0.894273 0.330396 0.881057 0.343612 0.876652 0.343612 0.872247 0.348018 0.867841 0.343612 0.863436 0.348018 0.859031 0.348018 0.850220 0.356828 0.845815 0.356828 0.841410 0.361233 0.841410 0.370044 0.845815 0.374449 0.850220 0.374449 0.854626 0.378855 0.859031 0.378855 0.872247 0.365639 0.872247 0.348018 0.876652 0.343612 0.881057 0.343612 0.885463 0.339207 0.889868 0.343612
0 0.361233 0.330396 0.352423 0.339207 0.352423 0.343612 0.356828 0.348018 0.356828 0.365639 0.352423 0.370044 0.352423 0.387665 0.348018 0.392070 0.348018 0.400881 0.352423 0.405286 0.356828 0.400881 0.356828 0.383260 0.361233 0.378855 0.361233 0.361233 0.365639 0.356828 0.370044 0.356828 0.378855 0.348018 0.378855 0.339207 0.374449 0.334802 0.365639 0.334802
0 0.784141 0.321586 0.784141 0.325991 0.779736 0.330396 0.779736 0.339207 0.784141 0.343612 0.784141 0.352423 0.788546 0.356828 0.792952 0.356828 0.797357 0.361233 0.801762 0.361233 0.806167 0.356828 0.806167 0.339207 0.788546 0.321586
0 0.286344 0.312775 0.277533 0.321586 0.277533 0.325991 0.273128 0.330396 0.273128 0.352423 0.268722 0.356828 0.277533 0.365639 0.281938 0.361233 0.281938 0.334802 0.286344 0.330396 0.286344 0.325991 0.290749 0.321586 0.290749 0.317181
0 0.885463 0.281938 0.876652 0.290749 0.876652 0.303965 0.885463 0.312775 0.889868 0.312775 0.894273 0.308370 0.898678 0.308370 0.903084 0.303965 0.903084 0.295154 0.898678 0.290749 0.894273 0.290749
0 0.977974 0.273128 0.964758 0.273128 0.960352 0.277533 0.960352 0.281938 0.955947 0.286344 0.955947 0.290749 0.951542 0.295154 0.951542 0.321586 0.947137 0.325991 0.947137 0.330396 0.938326 0.339207 0.938326 0.343612 0.933921 0.348018 0.933921 0.374449 0.929515 0.378855 0.929515 0.383260 0.916300 0.396476 0.916300 0.409692 0.907489 0.418502 0.907489 0.422908 0.903084 0.427313 0.903084 0.431718 0.907489 0.436123 0.920705 0.436123 0.925110 0.431718 0.925110 0.422908 0.929515 0.418502 0.929515 0.405286 0.933921 0.400881 0.933921 0.387665 0.942731 0.378855 0.942731 0.374449 0.960352 0.356828 0.960352 0.334802 0.964758 0.330396 0.964758 0.325991 0.969163 0.321586 0.969163 0.312775 0.973568 0.308370 0.973568 0.299559 0.977974 0.295154 0.977974 0.290749 0.982379 0.286344 0.982379 0.277533
0 0.511013 0.233480 0.506608 0.237885 0.506608 0.242291 0.502203 0.246696 0.502203 0.251101 0.497797 0.255507 0.493392 0.255507 0.488987 0.259912 0.484582 0.259912 0.480176 0.264317 0.484582 0.268722 0.484582 0.286344 0.488987 0.290749 0.488987 0.299559 0.484582 0.303965 0.480176 0.303965 0.471366 0.312775 0.471366 0.317181 0.466960 0.321586 0.471366 0.325991 0.484582 0.325991 0.488987 0.321586 0.488987 0.303965 0.497797 0.295154 0.497797 0.290749 0.502203 0.286344 0.502203 0.255507 0.515419 0.242291 0.515419 0.237885
0 0.696035 0.229075 0.691630 0.233480 0.691630 0.246696 0.696035 0.251101 0.696035 0.273128 0.700441 0.277533 0.700441 0.299559 0.704846 0.303965 0.709251 0.299559 0.709251 0.290749 0.713656 0.286344 0.713656 0.259912 0.704846 0.251101 0.704846 0.242291 0.700441 0.237885 0.700441 0.233480
0 0.449339 0.224670 0.444934 0.229075 0.444934 0.233480 0.440529 0.237885 0.436123 0.237885 0.431718 0.242291 0.431718 0.246696 0.427313 0.251101 0.427313 0.281938 0.431718 0.286344 0.440529 0.277533 0.440529 0.273128 0.444934 0.268722 0.444934 0.251101 0.449339 0.246696 0.449339 0.233480 0.453745 0.229075
0 0.286344 0.207048 0.281938 0.211454 0.281938 0.229075 0.286344 0.233480 0.286344 0.242291 0.277533 0.251101 0.277533 0.255507 0.281938 0.259912 0.281938 0.273128 0.286344 0.277533 0.290749 0.273128 0.290749 0.268722 0.295154 0.264317 0.299559 0.264317 0.299559 0.259912 0.295154 0.259912 0.290749 0.255507 0.290749 0.251101 0.286344 0.246696 0.286344 0.233480 0.295154 0.224670 0.295154 0.220264 0.290749 0.215859 0.290749 0.211454
0 0.929515 0.202643 0.929515 0.207048 0.933921 0.211454 0.938326 0.211454 0.942731 0.215859 0.947137 0.215859 0.960352 0.229075 0.964758 0.224670 0.973568 0.224670 0.977974 0.229075 0.982379 0.229075 0.991189 0.237885 0.995595 0.237885 0.995595 0.220264 0.986784 0.220264 0.982379 0.215859 0.977974 0.215859 0.973568 0.211454 0.969163 0.211454 0.964758 0.215859 0.960352 0.215859 0.955947 0.211454 0.951542 0.211454 0.938326 0.198238 0.933921 0.198238
0 0.171806 0.185022 0.167401 0.189427 0.167401 0.193833 0.162996 0.198238 0.162996 0.202643 0.167401 0.207048 0.189427 0.207048 0.193833 0.202643 0.193833 0.193833 0.185022 0.185022
0 0.832599 0.176211 0.828194 0.180617 0.832599 0.185022 0.832599 0.193833 0.828194 0.198238 0.828194 0.207048 0.832599 0.211454 0.837004 0.211454 0.841410 0.215859 0.845815 0.215859 0.854626 0.207048 0.854626 0.202643 0.850220 0.198238 0.850220 0.193833
0 0.127753 0.140969 0.123348 0.140969 0.114537 0.149780 0.114537 0.180617 0.118943 0.185022 0.123348 0.180617 0.127753 0.180617 0.132159 0.176211 0.132159 0.167401 0.136564 0.162996 0.136564 0.149780
0 0.850220 0.140969 0.863436 0.154185 0.867841 0.154185 0.872247 0.158590 0.876652 0.154185 0.889868 0.154185 0.894273 0.149780 0.885463 0.140969 0.876652 0.140969 0.872247 0.136564 0.854626 0.136564
0 0.585903 0.123348 0.572687 0.136564 0.568282 0.136564 0.563877 0.140969 0.559471 0.140969 0.550661 0.149780 0.555066 0.154185 0.563877 0.154185 0.568282 0.149780 0.572687 0.149780 0.577093 0.145374 0.581498 0.145374 0.585903 0.149780 0.590308 0.149780 0.594714 0.154185 0.599119 0.154185 0.603524 0.158590 0.603524 0.167401 0.599119 0.171806 0.603524 0.176211 0.603524 0.180617 0.607930 0.185022 0.607930 0.189427 0.612335 0.193833 0.612335 0.202643 0.616740 0.207048 0.621145 0.207048 0.625551 0.202643 0.625551 0.180617 0.612335 0.167401 0.612335 0.162996 0.607930 0.158590 0.607930 0.140969 0.599119 0.132159 0.594714 0.132159
0 0.647577 0.105727 0.643172 0.110132 0.643172 0.123348 0.660793 0.140969 0.660793 0.149780 0.669604 0.158590 0.674009 0.158590 0.682819 0.167401 0.687225 0.167401 0.696035 0.158590 0.682819 0.145374 0.682819 0.140969 0.674009 0.132159 0.674009 0.127753 0.665198 0.118943 0.665198 0.114537 0.656388 0.105727
0 0.784141 0.083700 0.775330 0.092511 0.775330 0.096916 0.762115 0.110132 0.757709 0.110132 0.744493 0.123348 0.744493 0.132159 0.748899 0.136564 0.753304 0.136564 0.757709 0.132159 0.757709 0.127753 0.762115 0.123348 0.762115 0.118943 0.770925 0.110132 0.775330 0.110132 0.784141 0.101322 0.784141 0.092511 0.788546 0.088106
0 0.251101 0.083700 0.242291 0.092511 0.242291 0.096916 0.237885 0.101322 0.237885 0.114537 0.233480 0.118943 0.233480 0.127753 0.229075 0.132159 0.229075 0.149780 0.233480 0.154185 0.233480 0.158590 0.237885 0.162996 0.242291 0.158590 0.242291 0.123348 0.251101 0.114537 0.251101 0.096916 0.255507 0.092511 0.255507 0.088106
0 0.903084 0.079295 0.898678 0.083700 0.898678 0.088106 0.894273 0.092511 0.894273 0.105727 0.898678 0.110132 0.898678 0.123348 0.903084 0.127753 0.907489 0.127753 0.911894 0.123348 0.911894 0.092511 0.907489 0.088106 0.907489 0.083700
0 0.352423 0.070485 0.348018 0.074890 0.348018 0.088106 0.352423 0.092511 0.352423 0.101322 0.361233 0.110132 0.365639 0.110132 0.370044 0.105727 0.370044 0.083700 0.365639 0.079295 0.365639 0.074890 0.361233 0.070485
0 0.000000 0.070485 0.000000 0.149780 0.017621 0.162996 0.000000 0.180617 0.000000 0.198238 0.035242 0.171806 0.052863 0.185022 0.061674 0.233480 0.127753 0.303965 0.127753 0.339207 0.198238 0.400881 0.207048 0.466960 0.224670 0.475771 0.242291 0.440529 0.264317 0.440529 0.356828 0.519824 0.361233 0.541850 0.392070 0.581498 0.449339 0.616740 0.502203 0.762115 0.502203 0.784141 0.471366 0.797357 0.462555 0.837004 0.497797 0.881057 0.502203 0.907489 0.528634 0.947137 0.533040 0.995595 0.568282 0.995595 0.528634 0.854626 0.497797 0.819383 0.533040 0.775330 0.524229 0.718062 0.484582 0.612335 0.462555 0.585903 0.475771 0.563877 0.471366 0.524229 0.497797 0.431718 0.511013 0.422908 0.533040 0.427313 0.537445 0.418502 0.515419 0.400881 0.471366 0.458150 0.462555 0.515419 0.427313 0.524229 0.431718 0.550661 0.405286 0.546256 0.387665 0.497797 0.339207 0.471366 0.233480 0.370044 0.224670 0.233480 0.202643 0.237885 0.207048 0.268722 0.193833 0.299559 0.220264 0.325991 0.220264 0.343612 0.207048 0.352423 0.185022 0.348018 0.158590 0.317181 0.158590 0.295154 0.176211 0.273128 0.162996 0.255507 0.140969 0.273128 0.127753 0.264317 0.088106 0.198238 0.074890 0.154185 0.039648 0.145374
0 0.867841 0.061674 0.859031 0.061674 0.854626 0.066079 0.850220 0.066079 0.841410 0.074890 0.841410 0.079295 0.832599 0.088106 0.832599 0.096916 0.837004 0.101322 0.854626 0.083700 0.859031 0.083700 0.872247 0.070485 0.872247 0.066079
0 0.691630 0.052863 0.687225 0.057269 0.687225 0.088106 0.700441 0.101322 0.704846 0.101322 0.709251 0.096916 0.709251 0.070485
0 0.651982 0.039648 0.643172 0.039648 0.629956 0.052863 0.625551 0.052863 0.621145 0.057269 0.621145 0.061674 0.616740 0.066079 0.616740 0.074890 0.621145 0.079295 0.629956 0.070485 0.629956 0.061674 0.634361 0.057269 0.638767 0.057269 0.643172 0.052863 0.647577 0.052863 0.651982 0.057269 0.656388 0.052863 0.656388 0.044053
0 0.444934 0.022026 0.436123 0.030837 0.444934 0.039648 0.444934 0.057269 0.453745 0.066079 0.458150 0.066079 0.462555 0.061674 0.462555 0.044053 0.458150 0.039648 0.458150 0.030837 0.449339 0.022026
0 0.546256 0.000000 0.537445 0.000000 0.537445 0.008811 0.524229 0.022026 0.519824 0.022026 0.515419 0.026432 0.511013 0.022026 0.493392 0.039648 0.493392 0.044053 0.502203 0.052863 0.511013 0.052863 0.515419 0.048458 0.515419 0.039648 0.524229 0.030837 0.528634 0.030837 0.533040 0.026432 0.537445 0.026432 0.546256 0.017621
0 0.334802 0.000000 0.317181 0.000000 0.317181 0.013216 0.312775 0.017621 0.312775 0.039648 0.321586 0.048458 0.325991 0.048458 0.339207 0.035242 0.339207 0.017621 0.334802 0.013216
0 0.136564 0.000000 0.118943 0.000000 0.118943 0.004405 0.114537 0.008811 0.114537 0.013216 0.118943 0.017621 0.118943 0.035242 0.110132 0.044053 0.110132 0.048458 0.114537 0.052863 0.123348 0.044053 0.123348 0.030837 0.132159 0.022026 0.132159 0.008811 0.136564 0.004405
0 0.066079 0.000000 0.044053 0.000000 0.044053 0.022026 0.035242 0.030837 0.035242 0.044053 0.039648 0.048458 0.048458 0.039648 0.048458 0.017621 0.052863 0.013216 0.057269 0.013216 0.066079 0.004405
