0 0.444934 0.859031 0.414097 0.889868 0.418502 0.894273 0.422908 0.889868 0.427313 0.889868 0.431718 0.894273 0.436123 0.889868 0.444934 0.889868 0.449339 0.885463 0.444934 0.881057 0.444934 0.867841 0.449339 0.863436
0 0.907489 0.863436 0.907489 0.872247 0.911894 0.876652 0.920705 0.876652 0.925110 0.881057 0.929515 0.881057 0.938326 0.889868 0.942731 0.889868 0.947137 0.894273 0.951542 0.894273 0.955947 0.898678 0.960352 0.898678 0.964758 0.903084 0.969163 0.898678 0.920705 0.850220
0 0.422908 0.828194 0.418502 0.823789 0.409692 0.823789 0.405286 0.819383 0.396476 0.819383 0.392070 0.823789 0.383260 0.823789 0.370044 0.837004 0.370044 0.841410 0.365639 0.845815 0.365639 0.850220 0.370044 0.854626 0.374449 0.850220 0.378855 0.850220 0.383260 0.845815 0.396476 0.845815 0.400881 0.841410 0.414097 0.841410 0.422908 0.832599
0 0.647577 0.810573 0.643172 0.806167 0.638767 0.806167 0.634361 0.801762 0.629956 0.801762 0.616740 0.814978 0.612335 0.814978 0.607930 0.819383 0.603524 0.814978 0.599119 0.814978 0.594714 0.810573 0.590308 0.810573 0.585903 0.806167 0.581498 0.806167 0.572687 0.814978 0.572687 0.819383 0.577093 0.823789 0.594714 0.823789 0.599119 0.828194 0.607930 0.828194 0.616740 0.819383 0.621145 0.819383 0.625551 0.814978 0.643172 0.814978
0 0.013216 0.762115 0.008811 0.766520 0.004405 0.766520 0.000000 0.770925 0.000000 0.775330 0.004405 0.779736 0.008811 0.779736 0.013216 0.784141 0.013216 0.788546 0.017621 0.792952 0.022026 0.788546 0.026432 0.788546 0.030837 0.784141 0.030837 0.775330 0.022026 0.766520 0.017621 0.766520
0 0.563877 0.757709 0.559471 0.762115 0.559471 0.770925 0.563877 0.775330 0.563877 0.784141 0.572687 0.792952 0.577093 0.792952 0.581498 0.788546 0.581498 0.770925 0.577093 0.766520 0.577093 0.762115 0.572687 0.757709
0 0.096916 0.748899 0.088106 0.748899 0.079295 0.757709 0.079295 0.766520 0.092511 0.779736 0.101322 0.770925 0.101322 0.753304
0 0.643172 0.726872 0.634361 0.735683 0.638767 0.740088 0.638767 0.748899 0.643172 0.753304 0.647577 0.753304 0.651982 0.757709 0.665198 0.757709 0.669604 0.762115 0.678414 0.753304 0.678414 0.748899 0.669604 0.740088 0.665198 0.740088 0.651982 0.726872
0 0.951542 0.713656 0.947137 0.713656 0.942731 0.718062 0.938326 0.718062 0.933921 0.722467 0.933921 0.740088 0.938326 0.744493 0.938326 0.757709 0.929515 0.766520 0.929515 0.784141 0.925110 0.788546 0.929515 0.792952 0.929515 0.797357 0.933921 0.801762 0.942731 0.801762 0.947137 0.797357 0.947137 0.779736 0.951542 0.775330 0.951542 0.766520 0.947137 0.762115 0.947137 0.748899 0.951542 0.744493 0.951542 0.735683 0.955947 0.731278 0.955947 0.718062
0 0.757709 0.722467 0.762115 0.726872 0.762115 0.731278 0.766520 0.735683 0.770925 0.735683 0.775330 0.740088 0.779736 0.740088 0.788546 0.748899 0.788546 0.753304 0.792952 0.757709 0.797357 0.757709 0.801762 0.762115 0.806167 0.757709 0.810573 0.757709 0.810573 0.744493 0.801762 0.735683 0.797357 0.735683 0.775330 0.713656 0.766520 0.713656
0 0.048458 0.700441 0.039648 0.691630 0.026432 0.691630 0.017621 0.700441 0.017621 0.704846 0.008811 0.713656 0.004405 0.713656 0.000000 0.718062 0.004405 0.718062 0.008811 0.722467 0.017621 0.722467 0.022026 0.718062 0.022026 0.713656 0.026432 0.709251 0.030837 0.709251 0.035242 0.704846 0.044053 0.704846
0 0.696035 0.687225 0.687225 0.696035 0.700441 0.709251 0.700441 0.718062 0.704846 0.722467 0.704846 0.731278 0.713656 0.740088 0.718062 0.735683 0.709251 0.726872 0.709251 0.718062 0.718062 0.709251 0.718062 0.704846 0.704846 0.691630 0.700441 0.691630
0 0.277533 0.669604 0.273128 0.665198 0.264317 0.665198 0.255507 0.674009 0.255507 0.678414 0.251101 0.682819 0.246696 0.682819 0.242291 0.687225 0.237885 0.687225 0.233480 0.682819 0.220264 0.682819 0.211454 0.691630 0.211454 0.704846 0.215859 0.709251 0.229075 0.709251 0.246696 0.691630 0.251101 0.691630 0.255507 0.687225 0.259912 0.691630 0.264317 0.691630 0.268722 0.696035 0.277533 0.687225 0.273128 0.682819 0.273128 0.674009
0 0.744493 0.643172 0.744493 0.651982 0.753304 0.660793 0.757709 0.660793 0.762115 0.665198 0.766520 0.665198 0.770925 0.669604 0.784141 0.669604 0.788546 0.665198 0.788546 0.660793 0.779736 0.651982 0.775330 0.651982 0.770925 0.647577 0.766520 0.647577 0.757709 0.638767 0.748899 0.638767
0 0.427313 0.616740 0.418502 0.616740 0.414097 0.621145 0.414097 0.625551 0.409692 0.629956 0.409692 0.638767 0.400881 0.647577 0.400881 0.656388 0.405286 0.660793 0.418502 0.647577 0.418502 0.643172 0.431718 0.629956 0.431718 0.621145
0 0.074890 0.616740 0.066079 0.625551 0.066079 0.634361 0.074890 0.643172 0.083700 0.643172 0.088106 0.647577 0.092511 0.647577 0.096916 0.643172 0.092511 0.638767 0.092511 0.629956 0.079295 0.616740
0 0.995595 0.590308 0.986784 0.590308 0.969163 0.607930 0.964758 0.607930 0.951542 0.621145 0.951542 0.625551 0.947137 0.629956 0.951542 0.634361 0.969163 0.616740 0.973568 0.616740 0.986784 0.603524 0.991189 0.603524 0.995595 0.599119
0 0.224670 0.590308 0.220264 0.585903 0.202643 0.603524 0.198238 0.603524 0.193833 0.607930 0.189427 0.603524 0.185022 0.607930 0.180617 0.603524 0.176211 0.607930 0.176211 0.612335 0.171806 0.616740 0.171806 0.625551 0.167401 0.629956 0.167401 0.634361 0.145374 0.656388 0.145374 0.665198 0.136564 0.674009 0.132159 0.674009 0.127753 0.678414 0.123348 0.678414 0.114537 0.687225 0.110132 0.687225 0.105727 0.691630 0.105727 0.696035 0.101322 0.700441 0.105727 0.704846 0.110132 0.700441 0.123348 0.700441 0.127753 0.696035 0.132159 0.696035 0.136564 0.691630 0.136564 0.687225 0.140969 0.682819 0.145374 0.682819 0.149780 0.678414 0.154185 0.678414 0.158590 0.682819 0.162996 0.678414 0.167401 0.678414 0.176211 0.669604 0.180617 0.669604 0.198238 0.651982 0.198238 0.647577 0.202643 0.643172 0.202643 0.634361 0.211454 0.625551 0.211454 0.621145 0.215859 0.616740 0.220264 0.616740 0.229075 0.607930 0.229075 0.603524 0.224670 0.599119
0 0.180617 0.524229 0.171806 0.533040 0.180617 0.541850 0.185022 0.541850 0.189427 0.546256 0.189427 0.550661 0.193833 0.555066 0.198238 0.555066 0.207048 0.563877 0.211454 0.559471 0.207048 0.555066 0.207048 0.546256 0.198238 0.537445 0.198238 0.533040 0.189427 0.524229
0 0.383260 0.524229 0.378855 0.519824 0.374449 0.519824 0.370044 0.515419 0.365639 0.515419 0.352423 0.502203 0.352423 0.497797 0.348018 0.493392 0.339207 0.493392 0.334802 0.497797 0.334802 0.506608 0.343612 0.515419 0.352423 0.515419 0.356828 0.519824 0.361233 0.519824 0.365639 0.524229 0.365639 0.537445 0.361233 0.541850 0.356828 0.541850 0.352423 0.546256 0.348018 0.546256 0.343612 0.541850 0.339207 0.541850 0.330396 0.533040 0.321586 0.533040 0.317181 0.528634 0.312775 0.528634 0.308370 0.533040 0.308370 0.537445 0.299559 0.546256 0.299559 0.550661 0.295154 0.555066 0.295154 0.559471 0.290749 0.563877 0.286344 0.563877 0.281938 0.568282 0.277533 0.563877 0.273128 0.568282 0.273128 0.577093 0.277533 0.581498 0.295154 0.581498 0.299559 0.577093 0.308370 0.577093 0.312775 0.581498 0.317181 0.581498 0.325991 0.590308 0.339207 0.590308 0.343612 0.594714 0.356828 0.594714 0.365639 0.585903 0.370044 0.585903 0.383260 0.572687 0.383260 0.563877 0.378855 0.559471 0.378855 0.555066 0.374449 0.550661 0.374449 0.533040
0 0.462555 0.488987 0.458150 0.493392 0.449339 0.493392 0.444934 0.497797 0.444934 0.528634 0.440529 0.533040 0.440529 0.537445 0.436123 0.541850 0.436123 0.550661 0.440529 0.555066 0.440529 0.572687 0.436123 0.577093 0.436123 0.581498 0.444934 0.590308 0.458150 0.577093 0.453745 0.572687 0.453745 0.559471 0.458150 0.555066 0.458150 0.546256 0.462555 0.541850 0.462555 0.533040 0.471366 0.524229 0.471366 0.506608 0.466960 0.502203 0.466960 0.493392
0 0.251101 0.480176 0.242291 0.488987 0.242291 0.502203 0.237885 0.506608 0.237885 0.537445 0.242291 0.541850 0.246696 0.541850 0.251101 0.537445 0.251101 0.533040 0.255507 0.528634 0.255507 0.488987 0.259912 0.484582 0.255507 0.484582
0 0.995595 0.493392 0.977974 0.471366 0.933921 0.502203 0.916300 0.471366 0.907489 0.488987 0.920705 0.506608 0.863436 0.546256 0.814978 0.546256 0.753304 0.506608 0.726872 0.519824 0.696035 0.506608 0.696035 0.524229 0.674009 0.541850 0.568282 0.524229 0.577093 0.537445 0.603524 0.533040 0.651982 0.550661 0.647577 0.572687 0.665198 0.585903 0.651982 0.612335 0.577093 0.590308 0.533040 0.634361 0.427313 0.669604 0.374449 0.709251 0.317181 0.709251 0.255507 0.806167 0.149780 0.806167 0.096916 0.823789 0.061674 0.801762 0.052863 0.814978 0.066079 0.837004 0.145374 0.819383 0.185022 0.823789 0.185022 0.841410 0.154185 0.850220 0.162996 0.872247 0.229075 0.837004 0.255507 0.837004 0.268722 0.854626 0.237885 0.889868 0.193833 0.898678 0.176211 0.929515 0.136564 0.916300 0.132159 0.889868 0.114537 0.911894 0.061674 0.925110 0.026432 0.964758 0.017621 0.995595 0.052863 0.995595 0.070485 0.964758 0.123348 0.942731 0.145374 0.951542 0.189427 0.933921 0.202643 0.911894 0.237885 0.903084 0.299559 0.828194 0.330396 0.832599 0.352423 0.801762 0.449339 0.740088 0.466960 0.757709 0.568282 0.660793 0.599119 0.674009 0.616740 0.643172 0.665198 0.616740 0.678414 0.625551 0.669604 0.647577 0.678414 0.656388 0.709251 0.616740 0.748899 0.599119 0.801762 0.629956 0.823789 0.665198 0.850220 0.629956 0.841410 0.621145 0.819383 0.629956 0.744493 0.590308 0.726872 0.563877 0.696035 0.550661 0.700441 0.533040 0.753304 0.533040 0.766520 0.572687 0.867841 0.581498 0.960352 0.528634 0.969163 0.511013 0.995595 0.511013
0 0.017621 0.449339 0.013216 0.453745 0.017621 0.458150 0.017621 0.471366 0.026432 0.480176 0.035242 0.480176 0.039648 0.475771 0.039648 0.462555 0.035242 0.458150 0.035242 0.453745 0.030837 0.449339
0 0.167401 0.449339 0.185022 0.466960 0.211454 0.466960 0.215859 0.462555 0.215859 0.458150 0.211454 0.453745 0.193833 0.453745 0.189427 0.449339 0.185022 0.449339 0.180617 0.444934 0.171806 0.444934
0 0.889868 0.436123 0.885463 0.436123 0.881057 0.440529 0.876652 0.440529 0.872247 0.444934 0.867841 0.444934 0.863436 0.449339 0.859031 0.449339 0.850220 0.458150 0.859031 0.466960 0.863436 0.466960 0.867841 0.471366 0.872247 0.466960 0.872247 0.462555 0.876652 0.458150 0.876652 0.453745 0.881057 0.449339 0.885463 0.449339 0.889868 0.444934
0 0.634361 0.444934 0.638767 0.449339 0.643172 0.449339 0.647577 0.453745 0.651982 0.453745 0.669604 0.471366 0.669604 0.480176 0.674009 0.484582 0.678414 0.484582 0.682819 0.480176 0.687225 0.480176 0.691630 0.475771 0.691630 0.471366 0.687225 0.466960 0.687225 0.462555 0.665198 0.440529 0.651982 0.440529 0.647577 0.436123 0.643172 0.436123
0 0.387665 0.440529 0.387665 0.449339 0.396476 0.458150 0.405286 0.458150 0.409692 0.462555 0.414097 0.462555 0.418502 0.466960 0.422908 0.466960 0.427313 0.471366 0.431718 0.466960 0.431718 0.462555 0.418502 0.449339 0.418502 0.444934 0.414097 0.440529 0.409692 0.440529 0.405286 0.436123 0.392070 0.436123
0 0.837004 0.409692 0.828194 0.409692 0.823789 0.414097 0.823789 0.427313 0.814978 0.436123 0.810573 0.436123 0.806167 0.440529 0.801762 0.440529 0.792952 0.449339 0.792952 0.458150 0.797357 0.462555 0.806167 0.462555 0.828194 0.440529 0.832599 0.440529 0.837004 0.436123 0.837004 0.427313 0.841410 0.422908 0.841410 0.414097
0 0.748899 0.405286 0.735683 0.418502 0.735683 0.422908 0.748899 0.436123 0.762115 0.436123 0.766520 0.431718 0.766520 0.427313 0.762115 0.422908 0.762115 0.418502
0 0.969163 0.387665 0.955947 0.400881 0.955947 0.405286 0.964758 0.414097 0.964758 0.418502 0.969163 0.422908 0.969163 0.436123 0.973568 0.440529 0.977974 0.440529 0.982379 0.436123 0.982379 0.431718 0.973568 0.422908 0.973568 0.400881 0.977974 0.396476 0.977974 0.392070 0.973568 0.387665
0 0.462555 0.387665 0.449339 0.400881 0.449339 0.405286 0.444934 0.409692 0.444934 0.414097 0.453745 0.422908 0.458150 0.418502 0.462555 0.418502 0.466960 0.414097 0.466960 0.392070
0 0.273128 0.387665 0.268722 0.392070 0.268722 0.418502 0.273128 0.422908 0.273128 0.436123 0.281938 0.444934 0.281938 0.466960 0.277533 0.471366 0.277533 0.480176 0.273128 0.484582 0.277533 0.484582 0.290749 0.497797 0.290749 0.511013 0.295154 0.515419 0.303965 0.506608 0.295154 0.497797 0.295154 0.480176 0.299559 0.475771 0.295154 0.471366 0.295154 0.431718 0.290749 0.427313 0.290749 0.414097 0.286344 0.409692 0.281938 0.409692 0.277533 0.405286 0.277533 0.392070
0 0.118943 0.378855 0.110132 0.387665 0.110132 0.396476 0.105727 0.400881 0.105727 0.409692 0.096916 0.418502 0.096916 0.440529 0.092511 0.444934 0.088106 0.444934 0.079295 0.453745 0.079295 0.471366 0.083700 0.475771 0.092511 0.475771 0.101322 0.466960 0.101322 0.462555 0.105727 0.458150 0.101322 0.453745 0.101322 0.440529 0.105727 0.436123 0.110132 0.436123 0.114537 0.431718 0.114537 0.409692 0.123348 0.400881 0.123348 0.396476 0.127753 0.392070 0.123348 0.387665 0.123348 0.383260
0 0.616740 0.334802 0.612335 0.339207 0.612335 0.343612 0.616740 0.348018 0.616740 0.352423 0.621145 0.356828 0.621145 0.378855 0.629956 0.387665 0.643172 0.374449 0.638767 0.370044 0.638767 0.365639 0.634361 0.361233 0.634361 0.352423
0 0.409692 0.321586 0.374449 0.321586 0.370044 0.325991 0.370044 0.334802 0.383260 0.348018 0.383260 0.361233 0.378855 0.365639 0.378855 0.374449 0.383260 0.378855 0.387665 0.378855 0.392070 0.374449 0.392070 0.361233 0.387665 0.356828 0.387665 0.343612 0.392070 0.339207 0.396476 0.339207 0.400881 0.334802 0.414097 0.334802 0.418502 0.330396
0 0.960352 0.299559 0.955947 0.303965 0.955947 0.312775 0.951542 0.317181 0.951542 0.321586 0.947137 0.325991 0.947137 0.330396 0.942731 0.334802 0.947137 0.339207 0.955947 0.339207 0.960352 0.343612 0.964758 0.343612 0.973568 0.334802 0.973568 0.330396 0.969163 0.325991 0.969163 0.321586 0.964758 0.317181 0.964758 0.303965
0 0.797357 0.308370 0.797357 0.312775 0.801762 0.317181 0.806167 0.317181 0.810573 0.321586 0.823789 0.321586 0.828194 0.317181 0.832599 0.317181 0.837004 0.312775 0.841410 0.312775 0.845815 0.317181 0.850220 0.317181 0.854626 0.321586 0.854626 0.325991 0.859031 0.330396 0.867841 0.321586 0.854626 0.308370 0.850220 0.312775 0.845815 0.312775 0.841410 0.308370 0.837004 0.308370 0.832599 0.303965 0.823789 0.303965 0.819383 0.299559 0.810573 0.299559 0.806167 0.303965 0.801762 0.303965
0 0.775330 0.281938 0.770925 0.277533 0.762115 0.277533 0.753304 0.286344 0.753304 0.290749 0.744493 0.299559 0.740088 0.299559 0.735683 0.303965 0.731278 0.299559 0.726872 0.299559 0.722467 0.295154 0.718062 0.295154 0.713656 0.290749 0.709251 0.290749 0.704846 0.295154 0.704846 0.299559 0.696035 0.308370 0.696035 0.317181 0.704846 0.325991 0.722467 0.308370 0.726872 0.308370 0.731278 0.303965 0.735683 0.303965 0.740088 0.299559 0.744493 0.299559 0.748899 0.303965 0.753304 0.303965 0.757709 0.308370 0.766520 0.299559 0.766520 0.295154 0.775330 0.286344
0 0.647577 0.246696 0.638767 0.246696 0.634361 0.251101 0.634361 0.255507 0.629956 0.259912 0.629956 0.264317 0.625551 0.268722 0.625551 0.299559 0.629956 0.303965 0.634361 0.303965 0.638767 0.308370 0.647577 0.299559 0.647577 0.290749 0.643172 0.286344 0.643172 0.268722 0.656388 0.255507
0 0.867841 0.224670 0.863436 0.229075 0.863436 0.233480 0.845815 0.251101 0.845815 0.255507 0.850220 0.259912 0.854626 0.259912 0.859031 0.264317 0.863436 0.264317 0.872247 0.273128 0.881057 0.264317 0.872247 0.255507 0.872247 0.229075
0 0.559471 0.215859 0.555066 0.220264 0.555066 0.229075 0.559471 0.233480 0.563877 0.233480 0.568282 0.237885 0.568282 0.242291 0.572687 0.246696 0.572687 0.251101 0.577093 0.255507 0.577093 0.264317 0.581498 0.268722 0.585903 0.268722 0.594714 0.259912 0.585903 0.251101 0.585903 0.242291 0.581498 0.237885 0.577093 0.237885 0.572687 0.233480 0.572687 0.229075 0.568282 0.224670 0.568282 0.220264 0.563877 0.215859
0 0.484582 0.215859 0.480176 0.215859 0.475771 0.220264 0.475771 0.224670 0.471366 0.229075 0.466960 0.229075 0.462555 0.233480 0.458150 0.233480 0.449339 0.242291 0.449339 0.251101 0.436123 0.264317 0.436123 0.268722 0.440529 0.273128 0.444934 0.273128 0.449339 0.277533 0.449339 0.281938 0.453745 0.286344 0.453745 0.308370 0.458150 0.312775 0.462555 0.308370 0.466960 0.308370 0.475771 0.299559 0.475771 0.290749 0.466960 0.281938 0.462555 0.281938 0.458150 0.277533 0.458150 0.268722 0.453745 0.264317 0.453745 0.251101 0.458150 0.246696 0.462555 0.246696 0.466960 0.242291 0.466960 0.233480 0.471366 0.229075 0.475771 0.229075 0.480176 0.224670 0.484582 0.224670 0.488987 0.220264
0 0.722467 0.176211 0.713656 0.176211 0.687225 0.202643 0.687225 0.211454 0.691630 0.215859 0.691630 0.220264 0.696035 0.224670 0.700441 0.224670 0.704846 0.220264 0.704846 0.215859 0.718062 0.202643 0.718062 0.198238 0.726872 0.189427 0.726872 0.180617
0 0.876652 0.136564 0.881057 0.140969 0.898678 0.140969 0.903084 0.145374 0.907489 0.145374 0.911894 0.140969 0.920705 0.140969 0.925110 0.136564 0.929515 0.136564 0.933921 0.132159 0.933921 0.127753 0.929515 0.123348 0.920705 0.132159 0.916300 0.132159 0.911894 0.136564 0.907489 0.132159 0.898678 0.132159 0.894273 0.127753 0.889868 0.127753 0.885463 0.123348 0.876652 0.132159
0 0.118943 0.110132 0.110132 0.118943 0.110132 0.132159 0.114537 0.136564 0.114537 0.140969 0.118943 0.145374 0.123348 0.145374 0.127753 0.149780 0.136564 0.140969 0.136564 0.118943 0.127753 0.110132
0 0.030837 0.110132 0.030837 0.118943 0.035242 0.123348 0.039648 0.118943 0.044053 0.118943 0.048458 0.114537 0.057269 0.114537 0.061674 0.118943 0.066079 0.118943 0.074890 0.127753 0.088106 0.114537 0.079295 0.105727 0.074890 0.105727 0.070485 0.110132 0.066079 0.110132 0.061674 0.114537 0.057269 0.114537 0.052863 0.110132 0.048458 0.110132 0.044053 0.105727 0.035242 0.105727
0 0.273128 0.074890 0.268722 0.079295 0.273128 0.083700 0.273128 0.096916 0.268722 0.101322 0.268722 0.132159 0.264317 0.136564 0.264317 0.149780 0.268722 0.154185 0.268722 0.158590 0.273128 0.162996 0.277533 0.158590 0.277533 0.149780 0.281938 0.145374 0.281938 0.140969 0.286344 0.136564 0.281938 0.132159 0.281938 0.105727 0.273128 0.096916 0.273128 0.083700 0.277533 0.079295
0 0.339207 0.074890 0.334802 0.079295 0.343612 0.088106 0.348018 0.088106 0.365639 0.105727 0.365639 0.110132 0.374449 0.118943 0.374449 0.132159 0.378855 0.136564 0.383260 0.132159 0.378855 0.127753 0.378855 0.118943 0.383260 0.114537 0.383260 0.110132 0.378855 0.105727 0.378855 0.088106 0.370044 0.079295 0.365639 0.079295 0.356828 0.070485 0.348018 0.070485 0.343612 0.074890
0 0.792952 0.061674 0.788546 0.066079 0.784141 0.066079 0.779736 0.070485 0.766520 0.070485 0.762115 0.074890 0.762115 0.079295 0.766520 0.083700 0.770925 0.083700 0.775330 0.088106 0.775330 0.092511 0.779736 0.096916 0.801762 0.074890 0.801762 0.070485
0 0.167401 0.052863 0.158590 0.061674 0.158590 0.070485 0.162996 0.074890 0.180617 0.074890 0.189427 0.066079 0.189427 0.061674 0.180617 0.052863
0 0.277533 0.013216 0.268722 0.013216 0.255507 0.026432 0.255507 0.035242 0.251101 0.039648 0.251101 0.044053 0.255507 0.048458 0.255507 0.052863 0.264317 0.061674 0.268722 0.061674 0.273128 0.057269 0.273128 0.052863 0.277533 0.048458 0.277533 0.030837 0.281938 0.026432 0.281938 0.017621
