0 0.171806 0.925110 0.162996 0.933921 0.167401 0.938326 0.171806 0.938326 0.180617 0.947137 0.185022 0.947137 0.189427 0.951542 0.189427 0.955947 0.193833 0.960352 0.193833 0.973568 0.189427 0.977974 0.193833 0.982379 0.193833 0.995595 0.211454 0.995595 0.211454 0.991189 0.207048 0.986784 0.207048 0.955947 0.193833 0.942731 0.193833 0.938326 0.185022 0.929515 0.176211 0.929515
0 0.259912 0.920705 0.255507 0.920705 0.242291 0.933921 0.242291 0.938326 0.251101 0.947137 0.251101 0.960352 0.246696 0.964758 0.246696 0.969163 0.251101 0.973568 0.255507 0.969163 0.255507 0.964758 0.259912 0.960352 0.255507 0.955947 0.255507 0.947137 0.264317 0.938326 0.264317 0.929515 0.259912 0.925110
0 0.748899 0.867841 0.744493 0.872247 0.740088 0.872247 0.731278 0.881057 0.731278 0.885463 0.735683 0.889868 0.735683 0.894273 0.740088 0.898678 0.740088 0.903084 0.744493 0.907489 0.744493 0.916300 0.748899 0.920705 0.748899 0.942731 0.753304 0.947137 0.757709 0.947137 0.766520 0.955947 0.766520 0.969163 0.770925 0.973568 0.770925 0.986784 0.775330 0.991189 0.775330 0.995595 0.788546 0.995595 0.788546 0.977974 0.784141 0.973568 0.784141 0.969163 0.779736 0.964758 0.779736 0.951542 0.775330 0.947137 0.770925 0.947137 0.766520 0.942731 0.766520 0.925110 0.762115 0.920705 0.762115 0.903084 0.757709 0.898678 0.757709 0.881057 0.753304 0.876652 0.753304 0.872247
0 0.035242 0.885463 0.035242 0.894273 0.039648 0.898678 0.052863 0.898678 0.057269 0.894273 0.061674 0.894273 0.066079 0.889868 0.070485 0.894273 0.074890 0.894273 0.083700 0.903084 0.088106 0.903084 0.101322 0.889868 0.101322 0.881057 0.096916 0.876652 0.088106 0.876652 0.083700 0.881057 0.079295 0.881057 0.074890 0.885463 0.070485 0.885463 0.066079 0.881057 0.061674 0.881057 0.057269 0.876652 0.057269 0.872247 0.052863 0.867841 0.048458 0.867841 0.044053 0.872247 0.044053 0.876652
0 0.731278 0.819383 0.726872 0.819383 0.722467 0.814978 0.709251 0.828194 0.709251 0.845815 0.704846 0.850220 0.700441 0.850220 0.696035 0.854626 0.691630 0.850220 0.687225 0.850220 0.682819 0.854626 0.682819 0.859031 0.678414 0.863436 0.678414 0.872247 0.665198 0.885463 0.665198 0.894273 0.660793 0.898678 0.660793 0.903084 0.647577 0.916300 0.647577 0.920705 0.651982 0.925110 0.660793 0.925110 0.669604 0.916300 0.669604 0.911894 0.674009 0.907489 0.678414 0.907489 0.687225 0.898678 0.687225 0.894273 0.691630 0.889868 0.691630 0.872247 0.696035 0.867841 0.696035 0.854626 0.700441 0.850220 0.704846 0.850220 0.709251 0.845815 0.713656 0.850220 0.735683 0.828194 0.735683 0.823789
0 0.519824 0.810573 0.515419 0.814978 0.515419 0.832599 0.511013 0.837004 0.511013 0.845815 0.519824 0.854626 0.524229 0.850220 0.524229 0.845815 0.528634 0.841410 0.528634 0.832599 0.533040 0.828194 0.528634 0.823789 0.528634 0.819383
0 0.061674 0.792952 0.057269 0.788546 0.048458 0.797357 0.048458 0.801762 0.044053 0.806167 0.039648 0.806167 0.035242 0.810573 0.030837 0.806167 0.022026 0.806167 0.017621 0.810573 0.017621 0.814978 0.013216 0.819383 0.026432 0.832599 0.030837 0.832599 0.035242 0.828194 0.035242 0.823789 0.039648 0.819383 0.039648 0.814978 0.048458 0.806167 0.052863 0.806167 0.057269 0.801762 0.057269 0.797357
0 0.955947 0.709251 0.951542 0.713656 0.951542 0.731278 0.969163 0.748899 0.977974 0.748899 0.982379 0.744493 0.982379 0.735683 0.977974 0.731278 0.973568 0.731278 0.964758 0.722467 0.964758 0.718062
0 0.176211 0.674009 0.176211 0.682819 0.180617 0.687225 0.189427 0.687225 0.193833 0.691630 0.202643 0.691630 0.207048 0.696035 0.211454 0.691630 0.211454 0.682819 0.198238 0.669604 0.180617 0.669604
0 0.154185 0.660793 0.145374 0.651982 0.140969 0.656388 0.132159 0.656388 0.127753 0.660793 0.118943 0.660793 0.114537 0.656388 0.110132 0.656388 0.105727 0.651982 0.105727 0.643172 0.101322 0.638767 0.096916 0.643172 0.092511 0.643172 0.088106 0.647577 0.083700 0.647577 0.079295 0.651982 0.066079 0.651982 0.061674 0.656388 0.044053 0.656388 0.039648 0.651982 0.026432 0.651982 0.022026 0.656388 0.008811 0.656388 0.004405 0.660793 0.000000 0.660793 0.000000 0.696035 0.004405 0.696035 0.008811 0.691630 0.052863 0.691630 0.057269 0.687225 0.061674 0.691630 0.066079 0.687225 0.070485 0.687225 0.074890 0.682819 0.079295 0.687225 0.083700 0.687225 0.088106 0.691630 0.092511 0.691630 0.105727 0.678414 0.110132 0.678414 0.114537 0.674009 0.118943 0.674009 0.123348 0.669604 0.127753 0.674009 0.132159 0.669604 0.136564 0.674009 0.149780 0.674009 0.154185 0.669604
0 0.955947 0.599119 0.951542 0.599119 0.947137 0.603524 0.947137 0.607930 0.942731 0.612335 0.942731 0.634361 0.947137 0.638767 0.951542 0.638767 0.960352 0.629956 0.960352 0.616740 0.964758 0.612335 0.964758 0.607930
0 0.220264 0.519824 0.215859 0.524229 0.215859 0.537445 0.229075 0.550661 0.242291 0.537445 0.242291 0.533040 0.233480 0.524229 0.229075 0.524229 0.224670 0.519824
0 0.171806 0.837004 0.180617 0.850220 0.207048 0.819383 0.268722 0.832599 0.277533 0.841410 0.268722 0.911894 0.295154 0.850220 0.325991 0.841410 0.312775 0.828194 0.317181 0.814978 0.365639 0.828194 0.352423 0.801762 0.396476 0.757709 0.383260 0.731278 0.396476 0.722467 0.418502 0.731278 0.436123 0.704846 0.436123 0.682819 0.493392 0.621145 0.533040 0.621145 0.559471 0.603524 0.594714 0.612335 0.581498 0.585903 0.603524 0.577093 0.621145 0.603524 0.687225 0.629956 0.700441 0.651982 0.687225 0.669604 0.718062 0.696035 0.713656 0.709251 0.814978 0.828194 0.885463 0.859031 0.894273 0.907489 0.920705 0.938326 0.995595 0.964758 0.991189 0.951542 0.907489 0.907489 0.898678 0.850220 0.920705 0.841410 0.947137 0.881057 0.969163 0.863436 0.986784 0.876652 0.973568 0.903084 0.995595 0.911894 0.995595 0.863436 0.933921 0.810573 0.889868 0.797357 0.823789 0.731278 0.788546 0.722467 0.757709 0.660793 0.731278 0.643172 0.726872 0.621145 0.669604 0.577093 0.568282 0.563877 0.533040 0.585903 0.515419 0.572687 0.515419 0.528634 0.497797 0.537445 0.493392 0.577093 0.475771 0.585903 0.449339 0.563877 0.444934 0.511013 0.431718 0.493392 0.422908 0.519824 0.440529 0.594714 0.427313 0.603524 0.409692 0.594714 0.400881 0.607930 0.427313 0.603524 0.440529 0.621145 0.409692 0.656388 0.392070 0.709251 0.378855 0.718062 0.356828 0.691630 0.348018 0.704846 0.365639 0.726872 0.334802 0.744493 0.299559 0.718062 0.299559 0.700441 0.273128 0.722467 0.237885 0.709251 0.237885 0.731278 0.193833 0.779736 0.202643 0.806167
0 0.929515 0.484582 0.920705 0.493392 0.925110 0.497797 0.925110 0.506608 0.929515 0.511013 0.933921 0.511013 0.942731 0.519824 0.942731 0.541850 0.938326 0.546256 0.938326 0.550661 0.933921 0.555066 0.942731 0.563877 0.951542 0.555066 0.951542 0.550661 0.964758 0.537445 0.964758 0.524229 0.960352 0.524229 0.955947 0.519824 0.951542 0.519824 0.947137 0.515419 0.947137 0.497797 0.942731 0.493392 0.938326 0.493392
0 0.823789 0.475771 0.806167 0.493392 0.806167 0.511013 0.801762 0.515419 0.797357 0.515419 0.792952 0.519824 0.797357 0.524229 0.810573 0.511013 0.814978 0.511013 0.819383 0.506608 0.823789 0.506608 0.828194 0.502203 0.828194 0.480176
0 0.748899 0.458150 0.740088 0.458150 0.735683 0.462555 0.735683 0.466960 0.731278 0.471366 0.731278 0.475771 0.726872 0.480176 0.726872 0.484582 0.718062 0.493392 0.718062 0.524229 0.726872 0.533040 0.726872 0.537445 0.731278 0.541850 0.735683 0.541850 0.744493 0.533040 0.744493 0.528634 0.735683 0.519824 0.735683 0.497797 0.740088 0.493392 0.740088 0.488987 0.757709 0.471366 0.757709 0.466960
0 0.955947 0.405286 0.942731 0.418502 0.938326 0.418502 0.933921 0.422908 0.933921 0.427313 0.925110 0.436123 0.929515 0.440529 0.929515 0.453745 0.933921 0.458150 0.938326 0.453745 0.942731 0.458150 0.947137 0.453745 0.947137 0.449339 0.951542 0.444934 0.951542 0.431718 0.955947 0.427313 0.955947 0.418502 0.960352 0.414097 0.960352 0.409692
0 0.678414 0.400881 0.669604 0.400881 0.665198 0.405286 0.660793 0.400881 0.656388 0.405286 0.656388 0.414097 0.665198 0.422908 0.665198 0.436123 0.660793 0.440529 0.660793 0.444934 0.656388 0.449339 0.665198 0.458150 0.669604 0.453745 0.674009 0.453745 0.678414 0.449339 0.678414 0.422908 0.682819 0.418502 0.682819 0.405286
0 0.533040 0.400881 0.541850 0.409692 0.541850 0.414097 0.546256 0.418502 0.546256 0.449339 0.550661 0.453745 0.550661 0.462555 0.559471 0.471366 0.563877 0.471366 0.568282 0.475771 0.572687 0.475771 0.577093 0.480176 0.581498 0.475771 0.585903 0.475771 0.590308 0.471366 0.599119 0.471366 0.603524 0.466960 0.607930 0.466960 0.612335 0.462555 0.612335 0.458150 0.616740 0.453745 0.621145 0.453745 0.625551 0.449339 0.621145 0.444934 0.616740 0.444934 0.607930 0.436123 0.603524 0.440529 0.594714 0.440529 0.590308 0.436123 0.585903 0.436123 0.581498 0.431718 0.581498 0.400881 0.577093 0.396476 0.563877 0.396476 0.559471 0.400881 0.555066 0.400881 0.550661 0.396476 0.546256 0.396476 0.541850 0.392070
0 0.339207 0.396476 0.334802 0.392070 0.330396 0.396476 0.325991 0.396476 0.317181 0.405286 0.312775 0.405286 0.308370 0.409692 0.303965 0.409692 0.299559 0.414097 0.295154 0.409692 0.290749 0.414097 0.277533 0.414097 0.259912 0.431718 0.259912 0.436123 0.264317 0.440529 0.273128 0.440529 0.290749 0.422908 0.295154 0.422908 0.299559 0.418502 0.303965 0.422908 0.308370 0.422908 0.312775 0.427313 0.330396 0.427313 0.334802 0.422908 0.334802 0.418502 0.339207 0.414097
0 0.775330 0.361233 0.766520 0.370044 0.766520 0.374449 0.770925 0.378855 0.770925 0.383260 0.779736 0.392070 0.788546 0.392070 0.792952 0.387665 0.792952 0.383260 0.788546 0.378855 0.788546 0.365639 0.784141 0.361233
0 0.242291 0.361233 0.237885 0.361233 0.233480 0.365639 0.233480 0.370044 0.229075 0.374449 0.229075 0.396476 0.233480 0.400881 0.233480 0.414097 0.237885 0.418502 0.246696 0.409692 0.246696 0.396476 0.251101 0.392070 0.251101 0.383260 0.246696 0.378855 0.246696 0.365639
0 0.414097 0.343612 0.409692 0.348018 0.409692 0.352423 0.400881 0.361233 0.400881 0.370044 0.396476 0.374449 0.396476 0.378855 0.400881 0.383260 0.405286 0.383260 0.409692 0.387665 0.422908 0.374449 0.422908 0.365639 0.418502 0.361233 0.418502 0.348018
0 0.488987 0.334802 0.484582 0.339207 0.484582 0.374449 0.480176 0.378855 0.480176 0.405286 0.484582 0.409692 0.484582 0.427313 0.480176 0.431718 0.502203 0.453745 0.511013 0.444934 0.511013 0.440529 0.506608 0.436123 0.506608 0.427313 0.493392 0.414097 0.493392 0.405286 0.497797 0.400881 0.497797 0.396476 0.493392 0.392070 0.493392 0.378855 0.488987 0.374449 0.488987 0.365639 0.493392 0.361233 0.497797 0.361233 0.502203 0.356828 0.502203 0.352423 0.506608 0.348018 0.506608 0.339207 0.502203 0.334802
0 0.647577 0.330396 0.643172 0.334802 0.643172 0.343612 0.638767 0.348018 0.638767 0.352423 0.634361 0.356828 0.634361 0.365639 0.629956 0.370044 0.638767 0.378855 0.643172 0.378855 0.651982 0.370044 0.656388 0.370044 0.665198 0.361233 0.665198 0.348018 0.660793 0.343612 0.660793 0.339207 0.656388 0.334802 0.651982 0.334802
0 0.859031 0.348018 0.863436 0.352423 0.867841 0.348018 0.876652 0.348018 0.881057 0.343612 0.885463 0.348018 0.889868 0.348018 0.898678 0.356828 0.898678 0.370044 0.903084 0.374449 0.907489 0.374449 0.911894 0.370044 0.907489 0.365639 0.907489 0.343612 0.903084 0.339207 0.903084 0.325991 0.898678 0.325991 0.894273 0.330396 0.885463 0.330396 0.881057 0.334802 0.872247 0.334802
0 0.176211 0.325991 0.171806 0.325991 0.158590 0.339207 0.158590 0.343612 0.145374 0.356828 0.145374 0.361233 0.149780 0.365639 0.154185 0.361233 0.158590 0.361233 0.176211 0.343612 0.176211 0.339207 0.180617 0.334802 0.180617 0.330396
0 0.541850 0.303965 0.537445 0.308370 0.537445 0.312775 0.541850 0.317181 0.541850 0.330396 0.563877 0.352423 0.568282 0.352423 0.577093 0.361233 0.581498 0.356828 0.577093 0.352423 0.577093 0.334802 0.572687 0.330396 0.568282 0.330396 0.563877 0.325991 0.563877 0.321586 0.546256 0.303965
0 0.352423 0.277533 0.348018 0.273128 0.334802 0.273128 0.330396 0.277533 0.325991 0.277533 0.321586 0.281938 0.317181 0.281938 0.308370 0.290749 0.317181 0.299559 0.321586 0.295154 0.343612 0.295154 0.352423 0.286344
0 0.418502 0.255507 0.409692 0.255507 0.400881 0.264317 0.405286 0.268722 0.405286 0.295154 0.409692 0.299559 0.414097 0.299559 0.418502 0.295154 0.418502 0.277533 0.422908 0.273128 0.422908 0.259912
0 0.951542 0.237885 0.942731 0.237885 0.933921 0.246696 0.933921 0.255507 0.925110 0.264317 0.920705 0.264317 0.916300 0.268722 0.916300 0.281938 0.911894 0.286344 0.911894 0.303965 0.907489 0.308370 0.907489 0.317181 0.911894 0.317181 0.916300 0.312775 0.916300 0.308370 0.920705 0.303965 0.920705 0.295154 0.925110 0.290749 0.925110 0.286344 0.929515 0.281938 0.929515 0.277533 0.933921 0.273128 0.933921 0.268722 0.955947 0.246696 0.955947 0.242291
0 0.497797 0.233480 0.497797 0.242291 0.502203 0.246696 0.515419 0.246696 0.519824 0.242291 0.524229 0.242291 0.528634 0.237885 0.533040 0.242291 0.537445 0.242291 0.541850 0.246696 0.541850 0.251101 0.546256 0.255507 0.546256 0.268722 0.555066 0.277533 0.559471 0.273128 0.559471 0.268722 0.563877 0.264317 0.563877 0.251101 0.555066 0.242291 0.550661 0.242291 0.546256 0.237885 0.541850 0.237885 0.537445 0.242291 0.533040 0.242291 0.528634 0.237885 0.524229 0.237885 0.515419 0.229075 0.502203 0.229075
0 0.718062 0.224670 0.713656 0.229075 0.718062 0.233480 0.718062 0.246696 0.713656 0.251101 0.713656 0.255507 0.718062 0.259912 0.718062 0.264317 0.722467 0.268722 0.722467 0.281938 0.718062 0.286344 0.718062 0.290749 0.713656 0.295154 0.713656 0.308370 0.709251 0.312775 0.709251 0.321586 0.718062 0.330396 0.722467 0.330396 0.726872 0.334802 0.731278 0.330396 0.731278 0.325991 0.735683 0.321586 0.735683 0.295154 0.722467 0.281938 0.722467 0.268722 0.740088 0.251101 0.735683 0.246696 0.735683 0.242291
0 0.647577 0.132159 0.643172 0.136564 0.638767 0.136564 0.634361 0.140969 0.634361 0.145374 0.625551 0.154185 0.625551 0.158590 0.629956 0.162996 0.634361 0.162996 0.643172 0.154185 0.647577 0.154185 0.651982 0.149780 0.656388 0.149780 0.660793 0.154185 0.665198 0.154185 0.669604 0.158590 0.669604 0.167401 0.678414 0.176211 0.678414 0.185022 0.674009 0.189427 0.669604 0.189427 0.665198 0.193833 0.665198 0.198238 0.669604 0.202643 0.669604 0.211454 0.678414 0.220264 0.687225 0.211454 0.682819 0.207048 0.682819 0.189427 0.678414 0.185022 0.678414 0.171806 0.682819 0.167401 0.682819 0.162996 0.678414 0.158590 0.674009 0.158590 0.665198 0.149780 0.665198 0.140969 0.656388 0.132159
0 0.828194 0.127753 0.823789 0.123348 0.819383 0.123348 0.814978 0.127753 0.814978 0.132159 0.810573 0.136564 0.810573 0.140969 0.806167 0.145374 0.801762 0.145374 0.797357 0.149780 0.775330 0.149780 0.766520 0.158590 0.775330 0.167401 0.797357 0.167401 0.801762 0.162996 0.801762 0.158590 0.806167 0.154185 0.806167 0.145374 0.810573 0.140969 0.814978 0.140969 0.819383 0.136564 0.823789 0.136564 0.828194 0.132159
0 0.427313 0.114537 0.422908 0.118943 0.422908 0.123348 0.418502 0.127753 0.418502 0.136564 0.422908 0.140969 0.427313 0.140969 0.431718 0.145374 0.436123 0.140969 0.440529 0.140969 0.444934 0.136564 0.444934 0.127753 0.436123 0.118943 0.431718 0.118943
0 0.938326 0.088106 0.933921 0.092511 0.929515 0.092511 0.925110 0.096916 0.925110 0.118943 0.929515 0.123348 0.938326 0.123348 0.942731 0.118943 0.942731 0.114537 0.947137 0.110132 0.947137 0.096916
0 0.555066 0.079295 0.550661 0.079295 0.541850 0.088106 0.537445 0.088106 0.533040 0.092511 0.533040 0.096916 0.528634 0.101322 0.528634 0.110132 0.533040 0.114537 0.533040 0.118943 0.537445 0.123348 0.541850 0.123348 0.546256 0.118943 0.546256 0.110132 0.550661 0.105727 0.550661 0.101322 0.559471 0.092511 0.559471 0.083700
0 0.273128 0.092511 0.277533 0.096916 0.286344 0.096916 0.290749 0.101322 0.303965 0.101322 0.308370 0.105727 0.312775 0.101322 0.317181 0.105727 0.321586 0.105727 0.325991 0.110132 0.330396 0.105727 0.330396 0.101322 0.325991 0.096916 0.321586 0.096916 0.317181 0.092511 0.312775 0.092511 0.303965 0.083700 0.299559 0.083700 0.295154 0.079295 0.290749 0.083700 0.281938 0.083700
0 0.123348 0.074890 0.114537 0.074890 0.110132 0.079295 0.110132 0.092511 0.105727 0.096916 0.105727 0.110132 0.114537 0.118943 0.123348 0.110132 0.123348 0.105727 0.127753 0.101322 0.127753 0.079295
0 0.185022 0.070485 0.171806 0.070485 0.167401 0.074890 0.167401 0.079295 0.162996 0.083700 0.162996 0.092511 0.171806 0.101322 0.176211 0.096916 0.180617 0.096916 0.189427 0.088106 0.189427 0.083700 0.193833 0.079295
0 0.718062 0.030837 0.713656 0.035242 0.713656 0.048458 0.718062 0.052863 0.718062 0.057269 0.722467 0.061674 0.731278 0.061674 0.740088 0.052863 0.740088 0.048458 0.735683 0.044053 0.735683 0.039648 0.731278 0.035242 0.726872 0.035242 0.722467 0.030837
0 0.387665 0.039648 0.392070 0.044053 0.396476 0.044053 0.405286 0.052863 0.422908 0.052863 0.427313 0.048458 0.431718 0.048458 0.436123 0.044053 0.440529 0.044053 0.444934 0.048458 0.449339 0.048458 0.453745 0.052863 0.458150 0.052863 0.466960 0.044053 0.466960 0.035242 0.462555 0.030837 0.449339 0.030837 0.440529 0.039648 0.436123 0.039648 0.431718 0.044053 0.427313 0.039648 0.422908 0.039648 0.414097 0.030837 0.409692 0.030837 0.405286 0.026432 0.400881 0.026432
0 0.048458 0.000000 0.026432 0.000000 0.026432 0.013216 0.022026 0.017621 0.022026 0.022026 0.008811 0.035242 0.004405 0.035242 0.000000 0.039648 0.004405 0.044053 0.008811 0.044053 0.017621 0.052863 0.022026 0.052863 0.030837 0.044053 0.030837 0.030837 0.048458 0.013216
