0 0.444934 0.977974 0.444934 0.982379 0.453745 0.991189 0.453745 0.995595 0.550661 0.995595 0.541850 0.986784 0.533040 0.986784 0.528634 0.991189 0.524229 0.991189 0.519824 0.995595 0.515419 0.991189 0.511013 0.991189 0.506608 0.986784 0.493392 0.986784 0.488987 0.991189 0.484582 0.991189 0.480176 0.995595 0.475771 0.991189 0.471366 0.991189 0.453745 0.973568 0.449339 0.973568
0 0.392070 0.955947 0.387665 0.960352 0.387665 0.991189 0.383260 0.995595 0.405286 0.995595 0.405286 0.973568 0.396476 0.964758 0.396476 0.960352
0 0.925110 0.951542 0.920705 0.947137 0.911894 0.947137 0.903084 0.955947 0.898678 0.955947 0.894273 0.960352 0.885463 0.960352 0.881057 0.955947 0.867841 0.969163 0.867841 0.977974 0.872247 0.982379 0.881057 0.982379 0.885463 0.977974 0.889868 0.977974 0.903084 0.964758 0.907489 0.964758 0.911894 0.960352 0.920705 0.960352 0.925110 0.955947
0 0.603524 0.947137 0.599119 0.942731 0.594714 0.942731 0.577093 0.960352 0.572687 0.960352 0.568282 0.964758 0.568282 0.969163 0.572687 0.973568 0.581498 0.973568 0.585903 0.977974 0.599119 0.964758 0.603524 0.964758 0.607930 0.960352 0.607930 0.955947 0.603524 0.951542
0 0.286344 0.942731 0.281938 0.947137 0.277533 0.947137 0.268722 0.955947 0.268722 0.969163 0.277533 0.977974 0.281938 0.977974 0.299559 0.960352 0.299559 0.951542 0.295154 0.947137 0.290749 0.947137
0 0.066079 0.942731 0.057269 0.951542 0.057269 0.955947 0.052863 0.960352 0.052863 0.964758 0.057269 0.969163 0.079295 0.969163 0.088106 0.960352 0.083700 0.955947 0.083700 0.951542 0.079295 0.947137 0.070485 0.947137
0 0.744493 0.942731 0.740088 0.938326 0.731278 0.938326 0.726872 0.933921 0.718062 0.933921 0.713656 0.938326 0.713656 0.942731 0.709251 0.947137 0.709251 0.951542 0.700441 0.960352 0.704846 0.964758 0.709251 0.960352 0.713656 0.960352 0.718062 0.964758 0.722467 0.960352 0.726872 0.960352
0 0.995595 0.916300 0.973568 0.916300 0.969163 0.920705 0.969163 0.925110 0.955947 0.938326 0.955947 0.955947 0.960352 0.960352 0.964758 0.960352 0.982379 0.977974 0.982379 0.986784 0.973568 0.995595 0.982379 0.995595 0.982379 0.986784 0.986784 0.982379 0.991189 0.982379 0.995595 0.977974 0.995595 0.960352 0.991189 0.955947 0.986784 0.955947 0.982379 0.951542 0.977974 0.951542 0.969163 0.942731 0.969163 0.933921 0.973568 0.929515 0.977974 0.929515 0.982379 0.925110 0.995595 0.925110
0 0.700441 0.845815 0.696035 0.850220 0.691630 0.850220 0.687225 0.854626 0.687225 0.859031 0.691630 0.863436 0.691630 0.872247 0.687225 0.876652 0.682819 0.876652 0.678414 0.881057 0.665198 0.881057 0.660793 0.885463 0.660793 0.898678 0.665198 0.903084 0.669604 0.903084 0.674009 0.898678 0.678414 0.898678 0.682819 0.894273 0.687225 0.894273 0.691630 0.889868 0.696035 0.894273 0.700441 0.894273 0.713656 0.907489 0.718062 0.907489 0.722467 0.903084 0.726872 0.903084 0.726872 0.898678 0.722467 0.898678 0.713656 0.889868 0.709251 0.894273 0.704846 0.894273 0.700441 0.889868 0.696035 0.889868 0.691630 0.885463 0.691630 0.872247 0.696035 0.867841 0.700441 0.867841 0.704846 0.863436 0.704846 0.850220
0 0.317181 0.832599 0.312775 0.837004 0.308370 0.832599 0.303965 0.837004 0.299559 0.837004 0.290749 0.845815 0.290749 0.859031 0.295154 0.863436 0.303965 0.863436 0.317181 0.850220 0.317181 0.841410 0.321586 0.837004
0 0.770925 0.823789 0.766520 0.828194 0.766520 0.832599 0.770925 0.837004 0.770925 0.841410 0.775330 0.845815 0.775330 0.863436 0.762115 0.876652 0.762115 0.881057 0.744493 0.898678 0.740088 0.898678 0.735683 0.903084 0.740088 0.903084 0.748899 0.911894 0.748899 0.916300 0.753304 0.920705 0.757709 0.916300 0.757709 0.911894 0.770925 0.898678 0.775330 0.898678 0.784141 0.889868 0.784141 0.876652 0.792952 0.867841 0.792952 0.854626 0.788546 0.850220 0.784141 0.850220 0.779736 0.845815 0.779736 0.837004 0.775330 0.832599 0.775330 0.828194
0 0.929515 0.814978 0.925110 0.819383 0.925110 0.823789 0.920705 0.828194 0.925110 0.832599 0.925110 0.845815 0.916300 0.854626 0.911894 0.854626 0.907489 0.859031 0.903084 0.854626 0.898678 0.854626 0.894273 0.850220 0.876652 0.850220 0.872247 0.854626 0.872247 0.867841 0.867841 0.872247 0.876652 0.881057 0.881057 0.881057 0.885463 0.876652 0.889868 0.876652 0.894273 0.872247 0.903084 0.872247 0.907489 0.867841 0.920705 0.867841 0.925110 0.863436 0.925110 0.854626 0.929515 0.850220 0.933921 0.850220 0.938326 0.845815 0.938326 0.841410 0.942731 0.837004 0.933921 0.828194 0.933921 0.819383
0 0.409692 0.775330 0.405286 0.770925 0.400881 0.775330 0.396476 0.770925 0.392070 0.775330 0.392070 0.779736 0.378855 0.792952 0.374449 0.792952 0.370044 0.797357 0.365639 0.797357 0.361233 0.801762 0.356828 0.801762 0.352423 0.806167 0.348018 0.806167 0.356828 0.814978 0.365639 0.814978 0.370044 0.810573 0.374449 0.810573 0.378855 0.814978 0.387665 0.814978 0.400881 0.801762 0.400881 0.792952 0.405286 0.788546 0.405286 0.784141 0.409692 0.779736
0 0.511013 0.757709 0.506608 0.762115 0.502203 0.757709 0.493392 0.766520 0.493392 0.770925 0.484582 0.779736 0.484582 0.784141 0.488987 0.788546 0.502203 0.788546 0.511013 0.779736 0.511013 0.775330 0.515419 0.770925 0.515419 0.762115
0 0.356828 0.735683 0.352423 0.740088 0.348018 0.740088 0.343612 0.744493 0.334802 0.744493 0.330396 0.740088 0.325991 0.740088 0.317181 0.748899 0.317181 0.766520 0.303965 0.779736 0.317181 0.792952 0.317181 0.810573 0.321586 0.814978 0.330396 0.806167 0.334802 0.806167 0.330396 0.801762 0.330396 0.792952 0.325991 0.788546 0.325991 0.766520 0.330396 0.762115 0.334802 0.762115 0.339207 0.757709 0.352423 0.757709 0.361233 0.748899 0.361233 0.740088
0 0.383260 0.731278 0.392070 0.740088 0.396476 0.740088 0.400881 0.735683 0.400881 0.718062 0.405286 0.713656 0.409692 0.713656 0.414097 0.709251 0.418502 0.709251 0.422908 0.704846 0.440529 0.704846 0.444934 0.709251 0.449339 0.709251 0.462555 0.722467 0.471366 0.722467 0.475771 0.726872 0.480176 0.726872 0.484582 0.731278 0.488987 0.731278 0.493392 0.735683 0.502203 0.726872 0.497797 0.722467 0.493392 0.722467 0.484582 0.713656 0.480176 0.713656 0.466960 0.700441 0.462555 0.700441 0.458150 0.696035 0.453745 0.696035 0.449339 0.691630 0.444934 0.691630 0.440529 0.687225 0.436123 0.687225 0.431718 0.691630 0.422908 0.691630 0.418502 0.687225 0.414097 0.687225 0.409692 0.691630 0.405286 0.691630 0.400881 0.696035 0.400881 0.713656 0.392070 0.722467 0.387665 0.722467 0.383260 0.726872
0 0.559471 0.678414 0.555066 0.674009 0.541850 0.674009 0.537445 0.678414 0.533040 0.678414 0.528634 0.682819 0.524229 0.678414 0.519824 0.678414 0.519824 0.687225 0.528634 0.696035 0.533040 0.696035 0.537445 0.691630 0.546256 0.691630
0 0.220264 0.674009 0.207048 0.660793 0.189427 0.660793 0.185022 0.665198 0.180617 0.665198 0.176211 0.669604 0.180617 0.674009 0.180617 0.682819 0.171806 0.691630 0.167401 0.691630 0.162996 0.696035 0.158590 0.696035 0.154185 0.700441 0.154185 0.704846 0.145374 0.713656 0.149780 0.718062 0.149780 0.722467 0.154185 0.726872 0.158590 0.726872 0.162996 0.722467 0.162996 0.718062 0.167401 0.713656 0.167401 0.704846 0.171806 0.700441 0.171806 0.691630 0.176211 0.687225 0.180617 0.687225 0.185022 0.682819 0.207048 0.682819 0.211454 0.678414 0.215859 0.678414
0 0.929515 0.647577 0.920705 0.656388 0.925110 0.660793 0.925110 0.669604 0.942731 0.687225 0.947137 0.687225 0.951542 0.682819 0.951542 0.674009 0.947137 0.669604 0.947137 0.660793 0.942731 0.656388 0.938326 0.656388
0 0.242291 0.634361 0.246696 0.638767 0.246696 0.643172 0.264317 0.660793 0.277533 0.660793 0.286344 0.651982 0.290749 0.651982 0.286344 0.651982 0.281938 0.647577 0.277533 0.647577 0.259912 0.629956 0.255507 0.629956 0.251101 0.625551
0 0.110132 0.621145 0.105727 0.625551 0.101322 0.625551 0.096916 0.629956 0.088106 0.629956 0.083700 0.634361 0.079295 0.634361 0.074890 0.638767 0.074890 0.643172 0.070485 0.647577 0.070485 0.656388 0.074890 0.660793 0.083700 0.660793 0.088106 0.665198 0.092511 0.665198 0.096916 0.669604 0.096916 0.674009 0.101322 0.678414 0.105727 0.674009 0.101322 0.669604 0.096916 0.669604 0.092511 0.665198 0.092511 0.656388 0.105727 0.643172 0.110132 0.643172 0.114537 0.638767 0.114537 0.634361 0.110132 0.629956
0 0.462555 0.616740 0.458150 0.616740 0.453745 0.621145 0.449339 0.621145 0.440529 0.629956 0.440529 0.634361 0.436123 0.638767 0.436123 0.651982 0.431718 0.656388 0.440529 0.665198 0.444934 0.665198 0.458150 0.651982 0.458150 0.643172 0.462555 0.638767 0.462555 0.634361 0.466960 0.629956 0.466960 0.621145
0 0.409692 0.585903 0.405286 0.590308 0.400881 0.590308 0.392070 0.599119 0.392070 0.612335 0.396476 0.616740 0.405286 0.616740 0.414097 0.607930 0.414097 0.603524 0.418502 0.599119 0.418502 0.594714
0 0.784141 0.585903 0.779736 0.581498 0.770925 0.581498 0.762115 0.590308 0.762115 0.599119 0.757709 0.603524 0.757709 0.607930 0.753304 0.612335 0.748899 0.612335 0.744493 0.616740 0.740088 0.616740 0.731278 0.625551 0.735683 0.629956 0.740088 0.629956 0.753304 0.616740 0.757709 0.616740 0.762115 0.612335 0.779736 0.612335 0.788546 0.603524 0.788546 0.594714 0.784141 0.590308
0 0.180617 0.559471 0.176211 0.563877 0.176211 0.581498 0.180617 0.585903 0.180617 0.594714 0.189427 0.603524 0.198238 0.603524 0.202643 0.607930 0.207048 0.603524 0.207048 0.599119 0.211454 0.594714 0.207048 0.590308 0.207048 0.585903
0 0.907489 0.555066 0.903084 0.555066 0.898678 0.559471 0.894273 0.559471 0.889868 0.563877 0.885463 0.559471 0.881057 0.559471 0.872247 0.550661 0.867841 0.550661 0.859031 0.559471 0.859031 0.581498 0.863436 0.585903 0.863436 0.603524 0.859031 0.607930 0.854626 0.607930 0.850220 0.612335 0.841410 0.612335 0.837004 0.616740 0.837004 0.625551 0.845815 0.634361 0.859031 0.621145 0.863436 0.621145 0.867841 0.616740 0.876652 0.616740 0.881057 0.621145 0.889868 0.612335 0.885463 0.607930 0.885463 0.603524 0.881057 0.599119 0.881057 0.594714 0.876652 0.590308 0.876652 0.581498 0.881057 0.577093 0.881057 0.572687 0.885463 0.568282 0.889868 0.568282 0.894273 0.563877 0.898678 0.563877 0.903084 0.568282 0.911894 0.559471
0 0.224670 0.546256 0.224670 0.555066 0.220264 0.559471 0.229075 0.568282 0.233480 0.568282 0.251101 0.550661 0.251101 0.546256 0.255507 0.541850 0.259912 0.541850 0.264317 0.537445 0.268722 0.537445 0.273128 0.541850 0.277533 0.541850 0.281938 0.546256 0.281938 0.568282 0.286344 0.572687 0.286344 0.585903 0.295154 0.594714 0.303965 0.585903 0.303965 0.581498 0.295154 0.572687 0.295154 0.563877 0.290749 0.559471 0.290749 0.550661 0.295154 0.546256 0.299559 0.546256 0.303965 0.541850 0.290749 0.528634 0.286344 0.528634 0.281938 0.533040 0.277533 0.533040 0.273128 0.537445 0.268722 0.533040 0.264317 0.533040 0.259912 0.528634 0.259912 0.524229 0.255507 0.519824 0.251101 0.524229 0.251101 0.528634 0.246696 0.533040 0.242291 0.533040 0.237885 0.537445 0.233480 0.537445
0 0.960352 0.511013 0.955947 0.511013 0.951542 0.515419 0.951542 0.524229 0.955947 0.528634 0.955947 0.572687 0.951542 0.577093 0.951542 0.581498 0.942731 0.590308 0.942731 0.599119 0.938326 0.603524 0.947137 0.612335 0.951542 0.612335 0.969163 0.594714 0.969163 0.590308 0.973568 0.585903 0.973568 0.581498 0.977974 0.577093 0.977974 0.559471 0.973568 0.555066 0.973568 0.537445 0.977974 0.533040 0.973568 0.528634 0.973568 0.524229
0 0.854626 0.515419 0.854626 0.519824 0.867841 0.533040 0.872247 0.533040 0.876652 0.528634 0.881057 0.528634 0.885463 0.524229 0.885463 0.515419 0.876652 0.506608 0.863436 0.506608
0 0.612335 0.502203 0.599119 0.502203 0.594714 0.506608 0.590308 0.506608 0.590308 0.519824 0.599119 0.528634 0.603524 0.528634 0.607930 0.524229 0.612335 0.524229 0.616740 0.519824 0.616740 0.506608
0 0.193833 0.488987 0.189427 0.488987 0.185022 0.493392 0.180617 0.493392 0.162996 0.511013 0.158590 0.511013 0.154185 0.515419 0.154185 0.519824 0.171806 0.537445 0.176211 0.537445 0.180617 0.541850 0.185022 0.537445 0.189427 0.541850 0.215859 0.515419 0.215859 0.511013 0.220264 0.506608 0.215859 0.502203 0.211454 0.502203 0.202643 0.493392 0.198238 0.493392
0 0.674009 0.480176 0.669604 0.484582 0.669604 0.488987 0.674009 0.493392 0.674009 0.497797 0.678414 0.502203 0.682819 0.502203 0.691630 0.511013 0.691630 0.524229 0.687225 0.528634 0.687225 0.533040 0.682819 0.537445 0.682819 0.541850 0.678414 0.546256 0.678414 0.563877 0.682819 0.568282 0.687225 0.568282 0.691630 0.572687 0.700441 0.563877 0.700441 0.550661 0.704846 0.546256 0.704846 0.541850 0.709251 0.537445 0.709251 0.528634 0.704846 0.524229 0.704846 0.515419 0.691630 0.502203 0.691630 0.488987 0.682819 0.480176 0.678414 0.484582
0 0.819383 0.466960 0.801762 0.466960 0.797357 0.471366 0.792952 0.471366 0.784141 0.480176 0.784141 0.506608 0.788546 0.511013 0.788546 0.533040 0.792952 0.537445 0.792952 0.546256 0.806167 0.559471 0.814978 0.550661 0.814978 0.537445 0.806167 0.528634 0.806167 0.524229 0.801762 0.519824 0.801762 0.493392 0.814978 0.480176 0.819383 0.480176 0.823789 0.475771 0.823789 0.471366
0 0.462555 0.444934 0.462555 0.449339 0.466960 0.453745 0.466960 0.458150 0.484582 0.475771 0.488987 0.475771 0.493392 0.480176 0.497797 0.480176 0.502203 0.475771 0.506608 0.475771 0.511013 0.480176 0.515419 0.475771 0.497797 0.458150 0.493392 0.458150 0.480176 0.444934 0.480176 0.440529 0.475771 0.436123 0.471366 0.440529 0.466960 0.440529
0 0.585903 0.422908 0.581498 0.422908 0.577093 0.427313 0.577093 0.436123 0.572687 0.440529 0.572687 0.444934 0.568282 0.449339 0.563877 0.449339 0.559471 0.453745 0.555066 0.453745 0.546256 0.462555 0.550661 0.466960 0.555066 0.462555 0.559471 0.462555 0.563877 0.458150 0.568282 0.458150 0.572687 0.453745 0.577093 0.458150 0.581498 0.458150 0.594714 0.471366 0.599119 0.466960 0.599119 0.453745 0.594714 0.449339 0.594714 0.440529 0.590308 0.436123 0.590308 0.427313
0 0.929515 0.396476 0.925110 0.400881 0.925110 0.409692 0.929515 0.414097 0.929515 0.422908 0.933921 0.427313 0.933921 0.436123 0.938326 0.440529 0.942731 0.440529 0.960352 0.458150 0.977974 0.458150 0.982379 0.462555 0.991189 0.462555 0.995595 0.466960 0.995595 0.409692 0.991189 0.409692 0.986784 0.414097 0.986784 0.427313 0.977974 0.436123 0.973568 0.436123 0.969163 0.440529 0.964758 0.436123 0.960352 0.436123 0.951542 0.427313 0.951542 0.422908 0.947137 0.418502 0.947137 0.405286 0.938326 0.396476
0 0.889868 0.383260 0.876652 0.374449 0.872247 0.378855 0.867841 0.378855 0.863436 0.383260 0.859031 0.383260 0.854626 0.387665 0.850220 0.387665 0.837004 0.396476 0.823789 0.396476 0.819383 0.392070 0.814978 0.392070 0.810573 0.387665 0.806167 0.387665 0.797357 0.378855 0.788546 0.378855 0.784141 0.374449 0.770925 0.387665 0.770925 0.400881 0.766520 0.405286 0.762115 0.405286 0.757709 0.409692 0.753304 0.405286 0.748899 0.405286 0.740088 0.396476 0.735683 0.400881 0.731278 0.400881 0.726872 0.405286 0.731278 0.409692 0.731278 0.427313 0.718062 0.436123 0.718062 0.449339 0.726872 0.458150 0.726872 0.484582 0.731278 0.488987 0.731278 0.497797 0.744493 0.511013 0.748899 0.511013 0.753304 0.506608 0.753304 0.493392 0.748899 0.488987 0.748899 0.475771 0.744493 0.471366 0.744493 0.462555 0.735683 0.449339 0.735683 0.427313 0.740088 0.422908 0.744493 0.422908 0.753304 0.409692 0.757709 0.409692 0.762115 0.405286 0.766520 0.405286 0.770925 0.409692 0.775330 0.409692 0.784141 0.418502 0.788546 0.418502 0.792952 0.422908 0.806167 0.422908 0.810573 0.427313 0.819383 0.418502 0.823789 0.418502 0.828194 0.414097 0.832599 0.414097 0.837004 0.418502 0.850220 0.418502 0.863436 0.405286 0.867841 0.405286 0.872247 0.400881 0.876652 0.400881 0.881057 0.396476 0.885463 0.396476 0.889868 0.392070
0 0.436123 0.361233 0.444934 0.370044 0.449339 0.370044 0.453745 0.374449 0.462555 0.374449 0.466960 0.378855 0.475771 0.378855 0.480176 0.374449 0.484582 0.378855 0.488987 0.378855 0.497797 0.387665 0.502203 0.387665 0.506608 0.383260 0.511013 0.387665 0.515419 0.387665 0.524229 0.396476 0.524229 0.409692 0.519824 0.414097 0.515419 0.414097 0.506608 0.422908 0.506608 0.427313 0.511013 0.431718 0.515419 0.431718 0.533040 0.414097 0.537445 0.414097 0.546256 0.405286 0.550661 0.405286 0.555066 0.400881 0.550661 0.400881 0.546256 0.396476 0.546256 0.392070 0.541850 0.387665 0.537445 0.387665 0.533040 0.383260 0.528634 0.383260 0.524229 0.378855 0.515419 0.378855 0.511013 0.374449 0.493392 0.374449 0.488987 0.378855 0.484582 0.374449 0.480176 0.374449 0.471366 0.365639 0.471366 0.361233 0.466960 0.356828 0.458150 0.356828 0.453745 0.352423 0.449339 0.356828 0.444934 0.352423
0 0.000000 0.352423 0.022026 0.387665 0.004405 0.414097 0.140969 0.436123 0.140969 0.462555 0.101322 0.484582 0.061674 0.462555 0.092511 0.488987 0.039648 0.572687 0.044053 0.607930 0.101322 0.502203 0.145374 0.462555 0.224670 0.440529 0.242291 0.471366 0.299559 0.475771 0.378855 0.546256 0.330396 0.585903 0.348018 0.607930 0.378855 0.555066 0.418502 0.537445 0.444934 0.572687 0.594714 0.651982 0.612335 0.678414 0.572687 0.735683 0.581498 0.753304 0.634361 0.665198 0.726872 0.691630 0.748899 0.726872 0.731278 0.744493 0.687225 0.718062 0.577093 0.806167 0.312775 0.889868 0.233480 0.876652 0.242291 0.823789 0.215859 0.872247 0.185022 0.867841 0.180617 0.828194 0.215859 0.779736 0.114537 0.788546 0.136564 0.757709 0.123348 0.731278 0.092511 0.779736 0.000000 0.837004 0.000000 0.885463 0.176211 0.894273 0.185022 0.938326 0.215859 0.903084 0.264317 0.920705 0.422908 0.907489 0.475771 0.947137 0.612335 0.889868 0.541850 0.889868 0.493392 0.916300 0.475771 0.889868 0.629956 0.806167 0.647577 0.828194 0.660793 0.797357 0.691630 0.814978 0.682819 0.788546 0.700441 0.775330 0.740088 0.779736 0.753304 0.806167 0.801762 0.753304 0.872247 0.766520 0.876652 0.792952 0.828194 0.797357 0.828194 0.837004 0.859031 0.806167 0.894273 0.814978 0.911894 0.779736 0.973568 0.788546 0.969163 0.823789 0.995595 0.806167 0.995595 0.753304 0.955947 0.748899 0.991189 0.718062 0.973568 0.704846 0.867841 0.735683 0.823789 0.709251 0.881057 0.678414 0.876652 0.651982 0.823789 0.669604 0.806167 0.704846 0.744493 0.647577 0.678414 0.647577 0.643172 0.594714 0.625551 0.612335 0.453745 0.502203 0.405286 0.497797 0.405286 0.444934 0.374449 0.427313 0.356828 0.449339 0.176211 0.396476 0.127753 0.405286
0 0.951542 0.365639 0.951542 0.370044 0.960352 0.378855 0.964758 0.374449 0.969163 0.374449 0.973568 0.370044 0.977974 0.370044 0.982379 0.365639 0.991189 0.365639 0.995595 0.370044 0.995595 0.352423 0.973568 0.352423 0.969163 0.348018 0.964758 0.348018 0.960352 0.352423 0.960352 0.356828
0 0.273128 0.343612 0.268722 0.339207 0.251101 0.339207 0.242291 0.348018 0.237885 0.348018 0.233480 0.352423 0.229075 0.352423 0.224670 0.348018 0.215859 0.356828 0.220264 0.361233 0.224670 0.361233 0.229075 0.356828 0.233480 0.356828 0.237885 0.352423 0.242291 0.352423 0.246696 0.356828 0.251101 0.356828 0.255507 0.361233 0.264317 0.361233 0.273128 0.352423
0 0.317181 0.334802 0.308370 0.343612 0.308370 0.352423 0.312775 0.356828 0.317181 0.356828 0.321586 0.361233 0.325991 0.361233 0.334802 0.370044 0.339207 0.370044 0.348018 0.378855 0.352423 0.374449 0.348018 0.370044 0.343612 0.370044 0.334802 0.361233 0.330396 0.361233 0.325991 0.356828 0.325991 0.339207 0.321586 0.334802
0 0.352423 0.303965 0.348018 0.308370 0.348018 0.312775 0.343612 0.317181 0.352423 0.325991 0.352423 0.330396 0.374449 0.352423 0.378855 0.352423 0.383260 0.356828 0.387665 0.356828 0.392070 0.361233 0.392070 0.378855 0.387665 0.383260 0.392070 0.387665 0.392070 0.392070 0.405286 0.405286 0.409692 0.400881 0.409692 0.365639 0.396476 0.352423 0.392070 0.352423 0.387665 0.348018 0.387665 0.343612 0.378855 0.334802 0.378855 0.325991 0.356828 0.303965
0 0.731278 0.295154 0.726872 0.295154 0.713656 0.308370 0.713656 0.334802 0.718062 0.339207 0.718062 0.348018 0.713656 0.352423 0.709251 0.352423 0.704846 0.356828 0.682819 0.356828 0.678414 0.352423 0.665198 0.352423 0.660793 0.356828 0.656388 0.356828 0.651982 0.361233 0.651982 0.365639 0.647577 0.370044 0.647577 0.409692 0.643172 0.414097 0.638767 0.414097 0.634361 0.418502 0.625551 0.418502 0.621145 0.422908 0.621145 0.431718 0.625551 0.436123 0.625551 0.453745 0.629956 0.458150 0.629956 0.471366 0.625551 0.475771 0.625551 0.484582 0.629956 0.488987 0.634361 0.488987 0.643172 0.480176 0.643172 0.471366 0.647577 0.466960 0.647577 0.453745 0.643172 0.449339 0.643172 0.444934 0.638767 0.440529 0.638767 0.418502 0.643172 0.414097 0.647577 0.414097 0.651982 0.409692 0.678414 0.409692 0.682819 0.405286 0.665198 0.387665 0.665198 0.378855 0.669604 0.374449 0.674009 0.374449 0.678414 0.370044 0.682819 0.370044 0.687225 0.365639 0.700441 0.365639 0.704846 0.370044 0.713656 0.361233 0.713656 0.352423 0.722467 0.343612 0.726872 0.343612 0.735683 0.334802 0.735683 0.299559
0 0.541850 0.290749 0.533040 0.281938 0.524229 0.281938 0.519824 0.286344 0.515419 0.286344 0.511013 0.290749 0.506608 0.290749 0.502203 0.295154 0.493392 0.295154 0.484582 0.303965 0.488987 0.308370 0.511013 0.308370 0.515419 0.312775 0.524229 0.312775 0.528634 0.308370 0.533040 0.308370 0.541850 0.299559
0 0.960352 0.259912 0.955947 0.255507 0.947137 0.255507 0.933921 0.268722 0.933921 0.273128 0.929515 0.277533 0.925110 0.277533 0.920705 0.281938 0.911894 0.281938 0.907489 0.277533 0.903084 0.277533 0.898678 0.273128 0.894273 0.277533 0.889868 0.277533 0.885463 0.281938 0.859031 0.281938 0.854626 0.286344 0.859031 0.290749 0.859031 0.295154 0.867841 0.303965 0.872247 0.303965 0.876652 0.308370 0.881057 0.308370 0.885463 0.303965 0.894273 0.303965 0.898678 0.299559 0.903084 0.299559 0.911894 0.290749 0.916300 0.290749 0.920705 0.286344 0.929515 0.286344 0.933921 0.290749 0.942731 0.290749 0.960352 0.273128
0 0.656388 0.242291 0.647577 0.242291 0.643172 0.246696 0.643172 0.255507 0.647577 0.259912 0.647577 0.273128 0.643172 0.277533 0.643172 0.281938 0.638767 0.286344 0.634361 0.286344 0.629956 0.290749 0.625551 0.286344 0.612335 0.286344 0.607930 0.290749 0.607930 0.299559 0.603524 0.303965 0.599119 0.303965 0.594714 0.308370 0.594714 0.317181 0.603524 0.325991 0.612335 0.325991 0.625551 0.312775 0.625551 0.308370 0.643172 0.290749 0.647577 0.290749 0.651982 0.286344 0.656388 0.290749 0.660793 0.290749 0.665198 0.295154 0.665198 0.312775 0.674009 0.321586 0.678414 0.321586 0.682819 0.317181 0.682819 0.308370 0.674009 0.299559 0.669604 0.299559 0.660793 0.290749 0.660793 0.264317 0.656388 0.259912 0.656388 0.251101 0.660793 0.246696
0 0.202643 0.211454 0.193833 0.211454 0.189427 0.207048 0.180617 0.207048 0.176211 0.211454 0.176211 0.220264 0.193833 0.237885 0.198238 0.237885 0.211454 0.251101 0.211454 0.259912 0.207048 0.264317 0.207048 0.268722 0.202643 0.273128 0.198238 0.273128 0.193833 0.277533 0.189427 0.273128 0.185022 0.273128 0.180617 0.268722 0.176211 0.273128 0.171806 0.273128 0.167401 0.277533 0.158590 0.277533 0.154185 0.273128 0.136564 0.273128 0.132159 0.268722 0.127753 0.268722 0.123348 0.273128 0.123348 0.277533 0.118943 0.281938 0.114537 0.281938 0.110132 0.286344 0.105727 0.286344 0.101322 0.281938 0.096916 0.281938 0.088106 0.290749 0.088106 0.308370 0.092511 0.312775 0.096916 0.312775 0.105727 0.321586 0.105727 0.330396 0.110132 0.334802 0.110132 0.339207 0.118943 0.348018 0.123348 0.343612 0.127753 0.343612 0.132159 0.339207 0.140969 0.339207 0.145374 0.343612 0.154185 0.343612 0.158590 0.339207 0.162996 0.339207 0.167401 0.334802 0.189427 0.334802 0.198238 0.325991 0.193833 0.321586 0.193833 0.317181 0.189427 0.312775 0.189427 0.308370 0.180617 0.299559 0.180617 0.290749 0.193833 0.277533 0.198238 0.277533 0.202643 0.273128 0.207048 0.277533 0.211454 0.277533 0.215859 0.281938 0.220264 0.281938 0.229075 0.273128 0.229075 0.264317 0.224670 0.259912 0.220264 0.259912 0.211454 0.251101 0.211454 0.242291 0.215859 0.237885 0.215859 0.233480 0.211454 0.229075 0.211454 0.224670 0.207048 0.220264 0.207048 0.215859
0 0.585903 0.202643 0.577093 0.202643 0.568282 0.211454 0.568282 0.220264 0.563877 0.224670 0.563877 0.233480 0.559471 0.237885 0.555066 0.237885 0.550661 0.242291 0.541850 0.242291 0.537445 0.246696 0.537445 0.251101 0.541850 0.255507 0.546256 0.255507 0.550661 0.259912 0.559471 0.251101 0.563877 0.251101 0.568282 0.246696 0.577093 0.246696 0.585903 0.237885 0.585903 0.233480 0.590308 0.229075 0.590308 0.224670 0.594714 0.220264 0.590308 0.215859 0.590308 0.207048
0 0.964758 0.198238 0.951542 0.185022 0.947137 0.185022 0.942731 0.180617 0.938326 0.180617 0.933921 0.185022 0.925110 0.185022 0.920705 0.189427 0.916300 0.185022 0.911894 0.189427 0.903084 0.189427 0.898678 0.185022 0.889868 0.193833 0.889868 0.198238 0.885463 0.202643 0.881057 0.202643 0.876652 0.207048 0.872247 0.207048 0.867841 0.211454 0.863436 0.211454 0.845815 0.229075 0.841410 0.229075 0.837004 0.233480 0.832599 0.233480 0.819383 0.242291 0.814978 0.242291 0.801762 0.233480 0.788546 0.246696 0.788546 0.251101 0.801762 0.259912 0.801762 0.268722 0.797357 0.273128 0.797357 0.286344 0.792952 0.290749 0.788546 0.290749 0.784141 0.295154 0.779736 0.295154 0.775330 0.299559 0.775330 0.308370 0.784141 0.317181 0.792952 0.317181 0.797357 0.312775 0.797357 0.299559 0.810573 0.290749 0.810573 0.273128 0.806167 0.268722 0.806167 0.255507 0.814978 0.246696 0.819383 0.246696 0.823789 0.242291 0.832599 0.242291 0.837004 0.246696 0.854626 0.246696 0.859031 0.242291 0.863436 0.242291 0.867841 0.237885 0.872247 0.237885 0.881057 0.229075 0.885463 0.229075 0.894273 0.220264 0.894273 0.211454 0.907489 0.202643 0.911894 0.207048 0.916300 0.207048 0.920705 0.211454 0.925110 0.211454 0.929515 0.215859 0.933921 0.215859 0.938326 0.220264 0.942731 0.220264 0.947137 0.224670 0.951542 0.224670 0.955947 0.220264 0.955947 0.211454
0 0.643172 0.167401 0.634361 0.167401 0.621145 0.180617 0.621145 0.185022 0.616740 0.189427 0.625551 0.198238 0.638767 0.198238 0.647577 0.189427 0.647577 0.171806
0 0.167401 0.176211 0.158590 0.167401 0.154185 0.167401 0.149780 0.171806 0.149780 0.193833 0.145374 0.198238 0.140969 0.198238 0.136564 0.202643 0.132159 0.202643 0.127753 0.207048 0.123348 0.202643 0.110132 0.215859 0.105727 0.215859 0.101322 0.220264 0.096916 0.220264 0.079295 0.237885 0.079295 0.246696 0.074890 0.251101 0.070485 0.251101 0.066079 0.255507 0.048458 0.255507 0.044053 0.251101 0.039648 0.251101 0.035242 0.246696 0.026432 0.246696 0.022026 0.242291 0.017621 0.242291 0.008811 0.233480 0.000000 0.233480 0.000000 0.251101 0.008811 0.251101 0.013216 0.255507 0.017621 0.255507 0.022026 0.259912 0.026432 0.259912 0.035242 0.268722 0.048458 0.268722 0.052863 0.273128 0.057269 0.273128 0.061674 0.277533 0.066079 0.277533 0.070485 0.273128 0.070485 0.259912 0.074890 0.255507 0.079295 0.255507 0.083700 0.251101 0.092511 0.251101 0.101322 0.242291 0.101322 0.237885 0.105727 0.233480 0.110132 0.233480 0.114537 0.229075 0.118943 0.233480 0.123348 0.229075 0.127753 0.229075 0.132159 0.224670 0.136564 0.224670 0.140969 0.220264 0.140969 0.202643 0.145374 0.198238 0.149780 0.198238 0.154185 0.193833 0.158590 0.193833 0.167401 0.185022
0 0.502203 0.158590 0.497797 0.162996 0.497797 0.176211 0.484582 0.189427 0.480176 0.189427 0.475771 0.193833 0.471366 0.193833 0.466960 0.198238 0.462555 0.198238 0.458150 0.202643 0.462555 0.207048 0.462555 0.215859 0.458150 0.220264 0.458150 0.224670 0.462555 0.229075 0.462555 0.242291 0.458150 0.246696 0.458150 0.259912 0.466960 0.268722 0.475771 0.268722 0.480176 0.264317 0.480176 0.255507 0.484582 0.251101 0.484582 0.246696 0.480176 0.242291 0.480176 0.229075 0.484582 0.224670 0.484582 0.220264 0.488987 0.215859 0.493392 0.215859 0.497797 0.211454 0.506608 0.211454 0.511013 0.207048 0.519824 0.207048 0.528634 0.198238 0.528634 0.193833 0.533040 0.189427 0.533040 0.180617 0.528634 0.176211 0.524229 0.176211 0.519824 0.171806 0.515419 0.171806
0 0.414097 0.171806 0.418502 0.176211 0.418502 0.180617 0.422908 0.185022 0.427313 0.185022 0.431718 0.189427 0.436123 0.185022 0.436123 0.176211 0.440529 0.171806 0.444934 0.171806 0.449339 0.167401 0.453745 0.167401 0.458150 0.171806 0.466960 0.171806 0.471366 0.167401 0.462555 0.158590 0.458150 0.162996 0.453745 0.162996 0.449339 0.167401 0.444934 0.162996 0.440529 0.162996 0.431718 0.154185 0.427313 0.158590 0.422908 0.158590 0.418502 0.162996 0.418502 0.167401
0 0.819383 0.154185 0.823789 0.158590 0.823789 0.171806 0.832599 0.180617 0.841410 0.180617 0.845815 0.185022 0.859031 0.185022 0.863436 0.180617 0.859031 0.176211 0.854626 0.176211 0.850220 0.171806 0.850220 0.162996 0.845815 0.158590 0.845815 0.154185 0.841410 0.149780 0.823789 0.149780
0 0.123348 0.158590 0.118943 0.154185 0.114537 0.158590 0.110132 0.158590 0.105727 0.162996 0.101322 0.158590 0.096916 0.158590 0.088106 0.149780 0.074890 0.149780 0.070485 0.154185 0.066079 0.154185 0.048458 0.171806 0.044053 0.171806 0.039648 0.176211 0.035242 0.176211 0.030837 0.171806 0.026432 0.176211 0.022026 0.176211 0.017621 0.180617 0.013216 0.180617 0.008811 0.185022 0.004405 0.185022 0.000000 0.180617 0.000000 0.198238 0.004405 0.202643 0.008811 0.202643 0.013216 0.207048 0.017621 0.207048 0.022026 0.211454 0.035242 0.211454 0.039648 0.215859 0.044053 0.215859 0.052863 0.207048 0.057269 0.207048 0.070485 0.193833 0.074890 0.193833 0.092511 0.176211 0.096916 0.176211 0.101322 0.171806 0.105727 0.171806 0.110132 0.167401 0.114537 0.171806 0.123348 0.162996
0 0.590308 0.140969 0.581498 0.140969 0.577093 0.145374 0.572687 0.145374 0.568282 0.149780 0.568282 0.154185 0.563877 0.158590 0.572687 0.167401 0.590308 0.167401 0.594714 0.162996 0.594714 0.158590 0.599119 0.154185 0.594714 0.149780 0.594714 0.145374
0 0.321586 0.149780 0.317181 0.145374 0.317181 0.136564 0.312775 0.132159 0.295154 0.132159 0.286344 0.140969 0.281938 0.140969 0.277533 0.145374 0.255507 0.145374 0.251101 0.140969 0.246696 0.140969 0.242291 0.145374 0.242291 0.154185 0.251101 0.162996 0.255507 0.162996 0.259912 0.167401 0.264317 0.167401 0.268722 0.162996 0.273128 0.162996 0.281938 0.154185 0.286344 0.154185 0.290749 0.149780 0.295154 0.154185 0.299559 0.154185 0.303965 0.158590 0.308370 0.158590 0.312775 0.162996 0.321586 0.154185
0 0.162996 0.136564 0.171806 0.145374 0.176211 0.145374 0.180617 0.140969 0.193833 0.140969 0.211454 0.123348 0.207048 0.118943 0.202643 0.123348 0.198238 0.118943 0.193833 0.123348 0.189427 0.118943 0.176211 0.118943 0.167401 0.127753 0.167401 0.132159
0 0.748899 0.105727 0.744493 0.110132 0.744493 0.162996 0.740088 0.167401 0.735683 0.167401 0.731278 0.171806 0.726872 0.171806 0.722467 0.176211 0.722467 0.185022 0.718062 0.189427 0.718062 0.198238 0.713656 0.202643 0.709251 0.202643 0.704846 0.207048 0.700441 0.202643 0.691630 0.202643 0.678414 0.215859 0.687225 0.224670 0.700441 0.224670 0.704846 0.229075 0.709251 0.229075 0.713656 0.233480 0.713656 0.246696 0.709251 0.251101 0.709251 0.264317 0.713656 0.268722 0.731278 0.268722 0.735683 0.264317 0.735683 0.246696 0.722467 0.233480 0.718062 0.233480 0.709251 0.224670 0.709251 0.207048 0.713656 0.202643 0.718062 0.202643 0.722467 0.198238 0.726872 0.202643 0.735683 0.202643 0.748899 0.189427 0.748899 0.171806 0.762115 0.158590 0.762115 0.136564 0.766520 0.132159 0.770925 0.132159 0.766520 0.127753 0.762115 0.127753 0.757709 0.123348 0.757709 0.114537
0 0.431718 0.105727 0.422908 0.096916 0.414097 0.096916 0.409692 0.101322 0.405286 0.101322 0.400881 0.105727 0.396476 0.105727 0.392070 0.110132 0.383260 0.110132 0.378855 0.105727 0.374449 0.105727 0.374449 0.114537 0.370044 0.118943 0.370044 0.127753 0.374449 0.132159 0.378855 0.127753 0.383260 0.127753 0.387665 0.123348 0.418502 0.123348 0.431718 0.110132
0 0.268722 0.101322 0.264317 0.096916 0.251101 0.096916 0.246696 0.101322 0.242291 0.101322 0.233480 0.110132 0.233480 0.114537 0.242291 0.123348 0.251101 0.123348 0.259912 0.114537 0.264317 0.114537 0.268722 0.110132
0 0.039648 0.101322 0.035242 0.096916 0.030837 0.101322 0.000000 0.101322 0.000000 0.118943 0.004405 0.118943 0.008811 0.114537 0.022026 0.114537 0.026432 0.110132 0.035242 0.110132 0.039648 0.105727
0 0.660793 0.101322 0.665198 0.105727 0.665198 0.114537 0.669604 0.118943 0.678414 0.118943 0.682819 0.114537 0.687225 0.114537 0.691630 0.118943 0.696035 0.118943 0.700441 0.123348 0.700441 0.127753 0.704846 0.132159 0.709251 0.132159 0.713656 0.127753 0.713656 0.123348 0.718062 0.118943 0.713656 0.114537 0.709251 0.114537 0.704846 0.118943 0.700441 0.118943 0.696035 0.114537 0.691630 0.114537 0.687225 0.110132 0.687225 0.105727 0.682819 0.101322 0.678414 0.101322 0.669604 0.092511
0 0.801762 0.092511 0.801762 0.096916 0.810573 0.105727 0.819383 0.105727 0.823789 0.110132 0.837004 0.110132 0.841410 0.105727 0.845815 0.105727 0.850220 0.101322 0.854626 0.101322 0.859031 0.096916 0.863436 0.096916 0.863436 0.092511 0.859031 0.092511 0.854626 0.088106 0.841410 0.088106 0.837004 0.092511 0.819383 0.092511 0.814978 0.088106 0.806167 0.088106
0 0.872247 0.096916 0.876652 0.096916 0.885463 0.105727 0.911894 0.105727 0.916300 0.101322 0.920705 0.105727 0.925110 0.101322 0.925110 0.092511 0.916300 0.083700 0.889868 0.083700 0.881057 0.092511 0.876652 0.092511
0 0.286344 0.088106 0.286344 0.092511 0.290749 0.096916 0.295154 0.092511 0.317181 0.092511 0.321586 0.088106 0.325991 0.088106 0.330396 0.083700 0.334802 0.088106 0.339207 0.088106 0.348018 0.096916 0.356828 0.096916 0.361233 0.092511 0.365639 0.096916 0.370044 0.096916 0.370044 0.083700 0.365639 0.079295 0.348018 0.079295 0.343612 0.083700 0.339207 0.083700 0.334802 0.088106 0.330396 0.083700 0.325991 0.083700 0.321586 0.079295 0.321586 0.074890 0.312775 0.066079 0.308370 0.066079 0.303965 0.061674 0.299559 0.066079 0.299559 0.070485 0.295154 0.074890 0.295154 0.079295
0 0.180617 0.048458 0.176211 0.052863 0.176211 0.057269 0.180617 0.061674 0.180617 0.066079 0.185022 0.070485 0.185022 0.074890 0.189427 0.079295 0.202643 0.079295 0.207048 0.074890 0.207048 0.061674 0.202643 0.057269 0.198238 0.057269 0.193833 0.052863 0.189427 0.052863 0.185022 0.048458
0 0.066079 0.048458 0.061674 0.052863 0.057269 0.052863 0.048458 0.061674 0.048458 0.070485 0.061674 0.083700 0.061674 0.088106 0.066079 0.092511 0.070485 0.092511 0.079295 0.101322 0.083700 0.096916 0.083700 0.092511 0.088106 0.088106 0.088106 0.074890 0.083700 0.070485 0.083700 0.061674 0.070485 0.048458
0 0.471366 0.039648 0.462555 0.030837 0.458150 0.035242 0.427313 0.035242 0.418502 0.044053 0.418502 0.048458 0.409692 0.057269 0.405286 0.057269 0.400881 0.061674 0.400881 0.066079 0.414097 0.079295 0.418502 0.074890 0.422908 0.074890 0.427313 0.070485 0.427313 0.061674 0.436123 0.052863 0.440529 0.052863 0.444934 0.048458 0.462555 0.048458
0 0.537445 0.070485 0.563877 0.092511 0.577093 0.092511 0.585903 0.083700 0.581498 0.052863 0.603524 0.039648 0.603524 0.030837 0.616740 0.022026 0.638767 0.039648 0.643172 0.035242 0.647577 0.039648 0.665198 0.030837 0.709251 0.061674 0.713656 0.057269 0.722467 0.061674 0.735683 0.052863 0.735683 0.039648 0.748899 0.030837 0.788546 0.030837 0.819383 0.044053 0.823789 0.039648 0.889868 0.039648 0.894273 0.044053 0.898678 0.039648 0.903084 0.044053 0.933921 0.044053 0.969163 0.061674 0.977974 0.057269 0.991189 0.057269 0.995595 0.061674 0.995595 0.030837 0.969163 0.030837 0.955947 0.022026 0.947137 0.022026 0.929515 0.013216 0.907489 0.013216 0.898678 0.008811 0.894273 0.000000 0.832599 0.000000 0.832599 0.004405 0.819383 0.013216 0.806167 0.008811 0.801762 0.000000 0.704846 0.000000 0.709251 0.008811 0.731278 0.026432 0.731278 0.035242 0.726872 0.039648 0.709251 0.044053 0.687225 0.026432 0.674009 0.035242 0.665198 0.030837 0.656388 0.013216 0.656388 0.004405 0.660793 0.000000 0.634361 0.000000 0.629956 0.008811 0.612335 0.017621 0.599119 0.017621 0.594714 0.013216 0.590308 0.017621 0.581498 0.017621 0.568282 0.030837 0.555066 0.057269
0 0.541850 0.000000 0.528634 0.000000 0.528634 0.004405 0.524229 0.008811 0.519824 0.008811 0.515419 0.013216 0.502203 0.013216 0.497797 0.017621 0.497797 0.022026 0.506608 0.030837 0.515419 0.030837 0.519824 0.035242 0.524229 0.030837 0.528634 0.030837 0.537445 0.022026 0.537445 0.017621 0.541850 0.013216
0 0.242291 0.000000 0.246696 0.004405 0.246696 0.022026 0.255507 0.030837 0.268722 0.030837 0.273128 0.026432 0.273128 0.017621 0.259912 0.004405 0.259912 0.000000
0 0.132159 0.000000 0.132159 0.022026 0.127753 0.026432 0.123348 0.026432 0.118943 0.030837 0.114537 0.030837 0.110132 0.035242 0.110132 0.044053 0.123348 0.057269 0.123348 0.074890 0.132159 0.083700 0.145374 0.083700 0.149780 0.079295 0.149780 0.066079 0.145374 0.061674 0.136564 0.061674 0.132159 0.057269 0.127753 0.057269 0.123348 0.052863 0.123348 0.039648 0.127753 0.035242 0.132159 0.035242 0.136564 0.030837 0.140969 0.030837 0.149780 0.022026 0.149780 0.000000
