0 0.898678 0.960352 0.894273 0.964758 0.894273 0.982379 0.903084 0.991189 0.903084 0.995595 0.907489 0.995595 0.907489 0.991189 0.916300 0.982379 0.916300 0.973568 0.907489 0.964758 0.903084 0.964758
0 0.775330 0.969163 0.784141 0.977974 0.788546 0.977974 0.792952 0.973568 0.792952 0.969163 0.797357 0.964758 0.801762 0.964758 0.806167 0.960352 0.810573 0.960352 0.814978 0.964758 0.819383 0.964758 0.823789 0.969163 0.823789 0.973568 0.828194 0.977974 0.845815 0.977974 0.854626 0.969163 0.850220 0.964758 0.841410 0.964758 0.837004 0.960352 0.828194 0.960352 0.823789 0.955947 0.806167 0.955947 0.801762 0.951542 0.797357 0.951542 0.792952 0.955947 0.788546 0.955947
0 0.995595 0.942731 0.991189 0.942731 0.982379 0.951542 0.977974 0.951542 0.973568 0.955947 0.969163 0.951542 0.960352 0.951542 0.955947 0.947137 0.951542 0.951542 0.955947 0.955947 0.955947 0.973568 0.960352 0.977974 0.964758 0.973568 0.969163 0.973568 0.977974 0.964758 0.982379 0.964758 0.986784 0.960352 0.995595 0.960352
0 0.299559 0.955947 0.303965 0.955947 0.312775 0.964758 0.321586 0.964758 0.325991 0.960352 0.330396 0.960352 0.334802 0.955947 0.339207 0.955947 0.343612 0.951542 0.339207 0.947137 0.330396 0.947137 0.325991 0.942731 0.317181 0.942731 0.303965 0.955947
0 0.594714 0.947137 0.585903 0.938326 0.581498 0.938326 0.577093 0.933921 0.568282 0.933921 0.563877 0.938326 0.559471 0.938326 0.555066 0.942731 0.546256 0.942731 0.541850 0.947137 0.537445 0.947137 0.528634 0.955947 0.524229 0.955947 0.519824 0.960352 0.506608 0.960352 0.502203 0.964758 0.497797 0.964758 0.502203 0.964758 0.515419 0.977974 0.519824 0.977974 0.524229 0.973568 0.537445 0.973568 0.541850 0.969163 0.546256 0.969163 0.550661 0.964758 0.555066 0.964758 0.559471 0.960352 0.563877 0.960352 0.568282 0.955947 0.590308 0.955947 0.594714 0.951542
0 0.933921 0.876652 0.925110 0.867841 0.907489 0.867841 0.898678 0.876652 0.898678 0.881057 0.894273 0.885463 0.889868 0.885463 0.881057 0.894273 0.881057 0.903084 0.876652 0.907489 0.872247 0.907489 0.867841 0.911894 0.837004 0.911894 0.832599 0.907489 0.828194 0.907489 0.819383 0.916300 0.819383 0.920705 0.828194 0.929515 0.841410 0.929515 0.845815 0.925110 0.863436 0.925110 0.867841 0.920705 0.872247 0.920705 0.876652 0.916300 0.881057 0.920705 0.885463 0.916300 0.885463 0.911894 0.903084 0.894273 0.907489 0.894273 0.911894 0.889868 0.920705 0.889868 0.925110 0.894273 0.933921 0.885463
0 0.740088 0.859031 0.735683 0.863436 0.735683 0.876652 0.740088 0.881057 0.744493 0.881057 0.748899 0.885463 0.753304 0.885463 0.762115 0.894273 0.762115 0.903084 0.753304 0.911894 0.748899 0.911894 0.744493 0.916300 0.740088 0.911894 0.726872 0.911894 0.722467 0.916300 0.722467 0.920705 0.713656 0.929515 0.713656 0.933921 0.709251 0.938326 0.704846 0.938326 0.700441 0.942731 0.696035 0.938326 0.691630 0.938326 0.687225 0.933921 0.660793 0.933921 0.651982 0.942731 0.651982 0.951542 0.656388 0.955947 0.660793 0.955947 0.665198 0.951542 0.669604 0.951542 0.674009 0.947137 0.678414 0.951542 0.682819 0.951542 0.687225 0.955947 0.687225 0.973568 0.682819 0.977974 0.691630 0.986784 0.691630 0.995595 0.700441 0.995595 0.700441 0.982379 0.704846 0.977974 0.700441 0.973568 0.700441 0.951542 0.704846 0.947137 0.709251 0.947137 0.713656 0.942731 0.718062 0.947137 0.722467 0.947137 0.726872 0.942731 0.731278 0.942731 0.740088 0.933921 0.744493 0.933921 0.748899 0.929515 0.753304 0.929515 0.757709 0.925110 0.762115 0.925110 0.766520 0.920705 0.770925 0.920705 0.779736 0.911894 0.779736 0.903084 0.770925 0.894273 0.770925 0.889868 0.762115 0.881057 0.762115 0.876652 0.753304 0.867841 0.748899 0.867841
0 0.193833 0.823789 0.189427 0.819383 0.185022 0.823789 0.180617 0.823789 0.176211 0.828194 0.171806 0.828194 0.167401 0.832599 0.158590 0.832599 0.154185 0.837004 0.149780 0.837004 0.145374 0.841410 0.140969 0.837004 0.127753 0.837004 0.114537 0.850220 0.110132 0.850220 0.105727 0.854626 0.101322 0.854626 0.096916 0.859031 0.096916 0.867841 0.101322 0.872247 0.114537 0.872247 0.118943 0.867841 0.123348 0.867841 0.127753 0.863436 0.140969 0.863436 0.145374 0.859031 0.154185 0.859031 0.158590 0.854626 0.167401 0.854626 0.176211 0.845815 0.176211 0.841410
0 0.343612 0.819383 0.339207 0.814978 0.339207 0.810573 0.330396 0.801762 0.330396 0.788546 0.325991 0.784141 0.317181 0.784141 0.308370 0.792952 0.303965 0.792952 0.299559 0.797357 0.295154 0.792952 0.290749 0.792952 0.286344 0.788546 0.281938 0.788546 0.273128 0.797357 0.277533 0.801762 0.286344 0.801762 0.290749 0.806167 0.295154 0.801762 0.299559 0.801762 0.303965 0.797357 0.308370 0.801762 0.312775 0.801762 0.321586 0.810573 0.321586 0.814978 0.325991 0.819383 0.334802 0.819383 0.339207 0.823789
0 0.484582 0.784141 0.488987 0.788546 0.493392 0.788546 0.497797 0.792952 0.502203 0.792952 0.511013 0.801762 0.524229 0.801762 0.528634 0.797357 0.528634 0.792952 0.533040 0.788546 0.537445 0.788546 0.541850 0.784141 0.546256 0.788546 0.550661 0.784141 0.546256 0.779736 0.541850 0.784141 0.537445 0.784141 0.533040 0.788546 0.528634 0.788546 0.524229 0.784141 0.502203 0.784141 0.497797 0.779736 0.488987 0.779736
0 0.162996 0.779736 0.154185 0.770925 0.140969 0.770925 0.136564 0.766520 0.132159 0.766520 0.127753 0.770925 0.127753 0.779736 0.123348 0.784141 0.118943 0.784141 0.114537 0.788546 0.110132 0.788546 0.105727 0.784141 0.096916 0.784141 0.092511 0.788546 0.092511 0.801762 0.096916 0.806167 0.101322 0.806167 0.105727 0.810573 0.105727 0.814978 0.110132 0.819383 0.114537 0.814978 0.110132 0.810573 0.110132 0.797357 0.114537 0.792952 0.118943 0.792952 0.123348 0.788546 0.158590 0.788546 0.162996 0.784141
0 0.044053 0.748899 0.039648 0.753304 0.039648 0.766520 0.044053 0.770925 0.044053 0.775330 0.048458 0.779736 0.048458 0.792952 0.044053 0.797357 0.039648 0.797357 0.035242 0.801762 0.035242 0.819383 0.044053 0.828194 0.048458 0.828194 0.057269 0.819383 0.057269 0.806167 0.061674 0.801762 0.057269 0.797357 0.057269 0.788546 0.061674 0.784141 0.061674 0.766520 0.052863 0.757709 0.052863 0.753304 0.048458 0.748899
0 0.621145 0.718062 0.612335 0.718062 0.607930 0.722467 0.603524 0.722467 0.603524 0.735683 0.616740 0.748899 0.621145 0.744493 0.625551 0.744493 0.629956 0.740088 0.629956 0.726872
0 0.819383 0.678414 0.814978 0.682819 0.806167 0.682819 0.801762 0.678414 0.792952 0.678414 0.788546 0.674009 0.784141 0.674009 0.779736 0.669604 0.775330 0.669604 0.770925 0.674009 0.779736 0.682819 0.784141 0.682819 0.792952 0.691630 0.792952 0.718062 0.788546 0.722467 0.784141 0.722467 0.779736 0.726872 0.766520 0.726872 0.762115 0.731278 0.775330 0.744493 0.779736 0.744493 0.797357 0.726872 0.797357 0.722467 0.801762 0.718062 0.806167 0.718062 0.810573 0.713656 0.810573 0.704846 0.828194 0.687225
0 0.585903 0.687225 0.572687 0.674009 0.568282 0.674009 0.563877 0.669604 0.555066 0.669604 0.546256 0.678414 0.546256 0.682819 0.541850 0.687225 0.537445 0.687225 0.533040 0.691630 0.519824 0.691630 0.515419 0.696035 0.515419 0.709251 0.506608 0.718062 0.515419 0.726872 0.519824 0.722467 0.519824 0.718062 0.533040 0.704846 0.533040 0.700441 0.537445 0.696035 0.541850 0.696035 0.546256 0.691630 0.559471 0.691630 0.563877 0.696035 0.568282 0.696035 0.585903 0.713656 0.590308 0.709251 0.590308 0.704846 0.585903 0.700441
0 0.405286 0.691630 0.409692 0.696035 0.414097 0.696035 0.418502 0.700441 0.422908 0.700441 0.427313 0.704846 0.444934 0.704846 0.453745 0.696035 0.458150 0.696035 0.462555 0.691630 0.466960 0.691630 0.475771 0.682819 0.480176 0.682819 0.484582 0.678414 0.493392 0.678414 0.502203 0.669604 0.497797 0.665198 0.493392 0.665198 0.480176 0.651982 0.475771 0.656388 0.475771 0.660793 0.471366 0.665198 0.471366 0.678414 0.466960 0.682819 0.462555 0.682819 0.458150 0.687225 0.453745 0.687225 0.449339 0.691630 0.444934 0.687225 0.440529 0.691630 0.436123 0.687225 0.431718 0.687225 0.422908 0.678414 0.422908 0.669604 0.418502 0.665198 0.418502 0.651982 0.414097 0.647577 0.409692 0.647577 0.405286 0.651982
0 0.176211 0.638767 0.167401 0.647577 0.167401 0.651982 0.171806 0.656388 0.171806 0.660793 0.180617 0.669604 0.180617 0.678414 0.171806 0.687225 0.171806 0.691630 0.162996 0.700441 0.162996 0.704846 0.158590 0.709251 0.154185 0.709251 0.149780 0.713656 0.145374 0.709251 0.140969 0.709251 0.136564 0.704846 0.136564 0.696035 0.132159 0.691630 0.123348 0.700441 0.123348 0.713656 0.118943 0.718062 0.123348 0.722467 0.123348 0.731278 0.127753 0.735683 0.140969 0.735683 0.149780 0.726872 0.149780 0.713656 0.154185 0.709251 0.158590 0.709251 0.162996 0.704846 0.167401 0.704846 0.171806 0.709251 0.176211 0.704846 0.180617 0.704846 0.198238 0.687225 0.198238 0.678414 0.189427 0.669604 0.189427 0.651982
0 0.030837 0.643172 0.044053 0.656388 0.066079 0.656388 0.070485 0.651982 0.070485 0.647577 0.074890 0.643172 0.074890 0.638767 0.061674 0.625551 0.052863 0.625551 0.048458 0.629956 0.044053 0.629956
0 0.352423 0.629956 0.343612 0.621145 0.339207 0.621145 0.330396 0.629956 0.330396 0.638767 0.325991 0.643172 0.321586 0.643172 0.317181 0.647577 0.312775 0.647577 0.308370 0.643172 0.303965 0.643172 0.299559 0.647577 0.295154 0.647577 0.286344 0.656388 0.281938 0.656388 0.277533 0.660793 0.273128 0.660793 0.259912 0.669604 0.255507 0.665198 0.251101 0.665198 0.246696 0.660793 0.246696 0.651982 0.233480 0.643172 0.224670 0.651982 0.224670 0.656388 0.233480 0.665198 0.237885 0.665198 0.242291 0.669604 0.246696 0.669604 0.251101 0.674009 0.251101 0.682819 0.246696 0.687225 0.242291 0.687225 0.233480 0.696035 0.233480 0.704846 0.229075 0.709251 0.229075 0.726872 0.211454 0.744493 0.207048 0.744493 0.202643 0.748899 0.189427 0.740088 0.185022 0.744493 0.198238 0.753304 0.211454 0.744493 0.215859 0.748899 0.220264 0.748899 0.233480 0.762115 0.237885 0.762115 0.242291 0.757709 0.255507 0.757709 0.259912 0.762115 0.277533 0.762115 0.281938 0.757709 0.290749 0.757709 0.295154 0.753304 0.295154 0.744493 0.299559 0.740088 0.299559 0.735683 0.295154 0.731278 0.295154 0.726872 0.281938 0.713656 0.281938 0.704846 0.286344 0.700441 0.286344 0.691630 0.290749 0.687225 0.295154 0.687225 0.303965 0.678414 0.303965 0.674009 0.321586 0.656388 0.321586 0.651982 0.325991 0.647577 0.330396 0.647577 0.334802 0.643172 0.339207 0.643172 0.343612 0.647577 0.352423 0.638767
0 0.964758 0.599119 0.960352 0.594714 0.942731 0.594714 0.938326 0.590308 0.933921 0.594714 0.925110 0.594714 0.916300 0.603524 0.916300 0.612335 0.920705 0.616740 0.929515 0.616740 0.933921 0.621145 0.938326 0.621145 0.942731 0.616740 0.951542 0.616740 0.955947 0.612335 0.960352 0.612335 0.964758 0.607930
0 0.995595 0.674009 0.964758 0.656388 0.947137 0.660793 0.942731 0.687225 0.973568 0.709251 0.973568 0.722467 0.929515 0.753304 0.916300 0.744493 0.929515 0.726872 0.916300 0.678414 0.867841 0.625551 0.713656 0.590308 0.709251 0.603524 0.735683 0.634361 0.784141 0.616740 0.841410 0.634361 0.907489 0.726872 0.894273 0.744493 0.867841 0.735683 0.837004 0.766520 0.753304 0.779736 0.735683 0.770925 0.643172 0.801762 0.612335 0.788546 0.590308 0.819383 0.533040 0.841410 0.431718 0.823789 0.387665 0.850220 0.325991 0.863436 0.299559 0.854626 0.264317 0.881057 0.251101 0.872247 0.229075 0.784141 0.193833 0.779736 0.193833 0.797357 0.211454 0.788546 0.233480 0.810573 0.215859 0.859031 0.237885 0.885463 0.207048 0.916300 0.136564 0.911894 0.105727 0.925110 0.066079 0.881057 0.066079 0.850220 0.052863 0.841410 0.000000 0.859031 0.057269 0.876652 0.079295 0.920705 0.066079 0.929515 0.044053 0.907489 0.000000 0.903084 0.000000 0.938326 0.070485 0.964758 0.079295 0.982379 0.066079 0.995595 0.110132 0.995595 0.105727 0.977974 0.211454 0.951542 0.268722 0.916300 0.325991 0.903084 0.343612 0.920705 0.405286 0.938326 0.409692 0.929515 0.374449 0.916300 0.370044 0.903084 0.414097 0.876652 0.427313 0.885463 0.427313 0.920705 0.444934 0.872247 0.462555 0.859031 0.497797 0.872247 0.471366 0.911894 0.488987 0.925110 0.511013 0.889868 0.726872 0.837004 0.814978 0.841410 0.863436 0.819383 0.876652 0.828194 0.872247 0.850220 0.885463 0.854626 0.903084 0.814978 0.995595 0.788546 0.995595 0.718062 0.982379 0.709251
0 0.669604 0.585903 0.665198 0.590308 0.665198 0.594714 0.669604 0.599119 0.669604 0.607930 0.665198 0.612335 0.660793 0.612335 0.656388 0.616740 0.647577 0.616740 0.643172 0.621145 0.643172 0.625551 0.647577 0.629956 0.651982 0.629956 0.656388 0.625551 0.660793 0.629956 0.665198 0.629956 0.669604 0.634361 0.669604 0.643172 0.678414 0.651982 0.682819 0.651982 0.687225 0.647577 0.687225 0.634361 0.678414 0.625551 0.674009 0.625551 0.669604 0.621145 0.669604 0.607930 0.674009 0.603524 0.678414 0.603524 0.682819 0.599119 0.682819 0.594714 0.674009 0.585903
0 0.396476 0.577093 0.392070 0.577093 0.383260 0.585903 0.378855 0.585903 0.370044 0.594714 0.374449 0.599119 0.374449 0.603524 0.378855 0.607930 0.383260 0.607930 0.387665 0.603524 0.392070 0.603524 0.405286 0.590308 0.400881 0.585903 0.400881 0.581498
0 0.854626 0.519824 0.850220 0.524229 0.850220 0.550661 0.841410 0.559471 0.841410 0.581498 0.845815 0.585903 0.845815 0.590308 0.850220 0.594714 0.859031 0.585903 0.859031 0.577093 0.863436 0.572687 0.863436 0.563877 0.867841 0.559471 0.867841 0.546256 0.872247 0.541850 0.872247 0.537445 0.867841 0.533040 0.867841 0.528634 0.863436 0.524229 0.859031 0.524229
0 0.660793 0.519824 0.651982 0.519824 0.647577 0.524229 0.643172 0.524229 0.638767 0.528634 0.638767 0.546256 0.643172 0.550661 0.660793 0.533040 0.665198 0.533040 0.669604 0.528634
0 0.907489 0.497797 0.903084 0.502203 0.903084 0.506608 0.898678 0.511013 0.898678 0.515419 0.907489 0.524229 0.911894 0.524229 0.929515 0.541850 0.933921 0.541850 0.938326 0.546256 0.942731 0.546256 0.947137 0.550661 0.955947 0.550661 0.960352 0.546256 0.942731 0.528634 0.938326 0.528634 0.933921 0.524229 0.929515 0.524229 0.920705 0.515419 0.920705 0.502203 0.916300 0.497797
0 0.000000 0.497797 0.000000 0.524229 0.008811 0.528634 0.017621 0.528634 0.022026 0.533040 0.039648 0.533040 0.044053 0.537445 0.052863 0.537445 0.057269 0.533040 0.070485 0.533040 0.074890 0.528634 0.123348 0.528634 0.127753 0.533040 0.140969 0.533040 0.180617 0.555066 0.202643 0.555066 0.211454 0.550661 0.229075 0.559471 0.237885 0.568282 0.246696 0.559471 0.255507 0.555066 0.264317 0.555066 0.295154 0.577093 0.295154 0.585903 0.286344 0.594714 0.268722 0.603524 0.268722 0.607930 0.277533 0.616740 0.286344 0.612335 0.295154 0.612335 0.299559 0.607930 0.299559 0.599119 0.295154 0.594714 0.295154 0.585903 0.308370 0.577093 0.317181 0.577093 0.325991 0.581498 0.334802 0.594714 0.352423 0.577093 0.361233 0.559471 0.348018 0.541850 0.339207 0.541850 0.325991 0.550661 0.295154 0.550661 0.281938 0.559471 0.255507 0.546256 0.237885 0.528634 0.224670 0.528634 0.220264 0.524229 0.193833 0.524229 0.185022 0.528634 0.180617 0.524229 0.171806 0.524229 0.145374 0.506608 0.123348 0.506608 0.105727 0.497797 0.092511 0.497797 0.088106 0.502203 0.074890 0.502203 0.070485 0.506608 0.048458 0.506608 0.030837 0.493392 0.022026 0.493392 0.017621 0.497797
0 0.674009 0.471366 0.669604 0.475771 0.669604 0.488987 0.674009 0.493392 0.674009 0.497797 0.678414 0.502203 0.687225 0.502203 0.691630 0.497797 0.691630 0.493392 0.696035 0.488987 0.691630 0.484582 0.691630 0.480176 0.682819 0.471366
0 0.414097 0.475771 0.418502 0.480176 0.422908 0.475771 0.427313 0.480176 0.431718 0.480176 0.440529 0.488987 0.449339 0.488987 0.453745 0.484582 0.453745 0.475771 0.444934 0.466960 0.436123 0.466960 0.431718 0.471366 0.427313 0.471366 0.422908 0.475771 0.418502 0.471366
0 0.881057 0.466960 0.876652 0.462555 0.872247 0.466960 0.867841 0.466960 0.863436 0.471366 0.859031 0.471366 0.854626 0.475771 0.850220 0.475771 0.845815 0.471366 0.837004 0.471366 0.832599 0.475771 0.828194 0.475771 0.823789 0.480176 0.819383 0.480176 0.801762 0.497797 0.801762 0.506608 0.784141 0.524229 0.784141 0.537445 0.779736 0.541850 0.775330 0.541850 0.770925 0.546256 0.762115 0.546256 0.757709 0.541850 0.753304 0.541850 0.748899 0.537445 0.744493 0.537445 0.740088 0.533040 0.731278 0.533040 0.726872 0.537445 0.726872 0.541850 0.735683 0.550661 0.740088 0.550661 0.744493 0.555066 0.753304 0.555066 0.757709 0.559471 0.766520 0.559471 0.770925 0.563877 0.784141 0.563877 0.788546 0.559471 0.788546 0.537445 0.792952 0.533040 0.797357 0.533040 0.814978 0.515419 0.819383 0.515419 0.828194 0.506608 0.828194 0.502203 0.841410 0.488987 0.845815 0.488987 0.850220 0.484582 0.854626 0.484582 0.859031 0.480176 0.863436 0.480176 0.867841 0.475771 0.876652 0.475771 0.881057 0.471366
0 0.356828 0.471366 0.365639 0.484582 0.365639 0.497797 0.356828 0.511013 0.361233 0.515419 0.361233 0.519824 0.370044 0.528634 0.374449 0.528634 0.378855 0.533040 0.392070 0.537445 0.396476 0.541850 0.396476 0.546256 0.414097 0.563877 0.418502 0.563877 0.431718 0.577093 0.436123 0.577093 0.453745 0.594714 0.458150 0.594714 0.462555 0.599119 0.475771 0.599119 0.480176 0.594714 0.493392 0.599119 0.497797 0.603524 0.497797 0.612335 0.493392 0.616740 0.497797 0.621145 0.502203 0.616740 0.502203 0.607930 0.515419 0.599119 0.519824 0.603524 0.537445 0.603524 0.541850 0.607930 0.550661 0.607930 0.572687 0.621145 0.585903 0.621145 0.590308 0.616740 0.594714 0.616740 0.603524 0.607930 0.607930 0.607930 0.612335 0.603524 0.625551 0.603524 0.629956 0.599119 0.629956 0.585903 0.625551 0.581498 0.612335 0.581498 0.599119 0.572687 0.577093 0.572687 0.572687 0.568282 0.546256 0.568282 0.541850 0.572687 0.506608 0.572687 0.493392 0.581498 0.488987 0.577093 0.484582 0.577093 0.475771 0.568282 0.471366 0.568282 0.449339 0.546256 0.444934 0.546256 0.400881 0.502203 0.396476 0.502203 0.392070 0.497797 0.387665 0.502203 0.383260 0.497797 0.378855 0.497797 0.374449 0.493392 0.374449 0.480176 0.378855 0.475771 0.378855 0.471366 0.370044 0.462555 0.365639 0.462555
0 0.237885 0.466960 0.237885 0.480176 0.242291 0.484582 0.242291 0.488987 0.246696 0.493392 0.251101 0.488987 0.255507 0.488987 0.259912 0.484582 0.264317 0.484582 0.268722 0.488987 0.273128 0.488987 0.277533 0.493392 0.286344 0.493392 0.290749 0.488987 0.295154 0.488987 0.290749 0.488987 0.286344 0.484582 0.277533 0.484582 0.273128 0.488987 0.268722 0.484582 0.264317 0.484582 0.259912 0.480176 0.259912 0.466960 0.251101 0.458150 0.246696 0.458150
0 0.229075 0.422908 0.220264 0.422908 0.211454 0.431718 0.211454 0.436123 0.207048 0.440529 0.211454 0.444934 0.215859 0.444934 0.220264 0.449339 0.224670 0.449339 0.237885 0.436123 0.237885 0.431718
0 0.541850 0.418502 0.537445 0.422908 0.541850 0.427313 0.541850 0.440529 0.528634 0.453745 0.528634 0.471366 0.533040 0.475771 0.533040 0.484582 0.537445 0.484582 0.541850 0.488987 0.541850 0.493392 0.559471 0.511013 0.563877 0.506608 0.568282 0.511013 0.572687 0.506608 0.577093 0.511013 0.585903 0.502203 0.585903 0.493392 0.594714 0.484582 0.599119 0.484582 0.594714 0.484582 0.590308 0.480176 0.590308 0.471366 0.585903 0.466960 0.585903 0.458150 0.581498 0.453745 0.577093 0.453745 0.572687 0.449339 0.568282 0.453745 0.563877 0.453745 0.559471 0.449339 0.555066 0.449339 0.541850 0.436123 0.541850 0.427313 0.546256 0.422908
0 0.731278 0.405286 0.726872 0.409692 0.726872 0.414097 0.718062 0.422908 0.718062 0.427313 0.722467 0.431718 0.722467 0.458150 0.726872 0.462555 0.731278 0.462555 0.740088 0.471366 0.740088 0.480176 0.744493 0.484582 0.748899 0.480176 0.740088 0.471366 0.740088 0.458150 0.735683 0.453745 0.735683 0.436123 0.731278 0.431718 0.731278 0.418502 0.735683 0.414097 0.735683 0.409692
0 0.418502 0.405286 0.409692 0.405286 0.387665 0.427313 0.387665 0.440529 0.396476 0.449339 0.400881 0.449339 0.414097 0.436123 0.414097 0.431718 0.422908 0.422908 0.422908 0.409692
0 0.889868 0.444934 0.894273 0.449339 0.907489 0.449339 0.916300 0.440529 0.920705 0.440529 0.925110 0.436123 0.929515 0.436123 0.933921 0.440529 0.938326 0.440529 0.964758 0.466960 0.969163 0.462555 0.969163 0.458150 0.973568 0.453745 0.964758 0.444934 0.960352 0.444934 0.951542 0.436123 0.951542 0.427313 0.955947 0.422908 0.960352 0.422908 0.964758 0.418502 0.964758 0.409692 0.960352 0.405286 0.955947 0.409692 0.951542 0.409692 0.947137 0.414097 0.942731 0.409692 0.938326 0.409692 0.929515 0.400881 0.925110 0.405286 0.925110 0.409692 0.929515 0.414097 0.929515 0.422908 0.925110 0.427313 0.920705 0.427313 0.916300 0.431718 0.903084 0.431718
0 0.339207 0.400881 0.334802 0.400881 0.325991 0.409692 0.325991 0.418502 0.317181 0.427313 0.312775 0.427313 0.290749 0.449339 0.290749 0.453745 0.299559 0.462555 0.308370 0.462555 0.321586 0.449339 0.321586 0.440529 0.325991 0.436123 0.325991 0.427313 0.330396 0.422908 0.334802 0.422908 0.339207 0.418502 0.343612 0.418502 0.348018 0.414097 0.348018 0.409692
0 0.872247 0.392070 0.867841 0.392070 0.863436 0.396476 0.859031 0.396476 0.854626 0.400881 0.854626 0.405286 0.850220 0.409692 0.850220 0.418502 0.863436 0.431718 0.876652 0.418502 0.876652 0.396476
0 0.502203 0.392070 0.493392 0.383260 0.480176 0.383260 0.462555 0.400881 0.471366 0.409692 0.475771 0.409692 0.480176 0.405286 0.484582 0.409692
0 0.057269 0.387665 0.052863 0.387665 0.048458 0.383260 0.039648 0.383260 0.030837 0.392070 0.030837 0.400881 0.026432 0.405286 0.026432 0.409692 0.035242 0.418502 0.061674 0.392070
0 0.700441 0.374449 0.696035 0.374449 0.687225 0.383260 0.687225 0.387665 0.674009 0.400881 0.674009 0.409692 0.669604 0.414097 0.665198 0.414097 0.660793 0.418502 0.651982 0.418502 0.647577 0.414097 0.643172 0.414097 0.638767 0.418502 0.638767 0.453745 0.643172 0.458150 0.647577 0.458150 0.656388 0.449339 0.651982 0.444934 0.651982 0.431718 0.656388 0.427313 0.660793 0.427313 0.665198 0.422908 0.665198 0.418502 0.669604 0.414097 0.674009 0.414097 0.678414 0.409692 0.682819 0.414097 0.687225 0.409692 0.687225 0.392070 0.691630 0.387665 0.696035 0.387665 0.704846 0.378855
0 0.299559 0.374449 0.295154 0.378855 0.290749 0.378855 0.286344 0.374449 0.277533 0.374449 0.273128 0.378855 0.268722 0.378855 0.264317 0.383260 0.264317 0.392070 0.259912 0.396476 0.259912 0.409692 0.268722 0.418502 0.303965 0.383260 0.303965 0.378855
0 0.757709 0.361233 0.753304 0.365639 0.753304 0.370044 0.757709 0.374449 0.762115 0.374449 0.766520 0.378855 0.766520 0.392070 0.762115 0.396476 0.766520 0.400881 0.770925 0.400881 0.775330 0.405286 0.779736 0.405286 0.784141 0.409692 0.788546 0.409692 0.792952 0.414097 0.792952 0.427313 0.810573 0.444934 0.814978 0.440529 0.814978 0.418502 0.810573 0.414097 0.797357 0.414097 0.792952 0.409692 0.788546 0.409692 0.784141 0.405286 0.784141 0.392070 0.775330 0.383260 0.770925 0.383260 0.762115 0.374449 0.762115 0.365639
0 0.202643 0.352423 0.189427 0.352423 0.185022 0.356828 0.176211 0.356828 0.171806 0.361233 0.171806 0.365639 0.167401 0.370044 0.167401 0.374449 0.158590 0.383260 0.158590 0.392070 0.162996 0.396476 0.162996 0.405286 0.167401 0.409692 0.176211 0.409692 0.180617 0.405286 0.180617 0.378855 0.185022 0.374449 0.189427 0.374449 0.207048 0.356828
0 0.678414 0.325991 0.674009 0.330396 0.665198 0.330396 0.660793 0.334802 0.651982 0.334802 0.647577 0.339207 0.643172 0.334802 0.638767 0.339207 0.638767 0.343612 0.634361 0.348018 0.634361 0.356828 0.629956 0.361233 0.634361 0.365639 0.634361 0.374449 0.638767 0.378855 0.656388 0.361233 0.656388 0.356828 0.665198 0.348018 0.669604 0.348018 0.674009 0.343612 0.678414 0.343612 0.682819 0.339207 0.682819 0.330396
0 0.088106 0.312775 0.083700 0.308370 0.061674 0.330396 0.057269 0.330396 0.052863 0.334802 0.057269 0.339207 0.079295 0.339207 0.088106 0.330396
0 0.511013 0.303965 0.506608 0.303965 0.502203 0.308370 0.493392 0.308370 0.488987 0.303965 0.484582 0.303965 0.484582 0.312775 0.480176 0.317181 0.480176 0.325991 0.471366 0.334802 0.471366 0.339207 0.462555 0.348018 0.462555 0.361233 0.466960 0.365639 0.475771 0.356828 0.475771 0.352423 0.480176 0.348018 0.480176 0.343612 0.484582 0.339207 0.488987 0.339207 0.493392 0.334802 0.497797 0.334802 0.502203 0.330396 0.506608 0.330396 0.511013 0.325991
0 0.863436 0.295154 0.859031 0.299559 0.854626 0.299559 0.850220 0.303965 0.850220 0.312775 0.859031 0.321586 0.863436 0.321586 0.867841 0.325991 0.876652 0.317181 0.876652 0.308370
0 0.162996 0.281938 0.162996 0.290749 0.176211 0.303965 0.180617 0.303965 0.185022 0.308370 0.189427 0.308370 0.193833 0.312775 0.220264 0.312775 0.233480 0.299559 0.237885 0.299559 0.242291 0.295154 0.229075 0.281938 0.224670 0.286344 0.220264 0.281938 0.207048 0.295154 0.202643 0.295154 0.198238 0.299559 0.193833 0.299559 0.189427 0.295154 0.185022 0.295154 0.180617 0.290749 0.176211 0.290749 0.171806 0.286344 0.167401 0.286344
0 0.321586 0.286344 0.321586 0.295154 0.325991 0.299559 0.334802 0.299559 0.339207 0.295154 0.343612 0.295154 0.348018 0.290749 0.352423 0.290749 0.356828 0.286344 0.361233 0.286344 0.365639 0.290749 0.370044 0.290749 0.383260 0.303965 0.383260 0.317181 0.378855 0.321586 0.374449 0.321586 0.361233 0.334802 0.361233 0.343612 0.370044 0.352423 0.374449 0.348018 0.378855 0.348018 0.383260 0.352423 0.387665 0.352423 0.409692 0.330396 0.414097 0.330396 0.427313 0.317181 0.427313 0.308370 0.422908 0.303965 0.422908 0.299559 0.414097 0.290749 0.414097 0.286344 0.405286 0.277533 0.400881 0.277533 0.396476 0.273128 0.378855 0.273128 0.374449 0.277533 0.370044 0.277533 0.365639 0.281938 0.361233 0.281938 0.356828 0.277533 0.352423 0.277533 0.348018 0.273128 0.343612 0.273128 0.339207 0.268722 0.334802 0.268722 0.325991 0.277533 0.325991 0.281938
0 0.643172 0.264317 0.634361 0.264317 0.629956 0.259912 0.625551 0.259912 0.621145 0.264317 0.621145 0.268722 0.625551 0.273128 0.625551 0.281938 0.621145 0.286344 0.616740 0.286344 0.612335 0.290749 0.607930 0.290749 0.603524 0.295154 0.594714 0.295154 0.590308 0.299559 0.585903 0.299559 0.581498 0.295154 0.577093 0.295154 0.568282 0.286344 0.568282 0.277533 0.572687 0.273128 0.572687 0.264317 0.568282 0.259912 0.568282 0.255507 0.563877 0.255507 0.555066 0.264317 0.550661 0.264317 0.546256 0.268722 0.541850 0.268722 0.537445 0.273128 0.519824 0.273128 0.511013 0.281938 0.511013 0.286344 0.515419 0.290749 0.515419 0.295154 0.519824 0.295154 0.524229 0.290749 0.533040 0.290749 0.537445 0.286344 0.555066 0.286344 0.559471 0.281938 0.563877 0.286344 0.568282 0.286344 0.572687 0.290749 0.572687 0.299559 0.563877 0.308370 0.559471 0.308370 0.555066 0.312775 0.550661 0.312775 0.541850 0.321586 0.541850 0.334802 0.550661 0.343612 0.555066 0.343612 0.559471 0.348018 0.563877 0.348018 0.572687 0.356828 0.581498 0.356828 0.585903 0.352423 0.594714 0.352423 0.603524 0.343612 0.590308 0.330396 0.590308 0.321586 0.594714 0.317181 0.599119 0.317181 0.603524 0.312775 0.607930 0.312775 0.612335 0.308370 0.612335 0.303965 0.616740 0.299559 0.616740 0.290749 0.621145 0.286344 0.625551 0.286344 0.629956 0.281938 0.634361 0.281938 0.638767 0.277533 0.643172 0.277533 0.647577 0.273128 0.647577 0.268722
0 0.995595 0.233480 0.977974 0.233480 0.973568 0.237885 0.964758 0.237885 0.960352 0.242291 0.955947 0.242291 0.951542 0.246696 0.951542 0.251101 0.947137 0.255507 0.942731 0.255507 0.933921 0.264317 0.929515 0.264317 0.925110 0.268722 0.911894 0.268722 0.903084 0.277533 0.903084 0.281938 0.907489 0.286344 0.911894 0.286344 0.916300 0.290749 0.920705 0.290749 0.925110 0.295154 0.925110 0.308370 0.929515 0.312775 0.929515 0.321586 0.938326 0.330396 0.942731 0.330396 0.947137 0.334802 0.947137 0.343612 0.938326 0.352423 0.938326 0.370044 0.942731 0.374449 0.951542 0.365639 0.955947 0.365639 0.960352 0.361233 0.960352 0.356828 0.964758 0.352423 0.955947 0.343612 0.951542 0.343612 0.947137 0.339207 0.947137 0.325991 0.951542 0.321586 0.951542 0.308370 0.942731 0.299559 0.938326 0.299559 0.933921 0.295154 0.933921 0.277533 0.938326 0.273128 0.942731 0.273128 0.947137 0.268722 0.951542 0.273128 0.955947 0.273128 0.964758 0.264317 0.964758 0.259912 0.969163 0.255507 0.973568 0.255507 0.977974 0.251101 0.995595 0.251101
0 0.171806 0.233480 0.167401 0.233480 0.162996 0.237885 0.154185 0.237885 0.149780 0.242291 0.149780 0.246696 0.140969 0.255507 0.140969 0.264317 0.145374 0.268722 0.149780 0.268722 0.154185 0.273128 0.158590 0.273128 0.158590 0.268722 0.167401 0.259912 0.167401 0.255507 0.176211 0.246696 0.176211 0.242291 0.171806 0.237885
0 0.696035 0.220264 0.691630 0.224670 0.687225 0.224670 0.678414 0.233480 0.678414 0.242291 0.687225 0.251101 0.691630 0.246696 0.696035 0.251101 0.700441 0.246696 0.700441 0.242291 0.704846 0.237885 0.704846 0.229075
0 0.559471 0.211454 0.555066 0.207048 0.546256 0.215859 0.541850 0.215859 0.537445 0.220264 0.533040 0.220264 0.524229 0.229075 0.519824 0.229075 0.511013 0.237885 0.511013 0.242291 0.515419 0.246696 0.519824 0.242291 0.524229 0.242291 0.528634 0.237885 0.533040 0.237885 0.546256 0.224670 0.546256 0.220264 0.550661 0.215859 0.555066 0.215859
0 0.466960 0.211454 0.458150 0.211454 0.453745 0.207048 0.444934 0.215859 0.444934 0.220264 0.440529 0.224670 0.440529 0.229075 0.436123 0.233480 0.431718 0.233480 0.427313 0.237885 0.422908 0.237885 0.418502 0.242291 0.418502 0.255507 0.427313 0.264317 0.431718 0.259912 0.436123 0.259912 0.453745 0.242291 0.458150 0.242291 0.466960 0.233480 0.466960 0.229075 0.471366 0.224670 0.471366 0.215859
0 0.378855 0.176211 0.374449 0.180617 0.370044 0.180617 0.365639 0.185022 0.365639 0.193833 0.370044 0.198238 0.370044 0.202643 0.383260 0.215859 0.387665 0.211454 0.387665 0.202643 0.383260 0.198238 0.383260 0.180617
0 0.806167 0.162996 0.801762 0.158590 0.797357 0.158590 0.792952 0.154185 0.788546 0.154185 0.784141 0.158590 0.779736 0.158590 0.775330 0.162996 0.770925 0.162996 0.757709 0.176211 0.753304 0.176211 0.748899 0.180617 0.744493 0.180617 0.740088 0.185022 0.740088 0.193833 0.748899 0.202643 0.753304 0.198238 0.757709 0.198238 0.762115 0.193833 0.766520 0.193833 0.775330 0.185022 0.779736 0.185022 0.784141 0.180617 0.788546 0.180617 0.792952 0.176211 0.797357 0.176211 0.806167 0.167401
0 0.462555 0.154185 0.462555 0.167401 0.466960 0.171806 0.475771 0.171806 0.480176 0.176211 0.484582 0.176211 0.493392 0.185022 0.497797 0.185022 0.511013 0.171806 0.511013 0.167401 0.506608 0.162996 0.497797 0.162996 0.493392 0.167401 0.488987 0.167401 0.484582 0.162996 0.480176 0.162996 0.475771 0.158590 0.475771 0.154185 0.471366 0.149780 0.466960 0.149780
0 0.308370 0.127753 0.303965 0.132159 0.303965 0.140969 0.308370 0.145374 0.308370 0.149780 0.312775 0.154185 0.312775 0.158590 0.317181 0.162996 0.325991 0.162996 0.330396 0.158590 0.330396 0.136564 0.325991 0.132159 0.312775 0.132159
0 0.665198 0.118943 0.651982 0.132159 0.647577 0.132159 0.638767 0.140969 0.634361 0.140969 0.638767 0.140969 0.647577 0.149780 0.647577 0.162996 0.634361 0.176211 0.634361 0.180617 0.629956 0.185022 0.638767 0.193833 0.638767 0.202643 0.629956 0.211454 0.625551 0.211454 0.621145 0.215859 0.621145 0.220264 0.612335 0.229075 0.607930 0.229075 0.607930 0.233480 0.612335 0.233480 0.616740 0.237885 0.621145 0.237885 0.625551 0.233480 0.634361 0.233480 0.643172 0.224670 0.643172 0.215859 0.638767 0.211454 0.638767 0.202643 0.647577 0.193833 0.647577 0.189427 0.651982 0.185022 0.651982 0.171806 0.665198 0.158590 0.665198 0.127753 0.669604 0.123348
0 0.022026 0.127753 0.022026 0.136564 0.030837 0.145374 0.035242 0.145374 0.039648 0.140969 0.048458 0.140969 0.052863 0.145374 0.057269 0.140969 0.057269 0.136564 0.048458 0.127753 0.044053 0.127753 0.039648 0.123348 0.035242 0.123348 0.030837 0.118943
0 0.995595 0.132159 0.991189 0.132159 0.986784 0.127753 0.977974 0.127753 0.964758 0.118943 0.964758 0.105727 0.960352 0.101322 0.960352 0.092511 0.955947 0.088106 0.947137 0.101322 0.947137 0.118943 0.960352 0.127753 0.960352 0.145374 0.951542 0.154185 0.947137 0.154185 0.942731 0.158590 0.929515 0.158590 0.925110 0.162996 0.911894 0.162996 0.907489 0.167401 0.907489 0.185022 0.903084 0.189427 0.898678 0.189427 0.894273 0.193833 0.881057 0.193833 0.867841 0.207048 0.867841 0.211454 0.863436 0.215859 0.859031 0.215859 0.854626 0.220264 0.850220 0.220264 0.837004 0.229075 0.819383 0.229075 0.814978 0.224670 0.810573 0.224670 0.801762 0.215859 0.792952 0.224670 0.792952 0.237885 0.797357 0.242291 0.801762 0.242291 0.806167 0.237885 0.828194 0.237885 0.832599 0.233480 0.837004 0.237885 0.845815 0.237885 0.850220 0.242291 0.859031 0.242291 0.863436 0.237885 0.867841 0.237885 0.898678 0.207048 0.898678 0.193833 0.903084 0.189427 0.907489 0.189427 0.911894 0.185022 0.925110 0.185022 0.942731 0.167401 0.947137 0.167401 0.951542 0.162996 0.964758 0.162996 0.977974 0.149780 0.982379 0.149780 0.986784 0.145374 0.995595 0.145374
0 0.088106 0.070485 0.083700 0.074890 0.083700 0.105727 0.088106 0.110132 0.092511 0.110132 0.105727 0.096916 0.105727 0.083700 0.092511 0.070485
0 0.801762 0.070485 0.797357 0.066079 0.792952 0.066079 0.788546 0.061674 0.779736 0.061674 0.770925 0.070485 0.766520 0.070485 0.762115 0.074890 0.757709 0.070485 0.744493 0.070485 0.740088 0.074890 0.740088 0.083700 0.753304 0.096916 0.762115 0.096916 0.766520 0.092511 0.766520 0.083700 0.770925 0.079295 0.775330 0.079295 0.779736 0.074890 0.784141 0.074890 0.788546 0.079295 0.797357 0.079295 0.801762 0.074890
0 0.348018 0.070485 0.348018 0.083700 0.356828 0.092511 0.361233 0.092511 0.370044 0.083700 0.374449 0.083700 0.378855 0.079295 0.383260 0.079295 0.387665 0.083700 0.392070 0.083700 0.396476 0.088106 0.396476 0.092511 0.405286 0.101322 0.422908 0.083700 0.409692 0.070485 0.387665 0.070485 0.383260 0.066079 0.361233 0.066079 0.356828 0.061674
0 0.207048 0.022026 0.193833 0.022026 0.189427 0.026432 0.193833 0.030837 0.193833 0.035242 0.198238 0.039648 0.198238 0.066079 0.202643 0.070485 0.202643 0.074890 0.207048 0.079295 0.207048 0.083700 0.211454 0.088106 0.211454 0.092511 0.220264 0.101322 0.220264 0.118943 0.215859 0.123348 0.215859 0.132159 0.211454 0.136564 0.207048 0.136564 0.202643 0.140969 0.198238 0.140969 0.193833 0.136564 0.185022 0.136564 0.180617 0.140969 0.176211 0.136564 0.171806 0.136564 0.167401 0.132159 0.167401 0.127753 0.162996 0.123348 0.158590 0.123348 0.154185 0.127753 0.149780 0.127753 0.145374 0.132159 0.136564 0.132159 0.132159 0.136564 0.127753 0.136564 0.123348 0.140969 0.123348 0.149780 0.127753 0.154185 0.132159 0.149780 0.154185 0.149780 0.158590 0.145374 0.162996 0.145374 0.167401 0.140969 0.171806 0.145374 0.176211 0.145374 0.180617 0.149780 0.211454 0.149780 0.220264 0.140969 0.224670 0.140969 0.229075 0.136564 0.233480 0.136564 0.246696 0.123348 0.246696 0.105727 0.251101 0.101322 0.251101 0.092511 0.255507 0.088106 0.246696 0.079295 0.246696 0.074890 0.220264 0.048458 0.215859 0.048458 0.211454 0.044053 0.211454 0.026432
0 0.933921 0.030837 0.929515 0.035242 0.925110 0.035242 0.920705 0.039648 0.916300 0.039648 0.911894 0.044053 0.903084 0.044053 0.898678 0.039648 0.894273 0.039648 0.889868 0.035242 0.889868 0.030837 0.876652 0.017621 0.872247 0.017621 0.867841 0.022026 0.867841 0.030837 0.872247 0.035242 0.876652 0.035242 0.885463 0.044053 0.885463 0.052863 0.881057 0.057269 0.876652 0.057269 0.872247 0.061674 0.867841 0.061674 0.859031 0.070485 0.859031 0.079295 0.863436 0.083700 0.863436 0.105727 0.854626 0.114537 0.854626 0.145374 0.845815 0.154185 0.845815 0.158590 0.841410 0.162996 0.841410 0.167401 0.837004 0.171806 0.841410 0.176211 0.854626 0.162996 0.859031 0.162996 0.867841 0.154185 0.867841 0.140969 0.872247 0.136564 0.872247 0.123348 0.876652 0.118943 0.876652 0.101322 0.872247 0.096916 0.872247 0.088106 0.881057 0.079295 0.881057 0.074890 0.885463 0.070485 0.889868 0.070485 0.894273 0.066079 0.925110 0.066079 0.942731 0.048458 0.942731 0.039648
0 0.656388 0.026432 0.647577 0.017621 0.643172 0.017621 0.643172 0.022026 0.625551 0.039648 0.621145 0.039648 0.616740 0.044053 0.612335 0.039648 0.607930 0.039648 0.599119 0.030837 0.585903 0.030837 0.581498 0.035242 0.577093 0.035242 0.568282 0.044053 0.568282 0.048458 0.563877 0.052863 0.563877 0.061674 0.546256 0.079295 0.541850 0.079295 0.537445 0.083700 0.519824 0.083700 0.515419 0.088106 0.515419 0.101322 0.511013 0.105727 0.506608 0.105727 0.502203 0.110132 0.488987 0.110132 0.475771 0.123348 0.480176 0.127753 0.484582 0.123348 0.488987 0.127753 0.493392 0.123348 0.497797 0.123348 0.502203 0.118943 0.511013 0.118943 0.515419 0.114537 0.519824 0.114537 0.528634 0.105727 0.533040 0.105727 0.537445 0.101322 0.541850 0.101322 0.546256 0.096916 0.555066 0.096916 0.559471 0.092511 0.563877 0.092511 0.577093 0.079295 0.577093 0.066079 0.599119 0.044053 0.603524 0.044053 0.607930 0.039648 0.612335 0.039648 0.616740 0.044053 0.621145 0.044053 0.629956 0.052863 0.647577 0.052863 0.656388 0.044053
0 0.475771 0.008811 0.466960 0.017621 0.466960 0.030837 0.475771 0.039648 0.480176 0.035242 0.493392 0.035242 0.502203 0.026432 0.497797 0.022026 0.497797 0.017621 0.493392 0.013216 0.484582 0.013216 0.480176 0.008811
0 0.762115 0.000000 0.762115 0.030837 0.766520 0.035242 0.775330 0.035242 0.779736 0.030837 0.779736 0.008811 0.775330 0.008811 0.770925 0.004405 0.770925 0.000000
0 0.290749 0.000000 0.264317 0.000000 0.264317 0.022026 0.255507 0.030837 0.251101 0.030837 0.246696 0.035242 0.251101 0.039648 0.251101 0.044053 0.255507 0.048458 0.259912 0.044053 0.259912 0.035242 0.268722 0.026432 0.268722 0.022026 0.277533 0.013216 0.281938 0.013216 0.286344 0.008811 0.286344 0.004405
0 0.110132 0.000000 0.101322 0.000000 0.101322 0.004405 0.083700 0.022026 0.083700 0.035242 0.088106 0.039648 0.088106 0.044053 0.092511 0.048458 0.096916 0.048458 0.105727 0.039648 0.105727 0.022026 0.110132 0.017621
0 0.022026 0.000000 0.022026 0.008811 0.017621 0.013216 0.022026 0.017621 0.022026 0.022026 0.026432 0.026432 0.035242 0.026432 0.044053 0.017621 0.044053 0.013216 0.039648 0.008811 0.039648 0.000000
