0 0.973568 0.960352 0.969163 0.955947 0.960352 0.955947 0.947137 0.969163 0.942731 0.969163 0.938326 0.973568 0.933921 0.969163 0.929515 0.969163 0.925110 0.964758 0.916300 0.973568 0.916300 0.977974 0.920705 0.982379 0.929515 0.982379 0.938326 0.973568 0.942731 0.973568 0.947137 0.969163 0.951542 0.969163 0.955947 0.973568 0.964758 0.973568 0.973568 0.964758
0 0.383260 0.947137 0.378855 0.947137 0.365639 0.960352 0.365639 0.973568 0.374449 0.982379 0.387665 0.969163 0.387665 0.960352 0.392070 0.955947
0 0.559471 0.828194 0.559471 0.837004 0.563877 0.841410 0.590308 0.841410 0.594714 0.837004 0.612335 0.837004 0.616740 0.832599 0.621145 0.837004 0.625551 0.837004 0.634361 0.845815 0.638767 0.845815 0.643172 0.841410 0.643172 0.832599 0.638767 0.828194 0.634361 0.828194 0.629956 0.832599 0.621145 0.832599 0.616740 0.828194 0.612335 0.828194 0.607930 0.823789 0.599119 0.823789 0.594714 0.819383 0.572687 0.819383 0.568282 0.823789 0.563877 0.823789
0 0.079295 0.819383 0.074890 0.819383 0.070485 0.823789 0.066079 0.823789 0.057269 0.832599 0.057269 0.841410 0.052863 0.845815 0.057269 0.850220 0.061674 0.850220 0.066079 0.854626 0.070485 0.850220 0.070485 0.841410 0.083700 0.828194 0.083700 0.823789
0 0.704846 0.704846 0.700441 0.700441 0.678414 0.700441 0.669604 0.709251 0.669604 0.713656 0.660793 0.722467 0.665198 0.726872 0.669604 0.726872 0.674009 0.731278 0.687225 0.718062 0.691630 0.718062
0 0.766520 0.638767 0.762115 0.638767 0.757709 0.643172 0.757709 0.647577 0.753304 0.651982 0.753304 0.665198 0.748899 0.669604 0.748899 0.674009 0.744493 0.678414 0.748899 0.682819 0.757709 0.682819 0.762115 0.678414 0.762115 0.656388 0.770925 0.647577 0.770925 0.643172
0 0.162996 0.444934 0.158590 0.440529 0.149780 0.440529 0.140969 0.449339 0.136564 0.449339 0.132159 0.453745 0.132159 0.462555 0.136564 0.466960 0.149780 0.466960 0.162996 0.453745
0 0.837004 0.414097 0.832599 0.418502 0.828194 0.418502 0.814978 0.431718 0.814978 0.436123 0.810573 0.440529 0.810573 0.449339 0.806167 0.453745 0.801762 0.453745 0.788546 0.466960 0.797357 0.475771 0.801762 0.471366 0.801762 0.466960 0.806167 0.462555 0.810573 0.462555 0.814978 0.458150 0.819383 0.458150 0.823789 0.453745 0.823789 0.444934 0.832599 0.436123 0.832599 0.427313 0.841410 0.418502
0 0.365639 0.308370 0.361233 0.308370 0.352423 0.317181 0.348018 0.317181 0.343612 0.321586 0.343612 0.325991 0.339207 0.330396 0.339207 0.339207 0.343612 0.343612 0.356828 0.343612 0.365639 0.334802 0.365639 0.321586 0.370044 0.317181 0.370044 0.312775
0 0.550661 0.101322 0.546256 0.101322 0.541850 0.105727 0.541850 0.114537 0.537445 0.118943 0.537445 0.123348 0.533040 0.127753 0.533040 0.136564 0.537445 0.140969 0.541850 0.140969 0.546256 0.136564 0.546256 0.132159 0.555066 0.123348 0.555066 0.105727
0 0.911894 0.000000 0.859031 0.000000 0.841410 0.030837 0.806167 0.052863 0.788546 0.079295 0.801762 0.092511 0.806167 0.180617 0.779736 0.198238 0.735683 0.202643 0.682819 0.246696 0.687225 0.273128 0.665198 0.325991 0.660793 0.392070 0.577093 0.471366 0.590308 0.480176 0.585903 0.497797 0.594714 0.506608 0.612335 0.484582 0.629956 0.480176 0.651982 0.511013 0.568282 0.563877 0.546256 0.550661 0.537445 0.603524 0.515419 0.621145 0.466960 0.625551 0.365639 0.722467 0.334802 0.762115 0.325991 0.792952 0.312775 0.797357 0.295154 0.779736 0.246696 0.792952 0.189427 0.837004 0.127753 0.903084 0.105727 0.955947 0.074890 0.995595 0.114537 0.995595 0.158590 0.911894 0.198238 0.885463 0.220264 0.903084 0.198238 0.995595 0.229075 0.995595 0.233480 0.964758 0.277533 0.920705 0.295154 0.854626 0.370044 0.779736 0.405286 0.762115 0.493392 0.665198 0.537445 0.665198 0.568282 0.638767 0.577093 0.599119 0.665198 0.511013 0.656388 0.484582 0.696035 0.422908 0.696035 0.348018 0.709251 0.330396 0.718062 0.277533 0.779736 0.229075 0.814978 0.237885 0.841410 0.198238 0.841410 0.088106 0.894273 0.035242
