0 0.678414 0.947137 0.669604 0.947137 0.665198 0.951542 0.665198 0.955947 0.656388 0.964758 0.656388 0.973568 0.660793 0.977974 0.665198 0.973568 0.669604 0.973568 0.674009 0.969163 0.678414 0.969163 0.687225 0.960352 0.687225 0.955947
0 0.616740 0.894273 0.612335 0.889868 0.607930 0.889868 0.603524 0.885463 0.572687 0.885463 0.568282 0.889868 0.568282 0.898678 0.559471 0.907489 0.555066 0.907489 0.550661 0.911894 0.550661 0.920705 0.559471 0.929515 0.563877 0.925110 0.563877 0.911894 0.568282 0.907489 0.572687 0.907489 0.581498 0.898678 0.585903 0.898678 0.590308 0.894273 0.594714 0.898678 0.603524 0.898678 0.607930 0.903084 0.612335 0.903084 0.616740 0.898678
0 0.656388 0.863436 0.651982 0.867841 0.651982 0.885463 0.656388 0.889868 0.656388 0.894273 0.660793 0.898678 0.665198 0.898678 0.674009 0.889868 0.674009 0.876652 0.660793 0.863436
0 0.801762 0.841410 0.801762 0.845815 0.806167 0.850220 0.823789 0.850220 0.828194 0.845815 0.832599 0.845815 0.837004 0.850220 0.841410 0.850220 0.850220 0.859031 0.859031 0.859031 0.863436 0.854626 0.863436 0.850220 0.859031 0.845815 0.850220 0.845815 0.845815 0.850220 0.841410 0.845815 0.837004 0.845815 0.832599 0.841410 0.832599 0.837004 0.823789 0.828194 0.819383 0.832599 0.810573 0.832599
0 0.207048 0.753304 0.211454 0.757709 0.220264 0.757709 0.224670 0.753304 0.229075 0.753304 0.233480 0.748899 0.237885 0.753304 0.242291 0.753304 0.251101 0.762115 0.255507 0.762115 0.259912 0.766520 0.268722 0.766520 0.273128 0.762115 0.273128 0.753304 0.264317 0.744493 0.259912 0.744493 0.255507 0.748899 0.251101 0.748899 0.246696 0.753304 0.237885 0.753304 0.233480 0.748899 0.229075 0.748899 0.224670 0.744493 0.215859 0.744493
0 0.687225 0.599119 0.682819 0.594714 0.678414 0.599119 0.665198 0.599119 0.660793 0.603524 0.629956 0.603524 0.625551 0.599119 0.616740 0.599119 0.607930 0.607930 0.612335 0.612335 0.621145 0.612335 0.625551 0.616740 0.629956 0.612335 0.634361 0.616740 0.643172 0.616740 0.647577 0.621145 0.651982 0.621145 0.656388 0.625551 0.656388 0.634361 0.651982 0.638767 0.647577 0.638767 0.643172 0.643172 0.651982 0.651982 0.660793 0.643172 0.656388 0.638767 0.656388 0.625551 0.660793 0.621145 0.665198 0.621145 0.674009 0.612335 0.674009 0.607930 0.678414 0.603524 0.682819 0.603524
0 0.709251 0.511013 0.713656 0.515419 0.722467 0.515419 0.726872 0.519824 0.731278 0.519824 0.735683 0.524229 0.740088 0.524229 0.753304 0.511013 0.753304 0.506608 0.748899 0.502203 0.731278 0.502203 0.726872 0.506608 0.722467 0.502203 0.718062 0.502203
0 0.590308 0.154185 0.585903 0.149780 0.577093 0.149780 0.572687 0.154185 0.555066 0.154185 0.550661 0.158590 0.546256 0.158590 0.541850 0.162996 0.541850 0.167401 0.546256 0.171806 0.550661 0.171806 0.555066 0.167401 0.559471 0.171806 0.563877 0.167401 0.572687 0.167401 0.577093 0.162996 0.585903 0.162996 0.590308 0.158590
0 0.325991 0.000000 0.325991 0.008811 0.330396 0.013216 0.330396 0.017621 0.334802 0.022026 0.334802 0.030837 0.348018 0.044053 0.352423 0.044053 0.356828 0.048458 0.361233 0.048458 0.365639 0.052863 0.370044 0.052863 0.378855 0.044053 0.378855 0.022026 0.383260 0.017621 0.383260 0.008811 0.378855 0.004405 0.378855 0.000000 0.378855 0.004405 0.374449 0.008811 0.374449 0.017621 0.370044 0.022026 0.370044 0.026432 0.365639 0.030837 0.361233 0.030837 0.356828 0.035242 0.352423 0.030837 0.348018 0.030837 0.343612 0.026432 0.343612 0.017621 0.339207 0.013216 0.339207 0.000000
0 0.251101 0.000000 0.251101 0.017621 0.281938 0.057269 0.281938 0.123348 0.308370 0.158590 0.308370 0.325991 0.299559 0.365639 0.308370 0.444934 0.295154 0.506608 0.233480 0.585903 0.224670 0.629956 0.251101 0.616740 0.299559 0.563877 0.339207 0.488987 0.348018 0.405286 0.334802 0.378855 0.334802 0.242291 0.348018 0.167401 0.365639 0.154185 0.383260 0.180617 0.418502 0.207048 0.418502 0.299559 0.436123 0.334802 0.440529 0.519824 0.427313 0.555066 0.427313 0.687225 0.405286 0.713656 0.392070 0.757709 0.400881 0.788546 0.378855 0.876652 0.387665 0.885463 0.387665 0.947137 0.418502 0.995595 0.462555 0.995595 0.466960 0.986784 0.422908 0.933921 0.427313 0.753304 0.458150 0.696035 0.462555 0.325991 0.440529 0.277533 0.440529 0.233480 0.418502 0.189427 0.365639 0.140969 0.343612 0.149780 0.325991 0.136564 0.308370 0.096916 0.312775 0.044053 0.281938 0.013216 0.281938 0.000000
