0 0.299559 0.942731 0.295154 0.947137 0.290749 0.947137 0.286344 0.951542 0.286344 0.960352 0.299559 0.973568 0.308370 0.973568 0.312775 0.969163 0.312775 0.947137 0.308370 0.942731
0 0.083700 0.942731 0.074890 0.951542 0.074890 0.955947 0.083700 0.964758 0.083700 0.973568 0.092511 0.982379 0.105727 0.982379 0.110132 0.977974 0.110132 0.969163 0.092511 0.951542 0.092511 0.947137 0.088106 0.942731
0 0.942731 0.876652 0.942731 0.885463 0.947137 0.889868 0.951542 0.889868 0.969163 0.907489 0.973568 0.907489 0.977974 0.903084 0.986784 0.903084 0.991189 0.898678 0.995595 0.903084 0.995595 0.894273 0.991189 0.889868 0.982379 0.889868 0.977974 0.885463 0.973568 0.885463 0.964758 0.876652 0.964758 0.867841 0.960352 0.863436 0.955947 0.867841 0.951542 0.867841
0 0.863436 0.837004 0.854626 0.828194 0.837004 0.828194 0.814978 0.850220 0.814978 0.859031 0.806167 0.867841 0.806167 0.872247 0.810573 0.876652 0.814978 0.876652 0.819383 0.872247 0.819383 0.863436 0.832599 0.850220 0.837004 0.850220 0.841410 0.845815 0.854626 0.845815
0 0.321586 0.801762 0.321586 0.814978 0.325991 0.814978 0.330396 0.810573 0.334802 0.814978 0.339207 0.814978 0.343612 0.810573 0.352423 0.810573 0.356828 0.814978 0.361233 0.814978 0.365639 0.819383 0.365639 0.823789 0.370044 0.828194 0.374449 0.828194 0.378855 0.823789 0.378855 0.819383 0.365639 0.806167 0.361233 0.806167 0.356828 0.810573 0.343612 0.810573 0.339207 0.806167 0.334802 0.806167 0.325991 0.797357
0 0.541850 0.792952 0.537445 0.797357 0.537445 0.810573 0.533040 0.814978 0.528634 0.814978 0.524229 0.819383 0.515419 0.819383 0.511013 0.823789 0.511013 0.832599 0.515419 0.837004 0.515419 0.859031 0.511013 0.863436 0.506608 0.863436 0.502203 0.867841 0.502203 0.872247 0.506608 0.876652 0.511013 0.876652 0.515419 0.881057 0.519824 0.881057 0.528634 0.872247 0.528634 0.832599 0.533040 0.828194 0.533040 0.823789 0.541850 0.814978 0.546256 0.814978 0.550661 0.810573 0.550661 0.801762
0 0.251101 0.775330 0.246696 0.770925 0.233480 0.770925 0.229075 0.775330 0.224670 0.775330 0.215859 0.784141 0.224670 0.792952 0.237885 0.792952 0.242291 0.788546 0.246696 0.788546 0.251101 0.784141
0 0.753304 0.748899 0.748899 0.753304 0.748899 0.770925 0.753304 0.775330 0.757709 0.775330 0.766520 0.784141 0.766520 0.792952 0.770925 0.797357 0.775330 0.797357 0.779736 0.801762 0.779736 0.810573 0.775330 0.814978 0.779736 0.819383 0.792952 0.819383 0.797357 0.814978 0.784141 0.801762 0.784141 0.792952 0.779736 0.788546 0.779736 0.784141 0.775330 0.779736 0.770925 0.779736 0.762115 0.770925 0.762115 0.753304 0.757709 0.748899
0 0.894273 0.740088 0.894273 0.744493 0.903084 0.753304 0.907489 0.753304 0.911894 0.757709 0.925110 0.757709 0.933921 0.748899 0.920705 0.735683 0.911894 0.735683 0.907489 0.731278 0.903084 0.731278
0 0.524229 0.722467 0.519824 0.718062 0.515419 0.718062 0.511013 0.722467 0.493392 0.722467 0.488987 0.726872 0.488987 0.731278 0.493392 0.735683 0.502203 0.735683 0.506608 0.740088 0.515419 0.740088 0.524229 0.731278
0 0.533040 0.669604 0.524229 0.669604 0.519824 0.674009 0.519824 0.678414 0.511013 0.687225 0.519824 0.696035 0.519824 0.700441 0.524229 0.704846 0.528634 0.704846 0.533040 0.700441 0.533040 0.691630 0.537445 0.687225 0.537445 0.674009
0 0.259912 0.651982 0.255507 0.656388 0.255507 0.669604 0.264317 0.678414 0.264317 0.687225 0.273128 0.696035 0.281938 0.687225 0.281938 0.678414 0.268722 0.665198 0.268722 0.656388 0.264317 0.651982
0 0.903084 0.647577 0.903084 0.651982 0.907489 0.656388 0.929515 0.656388 0.933921 0.660793 0.942731 0.660793 0.951542 0.651982 0.942731 0.643172 0.933921 0.643172 0.929515 0.647577 0.911894 0.647577 0.907489 0.643172
0 0.048458 0.643172 0.052863 0.647577 0.052863 0.651982 0.057269 0.656388 0.070485 0.656388 0.074890 0.660793 0.079295 0.660793 0.083700 0.665198 0.092511 0.665198 0.101322 0.656388 0.101322 0.651982 0.088106 0.638767 0.083700 0.638767 0.079295 0.643172 0.066079 0.643172 0.061674 0.638767 0.052863 0.638767
0 0.784141 0.621145 0.788546 0.625551 0.797357 0.625551 0.801762 0.629956 0.806167 0.629956 0.810573 0.634361 0.819383 0.625551 0.823789 0.625551 0.828194 0.621145 0.841410 0.621145 0.845815 0.616740 0.850220 0.616740 0.854626 0.612335 0.859031 0.612335 0.863436 0.616740 0.867841 0.616740 0.876652 0.625551 0.885463 0.625551 0.894273 0.616740 0.889868 0.612335 0.881057 0.612335 0.876652 0.607930 0.867841 0.607930 0.863436 0.612335 0.859031 0.607930 0.854626 0.607930 0.845815 0.599119 0.832599 0.599119 0.823789 0.607930 0.819383 0.607930 0.814978 0.612335 0.810573 0.612335 0.806167 0.616740 0.788546 0.616740
0 0.000000 0.603524 0.000000 0.612335 0.004405 0.616740 0.008811 0.616740 0.013216 0.621145 0.030837 0.621145 0.035242 0.616740 0.035242 0.607930 0.030837 0.603524 0.026432 0.603524 0.022026 0.599119 0.008811 0.599119 0.004405 0.603524
0 0.387665 0.621145 0.392070 0.625551 0.396476 0.621145 0.396476 0.607930 0.405286 0.599119 0.409692 0.599119 0.414097 0.594714 0.418502 0.594714 0.422908 0.599119 0.427313 0.599119 0.431718 0.603524 0.436123 0.599119 0.440529 0.599119 0.444934 0.603524 0.453745 0.594714 0.453745 0.590308 0.444934 0.581498 0.440529 0.581498 0.436123 0.585903 0.431718 0.585903 0.427313 0.581498 0.422908 0.581498 0.418502 0.585903 0.414097 0.585903 0.409692 0.581498 0.400881 0.581498 0.392070 0.590308 0.392070 0.612335 0.387665 0.616740
0 0.277533 0.572687 0.273128 0.577093 0.273128 0.581498 0.281938 0.590308 0.281938 0.599119 0.277533 0.603524 0.281938 0.607930 0.281938 0.616740 0.290749 0.625551 0.295154 0.621145 0.299559 0.621145 0.303965 0.616740 0.286344 0.599119 0.286344 0.585903 0.290749 0.581498 0.290749 0.577093 0.286344 0.572687
0 0.894273 0.533040 0.889868 0.537445 0.894273 0.541850 0.894273 0.568282 0.898678 0.572687 0.898678 0.577093 0.903084 0.581498 0.907489 0.581498 0.911894 0.577093 0.911894 0.572687 0.907489 0.568282 0.907489 0.546256
0 0.449339 0.519824 0.444934 0.519824 0.440529 0.524229 0.440529 0.550661 0.444934 0.555066 0.449339 0.550661 0.453745 0.550661 0.458150 0.546256 0.458150 0.528634
0 0.709251 0.475771 0.718062 0.484582 0.731278 0.484582 0.735683 0.488987 0.740088 0.488987 0.753304 0.502203 0.757709 0.497797 0.757709 0.493392 0.744493 0.480176 0.744493 0.471366 0.735683 0.462555 0.731278 0.466960 0.726872 0.466960 0.722467 0.471366 0.718062 0.466960
0 0.546256 0.458150 0.537445 0.466960 0.537445 0.475771 0.528634 0.484582 0.528634 0.493392 0.524229 0.497797 0.519824 0.497797 0.511013 0.506608 0.511013 0.515419 0.515419 0.519824 0.524229 0.519824 0.528634 0.515419 0.533040 0.515419 0.533040 0.493392 0.537445 0.488987 0.541850 0.488987 0.555066 0.475771 0.555066 0.471366 0.550661 0.466960 0.550661 0.462555
0 0.052863 0.462555 0.048458 0.458150 0.039648 0.458150 0.035242 0.462555 0.035242 0.466960 0.030837 0.471366 0.026432 0.471366 0.022026 0.475771 0.017621 0.475771 0.008811 0.484582 0.004405 0.484582 0.008811 0.484582 0.013216 0.488987 0.017621 0.488987 0.022026 0.493392 0.039648 0.475771 0.044053 0.475771 0.052863 0.466960
0 0.436123 0.427313 0.440529 0.431718 0.453745 0.431718 0.458150 0.436123 0.466960 0.436123 0.471366 0.431718 0.471366 0.422908 0.466960 0.418502 0.466960 0.414097 0.462555 0.409692 0.453745 0.409692
0 0.110132 0.400881 0.110132 0.409692 0.118943 0.418502 0.123348 0.414097 0.127753 0.414097 0.132159 0.418502 0.136564 0.418502 0.140969 0.422908 0.140969 0.436123 0.145374 0.440529 0.145374 0.444934 0.162996 0.462555 0.167401 0.462555 0.171806 0.466960 0.171806 0.475771 0.180617 0.484582 0.198238 0.484582 0.202643 0.488987 0.207048 0.484582 0.211454 0.488987 0.215859 0.484582 0.215859 0.480176 0.224670 0.471366 0.220264 0.466960 0.211454 0.466960 0.207048 0.471366 0.185022 0.471366 0.180617 0.466960 0.176211 0.466960 0.171806 0.462555 0.171806 0.436123 0.158590 0.422908 0.149780 0.422908 0.145374 0.418502 0.140969 0.418502 0.132159 0.409692 0.132159 0.400881 0.127753 0.396476 0.114537 0.396476
0 0.713656 0.370044 0.718062 0.374449 0.731278 0.374449 0.735683 0.378855 0.740088 0.378855 0.744493 0.383260 0.748899 0.378855 0.753304 0.378855 0.757709 0.374449 0.762115 0.374449 0.757709 0.374449 0.748899 0.365639 0.740088 0.365639 0.735683 0.361233 0.722467 0.361233
0 0.022026 0.299559 0.039648 0.317181 0.039648 0.321586 0.052863 0.334802 0.066079 0.334802 0.070485 0.330396 0.070485 0.325991 0.061674 0.317181 0.052863 0.317181 0.048458 0.312775 0.044053 0.312775 0.026432 0.295154
0 0.607930 0.237885 0.603524 0.233480 0.594714 0.233480 0.590308 0.237885 0.585903 0.237885 0.581498 0.242291 0.577093 0.242291 0.572687 0.237885 0.563877 0.246696 0.568282 0.251101 0.581498 0.251101 0.585903 0.255507 0.590308 0.255507 0.594714 0.259912 0.607930 0.246696
0 0.079295 0.202643 0.057269 0.224670 0.061674 0.229075 0.066079 0.229075 0.074890 0.237885 0.088106 0.224670 0.088106 0.220264 0.083700 0.215859 0.083700 0.207048
0 0.458150 0.180617 0.449339 0.189427 0.449339 0.193833 0.453745 0.198238 0.458150 0.198238 0.466960 0.207048 0.471366 0.207048 0.480176 0.215859 0.488987 0.207048 0.475771 0.193833 0.475771 0.189427 0.471366 0.185022 0.466960 0.185022 0.462555 0.180617
0 0.348018 0.158590 0.343612 0.162996 0.343612 0.171806 0.361233 0.189427 0.361233 0.193833 0.365639 0.198238 0.374449 0.198238 0.387665 0.185022 0.370044 0.167401 0.365639 0.167401 0.361233 0.162996 0.352423 0.162996
0 0.621145 0.114537 0.616740 0.118943 0.616740 0.127753 0.625551 0.136564 0.625551 0.140969 0.634361 0.149780 0.638767 0.145374 0.643172 0.145374 0.647577 0.140969 0.647577 0.127753 0.643172 0.123348 0.638767 0.123348 0.634361 0.118943 0.629956 0.118943 0.625551 0.114537
0 0.409692 0.105727 0.405286 0.101322 0.400881 0.101322 0.396476 0.105727 0.387665 0.105727 0.383260 0.110132 0.378855 0.110132 0.374449 0.114537 0.365639 0.114537 0.361233 0.110132 0.356828 0.110132 0.348018 0.118943 0.343612 0.118943 0.334802 0.127753 0.339207 0.132159 0.343612 0.132159 0.348018 0.127753 0.352423 0.127753 0.356828 0.123348 0.374449 0.123348 0.378855 0.127753 0.383260 0.123348 0.396476 0.123348 0.405286 0.114537 0.405286 0.110132
0 0.123348 0.101322 0.118943 0.105727 0.118943 0.110132 0.114537 0.114537 0.114537 0.127753 0.118943 0.132159 0.118943 0.136564 0.123348 0.140969 0.127753 0.140969 0.132159 0.136564 0.132159 0.105727 0.127753 0.101322
0 0.466960 0.066079 0.462555 0.066079 0.458150 0.070485 0.458150 0.074890 0.453745 0.079295 0.453745 0.092511 0.458150 0.096916 0.466960 0.096916 0.475771 0.088106 0.475771 0.074890
0 0.770925 0.000000 0.731278 0.000000 0.766520 0.013216 0.775330 0.070485 0.762115 0.079295 0.788546 0.092511 0.744493 0.154185 0.731278 0.145374 0.731278 0.061674 0.696035 0.048458 0.674009 0.000000 0.638767 0.000000 0.678414 0.026432 0.674009 0.048458 0.696035 0.070485 0.687225 0.180617 0.616740 0.334802 0.594714 0.352423 0.607930 0.396476 0.581498 0.493392 0.550661 0.515419 0.541850 0.550661 0.493392 0.559471 0.497797 0.572687 0.541850 0.568282 0.563877 0.612335 0.506608 0.612335 0.537445 0.634361 0.559471 0.616740 0.577093 0.643172 0.559471 0.691630 0.568282 0.740088 0.537445 0.762115 0.568282 0.762115 0.585903 0.801762 0.577093 0.916300 0.546256 0.995595 0.590308 0.995595 0.616740 0.960352 0.647577 0.819383 0.687225 0.819383 0.656388 0.801762 0.665198 0.775330 0.647577 0.704846 0.691630 0.700441 0.766520 0.651982 0.784141 0.656388 0.753304 0.621145 0.713656 0.651982 0.696035 0.643172 0.678414 0.665198 0.647577 0.651982 0.607930 0.559471 0.651982 0.427313 0.638767 0.396476 0.669604 0.392070 0.656388 0.356828 0.674009 0.290749 0.709251 0.229075 0.744493 0.202643 0.770925 0.136564 0.792952 0.136564 0.841410 0.198238 0.841410 0.400881 0.889868 0.497797 0.947137 0.533040 0.947137 0.568282 0.929515 0.590308 0.977974 0.599119 0.995595 0.585903 0.977974 0.559471 0.995595 0.506608 0.920705 0.480176 0.867841 0.370044 0.885463 0.233480 0.828194 0.110132 0.784141 0.057269
0 0.585903 0.000000 0.568282 0.000000 0.568282 0.008811 0.550661 0.026432 0.546256 0.026432 0.541850 0.030837 0.541850 0.035242 0.537445 0.039648 0.541850 0.044053 0.541850 0.048458 0.546256 0.052863 0.577093 0.022026 0.577093 0.017621 0.585903 0.008811
