0 0.691630 0.859031 0.687225 0.859031 0.682819 0.863436 0.682819 0.867841 0.678414 0.872247 0.678414 0.920705 0.674009 0.925110 0.682819 0.933921 0.687225 0.929515 0.691630 0.929515 0.696035 0.925110 0.696035 0.885463 0.700441 0.881057 0.700441 0.876652 0.696035 0.872247 0.696035 0.863436
0 0.136564 0.801762 0.127753 0.801762 0.123348 0.806167 0.118943 0.806167 0.101322 0.823789 0.101322 0.845815 0.105727 0.850220 0.105727 0.854626 0.110132 0.859031 0.114537 0.854626 0.114537 0.845815 0.118943 0.841410 0.118943 0.832599 0.136564 0.814978 0.136564 0.810573 0.140969 0.806167
0 0.559471 0.753304 0.559471 0.757709 0.563877 0.762115 0.577093 0.762115 0.581498 0.757709 0.585903 0.762115 0.590308 0.757709 0.594714 0.762115 0.599119 0.762115 0.607930 0.770925 0.612335 0.766520 0.616740 0.770925 0.629956 0.770925 0.643172 0.762115 0.656388 0.762115 0.660793 0.766520 0.669604 0.766520 0.674009 0.770925 0.678414 0.770925 0.687225 0.779736 0.704846 0.779736 0.709251 0.784141 0.713656 0.784141 0.722467 0.792952 0.726872 0.792952 0.740088 0.784141 0.753304 0.792952 0.757709 0.792952 0.770925 0.784141 0.775330 0.784141 0.788546 0.792952 0.797357 0.792952 0.806167 0.784141 0.810573 0.784141 0.814978 0.779736 0.823789 0.779736 0.828194 0.775330 0.828194 0.770925 0.823789 0.770925 0.819383 0.766520 0.819383 0.762115 0.810573 0.753304 0.797357 0.753304 0.792952 0.757709 0.788546 0.757709 0.784141 0.762115 0.779736 0.762115 0.766520 0.770925 0.757709 0.770925 0.748899 0.779736 0.744493 0.779736 0.740088 0.784141 0.735683 0.784141 0.722467 0.775330 0.718062 0.775330 0.713656 0.779736 0.709251 0.775330 0.704846 0.775330 0.696035 0.766520 0.691630 0.766520 0.687225 0.762115 0.682819 0.762115 0.678414 0.757709 0.678414 0.753304 0.665198 0.744493 0.660793 0.748899 0.656388 0.744493 0.647577 0.744493 0.643172 0.748899 0.621145 0.748899 0.612335 0.757709 0.607930 0.757709 0.603524 0.762115 0.599119 0.762115 0.594714 0.757709 0.590308 0.757709 0.577093 0.744493 0.572687 0.744493
0 0.277533 0.704846 0.273128 0.709251 0.277533 0.713656 0.277533 0.722467 0.281938 0.726872 0.281938 0.740088 0.286344 0.744493 0.286344 0.748899 0.290749 0.753304 0.295154 0.748899 0.299559 0.753304 0.303965 0.753304 0.308370 0.748899 0.303965 0.744493 0.299559 0.744493 0.295154 0.740088 0.295154 0.735683 0.286344 0.726872 0.286344 0.709251 0.281938 0.704846
0 0.057269 0.696035 0.052863 0.691630 0.052863 0.687225 0.048458 0.682819 0.044053 0.682819 0.039648 0.687225 0.035242 0.687225 0.030837 0.691630 0.026432 0.691630 0.022026 0.696035 0.004405 0.696035 0.000000 0.700441 0.004405 0.704846 0.022026 0.704846 0.026432 0.700441 0.052863 0.700441
0 0.735683 0.647577 0.731278 0.643172 0.726872 0.647577 0.722467 0.647577 0.718062 0.643172 0.691630 0.643172 0.687225 0.647577 0.682819 0.647577 0.678414 0.643172 0.674009 0.643172 0.669604 0.638767 0.669604 0.629956 0.665198 0.629956 0.660793 0.634361 0.674009 0.643172 0.674009 0.651982 0.665198 0.660793 0.660793 0.660793 0.647577 0.669604 0.643172 0.665198 0.638767 0.669604 0.621145 0.669604 0.616740 0.665198 0.612335 0.665198 0.607930 0.660793 0.599119 0.660793 0.585903 0.651982 0.581498 0.656388 0.572687 0.656388 0.568282 0.660793 0.555066 0.660793 0.550661 0.665198 0.541850 0.665198 0.537445 0.669604 0.528634 0.669604 0.524229 0.665198 0.515419 0.665198 0.511013 0.669604 0.502203 0.669604 0.497797 0.674009 0.488987 0.674009 0.484582 0.669604 0.480176 0.674009 0.475771 0.674009 0.471366 0.669604 0.466960 0.674009 0.462555 0.674009 0.458150 0.669604 0.453745 0.674009 0.466960 0.687225 0.471366 0.682819 0.480176 0.682819 0.484582 0.678414 0.488987 0.682819 0.497797 0.682819 0.502203 0.678414 0.511013 0.678414 0.515419 0.674009 0.524229 0.674009 0.528634 0.678414 0.537445 0.678414 0.541850 0.674009 0.550661 0.674009 0.555066 0.669604 0.568282 0.669604 0.572687 0.665198 0.581498 0.665198 0.585903 0.660793 0.590308 0.665198 0.594714 0.665198 0.607930 0.674009 0.616740 0.674009 0.621145 0.678414 0.638767 0.678414 0.643172 0.674009 0.647577 0.678414 0.651982 0.674009 0.656388 0.678414 0.669604 0.665198 0.674009 0.665198 0.682819 0.656388 0.687225 0.656388 0.691630 0.651982 0.718062 0.651982 0.722467 0.656388 0.726872 0.656388
0 0.162996 0.625551 0.158590 0.625551 0.154185 0.629956 0.154185 0.634361 0.149780 0.638767 0.149780 0.651982 0.145374 0.656388 0.145374 0.669604 0.149780 0.674009 0.154185 0.674009 0.162996 0.665198 0.162996 0.656388 0.167401 0.651982 0.167401 0.629956
0 0.559471 0.621145 0.559471 0.629956 0.563877 0.634361 0.572687 0.634361 0.577093 0.629956 0.581498 0.629956 0.585903 0.634361 0.590308 0.629956 0.594714 0.634361 0.612335 0.634361 0.616740 0.629956 0.625551 0.629956 0.629956 0.625551 0.625551 0.621145 0.621145 0.621145 0.616740 0.625551 0.612335 0.621145 0.607930 0.621145 0.603524 0.616740 0.599119 0.621145 0.594714 0.621145 0.590308 0.616740 0.572687 0.616740 0.568282 0.612335
0 0.202643 0.541850 0.198238 0.541850 0.193833 0.546256 0.193833 0.550661 0.189427 0.555066 0.189427 0.563877 0.176211 0.577093 0.176211 0.594714 0.180617 0.599119 0.185022 0.599119 0.189427 0.594714 0.189427 0.590308 0.198238 0.581498 0.198238 0.568282 0.211454 0.555066 0.211454 0.550661
0 0.048458 0.515419 0.039648 0.524229 0.052863 0.537445 0.061674 0.537445 0.066079 0.541850 0.074890 0.533040 0.074890 0.524229 0.061674 0.511013 0.057269 0.515419
0 0.251101 0.497797 0.251101 0.519824 0.290749 0.563877 0.308370 0.568282 0.370044 0.612335 0.400881 0.625551 0.427313 0.656388 0.431718 0.647577 0.409692 0.621145 0.409692 0.612335 0.427313 0.594714 0.400881 0.577093 0.400881 0.568282 0.414097 0.559471 0.475771 0.563877 0.524229 0.594714 0.541850 0.594714 0.563877 0.577093 0.590308 0.590308 0.656388 0.581498 0.674009 0.594714 0.674009 0.621145 0.700441 0.599119 0.718062 0.607930 0.731278 0.594714 0.731278 0.577093 0.753304 0.568282 0.766520 0.577093 0.766520 0.594714 0.775330 0.590308 0.792952 0.603524 0.806167 0.594714 0.823789 0.594714 0.859031 0.612335 0.872247 0.607930 0.894273 0.629956 0.925110 0.634361 0.929515 0.647577 0.916300 0.656388 0.925110 0.669604 0.960352 0.678414 0.982379 0.700441 0.995595 0.696035 0.995595 0.638767 0.977974 0.629956 0.995595 0.599119 0.947137 0.599119 0.925110 0.585903 0.903084 0.590308 0.885463 0.572687 0.863436 0.568282 0.828194 0.546256 0.810573 0.559471 0.788546 0.559471 0.770925 0.546256 0.735683 0.559471 0.718062 0.541850 0.700441 0.559471 0.678414 0.568282 0.647577 0.568282 0.634361 0.577093 0.594714 0.581498 0.572687 0.568282 0.533040 0.568282 0.519824 0.559471 0.506608 0.563877 0.488987 0.555066 0.396476 0.555066 0.378855 0.546256 0.374449 0.550661 0.321586 0.511013 0.308370 0.493392 0.277533 0.475771
0 0.506608 0.449339 0.502203 0.453745 0.502203 0.480176 0.511013 0.488987 0.519824 0.480176 0.519824 0.466960 0.515419 0.462555 0.515419 0.453745 0.511013 0.449339
0 0.383260 0.405286 0.378855 0.409692 0.378855 0.418502 0.374449 0.422908 0.370044 0.422908 0.361233 0.431718 0.361233 0.436123 0.370044 0.444934 0.374449 0.444934 0.378855 0.440529 0.378855 0.436123 0.383260 0.431718 0.387665 0.431718 0.396476 0.422908 0.392070 0.418502 0.392070 0.414097
0 0.757709 0.370044 0.753304 0.365639 0.744493 0.374449 0.740088 0.374449 0.735683 0.378855 0.731278 0.378855 0.726872 0.383260 0.722467 0.383260 0.718062 0.387665 0.718062 0.392070 0.722467 0.396476 0.726872 0.392070 0.735683 0.392070 0.740088 0.387665 0.748899 0.387665 0.757709 0.378855
0 0.383260 0.325991 0.378855 0.325991 0.374449 0.330396 0.378855 0.334802 0.378855 0.356828 0.374449 0.361233 0.370044 0.361233 0.365639 0.365639 0.361233 0.361233 0.356828 0.365639 0.356828 0.370044 0.361233 0.374449 0.370044 0.374449 0.374449 0.378855 0.383260 0.370044 0.383260 0.365639 0.392070 0.356828 0.396476 0.356828 0.400881 0.352423 0.400881 0.348018 0.392070 0.339207 0.392070 0.334802
0 0.709251 0.317181 0.704846 0.317181 0.700441 0.321586 0.700441 0.325991 0.691630 0.334802 0.687225 0.334802 0.682819 0.339207 0.682819 0.348018 0.696035 0.361233 0.700441 0.356828 0.700441 0.343612 0.704846 0.339207 0.704846 0.334802 0.713656 0.325991 0.713656 0.321586
0 0.634361 0.255507 0.621145 0.268722 0.621145 0.277533 0.616740 0.281938 0.616740 0.286344 0.607930 0.295154 0.612335 0.299559 0.616740 0.299559 0.625551 0.290749 0.629956 0.290749 0.634361 0.286344 0.638767 0.286344 0.643172 0.281938 0.643172 0.268722 0.638767 0.264317 0.638767 0.259912
0 0.850220 0.224670 0.845815 0.229075 0.845815 0.246696 0.850220 0.251101 0.850220 0.255507 0.854626 0.259912 0.854626 0.264317 0.859031 0.268722 0.867841 0.268722 0.872247 0.264317 0.867841 0.259912 0.867841 0.255507 0.863436 0.251101 0.863436 0.233480 0.854626 0.224670
0 0.748899 0.211454 0.735683 0.211454 0.731278 0.215859 0.731278 0.220264 0.722467 0.229075 0.731278 0.237885 0.735683 0.233480 0.740088 0.233480 0.744493 0.229075 0.748899 0.229075 0.753304 0.224670 0.753304 0.215859
0 0.000000 0.286344 0.000000 0.295154 0.039648 0.277533 0.048458 0.277533 0.052863 0.281938 0.070485 0.277533 0.110132 0.237885 0.118943 0.233480 0.154185 0.251101 0.162996 0.259912 0.162996 0.273128 0.171806 0.281938 0.171806 0.295154 0.154185 0.308370 0.140969 0.303965 0.118943 0.321586 0.101322 0.317181 0.088106 0.303965 0.061674 0.325991 0.052863 0.321586 0.048458 0.325991 0.044053 0.321586 0.035242 0.334802 0.048458 0.343612 0.048458 0.356828 0.044053 0.361233 0.048458 0.365639 0.070485 0.361233 0.118943 0.334802 0.127753 0.325991 0.145374 0.321586 0.158590 0.330396 0.158590 0.339207 0.193833 0.370044 0.198238 0.392070 0.215859 0.414097 0.215859 0.422908 0.220264 0.427313 0.220264 0.449339 0.224670 0.453745 0.237885 0.436123 0.259912 0.431718 0.264317 0.427313 0.251101 0.409692 0.251101 0.400881 0.233480 0.370044 0.229075 0.348018 0.198238 0.312775 0.193833 0.295154 0.171806 0.264317 0.171806 0.233480 0.167401 0.229075 0.167401 0.220264 0.149780 0.207048 0.110132 0.224670 0.101322 0.224670 0.088106 0.215859 0.083700 0.220264 0.096916 0.229075 0.096916 0.237885 0.074890 0.259912 0.066079 0.264317 0.048458 0.259912 0.022026 0.277533
0 0.083700 0.145374 0.079295 0.149780 0.074890 0.149780 0.070485 0.154185 0.061674 0.154185 0.052863 0.162996 0.052863 0.167401 0.048458 0.171806 0.052863 0.176211 0.052863 0.185022 0.044053 0.193833 0.048458 0.198238 0.057269 0.189427 0.057269 0.180617 0.079295 0.158590 0.083700 0.158590 0.088106 0.154185 0.088106 0.149780
0 0.753304 0.123348 0.748899 0.127753 0.753304 0.132159 0.753304 0.136564 0.757709 0.140969 0.757709 0.145374 0.762115 0.149780 0.762115 0.154185 0.766520 0.158590 0.775330 0.158590 0.784141 0.149780 0.784141 0.140969 0.775330 0.132159 0.770925 0.132159 0.762115 0.123348
0 0.299559 0.096916 0.295154 0.101322 0.299559 0.105727 0.299559 0.110132 0.312775 0.123348 0.312775 0.136564 0.308370 0.140969 0.308370 0.149780 0.312775 0.154185 0.312775 0.158590 0.321586 0.167401 0.325991 0.162996 0.330396 0.162996 0.334802 0.167401 0.339207 0.167401 0.352423 0.180617 0.361233 0.171806 0.361233 0.167401 0.356828 0.162996 0.348018 0.162996 0.343612 0.167401 0.339207 0.167401 0.334802 0.162996 0.330396 0.162996 0.325991 0.158590 0.325991 0.154185 0.321586 0.149780 0.321586 0.145374 0.312775 0.136564 0.312775 0.123348 0.317181 0.118943 0.317181 0.105727 0.312775 0.101322 0.308370 0.101322 0.303965 0.096916
0 0.268722 0.061674 0.264317 0.057269 0.246696 0.057269 0.237885 0.066079 0.233480 0.066079 0.224670 0.074890 0.229075 0.079295 0.237885 0.079295 0.242291 0.074890 0.255507 0.074890 0.259912 0.070485 0.264317 0.070485 0.268722 0.066079
