0 0.841410 0.938326 0.837004 0.942731 0.837004 0.973568 0.850220 0.986784 0.863436 0.986784 0.872247 0.977974 0.872247 0.973568 0.867841 0.969163 0.867841 0.964758 0.863436 0.960352 0.859031 0.960352 0.854626 0.955947 0.854626 0.947137 0.845815 0.938326
0 0.696035 0.920705 0.687225 0.929515 0.687225 0.933921 0.691630 0.938326 0.691630 0.973568 0.696035 0.977974 0.704846 0.977974 0.713656 0.969163 0.709251 0.964758 0.709251 0.929515 0.704846 0.925110 0.700441 0.925110
0 0.339207 0.920705 0.330396 0.929515 0.330396 0.933921 0.334802 0.938326 0.334802 0.947137 0.330396 0.951542 0.325991 0.951542 0.321586 0.955947 0.330396 0.964758 0.339207 0.964758 0.343612 0.960352 0.348018 0.960352 0.352423 0.955947 0.356828 0.960352 0.361233 0.960352 0.365639 0.964758 0.370044 0.960352 0.365639 0.955947 0.361233 0.960352 0.356828 0.960352 0.352423 0.955947 0.348018 0.955947 0.339207 0.947137 0.339207 0.938326 0.343612 0.933921 0.343612 0.925110
0 0.590308 0.898678 0.585903 0.903084 0.585903 0.929515 0.581498 0.933921 0.585903 0.938326 0.585903 0.942731 0.603524 0.960352 0.603524 0.995595 0.621145 0.995595 0.621145 0.982379 0.616740 0.977974 0.616740 0.973568 0.612335 0.969163 0.612335 0.955947 0.616740 0.951542 0.621145 0.951542 0.625551 0.947137 0.621145 0.947137 0.599119 0.925110 0.599119 0.903084 0.594714 0.898678
0 0.497797 0.845815 0.493392 0.850220 0.493392 0.859031 0.519824 0.885463 0.528634 0.876652 0.528634 0.872247 0.502203 0.845815
0 0.643172 0.814978 0.638767 0.819383 0.638767 0.823789 0.634361 0.828194 0.629956 0.828194 0.621145 0.837004 0.621145 0.841410 0.616740 0.845815 0.616740 0.854626 0.621145 0.859031 0.625551 0.859031 0.638767 0.872247 0.643172 0.872247 0.651982 0.881057 0.651982 0.894273 0.656388 0.898678 0.656388 0.903084 0.660793 0.907489 0.665198 0.907489 0.669604 0.911894 0.674009 0.907489 0.674009 0.903084 0.678414 0.898678 0.669604 0.889868 0.669604 0.885463 0.660793 0.876652 0.656388 0.876652 0.651982 0.872247 0.651982 0.863436 0.647577 0.859031 0.643172 0.859031 0.638767 0.854626 0.638767 0.841410 0.651982 0.828194 0.651982 0.823789
0 0.850220 0.792952 0.845815 0.788546 0.841410 0.792952 0.837004 0.788546 0.832599 0.788546 0.828194 0.792952 0.828194 0.801762 0.823789 0.806167 0.823789 0.810573 0.814978 0.819383 0.814978 0.823789 0.801762 0.837004 0.797357 0.837004 0.788546 0.845815 0.784141 0.845815 0.775330 0.854626 0.770925 0.854626 0.766520 0.859031 0.762115 0.854626 0.757709 0.854626 0.753304 0.859031 0.748899 0.859031 0.740088 0.867841 0.735683 0.867841 0.731278 0.872247 0.722467 0.872247 0.718062 0.876652 0.718062 0.881057 0.722467 0.885463 0.722467 0.907489 0.726872 0.911894 0.731278 0.907489 0.731278 0.898678 0.735683 0.894273 0.735683 0.885463 0.753304 0.867841 0.757709 0.867841 0.766520 0.859031 0.770925 0.859031 0.775330 0.854626 0.784141 0.854626 0.788546 0.859031 0.801762 0.859031 0.810573 0.850220 0.814978 0.850220 0.819383 0.845815 0.823789 0.845815 0.832599 0.837004 0.832599 0.832599 0.841410 0.823789 0.841410 0.814978 0.845815 0.810573 0.845815 0.806167 0.850220 0.801762
0 0.132159 0.740088 0.127753 0.744493 0.127753 0.753304 0.132159 0.757709 0.132159 0.762115 0.136564 0.766520 0.136564 0.779736 0.140969 0.784141 0.145374 0.779736 0.145374 0.748899 0.136564 0.740088
0 0.713656 0.740088 0.709251 0.735683 0.691630 0.735683 0.687225 0.740088 0.682819 0.735683 0.660793 0.757709 0.660793 0.762115 0.674009 0.775330 0.682819 0.766520 0.682819 0.753304 0.687225 0.748899 0.691630 0.748899 0.696035 0.744493 0.700441 0.748899 0.704846 0.748899 0.709251 0.753304 0.713656 0.748899
0 0.960352 0.691630 0.951542 0.691630 0.947137 0.696035 0.947137 0.700441 0.942731 0.704846 0.942731 0.713656 0.938326 0.718062 0.933921 0.718062 0.925110 0.726872 0.925110 0.731278 0.911894 0.744493 0.911894 0.748899 0.907489 0.753304 0.907489 0.797357 0.911894 0.801762 0.911894 0.814978 0.903084 0.823789 0.903084 0.845815 0.894273 0.854626 0.894273 0.867841 0.889868 0.872247 0.894273 0.876652 0.894273 0.889868 0.907489 0.903084 0.911894 0.903084 0.916300 0.907489 0.920705 0.903084 0.920705 0.898678 0.925110 0.894273 0.925110 0.889868 0.920705 0.885463 0.920705 0.876652 0.916300 0.872247 0.916300 0.854626 0.929515 0.841410 0.929515 0.823789 0.920705 0.814978 0.916300 0.814978 0.911894 0.810573 0.911894 0.801762 0.920705 0.792952 0.920705 0.770925 0.929515 0.762115 0.929515 0.757709 0.942731 0.744493 0.942731 0.740088 0.947137 0.735683 0.947137 0.722467 0.951542 0.718062 0.955947 0.718062 0.960352 0.713656 0.969163 0.713656 0.973568 0.709251 0.973568 0.704846
0 0.806167 0.687225 0.801762 0.682819 0.792952 0.682819 0.788546 0.687225 0.784141 0.687225 0.779736 0.691630 0.775330 0.691630 0.770925 0.687225 0.757709 0.700441 0.757709 0.709251 0.762115 0.713656 0.770925 0.713656 0.779736 0.704846 0.784141 0.704846 0.788546 0.700441 0.792952 0.700441 0.797357 0.696035 0.801762 0.700441 0.806167 0.696035
0 0.000000 0.572687 0.000000 0.594714 0.013216 0.594714 0.017621 0.599119 0.026432 0.599119 0.030837 0.603524 0.039648 0.594714 0.039648 0.585903 0.035242 0.581498 0.026432 0.581498 0.022026 0.577093 0.017621 0.577093 0.013216 0.572687
0 0.850220 0.572687 0.854626 0.572687 0.859031 0.577093 0.863436 0.577093 0.867841 0.581498 0.872247 0.581498 0.876652 0.585903 0.881057 0.585903 0.889868 0.577093 0.889868 0.572687 0.881057 0.563877 0.867841 0.563877 0.863436 0.568282 0.859031 0.568282 0.854626 0.572687
0 0.453745 0.555066 0.449339 0.559471 0.444934 0.559471 0.440529 0.563877 0.440529 0.568282 0.431718 0.577093 0.431718 0.581498 0.440529 0.590308 0.444934 0.590308 0.453745 0.581498 0.453745 0.577093 0.458150 0.572687 0.458150 0.559471
0 0.348018 0.524229 0.339207 0.533040 0.339207 0.537445 0.343612 0.541850 0.343612 0.546256 0.348018 0.550661 0.348018 0.559471 0.356828 0.568282 0.361233 0.568282 0.365639 0.572687 0.374449 0.563877 0.374449 0.550661 0.370044 0.546256 0.370044 0.541850 0.361233 0.533040 0.356828 0.533040
0 0.207048 0.515419 0.202643 0.519824 0.202643 0.537445 0.198238 0.541850 0.198238 0.559471 0.202643 0.563877 0.229075 0.563877 0.233480 0.568282 0.237885 0.568282 0.242291 0.572687 0.251101 0.572687 0.259912 0.563877 0.259912 0.559471 0.255507 0.555066 0.251101 0.555066 0.246696 0.550661 0.242291 0.555066 0.237885 0.550661 0.233480 0.550661 0.220264 0.537445 0.220264 0.528634
0 0.070485 0.484582 0.066079 0.488987 0.066079 0.497797 0.079295 0.511013 0.083700 0.506608 0.088106 0.511013 0.092511 0.511013 0.096916 0.515419 0.096916 0.519824 0.101322 0.524229 0.101322 0.533040 0.105727 0.537445 0.110132 0.537445 0.114537 0.533040 0.114537 0.519824 0.105727 0.511013 0.101322 0.511013 0.096916 0.515419 0.092511 0.511013 0.088106 0.511013 0.079295 0.502203 0.079295 0.488987 0.074890 0.484582
0 0.643172 0.475771 0.638767 0.480176 0.638767 0.493392 0.625551 0.506608 0.621145 0.506608 0.616740 0.511013 0.594714 0.511013 0.581498 0.524229 0.577093 0.524229 0.568282 0.533040 0.568282 0.550661 0.581498 0.563877 0.585903 0.559471 0.599119 0.559471 0.603524 0.563877 0.607930 0.563877 0.612335 0.568282 0.616740 0.568282 0.621145 0.563877 0.625551 0.563877 0.638767 0.550661 0.629956 0.541850 0.629956 0.533040 0.638767 0.524229 0.638767 0.519824 0.643172 0.515419 0.643172 0.511013 0.647577 0.506608 0.647577 0.502203 0.651982 0.497797 0.651982 0.484582
0 0.295154 0.471366 0.286344 0.480176 0.286344 0.484582 0.295154 0.493392 0.295154 0.515419 0.290749 0.519824 0.290749 0.524229 0.277533 0.537445 0.277533 0.550661 0.281938 0.555066 0.290749 0.555066 0.299559 0.546256 0.299559 0.524229 0.303965 0.519824 0.308370 0.519824 0.317181 0.511013 0.312775 0.506608 0.312775 0.502203 0.303965 0.493392 0.303965 0.484582 0.299559 0.480176 0.299559 0.475771
0 0.991189 0.453745 0.977974 0.453745 0.964758 0.466960 0.964758 0.475771 0.960352 0.480176 0.955947 0.480176 0.942731 0.493392 0.942731 0.497797 0.938326 0.502203 0.938326 0.519824 0.942731 0.524229 0.955947 0.524229 0.964758 0.515419 0.964758 0.484582 0.969163 0.480176 0.973568 0.480176 0.977974 0.475771 0.982379 0.475771 0.986784 0.471366 0.995595 0.471366 0.995595 0.458150
0 0.207048 0.453745 0.202643 0.449339 0.193833 0.449339 0.185022 0.458150 0.180617 0.458150 0.176211 0.462555 0.167401 0.462555 0.162996 0.466960 0.154185 0.466960 0.149780 0.471366 0.162996 0.484582 0.171806 0.484582 0.176211 0.480176 0.185022 0.480176 0.189427 0.475771 0.193833 0.475771 0.207048 0.462555
0 0.229075 0.400881 0.215859 0.414097 0.220264 0.418502 0.220264 0.431718 0.229075 0.440529 0.233480 0.440529 0.237885 0.444934 0.242291 0.440529 0.242291 0.431718 0.237885 0.427313 0.237885 0.405286 0.233480 0.400881
0 0.079295 0.400881 0.070485 0.409692 0.070485 0.418502 0.074890 0.422908 0.079295 0.418502 0.083700 0.418502 0.088106 0.414097 0.092511 0.418502 0.096916 0.418502 0.110132 0.431718 0.110132 0.449339 0.105727 0.453745 0.105727 0.458150 0.101322 0.462555 0.105727 0.466960 0.110132 0.466960 0.123348 0.453745 0.127753 0.453745 0.132159 0.449339 0.132159 0.444934 0.110132 0.422908 0.110132 0.418502 0.105727 0.414097 0.101322 0.418502 0.096916 0.414097 0.092511 0.414097 0.088106 0.409692 0.088106 0.405286 0.083700 0.400881
0 0.387665 0.383260 0.383260 0.387665 0.383260 0.392070 0.392070 0.400881 0.396476 0.400881 0.409692 0.414097 0.409692 0.422908 0.422908 0.436123 0.427313 0.436123 0.440529 0.422908 0.431718 0.414097 0.427313 0.414097 0.422908 0.409692 0.422908 0.405286 0.414097 0.396476 0.414097 0.383260 0.409692 0.378855 0.396476 0.378855 0.392070 0.383260
0 0.074890 0.361233 0.070485 0.356828 0.057269 0.356828 0.048458 0.365639 0.048458 0.374449 0.044053 0.378855 0.039648 0.378855 0.035242 0.383260 0.030837 0.383260 0.026432 0.387665 0.022026 0.387665 0.017621 0.392070 0.017621 0.396476 0.008811 0.405286 0.004405 0.405286 0.000000 0.409692 0.000000 0.418502 0.004405 0.414097 0.008811 0.414097 0.013216 0.409692 0.017621 0.414097 0.035242 0.414097 0.044053 0.405286 0.044053 0.383260 0.048458 0.378855 0.052863 0.378855 0.057269 0.374449 0.061674 0.374449 0.066079 0.370044 0.070485 0.370044 0.074890 0.365639
0 0.343612 0.330396 0.339207 0.334802 0.339207 0.339207 0.343612 0.343612 0.343612 0.352423 0.352423 0.361233 0.352423 0.365639 0.356828 0.370044 0.365639 0.361233 0.365639 0.348018 0.361233 0.343612 0.361233 0.339207 0.352423 0.330396
0 0.273128 0.308370 0.268722 0.312775 0.268722 0.321586 0.273128 0.325991 0.273128 0.334802 0.268722 0.339207 0.268722 0.343612 0.264317 0.348018 0.264317 0.352423 0.268722 0.356828 0.273128 0.356828 0.281938 0.365639 0.281938 0.374449 0.286344 0.378855 0.290749 0.378855 0.295154 0.383260 0.303965 0.374449 0.303965 0.370044 0.299559 0.365639 0.295154 0.370044 0.290749 0.365639 0.286344 0.365639 0.281938 0.361233 0.281938 0.352423 0.286344 0.348018 0.281938 0.343612 0.281938 0.339207 0.277533 0.334802 0.277533 0.325991 0.281938 0.321586 0.281938 0.317181
0 0.140969 0.299559 0.136564 0.303965 0.136564 0.325991 0.123348 0.339207 0.123348 0.356828 0.127753 0.361233 0.127753 0.365639 0.132159 0.370044 0.136564 0.370044 0.145374 0.378855 0.149780 0.374449 0.149780 0.370044 0.154185 0.365639 0.154185 0.361233 0.149780 0.356828 0.149780 0.352423 0.145374 0.348018 0.145374 0.343612 0.140969 0.339207 0.140969 0.321586 0.149780 0.312775 0.149780 0.303965 0.145374 0.299559
0 0.995595 0.295154 0.920705 0.409692 0.850220 0.440529 0.823789 0.427313 0.837004 0.383260 0.867841 0.383260 0.911894 0.308370 0.881057 0.312775 0.810573 0.409692 0.748899 0.431718 0.704846 0.497797 0.757709 0.462555 0.784141 0.497797 0.704846 0.555066 0.709251 0.585903 0.660793 0.607930 0.643172 0.647577 0.616740 0.656388 0.594714 0.629956 0.572687 0.638767 0.559471 0.621145 0.581498 0.603524 0.555066 0.612335 0.537445 0.594714 0.515419 0.629956 0.537445 0.616740 0.555066 0.634361 0.537445 0.674009 0.506608 0.678414 0.511013 0.638767 0.458150 0.669604 0.475771 0.687225 0.462555 0.713656 0.400881 0.704846 0.352423 0.731278 0.268722 0.718062 0.273128 0.748899 0.246696 0.766520 0.189427 0.709251 0.180617 0.665198 0.180617 0.691630 0.154185 0.718062 0.189427 0.753304 0.193833 0.784141 0.220264 0.810573 0.255507 0.801762 0.290749 0.832599 0.211454 0.867841 0.145374 0.801762 0.127753 0.850220 0.092511 0.819383 0.044053 0.819383 0.070485 0.881057 0.088106 0.863436 0.145374 0.863436 0.167401 0.894273 0.110132 0.938326 0.092511 0.916300 0.061674 0.933921 0.000000 0.837004 0.000000 0.903084 0.026432 0.907489 0.004405 0.933921 0.039648 0.947137 0.088106 0.938326 0.110132 0.969163 0.180617 0.881057 0.215859 0.876652 0.215859 0.911894 0.251101 0.867841 0.268722 0.920705 0.202643 0.951542 0.180617 0.938326 0.127753 0.995595 0.180617 0.995595 0.207048 0.960352 0.251101 0.942731 0.273128 0.960352 0.286344 0.920705 0.440529 0.832599 0.462555 0.784141 0.555066 0.731278 0.607930 0.669604 0.665198 0.647577 0.682819 0.665198 0.674009 0.643172 0.691630 0.612335 0.801762 0.528634 0.881057 0.431718 0.933921 0.409692
0 0.678414 0.273128 0.669604 0.281938 0.669604 0.286344 0.674009 0.290749 0.674009 0.295154 0.687225 0.308370 0.687225 0.321586 0.682819 0.325991 0.682819 0.330396 0.678414 0.334802 0.678414 0.339207 0.682819 0.343612 0.687225 0.343612 0.691630 0.339207 0.696035 0.339207 0.700441 0.334802 0.709251 0.334802 0.713656 0.330396 0.713656 0.325991 0.704846 0.317181 0.700441 0.317181 0.696035 0.312775 0.696035 0.286344 0.682819 0.273128
0 0.295154 0.251101 0.286344 0.259912 0.286344 0.268722 0.281938 0.273128 0.286344 0.277533 0.286344 0.281938 0.295154 0.290749 0.299559 0.290749 0.303965 0.286344 0.303965 0.273128 0.299559 0.268722 0.299559 0.251101
0 0.022026 0.242291 0.017621 0.246696 0.017621 0.251101 0.013216 0.255507 0.013216 0.268722 0.008811 0.273128 0.004405 0.273128 0.004405 0.277533 0.008811 0.277533 0.013216 0.281938 0.022026 0.281938 0.026432 0.277533 0.030837 0.277533 0.035242 0.281938 0.039648 0.281938 0.057269 0.299559 0.061674 0.299559 0.066079 0.295154 0.066079 0.286344 0.057269 0.277533 0.048458 0.277533 0.044053 0.281938 0.039648 0.277533 0.035242 0.277533 0.030837 0.273128 0.030837 0.251101
0 0.471366 0.237885 0.466960 0.242291 0.466960 0.268722 0.475771 0.277533 0.475771 0.281938 0.484582 0.290749 0.484582 0.295154 0.493392 0.303965 0.502203 0.295154 0.497797 0.290749 0.497797 0.273128 0.493392 0.268722 0.493392 0.264317 0.480176 0.251101 0.480176 0.246696
0 0.757709 0.233480 0.748899 0.242291 0.748899 0.273128 0.753304 0.277533 0.753304 0.281938 0.762115 0.290749 0.762115 0.312775 0.766520 0.317181 0.770925 0.317181 0.784141 0.330396 0.792952 0.330396 0.797357 0.325991 0.806167 0.325991 0.810573 0.321586 0.810573 0.317181 0.806167 0.312775 0.801762 0.312775 0.797357 0.308370 0.792952 0.308370 0.788546 0.303965 0.784141 0.303965 0.775330 0.295154 0.775330 0.290749 0.770925 0.286344 0.770925 0.264317 0.775330 0.259912 0.770925 0.255507 0.770925 0.251101 0.766520 0.246696 0.766520 0.242291
0 0.193833 0.215859 0.189427 0.220264 0.189427 0.229075 0.193833 0.233480 0.193833 0.255507 0.198238 0.259912 0.202643 0.259912 0.207048 0.255507 0.207048 0.224670 0.198238 0.215859
0 0.330396 0.202643 0.325991 0.207048 0.317181 0.207048 0.312775 0.202643 0.308370 0.202643 0.303965 0.207048 0.299559 0.207048 0.295154 0.211454 0.295154 0.215859 0.290749 0.220264 0.295154 0.224670 0.295154 0.229075 0.303965 0.237885 0.303965 0.242291 0.308370 0.242291 0.312775 0.237885 0.312775 0.233480 0.317181 0.229075 0.317181 0.220264 0.321586 0.215859 0.325991 0.215859 0.330396 0.211454 0.334802 0.215859 0.339207 0.211454
0 0.044053 0.189427 0.039648 0.185022 0.039648 0.180617 0.035242 0.176211 0.026432 0.176211 0.017621 0.185022 0.013216 0.185022 0.008811 0.189427 0.000000 0.189427 0.000000 0.198238 0.004405 0.198238 0.008811 0.193833 0.017621 0.193833 0.022026 0.198238 0.030837 0.198238 0.035242 0.202643 0.044053 0.193833
0 0.088106 0.171806 0.096916 0.180617 0.132159 0.180617 0.140969 0.171806 0.140969 0.167401 0.136564 0.162996 0.127753 0.162996 0.123348 0.167401 0.114537 0.167401 0.110132 0.162996 0.105727 0.162996 0.101322 0.158590
0 0.599119 0.149780 0.585903 0.136564 0.572687 0.136564 0.563877 0.145374 0.563877 0.154185 0.555066 0.162996 0.550661 0.162996 0.546256 0.167401 0.541850 0.167401 0.537445 0.171806 0.528634 0.171806 0.515419 0.185022 0.511013 0.185022 0.506608 0.189427 0.502203 0.185022 0.497797 0.185022 0.493392 0.180617 0.488987 0.180617 0.484582 0.176211 0.475771 0.185022 0.480176 0.189427 0.480176 0.198238 0.484582 0.202643 0.484582 0.207048 0.488987 0.211454 0.493392 0.207048 0.497797 0.207048 0.506608 0.198238 0.511013 0.198238 0.515419 0.193833 0.519824 0.193833 0.524229 0.189427 0.528634 0.189427 0.533040 0.193833 0.546256 0.193833 0.555066 0.185022 0.555066 0.176211 0.559471 0.171806 0.559471 0.162996 0.563877 0.158590 0.568282 0.158590 0.572687 0.154185 0.577093 0.158590 0.594714 0.158590 0.599119 0.154185
0 0.361233 0.132159 0.356828 0.136564 0.356828 0.149780 0.352423 0.154185 0.356828 0.158590 0.356828 0.167401 0.361233 0.171806 0.365639 0.171806 0.370044 0.167401 0.370044 0.162996 0.378855 0.154185 0.374449 0.149780 0.374449 0.145374
0 0.449339 0.114537 0.444934 0.114537 0.436123 0.123348 0.436123 0.132159 0.431718 0.136564 0.431718 0.140969 0.440529 0.149780 0.444934 0.145374 0.449339 0.149780 0.453745 0.145374 0.453745 0.118943
0 0.281938 0.105727 0.277533 0.110132 0.277533 0.127753 0.281938 0.132159 0.281938 0.140969 0.286344 0.145374 0.286344 0.149780 0.295154 0.158590 0.299559 0.154185 0.295154 0.149780 0.295154 0.132159 0.299559 0.127753 0.299559 0.114537 0.295154 0.110132 0.290749 0.110132 0.286344 0.105727
0 0.801762 0.074890 0.797357 0.079295 0.792952 0.079295 0.788546 0.083700 0.788546 0.088106 0.792952 0.092511 0.792952 0.110132 0.788546 0.114537 0.792952 0.118943 0.810573 0.118943 0.814978 0.114537 0.814978 0.101322 0.810573 0.096916 0.810573 0.083700
0 0.180617 0.057269 0.171806 0.066079 0.171806 0.070485 0.176211 0.074890 0.176211 0.079295 0.180617 0.083700 0.185022 0.083700 0.193833 0.092511 0.193833 0.096916 0.198238 0.101322 0.198238 0.110132 0.185022 0.123348 0.185022 0.127753 0.176211 0.136564 0.176211 0.149780 0.185022 0.158590 0.193833 0.158590 0.198238 0.154185 0.198238 0.136564 0.211454 0.123348 0.211454 0.096916 0.198238 0.083700 0.198238 0.074890
0 0.356828 0.052863 0.352423 0.057269 0.352423 0.066079 0.348018 0.070485 0.343612 0.070485 0.339207 0.074890 0.339207 0.079295 0.334802 0.083700 0.334802 0.101322 0.339207 0.105727 0.343612 0.101322 0.348018 0.101322 0.352423 0.096916 0.352423 0.088106 0.370044 0.070485 0.370044 0.061674 0.365639 0.057269 0.361233 0.057269
0 0.572687 0.039648 0.568282 0.044053 0.568282 0.048458 0.572687 0.052863 0.572687 0.061674 0.577093 0.066079 0.577093 0.070485 0.581498 0.074890 0.590308 0.074890 0.599119 0.066079 0.599119 0.061674 0.577093 0.039648
0 0.885463 0.000000 0.876652 0.000000 0.876652 0.013216 0.863436 0.022026 0.859031 0.017621 0.845815 0.017621 0.841410 0.022026 0.841410 0.052863 0.837004 0.057269 0.850220 0.066079 0.863436 0.039648 0.863436 0.022026 0.876652 0.013216 0.889868 0.022026 0.889868 0.048458 0.881057 0.057269 0.920705 0.096916 0.920705 0.110132 0.907489 0.118943 0.903084 0.114537 0.898678 0.118943 0.898678 0.132159 0.911894 0.149780 0.929515 0.136564 0.942731 0.145374 0.942731 0.158590 0.911894 0.193833 0.916300 0.198238 0.920705 0.242291 0.911894 0.273128 0.898678 0.281938 0.889868 0.281938 0.872247 0.268722 0.872247 0.255507 0.885463 0.237885 0.863436 0.215859 0.845815 0.207048 0.845815 0.189427 0.841410 0.185022 0.819383 0.198238 0.806167 0.193833 0.788546 0.211454 0.792952 0.220264 0.810573 0.207048 0.823789 0.207048 0.841410 0.215859 0.867841 0.251101 0.867841 0.259912 0.854626 0.281938 0.841410 0.290749 0.845815 0.299559 0.859031 0.290749 0.881057 0.295154 0.898678 0.281938 0.911894 0.286344 0.925110 0.281938 0.938326 0.290749 0.942731 0.286344 0.938326 0.273128 0.951542 0.251101 0.947137 0.246696 0.942731 0.251101 0.929515 0.242291 0.929515 0.229075 0.942731 0.220264 0.951542 0.224670 0.955947 0.211454 0.933921 0.198238 0.933921 0.185022 0.947137 0.176211 0.969163 0.189427 0.982379 0.185022 0.977974 0.167401 0.955947 0.154185 0.960352 0.140969 0.947137 0.110132 0.903084 0.066079 0.898678 0.057269 0.898678 0.022026
0 0.797357 0.000000 0.784141 0.000000 0.784141 0.004405 0.779736 0.008811 0.779736 0.013216 0.766520 0.026432 0.762115 0.026432 0.753304 0.035242 0.753304 0.044053 0.766520 0.057269 0.766520 0.061674 0.770925 0.066079 0.775330 0.066079 0.779736 0.061674 0.779736 0.057269 0.766520 0.044053 0.766520 0.030837 0.770925 0.026432 0.775330 0.026432 0.779736 0.022026 0.784141 0.022026 0.788546 0.017621 0.792952 0.017621 0.797357 0.013216
0 0.110132 0.000000 0.096916 0.000000 0.096916 0.008811 0.101322 0.013216 0.101322 0.022026 0.088106 0.035242 0.083700 0.035242 0.079295 0.039648 0.074890 0.039648 0.070485 0.044053 0.070485 0.057269 0.066079 0.061674 0.066079 0.079295 0.070485 0.083700 0.070485 0.096916 0.074890 0.101322 0.074890 0.105727 0.083700 0.114537 0.092511 0.114537 0.096916 0.110132 0.088106 0.101322 0.088106 0.079295 0.083700 0.074890 0.083700 0.048458 0.088106 0.044053 0.092511 0.044053 0.096916 0.039648 0.101322 0.039648 0.105727 0.035242 0.105727 0.026432 0.101322 0.022026 0.101322 0.013216 0.110132 0.004405
