0 0.854626 0.951542 0.845815 0.960352 0.845815 0.964758 0.850220 0.969163 0.850220 0.973568 0.854626 0.977974 0.854626 0.986784 0.850220 0.991189 0.850220 0.995595 0.863436 0.995595 0.863436 0.977974 0.872247 0.969163 0.872247 0.964758 0.859031 0.951542
0 0.039648 0.951542 0.030837 0.942731 0.026432 0.942731 0.022026 0.938326 0.017621 0.942731 0.008811 0.942731 0.004405 0.947137 0.000000 0.947137 0.000000 0.955947 0.004405 0.955947 0.008811 0.960352 0.030837 0.960352
0 0.436123 0.929515 0.427313 0.929515 0.422908 0.933921 0.422908 0.947137 0.418502 0.951542 0.414097 0.951542 0.405286 0.960352 0.405286 0.969163 0.409692 0.973568 0.414097 0.973568 0.422908 0.982379 0.422908 0.986784 0.427313 0.991189 0.427313 0.995595 0.427313 0.991189 0.431718 0.986784 0.427313 0.982379 0.427313 0.960352 0.431718 0.955947 0.436123 0.955947 0.440529 0.951542 0.458150 0.951542 0.462555 0.947137 0.449339 0.933921 0.440529 0.933921
0 0.744493 0.942731 0.753304 0.951542 0.757709 0.947137 0.762115 0.947137 0.766520 0.942731 0.770925 0.947137 0.775330 0.947137 0.784141 0.955947 0.801762 0.955947 0.806167 0.951542 0.810573 0.951542 0.814978 0.947137 0.814978 0.942731 0.819383 0.938326 0.819383 0.933921 0.814978 0.929515 0.810573 0.929515 0.801762 0.938326 0.797357 0.938326 0.792952 0.942731 0.788546 0.942731 0.784141 0.947137 0.779736 0.947137 0.775330 0.942731 0.770925 0.942731 0.766520 0.938326 0.766520 0.929515 0.762115 0.925110 0.757709 0.929515 0.753304 0.929515 0.744493 0.938326
0 0.951542 0.916300 0.947137 0.920705 0.942731 0.920705 0.938326 0.925110 0.938326 0.938326 0.947137 0.947137 0.955947 0.947137 0.969163 0.933921 0.969163 0.929515 0.960352 0.920705 0.955947 0.920705
0 0.295154 0.920705 0.286344 0.911894 0.273128 0.911894 0.268722 0.916300 0.264317 0.916300 0.259912 0.920705 0.259912 0.929515 0.264317 0.933921 0.273128 0.933921 0.277533 0.929515 0.286344 0.929515
0 0.167401 0.894273 0.162996 0.898678 0.162996 0.903084 0.154185 0.911894 0.154185 0.920705 0.149780 0.925110 0.158590 0.933921 0.162996 0.929515 0.167401 0.929515 0.171806 0.925110 0.171806 0.898678
0 0.546256 0.859031 0.550661 0.859031 0.555066 0.863436 0.559471 0.863436 0.563877 0.867841 0.568282 0.867841 0.572687 0.872247 0.572687 0.885463 0.577093 0.889868 0.577093 0.894273 0.581498 0.898678 0.585903 0.898678 0.590308 0.903084 0.603524 0.903084 0.607930 0.898678 0.599119 0.889868 0.599119 0.885463 0.594714 0.881057 0.594714 0.876652 0.585903 0.867841 0.577093 0.867841 0.572687 0.863436 0.568282 0.863436 0.559471 0.854626 0.555066 0.854626 0.550661 0.859031
0 0.255507 0.832599 0.251101 0.832599 0.237885 0.845815 0.237885 0.854626 0.246696 0.863436 0.251101 0.859031 0.255507 0.859031 0.264317 0.850220 0.264317 0.841410
0 0.511013 0.819383 0.502203 0.828194 0.502203 0.832599 0.497797 0.837004 0.497797 0.841410 0.493392 0.845815 0.493392 0.850220 0.497797 0.854626 0.497797 0.859031 0.506608 0.867841 0.511013 0.867841 0.515419 0.872247 0.524229 0.872247 0.533040 0.863436 0.537445 0.863436 0.533040 0.863436 0.528634 0.859031 0.524229 0.859031 0.519824 0.854626 0.519824 0.837004 0.524229 0.832599 0.524229 0.828194 0.515419 0.819383
0 0.396476 0.819383 0.392070 0.814978 0.387665 0.814978 0.374449 0.828194 0.374449 0.837004 0.370044 0.841410 0.365639 0.841410 0.361233 0.845815 0.339207 0.845815 0.334802 0.850220 0.325991 0.850220 0.321586 0.845815 0.312775 0.845815 0.308370 0.850220 0.308370 0.854626 0.303965 0.859031 0.308370 0.863436 0.308370 0.867841 0.312775 0.872247 0.325991 0.859031 0.330396 0.859031 0.334802 0.854626 0.343612 0.854626 0.348018 0.859031 0.352423 0.859031 0.361233 0.867841 0.365639 0.867841 0.378855 0.881057 0.378855 0.889868 0.383260 0.894273 0.392070 0.894273 0.396476 0.889868 0.396476 0.885463 0.392070 0.881057 0.392070 0.872247 0.374449 0.854626 0.374449 0.841410 0.383260 0.832599 0.387665 0.832599 0.392070 0.828194 0.392070 0.823789
0 0.629956 0.810573 0.629956 0.819383 0.634361 0.823789 0.638767 0.823789 0.647577 0.832599 0.647577 0.837004 0.651982 0.841410 0.656388 0.841410 0.660793 0.845815 0.682819 0.845815 0.687225 0.841410 0.687225 0.837004 0.696035 0.828194 0.700441 0.828194 0.709251 0.819383 0.713656 0.819383 0.704846 0.810573 0.700441 0.814978 0.696035 0.810573 0.691630 0.814978 0.691630 0.828194 0.687225 0.832599 0.682819 0.832599 0.678414 0.837004 0.674009 0.837004 0.669604 0.832599 0.656388 0.832599 0.651982 0.828194 0.647577 0.828194 0.643172 0.823789 0.643172 0.814978 0.634361 0.806167
0 0.951542 0.753304 0.947137 0.757709 0.947137 0.762115 0.929515 0.779736 0.929515 0.788546 0.925110 0.792952 0.920705 0.792952 0.916300 0.797357 0.911894 0.797357 0.907489 0.792952 0.903084 0.797357 0.903084 0.801762 0.881057 0.823789 0.889868 0.832599 0.889868 0.841410 0.872247 0.859031 0.872247 0.867841 0.881057 0.876652 0.885463 0.872247 0.889868 0.872247 0.907489 0.854626 0.898678 0.845815 0.894273 0.845815 0.889868 0.841410 0.889868 0.832599 0.894273 0.828194 0.898678 0.828194 0.916300 0.810573 0.920705 0.810573 0.925110 0.806167 0.925110 0.801762 0.933921 0.792952 0.938326 0.792952 0.960352 0.770925 0.960352 0.762115
0 0.823789 0.704846 0.819383 0.709251 0.823789 0.713656 0.823789 0.735683 0.841410 0.753304 0.845815 0.748899 0.841410 0.744493 0.841410 0.735683 0.832599 0.726872 0.832599 0.709251 0.828194 0.704846
0 0.674009 0.700441 0.669604 0.704846 0.665198 0.704846 0.665198 0.718062 0.660793 0.722467 0.660793 0.731278 0.656388 0.735683 0.656388 0.744493 0.660793 0.748899 0.660793 0.757709 0.665198 0.762115 0.669604 0.757709 0.674009 0.757709 0.678414 0.753304 0.678414 0.748899 0.682819 0.744493 0.682819 0.740088 0.678414 0.735683 0.678414 0.718062 0.682819 0.713656 0.678414 0.709251 0.678414 0.704846
0 0.916300 0.678414 0.911894 0.682819 0.911894 0.696035 0.907489 0.700441 0.907489 0.722467 0.916300 0.731278 0.925110 0.722467 0.925110 0.709251 0.929515 0.704846 0.929515 0.700441 0.925110 0.696035 0.925110 0.687225
0 0.651982 0.682819 0.647577 0.678414 0.638767 0.687225 0.634361 0.687225 0.603524 0.718062 0.599119 0.718062 0.594714 0.722467 0.594714 0.726872 0.590308 0.731278 0.585903 0.731278 0.581498 0.735683 0.577093 0.731278 0.563877 0.731278 0.555066 0.740088 0.555066 0.744493 0.559471 0.748899 0.577093 0.748899 0.585903 0.740088 0.590308 0.740088 0.594714 0.735683 0.599119 0.735683 0.603524 0.740088 0.607930 0.735683 0.612335 0.735683 0.616740 0.731278 0.616740 0.726872 0.621145 0.722467 0.625551 0.722467 0.629956 0.718062 0.634361 0.718062 0.638767 0.713656 0.638767 0.709251 0.643172 0.704846 0.647577 0.704846 0.647577 0.691630 0.651982 0.687225
0 0.004405 0.665198 0.000000 0.669604 0.000000 0.674009 0.004405 0.678414 0.008811 0.678414 0.013216 0.682819 0.013216 0.700441 0.017621 0.704846 0.017621 0.713656 0.026432 0.722467 0.030837 0.722467 0.035242 0.718062 0.022026 0.704846 0.022026 0.674009 0.013216 0.665198
0 0.634361 0.638767 0.629956 0.634361 0.594714 0.634361 0.590308 0.638767 0.581498 0.638767 0.572687 0.647577 0.568282 0.647577 0.563877 0.651982 0.559471 0.651982 0.555066 0.647577 0.541850 0.647577 0.537445 0.651982 0.546256 0.660793 0.555066 0.660793 0.559471 0.656388 0.563877 0.656388 0.568282 0.651982 0.572687 0.656388 0.577093 0.656388 0.581498 0.660793 0.585903 0.660793 0.590308 0.656388 0.612335 0.656388 0.616740 0.651982 0.621145 0.651982
0 0.682819 0.629956 0.674009 0.629956 0.669604 0.634361 0.669604 0.638767 0.665198 0.643172 0.665198 0.660793 0.669604 0.665198 0.678414 0.656388 0.682819 0.656388 0.691630 0.647577 0.691630 0.638767
0 0.951542 0.625551 0.947137 0.625551 0.938326 0.634361 0.938326 0.647577 0.933921 0.651982 0.938326 0.656388 0.942731 0.651982 0.951542 0.651982 0.960352 0.643172 0.960352 0.634361
0 0.290749 0.555066 0.295154 0.559471 0.299559 0.559471 0.303965 0.563877 0.308370 0.559471 0.312775 0.563877 0.317181 0.563877 0.321586 0.559471 0.325991 0.559471 0.330396 0.555066 0.330396 0.550661 0.321586 0.541850 0.303965 0.541850
0 0.044053 0.550661 0.044053 0.555066 0.052863 0.563877 0.057269 0.559471 0.079295 0.559471 0.083700 0.563877 0.092511 0.563877 0.096916 0.559471 0.096916 0.555066 0.101322 0.550661 0.105727 0.550661 0.110132 0.546256 0.114537 0.550661 0.149780 0.550661 0.154185 0.555066 0.158590 0.555066 0.162996 0.559471 0.171806 0.559471 0.176211 0.563877 0.180617 0.563877 0.189427 0.572687 0.193833 0.572687 0.198238 0.577093 0.202643 0.572687 0.242291 0.572687 0.246696 0.568282 0.246696 0.555066 0.242291 0.550661 0.237885 0.555066 0.220264 0.555066 0.215859 0.559471 0.207048 0.559471 0.202643 0.555066 0.198238 0.555066 0.193833 0.550661 0.189427 0.550661 0.176211 0.537445 0.171806 0.537445 0.167401 0.533040 0.136564 0.533040 0.132159 0.528634 0.127753 0.528634 0.110132 0.546256 0.105727 0.546256 0.101322 0.550661 0.092511 0.550661 0.088106 0.546256 0.074890 0.546256 0.070485 0.550661 0.066079 0.546256 0.048458 0.546256
0 0.550661 0.497797 0.550661 0.502203 0.559471 0.511013 0.568282 0.511013 0.572687 0.515419 0.581498 0.515419 0.585903 0.511013 0.590308 0.511013 0.599119 0.502203 0.594714 0.497797 0.590308 0.497797 0.585903 0.493392 0.572687 0.493392 0.568282 0.497797 0.559471 0.497797 0.555066 0.493392
0 0.088106 0.497797 0.083700 0.493392 0.074890 0.502203 0.070485 0.502203 0.066079 0.506608 0.057269 0.506608 0.052863 0.502203 0.048458 0.506608 0.044053 0.502203 0.039648 0.506608 0.039648 0.511013 0.048458 0.519824 0.066079 0.519824 0.070485 0.515419 0.074890 0.515419 0.079295 0.511013 0.083700 0.511013 0.088106 0.506608
0 0.995595 0.563877 0.867841 0.555066 0.704846 0.563877 0.678414 0.546256 0.700441 0.519824 0.687225 0.511013 0.682819 0.524229 0.651982 0.541850 0.638767 0.533040 0.651982 0.502203 0.682819 0.502203 0.674009 0.488987 0.625551 0.506608 0.625551 0.519824 0.638767 0.528634 0.625551 0.546256 0.559471 0.555066 0.440529 0.594714 0.427313 0.585903 0.427313 0.563877 0.405286 0.555066 0.396476 0.563877 0.405286 0.590308 0.365639 0.643172 0.211454 0.704846 0.162996 0.753304 0.057269 0.801762 0.000000 0.792952 0.000000 0.845815 0.114537 0.832599 0.123348 0.841410 0.118943 0.903084 0.101322 0.916300 0.088106 0.907489 0.079295 0.916300 0.083700 0.929515 0.123348 0.911894 0.127753 0.863436 0.149780 0.845815 0.154185 0.828194 0.167401 0.823789 0.189427 0.841410 0.211454 0.828194 0.211454 0.810573 0.229075 0.788546 0.202643 0.779736 0.215859 0.753304 0.246696 0.753304 0.255507 0.779736 0.268722 0.770925 0.286344 0.775330 0.321586 0.753304 0.303965 0.740088 0.303965 0.726872 0.325991 0.713656 0.405286 0.753304 0.405286 0.740088 0.370044 0.731278 0.365639 0.718062 0.374449 0.682819 0.414097 0.643172 0.506608 0.634361 0.616740 0.594714 0.669604 0.599119 0.691630 0.585903 0.766520 0.607930 0.819383 0.590308 0.850220 0.599119 0.885463 0.590308 0.942731 0.612335 0.995595 0.599119
0 0.511013 0.484582 0.502203 0.484582 0.493392 0.493392 0.497797 0.497797 0.497797 0.511013 0.493392 0.515419 0.493392 0.528634 0.488987 0.533040 0.493392 0.537445 0.497797 0.537445 0.511013 0.524229 0.511013 0.506608 0.515419 0.502203 0.515419 0.497797 0.519824 0.493392
0 0.422908 0.484582 0.418502 0.480176 0.414097 0.484582 0.414097 0.488987 0.405286 0.497797 0.405286 0.502203 0.400881 0.506608 0.396476 0.506608 0.392070 0.511013 0.387665 0.511013 0.383260 0.506608 0.378855 0.511013 0.365639 0.511013 0.361233 0.515419 0.365639 0.519824 0.370044 0.519824 0.374449 0.515419 0.383260 0.515419 0.387665 0.511013 0.392070 0.511013 0.396476 0.506608 0.400881 0.511013 0.405286 0.511013 0.414097 0.519824 0.418502 0.515419 0.418502 0.506608 0.422908 0.502203
0 0.030837 0.444934 0.026432 0.444934 0.008811 0.462555 0.004405 0.462555 0.000000 0.466960 0.000000 0.484582 0.008811 0.484582 0.022026 0.471366 0.022026 0.466960 0.035242 0.453745 0.035242 0.449339
0 0.475771 0.444934 0.466960 0.436123 0.458150 0.436123 0.453745 0.440529 0.449339 0.440529 0.444934 0.444934 0.427313 0.444934 0.414097 0.458150 0.422908 0.466960 0.427313 0.466960 0.436123 0.458150 0.440529 0.458150 0.444934 0.453745 0.458150 0.453745 0.462555 0.458150 0.471366 0.458150 0.475771 0.453745
0 0.594714 0.409692 0.590308 0.414097 0.590308 0.436123 0.594714 0.440529 0.599119 0.436123 0.603524 0.440529 0.607930 0.436123 0.607930 0.431718 0.612335 0.427313 0.612335 0.414097 0.607930 0.409692
0 0.343612 0.400881 0.343612 0.414097 0.348018 0.418502 0.352423 0.418502 0.356828 0.422908 0.370044 0.422908 0.374449 0.427313 0.387665 0.427313 0.396476 0.418502 0.396476 0.414097 0.387665 0.405286 0.383260 0.409692 0.378855 0.409692 0.374449 0.414097 0.365639 0.414097 0.361233 0.409692 0.356828 0.409692 0.352423 0.405286 0.352423 0.396476 0.356828 0.392070 0.352423 0.387665 0.348018 0.392070 0.348018 0.396476
0 0.797357 0.352423 0.792952 0.356828 0.792952 0.361233 0.784141 0.370044 0.784141 0.374449 0.779736 0.378855 0.779736 0.383260 0.784141 0.387665 0.784141 0.392070 0.788546 0.392070 0.792952 0.387665 0.797357 0.387665 0.801762 0.383260 0.801762 0.374449 0.806167 0.370044 0.801762 0.365639 0.801762 0.356828
0 0.229075 0.330396 0.224670 0.334802 0.220264 0.334802 0.215859 0.339207 0.207048 0.339207 0.198238 0.348018 0.202643 0.352423 0.202643 0.361233 0.189427 0.374449 0.189427 0.383260 0.198238 0.392070 0.198238 0.396476 0.202643 0.400881 0.202643 0.405286 0.211454 0.414097 0.215859 0.409692 0.220264 0.409692 0.224670 0.414097 0.229075 0.414097 0.233480 0.418502 0.233480 0.440529 0.237885 0.444934 0.242291 0.444934 0.255507 0.431718 0.255507 0.427313 0.273128 0.409692 0.277533 0.409692 0.286344 0.400881 0.286344 0.396476 0.281938 0.392070 0.277533 0.392070 0.273128 0.387665 0.268722 0.387665 0.264317 0.383260 0.264317 0.361233 0.273128 0.352423 0.268722 0.348018 0.264317 0.352423 0.259912 0.348018 0.255507 0.348018 0.251101 0.343612 0.251101 0.334802 0.246696 0.330396
0 0.083700 0.308370 0.079295 0.303965 0.074890 0.308370 0.074890 0.317181 0.070485 0.321586 0.066079 0.321586 0.052863 0.334802 0.048458 0.334802 0.044053 0.339207 0.039648 0.334802 0.030837 0.334802 0.022026 0.343612 0.022026 0.348018 0.017621 0.352423 0.013216 0.352423 0.008811 0.356828 0.004405 0.352423 0.000000 0.356828 0.000000 0.361233 0.004405 0.365639 0.022026 0.365639 0.026432 0.361233 0.030837 0.361233 0.039648 0.352423 0.044053 0.352423 0.052863 0.343612 0.057269 0.343612 0.061674 0.339207 0.066079 0.343612 0.074890 0.343612 0.079295 0.348018 0.083700 0.348018 0.088106 0.343612 0.088106 0.334802 0.083700 0.330396 0.083700 0.325991 0.079295 0.321586 0.079295 0.312775
0 0.933921 0.312775 0.938326 0.317181 0.942731 0.317181 0.947137 0.312775 0.951542 0.312775 0.955947 0.308370 0.960352 0.308370 0.964758 0.303965 0.969163 0.303965 0.973568 0.308370 0.977974 0.308370 0.982379 0.312775 0.986784 0.308370 0.991189 0.308370 0.995595 0.303965 0.991189 0.303965 0.986784 0.299559 0.977974 0.299559 0.973568 0.303965 0.969163 0.303965 0.964758 0.299559 0.960352 0.299559 0.955947 0.295154 0.947137 0.295154 0.938326 0.303965 0.938326 0.308370
0 0.387665 0.290749 0.383260 0.295154 0.383260 0.299559 0.378855 0.303965 0.378855 0.308370 0.387665 0.317181 0.392070 0.317181 0.396476 0.321586 0.409692 0.308370 0.405286 0.303965 0.400881 0.303965
0 0.321586 0.281938 0.317181 0.286344 0.317181 0.303965 0.312775 0.308370 0.312775 0.312775 0.321586 0.321586 0.325991 0.321586 0.330396 0.317181 0.330396 0.290749
0 0.643172 0.273128 0.638767 0.268722 0.638767 0.259912 0.634361 0.255507 0.621145 0.255507 0.612335 0.264317 0.612335 0.277533 0.607930 0.281938 0.607930 0.299559 0.585903 0.312775 0.581498 0.308370 0.577093 0.308370 0.568282 0.299559 0.568282 0.295154 0.555066 0.281938 0.555066 0.277533 0.550661 0.273128 0.550661 0.255507 0.537445 0.264317 0.537445 0.268722 0.541850 0.273128 0.541850 0.281938 0.546256 0.286344 0.546256 0.308370 0.541850 0.312775 0.537445 0.312775 0.533040 0.317181 0.524229 0.317181 0.519824 0.321586 0.515419 0.317181 0.502203 0.317181 0.497797 0.321586 0.497797 0.325991 0.488987 0.334802 0.484582 0.334802 0.480176 0.339207 0.475771 0.334802 0.466960 0.334802 0.462555 0.330396 0.458150 0.330396 0.453745 0.325991 0.453745 0.321586 0.440529 0.308370 0.436123 0.308370 0.431718 0.312775 0.431718 0.321586 0.453745 0.343612 0.453745 0.348018 0.462555 0.356828 0.480176 0.356828 0.493392 0.365639 0.497797 0.361233 0.497797 0.352423 0.502203 0.348018 0.502203 0.339207 0.506608 0.334802 0.511013 0.334802 0.515419 0.330396 0.533040 0.330396 0.546256 0.317181 0.550661 0.317181 0.555066 0.312775 0.563877 0.312775 0.568282 0.308370 0.581498 0.317181 0.581498 0.334802 0.577093 0.339207 0.577093 0.352423 0.581498 0.356828 0.599119 0.356828 0.603524 0.352423 0.603524 0.317181 0.607930 0.312775 0.607930 0.299559 0.616740 0.290749 0.621145 0.290749
0 0.885463 0.242291 0.876652 0.251101 0.876652 0.255507 0.885463 0.264317 0.889868 0.264317 0.898678 0.273128 0.898678 0.281938 0.894273 0.286344 0.898678 0.290749 0.911894 0.277533 0.903084 0.268722 0.903084 0.251101 0.894273 0.242291
0 0.259912 0.242291 0.255507 0.246696 0.255507 0.251101 0.259912 0.255507 0.259912 0.290749 0.264317 0.295154 0.268722 0.295154 0.273128 0.299559 0.281938 0.290749 0.281938 0.286344 0.277533 0.281938 0.277533 0.246696 0.273128 0.242291
0 0.444934 0.233480 0.436123 0.242291 0.436123 0.251101 0.431718 0.255507 0.436123 0.259912 0.440529 0.259912 0.444934 0.264317 0.453745 0.264317 0.462555 0.255507 0.462555 0.237885 0.458150 0.233480
0 0.321586 0.202643 0.317181 0.207048 0.317181 0.233480 0.325991 0.242291 0.330396 0.242291 0.339207 0.233480 0.339207 0.215859 0.330396 0.207048 0.325991 0.207048
0 0.171806 0.185022 0.167401 0.185022 0.158590 0.193833 0.158590 0.198238 0.149780 0.207048 0.149780 0.211454 0.167401 0.229075 0.171806 0.224670 0.171806 0.220264 0.176211 0.215859 0.176211 0.211454 0.180617 0.207048 0.180617 0.202643 0.185022 0.198238
0 0.572687 0.176211 0.563877 0.185022 0.568282 0.189427 0.568282 0.202643 0.559471 0.211454 0.559471 0.215859 0.555066 0.220264 0.555066 0.224670 0.550661 0.229075 0.550661 0.237885 0.555066 0.242291 0.555066 0.246696 0.559471 0.246696 0.568282 0.237885 0.572687 0.237885 0.577093 0.233480 0.577093 0.229075 0.590308 0.215859 0.594714 0.215859 0.599119 0.211454 0.594714 0.207048 0.590308 0.207048 0.585903 0.202643 0.581498 0.202643 0.572687 0.193833 0.572687 0.185022 0.577093 0.180617
0 0.074890 0.193833 0.079295 0.198238 0.092511 0.198238 0.096916 0.193833 0.105727 0.193833 0.114537 0.185022 0.110132 0.180617 0.096916 0.180617 0.092511 0.176211 0.083700 0.176211 0.074890 0.185022
0 0.533040 0.162996 0.528634 0.158590 0.519824 0.158590 0.515419 0.162996 0.515419 0.171806 0.511013 0.176211 0.506608 0.176211 0.502203 0.180617 0.497797 0.176211 0.493392 0.176211 0.488987 0.171806 0.480176 0.171806 0.475771 0.176211 0.475771 0.185022 0.484582 0.193833 0.497797 0.193833 0.502203 0.189427 0.506608 0.189427 0.511013 0.185022 0.515419 0.185022 0.519824 0.189427 0.528634 0.180617 0.528634 0.171806 0.533040 0.167401
0 0.757709 0.149780 0.753304 0.154185 0.753304 0.158590 0.748899 0.162996 0.748899 0.185022 0.757709 0.193833 0.762115 0.189427 0.766520 0.189427 0.770925 0.185022 0.770925 0.180617 0.766520 0.176211 0.766520 0.158590
0 0.000000 0.158590 0.004405 0.162996 0.008811 0.162996 0.013216 0.167401 0.035242 0.167401 0.044053 0.158590 0.044053 0.154185 0.039648 0.149780 0.017621 0.149780 0.013216 0.154185 0.008811 0.154185 0.004405 0.158590
0 0.735683 0.101322 0.731278 0.101322 0.722467 0.110132 0.722467 0.114537 0.704846 0.132159 0.704846 0.145374 0.700441 0.149780 0.700441 0.154185 0.696035 0.158590 0.696035 0.162996 0.691630 0.167401 0.696035 0.171806 0.696035 0.189427 0.691630 0.193833 0.691630 0.207048 0.696035 0.211454 0.704846 0.211454 0.709251 0.215859 0.713656 0.215859 0.718062 0.220264 0.718062 0.237885 0.709251 0.246696 0.709251 0.264317 0.713656 0.268722 0.713656 0.281938 0.704846 0.290749 0.700441 0.290749 0.696035 0.295154 0.696035 0.299559 0.704846 0.308370 0.713656 0.299559 0.713656 0.290749 0.722467 0.281938 0.726872 0.281938 0.735683 0.273128 0.735683 0.264317 0.731278 0.259912 0.731278 0.251101 0.726872 0.246696 0.726872 0.237885 0.744493 0.220264 0.740088 0.215859 0.735683 0.215859 0.731278 0.211454 0.726872 0.211454 0.722467 0.207048 0.718062 0.207048 0.713656 0.202643 0.713656 0.198238 0.709251 0.193833 0.709251 0.167401 0.713656 0.162996 0.713656 0.154185 0.718062 0.149780 0.718062 0.140969 0.726872 0.132159 0.726872 0.127753 0.735683 0.118943 0.735683 0.110132 0.740088 0.105727
0 0.246696 0.123348 0.251101 0.127753 0.259912 0.127753 0.264317 0.123348 0.273128 0.123348 0.277533 0.118943 0.281938 0.118943 0.286344 0.114537 0.290749 0.114537 0.295154 0.110132 0.303965 0.110132 0.308370 0.114537 0.312775 0.114537 0.321586 0.123348 0.330396 0.123348 0.339207 0.114537 0.339207 0.110132 0.343612 0.105727 0.348018 0.105727 0.352423 0.101322 0.356828 0.105727 0.361233 0.105727 0.365639 0.110132 0.370044 0.110132 0.374449 0.105727 0.365639 0.096916 0.361233 0.096916 0.356828 0.101322 0.352423 0.101322 0.348018 0.105727 0.339207 0.105727 0.334802 0.101322 0.330396 0.105727 0.325991 0.101322 0.321586 0.105727 0.317181 0.105727 0.312775 0.101322 0.308370 0.101322 0.303965 0.096916 0.299559 0.101322 0.295154 0.101322 0.290749 0.105727 0.277533 0.105727 0.273128 0.110132 0.268722 0.110132 0.264317 0.114537 0.259912 0.110132 0.255507 0.110132 0.246696 0.118943
0 0.854626 0.088106 0.845815 0.096916 0.850220 0.101322 0.850220 0.105727 0.859031 0.114537 0.859031 0.132159 0.854626 0.136564 0.850220 0.136564 0.845815 0.140969 0.845815 0.149780 0.850220 0.154185 0.850220 0.158590 0.854626 0.162996 0.859031 0.158590 0.859031 0.149780 0.863436 0.145374 0.863436 0.136564 0.881057 0.118943 0.881057 0.105727 0.867841 0.092511 0.859031 0.092511
0 0.819383 0.070485 0.814978 0.070485 0.810573 0.074890 0.792952 0.074890 0.788546 0.079295 0.784141 0.079295 0.775330 0.088106 0.775330 0.092511 0.770925 0.096916 0.770925 0.105727 0.775330 0.110132 0.775330 0.114537 0.779736 0.118943 0.779736 0.127753 0.784141 0.132159 0.792952 0.123348 0.792952 0.118943 0.788546 0.114537 0.788546 0.096916 0.792952 0.092511 0.797357 0.092511 0.801762 0.088106 0.810573 0.088106 0.823789 0.074890
0 0.431718 0.057269 0.427313 0.061674 0.422908 0.061674 0.414097 0.070485 0.414097 0.083700 0.422908 0.092511 0.422908 0.105727 0.427313 0.110132 0.431718 0.105727 0.427313 0.101322 0.427313 0.088106 0.436123 0.079295 0.436123 0.074890 0.440529 0.070485 0.436123 0.066079 0.436123 0.061674
0 0.960352 0.026432 0.955947 0.030837 0.951542 0.030837 0.947137 0.035242 0.947137 0.066079 0.938326 0.074890 0.933921 0.074890 0.929515 0.079295 0.938326 0.088106 0.951542 0.088106 0.955947 0.092511 0.960352 0.088106 0.964758 0.088106 0.969163 0.092511 0.977974 0.092511 0.982379 0.088106 0.982379 0.083700 0.977974 0.079295 0.973568 0.079295 0.969163 0.083700 0.964758 0.083700 0.960352 0.079295 0.955947 0.079295 0.951542 0.074890 0.951542 0.066079 0.969163 0.048458 0.969163 0.044053 0.973568 0.039648 0.973568 0.035242 0.969163 0.030837 0.964758 0.030837
0 0.903084 0.044053 0.898678 0.039648 0.898678 0.030837 0.889868 0.022026 0.885463 0.026432 0.885463 0.039648 0.876652 0.048458 0.872247 0.048458 0.867841 0.052863 0.863436 0.052863 0.859031 0.048458 0.854626 0.048458 0.850220 0.052863 0.859031 0.061674 0.867841 0.052863 0.872247 0.052863 0.876652 0.048458 0.881057 0.052863 0.885463 0.052863 0.889868 0.057269 0.894273 0.057269 0.903084 0.048458
0 0.202643 0.013216 0.193833 0.013216 0.189427 0.017621 0.167401 0.017621 0.162996 0.013216 0.154185 0.013216 0.149780 0.017621 0.149780 0.022026 0.154185 0.026432 0.154185 0.035242 0.145374 0.044053 0.145374 0.048458 0.158590 0.061674 0.158590 0.070485 0.145374 0.083700 0.145374 0.096916 0.149780 0.101322 0.149780 0.110132 0.145374 0.114537 0.140969 0.114537 0.136564 0.118943 0.118943 0.118943 0.114537 0.123348 0.083700 0.123348 0.079295 0.127753 0.079295 0.132159 0.092511 0.145374 0.105727 0.145374 0.110132 0.140969 0.123348 0.140969 0.127753 0.136564 0.132159 0.136564 0.140969 0.127753 0.140969 0.123348 0.145374 0.118943 0.149780 0.118943 0.154185 0.114537 0.158590 0.118943 0.167401 0.110132 0.167401 0.105727 0.171806 0.101322 0.171806 0.092511 0.162996 0.083700 0.162996 0.074890 0.158590 0.070485 0.158590 0.057269 0.162996 0.052863 0.162996 0.039648 0.167401 0.035242 0.171806 0.035242 0.176211 0.030837 0.180617 0.030837 0.185022 0.035242 0.198238 0.035242 0.202643 0.030837 0.207048 0.030837 0.211454 0.026432 0.211454 0.022026
0 0.453745 0.000000 0.453745 0.004405 0.449339 0.008811 0.449339 0.039648 0.458150 0.048458 0.462555 0.048458 0.466960 0.044053 0.466960 0.030837 0.471366 0.026432 0.471366 0.022026 0.466960 0.017621 0.466960 0.013216 0.462555 0.008811 0.462555 0.000000
