0 0.863436 0.969163 0.859031 0.973568 0.859031 0.982379 0.854626 0.986784 0.854626 0.995595 0.876652 0.995595 0.876652 0.973568 0.872247 0.969163
0 0.828194 0.960352 0.819383 0.951542 0.806167 0.951542 0.801762 0.955947 0.801762 0.977974 0.784141 0.995595 0.801762 0.995595 0.801762 0.982379 0.806167 0.977974 0.810573 0.977974 0.814978 0.973568 0.819383 0.973568 0.828194 0.964758
0 0.449339 0.929515 0.444934 0.933921 0.444934 0.938326 0.436123 0.947137 0.436123 0.955947 0.431718 0.960352 0.431718 0.977974 0.436123 0.982379 0.444934 0.973568 0.444934 0.969163 0.449339 0.964758 0.453745 0.964758 0.462555 0.955947 0.462555 0.942731
0 0.352423 0.929515 0.348018 0.933921 0.348018 0.938326 0.352423 0.942731 0.352423 0.947137 0.361233 0.955947 0.361233 0.964758 0.356828 0.969163 0.356828 0.973568 0.365639 0.982379 0.370044 0.982379 0.374449 0.986784 0.374449 0.995595 0.387665 0.995595 0.387665 0.991189 0.378855 0.982379 0.378855 0.969163 0.370044 0.960352 0.365639 0.960352 0.361233 0.955947 0.361233 0.938326
0 0.145374 0.925110 0.140969 0.929515 0.140969 0.938326 0.132159 0.947137 0.136564 0.951542 0.136564 0.973568 0.140969 0.977974 0.140969 0.991189 0.136564 0.995595 0.158590 0.995595 0.158590 0.977974 0.154185 0.973568 0.154185 0.955947 0.158590 0.951542 0.158590 0.929515 0.154185 0.925110
0 0.933921 0.942731 0.938326 0.947137 0.942731 0.942731 0.951542 0.942731 0.955947 0.947137 0.960352 0.947137 0.964758 0.951542 0.964758 0.960352 0.969163 0.964758 0.982379 0.964758 0.986784 0.960352 0.991189 0.964758 0.995595 0.964758 0.995595 0.951542 0.991189 0.955947 0.986784 0.951542 0.982379 0.951542 0.977974 0.947137 0.973568 0.947137 0.964758 0.938326 0.964758 0.920705 0.960352 0.916300 0.955947 0.916300 0.938326 0.933921 0.938326 0.938326
0 0.841410 0.876652 0.837004 0.881057 0.837004 0.898678 0.850220 0.911894 0.854626 0.911894 0.859031 0.907489 0.859031 0.894273
0 0.449339 0.859031 0.444934 0.854626 0.440529 0.859031 0.436123 0.859031 0.431718 0.863436 0.427313 0.863436 0.422908 0.859031 0.414097 0.867841 0.409692 0.867841 0.400881 0.876652 0.400881 0.885463 0.405286 0.889868 0.409692 0.889868 0.414097 0.894273 0.427313 0.881057 0.427313 0.876652 0.436123 0.867841 0.440529 0.867841
0 0.233480 0.850220 0.229075 0.854626 0.229075 0.859031 0.233480 0.863436 0.233480 0.867841 0.237885 0.872247 0.237885 0.876652 0.246696 0.885463 0.246696 0.889868 0.251101 0.894273 0.255507 0.889868 0.259912 0.894273 0.264317 0.894273 0.273128 0.903084 0.273128 0.907489 0.281938 0.916300 0.286344 0.911894 0.277533 0.903084 0.273128 0.903084 0.264317 0.894273 0.264317 0.889868 0.259912 0.885463 0.259912 0.863436 0.251101 0.854626 0.246696 0.854626 0.242291 0.850220
0 0.092511 0.867841 0.096916 0.872247 0.114537 0.872247 0.118943 0.876652 0.123348 0.876652 0.132159 0.885463 0.136564 0.885463 0.145374 0.876652 0.149780 0.876652 0.154185 0.872247 0.158590 0.872247 0.171806 0.859031 0.176211 0.859031 0.180617 0.854626 0.176211 0.850220 0.171806 0.850220 0.167401 0.854626 0.162996 0.854626 0.158590 0.859031 0.154185 0.859031 0.149780 0.863436 0.123348 0.863436 0.118943 0.859031 0.114537 0.859031 0.105727 0.850220 0.101322 0.850220 0.096916 0.854626 0.096916 0.859031 0.092511 0.863436
0 0.748899 0.797357 0.748899 0.814978 0.753304 0.819383 0.766520 0.819383 0.770925 0.814978 0.775330 0.814978 0.779736 0.810573 0.788546 0.810573 0.792952 0.814978 0.797357 0.814978 0.801762 0.819383 0.801762 0.823789 0.806167 0.828194 0.810573 0.823789 0.810573 0.819383 0.806167 0.814978 0.806167 0.810573 0.797357 0.801762 0.792952 0.801762 0.788546 0.797357 0.766520 0.797357 0.762115 0.792952 0.753304 0.792952
0 0.013216 0.788546 0.017621 0.792952 0.022026 0.792952 0.030837 0.801762 0.035242 0.801762 0.039648 0.806167 0.044053 0.806167 0.057269 0.819383 0.061674 0.814978 0.061674 0.801762 0.048458 0.788546 0.039648 0.788546 0.035242 0.784141 0.017621 0.784141
0 0.400881 0.770925 0.396476 0.775330 0.414097 0.792952 0.427313 0.797357 0.431718 0.801762 0.431718 0.810573 0.444934 0.823789 0.449339 0.823789 0.462555 0.837004 0.475771 0.841410 0.484582 0.850220 0.484582 0.859031 0.488987 0.863436 0.488987 0.867841 0.537445 0.911894 0.537445 0.916300 0.550661 0.929515 0.550661 0.933921 0.555066 0.938326 0.555066 0.947137 0.550661 0.951542 0.546256 0.951542 0.533040 0.960352 0.524229 0.960352 0.519824 0.964758 0.497797 0.960352 0.493392 0.964758 0.493392 0.969163 0.497797 0.973568 0.506608 0.973568 0.519824 0.964758 0.524229 0.969163 0.537445 0.973568 0.541850 0.977974 0.541850 0.995595 0.599119 0.995595 0.599119 0.986784 0.612335 0.977974 0.612335 0.964758 0.607930 0.960352 0.607930 0.951542 0.590308 0.938326 0.577093 0.942731 0.559471 0.929515 0.559471 0.920705 0.577093 0.907489 0.577093 0.898678 0.568282 0.889868 0.563877 0.889868 0.546256 0.903084 0.515419 0.881057 0.515419 0.872247 0.528634 0.863436 0.528634 0.854626 0.511013 0.832599 0.511013 0.823789 0.519824 0.814978 0.524229 0.814978 0.519824 0.814978 0.506608 0.806167 0.497797 0.819383 0.497797 0.828194 0.484582 0.837004 0.480176 0.832599 0.466960 0.828194 0.440529 0.801762 0.440529 0.797357 0.427313 0.784141 0.422908 0.784141 0.405286 0.770925
0 0.189427 0.744493 0.189427 0.748899 0.207048 0.766520 0.207048 0.779736 0.198238 0.788546 0.193833 0.788546 0.185022 0.797357 0.202643 0.814978 0.207048 0.814978 0.215859 0.823789 0.237885 0.823789 0.242291 0.819383 0.242291 0.814978 0.255507 0.806167 0.268722 0.814978 0.299559 0.814978 0.303965 0.819383 0.325991 0.819383 0.330396 0.823789 0.348018 0.823789 0.352423 0.819383 0.352423 0.810573 0.361233 0.801762 0.361233 0.797357 0.356828 0.792952 0.356828 0.788546 0.352423 0.784141 0.348018 0.784141 0.343612 0.788546 0.348018 0.792952 0.348018 0.806167 0.334802 0.814978 0.325991 0.814978 0.321586 0.810573 0.317181 0.810573 0.303965 0.801762 0.295154 0.801762 0.290749 0.797357 0.286344 0.801762 0.281938 0.797357 0.273128 0.797357 0.268722 0.801762 0.264317 0.801762 0.259912 0.797357 0.255507 0.797357 0.242291 0.784141 0.237885 0.788546 0.237885 0.797357 0.233480 0.801762 0.229075 0.801762 0.224670 0.806167 0.220264 0.806167 0.207048 0.797357 0.207048 0.784141 0.211454 0.779736 0.215859 0.779736 0.220264 0.775330 0.224670 0.775330 0.224670 0.770925 0.211454 0.757709 0.207048 0.757709 0.198238 0.748899 0.198238 0.744493 0.193833 0.740088
0 0.920705 0.744493 0.920705 0.748899 0.929515 0.757709 0.929515 0.766520 0.920705 0.775330 0.920705 0.784141 0.929515 0.792952 0.938326 0.792952 0.942731 0.797357 0.947137 0.797357 0.955947 0.806167 0.969163 0.806167 0.973568 0.801762 0.991189 0.801762 0.995595 0.806167 0.995595 0.792952 0.986784 0.792952 0.982379 0.788546 0.977974 0.788546 0.973568 0.784141 0.969163 0.784141 0.964758 0.788546 0.960352 0.788546 0.955947 0.792952 0.951542 0.788546 0.947137 0.788546 0.938326 0.779736 0.938326 0.775330 0.929515 0.766520 0.929515 0.757709 0.933921 0.753304 0.938326 0.753304 0.951542 0.740088 0.947137 0.735683 0.938326 0.735683 0.933921 0.740088 0.925110 0.740088
0 0.123348 0.731278 0.118943 0.735683 0.118943 0.740088 0.114537 0.744493 0.114537 0.753304 0.101322 0.766520 0.101322 0.775330 0.092511 0.784141 0.092511 0.806167 0.096916 0.810573 0.096916 0.814978 0.105727 0.823789 0.114537 0.814978 0.105727 0.806167 0.105727 0.788546 0.110132 0.784141 0.110132 0.775330 0.118943 0.766520 0.123348 0.766520 0.127753 0.762115 0.132159 0.762115 0.140969 0.753304 0.140969 0.748899
0 0.814978 0.696035 0.810573 0.696035 0.797357 0.709251 0.801762 0.713656 0.801762 0.718062 0.806167 0.722467 0.806167 0.731278 0.797357 0.740088 0.797357 0.744493 0.801762 0.748899 0.810573 0.740088 0.814978 0.740088 0.823789 0.731278 0.819383 0.726872 0.819383 0.700441
0 0.960352 0.696035 0.960352 0.704846 0.969163 0.713656 0.977974 0.713656 0.982379 0.718062 0.986784 0.718062 0.991189 0.713656 0.995595 0.713656 0.995595 0.696035 0.986784 0.696035 0.982379 0.691630 0.977974 0.691630 0.973568 0.687225 0.969163 0.687225
0 0.687225 0.678414 0.682819 0.682819 0.678414 0.682819 0.674009 0.687225 0.674009 0.718062 0.669604 0.722467 0.669604 0.735683 0.665198 0.740088 0.674009 0.748899 0.678414 0.748899 0.682819 0.753304 0.687225 0.748899 0.696035 0.748899 0.700441 0.744493 0.700441 0.740088 0.704846 0.735683 0.700441 0.731278 0.700441 0.722467 0.691630 0.713656 0.691630 0.696035 0.696035 0.691630 0.696035 0.687225
0 0.039648 0.682819 0.039648 0.687225 0.044053 0.691630 0.048458 0.691630 0.057269 0.700441 0.070485 0.700441 0.074890 0.704846 0.079295 0.704846 0.088106 0.713656 0.092511 0.713656 0.096916 0.709251 0.096916 0.704846 0.092511 0.700441 0.079295 0.700441 0.074890 0.696035 0.070485 0.696035 0.066079 0.691630 0.066079 0.687225 0.052863 0.674009 0.048458 0.678414 0.044053 0.678414
0 0.515419 0.629956 0.519824 0.634361 0.528634 0.634361 0.533040 0.638767 0.537445 0.638767 0.546256 0.647577 0.546256 0.651982 0.550661 0.656388 0.559471 0.656388 0.563877 0.651982 0.568282 0.656388 0.572687 0.656388 0.594714 0.678414 0.599119 0.678414 0.612335 0.691630 0.616740 0.687225 0.616740 0.682819 0.607930 0.674009 0.603524 0.674009 0.594714 0.665198 0.594714 0.651982 0.590308 0.647577 0.590308 0.643172 0.585903 0.638767 0.563877 0.638767 0.559471 0.634361 0.555066 0.634361 0.550661 0.638767 0.546256 0.638767 0.541850 0.634361 0.537445 0.634361 0.528634 0.625551 0.519824 0.625551
0 0.185022 0.665198 0.185022 0.674009 0.193833 0.682819 0.202643 0.674009 0.207048 0.674009 0.215859 0.665198 0.215859 0.651982 0.224670 0.643172 0.229075 0.643172 0.233480 0.638767 0.237885 0.643172 0.242291 0.643172 0.255507 0.656388 0.255507 0.660793 0.259912 0.665198 0.259912 0.669604 0.268722 0.678414 0.281938 0.678414 0.286344 0.682819 0.290749 0.682819 0.295154 0.687225 0.303965 0.687225 0.308370 0.682819 0.312775 0.687225 0.317181 0.687225 0.330396 0.700441 0.339207 0.691630 0.339207 0.687225 0.330396 0.678414 0.325991 0.682819 0.321586 0.682819 0.317181 0.687225 0.312775 0.682819 0.308370 0.682819 0.303965 0.678414 0.299559 0.678414 0.295154 0.674009 0.290749 0.674009 0.281938 0.665198 0.281938 0.656388 0.268722 0.643172 0.264317 0.643172 0.246696 0.625551 0.220264 0.625551 0.215859 0.629956 0.215859 0.638767 0.207048 0.647577 0.202643 0.647577 0.198238 0.651982 0.193833 0.651982 0.189427 0.656388 0.189427 0.660793
0 0.669604 0.607930 0.660793 0.616740 0.660793 0.621145 0.669604 0.629956 0.674009 0.629956 0.678414 0.634361 0.682819 0.634361 0.687225 0.629956 0.691630 0.629956 0.696035 0.634361 0.700441 0.634361 0.704846 0.638767 0.709251 0.638767 0.726872 0.656388 0.735683 0.656388 0.740088 0.660793 0.744493 0.660793 0.748899 0.665198 0.748899 0.700441 0.753304 0.704846 0.762115 0.696035 0.762115 0.691630 0.757709 0.687225 0.757709 0.678414 0.762115 0.674009 0.762115 0.669604 0.757709 0.665198 0.753304 0.665198 0.740088 0.651982 0.740088 0.647577 0.735683 0.643172 0.735683 0.638767 0.726872 0.629956 0.726872 0.621145 0.722467 0.616740 0.709251 0.616740 0.700441 0.625551 0.696035 0.625551 0.691630 0.629956 0.687225 0.625551 0.682819 0.625551 0.678414 0.621145 0.678414 0.612335 0.674009 0.607930
0 0.110132 0.599119 0.105727 0.594714 0.101322 0.594714 0.096916 0.599119 0.092511 0.594714 0.088106 0.599119 0.083700 0.599119 0.079295 0.603524 0.074890 0.603524 0.070485 0.607930 0.057269 0.607930 0.052863 0.612335 0.052863 0.625551 0.057269 0.629956 0.061674 0.629956 0.066079 0.634361 0.070485 0.634361 0.083700 0.621145 0.088106 0.621145 0.092511 0.616740 0.096916 0.616740 0.105727 0.607930 0.105727 0.603524
0 0.942731 0.599119 0.933921 0.599119 0.929515 0.594714 0.925110 0.594714 0.916300 0.585903 0.898678 0.585903 0.894273 0.590308 0.889868 0.590308 0.885463 0.594714 0.881057 0.594714 0.876652 0.599119 0.876652 0.603524 0.872247 0.607930 0.867841 0.607930 0.863436 0.612335 0.863436 0.625551 0.872247 0.634361 0.872247 0.638767 0.881057 0.647577 0.881057 0.656388 0.876652 0.660793 0.876652 0.669604 0.881057 0.674009 0.885463 0.674009 0.889868 0.669604 0.894273 0.669604 0.907489 0.656388 0.907489 0.651982 0.903084 0.647577 0.898678 0.647577 0.876652 0.625551 0.876652 0.612335 0.881057 0.607930 0.885463 0.607930 0.889868 0.603524 0.903084 0.603524 0.907489 0.607930 0.911894 0.607930 0.916300 0.612335 0.920705 0.612335 0.925110 0.616740 0.929515 0.616740 0.938326 0.625551 0.942731 0.621145 0.942731 0.616740 0.947137 0.612335 0.947137 0.603524
0 0.612335 0.581498 0.607930 0.585903 0.607930 0.590308 0.621145 0.603524 0.625551 0.603524 0.629956 0.607930 0.634361 0.607930 0.643172 0.599119 0.638767 0.594714 0.638767 0.585903 0.634361 0.581498 0.629956 0.581498 0.625551 0.577093 0.621145 0.577093 0.616740 0.581498
0 0.995595 0.546256 0.986784 0.546256 0.982379 0.550661 0.977974 0.550661 0.973568 0.555066 0.969163 0.555066 0.964758 0.559471 0.955947 0.559471 0.951542 0.563877 0.951542 0.577093 0.955947 0.581498 0.960352 0.581498 0.969163 0.572687 0.973568 0.572687 0.977974 0.568282 0.995595 0.568282
0 0.017621 0.541850 0.013216 0.546256 0.017621 0.550661 0.017621 0.559471 0.022026 0.563877 0.022026 0.568282 0.035242 0.581498 0.039648 0.581498 0.044053 0.577093 0.044053 0.563877 0.022026 0.541850
0 0.722467 0.506608 0.722467 0.515419 0.726872 0.519824 0.726872 0.524229 0.735683 0.533040 0.753304 0.533040 0.757709 0.528634 0.762115 0.533040 0.766520 0.528634 0.770925 0.533040 0.775330 0.528634 0.775330 0.524229 0.770925 0.519824 0.762115 0.519824 0.757709 0.515419 0.753304 0.515419 0.744493 0.506608 0.740088 0.506608 0.735683 0.502203 0.726872 0.502203
0 0.863436 0.484582 0.859031 0.484582 0.854626 0.488987 0.854626 0.493392 0.850220 0.497797 0.850220 0.502203 0.845815 0.506608 0.841410 0.506608 0.837004 0.511013 0.832599 0.511013 0.828194 0.506608 0.823789 0.511013 0.823789 0.537445 0.828194 0.541850 0.828194 0.546256 0.832599 0.550661 0.837004 0.550661 0.841410 0.555066 0.845815 0.555066 0.850220 0.550661 0.850220 0.537445 0.841410 0.528634 0.841410 0.524229 0.837004 0.519824 0.837004 0.511013 0.841410 0.506608 0.845815 0.506608 0.850220 0.502203 0.854626 0.506608 0.867841 0.506608 0.872247 0.502203 0.872247 0.493392
0 0.070485 0.493392 0.066079 0.488987 0.061674 0.488987 0.057269 0.484582 0.052863 0.488987 0.052863 0.502203 0.039648 0.515419 0.035242 0.515419 0.030837 0.519824 0.035242 0.524229 0.044053 0.524229 0.052863 0.515419 0.052863 0.511013 0.061674 0.502203 0.066079 0.502203 0.070485 0.497797
0 0.625551 0.471366 0.621145 0.475771 0.616740 0.475771 0.607930 0.484582 0.607930 0.497797 0.612335 0.502203 0.621145 0.502203 0.625551 0.506608 0.629956 0.502203 0.629956 0.497797 0.634361 0.493392 0.634361 0.480176
0 0.000000 0.458150 0.000000 0.471366 0.004405 0.471366 0.008811 0.475771 0.026432 0.475771 0.030837 0.471366 0.026432 0.466960 0.026432 0.458150 0.022026 0.453745 0.008811 0.453745 0.004405 0.458150
0 0.110132 0.453745 0.105727 0.449339 0.101322 0.453745 0.070485 0.453745 0.066079 0.458150 0.083700 0.475771 0.101322 0.458150 0.105727 0.458150
0 0.726872 0.458150 0.726872 0.466960 0.731278 0.471366 0.744493 0.471366 0.748899 0.466960 0.753304 0.466960 0.757709 0.462555 0.762115 0.462555 0.766520 0.458150 0.770925 0.458150 0.775330 0.462555 0.779736 0.462555 0.788546 0.471366 0.810573 0.471366 0.814978 0.466960 0.814978 0.462555 0.810573 0.458150 0.806167 0.458150 0.801762 0.453745 0.797357 0.453745 0.792952 0.449339 0.788546 0.449339 0.784141 0.444934 0.762115 0.444934 0.757709 0.449339 0.753304 0.449339 0.748899 0.453745 0.744493 0.453745 0.740088 0.449339 0.735683 0.449339
0 0.149780 0.444934 0.145374 0.449339 0.145374 0.462555 0.140969 0.466960 0.140969 0.471366 0.123348 0.488987 0.123348 0.506608 0.127753 0.511013 0.127753 0.515419 0.136564 0.524229 0.136564 0.528634 0.145374 0.537445 0.162996 0.537445 0.167401 0.533040 0.171806 0.537445 0.176211 0.537445 0.180617 0.541850 0.180617 0.555066 0.171806 0.563877 0.171806 0.581498 0.158590 0.590308 0.149780 0.590308 0.145374 0.594714 0.145374 0.599119 0.149780 0.603524 0.154185 0.599119 0.158590 0.599119 0.162996 0.594714 0.167401 0.594714 0.171806 0.590308 0.176211 0.590308 0.180617 0.594714 0.185022 0.594714 0.193833 0.603524 0.202643 0.603524 0.211454 0.594714 0.207048 0.590308 0.202643 0.590308 0.193833 0.581498 0.193833 0.577093 0.189427 0.572687 0.189427 0.546256 0.193833 0.541850 0.198238 0.541850 0.202643 0.537445 0.207048 0.537445 0.211454 0.541850 0.215859 0.541850 0.220264 0.546256 0.224670 0.546256 0.233480 0.555066 0.242291 0.541850 0.229075 0.533040 0.215859 0.533040 0.211454 0.537445 0.198238 0.537445 0.193833 0.533040 0.185022 0.533040 0.180617 0.537445 0.176211 0.537445 0.171806 0.533040 0.167401 0.533040 0.158590 0.524229 0.154185 0.524229 0.145374 0.515419 0.145374 0.502203 0.140969 0.497797 0.140969 0.484582 0.145374 0.480176 0.149780 0.480176 0.154185 0.475771 0.158590 0.475771 0.167401 0.466960 0.162996 0.462555 0.162996 0.453745 0.154185 0.444934
0 0.964758 0.440529 0.960352 0.444934 0.960352 0.449339 0.973568 0.462555 0.977974 0.462555 0.986784 0.471366 0.986784 0.484582 0.991189 0.488987 0.995595 0.488987 0.995595 0.453745 0.991189 0.449339 0.986784 0.449339 0.982379 0.444934 0.977974 0.444934 0.973568 0.440529
0 0.920705 0.418502 0.916300 0.418502 0.907489 0.427313 0.907489 0.431718 0.911894 0.436123 0.911894 0.449339 0.907489 0.453745 0.907489 0.462555 0.916300 0.471366 0.925110 0.462555 0.920705 0.458150 0.920705 0.449339 0.925110 0.444934 0.925110 0.422908
0 0.193833 0.392070 0.189427 0.396476 0.189427 0.400881 0.185022 0.405286 0.185022 0.418502 0.189427 0.422908 0.202643 0.422908 0.215859 0.409692 0.198238 0.392070
0 0.713656 0.387665 0.709251 0.392070 0.709251 0.396476 0.713656 0.400881 0.713656 0.422908 0.718062 0.427313 0.722467 0.422908 0.726872 0.422908 0.731278 0.418502 0.731278 0.400881 0.718062 0.387665
0 0.612335 0.383260 0.616740 0.387665 0.616740 0.392070 0.621145 0.396476 0.621145 0.400881 0.634361 0.414097 0.638767 0.409692 0.643172 0.409692 0.647577 0.405286 0.651982 0.409692 0.656388 0.409692 0.665198 0.418502 0.665198 0.422908 0.674009 0.431718 0.678414 0.431718 0.682819 0.436123 0.687225 0.431718 0.687225 0.427313 0.682819 0.422908 0.682819 0.414097 0.674009 0.405286 0.674009 0.400881 0.669604 0.396476 0.665198 0.400881 0.660793 0.400881 0.656388 0.405286 0.651982 0.405286 0.647577 0.400881 0.643172 0.400881 0.638767 0.396476 0.638767 0.392070 0.625551 0.378855 0.616740 0.378855
0 0.000000 0.392070 0.000000 0.400881 0.004405 0.396476 0.022026 0.396476 0.026432 0.400881 0.030837 0.400881 0.039648 0.409692 0.048458 0.409692 0.052863 0.405286 0.052863 0.400881 0.048458 0.396476 0.044053 0.396476 0.035242 0.387665 0.035242 0.383260 0.026432 0.374449 0.013216 0.387665 0.008811 0.387665 0.004405 0.392070
0 0.889868 0.343612 0.885463 0.339207 0.881057 0.339207 0.876652 0.334802 0.872247 0.339207 0.872247 0.348018 0.867841 0.352423 0.863436 0.352423 0.859031 0.356828 0.854626 0.356828 0.850220 0.352423 0.845815 0.352423 0.841410 0.348018 0.828194 0.348018 0.819383 0.356828 0.819383 0.365639 0.814978 0.370044 0.814978 0.374449 0.810573 0.378855 0.806167 0.378855 0.801762 0.383260 0.797357 0.383260 0.792952 0.378855 0.784141 0.378855 0.779736 0.383260 0.775330 0.383260 0.766520 0.392070 0.766520 0.396476 0.775330 0.405286 0.788546 0.405286 0.797357 0.396476 0.801762 0.396476 0.806167 0.392070 0.810573 0.396476 0.814978 0.396476 0.819383 0.400881 0.828194 0.400881 0.832599 0.405286 0.837004 0.405286 0.845815 0.396476 0.845815 0.392070 0.859031 0.378855 0.859031 0.374449 0.854626 0.370044 0.854626 0.361233 0.859031 0.356828 0.863436 0.356828 0.867841 0.352423 0.872247 0.356828 0.876652 0.356828 0.881057 0.361233 0.885463 0.361233 0.885463 0.348018
0 0.321586 0.325991 0.339207 0.356828 0.378855 0.365639 0.387665 0.418502 0.378855 0.440529 0.475771 0.550661 0.475771 0.577093 0.453745 0.581498 0.414097 0.524229 0.378855 0.497797 0.339207 0.493392 0.348018 0.462555 0.334802 0.444934 0.286344 0.440529 0.281938 0.418502 0.312775 0.409692 0.281938 0.396476 0.281938 0.374449 0.299559 0.352423 0.290749 0.348018 0.237885 0.400881 0.259912 0.392070 0.273128 0.400881 0.281938 0.480176 0.259912 0.484582 0.242291 0.440529 0.224670 0.458150 0.246696 0.488987 0.281938 0.497797 0.295154 0.563877 0.352423 0.612335 0.361233 0.647577 0.392070 0.665198 0.396476 0.696035 0.374449 0.726872 0.414097 0.691630 0.440529 0.700441 0.444934 0.669604 0.422908 0.629956 0.440529 0.616740 0.480176 0.643172 0.471366 0.704846 0.484582 0.722467 0.475771 0.740088 0.488987 0.753304 0.506608 0.731278 0.541850 0.748899 0.568282 0.797357 0.537445 0.814978 0.563877 0.837004 0.563877 0.810573 0.590308 0.806167 0.590308 0.823789 0.629956 0.867841 0.656388 0.863436 0.674009 0.876652 0.669604 0.907489 0.696035 0.947137 0.726872 0.964758 0.678414 0.903084 0.691630 0.881057 0.634361 0.814978 0.581498 0.792952 0.559471 0.753304 0.524229 0.731278 0.488987 0.687225 0.484582 0.594714 0.506608 0.590308 0.506608 0.568282 0.524229 0.555066 0.541850 0.559471 0.572687 0.519824 0.563877 0.515419 0.546256 0.541850 0.515419 0.524229 0.515419 0.497797 0.533040 0.475771 0.511013 0.444934 0.515419 0.493392 0.497797 0.502203 0.475771 0.488987 0.471366 0.511013 0.449339 0.511013 0.422908 0.475771 0.444934 0.453745 0.392070 0.396476 0.383260 0.339207 0.361233 0.343612 0.343612 0.325991
0 0.000000 0.325991 0.000000 0.348018 0.004405 0.348018 0.008811 0.343612 0.030837 0.343612 0.035242 0.348018 0.039648 0.343612 0.048458 0.343612 0.052863 0.339207 0.044053 0.330396 0.039648 0.334802 0.026432 0.334802 0.022026 0.330396 0.013216 0.330396 0.008811 0.325991
0 0.506608 0.334802 0.506608 0.339207 0.511013 0.343612 0.515419 0.343612 0.519824 0.348018 0.524229 0.343612 0.528634 0.343612 0.533040 0.348018 0.541850 0.348018 0.546256 0.352423 0.555066 0.343612 0.555066 0.334802 0.546256 0.325991 0.537445 0.325991 0.533040 0.321586 0.528634 0.325991 0.519824 0.325991 0.515419 0.330396 0.511013 0.330396
0 0.066079 0.303965 0.061674 0.308370 0.061674 0.317181 0.066079 0.321586 0.083700 0.321586 0.088106 0.325991 0.092511 0.325991 0.101322 0.334802 0.101322 0.339207 0.110132 0.348018 0.110132 0.361233 0.096916 0.374449 0.096916 0.378855 0.105727 0.387665 0.110132 0.387665 0.114537 0.392070 0.114537 0.396476 0.118943 0.400881 0.123348 0.400881 0.127753 0.396476 0.118943 0.387665 0.118943 0.361233 0.123348 0.356828 0.123348 0.348018 0.127753 0.343612 0.127753 0.330396 0.123348 0.325991 0.118943 0.325991 0.114537 0.321586 0.110132 0.321586 0.101322 0.312775 0.096916 0.312775 0.088106 0.303965
0 0.273128 0.303965 0.268722 0.299559 0.268722 0.295154 0.264317 0.290749 0.259912 0.290749 0.255507 0.286344 0.251101 0.290749 0.246696 0.290749 0.215859 0.321586 0.211454 0.321586 0.207048 0.325991 0.202643 0.321586 0.198238 0.321586 0.193833 0.317181 0.193833 0.312775 0.185022 0.303965 0.171806 0.303965 0.162996 0.312775 0.162996 0.317181 0.180617 0.334802 0.189427 0.334802 0.193833 0.330396 0.198238 0.330396 0.202643 0.325991 0.207048 0.330396 0.211454 0.330396 0.220264 0.339207 0.242291 0.317181 0.246696 0.317181 0.251101 0.312775 0.259912 0.312775 0.264317 0.317181 0.268722 0.317181 0.273128 0.312775
0 0.343612 0.277533 0.334802 0.286344 0.343612 0.295154 0.343612 0.299559 0.348018 0.303965 0.352423 0.303965 0.356828 0.308370 0.361233 0.303965 0.361233 0.299559 0.370044 0.290749 0.365639 0.290749 0.356828 0.281938 0.352423 0.281938 0.348018 0.277533
0 0.691630 0.277533 0.687225 0.277533 0.678414 0.268722 0.674009 0.273128 0.669604 0.273128 0.665198 0.277533 0.665198 0.281938 0.660793 0.286344 0.656388 0.286344 0.651982 0.290749 0.647577 0.286344 0.643172 0.286344 0.638767 0.281938 0.625551 0.281938 0.616740 0.290749 0.616740 0.299559 0.621145 0.303965 0.621145 0.312775 0.616740 0.317181 0.612335 0.317181 0.603524 0.325991 0.603524 0.348018 0.607930 0.352423 0.612335 0.352423 0.616740 0.348018 0.621145 0.348018 0.625551 0.343612 0.625551 0.339207 0.629956 0.334802 0.629956 0.330396 0.621145 0.321586 0.621145 0.312775 0.625551 0.308370 0.629956 0.308370 0.643172 0.295154 0.647577 0.295154 0.651982 0.290749 0.656388 0.290749 0.660793 0.295154 0.665198 0.295154 0.674009 0.303965 0.682819 0.303965 0.687225 0.299559 0.687225 0.286344 0.691630 0.281938
0 0.458150 0.273128 0.458150 0.281938 0.466960 0.290749 0.484582 0.290749 0.493392 0.281938 0.497797 0.281938 0.497797 0.273128 0.493392 0.268722 0.471366 0.268722 0.466960 0.273128 0.462555 0.268722
0 0.709251 0.259912 0.709251 0.273128 0.713656 0.273128 0.718062 0.277533 0.726872 0.277533 0.731278 0.273128 0.735683 0.277533 0.740088 0.277533 0.744493 0.281938 0.753304 0.273128 0.757709 0.273128 0.762115 0.268722 0.762115 0.255507 0.757709 0.255507 0.748899 0.264317 0.744493 0.264317 0.740088 0.268722 0.735683 0.268722 0.731278 0.264317 0.726872 0.264317 0.718062 0.255507 0.713656 0.255507
0 0.387665 0.251101 0.383260 0.255507 0.383260 0.268722 0.387665 0.273128 0.387665 0.286344 0.383260 0.290749 0.387665 0.290749 0.392070 0.295154 0.396476 0.290749 0.396476 0.286344 0.400881 0.281938 0.400881 0.277533 0.405286 0.273128 0.405286 0.264317 0.392070 0.251101
0 0.920705 0.246696 0.916300 0.246696 0.907489 0.255507 0.907489 0.286344 0.911894 0.290749 0.920705 0.281938 0.920705 0.277533 0.938326 0.259912 0.929515 0.251101 0.925110 0.251101
0 0.832599 0.229075 0.841410 0.237885 0.863436 0.237885 0.872247 0.229075 0.872247 0.220264 0.867841 0.215859 0.863436 0.220264 0.859031 0.215859 0.841410 0.215859 0.837004 0.220264 0.837004 0.224670
0 0.180617 0.220264 0.176211 0.220264 0.171806 0.215859 0.154185 0.215859 0.140969 0.229075 0.140969 0.242291 0.145374 0.246696 0.149780 0.246696 0.167401 0.229075 0.171806 0.229075 0.176211 0.224670 0.180617 0.224670
0 0.229075 0.202643 0.224670 0.198238 0.220264 0.198238 0.215859 0.193833 0.202643 0.207048 0.202643 0.215859 0.198238 0.220264 0.193833 0.220264 0.193833 0.224670 0.198238 0.224670 0.202643 0.229075 0.207048 0.229075 0.211454 0.224670 0.215859 0.224670 0.229075 0.211454
0 0.779736 0.189427 0.775330 0.193833 0.775330 0.198238 0.770925 0.202643 0.766520 0.202643 0.762115 0.207048 0.762115 0.233480 0.766520 0.237885 0.766520 0.246696 0.770925 0.246696 0.775330 0.242291 0.779736 0.246696 0.788546 0.246696 0.792952 0.251101 0.797357 0.251101 0.801762 0.255507 0.801762 0.281938 0.806167 0.286344 0.806167 0.295154 0.819383 0.308370 0.819383 0.312775 0.823789 0.317181 0.828194 0.317181 0.832599 0.321586 0.837004 0.317181 0.837004 0.312775 0.828194 0.303965 0.828194 0.273128 0.823789 0.268722 0.823789 0.264317 0.814978 0.255507 0.810573 0.255507 0.806167 0.251101 0.806167 0.237885 0.797357 0.229075 0.792952 0.229075 0.788546 0.224670 0.784141 0.224670 0.779736 0.220264 0.779736 0.207048 0.788546 0.198238
0 0.594714 0.171806 0.594714 0.176211 0.607930 0.189427 0.616740 0.189427 0.621145 0.193833 0.629956 0.185022 0.616740 0.171806 0.612335 0.171806 0.607930 0.167401 0.599119 0.167401
0 0.541850 0.167401 0.537445 0.167401 0.533040 0.171806 0.533040 0.185022 0.546256 0.198238 0.546256 0.220264 0.541850 0.224670 0.537445 0.224670 0.533040 0.229075 0.528634 0.229075 0.519824 0.237885 0.519824 0.246696 0.524229 0.251101 0.528634 0.251101 0.533040 0.246696 0.533040 0.242291 0.537445 0.237885 0.541850 0.237885 0.546256 0.233480 0.563877 0.233480 0.568282 0.229075 0.572687 0.229075 0.577093 0.224670 0.572687 0.220264 0.572687 0.211454 0.568282 0.207048 0.563877 0.207048 0.550661 0.193833 0.550661 0.176211
0 0.911894 0.176211 0.903084 0.185022 0.903084 0.189427 0.898678 0.193833 0.898678 0.198238 0.903084 0.202643 0.911894 0.202643 0.916300 0.198238 0.920705 0.198238 0.925110 0.193833 0.933921 0.193833 0.938326 0.198238 0.942731 0.198238 0.947137 0.202643 0.947137 0.220264 0.964758 0.237885 0.964758 0.246696 0.969163 0.251101 0.973568 0.246696 0.973568 0.229075 0.977974 0.224670 0.977974 0.220264 0.969163 0.211454 0.964758 0.211454 0.960352 0.207048 0.955947 0.207048 0.951542 0.202643 0.951542 0.176211 0.955947 0.171806 0.960352 0.171806 0.964758 0.167401 0.964758 0.162996 0.960352 0.158590 0.951542 0.158590 0.947137 0.162996 0.951542 0.167401 0.951542 0.180617 0.947137 0.185022 0.942731 0.185022 0.938326 0.189427 0.933921 0.185022 0.929515 0.185022 0.920705 0.176211
0 0.000000 0.154185 0.000000 0.167401 0.004405 0.171806 0.008811 0.171806 0.013216 0.176211 0.013216 0.207048 0.008811 0.211454 0.004405 0.211454 0.004405 0.215859 0.008811 0.215859 0.013216 0.220264 0.013216 0.255507 0.017621 0.259912 0.026432 0.259912 0.030837 0.255507 0.039648 0.255507 0.044053 0.259912 0.048458 0.259912 0.057269 0.268722 0.057269 0.273128 0.061674 0.277533 0.066079 0.273128 0.066079 0.259912 0.061674 0.255507 0.061674 0.251101 0.057269 0.246696 0.052863 0.246696 0.048458 0.251101 0.039648 0.251101 0.035242 0.246696 0.030837 0.246696 0.026432 0.242291 0.026432 0.237885 0.017621 0.229075 0.017621 0.215859 0.035242 0.198238 0.030837 0.193833 0.030837 0.189427 0.026432 0.185022 0.026432 0.180617 0.017621 0.171806 0.017621 0.162996 0.008811 0.154185
0 0.475771 0.149780 0.471366 0.154185 0.475771 0.158590 0.475771 0.189427 0.480176 0.193833 0.480176 0.198238 0.484582 0.202643 0.497797 0.202643 0.502203 0.198238 0.502203 0.189427 0.488987 0.176211 0.488987 0.167401 0.484582 0.162996 0.484582 0.158590
0 0.162996 0.145374 0.158590 0.149780 0.158590 0.158590 0.162996 0.162996 0.162996 0.167401 0.171806 0.176211 0.176211 0.171806 0.180617 0.171806 0.189427 0.162996 0.176211 0.149780 0.167401 0.149780
0 0.127753 0.145374 0.123348 0.145374 0.118943 0.149780 0.118943 0.154185 0.114537 0.158590 0.114537 0.162996 0.110132 0.167401 0.105727 0.167401 0.101322 0.171806 0.096916 0.171806 0.088106 0.180617 0.088106 0.185022 0.092511 0.189427 0.096916 0.185022 0.101322 0.185022 0.105727 0.180617 0.105727 0.171806 0.110132 0.167401 0.114537 0.167401 0.118943 0.162996 0.123348 0.167401 0.127753 0.167401 0.132159 0.162996 0.132159 0.149780
0 0.044053 0.136564 0.044053 0.140969 0.048458 0.145374 0.052863 0.145374 0.057269 0.149780 0.061674 0.149780 0.066079 0.154185 0.074890 0.154185 0.088106 0.140969 0.083700 0.136564 0.074890 0.136564 0.070485 0.132159 0.057269 0.132159 0.052863 0.127753
0 0.779736 0.105727 0.779736 0.110132 0.784141 0.114537 0.784141 0.118943 0.792952 0.127753 0.797357 0.127753 0.810573 0.140969 0.814978 0.140969 0.819383 0.145374 0.823789 0.145374 0.832599 0.154185 0.832599 0.167401 0.841410 0.176211 0.845815 0.176211 0.850220 0.180617 0.872247 0.180617 0.885463 0.167401 0.885463 0.149780 0.876652 0.140969 0.872247 0.140969 0.867841 0.136564 0.854626 0.136564 0.850220 0.132159 0.845815 0.132159 0.841410 0.127753 0.841410 0.123348 0.828194 0.110132 0.823789 0.110132 0.814978 0.118943 0.810573 0.118943 0.806167 0.123348 0.801762 0.118943 0.797357 0.118943 0.788546 0.110132 0.788546 0.105727 0.784141 0.101322
0 0.938326 0.083700 0.929515 0.092511 0.929515 0.110132 0.951542 0.132159 0.951542 0.136564 0.955947 0.140969 0.960352 0.136564 0.960352 0.123348 0.964758 0.118943 0.964758 0.114537 0.951542 0.101322 0.951542 0.096916 0.947137 0.092511 0.947137 0.088106 0.942731 0.083700
0 0.678414 0.057269 0.674009 0.061674 0.674009 0.066079 0.669604 0.070485 0.665198 0.070485 0.660793 0.074890 0.656388 0.074890 0.651982 0.070485 0.647577 0.070485 0.643172 0.074890 0.643172 0.079295 0.638767 0.083700 0.643172 0.088106 0.643172 0.096916 0.651982 0.105727 0.656388 0.105727 0.660793 0.110132 0.665198 0.110132 0.669604 0.114537 0.674009 0.114537 0.678414 0.118943 0.682819 0.118943 0.687225 0.114537 0.691630 0.114537 0.700441 0.105727 0.696035 0.101322 0.691630 0.101322 0.687225 0.096916 0.678414 0.096916 0.674009 0.092511 0.669604 0.092511 0.660793 0.083700 0.660793 0.074890 0.665198 0.070485 0.669604 0.070485 0.674009 0.066079 0.678414 0.066079 0.682819 0.070485 0.687225 0.070485 0.691630 0.066079 0.682819 0.057269
0 0.079295 0.044053 0.079295 0.052863 0.083700 0.057269 0.096916 0.057269 0.101322 0.052863 0.105727 0.052863 0.110132 0.057269 0.114537 0.057269 0.132159 0.074890 0.136564 0.074890 0.145374 0.066079 0.127753 0.048458 0.127753 0.039648 0.123348 0.035242 0.110132 0.035242 0.105727 0.039648 0.101322 0.039648 0.096916 0.044053 0.092511 0.039648 0.083700 0.039648
0 0.973568 0.039648 0.973568 0.035242 0.969163 0.030837 0.964758 0.030837 0.960352 0.026432 0.955947 0.026432 0.951542 0.030837 0.947137 0.030837 0.942731 0.035242 0.933921 0.035242 0.929515 0.030837 0.925110 0.035242 0.933921 0.044053 0.938326 0.044053 0.942731 0.048458 0.947137 0.048458 0.951542 0.052863 0.964758 0.052863 0.969163 0.048458 0.969163 0.044053
0 0.189427 0.022026 0.180617 0.022026 0.176211 0.026432 0.176211 0.030837 0.171806 0.035242 0.171806 0.039648 0.167401 0.044053 0.167401 0.048458 0.171806 0.052863 0.180617 0.052863 0.189427 0.044053 0.189427 0.039648 0.193833 0.035242 0.193833 0.026432
0 0.590308 0.026432 0.585903 0.022026 0.581498 0.022026 0.577093 0.017621 0.572687 0.017621 0.559471 0.030837 0.559471 0.035242 0.568282 0.044053 0.577093 0.044053 0.581498 0.039648 0.585903 0.039648 0.590308 0.035242
0 0.013216 0.044053 0.022026 0.052863 0.026432 0.048458 0.030837 0.048458 0.035242 0.044053 0.039648 0.044053 0.052863 0.030837 0.057269 0.030837 0.061674 0.026432 0.057269 0.022026 0.035242 0.022026 0.030837 0.017621 0.026432 0.017621 0.022026 0.022026 0.022026 0.026432 0.017621 0.030837 0.017621 0.035242 0.013216 0.039648
0 0.713656 0.000000 0.713656 0.013216 0.722467 0.022026 0.726872 0.022026 0.731278 0.026432 0.735683 0.026432 0.740088 0.030837 0.744493 0.030837 0.748899 0.035242 0.753304 0.030837 0.753304 0.026432 0.744493 0.017621 0.744493 0.013216 0.735683 0.004405 0.735683 0.000000
0 0.361233 0.000000 0.348018 0.000000 0.348018 0.004405 0.334802 0.013216 0.325991 0.008811 0.321586 0.000000 0.264317 0.000000 0.264317 0.017621 0.251101 0.044053 0.237885 0.052863 0.229075 0.048458 0.220264 0.057269 0.229075 0.066079 0.246696 0.074890 0.246696 0.083700 0.255507 0.101322 0.255507 0.114537 0.246696 0.127753 0.255507 0.145374 0.255507 0.158590 0.268722 0.185022 0.290749 0.207048 0.290749 0.215859 0.295154 0.220264 0.295154 0.237885 0.299559 0.242291 0.299559 0.264317 0.308370 0.273128 0.312775 0.273128 0.321586 0.259912 0.343612 0.251101 0.370044 0.229075 0.378855 0.224670 0.387665 0.229075 0.392070 0.224670 0.396476 0.229075 0.405286 0.220264 0.409692 0.202643 0.414097 0.198238 0.414097 0.167401 0.422908 0.158590 0.418502 0.132159 0.409692 0.123348 0.409692 0.114537 0.422908 0.105727 0.444934 0.105727 0.458150 0.096916 0.471366 0.105727 0.471366 0.110132 0.484582 0.127753 0.493392 0.127753 0.497797 0.123348 0.493392 0.105727 0.466960 0.092511 0.466960 0.079295 0.458150 0.066079 0.453745 0.066079 0.449339 0.070485 0.449339 0.079295 0.436123 0.088106 0.409692 0.088106 0.378855 0.066079 0.374449 0.066079 0.365639 0.057269 0.361233 0.039648 0.348018 0.022026 0.348018 0.013216 0.356828 0.008811
