0 0.651982 0.947137 0.651982 0.951542 0.660793 0.960352 0.665198 0.955947 0.669604 0.955947 0.674009 0.960352 0.678414 0.960352 0.682819 0.964758 0.682819 0.969163 0.687225 0.973568 0.700441 0.973568 0.704846 0.969163 0.704846 0.960352 0.696035 0.951542 0.691630 0.951542 0.687225 0.955947 0.682819 0.955947 0.678414 0.960352 0.674009 0.960352 0.669604 0.955947 0.665198 0.955947 0.660793 0.951542 0.660793 0.947137 0.656388 0.942731
0 0.453745 0.938326 0.440529 0.951542 0.440529 0.982379 0.449339 0.991189 0.449339 0.995595 0.484582 0.995595 0.484582 0.986784 0.480176 0.982379 0.480176 0.977974 0.471366 0.969163 0.471366 0.960352 0.466960 0.955947 0.466960 0.942731 0.462555 0.938326 0.458150 0.942731
0 0.898678 0.907489 0.907489 0.916300 0.916300 0.916300 0.920705 0.920705 0.925110 0.916300 0.929515 0.920705 0.933921 0.920705 0.938326 0.925110 0.942731 0.925110 0.947137 0.929515 0.951542 0.929515 0.955947 0.933921 0.955947 0.942731 0.960352 0.947137 0.986784 0.947137 0.991189 0.951542 0.995595 0.951542 0.995595 0.929515 0.991189 0.929515 0.986784 0.933921 0.973568 0.933921 0.969163 0.929515 0.964758 0.929515 0.960352 0.925110 0.960352 0.920705 0.955947 0.916300 0.955947 0.911894 0.951542 0.907489 0.938326 0.907489 0.933921 0.903084 0.929515 0.903084 0.925110 0.898678 0.907489 0.898678
0 0.625551 0.903084 0.634361 0.911894 0.638767 0.911894 0.643172 0.916300 0.647577 0.916300 0.656388 0.925110 0.665198 0.925110 0.669604 0.920705 0.691630 0.920705 0.696035 0.916300 0.691630 0.911894 0.682819 0.911894 0.678414 0.907489 0.665198 0.907489 0.660793 0.903084 0.656388 0.903084 0.647577 0.894273 0.643172 0.898678 0.638767 0.894273 0.634361 0.894273
0 0.409692 0.898678 0.405286 0.894273 0.400881 0.894273 0.396476 0.889868 0.392070 0.889868 0.374449 0.907489 0.370044 0.907489 0.365639 0.911894 0.361233 0.907489 0.356828 0.907489 0.352423 0.903084 0.348018 0.907489 0.343612 0.907489 0.339207 0.911894 0.334802 0.911894 0.330396 0.916300 0.325991 0.916300 0.321586 0.920705 0.321586 0.925110 0.325991 0.929515 0.352423 0.929515 0.365639 0.916300 0.365639 0.911894 0.370044 0.907489 0.374449 0.907489 0.378855 0.903084 0.383260 0.907489 0.405286 0.907489 0.409692 0.903084
0 0.149780 0.885463 0.145374 0.885463 0.136564 0.894273 0.132159 0.894273 0.123348 0.903084 0.123348 0.907489 0.127753 0.911894 0.127753 0.916300 0.132159 0.920705 0.136564 0.920705 0.154185 0.903084 0.154185 0.898678 0.158590 0.894273
0 0.718062 0.881057 0.718062 0.885463 0.722467 0.889868 0.735683 0.889868 0.744493 0.881057 0.748899 0.881057 0.753304 0.876652 0.757709 0.881057 0.762115 0.881057 0.766520 0.885463 0.770925 0.885463 0.779736 0.894273 0.784141 0.894273 0.792952 0.885463 0.788546 0.881057 0.788546 0.872247 0.779736 0.863436 0.735683 0.863436
0 0.603524 0.863436 0.594714 0.872247 0.594714 0.881057 0.599119 0.885463 0.612335 0.885463 0.621145 0.876652 0.621145 0.867841 0.616740 0.863436
0 0.308370 0.854626 0.303965 0.854626 0.299559 0.859031 0.299559 0.872247 0.295154 0.876652 0.295154 0.881057 0.290749 0.885463 0.290749 0.889868 0.286344 0.894273 0.281938 0.894273 0.277533 0.898678 0.277533 0.907489 0.281938 0.911894 0.281938 0.916300 0.286344 0.920705 0.295154 0.920705 0.299559 0.916300 0.299559 0.894273 0.312775 0.881057 0.312775 0.859031
0 0.889868 0.850220 0.885463 0.854626 0.885463 0.863436 0.894273 0.872247 0.907489 0.872247 0.911894 0.867841 0.911894 0.863436 0.916300 0.859031 0.916300 0.854626 0.911894 0.850220
0 0.832599 0.845815 0.828194 0.850220 0.828194 0.867841 0.823789 0.872247 0.832599 0.881057 0.837004 0.881057 0.841410 0.876652 0.841410 0.872247 0.845815 0.867841 0.845815 0.854626 0.837004 0.845815
0 0.185022 0.850220 0.180617 0.845815 0.176211 0.845815 0.171806 0.841410 0.167401 0.841410 0.154185 0.854626 0.149780 0.854626 0.145374 0.859031 0.145374 0.863436 0.154185 0.872247 0.158590 0.872247 0.162996 0.867841 0.167401 0.867841 0.171806 0.863436 0.176211 0.863436 0.185022 0.854626
0 0.700441 0.832599 0.696035 0.828194 0.691630 0.832599 0.687225 0.832599 0.682819 0.837004 0.678414 0.837004 0.674009 0.841410 0.669604 0.837004 0.665198 0.837004 0.660793 0.832599 0.656388 0.832599 0.651982 0.837004 0.647577 0.837004 0.643172 0.841410 0.647577 0.845815 0.660793 0.845815 0.665198 0.841410 0.669604 0.845815 0.674009 0.841410 0.682819 0.841410 0.687225 0.845815 0.696035 0.845815 0.700441 0.841410
0 0.004405 0.801762 0.004405 0.806167 0.008811 0.806167 0.013216 0.810573 0.013216 0.814978 0.022026 0.823789 0.026432 0.823789 0.035242 0.832599 0.048458 0.832599 0.052863 0.828194 0.057269 0.828194 0.066079 0.819383 0.066079 0.814978 0.061674 0.810573 0.044053 0.810573 0.039648 0.806167 0.035242 0.806167 0.030837 0.801762 0.030837 0.797357 0.026432 0.792952 0.017621 0.792952 0.008811 0.801762
0 0.105727 0.779736 0.118943 0.792952 0.127753 0.792952 0.132159 0.797357 0.149780 0.797357 0.154185 0.801762 0.158590 0.801762 0.162996 0.806167 0.167401 0.801762 0.154185 0.788546 0.149780 0.788546 0.140969 0.779736 0.136564 0.779736 0.132159 0.775330 0.127753 0.775330 0.123348 0.770925 0.114537 0.770925
0 0.920705 0.757709 0.916300 0.762115 0.911894 0.762115 0.903084 0.770925 0.903084 0.788546 0.907489 0.792952 0.916300 0.792952 0.920705 0.788546 0.925110 0.788546 0.929515 0.784141 0.929515 0.766520
0 0.105727 0.696035 0.101322 0.696035 0.096916 0.700441 0.096916 0.704846 0.092511 0.709251 0.092511 0.713656 0.088106 0.718062 0.088106 0.726872 0.092511 0.731278 0.092511 0.735683 0.101322 0.744493 0.105727 0.740088 0.105727 0.726872 0.110132 0.722467 0.110132 0.700441
0 0.806167 0.696035 0.806167 0.704846 0.814978 0.713656 0.828194 0.713656 0.832599 0.709251 0.850220 0.709251 0.854626 0.704846 0.845815 0.696035 0.823789 0.696035 0.819383 0.691630 0.810573 0.691630
0 0.682819 0.674009 0.678414 0.678414 0.678414 0.691630 0.660793 0.709251 0.660793 0.713656 0.678414 0.731278 0.682819 0.731278 0.687225 0.735683 0.696035 0.735683 0.700441 0.740088 0.709251 0.740088 0.718062 0.731278 0.718062 0.726872 0.709251 0.718062 0.700441 0.718062 0.696035 0.722467 0.691630 0.722467 0.687225 0.718062 0.682819 0.718062 0.678414 0.713656 0.678414 0.700441 0.682819 0.696035 0.687225 0.696035 0.700441 0.682819 0.700441 0.678414 0.696035 0.674009
0 0.955947 0.682819 0.969163 0.696035 0.995595 0.696035 0.995595 0.682819 0.991189 0.682819 0.986784 0.678414 0.982379 0.678414 0.977974 0.674009 0.973568 0.674009 0.969163 0.669604
0 0.779736 0.669604 0.770925 0.669604 0.762115 0.678414 0.762115 0.682819 0.757709 0.687225 0.757709 0.704846 0.766520 0.713656 0.770925 0.713656 0.779736 0.704846 0.779736 0.687225 0.784141 0.682819 0.784141 0.674009
0 0.506608 0.647577 0.506608 0.656388 0.515419 0.665198 0.533040 0.665198 0.537445 0.669604 0.546256 0.669604 0.550661 0.674009 0.559471 0.665198 0.559471 0.660793 0.563877 0.656388 0.559471 0.651982 0.555066 0.651982 0.550661 0.647577 0.537445 0.647577 0.533040 0.643172 0.524229 0.643172 0.519824 0.638767 0.515419 0.638767
0 0.096916 0.643172 0.105727 0.651982 0.136564 0.651982 0.140969 0.647577 0.145374 0.647577 0.149780 0.651982 0.158590 0.651982 0.162996 0.647577 0.176211 0.647577 0.180617 0.651982 0.185022 0.651982 0.189427 0.656388 0.198238 0.656388 0.202643 0.660793 0.207048 0.660793 0.211454 0.665198 0.211454 0.682819 0.202643 0.691630 0.202643 0.704846 0.215859 0.718062 0.215859 0.722467 0.220264 0.726872 0.233480 0.726872 0.242291 0.718062 0.242291 0.713656 0.237885 0.709251 0.233480 0.709251 0.229075 0.704846 0.224670 0.704846 0.220264 0.700441 0.220264 0.691630 0.215859 0.687225 0.215859 0.678414 0.220264 0.674009 0.224670 0.674009 0.229075 0.669604 0.233480 0.669604 0.251101 0.651982 0.246696 0.647577 0.237885 0.656388 0.233480 0.656388 0.229075 0.660793 0.224670 0.660793 0.220264 0.656388 0.215859 0.656388 0.211454 0.651982 0.211454 0.647577 0.198238 0.634361 0.193833 0.638767 0.158590 0.638767 0.154185 0.634361 0.132159 0.634361 0.127753 0.629956 0.110132 0.629956
0 0.577093 0.612335 0.577093 0.616740 0.585903 0.625551 0.590308 0.625551 0.594714 0.629956 0.599119 0.629956 0.603524 0.634361 0.607930 0.634361 0.616740 0.625551 0.616740 0.621145 0.603524 0.607930 0.581498 0.607930
0 0.000000 0.621145 0.000000 0.634361 0.008811 0.634361 0.013216 0.638767 0.017621 0.638767 0.022026 0.643172 0.022026 0.651982 0.030837 0.660793 0.035242 0.660793 0.044053 0.669604 0.044053 0.674009 0.048458 0.678414 0.052863 0.678414 0.057269 0.682819 0.061674 0.678414 0.061674 0.674009 0.052863 0.665198 0.048458 0.665198 0.039648 0.656388 0.039648 0.651982 0.035242 0.647577 0.030837 0.647577 0.022026 0.638767 0.022026 0.629956 0.030837 0.621145 0.035242 0.621145 0.039648 0.616740 0.044053 0.616740 0.048458 0.612335 0.061674 0.612335 0.066079 0.607930 0.070485 0.607930 0.066079 0.607930 0.061674 0.603524 0.048458 0.603524 0.044053 0.607930 0.039648 0.607930 0.035242 0.612335 0.022026 0.612335 0.017621 0.616740 0.013216 0.616740 0.008811 0.621145
0 0.775330 0.585903 0.766520 0.594714 0.766520 0.603524 0.779736 0.616740 0.784141 0.616740 0.788546 0.621145 0.792952 0.616740 0.792952 0.603524 0.788546 0.599119 0.788546 0.594714 0.779736 0.585903
0 0.114537 0.585903 0.114537 0.590308 0.118943 0.594714 0.127753 0.585903 0.132159 0.585903 0.136564 0.581498 0.145374 0.581498 0.149780 0.585903 0.154185 0.585903 0.167401 0.599119 0.171806 0.599119 0.176211 0.603524 0.180617 0.603524 0.185022 0.607930 0.193833 0.607930 0.198238 0.612335 0.202643 0.607930 0.202643 0.599119 0.198238 0.594714 0.193833 0.594714 0.189427 0.590308 0.185022 0.590308 0.180617 0.585903 0.176211 0.585903 0.171806 0.581498 0.167401 0.581498 0.162996 0.577093 0.154185 0.577093 0.149780 0.581498 0.145374 0.581498 0.140969 0.577093 0.136564 0.577093 0.127753 0.568282 0.118943 0.577093 0.118943 0.581498
0 0.550661 0.559471 0.541850 0.568282 0.541850 0.577093 0.555066 0.590308 0.559471 0.590308 0.563877 0.594714 0.568282 0.590308 0.568282 0.581498 0.572687 0.577093 0.572687 0.572687 0.559471 0.559471
0 0.414097 0.559471 0.409692 0.568282 0.418502 0.594714 0.405286 0.603524 0.383260 0.594714 0.374449 0.616740 0.378855 0.621145 0.405286 0.607930 0.414097 0.612335 0.422908 0.634361 0.392070 0.656388 0.400881 0.660793 0.418502 0.647577 0.449339 0.669604 0.449339 0.682819 0.427313 0.691630 0.405286 0.678414 0.370044 0.700441 0.356828 0.691630 0.361233 0.665198 0.348018 0.651982 0.339207 0.660793 0.334802 0.704846 0.352423 0.718062 0.374449 0.704846 0.396476 0.726872 0.444934 0.753304 0.449339 0.801762 0.471366 0.814978 0.488987 0.806167 0.511013 0.819383 0.511013 0.867841 0.484582 0.881057 0.462555 0.876652 0.440529 0.854626 0.436123 0.828194 0.396476 0.792952 0.378855 0.757709 0.365639 0.744493 0.361233 0.748899 0.396476 0.810573 0.427313 0.832599 0.431718 0.859031 0.453745 0.889868 0.449339 0.916300 0.453745 0.920705 0.466960 0.911894 0.493392 0.925110 0.519824 0.951542 0.519824 0.964758 0.541850 0.986784 0.541850 0.995595 0.563877 0.995595 0.563877 0.986784 0.577093 0.977974 0.603524 0.995595 0.621145 0.995595 0.590308 0.955947 0.559471 0.955947 0.541850 0.929515 0.541850 0.916300 0.519824 0.898678 0.528634 0.881057 0.519824 0.850220 0.533040 0.841410 0.546256 0.850220 0.555066 0.845815 0.528634 0.837004 0.550661 0.779736 0.568282 0.766520 0.585903 0.775330 0.594714 0.762115 0.559471 0.757709 0.537445 0.779736 0.511013 0.762115 0.506608 0.770925 0.515419 0.779736 0.524229 0.775330 0.537445 0.784141 0.533040 0.801762 0.519824 0.810573 0.484582 0.784141 0.475771 0.744493 0.506608 0.704846 0.431718 0.643172 0.431718 0.594714
0 0.863436 0.528634 0.854626 0.528634 0.850220 0.533040 0.850220 0.537445 0.845815 0.541850 0.850220 0.546256 0.850220 0.555066 0.841410 0.563877 0.837004 0.563877 0.832599 0.568282 0.828194 0.568282 0.823789 0.572687 0.823789 0.581498 0.828194 0.585903 0.828194 0.603524 0.823789 0.607930 0.828194 0.612335 0.837004 0.612335 0.841410 0.607930 0.841410 0.581498 0.850220 0.572687 0.850220 0.568282 0.854626 0.563877 0.859031 0.563877 0.863436 0.559471 0.863436 0.555066 0.867841 0.550661 0.867841 0.533040
0 0.704846 0.515419 0.700441 0.519824 0.700441 0.528634 0.704846 0.533040 0.704846 0.541850 0.709251 0.546256 0.709251 0.555066 0.713656 0.559471 0.713656 0.572687 0.718062 0.577093 0.726872 0.577093 0.731278 0.572687 0.731278 0.533040 0.722467 0.524229 0.722467 0.519824 0.718062 0.515419
0 0.762115 0.515419 0.762115 0.519824 0.766520 0.524229 0.766520 0.528634 0.770925 0.533040 0.779736 0.533040 0.784141 0.537445 0.792952 0.537445 0.797357 0.533040 0.797357 0.528634 0.792952 0.524229 0.788546 0.524229 0.784141 0.519824 0.779736 0.519824 0.775330 0.515419 0.770925 0.515419 0.766520 0.511013
0 0.881057 0.493392 0.881057 0.497797 0.889868 0.506608 0.898678 0.506608 0.903084 0.511013 0.933921 0.511013 0.938326 0.506608 0.942731 0.506608 0.947137 0.502203 0.938326 0.493392 0.925110 0.493392 0.920705 0.497797 0.903084 0.497797 0.898678 0.493392 0.894273 0.493392 0.889868 0.488987 0.885463 0.488987
0 0.559471 0.493392 0.555066 0.488987 0.550661 0.488987 0.546256 0.493392 0.541850 0.493392 0.537445 0.497797 0.515419 0.497797 0.506608 0.506608 0.506608 0.519824 0.511013 0.524229 0.519824 0.524229 0.537445 0.506608 0.541850 0.506608 0.546256 0.502203 0.550661 0.502203
0 0.000000 0.493392 0.004405 0.497797 0.008811 0.497797 0.013216 0.502203 0.017621 0.502203 0.026432 0.511013 0.035242 0.502203 0.035242 0.493392 0.026432 0.484582 0.017621 0.484582 0.013216 0.488987 0.008811 0.488987 0.004405 0.493392
0 0.806167 0.466960 0.801762 0.462555 0.779736 0.462555 0.775330 0.466960 0.762115 0.466960 0.753304 0.475771 0.757709 0.480176 0.766520 0.480176 0.770925 0.475771 0.779736 0.475771 0.784141 0.480176 0.788546 0.480176 0.792952 0.484582 0.797357 0.480176 0.801762 0.480176 0.806167 0.475771
0 0.118943 0.471366 0.118943 0.475771 0.132159 0.488987 0.145374 0.488987 0.149780 0.484582 0.149780 0.471366 0.145374 0.466960 0.136564 0.466960 0.132159 0.462555 0.127753 0.466960 0.123348 0.466960
0 0.000000 0.449339 0.000000 0.462555 0.013216 0.462555 0.017621 0.458150 0.052863 0.458150 0.057269 0.462555 0.061674 0.462555 0.066079 0.466960 0.066079 0.471366 0.070485 0.475771 0.070485 0.480176 0.079295 0.488987 0.079295 0.497797 0.074890 0.502203 0.070485 0.502203 0.066079 0.506608 0.074890 0.515419 0.083700 0.515419 0.088106 0.519824 0.092511 0.515419 0.096916 0.519824 0.110132 0.519824 0.118943 0.511013 0.118943 0.506608 0.114537 0.502203 0.092511 0.502203 0.088106 0.497797 0.083700 0.497797 0.079295 0.493392 0.079295 0.484582 0.088106 0.475771 0.088106 0.458150 0.083700 0.453745 0.079295 0.453745 0.074890 0.449339 0.070485 0.449339 0.066079 0.444934 0.061674 0.444934 0.057269 0.440529 0.035242 0.440529 0.030837 0.444934 0.026432 0.444934 0.022026 0.449339
0 0.616740 0.418502 0.612335 0.418502 0.599119 0.431718 0.599119 0.436123 0.594714 0.440529 0.594714 0.444934 0.599119 0.449339 0.612335 0.449339 0.616740 0.444934 0.616740 0.436123 0.621145 0.431718 0.621145 0.422908
0 0.074890 0.392070 0.079295 0.396476 0.079295 0.400881 0.083700 0.405286 0.083700 0.409692 0.088106 0.414097 0.101322 0.414097 0.105727 0.409692 0.114537 0.409692 0.118943 0.414097 0.136564 0.414097 0.140969 0.409692 0.127753 0.396476 0.123348 0.396476 0.118943 0.400881 0.114537 0.396476 0.110132 0.396476 0.096916 0.383260 0.092511 0.383260 0.088106 0.378855
0 0.955947 0.378855 0.955947 0.383260 0.964758 0.392070 0.977974 0.392070 0.982379 0.396476 0.995595 0.396476 0.995595 0.383260 0.991189 0.383260 0.986784 0.378855 0.982379 0.378855 0.977974 0.374449 0.973568 0.374449 0.969163 0.370044 0.964758 0.374449 0.960352 0.374449
0 0.502203 0.361233 0.493392 0.370044 0.493392 0.374449 0.497797 0.378855 0.497797 0.383260 0.519824 0.405286 0.524229 0.405286 0.528634 0.400881 0.528634 0.396476 0.533040 0.392070 0.524229 0.383260 0.524229 0.378855 0.506608 0.361233
0 0.744493 0.348018 0.735683 0.348018 0.726872 0.356828 0.722467 0.356828 0.713656 0.365639 0.713656 0.396476 0.718062 0.400881 0.718062 0.409692 0.731278 0.422908 0.731278 0.431718 0.735683 0.436123 0.740088 0.431718 0.731278 0.422908 0.731278 0.414097 0.735683 0.409692 0.735683 0.405286 0.731278 0.400881 0.731278 0.392070 0.726872 0.387665 0.726872 0.378855 0.748899 0.356828 0.748899 0.352423
0 0.634361 0.374449 0.634361 0.365639 0.625551 0.356828 0.621145 0.356828 0.616740 0.352423 0.616740 0.348018 0.612335 0.343612 0.599119 0.343612 0.590308 0.352423 0.585903 0.352423 0.581498 0.356828 0.577093 0.356828 0.572687 0.352423 0.568282 0.352423 0.563877 0.348018 0.555066 0.348018 0.550661 0.352423 0.550661 0.361233 0.559471 0.370044 0.563877 0.370044 0.577093 0.356828 0.581498 0.356828 0.585903 0.352423 0.590308 0.352423 0.594714 0.356828 0.599119 0.356828 0.616740 0.374449 0.616740 0.378855 0.621145 0.383260 0.625551 0.378855 0.629956 0.378855
0 0.951542 0.330396 0.942731 0.339207 0.942731 0.348018 0.933921 0.356828 0.929515 0.356828 0.925110 0.361233 0.920705 0.361233 0.916300 0.356828 0.907489 0.356828 0.903084 0.361233 0.885463 0.361233 0.881057 0.365639 0.881057 0.370044 0.876652 0.374449 0.872247 0.374449 0.867841 0.378855 0.876652 0.387665 0.876652 0.418502 0.881057 0.422908 0.889868 0.422908 0.894273 0.427313 0.898678 0.427313 0.903084 0.431718 0.903084 0.436123 0.911894 0.444934 0.916300 0.444934 0.920705 0.449339 0.925110 0.449339 0.929515 0.444934 0.929515 0.427313 0.925110 0.422908 0.916300 0.422908 0.911894 0.427313 0.907489 0.427313 0.903084 0.422908 0.898678 0.422908 0.894273 0.418502 0.894273 0.405286 0.885463 0.396476 0.885463 0.387665 0.889868 0.383260 0.889868 0.378855 0.894273 0.374449 0.898678 0.374449 0.903084 0.370044 0.916300 0.370044 0.920705 0.365639 0.925110 0.365639 0.929515 0.370044 0.938326 0.370044 0.942731 0.365639 0.942731 0.352423 0.951542 0.343612 0.955947 0.343612 0.960352 0.339207
0 0.797357 0.334802 0.810573 0.348018 0.814978 0.348018 0.819383 0.352423 0.823789 0.352423 0.828194 0.356828 0.832599 0.356828 0.837004 0.361233 0.845815 0.352423 0.845815 0.348018 0.828194 0.330396 0.819383 0.330396 0.814978 0.325991 0.810573 0.325991 0.806167 0.330396 0.801762 0.330396
0 0.427313 0.317181 0.418502 0.325991 0.418502 0.330396 0.422908 0.334802 0.422908 0.343612 0.427313 0.348018 0.427313 0.352423 0.431718 0.356828 0.444934 0.356828 0.453745 0.348018 0.453745 0.339207 0.440529 0.325991 0.436123 0.325991
0 0.550661 0.299559 0.555066 0.303965 0.559471 0.303965 0.563877 0.299559 0.572687 0.299559 0.577093 0.295154 0.581498 0.295154 0.590308 0.286344 0.585903 0.281938 0.572687 0.281938 0.568282 0.277533 0.559471 0.277533 0.555066 0.273128 0.550661 0.277533
0 0.687225 0.233480 0.682819 0.237885 0.678414 0.237885 0.656388 0.259912 0.656388 0.264317 0.665198 0.273128 0.669604 0.273128 0.674009 0.277533 0.674009 0.281938 0.687225 0.295154 0.700441 0.295154 0.704846 0.290749 0.704846 0.281938 0.700441 0.277533 0.696035 0.277533 0.691630 0.273128 0.687225 0.273128 0.678414 0.264317 0.678414 0.255507 0.687225 0.246696 0.691630 0.246696 0.696035 0.242291 0.700441 0.242291 0.704846 0.237885 0.700441 0.233480
0 0.458150 0.224670 0.449339 0.224670 0.444934 0.229075 0.440529 0.229075 0.427313 0.242291 0.427313 0.264317 0.431718 0.268722 0.436123 0.268722 0.440529 0.273128 0.449339 0.264317 0.449339 0.255507 0.453745 0.251101 0.453745 0.246696 0.462555 0.237885 0.462555 0.229075
0 0.995595 0.215859 0.991189 0.220264 0.986784 0.220264 0.982379 0.224670 0.973568 0.224670 0.964758 0.233480 0.964758 0.237885 0.969163 0.242291 0.982379 0.242291 0.986784 0.237885 0.991189 0.237885 0.995595 0.233480
0 0.744493 0.224670 0.770925 0.251101 0.770925 0.255507 0.779736 0.264317 0.784141 0.264317 0.788546 0.259912 0.792952 0.264317 0.797357 0.264317 0.806167 0.273128 0.823789 0.273128 0.828194 0.268722 0.828194 0.264317 0.823789 0.259912 0.810573 0.259912 0.806167 0.264317 0.797357 0.264317 0.792952 0.259912 0.788546 0.259912 0.784141 0.255507 0.784141 0.251101 0.779736 0.246696 0.779736 0.237885 0.762115 0.220264 0.757709 0.220264 0.753304 0.215859
0 0.506608 0.193833 0.502203 0.198238 0.502203 0.202643 0.497797 0.207048 0.497797 0.211454 0.515419 0.229075 0.519824 0.229075 0.528634 0.220264 0.524229 0.215859 0.524229 0.211454
0 0.651982 0.207048 0.643172 0.198238 0.638767 0.198238 0.625551 0.185022 0.616740 0.185022 0.599119 0.202643 0.594714 0.202643 0.590308 0.207048 0.572687 0.207048 0.563877 0.215859 0.563877 0.224670 0.559471 0.229075 0.563877 0.233480 0.577093 0.233480 0.594714 0.215859 0.599119 0.215859 0.603524 0.211454 0.607930 0.211454 0.612335 0.207048 0.612335 0.202643 0.616740 0.198238 0.621145 0.198238 0.625551 0.193833 0.629956 0.198238 0.634361 0.198238 0.638767 0.202643 0.638767 0.211454 0.643172 0.215859
0 0.801762 0.185022 0.810573 0.193833 0.828194 0.193833 0.832599 0.189427 0.837004 0.189427 0.841410 0.193833 0.845815 0.193833 0.859031 0.207048 0.872247 0.193833 0.872247 0.185022 0.867841 0.180617 0.859031 0.180617 0.850220 0.189427 0.845815 0.189427 0.841410 0.193833 0.837004 0.189427 0.832599 0.189427 0.823789 0.180617 0.819383 0.180617 0.814978 0.176211 0.810573 0.176211
0 0.052863 0.158590 0.052863 0.162996 0.066079 0.176211 0.088106 0.176211 0.092511 0.180617 0.101322 0.180617 0.105727 0.176211 0.105727 0.171806 0.101322 0.167401 0.096916 0.167401 0.092511 0.162996 0.079295 0.162996 0.074890 0.158590 0.066079 0.158590 0.061674 0.154185 0.057269 0.154185
0 0.744493 0.158590 0.753304 0.167401 0.762115 0.167401 0.766520 0.171806 0.770925 0.171806 0.775330 0.176211 0.779736 0.171806 0.775330 0.167401 0.775330 0.158590 0.770925 0.154185 0.766520 0.154185 0.762115 0.149780 0.753304 0.149780
0 0.488987 0.136564 0.462555 0.162996 0.466960 0.167401 0.493392 0.167401 0.497797 0.162996 0.497797 0.149780 0.493392 0.145374 0.493392 0.140969
0 0.211454 0.136564 0.198238 0.149780 0.198238 0.167401 0.176211 0.180617 0.158590 0.167401 0.149780 0.176211 0.158590 0.193833 0.158590 0.220264 0.140969 0.268722 0.145374 0.290749 0.162996 0.312775 0.162996 0.334802 0.167401 0.339207 0.180617 0.330396 0.193833 0.339207 0.185022 0.378855 0.202643 0.427313 0.198238 0.458150 0.211454 0.480176 0.211454 0.488987 0.193833 0.502203 0.193833 0.528634 0.220264 0.546256 0.233480 0.541850 0.273128 0.563877 0.303965 0.550661 0.312775 0.555066 0.330396 0.581498 0.330396 0.599119 0.317181 0.607930 0.299559 0.594714 0.286344 0.594714 0.259912 0.616740 0.321586 0.625551 0.343612 0.599119 0.339207 0.577093 0.325991 0.563877 0.325991 0.546256 0.339207 0.537445 0.352423 0.546256 0.361233 0.537445 0.370044 0.502203 0.392070 0.488987 0.378855 0.484582 0.334802 0.502203 0.325991 0.497797 0.321586 0.484582 0.343612 0.466960 0.321586 0.449339 0.321586 0.440529 0.339207 0.427313 0.334802 0.422908 0.303965 0.431718 0.312775 0.453745 0.308370 0.497797 0.321586 0.506608 0.321586 0.533040 0.308370 0.541850 0.273128 0.515419 0.268722 0.497797 0.233480 0.462555 0.229075 0.444934 0.237885 0.409692 0.233480 0.405286 0.220264 0.414097 0.207048 0.405286 0.207048 0.396476 0.233480 0.370044 0.251101 0.378855 0.259912 0.343612 0.251101 0.339207 0.237885 0.365639 0.229075 0.370044 0.220264 0.365639 0.207048 0.325991 0.193833 0.317181 0.185022 0.290749 0.185022 0.264317 0.202643 0.251101 0.202643 0.237885 0.185022 0.224670 0.185022 0.211454 0.202643 0.198238 0.202643 0.171806 0.229075 0.145374
0 0.876652 0.132159 0.881057 0.136564 0.881057 0.140969 0.885463 0.145374 0.894273 0.145374 0.898678 0.140969 0.903084 0.140969 0.907489 0.136564 0.911894 0.136564 0.916300 0.140969 0.920705 0.140969 0.929515 0.149780 0.938326 0.149780 0.942731 0.154185 0.951542 0.154185 0.955947 0.149780 0.947137 0.140969 0.942731 0.140969 0.929515 0.127753 0.925110 0.132159 0.920705 0.132159 0.916300 0.136564 0.911894 0.136564 0.907489 0.132159 0.903084 0.132159 0.894273 0.123348 0.889868 0.123348 0.885463 0.127753 0.881057 0.127753
0 0.022026 0.079295 0.030837 0.088106 0.052863 0.088106 0.057269 0.083700 0.057269 0.079295 0.048458 0.070485 0.030837 0.070485
0 0.096916 0.061674 0.088106 0.070485 0.105727 0.088106 0.110132 0.088106 0.127753 0.105727 0.127753 0.114537 0.132159 0.118943 0.132159 0.127753 0.140969 0.136564 0.154185 0.136564 0.167401 0.123348 0.162996 0.118943 0.158590 0.118943 0.154185 0.114537 0.149780 0.114537 0.145374 0.110132 0.145374 0.096916 0.154185 0.088106 0.154185 0.083700 0.158590 0.079295 0.154185 0.074890 0.154185 0.070485 0.145374 0.061674 0.140969 0.066079 0.136564 0.066079 0.132159 0.070485 0.127753 0.070485 0.123348 0.066079 0.118943 0.066079 0.114537 0.061674 0.110132 0.066079 0.101322 0.066079
0 0.475771 0.035242 0.471366 0.035242 0.466960 0.030837 0.462555 0.035242 0.453745 0.035242 0.440529 0.048458 0.440529 0.052863 0.436123 0.057269 0.436123 0.061674 0.440529 0.066079 0.440529 0.074890 0.444934 0.079295 0.466960 0.079295 0.484582 0.061674 0.484582 0.044053
0 0.264317 0.022026 0.259912 0.030837 0.268722 0.039648 0.268722 0.057269 0.281938 0.066079 0.281938 0.074890 0.268722 0.083700 0.251101 0.074890 0.242291 0.061674 0.229075 0.079295 0.237885 0.088106 0.251101 0.083700 0.286344 0.096916 0.295154 0.092511 0.325991 0.110132 0.325991 0.118943 0.312775 0.127753 0.317181 0.132159 0.312775 0.162996 0.325991 0.176211 0.325991 0.198238 0.308370 0.215859 0.286344 0.202643 0.281938 0.207048 0.286344 0.229075 0.255507 0.255507 0.229075 0.264317 0.224670 0.286344 0.233480 0.295154 0.246696 0.295154 0.268722 0.273128 0.273128 0.255507 0.281938 0.251101 0.308370 0.268722 0.312775 0.308370 0.295154 0.348018 0.317181 0.361233 0.330396 0.339207 0.348018 0.330396 0.383260 0.361233 0.383260 0.370044 0.374449 0.378855 0.378855 0.409692 0.370044 0.427313 0.387665 0.436123 0.422908 0.471366 0.427313 0.488987 0.440529 0.497797 0.453745 0.484582 0.449339 0.436123 0.405286 0.400881 0.400881 0.370044 0.383260 0.352423 0.383260 0.321586 0.348018 0.295154 0.348018 0.281938 0.334802 0.259912 0.334802 0.233480 0.370044 0.189427 0.370044 0.162996 0.352423 0.132159 0.352423 0.118943 0.365639 0.110132 0.370044 0.114537 0.383260 0.110132 0.400881 0.066079 0.392070 0.057269 0.378855 0.061674 0.365639 0.079295 0.370044 0.083700 0.365639 0.101322 0.348018 0.114537 0.321586 0.092511 0.303965 0.088106 0.286344 0.074890 0.290749 0.061674 0.286344 0.035242
0 0.867841 0.022026 0.867841 0.030837 0.872247 0.035242 0.881057 0.035242 0.885463 0.030837 0.889868 0.030837 0.894273 0.026432 0.898678 0.030837 0.903084 0.030837 0.907489 0.035242 0.916300 0.035242 0.920705 0.039648 0.925110 0.035242 0.938326 0.035242 0.942731 0.030837 0.942731 0.026432 0.938326 0.022026 0.920705 0.022026 0.916300 0.026432 0.907489 0.026432 0.903084 0.030837 0.898678 0.026432 0.894273 0.026432 0.885463 0.017621 0.872247 0.017621
0 0.837004 0.022026 0.832599 0.017621 0.819383 0.017621 0.810573 0.026432 0.806167 0.026432 0.801762 0.030837 0.797357 0.026432 0.792952 0.030837 0.788546 0.026432 0.779736 0.026432 0.775330 0.030837 0.770925 0.026432 0.766520 0.030837 0.766520 0.035242 0.775330 0.044053 0.779736 0.044053 0.784141 0.048458 0.797357 0.035242 0.801762 0.035242 0.806167 0.030837 0.810573 0.035242 0.828194 0.035242 0.832599 0.030837 0.832599 0.026432
0 0.647577 0.022026 0.647577 0.026432 0.651982 0.026432 0.656388 0.030837 0.660793 0.026432 0.665198 0.026432 0.669604 0.030837 0.674009 0.030837 0.678414 0.035242 0.687225 0.035242 0.696035 0.026432 0.696035 0.022026 0.691630 0.017621 0.678414 0.017621 0.674009 0.022026 0.660793 0.022026 0.656388 0.017621 0.651982 0.022026
0 0.519824 0.008811 0.511013 0.017621 0.511013 0.022026 0.524229 0.035242 0.524229 0.057269 0.528634 0.061674 0.533040 0.061674 0.537445 0.057269 0.541850 0.057269 0.546256 0.052863 0.546256 0.048458 0.533040 0.035242 0.533040 0.026432 0.537445 0.022026 0.528634 0.013216 0.524229 0.013216
0 0.612335 0.000000 0.612335 0.022026 0.616740 0.026432 0.616740 0.035242 0.621145 0.039648 0.621145 0.048458 0.607930 0.061674 0.607930 0.066079 0.621145 0.079295 0.629956 0.070485 0.629956 0.030837 0.634361 0.026432 0.638767 0.026432 0.634361 0.022026 0.629956 0.022026 0.625551 0.017621 0.625551 0.013216 0.621145 0.008811 0.621145 0.000000
0 0.193833 0.000000 0.171806 0.000000 0.171806 0.013216 0.162996 0.022026 0.158590 0.022026 0.154185 0.026432 0.154185 0.039648 0.158590 0.044053 0.162996 0.044053 0.167401 0.039648 0.171806 0.039648 0.189427 0.022026 0.189427 0.017621 0.193833 0.013216
