0 0.638767 0.960352 0.634361 0.964758 0.634361 0.969163 0.629956 0.973568 0.629956 0.977974 0.634361 0.982379 0.638767 0.982379 0.643172 0.986784 0.651982 0.986784 0.656388 0.982379 0.656388 0.969163 0.647577 0.960352 0.643172 0.964758
0 0.259912 0.951542 0.251101 0.960352 0.251101 0.969163 0.268722 0.986784 0.268722 0.995595 0.286344 0.995595 0.286344 0.986784 0.290749 0.982379 0.290749 0.973568 0.268722 0.951542
0 0.995595 0.942731 0.991189 0.942731 0.986784 0.947137 0.973568 0.947137 0.969163 0.951542 0.969163 0.955947 0.964758 0.960352 0.960352 0.960352 0.955947 0.964758 0.951542 0.964758 0.947137 0.969163 0.933921 0.969163 0.929515 0.973568 0.929515 0.977974 0.933921 0.982379 0.938326 0.977974 0.942731 0.977974 0.947137 0.982379 0.951542 0.982379 0.955947 0.986784 0.960352 0.986784 0.964758 0.991189 0.964758 0.995595 0.977974 0.995595 0.973568 0.991189 0.969163 0.991189 0.964758 0.986784 0.964758 0.973568 0.969163 0.969163 0.969163 0.964758 0.973568 0.960352 0.977974 0.960352 0.982379 0.955947 0.995595 0.955947
0 0.559471 0.942731 0.559471 0.951542 0.568282 0.960352 0.572687 0.955947 0.581498 0.955947 0.585903 0.960352 0.590308 0.960352 0.594714 0.964758 0.599119 0.964758 0.603524 0.960352 0.603524 0.955947 0.594714 0.947137 0.590308 0.951542 0.585903 0.947137 0.577093 0.947137 0.572687 0.942731 0.568282 0.942731 0.563877 0.938326
0 0.955947 0.889868 0.947137 0.889868 0.942731 0.894273 0.942731 0.925110 0.933921 0.933921 0.938326 0.938326 0.947137 0.938326 0.960352 0.925110 0.960352 0.920705 0.964758 0.916300 0.964758 0.911894 0.973568 0.903084 0.964758 0.894273 0.960352 0.894273
0 0.841410 0.885463 0.841410 0.889868 0.845815 0.894273 0.850220 0.894273 0.854626 0.898678 0.863436 0.898678 0.867841 0.903084 0.872247 0.903084 0.885463 0.916300 0.885463 0.920705 0.889868 0.925110 0.898678 0.925110 0.903084 0.920705 0.898678 0.916300 0.898678 0.907489 0.894273 0.903084 0.889868 0.903084 0.885463 0.898678 0.885463 0.894273 0.881057 0.889868 0.863436 0.889868 0.859031 0.885463 0.854626 0.885463 0.850220 0.881057 0.845815 0.881057
0 0.202643 0.885463 0.202643 0.889868 0.207048 0.889868 0.224670 0.907489 0.233480 0.907489 0.237885 0.903084 0.237885 0.894273 0.229075 0.885463 0.224670 0.885463 0.220264 0.881057 0.215859 0.881057 0.211454 0.885463 0.207048 0.881057
0 0.348018 0.850220 0.343612 0.845815 0.330396 0.845815 0.317181 0.859031 0.312775 0.859031 0.308370 0.863436 0.308370 0.867841 0.312775 0.872247 0.317181 0.867841 0.321586 0.867841 0.325991 0.863436 0.330396 0.867841 0.343612 0.867841 0.348018 0.863436
0 0.409692 0.841410 0.405286 0.845815 0.418502 0.859031 0.431718 0.859031 0.436123 0.863436 0.440529 0.863436 0.444934 0.867841 0.444934 0.872247 0.449339 0.876652 0.453745 0.872247 0.471366 0.872247 0.475771 0.876652 0.480176 0.876652 0.484582 0.881057 0.488987 0.876652 0.493392 0.881057 0.497797 0.876652 0.502203 0.876652 0.506608 0.881057 0.511013 0.881057 0.515419 0.885463 0.515419 0.933921 0.506608 0.942731 0.506608 0.955947 0.515419 0.964758 0.519824 0.960352 0.519824 0.951542 0.524229 0.947137 0.524229 0.933921 0.537445 0.920705 0.537445 0.916300 0.533040 0.911894 0.533040 0.885463 0.537445 0.881057 0.537445 0.850220 0.533040 0.845815 0.524229 0.845815 0.519824 0.850220 0.519824 0.872247 0.515419 0.876652 0.511013 0.876652 0.506608 0.881057 0.502203 0.876652 0.497797 0.876652 0.493392 0.872247 0.488987 0.872247 0.484582 0.867841 0.480176 0.867841 0.475771 0.863436 0.466960 0.863436 0.462555 0.859031 0.458150 0.859031 0.449339 0.850220 0.444934 0.850220 0.440529 0.845815 0.422908 0.845815 0.418502 0.841410 0.414097 0.845815
0 0.154185 0.841410 0.149780 0.845815 0.149780 0.876652 0.140969 0.885463 0.145374 0.889868 0.149780 0.889868 0.154185 0.894273 0.158590 0.894273 0.167401 0.903084 0.180617 0.903084 0.185022 0.898678 0.185022 0.894273 0.180617 0.894273 0.171806 0.885463 0.171806 0.881057 0.167401 0.876652 0.167401 0.850220 0.162996 0.845815 0.158590 0.845815
0 0.925110 0.766520 0.925110 0.775330 0.929515 0.779736 0.929515 0.792952 0.947137 0.810573 0.969163 0.810573 0.973568 0.814978 0.982379 0.814978 0.986784 0.819383 0.995595 0.819383 0.995595 0.792952 0.991189 0.797357 0.986784 0.792952 0.977974 0.792952 0.973568 0.788546 0.969163 0.792952 0.964758 0.788546 0.960352 0.788546 0.942731 0.770925 0.942731 0.766520 0.938326 0.762115 0.929515 0.762115
0 0.894273 0.735683 0.903084 0.744493 0.907489 0.740088 0.920705 0.740088 0.929515 0.731278 0.920705 0.722467 0.903084 0.722467 0.894273 0.731278
0 0.748899 0.665198 0.740088 0.665198 0.731278 0.674009 0.726872 0.674009 0.713656 0.687225 0.713656 0.691630 0.687225 0.718062 0.687225 0.722467 0.682819 0.726872 0.682819 0.740088 0.674009 0.748899 0.674009 0.757709 0.682819 0.766520 0.687225 0.766520 0.691630 0.770925 0.691630 0.775330 0.696035 0.779736 0.696035 0.784141 0.704846 0.792952 0.713656 0.792952 0.718062 0.788546 0.718062 0.779736 0.700441 0.762115 0.700441 0.757709 0.696035 0.753304 0.696035 0.735683 0.700441 0.731278 0.704846 0.731278 0.718062 0.718062 0.718062 0.713656 0.740088 0.691630 0.744493 0.691630 0.753304 0.682819 0.753304 0.669604
0 0.475771 0.656388 0.475771 0.674009 0.480176 0.678414 0.484582 0.678414 0.488987 0.682819 0.493392 0.682819 0.502203 0.691630 0.502203 0.696035 0.506608 0.700441 0.511013 0.700441 0.515419 0.704846 0.524229 0.704846 0.528634 0.700441 0.528634 0.696035 0.524229 0.691630 0.519824 0.691630 0.515419 0.687225 0.511013 0.687225 0.506608 0.682819 0.502203 0.682819 0.497797 0.678414 0.497797 0.656388 0.493392 0.651982 0.484582 0.651982 0.480176 0.656388
0 0.286344 0.651982 0.286344 0.656388 0.295154 0.665198 0.299559 0.665198 0.308370 0.674009 0.312775 0.669604 0.317181 0.669604 0.325991 0.660793 0.321586 0.656388 0.317181 0.656388 0.308370 0.647577 0.290749 0.647577
0 0.149780 0.656388 0.140969 0.647577 0.136564 0.651982 0.132159 0.651982 0.123348 0.660793 0.118943 0.660793 0.114537 0.665198 0.110132 0.665198 0.105727 0.660793 0.101322 0.660793 0.096916 0.665198 0.092511 0.665198 0.083700 0.674009 0.083700 0.678414 0.088106 0.682819 0.096916 0.682819 0.114537 0.665198 0.118943 0.665198 0.123348 0.660793 0.127753 0.665198 0.132159 0.660793 0.145374 0.660793
0 0.185022 0.638767 0.180617 0.643172 0.180617 0.647577 0.185022 0.651982 0.185022 0.656388 0.189427 0.660793 0.189427 0.665198 0.193833 0.669604 0.198238 0.669604 0.202643 0.674009 0.215859 0.674009 0.220264 0.678414 0.224670 0.678414 0.233480 0.687225 0.233480 0.691630 0.246696 0.704846 0.246696 0.713656 0.251101 0.709251 0.255507 0.713656 0.259912 0.709251 0.259912 0.691630 0.246696 0.678414 0.233480 0.678414 0.229075 0.674009 0.224670 0.674009 0.220264 0.669604 0.220264 0.665198 0.207048 0.651982 0.202643 0.651982 0.189427 0.638767
0 0.568282 0.625551 0.563877 0.629956 0.563877 0.643172 0.550661 0.656388 0.572687 0.678414 0.577093 0.678414 0.581498 0.682819 0.585903 0.678414 0.585903 0.669604 0.581498 0.665198 0.581498 0.629956 0.577093 0.625551
0 0.458150 0.643172 0.440529 0.625551 0.436123 0.629956 0.436123 0.634361 0.431718 0.638767 0.427313 0.638767 0.422908 0.643172 0.418502 0.638767 0.414097 0.638767 0.409692 0.634361 0.396476 0.634361 0.378855 0.651982 0.378855 0.656388 0.383260 0.660793 0.387665 0.660793 0.392070 0.665198 0.392070 0.674009 0.387665 0.678414 0.392070 0.682819 0.396476 0.682819 0.400881 0.678414 0.400881 0.674009 0.405286 0.669604 0.409692 0.669604 0.418502 0.660793 0.418502 0.651982 0.422908 0.647577 0.427313 0.647577 0.431718 0.643172 0.436123 0.647577 0.440529 0.647577 0.444934 0.651982 0.449339 0.651982 0.453745 0.656388 0.458150 0.651982
0 0.638767 0.621145 0.629956 0.621145 0.625551 0.625551 0.625551 0.634361 0.638767 0.647577 0.638767 0.665198 0.634361 0.669604 0.629956 0.669604 0.625551 0.674009 0.616740 0.674009 0.612335 0.678414 0.612335 0.691630 0.621145 0.700441 0.638767 0.682819 0.643172 0.682819 0.647577 0.678414 0.651982 0.678414 0.656388 0.674009 0.656388 0.634361 0.651982 0.629956 0.647577 0.629956
0 0.920705 0.555066 0.911894 0.555066 0.903084 0.563877 0.907489 0.568282 0.907489 0.577093 0.916300 0.585903 0.929515 0.572687 0.929515 0.563877
0 0.418502 0.546256 0.414097 0.541850 0.409692 0.541850 0.405286 0.546256 0.392070 0.546256 0.387665 0.550661 0.374449 0.550661 0.343612 0.581498 0.339207 0.581498 0.334802 0.585903 0.325991 0.585903 0.321586 0.581498 0.308370 0.581498 0.299559 0.590308 0.299559 0.599119 0.303965 0.603524 0.317181 0.603524 0.325991 0.594714 0.330396 0.594714 0.334802 0.590308 0.339207 0.590308 0.343612 0.594714 0.348018 0.594714 0.352423 0.599119 0.361233 0.599119 0.365639 0.594714 0.365639 0.581498 0.378855 0.568282 0.383260 0.568282 0.387665 0.563877 0.409692 0.563877 0.418502 0.555066
0 0.145374 0.563877 0.145374 0.572687 0.140969 0.577093 0.140969 0.585903 0.136564 0.590308 0.140969 0.594714 0.145374 0.590308 0.145374 0.585903 0.149780 0.581498 0.154185 0.581498 0.158590 0.577093 0.176211 0.577093 0.180617 0.581498 0.185022 0.581498 0.189427 0.585903 0.193833 0.585903 0.198238 0.590308 0.202643 0.590308 0.207048 0.585903 0.211454 0.590308 0.215859 0.590308 0.220264 0.594714 0.220264 0.603524 0.224670 0.607930 0.224670 0.612335 0.229075 0.616740 0.233480 0.616740 0.237885 0.621145 0.242291 0.621145 0.246696 0.625551 0.246696 0.638767 0.251101 0.643172 0.255507 0.643172 0.264317 0.634361 0.268722 0.634361 0.273128 0.629956 0.268722 0.625551 0.259912 0.625551 0.255507 0.621145 0.251101 0.621145 0.246696 0.616740 0.246696 0.590308 0.251101 0.585903 0.255507 0.585903 0.259912 0.581498 0.268722 0.581498 0.273128 0.577093 0.264317 0.568282 0.259912 0.568282 0.251101 0.559471 0.251101 0.550661 0.246696 0.546256 0.246696 0.541850 0.242291 0.537445 0.242291 0.533040 0.233480 0.524229 0.229075 0.524229 0.224670 0.528634 0.224670 0.537445 0.229075 0.541850 0.229075 0.546256 0.242291 0.559471 0.246696 0.559471 0.251101 0.563877 0.251101 0.581498 0.246696 0.585903 0.242291 0.585903 0.237885 0.590308 0.224670 0.590308 0.220264 0.594714 0.215859 0.590308 0.211454 0.590308 0.207048 0.585903 0.207048 0.581498 0.202643 0.577093 0.185022 0.577093 0.180617 0.572687 0.176211 0.572687 0.171806 0.568282 0.167401 0.568282 0.158590 0.559471 0.149780 0.559471
0 0.872247 0.506608 0.863436 0.506608 0.854626 0.515419 0.854626 0.537445 0.832599 0.559471 0.832599 0.563877 0.837004 0.568282 0.845815 0.568282 0.850220 0.563877 0.859031 0.563877 0.863436 0.559471 0.872247 0.559471 0.876652 0.555066 0.876652 0.550661 0.867841 0.541850 0.867841 0.533040 0.872247 0.528634 0.872247 0.519824 0.876652 0.515419 0.876652 0.511013
0 0.057269 0.506608 0.052863 0.511013 0.052863 0.515419 0.048458 0.519824 0.048458 0.524229 0.057269 0.533040 0.057269 0.541850 0.052863 0.546256 0.048458 0.546256 0.044053 0.550661 0.039648 0.546256 0.035242 0.546256 0.030837 0.541850 0.017621 0.541850 0.013216 0.546256 0.017621 0.550661 0.017621 0.555066 0.022026 0.559471 0.026432 0.559471 0.030837 0.555066 0.035242 0.555066 0.039648 0.550661 0.044053 0.555066 0.048458 0.555066 0.052863 0.559471 0.057269 0.555066 0.057269 0.546256 0.066079 0.537445 0.066079 0.533040 0.070485 0.528634 0.070485 0.524229 0.066079 0.519824 0.066079 0.515419
0 0.823789 0.497797 0.819383 0.497797 0.810573 0.506608 0.806167 0.506608 0.801762 0.511013 0.797357 0.506608 0.792952 0.511013 0.788546 0.511013 0.784141 0.515419 0.784141 0.541850 0.788546 0.546256 0.792952 0.546256 0.797357 0.550661 0.806167 0.541850 0.806167 0.533040 0.801762 0.528634 0.801762 0.511013 0.806167 0.506608 0.810573 0.506608 0.814978 0.502203 0.819383 0.506608 0.823789 0.506608 0.828194 0.502203
0 0.955947 0.422908 0.951542 0.427313 0.947137 0.427313 0.942731 0.431718 0.938326 0.431718 0.933921 0.436123 0.929515 0.436123 0.929515 0.449339 0.916300 0.462555 0.916300 0.471366 0.907489 0.480176 0.911894 0.484582 0.920705 0.484582 0.925110 0.488987 0.929515 0.488987 0.933921 0.493392 0.938326 0.493392 0.942731 0.497797 0.942731 0.506608 0.933921 0.515419 0.933921 0.528634 0.938326 0.533040 0.955947 0.515419 0.955947 0.511013 0.960352 0.506608 0.960352 0.502203 0.955947 0.497797 0.951542 0.497797 0.947137 0.493392 0.947137 0.480176 0.951542 0.475771 0.951542 0.471366 0.964758 0.458150 0.969163 0.458150 0.973568 0.453745 0.977974 0.458150 0.982379 0.458150 0.986784 0.462555 0.986784 0.471366 0.991189 0.475771 0.995595 0.475771 0.995595 0.453745 0.991189 0.449339 0.986784 0.449339 0.973568 0.436123 0.969163 0.436123
0 0.828194 0.405286 0.828194 0.414097 0.832599 0.418502 0.845815 0.418502 0.850220 0.414097 0.854626 0.418502 0.859031 0.418502 0.863436 0.422908 0.863436 0.427313 0.867841 0.431718 0.894273 0.431718 0.898678 0.436123 0.907489 0.436123 0.911894 0.431718 0.907489 0.427313 0.898678 0.427313 0.894273 0.422908 0.889868 0.422908 0.885463 0.418502 0.876652 0.418502 0.872247 0.414097 0.867841 0.414097 0.863436 0.409692 0.859031 0.409692 0.850220 0.400881 0.832599 0.400881
0 0.559471 0.378855 0.555066 0.383260 0.555066 0.387665 0.550661 0.392070 0.550661 0.400881 0.563877 0.414097 0.568282 0.414097 0.572687 0.409692 0.577093 0.409692 0.581498 0.405286 0.577093 0.400881 0.577093 0.396476
0 0.035242 0.370044 0.026432 0.361233 0.022026 0.361233 0.017621 0.365639 0.017621 0.370044 0.013216 0.374449 0.008811 0.374449 0.004405 0.378855 0.000000 0.378855 0.000000 0.396476 0.008811 0.396476 0.026432 0.378855 0.030837 0.378855 0.035242 0.374449
0 0.581498 0.356828 0.585903 0.361233 0.590308 0.361233 0.599119 0.370044 0.603524 0.370044 0.607930 0.374449 0.612335 0.370044 0.616740 0.374449 0.621145 0.374449 0.625551 0.378855 0.625551 0.383260 0.629956 0.387665 0.629956 0.392070 0.643172 0.405286 0.647577 0.400881 0.647577 0.396476 0.651982 0.392070 0.651982 0.383260 0.643172 0.374449 0.643172 0.356828 0.651982 0.348018 0.651982 0.343612 0.647577 0.339207 0.647577 0.334802 0.643172 0.330396 0.638767 0.334802 0.638767 0.352423 0.634361 0.356828 0.629956 0.356828 0.625551 0.361233 0.621145 0.361233 0.616740 0.356828 0.612335 0.356828 0.607930 0.352423 0.585903 0.352423
0 0.770925 0.317181 0.762115 0.325991 0.762115 0.339207 0.757709 0.343612 0.757709 0.361233 0.766520 0.370044 0.766520 0.374449 0.770925 0.378855 0.775330 0.374449 0.775330 0.356828 0.779736 0.352423 0.779736 0.348018 0.788546 0.339207 0.788546 0.334802 0.784141 0.330396 0.784141 0.325991 0.779736 0.321586 0.775330 0.321586
0 0.682819 0.303965 0.678414 0.308370 0.678414 0.330396 0.700441 0.352423 0.700441 0.356828 0.704846 0.361233 0.704846 0.374449 0.700441 0.378855 0.700441 0.383260 0.704846 0.387665 0.709251 0.387665 0.718062 0.378855 0.718062 0.365639 0.726872 0.356828 0.726872 0.352423 0.713656 0.339207 0.709251 0.339207 0.704846 0.334802 0.704846 0.330396 0.700441 0.325991 0.700441 0.312775 0.691630 0.303965 0.687225 0.308370
0 0.938326 0.264317 0.933921 0.264317 0.925110 0.273128 0.925110 0.277533 0.920705 0.281938 0.916300 0.281938 0.903084 0.295154 0.903084 0.303965 0.889868 0.317181 0.889868 0.321586 0.894273 0.325991 0.894273 0.352423 0.889868 0.356828 0.885463 0.356828 0.881057 0.361233 0.867841 0.361233 0.863436 0.365639 0.859031 0.361233 0.854626 0.361233 0.850220 0.356828 0.850220 0.348018 0.854626 0.343612 0.850220 0.339207 0.850220 0.330396 0.832599 0.312775 0.828194 0.312775 0.819383 0.321586 0.823789 0.325991 0.823789 0.339207 0.841410 0.356828 0.845815 0.356828 0.854626 0.365639 0.854626 0.378855 0.859031 0.383260 0.867841 0.383260 0.872247 0.378855 0.889868 0.378855 0.894273 0.374449 0.894273 0.370044 0.898678 0.365639 0.898678 0.356828 0.907489 0.348018 0.911894 0.348018 0.916300 0.343612 0.920705 0.343612 0.925110 0.339207 0.925110 0.334802 0.920705 0.330396 0.916300 0.330396 0.907489 0.321586 0.907489 0.308370 0.916300 0.299559 0.920705 0.299559 0.925110 0.295154 0.925110 0.290749 0.942731 0.273128 0.942731 0.268722
0 0.242291 0.259912 0.233480 0.251101 0.229075 0.255507 0.224670 0.251101 0.220264 0.255507 0.215859 0.255507 0.211454 0.259912 0.207048 0.259912 0.202643 0.264317 0.202643 0.268722 0.193833 0.277533 0.193833 0.286344 0.189427 0.290749 0.193833 0.295154 0.207048 0.281938 0.207048 0.277533 0.211454 0.273128 0.215859 0.273128 0.220264 0.268722 0.224670 0.268722 0.229075 0.264317 0.237885 0.264317
0 0.000000 0.281938 0.000000 0.312775 0.154185 0.414097 0.088106 0.480176 0.096916 0.497797 0.171806 0.427313 0.215859 0.462555 0.273128 0.453745 0.281938 0.515419 0.334802 0.541850 0.334802 0.515419 0.299559 0.515419 0.295154 0.449339 0.339207 0.440529 0.453745 0.546256 0.400881 0.607930 0.466960 0.590308 0.466960 0.563877 0.506608 0.546256 0.524229 0.581498 0.603524 0.550661 0.696035 0.585903 0.709251 0.638767 0.735683 0.612335 0.854626 0.687225 0.823789 0.748899 0.757709 0.735683 0.801762 0.784141 0.753304 0.845815 0.585903 0.748899 0.559471 0.704846 0.524229 0.762115 0.519824 0.722467 0.475771 0.735683 0.436123 0.709251 0.422908 0.735683 0.365639 0.691630 0.352423 0.709251 0.383260 0.731278 0.281938 0.753304 0.220264 0.713656 0.070485 0.704846 0.030837 0.678414 0.048458 0.643172 0.030837 0.629956 0.000000 0.691630 0.127753 0.757709 0.096916 0.779736 0.000000 0.753304 0.070485 0.784141 0.066079 0.876652 0.088106 0.872247 0.096916 0.792952 0.167401 0.801762 0.136564 0.766520 0.202643 0.753304 0.224670 0.766520 0.202643 0.832599 0.229075 0.792952 0.374449 0.775330 0.488987 0.823789 0.546256 0.810573 0.577093 0.832599 0.572687 0.863436 0.590308 0.837004 0.660793 0.867841 0.634361 0.920705 0.687225 0.885463 0.748899 0.907489 0.779736 0.863436 0.819383 0.872247 0.806167 0.841410 0.841410 0.801762 0.889868 0.837004 0.881057 0.792952 0.819383 0.770925 0.859031 0.757709 0.898678 0.669604 0.995595 0.748899 0.995595 0.713656 0.903084 0.656388 0.885463 0.603524 0.863436 0.621145 0.810573 0.581498 0.779736 0.599119 0.779736 0.568282 0.718062 0.524229 0.770925 0.502203 0.735683 0.462555 0.801762 0.427313 0.718062 0.462555 0.669604 0.524229 0.625551 0.493392 0.471366 0.511013 0.453745 0.471366 0.515419 0.436123 0.444934 0.453745 0.378855 0.392070 0.418502 0.356828 0.409692 0.325991 0.361233 0.378855 0.343612 0.348018 0.343612 0.414097 0.295154 0.383260 0.224670 0.383260 0.207048 0.348018 0.162996 0.361233 0.110132 0.339207 0.030837 0.251101
0 0.969163 0.255507 0.969163 0.264317 0.977974 0.273128 0.982379 0.268722 0.995595 0.268722 0.995595 0.251101 0.986784 0.251101 0.982379 0.246696 0.977974 0.246696
0 0.590308 0.229075 0.581498 0.237885 0.581498 0.246696 0.577093 0.251101 0.577093 0.255507 0.572687 0.259912 0.577093 0.264317 0.581498 0.259912 0.585903 0.259912 0.590308 0.264317 0.594714 0.259912 0.599119 0.259912 0.603524 0.255507 0.603524 0.251101 0.599119 0.246696 0.599119 0.237885
0 0.740088 0.229075 0.735683 0.224670 0.731278 0.224670 0.726872 0.229075 0.722467 0.229075 0.718062 0.233480 0.718062 0.237885 0.713656 0.242291 0.709251 0.242291 0.700441 0.251101 0.700441 0.255507 0.696035 0.259912 0.691630 0.259912 0.687225 0.264317 0.691630 0.268722 0.709251 0.268722 0.718062 0.259912 0.718062 0.251101 0.722467 0.246696 0.726872 0.246696 0.731278 0.242291 0.740088 0.242291 0.744493 0.237885 0.740088 0.233480
0 0.114537 0.211454 0.110132 0.215859 0.110132 0.229075 0.101322 0.237885 0.096916 0.237885 0.092511 0.242291 0.088106 0.242291 0.083700 0.246696 0.092511 0.255507 0.110132 0.255507 0.114537 0.259912 0.118943 0.259912 0.123348 0.264317 0.127753 0.264317 0.132159 0.268722 0.132159 0.281938 0.145374 0.295154 0.149780 0.290749 0.154185 0.295154 0.158590 0.290749 0.162996 0.290749 0.167401 0.286344 0.167401 0.281938 0.158590 0.273128 0.149780 0.273128 0.145374 0.268722 0.140969 0.268722 0.136564 0.264317 0.136564 0.255507 0.132159 0.251101 0.127753 0.251101 0.123348 0.246696 0.118943 0.246696 0.110132 0.237885 0.110132 0.229075 0.118943 0.220264 0.118943 0.215859
0 0.674009 0.207048 0.660793 0.220264 0.656388 0.220264 0.651982 0.224670 0.643172 0.224670 0.629956 0.237885 0.629956 0.255507 0.638767 0.264317 0.643172 0.259912 0.643172 0.255507 0.656388 0.242291 0.656388 0.237885 0.660793 0.233480 0.665198 0.233480 0.678414 0.220264 0.678414 0.211454
0 0.955947 0.180617 0.951542 0.176211 0.938326 0.176211 0.933921 0.180617 0.929515 0.180617 0.916300 0.171806 0.911894 0.176211 0.916300 0.180617 0.920705 0.176211 0.925110 0.176211 0.929515 0.180617 0.933921 0.180617 0.942731 0.189427 0.942731 0.198238 0.933921 0.207048 0.929515 0.207048 0.925110 0.211454 0.920705 0.207048 0.916300 0.207048 0.907489 0.198238 0.894273 0.198238 0.889868 0.202643 0.885463 0.202643 0.881057 0.207048 0.876652 0.207048 0.863436 0.198238 0.841410 0.198238 0.837004 0.193833 0.828194 0.193833 0.823789 0.189427 0.810573 0.189427 0.806167 0.185022 0.797357 0.185022 0.788546 0.193833 0.784141 0.193833 0.779736 0.198238 0.770925 0.198238 0.766520 0.202643 0.766520 0.215859 0.775330 0.224670 0.784141 0.215859 0.784141 0.202643 0.797357 0.193833 0.801762 0.193833 0.806167 0.198238 0.814978 0.198238 0.819383 0.202643 0.823789 0.198238 0.828194 0.198238 0.832599 0.202643 0.837004 0.202643 0.841410 0.207048 0.845815 0.207048 0.850220 0.211454 0.854626 0.211454 0.863436 0.220264 0.867841 0.220264 0.881057 0.207048 0.885463 0.207048 0.889868 0.202643 0.894273 0.207048 0.907489 0.207048 0.911894 0.202643 0.916300 0.207048 0.920705 0.207048 0.929515 0.215859 0.933921 0.215859 0.942731 0.224670 0.942731 0.229075 0.951542 0.237885 0.955947 0.233480 0.955947 0.220264 0.947137 0.207048 0.947137 0.193833 0.955947 0.185022
0 0.202643 0.171806 0.198238 0.176211 0.198238 0.198238 0.207048 0.207048 0.215859 0.198238 0.215859 0.189427 0.220264 0.185022 0.207048 0.171806
0 0.277533 0.140969 0.273128 0.140969 0.268722 0.145374 0.264317 0.145374 0.259912 0.149780 0.259912 0.154185 0.255507 0.158590 0.255507 0.171806 0.251101 0.176211 0.251101 0.198238 0.255507 0.202643 0.259912 0.202643 0.268722 0.193833 0.268722 0.189427 0.273128 0.185022 0.273128 0.158590 0.277533 0.154185 0.277533 0.149780 0.281938 0.145374
0 0.665198 0.136564 0.656388 0.145374 0.656388 0.149780 0.660793 0.154185 0.660793 0.171806 0.665198 0.176211 0.687225 0.154185 0.687225 0.149780 0.682819 0.145374 0.678414 0.145374 0.674009 0.140969 0.669604 0.140969
0 0.594714 0.114537 0.590308 0.110132 0.577093 0.110132 0.568282 0.118943 0.563877 0.118943 0.559471 0.123348 0.559471 0.132159 0.563877 0.136564 0.568282 0.136564 0.572687 0.132159 0.577093 0.132159
0 0.687225 0.110132 0.691630 0.114537 0.691630 0.118943 0.700441 0.127753 0.700441 0.136564 0.704846 0.136564 0.709251 0.140969 0.722467 0.140969 0.726872 0.145374 0.740088 0.136564 0.744493 0.140969 0.748899 0.140969 0.762115 0.154185 0.766520 0.154185 0.770925 0.158590 0.784141 0.158590 0.797357 0.167401 0.806167 0.167401 0.810573 0.162996 0.819383 0.162996 0.823789 0.158590 0.832599 0.158590 0.837004 0.154185 0.850220 0.158590 0.859031 0.167401 0.863436 0.162996 0.859031 0.158590 0.859031 0.149780 0.872247 0.140969 0.876652 0.145374 0.894273 0.145374 0.898678 0.149780 0.903084 0.145374 0.911894 0.145374 0.925110 0.136564 0.947137 0.136564 0.951542 0.140969 0.969163 0.140969 0.973568 0.145374 0.977974 0.140969 0.995595 0.140969 0.995595 0.123348 0.960352 0.123348 0.955947 0.118943 0.951542 0.118943 0.947137 0.123348 0.916300 0.123348 0.911894 0.118943 0.889868 0.118943 0.867841 0.105727 0.863436 0.105727 0.859031 0.110132 0.854626 0.105727 0.841410 0.118943 0.837004 0.118943 0.832599 0.123348 0.814978 0.123348 0.810573 0.127753 0.788546 0.127753 0.775330 0.118943 0.748899 0.136564 0.740088 0.136564 0.735683 0.132159 0.731278 0.132159 0.718062 0.118943 0.718062 0.114537 0.709251 0.105727 0.691630 0.105727
0 0.621145 0.088106 0.621145 0.092511 0.625551 0.096916 0.629956 0.096916 0.634361 0.101322 0.651982 0.101322 0.660793 0.092511 0.651982 0.083700 0.625551 0.083700
0 0.511013 0.066079 0.511013 0.079295 0.519824 0.088106 0.572687 0.088106 0.577093 0.092511 0.585903 0.092511 0.590308 0.088106 0.590308 0.083700 0.594714 0.079295 0.585903 0.070485 0.577093 0.070485 0.572687 0.066079 0.559471 0.066079 0.555066 0.061674 0.515419 0.061674
0 0.911894 0.044053 0.907489 0.048458 0.907489 0.052863 0.911894 0.057269 0.911894 0.079295 0.907489 0.083700 0.916300 0.092511 0.920705 0.092511 0.929515 0.083700 0.929515 0.079295 0.933921 0.074890 0.933921 0.057269 0.929515 0.052863 0.929515 0.048458 0.925110 0.044053
0 0.859031 0.044053 0.850220 0.052863 0.850220 0.061674 0.845815 0.066079 0.845815 0.070485 0.850220 0.074890 0.854626 0.074890 0.859031 0.079295 0.859031 0.083700 0.863436 0.088106 0.867841 0.088106 0.881057 0.074890 0.881057 0.066079 0.885463 0.061674 0.867841 0.044053
0 0.000000 0.132159 0.022026 0.132159 0.026432 0.127753 0.092511 0.127753 0.136564 0.140969 0.162996 0.158590 0.167401 0.154185 0.162996 0.140969 0.162996 0.123348 0.176211 0.114537 0.180617 0.118943 0.198238 0.118943 0.215859 0.101322 0.242291 0.088106 0.255507 0.088106 0.268722 0.079295 0.299559 0.101322 0.317181 0.123348 0.334802 0.123348 0.339207 0.118943 0.348018 0.123348 0.352423 0.136564 0.370044 0.158590 0.370044 0.171806 0.356828 0.180617 0.343612 0.176211 0.334802 0.167401 0.312775 0.185022 0.321586 0.193833 0.339207 0.193833 0.352423 0.185022 0.374449 0.202643 0.378855 0.198238 0.387665 0.202643 0.392070 0.198238 0.396476 0.202643 0.418502 0.189427 0.436123 0.193833 0.449339 0.180617 0.449339 0.162996 0.462555 0.149780 0.458150 0.145374 0.458150 0.123348 0.497797 0.105727 0.484582 0.088106 0.453745 0.088106 0.449339 0.083700 0.444934 0.096916 0.431718 0.105727 0.396476 0.105727 0.378855 0.096916 0.365639 0.083700 0.356828 0.083700 0.343612 0.074890 0.339207 0.079295 0.325991 0.079295 0.321586 0.074890 0.281938 0.079295 0.255507 0.066079 0.220264 0.035242 0.215859 0.048458 0.198238 0.061674 0.193833 0.074890 0.180617 0.083700 0.145374 0.079295 0.132159 0.083700 0.127753 0.096916 0.114537 0.105727 0.101322 0.105727 0.096916 0.101322 0.070485 0.101322 0.066079 0.105727 0.044053 0.105727 0.035242 0.101322 0.030837 0.105727 0.008811 0.105727 0.004405 0.110132 0.000000 0.105727
0 0.114537 0.039648 0.114537 0.044053 0.123348 0.052863 0.132159 0.052863 0.136564 0.057269 0.145374 0.057269 0.149780 0.052863 0.154185 0.052863 0.158590 0.048458 0.158590 0.044053 0.154185 0.039648 0.145374 0.039648 0.140969 0.035242 0.118943 0.035242
0 0.524229 0.022026 0.519824 0.017621 0.511013 0.017621 0.506608 0.022026 0.502203 0.022026 0.493392 0.030837 0.493392 0.035242 0.484582 0.044053 0.480176 0.044053 0.475771 0.048458 0.475771 0.052863 0.480176 0.057269 0.488987 0.057269 0.493392 0.052863 0.497797 0.052863 0.497797 0.048458
0 0.273128 0.026432 0.273128 0.035242 0.281938 0.044053 0.286344 0.039648 0.303965 0.039648 0.308370 0.044053 0.312775 0.044053 0.321586 0.035242 0.321586 0.030837 0.312775 0.022026 0.308370 0.022026 0.303965 0.017621 0.286344 0.017621 0.281938 0.022026 0.277533 0.022026
0 0.629956 0.013216 0.629956 0.026432 0.638767 0.035242 0.651982 0.035242 0.656388 0.039648 0.669604 0.039648 0.687225 0.022026 0.682819 0.017621 0.678414 0.017621 0.669604 0.008811 0.665198 0.013216 0.660793 0.013216 0.656388 0.017621 0.647577 0.017621 0.643172 0.013216 0.638767 0.013216 0.634361 0.008811
0 0.784141 0.000000 0.766520 0.000000 0.775330 0.008811 0.775330 0.022026 0.779736 0.026432 0.779736 0.035242 0.770925 0.044053 0.775330 0.048458 0.775330 0.057269 0.766520 0.066079 0.762115 0.066079 0.757709 0.070485 0.757709 0.083700 0.762115 0.088106 0.762115 0.096916 0.770925 0.105727 0.775330 0.101322 0.775330 0.066079 0.779736 0.061674 0.784141 0.061674 0.788546 0.057269 0.810573 0.057269 0.814978 0.061674 0.819383 0.061674 0.823789 0.057269 0.823789 0.052863 0.819383 0.048458 0.806167 0.048458 0.801762 0.044053 0.792952 0.044053 0.788546 0.039648 0.784141 0.039648 0.779736 0.035242 0.779736 0.026432 0.788546 0.017621 0.788546 0.013216 0.784141 0.008811
