0 0.414097 0.916300 0.409692 0.920705 0.409692 0.925110 0.405286 0.929515 0.400881 0.929515 0.392070 0.938326 0.392070 0.977974 0.396476 0.982379 0.400881 0.982379 0.409692 0.973568 0.409692 0.938326 0.418502 0.929515 0.418502 0.920705
0 0.356828 0.911894 0.352423 0.916300 0.352423 0.920705 0.348018 0.925110 0.348018 0.933921 0.339207 0.942731 0.339207 0.947137 0.334802 0.951542 0.339207 0.955947 0.339207 0.960352 0.343612 0.964758 0.343612 0.969163 0.348018 0.973568 0.352423 0.973568 0.361233 0.964758 0.361233 0.955947 0.356828 0.951542 0.356828 0.947137 0.352423 0.942731 0.352423 0.929515 0.361233 0.920705 0.361233 0.916300
0 0.466960 0.911894 0.471366 0.916300 0.480176 0.916300 0.484582 0.920705 0.493392 0.920705 0.497797 0.925110 0.502203 0.920705 0.506608 0.925110 0.511013 0.925110 0.515419 0.920705 0.515419 0.916300 0.511013 0.911894 0.506608 0.911894 0.493392 0.898678 0.488987 0.898678 0.484582 0.903084 0.475771 0.903084
0 0.096916 0.911894 0.096916 0.916300 0.092511 0.920705 0.092511 0.925110 0.096916 0.929515 0.101322 0.925110 0.114537 0.925110 0.118943 0.920705 0.123348 0.925110 0.132159 0.925110 0.136564 0.920705 0.149780 0.920705 0.154185 0.925110 0.162996 0.925110 0.167401 0.929515 0.171806 0.929515 0.176211 0.933921 0.176211 0.938326 0.180617 0.942731 0.180617 0.960352 0.171806 0.969163 0.171806 0.973568 0.176211 0.977974 0.180617 0.977974 0.185022 0.982379 0.189427 0.982379 0.193833 0.977974 0.198238 0.982379 0.207048 0.973568 0.211454 0.973568 0.215859 0.969163 0.220264 0.973568 0.224670 0.973568 0.229075 0.977974 0.229075 0.995595 0.246696 0.995595 0.246696 0.991189 0.251101 0.986784 0.251101 0.977974 0.264317 0.964758 0.264317 0.960352 0.259912 0.955947 0.255507 0.955947 0.251101 0.951542 0.246696 0.955947 0.242291 0.951542 0.237885 0.951542 0.229075 0.942731 0.229075 0.929515 0.237885 0.920705 0.233480 0.916300 0.229075 0.916300 0.224670 0.920705 0.220264 0.916300 0.215859 0.916300 0.211454 0.911894 0.207048 0.911894 0.193833 0.925110 0.189427 0.925110 0.185022 0.929515 0.180617 0.925110 0.176211 0.925110 0.171806 0.920705 0.171806 0.911894 0.162996 0.903084 0.158590 0.903084 0.154185 0.898678 0.145374 0.907489 0.140969 0.907489 0.136564 0.911894 0.114537 0.911894 0.110132 0.907489 0.101322 0.907489
0 0.052863 0.889868 0.044053 0.889868 0.039648 0.894273 0.039648 0.898678 0.035242 0.903084 0.035242 0.916300 0.030837 0.920705 0.026432 0.920705 0.013216 0.933921 0.013216 0.942731 0.017621 0.947137 0.017621 0.964758 0.013216 0.969163 0.008811 0.969163 0.004405 0.973568 0.000000 0.969163 0.000000 0.977974 0.008811 0.969163 0.013216 0.969163 0.017621 0.964758 0.022026 0.969163 0.026432 0.969163 0.035242 0.960352 0.035242 0.925110 0.039648 0.920705 0.044053 0.920705 0.048458 0.916300 0.057269 0.916300 0.061674 0.911894 0.061674 0.898678
0 0.616740 0.894273 0.607930 0.885463 0.599119 0.885463 0.594714 0.889868 0.590308 0.889868 0.585903 0.894273 0.581498 0.894273 0.572687 0.903084 0.572687 0.907489 0.581498 0.916300 0.590308 0.916300 0.594714 0.911894 0.599119 0.911894
0 0.898678 0.872247 0.894273 0.876652 0.894273 0.881057 0.898678 0.885463 0.898678 0.889868 0.903084 0.894273 0.903084 0.903084 0.920705 0.920705 0.929515 0.920705 0.933921 0.916300 0.938326 0.916300 0.942731 0.911894 0.942731 0.903084 0.938326 0.898678 0.933921 0.898678 0.929515 0.894273 0.925110 0.894273 0.920705 0.889868 0.916300 0.889868 0.911894 0.885463 0.907489 0.885463 0.903084 0.881057 0.903084 0.876652
0 0.317181 0.876652 0.317181 0.889868 0.321586 0.894273 0.339207 0.894273 0.348018 0.885463 0.348018 0.881057 0.339207 0.872247 0.321586 0.872247
0 0.246696 0.854626 0.237885 0.854626 0.224670 0.867841 0.224670 0.872247 0.233480 0.881057 0.242291 0.881057 0.251101 0.872247 0.251101 0.859031
0 0.753304 0.863436 0.766520 0.876652 0.770925 0.894273 0.753304 0.907489 0.740088 0.898678 0.731278 0.911894 0.744493 0.920705 0.744493 0.929515 0.731278 0.947137 0.713656 0.955947 0.718062 0.964758 0.735683 0.960352 0.748899 0.969163 0.748899 0.977974 0.753304 0.982379 0.753304 0.991189 0.748899 0.995595 0.792952 0.995595 0.766520 0.982379 0.757709 0.973568 0.757709 0.960352 0.748899 0.951542 0.748899 0.938326 0.757709 0.929515 0.766520 0.911894 0.788546 0.894273 0.819383 0.894273 0.823789 0.898678 0.837004 0.898678 0.854626 0.911894 0.859031 0.911894 0.872247 0.925110 0.872247 0.947137 0.881057 0.960352 0.881057 0.977974 0.876652 0.982379 0.881057 0.995595 0.911894 0.995595 0.907489 0.964758 0.925110 0.951542 0.916300 0.938326 0.894273 0.951542 0.881057 0.942731 0.881057 0.920705 0.854626 0.894273 0.854626 0.881057 0.867841 0.872247 0.859031 0.863436 0.841410 0.854626 0.832599 0.854626 0.828194 0.850220 0.814978 0.854626 0.797357 0.841410 0.792952 0.845815 0.797357 0.850220 0.801762 0.845815 0.810573 0.850220 0.819383 0.863436 0.819383 0.876652 0.806167 0.885463 0.788546 0.885463 0.779736 0.881057 0.757709 0.859031
0 0.502203 0.841410 0.497797 0.837004 0.493392 0.841410 0.488987 0.837004 0.484582 0.837004 0.480176 0.841410 0.475771 0.837004 0.471366 0.837004 0.466960 0.832599 0.466960 0.819383 0.462555 0.814978 0.462555 0.810573 0.458150 0.806167 0.453745 0.806167 0.449339 0.810573 0.444934 0.810573 0.440529 0.814978 0.436123 0.814978 0.431718 0.819383 0.427313 0.814978 0.422908 0.819383 0.418502 0.819383 0.414097 0.823789 0.409692 0.819383 0.405286 0.819383 0.400881 0.823789 0.400881 0.828194 0.387665 0.841410 0.392070 0.845815 0.392070 0.854626 0.396476 0.859031 0.405286 0.850220 0.405286 0.832599 0.414097 0.823789 0.418502 0.823789 0.422908 0.819383 0.427313 0.823789 0.431718 0.819383 0.436123 0.819383 0.440529 0.823789 0.444934 0.823789 0.449339 0.828194 0.458150 0.828194 0.462555 0.832599 0.466960 0.832599 0.475771 0.841410 0.475771 0.859031 0.471366 0.863436 0.480176 0.872247 0.488987 0.863436 0.488987 0.850220 0.493392 0.845815 0.497797 0.845815
0 0.665198 0.797357 0.656388 0.806167 0.651982 0.806167 0.647577 0.810573 0.643172 0.810573 0.634361 0.819383 0.634361 0.832599 0.629956 0.837004 0.634361 0.841410 0.634361 0.845815 0.638767 0.850220 0.643172 0.850220 0.651982 0.841410 0.651982 0.837004 0.656388 0.832599 0.656388 0.828194 0.660793 0.823789 0.660793 0.819383 0.674009 0.806167
0 0.096916 0.806167 0.092511 0.801762 0.083700 0.801762 0.079295 0.806167 0.070485 0.806167 0.066079 0.801762 0.061674 0.801762 0.057269 0.797357 0.052863 0.801762 0.039648 0.801762 0.030837 0.810573 0.030837 0.814978 0.026432 0.819383 0.022026 0.819383 0.017621 0.823789 0.008811 0.823789 0.004405 0.819383 0.000000 0.819383 0.000000 0.832599 0.022026 0.832599 0.026432 0.828194 0.030837 0.828194 0.035242 0.823789 0.044053 0.823789 0.048458 0.819383 0.052863 0.819383 0.057269 0.814978 0.061674 0.814978 0.066079 0.810573 0.074890 0.810573 0.079295 0.814978 0.092511 0.814978 0.096916 0.810573
0 0.612335 0.797357 0.607930 0.792952 0.590308 0.810573 0.585903 0.810573 0.581498 0.814978 0.563877 0.814978 0.555066 0.823789 0.555066 0.832599 0.550661 0.837004 0.550661 0.841410 0.555066 0.845815 0.572687 0.828194 0.577093 0.828194 0.581498 0.823789 0.590308 0.823789 0.594714 0.828194 0.599119 0.823789 0.599119 0.819383 0.603524 0.814978 0.603524 0.810573 0.607930 0.806167 0.607930 0.801762
0 0.202643 0.788546 0.202643 0.792952 0.207048 0.797357 0.211454 0.797357 0.220264 0.806167 0.220264 0.810573 0.224670 0.814978 0.237885 0.814978 0.242291 0.819383 0.246696 0.819383 0.251101 0.823789 0.259912 0.823789 0.268722 0.814978 0.273128 0.814978 0.277533 0.810573 0.290749 0.810573 0.295154 0.806167 0.321586 0.806167 0.325991 0.801762 0.321586 0.797357 0.303965 0.797357 0.299559 0.801762 0.290749 0.801762 0.286344 0.797357 0.273128 0.797357 0.268722 0.801762 0.259912 0.801762 0.255507 0.806167 0.246696 0.806167 0.242291 0.810573 0.237885 0.806167 0.233480 0.806167 0.229075 0.801762 0.224670 0.801762 0.220264 0.797357 0.220264 0.779736 0.215859 0.775330 0.211454 0.775330 0.207048 0.779736 0.207048 0.784141
0 0.933921 0.757709 0.929515 0.762115 0.920705 0.762115 0.916300 0.766520 0.911894 0.766520 0.907489 0.770925 0.898678 0.770925 0.894273 0.766520 0.889868 0.766520 0.885463 0.762115 0.881057 0.762115 0.876652 0.766520 0.881057 0.770925 0.885463 0.770925 0.889868 0.766520 0.894273 0.770925 0.898678 0.770925 0.903084 0.775330 0.903084 0.779736 0.907489 0.784141 0.907489 0.792952 0.898678 0.801762 0.894273 0.801762 0.889868 0.806167 0.885463 0.806167 0.881057 0.810573 0.889868 0.819383 0.894273 0.819383 0.903084 0.828194 0.907489 0.828194 0.911894 0.823789 0.911894 0.819383 0.907489 0.814978 0.907489 0.792952 0.911894 0.788546 0.916300 0.788546 0.920705 0.784141 0.925110 0.784141 0.929515 0.779736 0.938326 0.779736 0.942731 0.784141 0.947137 0.784141 0.951542 0.779736 0.951542 0.770925 0.947137 0.766520 0.942731 0.766520
0 0.392070 0.748899 0.383260 0.757709 0.383260 0.762115 0.387665 0.766520 0.387665 0.775330 0.378855 0.784141 0.374449 0.784141 0.370044 0.788546 0.365639 0.788546 0.361233 0.792952 0.370044 0.801762 0.378855 0.801762 0.383260 0.797357 0.387665 0.797357 0.396476 0.788546 0.396476 0.779736 0.400881 0.775330 0.400881 0.762115 0.396476 0.757709 0.396476 0.753304
0 0.590308 0.757709 0.590308 0.766520 0.599119 0.775330 0.612335 0.762115 0.616740 0.762115 0.621145 0.757709 0.625551 0.757709 0.629956 0.762115 0.634361 0.762115 0.638767 0.766520 0.643172 0.762115 0.647577 0.766520 0.656388 0.766520 0.660793 0.762115 0.660793 0.757709 0.656388 0.753304 0.651982 0.753304 0.647577 0.748899 0.643172 0.748899 0.634361 0.740088 0.621145 0.740088 0.612335 0.748899 0.607930 0.748899 0.603524 0.753304 0.599119 0.748899
0 0.193833 0.726872 0.189427 0.722467 0.167401 0.744493 0.162996 0.744493 0.149780 0.757709 0.145374 0.757709 0.149780 0.757709 0.154185 0.762115 0.158590 0.762115 0.162996 0.757709 0.167401 0.757709 0.171806 0.753304 0.176211 0.753304 0.180617 0.748899 0.185022 0.748899 0.193833 0.740088
0 0.048458 0.726872 0.048458 0.731278 0.052863 0.735683 0.057269 0.735683 0.070485 0.748899 0.074890 0.744493 0.079295 0.748899 0.088106 0.740088 0.083700 0.735683 0.079295 0.735683 0.074890 0.731278 0.070485 0.731278 0.061674 0.722467 0.052863 0.722467
0 0.563877 0.704846 0.559471 0.704846 0.550661 0.713656 0.550661 0.726872 0.546256 0.731278 0.541850 0.731278 0.537445 0.735683 0.533040 0.735683 0.528634 0.740088 0.528634 0.757709 0.537445 0.766520 0.537445 0.788546 0.541850 0.792952 0.550661 0.784141 0.550661 0.775330 0.546256 0.770925 0.546256 0.757709 0.541850 0.753304 0.541850 0.744493 0.546256 0.740088 0.546256 0.735683 0.550661 0.731278 0.555066 0.731278 0.559471 0.726872 0.563877 0.726872 0.568282 0.722467 0.572687 0.722467 0.577093 0.718062
0 0.286344 0.700441 0.281938 0.696035 0.277533 0.696035 0.273128 0.700441 0.273128 0.704846 0.268722 0.709251 0.268722 0.718062 0.264317 0.722467 0.259912 0.722467 0.255507 0.726872 0.246696 0.726872 0.242291 0.722467 0.237885 0.722467 0.233480 0.726872 0.237885 0.731278 0.246696 0.731278 0.251101 0.735683 0.255507 0.735683 0.259912 0.740088 0.268722 0.740088 0.273128 0.735683 0.268722 0.731278 0.268722 0.722467 0.277533 0.713656 0.281938 0.713656 0.286344 0.709251
0 0.845815 0.722467 0.841410 0.718062 0.837004 0.718062 0.828194 0.709251 0.828194 0.696035 0.823789 0.691630 0.810573 0.691630 0.801762 0.700441 0.801762 0.704846 0.797357 0.709251 0.792952 0.709251 0.788546 0.713656 0.784141 0.709251 0.775330 0.709251 0.762115 0.722467 0.757709 0.722467 0.753304 0.726872 0.748899 0.722467 0.718062 0.722467 0.713656 0.726872 0.713656 0.731278 0.718062 0.735683 0.731278 0.735683 0.735683 0.740088 0.748899 0.740088 0.753304 0.744493 0.757709 0.744493 0.762115 0.748899 0.766520 0.744493 0.775330 0.744493 0.784141 0.735683 0.784141 0.726872 0.792952 0.718062 0.797357 0.718062 0.801762 0.713656 0.814978 0.713656 0.819383 0.718062 0.828194 0.718062 0.832599 0.722467 0.837004 0.722467 0.841410 0.726872
0 0.982379 0.691630 0.969163 0.678414 0.964758 0.678414 0.960352 0.674009 0.955947 0.674009 0.951542 0.678414 0.947137 0.678414 0.933921 0.691630 0.929515 0.691630 0.925110 0.696035 0.920705 0.696035 0.916300 0.691630 0.911894 0.691630 0.907489 0.687225 0.903084 0.691630 0.907489 0.696035 0.907489 0.709251 0.903084 0.713656 0.898678 0.713656 0.894273 0.718062 0.889868 0.718062 0.885463 0.713656 0.881057 0.713656 0.876652 0.718062 0.876652 0.722467 0.881057 0.726872 0.885463 0.726872 0.889868 0.722467 0.894273 0.722467 0.898678 0.718062 0.903084 0.718062 0.907489 0.722467 0.911894 0.722467 0.916300 0.726872 0.916300 0.735683 0.920705 0.740088 0.925110 0.735683 0.929515 0.735683 0.933921 0.731278 0.933921 0.718062 0.942731 0.709251 0.942731 0.700441 0.947137 0.696035 0.951542 0.696035 0.955947 0.691630 0.960352 0.696035 0.964758 0.696035 0.969163 0.700441 0.977974 0.700441 0.982379 0.696035
0 0.162996 0.682819 0.162996 0.674009 0.154185 0.665198 0.145374 0.665198 0.140969 0.669604 0.136564 0.669604 0.132159 0.674009 0.123348 0.674009 0.118943 0.669604 0.101322 0.669604 0.096916 0.674009 0.096916 0.678414 0.101322 0.682819 0.118943 0.682819 0.123348 0.678414 0.127753 0.678414 0.132159 0.674009 0.136564 0.678414 0.140969 0.678414 0.149780 0.687225 0.158590 0.687225
0 0.585903 0.678414 0.585903 0.682819 0.590308 0.687225 0.594714 0.687225 0.603524 0.696035 0.607930 0.696035 0.612335 0.700441 0.621145 0.700441 0.625551 0.696035 0.629956 0.700441 0.634361 0.700441 0.638767 0.704846 0.638767 0.709251 0.643172 0.713656 0.647577 0.713656 0.651982 0.709251 0.656388 0.709251 0.660793 0.704846 0.674009 0.704846 0.678414 0.700441 0.678414 0.687225 0.674009 0.682819 0.660793 0.696035 0.656388 0.696035 0.651982 0.700441 0.643172 0.700441 0.638767 0.696035 0.634361 0.696035 0.629956 0.691630 0.629956 0.674009 0.634361 0.669604 0.638767 0.669604 0.643172 0.665198 0.638767 0.660793 0.634361 0.660793 0.629956 0.665198 0.629956 0.674009 0.625551 0.678414 0.621145 0.678414 0.616740 0.682819 0.603524 0.682819 0.599119 0.678414 0.594714 0.678414 0.590308 0.674009
0 0.889868 0.634361 0.885463 0.629956 0.872247 0.629956 0.863436 0.638767 0.859031 0.638767 0.854626 0.643172 0.850220 0.643172 0.845815 0.638767 0.837004 0.638767 0.832599 0.634361 0.828194 0.634361 0.819383 0.643172 0.823789 0.647577 0.828194 0.647577 0.832599 0.651982 0.837004 0.651982 0.841410 0.656388 0.845815 0.656388 0.850220 0.660793 0.850220 0.669604 0.845815 0.674009 0.850220 0.678414 0.854626 0.678414 0.859031 0.674009 0.850220 0.665198 0.850220 0.656388 0.854626 0.651982 0.859031 0.651982 0.863436 0.647577 0.885463 0.647577 0.889868 0.643172
0 0.744493 0.634361 0.735683 0.625551 0.726872 0.625551 0.718062 0.634361 0.713656 0.634361 0.709251 0.638767 0.704846 0.634361 0.691630 0.634361 0.682819 0.643172 0.687225 0.647577 0.696035 0.647577 0.700441 0.651982 0.704846 0.651982 0.709251 0.656388 0.718062 0.656388 0.722467 0.651982 0.726872 0.651982 0.731278 0.647577 0.735683 0.651982 0.740088 0.651982 0.740088 0.647577 0.744493 0.643172
0 0.515419 0.616740 0.511013 0.621145 0.506608 0.621145 0.502203 0.625551 0.502203 0.629956 0.497797 0.634361 0.497797 0.638767 0.493392 0.643172 0.493392 0.647577 0.497797 0.651982 0.511013 0.651982 0.519824 0.643172 0.519824 0.634361 0.524229 0.629956 0.519824 0.625551 0.519824 0.621145
0 0.555066 0.612335 0.546256 0.621145 0.550661 0.625551 0.555066 0.625551 0.559471 0.629956 0.563877 0.629956 0.572687 0.638767 0.572687 0.643172 0.581498 0.651982 0.585903 0.651982 0.594714 0.643172 0.594714 0.638767 0.590308 0.634361 0.590308 0.629956 0.581498 0.621145 0.577093 0.621145 0.568282 0.612335
0 0.154185 0.599119 0.154185 0.603524 0.158590 0.607930 0.167401 0.607930 0.171806 0.603524 0.176211 0.607930 0.180617 0.607930 0.185022 0.612335 0.185022 0.625551 0.189427 0.629956 0.198238 0.629956 0.202643 0.634361 0.207048 0.634361 0.211454 0.638767 0.211454 0.643172 0.215859 0.647577 0.220264 0.647577 0.224670 0.643172 0.215859 0.634361 0.211454 0.634361 0.207048 0.629956 0.207048 0.621145 0.202643 0.616740 0.198238 0.616740 0.193833 0.612335 0.189427 0.612335 0.185022 0.607930 0.180617 0.607930 0.176211 0.603524 0.176211 0.599119 0.167401 0.590308 0.162996 0.594714 0.158590 0.594714
0 0.330396 0.590308 0.325991 0.585903 0.321586 0.590308 0.317181 0.585903 0.312775 0.585903 0.299559 0.572687 0.295154 0.572687 0.295154 0.577093 0.281938 0.590308 0.277533 0.590308 0.273128 0.594714 0.268722 0.594714 0.264317 0.599119 0.273128 0.607930 0.281938 0.607930 0.286344 0.612335 0.290749 0.612335 0.308370 0.594714 0.312775 0.594714 0.317181 0.590308 0.321586 0.590308 0.325991 0.594714
0 0.841410 0.559471 0.832599 0.559471 0.828194 0.555066 0.823789 0.559471 0.823789 0.568282 0.806167 0.585903 0.806167 0.607930 0.814978 0.616740 0.819383 0.612335 0.814978 0.607930 0.814978 0.590308 0.837004 0.568282 0.841410 0.568282 0.845815 0.563877
0 0.334802 0.546256 0.352423 0.563877 0.352423 0.568282 0.361233 0.577093 0.361233 0.581498 0.365639 0.585903 0.365639 0.594714 0.370044 0.599119 0.374449 0.594714 0.378855 0.594714 0.383260 0.599119 0.387665 0.594714 0.387665 0.585903 0.392070 0.581498 0.396476 0.581498 0.400881 0.577093 0.405286 0.577093 0.409692 0.581498 0.414097 0.581498 0.422908 0.590308 0.422908 0.607930 0.418502 0.612335 0.418502 0.616740 0.427313 0.625551 0.436123 0.625551 0.440529 0.629956 0.444934 0.629956 0.449339 0.625551 0.449339 0.621145 0.453745 0.616740 0.458150 0.616740 0.462555 0.612335 0.453745 0.603524 0.449339 0.603524 0.444934 0.599119 0.440529 0.599119 0.431718 0.590308 0.431718 0.585903 0.427313 0.581498 0.427313 0.572687 0.418502 0.563877 0.414097 0.568282 0.409692 0.563877 0.400881 0.563877 0.396476 0.568282 0.392070 0.568282 0.387665 0.563877 0.383260 0.563877 0.378855 0.559471 0.378855 0.555066 0.374449 0.550661 0.374449 0.546256 0.365639 0.537445 0.361233 0.537445 0.356828 0.533040 0.352423 0.533040 0.343612 0.541850 0.339207 0.541850
0 0.189427 0.484582 0.185022 0.488987 0.185022 0.497797 0.189427 0.502203 0.189427 0.511013 0.185022 0.515419 0.185022 0.519824 0.167401 0.537445 0.171806 0.541850 0.171806 0.546256 0.176211 0.550661 0.180617 0.550661 0.185022 0.555066 0.185022 0.572687 0.189427 0.577093 0.198238 0.577093 0.202643 0.572687 0.189427 0.559471 0.189427 0.546256 0.198238 0.537445 0.198238 0.533040 0.207048 0.524229 0.207048 0.506608 0.202643 0.502203 0.202643 0.493392 0.193833 0.484582
0 0.317181 0.488987 0.308370 0.480176 0.303965 0.480176 0.299559 0.484582 0.299559 0.506608 0.303965 0.511013 0.303965 0.519824 0.299559 0.524229 0.299559 0.537445 0.295154 0.541850 0.290749 0.541850 0.286344 0.546256 0.281938 0.541850 0.277533 0.541850 0.273128 0.537445 0.273128 0.533040 0.264317 0.524229 0.255507 0.524229 0.242291 0.537445 0.237885 0.537445 0.233480 0.541850 0.237885 0.546256 0.246696 0.546256 0.251101 0.550661 0.255507 0.550661 0.259912 0.555066 0.264317 0.555066 0.268722 0.559471 0.281938 0.559471 0.286344 0.563877 0.290749 0.563877 0.290749 0.546256 0.295154 0.541850 0.299559 0.541850 0.303965 0.537445 0.308370 0.537445 0.312775 0.533040 0.312775 0.511013 0.317181 0.506608
0 0.933921 0.471366 0.925110 0.462555 0.920705 0.466960 0.911894 0.466960 0.907489 0.471366 0.903084 0.466960 0.885463 0.484582 0.885463 0.488987 0.889868 0.493392 0.898678 0.493392 0.911894 0.480176 0.916300 0.480176 0.920705 0.475771 0.925110 0.480176
0 0.026432 0.436123 0.022026 0.440529 0.017621 0.440529 0.013216 0.444934 0.013216 0.449339 0.030837 0.462555 0.030837 0.480176 0.039648 0.488987 0.039648 0.497797 0.035242 0.502203 0.035242 0.515419 0.026432 0.528634 0.022026 0.528634 0.017621 0.533040 0.013216 0.528634 0.000000 0.524229 0.000000 0.559471 0.004405 0.563877 0.008811 0.559471 0.004405 0.555066 0.004405 0.546256 0.008811 0.541850 0.022026 0.537445 0.039648 0.550661 0.044053 0.546256 0.048458 0.550661 0.052863 0.550661 0.057269 0.546256 0.061674 0.550661 0.066079 0.550661 0.083700 0.568282 0.088106 0.568282 0.101322 0.577093 0.101322 0.585903 0.088106 0.594714 0.070485 0.594714 0.066079 0.599119 0.057269 0.599119 0.052863 0.594714 0.048458 0.594714 0.039648 0.603524 0.048458 0.612335 0.052863 0.612335 0.066079 0.621145 0.066079 0.634361 0.057269 0.643172 0.057269 0.651982 0.066079 0.660793 0.070485 0.656388 0.070485 0.651982 0.074890 0.647577 0.074890 0.638767 0.079295 0.634361 0.079295 0.612335 0.083700 0.607930 0.083700 0.603524 0.096916 0.594714 0.101322 0.599119 0.110132 0.599119 0.114537 0.603524 0.123348 0.594714 0.110132 0.581498 0.110132 0.572687 0.114537 0.568282 0.101322 0.550661 0.101322 0.541850 0.105727 0.537445 0.101322 0.533040 0.101322 0.524229 0.114537 0.515419 0.127753 0.524229 0.132159 0.524229 0.136564 0.519824 0.118943 0.502203 0.118943 0.497797 0.114537 0.493392 0.114537 0.480176 0.118943 0.475771 0.123348 0.475771 0.127753 0.471366 0.127753 0.466960 0.118943 0.458150 0.114537 0.458150 0.101322 0.471366 0.096916 0.471366 0.092511 0.475771 0.088106 0.471366 0.083700 0.471366 0.070485 0.458150 0.057269 0.458150 0.052863 0.453745 0.039648 0.449339 0.035242 0.444934 0.035242 0.440529 0.030837 0.436123
0 0.013216 0.383260 0.030837 0.400881 0.030837 0.405286 0.039648 0.414097 0.044053 0.414097 0.048458 0.418502 0.066079 0.418502 0.070485 0.414097 0.070485 0.409692 0.052863 0.392070 0.048458 0.392070 0.044053 0.387665 0.039648 0.387665 0.026432 0.374449 0.022026 0.374449
0 0.114537 0.365639 0.110132 0.370044 0.110132 0.374449 0.114537 0.378855 0.114537 0.383260 0.132159 0.400881 0.140969 0.392070 0.140969 0.383260 0.136564 0.378855 0.136564 0.374449 0.132159 0.370044 0.127753 0.370044 0.123348 0.365639
0 0.995595 0.343612 0.977974 0.348018 0.969163 0.356828 0.973568 0.370044 0.925110 0.405286 0.889868 0.405286 0.872247 0.392070 0.867841 0.396476 0.863436 0.392070 0.850220 0.400881 0.837004 0.400881 0.832599 0.405286 0.837004 0.418502 0.814978 0.431718 0.792952 0.418502 0.788546 0.422908 0.801762 0.440529 0.801762 0.449339 0.784141 0.466960 0.766520 0.471366 0.748899 0.462555 0.735683 0.440529 0.731278 0.444934 0.735683 0.458150 0.722467 0.471366 0.704846 0.480176 0.665198 0.484582 0.647577 0.502203 0.638767 0.497797 0.607930 0.506608 0.559471 0.506608 0.546256 0.515419 0.533040 0.511013 0.502203 0.511013 0.497797 0.515419 0.537445 0.524229 0.546256 0.533040 0.546256 0.550661 0.555066 0.555066 0.568282 0.541850 0.555066 0.533040 0.555066 0.524229 0.568282 0.515419 0.607930 0.515419 0.638767 0.506608 0.669604 0.528634 0.678414 0.519824 0.687225 0.493392 0.709251 0.484582 0.726872 0.484582 0.744493 0.471366 0.757709 0.480176 0.757709 0.488987 0.748899 0.497797 0.757709 0.511013 0.766520 0.502203 0.770925 0.484582 0.792952 0.480176 0.806167 0.488987 0.797357 0.511013 0.801762 0.515419 0.819383 0.515419 0.823789 0.502203 0.806167 0.488987 0.806167 0.475771 0.814978 0.471366 0.806167 0.466960 0.810573 0.453745 0.819383 0.449339 0.828194 0.453745 0.832599 0.466960 0.823789 0.471366 0.845815 0.480176 0.854626 0.458150 0.850220 0.444934 0.854626 0.431718 0.872247 0.427313 0.889868 0.414097 0.903084 0.414097 0.925110 0.436123 0.933921 0.414097 0.964758 0.387665 0.995595 0.370044
0 0.066079 0.317181 0.057269 0.325991 0.057269 0.330396 0.074890 0.348018 0.088106 0.348018 0.092511 0.343612 0.092511 0.339207 0.088106 0.334802 0.088106 0.325991 0.079295 0.317181
0 0.396476 0.286344 0.392070 0.281938 0.383260 0.281938 0.378855 0.286344 0.374449 0.286344 0.370044 0.290749 0.365639 0.290749 0.356828 0.299559 0.356828 0.303965 0.365639 0.312775 0.374449 0.312775 0.392070 0.295154 0.392070 0.290749
0 0.290749 0.259912 0.290749 0.264317 0.295154 0.268722 0.299559 0.268722 0.303965 0.273128 0.312775 0.273128 0.317181 0.277533 0.334802 0.277533 0.343612 0.268722 0.343612 0.264317 0.334802 0.255507 0.295154 0.255507
0 0.740088 0.242291 0.731278 0.251101 0.753304 0.273128 0.757709 0.273128 0.762115 0.268722 0.762115 0.259912 0.744493 0.242291
0 0.964758 0.185022 0.951542 0.198238 0.973568 0.220264 0.973568 0.224670 0.977974 0.229075 0.977974 0.251101 0.969163 0.259912 0.964758 0.259912 0.960352 0.264317 0.933921 0.264317 0.929515 0.268722 0.933921 0.273128 0.938326 0.273128 0.947137 0.281938 0.951542 0.281938 0.955947 0.286344 0.960352 0.281938 0.964758 0.286344 0.973568 0.286344 0.977974 0.281938 0.982379 0.286344 0.995595 0.286344 0.995595 0.224670 0.991189 0.220264 0.986784 0.220264 0.977974 0.211454 0.977974 0.193833 0.973568 0.189427 0.969163 0.189427
0 0.599119 0.180617 0.590308 0.171806 0.585903 0.171806 0.577093 0.180617 0.577093 0.185022 0.572687 0.189427 0.568282 0.189427 0.563877 0.193833 0.559471 0.193833 0.546256 0.207048 0.541850 0.207048 0.537445 0.211454 0.533040 0.211454 0.528634 0.215859 0.519824 0.215859 0.515419 0.211454 0.506608 0.211454 0.502203 0.215859 0.502203 0.220264 0.488987 0.233480 0.493392 0.237885 0.497797 0.237885 0.502203 0.242291 0.506608 0.237885 0.511013 0.237885 0.524229 0.224670 0.524229 0.220264 0.528634 0.215859 0.533040 0.215859 0.537445 0.211454 0.541850 0.215859 0.546256 0.215859 0.550661 0.211454 0.568282 0.211454 0.572687 0.207048 0.572687 0.202643 0.577093 0.198238 0.581498 0.198238 0.585903 0.193833 0.590308 0.193833 0.599119 0.185022
0 0.255507 0.167401 0.246696 0.176211 0.255507 0.185022 0.259912 0.185022 0.268722 0.193833 0.268722 0.207048 0.277533 0.215859 0.286344 0.215859 0.290749 0.211454 0.290749 0.207048 0.277533 0.193833 0.273128 0.193833 0.268722 0.189427 0.268722 0.176211 0.259912 0.167401
0 0.920705 0.158590 0.916300 0.158590 0.907489 0.167401 0.907489 0.171806 0.903084 0.176211 0.898678 0.176211 0.894273 0.180617 0.894273 0.189427 0.889868 0.193833 0.894273 0.198238 0.894273 0.224670 0.903084 0.233480 0.911894 0.233480 0.916300 0.229075 0.916300 0.224670 0.911894 0.220264 0.911894 0.215859 0.907489 0.211454 0.907489 0.193833 0.911894 0.189427 0.911894 0.180617 0.925110 0.167401 0.925110 0.162996
0 0.387665 0.185022 0.392070 0.189427 0.396476 0.189427 0.405286 0.180617 0.405286 0.176211 0.409692 0.171806 0.409692 0.162996 0.414097 0.158590 0.414097 0.154185 0.418502 0.149780 0.422908 0.149780 0.427313 0.145374 0.431718 0.149780 0.436123 0.149780 0.444934 0.158590 0.444934 0.180617 0.458150 0.193833 0.462555 0.189427 0.462555 0.171806 0.471366 0.162996 0.475771 0.162996 0.480176 0.158590 0.484582 0.162996 0.488987 0.162996 0.493392 0.158590 0.502203 0.158590 0.506608 0.162996 0.511013 0.162996 0.519824 0.171806 0.528634 0.171806 0.533040 0.167401 0.537445 0.167401 0.541850 0.162996 0.541850 0.154185 0.537445 0.149780 0.528634 0.149780 0.524229 0.154185 0.519824 0.154185 0.515419 0.158590 0.511013 0.158590 0.506608 0.162996 0.502203 0.158590 0.497797 0.158590 0.488987 0.149780 0.484582 0.149780 0.480176 0.154185 0.471366 0.154185 0.466960 0.149780 0.462555 0.149780 0.458150 0.145374 0.444934 0.145374 0.440529 0.149780 0.436123 0.149780 0.431718 0.145374 0.427313 0.145374 0.422908 0.140969 0.422908 0.136564 0.418502 0.132159 0.409692 0.140969 0.409692 0.145374 0.387665 0.167401
0 0.211454 0.123348 0.211454 0.136564 0.215859 0.140969 0.237885 0.140969 0.242291 0.136564 0.246696 0.136564 0.251101 0.140969 0.255507 0.136564 0.259912 0.136564 0.264317 0.132159 0.264317 0.127753 0.259912 0.123348 0.255507 0.123348 0.251101 0.118943 0.246696 0.123348 0.242291 0.118943 0.237885 0.118943 0.233480 0.114537 0.224670 0.114537 0.220264 0.118943 0.215859 0.118943
0 0.814978 0.105727 0.810573 0.110132 0.810573 0.114537 0.814978 0.118943 0.814978 0.123348 0.823789 0.132159 0.823789 0.140969 0.828194 0.145374 0.828194 0.162996 0.832599 0.167401 0.837004 0.167401 0.850220 0.154185 0.850220 0.127753 0.845815 0.123348 0.841410 0.123348 0.837004 0.118943 0.832599 0.118943 0.828194 0.114537 0.823789 0.114537
0 0.748899 0.092511 0.744493 0.092511 0.735683 0.101322 0.740088 0.105727 0.740088 0.114537 0.744493 0.118943 0.744493 0.140969 0.735683 0.149780 0.731278 0.149780 0.726872 0.154185 0.726872 0.158590 0.722467 0.162996 0.722467 0.176211 0.726872 0.180617 0.731278 0.180617 0.735683 0.185022 0.735683 0.202643 0.744493 0.211454 0.748899 0.207048 0.744493 0.202643 0.744493 0.193833 0.740088 0.189427 0.740088 0.180617 0.744493 0.176211 0.744493 0.171806 0.753304 0.162996 0.753304 0.145374 0.757709 0.140969 0.757709 0.136564 0.762115 0.132159 0.753304 0.123348 0.753304 0.114537 0.762115 0.105727 0.762115 0.101322 0.757709 0.096916 0.753304 0.096916
0 0.000000 0.158590 0.088106 0.211454 0.105727 0.242291 0.088106 0.264317 0.000000 0.242291 0.048458 0.259912 0.039648 0.286344 0.066079 0.268722 0.123348 0.268722 0.207048 0.308370 0.233480 0.405286 0.224670 0.444934 0.264317 0.502203 0.268722 0.418502 0.237885 0.400881 0.229075 0.370044 0.246696 0.339207 0.277533 0.352423 0.286344 0.405286 0.312775 0.436123 0.361233 0.458150 0.370044 0.506608 0.387665 0.453745 0.431718 0.484582 0.449339 0.471366 0.493392 0.488987 0.528634 0.458150 0.585903 0.480176 0.616740 0.453745 0.629956 0.462555 0.709251 0.400881 0.762115 0.400881 0.810573 0.343612 0.814978 0.312775 0.850220 0.290749 0.819383 0.268722 0.837004 0.246696 0.828194 0.233480 0.801762 0.246696 0.810573 0.264317 0.788546 0.290749 0.656388 0.281938 0.660793 0.251101 0.590308 0.251101 0.585903 0.277533 0.563877 0.290749 0.488987 0.264317 0.453745 0.281938 0.436123 0.268722 0.440529 0.237885 0.414097 0.229075 0.440529 0.321586 0.493392 0.348018 0.546256 0.299559 0.599119 0.303965 0.638767 0.330396 0.660793 0.317181 0.709251 0.334802 0.801762 0.330396 0.757709 0.392070 0.709251 0.383260 0.678414 0.409692 0.669604 0.374449 0.656388 0.383260 0.665198 0.405286 0.599119 0.444934 0.585903 0.436123 0.603524 0.400881 0.590308 0.330396 0.590308 0.396476 0.563877 0.414097 0.541850 0.400881 0.568282 0.440529 0.484582 0.449339 0.427313 0.418502 0.458150 0.383260 0.422908 0.387665 0.414097 0.418502 0.348018 0.396476 0.286344 0.356828 0.237885 0.268722 0.057269 0.185022 0.127753 0.118943 0.158590 0.132159 0.140969 0.158590 0.158590 0.171806 0.180617 0.154185 0.207048 0.167401 0.145374 0.088106 0.101322 0.105727 0.066079 0.066079 0.039648 0.061674 0.083700 0.123348 0.044053 0.171806
0 0.475771 0.044053 0.493392 0.061674 0.497797 0.061674 0.502203 0.066079 0.506608 0.066079 0.511013 0.070485 0.524229 0.070485 0.528634 0.074890 0.533040 0.070485 0.533040 0.061674 0.524229 0.052863 0.519824 0.052863 0.515419 0.048458 0.506608 0.048458 0.502203 0.044053 0.497797 0.044053 0.493392 0.039648 0.480176 0.039648
0 0.215859 0.030837 0.207048 0.039648 0.207048 0.044053 0.211454 0.048458 0.211454 0.057269 0.220264 0.066079 0.224670 0.061674 0.229075 0.061674 0.233480 0.066079 0.237885 0.066079 0.242291 0.070485 0.242291 0.079295 0.251101 0.088106 0.264317 0.088106 0.273128 0.079295 0.273128 0.074890 0.277533 0.070485 0.273128 0.066079 0.268722 0.066079 0.264317 0.061674 0.255507 0.061674 0.251101 0.066079 0.246696 0.066079 0.242291 0.070485 0.237885 0.066079 0.233480 0.066079 0.229075 0.061674 0.229075 0.044053
0 0.801762 0.026432 0.801762 0.030837 0.814978 0.044053 0.814978 0.048458 0.823789 0.057269 0.841410 0.057269 0.845815 0.052863 0.850220 0.052863 0.854626 0.048458 0.867841 0.048458 0.872247 0.044053 0.876652 0.044053 0.881057 0.048458 0.885463 0.048458 0.889868 0.052863 0.889868 0.066079 0.876652 0.079295 0.881057 0.083700 0.889868 0.083700 0.894273 0.088106 0.898678 0.088106 0.903084 0.092511 0.911894 0.092511 0.916300 0.096916 0.920705 0.096916 0.925110 0.092511 0.929515 0.092511 0.933921 0.088106 0.929515 0.083700 0.925110 0.083700 0.920705 0.079295 0.916300 0.079295 0.911894 0.074890 0.907489 0.074890 0.903084 0.070485 0.903084 0.061674 0.911894 0.052863 0.911894 0.044053 0.907489 0.039648 0.894273 0.039648 0.889868 0.044053 0.885463 0.044053 0.881057 0.039648 0.876652 0.039648 0.872247 0.035242 0.859031 0.035242 0.854626 0.039648 0.845815 0.039648 0.841410 0.035242 0.837004 0.035242 0.819383 0.017621 0.810573 0.017621
0 0.255507 0.022026 0.255507 0.026432 0.259912 0.030837 0.264317 0.030837 0.268722 0.035242 0.277533 0.035242 0.281938 0.039648 0.286344 0.039648 0.290749 0.044053 0.290749 0.052863 0.295154 0.057269 0.299559 0.057269 0.308370 0.066079 0.312775 0.066079 0.317181 0.070485 0.321586 0.070485 0.325991 0.074890 0.334802 0.074890 0.339207 0.079295 0.343612 0.074890 0.352423 0.074890 0.356828 0.070485 0.361233 0.070485 0.365639 0.074890 0.370044 0.070485 0.365639 0.066079 0.361233 0.070485 0.356828 0.070485 0.352423 0.066079 0.348018 0.066079 0.343612 0.061674 0.339207 0.061674 0.334802 0.057269 0.330396 0.061674 0.325991 0.057269 0.321586 0.057269 0.312775 0.048458 0.312775 0.039648 0.317181 0.035242 0.321586 0.035242 0.325991 0.030837 0.330396 0.035242 0.334802 0.035242 0.339207 0.039648 0.348018 0.030837 0.330396 0.013216 0.325991 0.013216 0.317181 0.022026 0.312775 0.022026 0.303965 0.030837 0.299559 0.030837 0.295154 0.035242 0.290749 0.035242 0.286344 0.030837 0.281938 0.030837 0.277533 0.026432 0.273128 0.026432 0.268722 0.022026 0.264317 0.022026 0.259912 0.017621
0 0.995595 0.008811 0.991189 0.008811 0.986784 0.013216 0.982379 0.013216 0.973568 0.022026 0.973568 0.026432 0.977974 0.030837 0.977974 0.039648 0.973568 0.044053 0.969163 0.044053 0.951542 0.061674 0.951542 0.079295 0.955947 0.079295 0.960352 0.083700 0.964758 0.083700 0.969163 0.088106 0.969163 0.101322 0.955947 0.114537 0.951542 0.114537 0.947137 0.118943 0.938326 0.118943 0.933921 0.123348 0.942731 0.132159 0.947137 0.127753 0.951542 0.127753 0.955947 0.123348 0.964758 0.123348 0.969163 0.127753 0.977974 0.127753 0.982379 0.123348 0.982379 0.105727 0.986784 0.101322 0.991189 0.101322 0.995595 0.096916
0 0.704846 0.000000 0.704846 0.004405 0.709251 0.008811 0.713656 0.008811 0.718062 0.013216 0.718062 0.017621 0.735683 0.035242 0.735683 0.052863 0.731278 0.057269 0.731278 0.066079 0.735683 0.070485 0.740088 0.066079 0.744493 0.066079 0.757709 0.052863 0.757709 0.035242 0.753304 0.030837 0.744493 0.030837 0.740088 0.026432 0.735683 0.026432 0.731278 0.022026 0.731278 0.017621 0.722467 0.008811 0.718062 0.008811 0.713656 0.004405 0.713656 0.000000
0 0.577093 0.000000 0.594714 0.017621 0.594714 0.026432 0.590308 0.030837 0.590308 0.039648 0.599119 0.048458 0.599119 0.061674 0.590308 0.070485 0.585903 0.070485 0.581498 0.074890 0.568282 0.074890 0.563877 0.079295 0.563877 0.088106 0.568282 0.092511 0.572687 0.092511 0.581498 0.101322 0.581498 0.110132 0.603524 0.132159 0.603524 0.136564 0.625551 0.158590 0.625551 0.180617 0.634361 0.189427 0.647577 0.189427 0.651982 0.193833 0.660793 0.193833 0.665198 0.189427 0.665198 0.171806 0.660793 0.167401 0.651982 0.167401 0.647577 0.162996 0.643172 0.162996 0.616740 0.136564 0.616740 0.132159 0.612335 0.127753 0.612335 0.110132 0.625551 0.101322 0.656388 0.101322 0.665198 0.092511 0.669604 0.092511 0.674009 0.088106 0.678414 0.092511 0.691630 0.096916 0.696035 0.092511 0.687225 0.083700 0.687225 0.074890 0.691630 0.070485 0.691630 0.061674 0.700441 0.052863 0.691630 0.044053 0.687225 0.044053 0.674009 0.030837 0.669604 0.030837 0.660793 0.017621 0.656388 0.022026 0.656388 0.026432 0.643172 0.035242 0.638767 0.030837 0.634361 0.035242 0.629956 0.030837 0.625551 0.035242 0.621145 0.035242 0.607930 0.026432 0.607930 0.022026 0.603524 0.017621 0.603524 0.000000
