0 0.850220 0.995595 0.850220 0.973568 0.859031 0.964758 0.859031 0.960352 0.854626 0.955947 0.845815 0.955947 0.837004 0.964758 0.832599 0.964758 0.828194 0.969163 0.823789 0.969163 0.819383 0.964758 0.814978 0.964758 0.810573 0.960352 0.806167 0.960352 0.801762 0.964758 0.806167 0.969163 0.806167 0.973568 0.810573 0.977974 0.814978 0.977974 0.819383 0.973568 0.823789 0.973568 0.828194 0.977974 0.832599 0.977974 0.837004 0.982379 0.837004 0.995595
0 0.568282 0.920705 0.559471 0.929515 0.563877 0.933921 0.563877 0.938326 0.568282 0.942731 0.585903 0.942731 0.590308 0.947137 0.594714 0.947137 0.599119 0.951542 0.599119 0.960352 0.603524 0.964758 0.603524 0.969163 0.612335 0.977974 0.616740 0.977974 0.621145 0.973568 0.621145 0.969163 0.625551 0.964758 0.621145 0.960352 0.621145 0.955947 0.616740 0.951542 0.612335 0.951542 0.607930 0.947137 0.603524 0.947137 0.599119 0.942731 0.599119 0.933921 0.607930 0.925110 0.603524 0.920705 0.594714 0.920705 0.590308 0.925110 0.581498 0.925110 0.577093 0.920705
0 0.246696 0.925110 0.242291 0.920705 0.220264 0.920705 0.211454 0.929515 0.211454 0.933921 0.207048 0.938326 0.207048 0.942731 0.215859 0.951542 0.224670 0.942731 0.229075 0.942731 0.233480 0.938326 0.237885 0.938326 0.246696 0.929515
0 0.361233 0.916300 0.361233 0.925110 0.378855 0.942731 0.383260 0.942731 0.387665 0.938326 0.392070 0.938326 0.396476 0.942731 0.400881 0.942731 0.405286 0.947137 0.405286 0.951542 0.409692 0.955947 0.409692 0.960352 0.414097 0.964758 0.427313 0.964758 0.431718 0.960352 0.436123 0.964758 0.440529 0.960352 0.453745 0.960352 0.458150 0.964758 0.462555 0.960352 0.453745 0.951542 0.449339 0.951542 0.440529 0.942731 0.436123 0.947137 0.431718 0.947137 0.427313 0.942731 0.422908 0.942731 0.418502 0.938326 0.414097 0.938326 0.409692 0.933921 0.405286 0.938326 0.400881 0.933921 0.396476 0.933921 0.383260 0.920705 0.383260 0.916300 0.378855 0.911894 0.365639 0.911894
0 0.149780 0.907489 0.145374 0.903084 0.140969 0.903084 0.136564 0.907489 0.132159 0.907489 0.127753 0.911894 0.123348 0.911894 0.118943 0.907489 0.114537 0.907489 0.110132 0.903084 0.105727 0.903084 0.096916 0.911894 0.096916 0.925110 0.092511 0.929515 0.088106 0.929515 0.079295 0.938326 0.079295 0.942731 0.070485 0.951542 0.066079 0.951542 0.061674 0.955947 0.066079 0.960352 0.074890 0.951542 0.079295 0.951542 0.083700 0.947137 0.088106 0.951542 0.092511 0.947137 0.092511 0.929515 0.096916 0.925110 0.101322 0.925110 0.110132 0.916300 0.114537 0.916300 0.118943 0.911894 0.123348 0.911894 0.127753 0.916300 0.132159 0.916300 0.140969 0.925110 0.145374 0.925110 0.149780 0.920705
0 0.753304 0.881057 0.748899 0.885463 0.748899 0.894273 0.744493 0.898678 0.744493 0.903084 0.748899 0.907489 0.753304 0.903084 0.757709 0.903084 0.762115 0.898678 0.766520 0.903084 0.770925 0.903084 0.775330 0.907489 0.775330 0.911894 0.779736 0.916300 0.784141 0.916300 0.788546 0.911894 0.788546 0.903084 0.784141 0.898678 0.779736 0.898678 0.775330 0.903084 0.770925 0.898678 0.766520 0.898678 0.762115 0.894273 0.762115 0.889868
0 0.511013 0.867841 0.506608 0.867841 0.497797 0.876652 0.497797 0.903084 0.493392 0.907489 0.488987 0.907489 0.484582 0.911894 0.480176 0.911894 0.475771 0.916300 0.475771 0.925110 0.480176 0.929515 0.488987 0.929515 0.493392 0.925110 0.497797 0.925110 0.502203 0.920705 0.506608 0.920705 0.515419 0.911894 0.511013 0.907489 0.511013 0.898678 0.515419 0.894273 0.515419 0.876652 0.511013 0.872247
0 0.022026 0.854626 0.022026 0.867841 0.017621 0.872247 0.017621 0.876652 0.022026 0.881057 0.022026 0.894273 0.017621 0.898678 0.013216 0.898678 0.008811 0.903084 0.004405 0.903084 0.000000 0.907489 0.000000 0.933921 0.004405 0.938326 0.008811 0.938326 0.013216 0.942731 0.017621 0.938326 0.017621 0.933921 0.004405 0.920705 0.004405 0.911894 0.008811 0.907489 0.013216 0.907489 0.017621 0.903084 0.022026 0.903084 0.026432 0.898678 0.030837 0.898678 0.035242 0.894273 0.035242 0.889868 0.044053 0.881057 0.044053 0.867841 0.039648 0.863436 0.035242 0.863436 0.030837 0.859031 0.026432 0.859031
0 0.392070 0.810573 0.387665 0.814978 0.387665 0.819383 0.392070 0.823789 0.392070 0.832599 0.387665 0.837004 0.387665 0.841410 0.383260 0.845815 0.378855 0.845815 0.374449 0.850220 0.365639 0.850220 0.356828 0.859031 0.374449 0.876652 0.374449 0.889868 0.378855 0.894273 0.383260 0.889868 0.387665 0.889868 0.392070 0.885463 0.396476 0.885463 0.400881 0.889868 0.405286 0.889868 0.418502 0.903084 0.427313 0.894273 0.427313 0.889868 0.431718 0.885463 0.431718 0.881057 0.444934 0.867841 0.449339 0.867841 0.453745 0.863436 0.458150 0.863436 0.462555 0.867841 0.466960 0.863436 0.466960 0.845815 0.462555 0.841410 0.462555 0.837004 0.458150 0.832599 0.440529 0.850220 0.440529 0.854626 0.436123 0.859031 0.431718 0.859031 0.418502 0.872247 0.414097 0.872247 0.409692 0.876652 0.405286 0.876652 0.400881 0.881057 0.396476 0.876652 0.392070 0.876652 0.383260 0.867841 0.383260 0.859031 0.387665 0.854626 0.387665 0.845815 0.392070 0.841410 0.396476 0.841410 0.400881 0.837004 0.400881 0.832599 0.405286 0.828194 0.405286 0.823789
0 0.339207 0.775330 0.330396 0.775330 0.325991 0.779736 0.325991 0.784141 0.317181 0.792952 0.317181 0.801762 0.312775 0.806167 0.317181 0.810573 0.325991 0.810573 0.334802 0.801762 0.334802 0.797357 0.343612 0.788546 0.343612 0.779736
0 0.431718 0.766520 0.427313 0.770925 0.427313 0.784141 0.422908 0.788546 0.427313 0.792952 0.427313 0.797357 0.431718 0.801762 0.440529 0.801762 0.449339 0.792952 0.444934 0.788546 0.444934 0.775330 0.436123 0.766520
0 0.110132 0.753304 0.101322 0.762115 0.101322 0.766520 0.096916 0.770925 0.096916 0.775330 0.105727 0.784141 0.110132 0.784141 0.118943 0.792952 0.118943 0.806167 0.123348 0.806167 0.127753 0.801762 0.132159 0.806167 0.136564 0.801762 0.140969 0.806167 0.149780 0.806167 0.154185 0.801762 0.149780 0.797357 0.149780 0.788546 0.145374 0.784141 0.140969 0.788546 0.127753 0.788546 0.123348 0.784141 0.118943 0.784141 0.114537 0.779736 0.114537 0.757709
0 0.000000 0.735683 0.000000 0.748899 0.004405 0.748899 0.008811 0.753304 0.013216 0.753304 0.017621 0.757709 0.017621 0.762115 0.030837 0.775330 0.030837 0.784141 0.017621 0.797357 0.017621 0.801762 0.022026 0.806167 0.022026 0.810573 0.026432 0.814978 0.030837 0.810573 0.035242 0.810573 0.044053 0.801762 0.044053 0.797357 0.035242 0.788546 0.035242 0.779736 0.044053 0.770925 0.044053 0.766520 0.013216 0.735683
0 0.629956 0.625551 0.629956 0.634361 0.634361 0.638767 0.638767 0.634361 0.651982 0.634361 0.656388 0.638767 0.660793 0.638767 0.669604 0.647577 0.687225 0.647577 0.691630 0.651982 0.700441 0.651982 0.704846 0.647577 0.704846 0.643172 0.691630 0.629956 0.669604 0.629956 0.665198 0.634361 0.660793 0.629956 0.656388 0.629956 0.647577 0.621145 0.634361 0.621145
0 0.916300 0.533040 0.907489 0.541850 0.907489 0.555066 0.911894 0.559471 0.911894 0.563877 0.916300 0.568282 0.916300 0.577093 0.907489 0.585903 0.916300 0.594714 0.920705 0.594714 0.929515 0.585903 0.929515 0.559471 0.925110 0.555066 0.925110 0.550661 0.920705 0.546256 0.920705 0.537445
0 0.955947 0.524229 0.951542 0.528634 0.951542 0.537445 0.955947 0.541850 0.969163 0.541850 0.973568 0.537445 0.982379 0.537445 0.986784 0.541850 0.991189 0.541850 0.995595 0.546256 0.995595 0.559471 0.986784 0.568282 0.991189 0.572687 0.995595 0.572687 0.995595 0.533040 0.991189 0.528634 0.986784 0.533040 0.982379 0.533040 0.977974 0.537445 0.973568 0.533040 0.969163 0.533040 0.964758 0.528634 0.960352 0.528634
0 0.859031 0.502203 0.850220 0.511013 0.850220 0.519824 0.845815 0.524229 0.845815 0.533040 0.850220 0.537445 0.850220 0.546256 0.863436 0.559471 0.872247 0.550661 0.872247 0.537445 0.867841 0.533040 0.867841 0.515419 0.872247 0.511013 0.863436 0.502203
0 0.977974 0.466960 0.969163 0.458150 0.955947 0.458150 0.951542 0.462555 0.942731 0.462555 0.933921 0.471366 0.929515 0.471366 0.925110 0.475771 0.920705 0.471366 0.916300 0.475771 0.911894 0.475771 0.907489 0.480176 0.894273 0.480176 0.889868 0.484582 0.894273 0.488987 0.894273 0.493392 0.898678 0.497797 0.903084 0.497797 0.916300 0.484582 0.920705 0.484582 0.925110 0.480176 0.929515 0.480176 0.933921 0.475771 0.938326 0.480176 0.942731 0.480176 0.947137 0.484582 0.964758 0.484582 0.969163 0.480176 0.973568 0.480176 0.977974 0.475771
0 0.753304 0.458150 0.748899 0.462555 0.748899 0.471366 0.744493 0.475771 0.744493 0.484582 0.740088 0.488987 0.740088 0.502203 0.753304 0.515419 0.762115 0.506608 0.762115 0.502203 0.757709 0.497797 0.757709 0.484582 0.762115 0.480176 0.762115 0.466960
0 0.444934 0.422908 0.444934 0.427313 0.449339 0.431718 0.449339 0.436123 0.453745 0.440529 0.453745 0.444934 0.458150 0.449339 0.458150 0.458150 0.453745 0.462555 0.453745 0.471366 0.458150 0.475771 0.462555 0.475771 0.475771 0.488987 0.480176 0.488987 0.484582 0.493392 0.484582 0.497797 0.488987 0.502203 0.488987 0.506608 0.493392 0.511013 0.497797 0.511013 0.502203 0.515419 0.506608 0.515419 0.511013 0.519824 0.515419 0.515419 0.519824 0.515419 0.524229 0.519824 0.528634 0.515419 0.528634 0.511013 0.524229 0.506608 0.515419 0.506608 0.511013 0.502203 0.506608 0.502203 0.502203 0.497797 0.493392 0.497797 0.488987 0.493392 0.484582 0.493392 0.480176 0.488987 0.480176 0.484582 0.471366 0.475771 0.471366 0.466960 0.475771 0.462555 0.471366 0.458150 0.471366 0.444934 0.466960 0.440529 0.466960 0.431718 0.458150 0.422908 0.453745 0.427313 0.449339 0.422908
0 0.555066 0.418502 0.550661 0.418502 0.541850 0.427313 0.546256 0.431718 0.546256 0.440529 0.559471 0.453745 0.559471 0.462555 0.555066 0.466960 0.550661 0.466960 0.546256 0.471366 0.541850 0.466960 0.537445 0.466960 0.515419 0.444934 0.506608 0.444934 0.502203 0.449339 0.506608 0.453745 0.506608 0.462555 0.511013 0.466960 0.511013 0.471366 0.524229 0.484582 0.537445 0.484582 0.541850 0.480176 0.546256 0.480176 0.550661 0.475771 0.555066 0.480176 0.559471 0.480176 0.568282 0.471366 0.568282 0.436123 0.563877 0.431718 0.563877 0.427313
0 0.000000 0.396476 0.000000 0.453745 0.022026 0.475771 0.000000 0.511013 0.026432 0.511013 0.061674 0.559471 0.039648 0.599119 0.074890 0.616740 0.061674 0.590308 0.079295 0.577093 0.110132 0.599119 0.145374 0.585903 0.171806 0.612335 0.136564 0.625551 0.207048 0.682819 0.176211 0.616740 0.264317 0.616740 0.387665 0.691630 0.493392 0.700441 0.599119 0.762115 0.669604 0.753304 0.678414 0.779736 0.634361 0.784141 0.665198 0.797357 0.638767 0.837004 0.700441 0.885463 0.718062 0.881057 0.709251 0.845815 0.740088 0.837004 0.700441 0.784141 0.775330 0.762115 0.788546 0.784141 0.757709 0.801762 0.753304 0.854626 0.775330 0.850220 0.775330 0.801762 0.797357 0.797357 0.832599 0.863436 0.925110 0.929515 0.898678 0.960352 0.995595 0.995595 0.947137 0.964758 0.938326 0.894273 0.814978 0.810573 0.841410 0.775330 0.929515 0.788546 0.960352 0.748899 0.995595 0.757709 0.977974 0.718062 0.995595 0.674009 0.969163 0.682819 0.938326 0.656388 0.907489 0.691630 0.801762 0.656388 0.872247 0.612335 0.876652 0.585903 0.845815 0.616740 0.784141 0.621145 0.704846 0.572687 0.744493 0.555066 0.696035 0.537445 0.665198 0.493392 0.638767 0.488987 0.643172 0.511013 0.612335 0.528634 0.563877 0.502203 0.563877 0.546256 0.488987 0.541850 0.308370 0.436123 0.281938 0.458150 0.321586 0.462555 0.312775 0.497797 0.361233 0.480176 0.370044 0.519824 0.427313 0.506608 0.471366 0.541850 0.453745 0.599119 0.497797 0.550661 0.647577 0.563877 0.731278 0.594714 0.753304 0.638767 0.788546 0.634361 0.784141 0.660793 0.850220 0.704846 0.863436 0.753304 0.863436 0.731278 0.894273 0.718062 0.938326 0.735683 0.859031 0.775330 0.779736 0.740088 0.713656 0.748899 0.665198 0.718062 0.603524 0.748899 0.533040 0.722467 0.524229 0.678414 0.471366 0.696035 0.462555 0.665198 0.427313 0.678414 0.392070 0.638767 0.378855 0.674009 0.330396 0.616740 0.211454 0.607930 0.162996 0.585903 0.154185 0.555066 0.118943 0.572687 0.039648 0.511013
0 0.607930 0.400881 0.607930 0.405286 0.612335 0.409692 0.616740 0.409692 0.634361 0.427313 0.647577 0.427313 0.651982 0.422908 0.643172 0.414097 0.638767 0.414097 0.634361 0.409692 0.629956 0.409692 0.621145 0.400881 0.621145 0.396476 0.616740 0.392070
0 0.405286 0.387665 0.409692 0.392070 0.414097 0.392070 0.418502 0.396476 0.422908 0.396476 0.436123 0.409692 0.440529 0.409692 0.440529 0.396476 0.436123 0.392070 0.436123 0.387665 0.427313 0.378855 0.414097 0.378855
0 0.651982 0.356828 0.647577 0.361233 0.647577 0.365639 0.643172 0.370044 0.643172 0.374449 0.651982 0.383260 0.665198 0.383260 0.674009 0.374449 0.674009 0.370044 0.669604 0.365639 0.665198 0.365639 0.660793 0.361233 0.656388 0.361233
0 0.810573 0.374449 0.806167 0.370044 0.801762 0.370044 0.792952 0.378855 0.788546 0.378855 0.784141 0.383260 0.779736 0.378855 0.775330 0.378855 0.770925 0.374449 0.770925 0.365639 0.775330 0.361233 0.775330 0.356828 0.779736 0.352423 0.779736 0.334802 0.775330 0.330396 0.770925 0.330396 0.766520 0.325991 0.748899 0.325991 0.740088 0.334802 0.740088 0.339207 0.735683 0.343612 0.735683 0.370044 0.744493 0.378855 0.748899 0.378855 0.753304 0.383260 0.753304 0.396476 0.744493 0.405286 0.740088 0.405286 0.735683 0.409692 0.731278 0.405286 0.726872 0.405286 0.718062 0.396476 0.700441 0.396476 0.696035 0.400881 0.696035 0.405286 0.700441 0.409692 0.726872 0.409692 0.731278 0.414097 0.735683 0.409692 0.740088 0.409692 0.744493 0.405286 0.748899 0.409692 0.770925 0.409692 0.779736 0.400881 0.784141 0.400881 0.788546 0.396476 0.797357 0.396476 0.806167 0.387665 0.806167 0.383260 0.810573 0.378855
0 0.528634 0.308370 0.524229 0.308370 0.519824 0.312775 0.519824 0.317181 0.515419 0.321586 0.519824 0.325991 0.519824 0.370044 0.524229 0.374449 0.524229 0.387665 0.515419 0.396476 0.511013 0.396476 0.506608 0.400881 0.502203 0.400881 0.497797 0.405286 0.497797 0.409692 0.502203 0.414097 0.506608 0.414097 0.511013 0.409692 0.515419 0.409692 0.519824 0.405286 0.524229 0.405286 0.537445 0.392070 0.537445 0.374449 0.541850 0.370044 0.541850 0.365639 0.537445 0.361233 0.537445 0.325991 0.541850 0.321586
0 0.431718 0.308370 0.422908 0.317181 0.427313 0.321586 0.427313 0.330396 0.431718 0.334802 0.431718 0.339207 0.436123 0.343612 0.440529 0.343612 0.458150 0.361233 0.462555 0.356828 0.462555 0.352423 0.458150 0.348018 0.458150 0.343612 0.449339 0.334802 0.444934 0.334802 0.440529 0.330396 0.440529 0.321586 0.444934 0.317181 0.436123 0.308370
0 0.629956 0.317181 0.616740 0.303965 0.612335 0.303965 0.603524 0.312775 0.599119 0.312775 0.594714 0.317181 0.590308 0.312775 0.577093 0.325991 0.577093 0.334802 0.581498 0.339207 0.585903 0.339207 0.594714 0.330396 0.599119 0.330396 0.603524 0.325991 0.625551 0.325991 0.629956 0.321586
0 0.973568 0.295154 0.964758 0.286344 0.960352 0.286344 0.951542 0.295154 0.955947 0.299559 0.955947 0.308370 0.947137 0.317181 0.942731 0.317181 0.938326 0.321586 0.925110 0.321586 0.920705 0.317181 0.916300 0.317181 0.911894 0.321586 0.920705 0.330396 0.925110 0.325991 0.929515 0.330396 0.933921 0.330396 0.938326 0.334802 0.947137 0.334802 0.951542 0.330396 0.951542 0.312775 0.955947 0.308370 0.960352 0.308370 0.964758 0.303965 0.969163 0.303965 0.973568 0.299559
0 0.383260 0.255507 0.383260 0.264317 0.387665 0.268722 0.431718 0.268722 0.440529 0.259912 0.444934 0.259912 0.440529 0.259912 0.436123 0.255507 0.431718 0.259912 0.427313 0.259912 0.422908 0.255507 0.405286 0.255507 0.400881 0.251101 0.387665 0.251101
0 0.629956 0.233480 0.621145 0.242291 0.621145 0.255507 0.625551 0.259912 0.625551 0.268722 0.638767 0.281938 0.643172 0.281938 0.647577 0.277533 0.647577 0.273128 0.643172 0.268722 0.643172 0.242291 0.647577 0.237885 0.643172 0.233480
0 0.806167 0.215859 0.797357 0.224670 0.806167 0.233480 0.810573 0.233480 0.814978 0.237885 0.814978 0.242291 0.828194 0.255507 0.828194 0.273128 0.841410 0.286344 0.841410 0.299559 0.832599 0.308370 0.832599 0.325991 0.837004 0.330396 0.837004 0.339207 0.832599 0.343612 0.828194 0.343612 0.823789 0.348018 0.823789 0.356828 0.828194 0.361233 0.832599 0.361233 0.841410 0.352423 0.841410 0.348018 0.837004 0.343612 0.837004 0.330396 0.841410 0.325991 0.845815 0.325991 0.863436 0.308370 0.854626 0.299559 0.850220 0.299559 0.845815 0.295154 0.845815 0.281938 0.850220 0.277533 0.850220 0.268722 0.841410 0.259912 0.841410 0.251101 0.832599 0.242291 0.832599 0.237885 0.819383 0.224670 0.819383 0.220264 0.814978 0.215859
0 0.964758 0.202643 0.951542 0.215859 0.951542 0.224670 0.955947 0.229075 0.955947 0.251101 0.951542 0.255507 0.947137 0.255507 0.938326 0.264317 0.942731 0.268722 0.947137 0.268722 0.951542 0.273128 0.955947 0.273128 0.955947 0.268722 0.960352 0.264317 0.960352 0.259912 0.964758 0.255507 0.969163 0.255507 0.977974 0.246696 0.977974 0.237885 0.973568 0.233480 0.973568 0.229075 0.969163 0.224670 0.969163 0.207048
0 0.273128 0.215859 0.277533 0.220264 0.277533 0.224670 0.281938 0.229075 0.281938 0.233480 0.286344 0.237885 0.290749 0.237885 0.295154 0.242291 0.299559 0.242291 0.299559 0.237885 0.303965 0.233480 0.303965 0.224670 0.308370 0.220264 0.308370 0.215859 0.317181 0.207048 0.321586 0.207048 0.325991 0.202643 0.330396 0.207048 0.334802 0.207048 0.339207 0.211454 0.343612 0.207048 0.348018 0.211454 0.352423 0.211454 0.356828 0.215859 0.361233 0.211454 0.352423 0.202643 0.348018 0.202643 0.343612 0.198238 0.339207 0.198238 0.334802 0.193833 0.325991 0.193833 0.321586 0.189427 0.308370 0.189427 0.303965 0.193833 0.303965 0.207048 0.299559 0.211454 0.295154 0.211454 0.290749 0.215859 0.286344 0.215859 0.281938 0.211454 0.277533 0.211454
0 0.211454 0.189427 0.202643 0.180617 0.193833 0.180617 0.185022 0.189427 0.180617 0.189427 0.176211 0.193833 0.167401 0.193833 0.158590 0.202643 0.158590 0.207048 0.162996 0.211454 0.171806 0.202643 0.176211 0.202643 0.180617 0.198238 0.185022 0.198238 0.189427 0.193833 0.207048 0.193833
0 0.713656 0.171806 0.709251 0.167401 0.704846 0.171806 0.687225 0.171806 0.682819 0.176211 0.682819 0.185022 0.691630 0.193833 0.696035 0.189427 0.704846 0.189427 0.713656 0.180617
0 0.599119 0.158590 0.594714 0.162996 0.594714 0.167401 0.599119 0.171806 0.599119 0.176211 0.607930 0.185022 0.607930 0.189427 0.612335 0.193833 0.616740 0.193833 0.621145 0.198238 0.634361 0.185022 0.634361 0.180617 0.625551 0.171806 0.621145 0.171806 0.607930 0.158590
0 0.458150 0.158590 0.444934 0.158590 0.440529 0.162996 0.440529 0.167401 0.436123 0.171806 0.436123 0.176211 0.431718 0.180617 0.431718 0.189427 0.422908 0.198238 0.422908 0.202643 0.418502 0.207048 0.422908 0.211454 0.422908 0.220264 0.427313 0.224670 0.440529 0.224670 0.444934 0.220264 0.444934 0.211454 0.440529 0.207048 0.440529 0.202643 0.436123 0.198238 0.436123 0.189427 0.444934 0.180617 0.444934 0.176211 0.449339 0.171806 0.453745 0.171806 0.462555 0.162996
0 0.352423 0.149780 0.352423 0.162996 0.356828 0.167401 0.356828 0.171806 0.365639 0.180617 0.374449 0.171806 0.378855 0.171806 0.383260 0.167401 0.392070 0.167401 0.396476 0.162996 0.387665 0.154185 0.383260 0.154185 0.378855 0.149780 0.374449 0.149780 0.365639 0.140969 0.361233 0.140969
0 0.788546 0.118943 0.779736 0.127753 0.779736 0.145374 0.788546 0.154185 0.797357 0.154185 0.806167 0.145374 0.806167 0.132159 0.792952 0.118943
0 0.035242 0.132159 0.044053 0.140969 0.044053 0.149780 0.035242 0.158590 0.048458 0.171806 0.066079 0.180617 0.088106 0.171806 0.110132 0.189427 0.110132 0.220264 0.096916 0.229075 0.083700 0.229075 0.070485 0.220264 0.061674 0.224670 0.066079 0.233480 0.088106 0.246696 0.083700 0.259912 0.052863 0.264317 0.026432 0.251101 0.022026 0.268722 0.000000 0.277533 0.000000 0.312775 0.030837 0.339207 0.035242 0.334802 0.039648 0.339207 0.048458 0.330396 0.048458 0.317181 0.066079 0.303965 0.110132 0.334802 0.136564 0.321586 0.167401 0.321586 0.171806 0.317181 0.229075 0.321586 0.268722 0.339207 0.268722 0.365639 0.277533 0.383260 0.299559 0.392070 0.325991 0.383260 0.343612 0.396476 0.356828 0.400881 0.365639 0.396476 0.361233 0.383260 0.348018 0.370044 0.348018 0.356828 0.356828 0.343612 0.321586 0.334802 0.312775 0.312775 0.295154 0.321586 0.264317 0.295154 0.268722 0.281938 0.299559 0.264317 0.303965 0.268722 0.312775 0.259912 0.308370 0.251101 0.286344 0.268722 0.264317 0.259912 0.259912 0.273128 0.237885 0.286344 0.224670 0.277533 0.224670 0.251101 0.220264 0.246696 0.198238 0.259912 0.180617 0.259912 0.162996 0.242291 0.154185 0.259912 0.145374 0.264317 0.132159 0.259912 0.105727 0.242291 0.105727 0.224670 0.136564 0.211454 0.118943 0.193833 0.118943 0.167401 0.110132 0.158590 0.101322 0.158590 0.079295 0.176211 0.048458 0.158590 0.048458 0.149780 0.061674 0.136564 0.048458 0.118943
0 0.859031 0.105727 0.859031 0.110132 0.863436 0.114537 0.872247 0.114537 0.876652 0.110132 0.881057 0.114537 0.885463 0.114537 0.889868 0.118943 0.903084 0.118943 0.907489 0.114537 0.907489 0.110132 0.903084 0.105727 0.881057 0.105727 0.876652 0.101322 0.863436 0.101322
0 0.440529 0.096916 0.440529 0.105727 0.444934 0.110132 0.449339 0.105727 0.458150 0.105727 0.462555 0.110132 0.480176 0.110132 0.484582 0.105727 0.484582 0.101322 0.475771 0.092511 0.449339 0.092511 0.444934 0.096916
0 0.000000 0.083700 0.004405 0.088106 0.008811 0.088106 0.013216 0.092511 0.030837 0.092511 0.035242 0.088106 0.035242 0.083700 0.022026 0.070485 0.017621 0.070485 0.008811 0.079295 0.004405 0.079295
0 0.136564 0.030837 0.127753 0.039648 0.127753 0.048458 0.132159 0.052863 0.145374 0.052863 0.149780 0.057269 0.154185 0.057269 0.167401 0.070485 0.167401 0.074890 0.171806 0.079295 0.171806 0.083700 0.180617 0.092511 0.180617 0.105727 0.171806 0.114537 0.167401 0.114537 0.149780 0.132159 0.149780 0.140969 0.145374 0.145374 0.145374 0.149780 0.154185 0.158590 0.158590 0.154185 0.162996 0.158590 0.171806 0.149780 0.171806 0.145374 0.176211 0.140969 0.176211 0.127753 0.193833 0.110132 0.193833 0.101322 0.185022 0.092511 0.185022 0.074890 0.167401 0.057269 0.167401 0.048458 0.162996 0.044053 0.162996 0.039648 0.158590 0.035242 0.145374 0.035242 0.140969 0.030837
0 0.387665 0.035242 0.392070 0.039648 0.396476 0.039648 0.400881 0.035242 0.405286 0.035242 0.409692 0.030837 0.414097 0.035242 0.418502 0.030837 0.422908 0.030837 0.427313 0.026432 0.431718 0.026432 0.436123 0.022026 0.427313 0.013216 0.405286 0.013216 0.400881 0.017621 0.396476 0.017621 0.387665 0.026432
0 0.533040 0.000000 0.515419 0.000000 0.515419 0.013216 0.511013 0.017621 0.511013 0.022026 0.497797 0.035242 0.506608 0.044053 0.511013 0.044053 0.515419 0.048458 0.524229 0.039648 0.524229 0.030837 0.528634 0.026432 0.528634 0.017621 0.533040 0.013216
0 0.339207 0.000000 0.325991 0.000000 0.325991 0.008811 0.308370 0.026432 0.303965 0.026432 0.299559 0.030837 0.295154 0.030837 0.290749 0.026432 0.286344 0.026432 0.277533 0.017621 0.273128 0.017621 0.268722 0.022026 0.273128 0.026432 0.277533 0.026432 0.290749 0.039648 0.290749 0.044053 0.299559 0.052863 0.303965 0.052863 0.308370 0.048458 0.308370 0.035242 0.317181 0.026432 0.321586 0.026432 0.325991 0.022026 0.325991 0.017621 0.339207 0.004405
