0 0.995595 0.942731 0.982379 0.942731 0.964758 0.960352 0.964758 0.973568 0.960352 0.977974 0.955947 0.977974 0.951542 0.982379 0.947137 0.982379 0.942731 0.986784 0.942731 0.995595 0.964758 0.995595 0.964758 0.982379 0.986784 0.960352 0.991189 0.960352 0.995595 0.955947
0 0.466960 0.920705 0.462555 0.920705 0.453745 0.929515 0.453745 0.933921 0.449339 0.938326 0.449339 0.942731 0.440529 0.951542 0.436123 0.951542 0.431718 0.955947 0.440529 0.964758 0.444934 0.964758 0.466960 0.942731 0.466960 0.938326 0.475771 0.929515
0 0.057269 0.907489 0.044053 0.920705 0.044053 0.925110 0.039648 0.929515 0.039648 0.964758 0.044053 0.969163 0.044053 0.973568 0.048458 0.977974 0.052863 0.977974 0.061674 0.969163 0.061674 0.955947 0.066079 0.951542 0.070485 0.951542 0.074890 0.947137 0.079295 0.947137 0.083700 0.942731 0.088106 0.942731 0.092511 0.947137 0.096916 0.947137 0.101322 0.951542 0.101322 0.960352 0.096916 0.964758 0.096916 0.973568 0.088106 0.982379 0.083700 0.982379 0.079295 0.986784 0.079295 0.995595 0.101322 0.995595 0.101322 0.986784 0.105727 0.982379 0.110132 0.982379 0.114537 0.977974 0.114537 0.973568 0.123348 0.964758 0.123348 0.960352 0.118943 0.955947 0.118943 0.933921 0.123348 0.929515 0.123348 0.911894 0.118943 0.907489 0.114537 0.907489 0.105727 0.916300 0.105727 0.925110 0.101322 0.929515 0.096916 0.929515 0.092511 0.933921 0.088106 0.929515 0.083700 0.929515 0.066079 0.911894 0.061674 0.911894
0 0.872247 0.907489 0.885463 0.920705 0.885463 0.929515 0.889868 0.933921 0.889868 0.938326 0.898678 0.947137 0.907489 0.947137 0.911894 0.942731 0.911894 0.925110 0.898678 0.911894 0.898678 0.907489 0.894273 0.903084 0.881057 0.903084 0.876652 0.907489
0 0.594714 0.903084 0.590308 0.907489 0.590308 0.911894 0.585903 0.916300 0.590308 0.920705 0.590308 0.925110 0.594714 0.929515 0.599119 0.929515 0.603524 0.933921 0.607930 0.933921 0.612335 0.938326 0.612335 0.947137 0.607930 0.951542 0.607930 0.955947 0.603524 0.960352 0.603524 0.977974 0.607930 0.982379 0.607930 0.995595 0.621145 0.995595 0.621145 0.969163 0.625551 0.964758 0.625551 0.955947 0.629956 0.951542 0.625551 0.947137 0.625551 0.942731 0.621145 0.942731 0.616740 0.938326 0.612335 0.938326 0.607930 0.933921 0.607930 0.925110 0.612335 0.920705 0.607930 0.916300 0.607930 0.911894 0.603524 0.907489 0.599119 0.907489
0 0.713656 0.898678 0.704846 0.898678 0.700441 0.903084 0.700441 0.929515 0.696035 0.933921 0.696035 0.938326 0.700441 0.942731 0.704846 0.942731 0.709251 0.947137 0.718062 0.938326 0.718062 0.933921 0.722467 0.929515 0.722467 0.925110 0.718062 0.920705 0.718062 0.903084
0 0.647577 0.898678 0.643172 0.903084 0.643172 0.907489 0.638767 0.911894 0.638767 0.929515 0.643172 0.933921 0.651982 0.933921 0.656388 0.929515 0.656388 0.907489
0 0.176211 0.894273 0.171806 0.898678 0.171806 0.903084 0.158590 0.916300 0.158590 0.920705 0.154185 0.925110 0.154185 0.933921 0.162996 0.942731 0.167401 0.942731 0.185022 0.960352 0.189427 0.960352 0.198238 0.969163 0.202643 0.964758 0.198238 0.960352 0.198238 0.955947 0.185022 0.942731 0.180617 0.942731 0.176211 0.938326 0.176211 0.925110 0.180617 0.920705 0.180617 0.916300 0.189427 0.907489 0.189427 0.898678 0.185022 0.894273
0 0.841410 0.885463 0.832599 0.894273 0.832599 0.898678 0.828194 0.903084 0.828194 0.907489 0.823789 0.911894 0.823789 0.916300 0.828194 0.920705 0.828194 0.938326 0.823789 0.942731 0.823789 0.951542 0.819383 0.955947 0.819383 0.960352 0.823789 0.964758 0.823789 0.973568 0.828194 0.977974 0.837004 0.969163 0.837004 0.947137 0.841410 0.942731 0.841410 0.933921 0.845815 0.929515 0.845815 0.916300 0.854626 0.907489 0.859031 0.907489 0.854626 0.903084 0.854626 0.898678
0 0.343612 0.881057 0.339207 0.885463 0.339207 0.889868 0.343612 0.894273 0.352423 0.894273 0.361233 0.885463 0.365639 0.885463 0.370044 0.881057 0.374449 0.885463 0.383260 0.885463 0.387665 0.889868 0.392070 0.889868 0.396476 0.894273 0.396476 0.916300 0.392070 0.920705 0.392070 0.925110 0.396476 0.929515 0.396476 0.942731 0.392070 0.947137 0.396476 0.951542 0.400881 0.947137 0.396476 0.942731 0.396476 0.929515 0.400881 0.925110 0.405286 0.925110 0.414097 0.916300 0.414097 0.903084 0.400881 0.889868 0.400881 0.881057 0.392070 0.872247 0.387665 0.872247 0.383260 0.876652 0.374449 0.876652 0.370044 0.881057 0.365639 0.881057 0.361233 0.885463 0.352423 0.885463 0.348018 0.881057
0 0.220264 0.867841 0.215859 0.872247 0.211454 0.872247 0.207048 0.876652 0.207048 0.881057 0.211454 0.885463 0.220264 0.885463 0.224670 0.881057 0.229075 0.885463 0.233480 0.885463 0.237885 0.889868 0.242291 0.889868 0.246696 0.894273 0.246696 0.903084 0.242291 0.907489 0.242291 0.938326 0.246696 0.942731 0.255507 0.933921 0.255507 0.929515 0.264317 0.920705 0.264317 0.911894 0.259912 0.907489 0.255507 0.907489 0.246696 0.898678 0.246696 0.889868 0.251101 0.885463 0.251101 0.881057 0.255507 0.876652 0.255507 0.872247 0.251101 0.867841
0 0.515419 0.850220 0.511013 0.854626 0.506608 0.854626 0.502203 0.859031 0.506608 0.863436 0.506608 0.876652 0.511013 0.881057 0.511013 0.903084 0.506608 0.907489 0.506608 0.951542 0.519824 0.964758 0.533040 0.951542 0.537445 0.951542 0.541850 0.947137 0.546256 0.951542 0.550661 0.951542 0.555066 0.955947 0.555066 0.969163 0.563877 0.977974 0.568282 0.973568 0.568282 0.969163 0.572687 0.964758 0.563877 0.955947 0.559471 0.955947 0.555066 0.951542 0.555066 0.942731 0.559471 0.938326 0.555066 0.933921 0.550661 0.933921 0.546256 0.929515 0.541850 0.929515 0.537445 0.925110 0.537445 0.911894 0.541850 0.907489 0.541850 0.903084 0.550661 0.894273 0.550661 0.876652 0.528634 0.854626 0.524229 0.854626 0.519824 0.850220
0 0.057269 0.872247 0.061674 0.872247 0.070485 0.881057 0.070485 0.885463 0.074890 0.889868 0.079295 0.889868 0.083700 0.885463 0.083700 0.881057 0.088106 0.876652 0.088106 0.872247 0.092511 0.867841 0.096916 0.867841 0.101322 0.863436 0.105727 0.863436 0.110132 0.867841 0.118943 0.867841 0.123348 0.863436 0.123348 0.854626 0.118943 0.850220 0.079295 0.850220 0.074890 0.854626 0.070485 0.854626 0.066079 0.859031 0.066079 0.863436 0.061674 0.867841 0.057269 0.867841
0 0.925110 0.845815 0.920705 0.850220 0.916300 0.850220 0.903084 0.863436 0.903084 0.876652 0.907489 0.881057 0.916300 0.881057 0.925110 0.872247 0.925110 0.863436 0.933921 0.854626
0 0.819383 0.832599 0.810573 0.823789 0.806167 0.828194 0.801762 0.828194 0.797357 0.832599 0.784141 0.832599 0.779736 0.837004 0.779736 0.845815 0.775330 0.850220 0.775330 0.854626 0.779736 0.859031 0.792952 0.845815 0.797357 0.845815 0.801762 0.841410 0.810573 0.841410 0.814978 0.837004 0.819383 0.837004
0 0.819383 0.788546 0.814978 0.792952 0.814978 0.806167 0.819383 0.810573 0.823789 0.806167 0.828194 0.806167 0.832599 0.801762 0.837004 0.806167 0.841410 0.806167 0.850220 0.814978 0.850220 0.832599 0.845815 0.837004 0.841410 0.837004 0.837004 0.841410 0.837004 0.850220 0.841410 0.854626 0.841410 0.859031 0.845815 0.863436 0.850220 0.859031 0.854626 0.863436 0.859031 0.859031 0.859031 0.828194 0.863436 0.823789 0.863436 0.814978 0.850220 0.801762 0.845815 0.806167 0.841410 0.801762 0.837004 0.801762 0.823789 0.788546
0 0.057269 0.792952 0.057269 0.797357 0.061674 0.801762 0.066079 0.797357 0.070485 0.801762 0.114537 0.801762 0.118943 0.797357 0.118943 0.788546 0.114537 0.784141 0.083700 0.784141 0.079295 0.779736 0.074890 0.784141 0.070485 0.779736
0 0.788546 0.775330 0.775330 0.775330 0.766520 0.784141 0.762115 0.784141 0.757709 0.788546 0.753304 0.788546 0.748899 0.792952 0.744493 0.792952 0.740088 0.797357 0.740088 0.801762 0.731278 0.810573 0.731278 0.819383 0.735683 0.823789 0.735683 0.832599 0.731278 0.837004 0.731278 0.841410 0.735683 0.841410 0.740088 0.845815 0.744493 0.841410 0.744493 0.823789 0.753304 0.814978 0.757709 0.814978 0.762115 0.810573 0.762115 0.801762 0.766520 0.797357 0.770925 0.797357 0.775330 0.792952 0.784141 0.792952 0.792952 0.784141 0.792952 0.779736
0 0.925110 0.748899 0.920705 0.748899 0.916300 0.753304 0.916300 0.762115 0.907489 0.770925 0.907489 0.775330 0.898678 0.784141 0.903084 0.788546 0.907489 0.788546 0.911894 0.792952 0.916300 0.792952 0.920705 0.788546 0.920705 0.775330 0.925110 0.770925 0.925110 0.762115 0.929515 0.757709 0.929515 0.753304
0 0.691630 0.744493 0.687225 0.740088 0.682819 0.740088 0.678414 0.744493 0.674009 0.744493 0.669604 0.748899 0.665198 0.748899 0.660793 0.744493 0.656388 0.744493 0.651982 0.740088 0.651982 0.735683 0.647577 0.731278 0.643172 0.731278 0.638767 0.735683 0.634361 0.735683 0.629956 0.740088 0.625551 0.735683 0.607930 0.735683 0.590308 0.753304 0.585903 0.753304 0.581498 0.757709 0.581498 0.770925 0.590308 0.779736 0.594714 0.775330 0.594714 0.770925 0.603524 0.762115 0.607930 0.762115 0.612335 0.757709 0.621145 0.757709 0.625551 0.753304 0.629956 0.753304 0.634361 0.748899 0.643172 0.748899 0.647577 0.753304 0.651982 0.753304 0.656388 0.757709 0.660793 0.757709 0.665198 0.762115 0.665198 0.775330 0.669604 0.775330 0.674009 0.770925 0.674009 0.757709 0.678414 0.753304 0.682819 0.753304
0 0.026432 0.718062 0.017621 0.726872 0.017621 0.740088 0.022026 0.744493 0.022026 0.748899 0.026432 0.753304 0.030837 0.748899 0.035242 0.748899 0.039648 0.744493 0.044053 0.744493 0.048458 0.740088 0.048458 0.731278 0.039648 0.722467 0.030837 0.722467
0 0.118943 0.709251 0.118943 0.722467 0.123348 0.726872 0.123348 0.753304 0.118943 0.757709 0.123348 0.762115 0.127753 0.757709 0.136564 0.757709 0.140969 0.762115 0.149780 0.762115 0.162996 0.770925 0.171806 0.770925 0.193833 0.784141 0.207048 0.784141 0.220264 0.775330 0.224670 0.775330 0.237885 0.784141 0.242291 0.779736 0.246696 0.784141 0.251101 0.784141 0.259912 0.792952 0.259912 0.797357 0.264317 0.801762 0.264317 0.810573 0.259912 0.814978 0.259912 0.823789 0.273128 0.837004 0.281938 0.837004 0.286344 0.832599 0.295154 0.832599 0.299559 0.837004 0.303965 0.837004 0.308370 0.841410 0.308370 0.850220 0.317181 0.859031 0.321586 0.854626 0.321586 0.837004 0.339207 0.819383 0.343612 0.819383 0.348018 0.814978 0.348018 0.810573 0.339207 0.801762 0.334802 0.801762 0.330396 0.806167 0.325991 0.806167 0.308370 0.823789 0.303965 0.823789 0.299559 0.828194 0.295154 0.823789 0.290749 0.823789 0.277533 0.810573 0.277533 0.779736 0.268722 0.770925 0.264317 0.770925 0.259912 0.766520 0.259912 0.757709 0.264317 0.753304 0.264317 0.748899 0.259912 0.744493 0.246696 0.748899 0.242291 0.753304 0.242291 0.757709 0.229075 0.766520 0.215859 0.757709 0.211454 0.757709 0.198238 0.766520 0.185022 0.766520 0.171806 0.757709 0.171806 0.744493 0.158590 0.731278 0.145374 0.726872 0.140969 0.722467 0.140969 0.718062 0.127753 0.704846 0.123348 0.709251
0 0.400881 0.700441 0.396476 0.696035 0.392070 0.696035 0.387665 0.691630 0.383260 0.691630 0.365639 0.709251 0.361233 0.709251 0.365639 0.709251 0.370044 0.713656 0.374449 0.713656 0.378855 0.718062 0.383260 0.713656 0.387665 0.713656
0 0.281938 0.704846 0.286344 0.709251 0.286344 0.713656 0.290749 0.718062 0.295154 0.718062 0.299559 0.713656 0.303965 0.713656 0.308370 0.709251 0.312775 0.709251 0.317181 0.704846 0.321586 0.704846 0.325991 0.709251 0.330396 0.709251 0.334802 0.713656 0.339207 0.709251 0.343612 0.713656 0.348018 0.709251 0.352423 0.709251 0.348018 0.709251 0.339207 0.700441 0.334802 0.704846 0.330396 0.700441 0.325991 0.704846 0.321586 0.704846 0.317181 0.700441 0.312775 0.700441 0.303965 0.691630 0.299559 0.691630 0.290749 0.700441 0.286344 0.700441
0 0.057269 0.696035 0.057269 0.700441 0.070485 0.713656 0.092511 0.713656 0.096916 0.709251 0.101322 0.709251 0.101322 0.704846 0.096916 0.700441 0.088106 0.700441 0.083700 0.696035 0.074890 0.696035 0.070485 0.691630 0.061674 0.691630
0 0.872247 0.718062 0.863436 0.709251 0.859031 0.713656 0.854626 0.709251 0.850220 0.709251 0.845815 0.704846 0.845815 0.696035 0.841410 0.691630 0.841410 0.687225 0.832599 0.678414 0.828194 0.682819 0.819383 0.682819 0.810573 0.691630 0.810573 0.700441 0.801762 0.709251 0.797357 0.709251 0.792952 0.713656 0.792952 0.718062 0.788546 0.722467 0.788546 0.735683 0.792952 0.740088 0.797357 0.740088 0.801762 0.735683 0.806167 0.735683 0.810573 0.731278 0.814978 0.731278 0.823789 0.722467 0.828194 0.722467 0.832599 0.718062 0.837004 0.718062 0.841410 0.713656 0.845815 0.718062 0.850220 0.718062 0.854626 0.722467 0.854626 0.735683 0.859031 0.740088 0.867841 0.731278 0.867841 0.726872 0.872247 0.722467
0 0.480176 0.656388 0.471366 0.665198 0.471366 0.674009 0.475771 0.678414 0.475771 0.709251 0.484582 0.718062 0.488987 0.718062 0.497797 0.726872 0.497797 0.731278 0.502203 0.735683 0.506608 0.731278 0.506608 0.726872 0.497797 0.718062 0.497797 0.709251 0.488987 0.700441 0.488987 0.687225 0.497797 0.678414 0.497797 0.669604 0.493392 0.665198 0.493392 0.660793 0.488987 0.656388 0.484582 0.660793
0 0.568282 0.638767 0.568282 0.647577 0.577093 0.656388 0.590308 0.656388 0.594714 0.651982 0.599119 0.656388 0.603524 0.656388 0.607930 0.660793 0.607930 0.665198 0.612335 0.669604 0.621145 0.669604 0.625551 0.674009 0.629956 0.674009 0.634361 0.669604 0.634361 0.665198 0.629956 0.660793 0.621145 0.660793 0.616740 0.656388 0.612335 0.656388 0.607930 0.660793 0.603524 0.656388 0.599119 0.656388 0.594714 0.651982 0.594714 0.643172 0.585903 0.634361 0.572687 0.634361
0 0.850220 0.629956 0.845815 0.634361 0.845815 0.656388 0.854626 0.665198 0.859031 0.665198 0.863436 0.669604 0.872247 0.660793 0.867841 0.656388 0.867841 0.647577 0.863436 0.643172 0.863436 0.638767 0.859031 0.634361 0.854626 0.634361
0 0.991189 0.621145 0.986784 0.625551 0.986784 0.629956 0.973568 0.643172 0.969163 0.643172 0.964758 0.647577 0.955947 0.647577 0.951542 0.651982 0.947137 0.651982 0.942731 0.656388 0.947137 0.660793 0.947137 0.665198 0.951542 0.669604 0.951542 0.678414 0.955947 0.682819 0.960352 0.678414 0.960352 0.674009 0.977974 0.656388 0.977974 0.651982 0.982379 0.647577 0.986784 0.647577 0.991189 0.643172 0.995595 0.643172 0.995595 0.625551
0 0.387665 0.599119 0.383260 0.594714 0.370044 0.594714 0.365639 0.599119 0.365639 0.612335 0.356828 0.621145 0.352423 0.621145 0.348018 0.625551 0.343612 0.621145 0.339207 0.625551 0.325991 0.625551 0.321586 0.621145 0.317181 0.625551 0.312775 0.625551 0.308370 0.629956 0.303965 0.625551 0.299559 0.625551 0.290749 0.616740 0.286344 0.621145 0.251101 0.621145 0.246696 0.625551 0.246696 0.629956 0.242291 0.634361 0.242291 0.643172 0.229075 0.656388 0.229075 0.660793 0.224670 0.665198 0.224670 0.691630 0.229075 0.696035 0.237885 0.687225 0.242291 0.687225 0.246696 0.682819 0.255507 0.682819 0.259912 0.687225 0.264317 0.682819 0.264317 0.678414 0.259912 0.674009 0.259912 0.665198 0.264317 0.660793 0.268722 0.660793 0.273128 0.656388 0.277533 0.660793 0.303965 0.660793 0.330396 0.634361 0.334802 0.634361 0.339207 0.629956 0.343612 0.634361 0.348018 0.634361 0.352423 0.638767 0.356828 0.638767 0.361233 0.643172 0.361233 0.656388 0.356828 0.660793 0.356828 0.665198 0.361233 0.669604 0.365639 0.669604 0.370044 0.665198 0.361233 0.656388 0.361233 0.643172 0.365639 0.638767 0.370044 0.638767 0.374449 0.634361 0.374449 0.616740 0.378855 0.612335 0.378855 0.607930
0 0.801762 0.599119 0.792952 0.590308 0.762115 0.590308 0.753304 0.599119 0.753304 0.603524 0.748899 0.607930 0.744493 0.607930 0.740088 0.612335 0.735683 0.612335 0.731278 0.607930 0.726872 0.612335 0.726872 0.616740 0.718062 0.625551 0.718062 0.643172 0.722467 0.647577 0.722467 0.656388 0.726872 0.660793 0.740088 0.660793 0.744493 0.656388 0.735683 0.647577 0.735683 0.643172 0.731278 0.638767 0.731278 0.616740 0.735683 0.612335 0.740088 0.612335 0.744493 0.607930 0.753304 0.607930 0.757709 0.612335 0.766520 0.603524 0.770925 0.603524 0.775330 0.599119 0.779736 0.603524 0.784141 0.603524 0.788546 0.607930 0.792952 0.607930
0 0.942731 0.594714 0.933921 0.585903 0.929515 0.590308 0.920705 0.590308 0.916300 0.594714 0.911894 0.594714 0.907489 0.599119 0.903084 0.599119 0.894273 0.607930 0.894273 0.612335 0.898678 0.616740 0.920705 0.616740 0.925110 0.612335 0.929515 0.612335 0.933921 0.607930 0.938326 0.607930 0.942731 0.603524
0 0.422908 0.555066 0.422908 0.559471 0.427313 0.563877 0.431718 0.563877 0.436123 0.568282 0.436123 0.581498 0.444934 0.590308 0.449339 0.590308 0.453745 0.585903 0.462555 0.585903 0.471366 0.577093 0.466960 0.572687 0.458150 0.572687 0.453745 0.577093 0.449339 0.572687 0.444934 0.572687 0.440529 0.568282 0.436123 0.568282 0.431718 0.563877 0.431718 0.555066 0.427313 0.550661
0 0.647577 0.550661 0.647577 0.555066 0.651982 0.559471 0.674009 0.559471 0.678414 0.563877 0.682819 0.563877 0.687225 0.568282 0.687225 0.572687 0.691630 0.577093 0.696035 0.577093 0.700441 0.581498 0.704846 0.577093 0.704846 0.559471 0.696035 0.550661 0.691630 0.555066 0.682819 0.555066 0.678414 0.550661 0.674009 0.550661 0.665198 0.541850 0.656388 0.541850
0 0.757709 0.533040 0.744493 0.533040 0.735683 0.541850 0.735683 0.546256 0.731278 0.550661 0.740088 0.559471 0.748899 0.559471 0.762115 0.546256 0.762115 0.537445
0 0.519824 0.533040 0.515419 0.533040 0.502203 0.546256 0.502203 0.555066 0.497797 0.559471 0.502203 0.563877 0.511013 0.563877 0.515419 0.559471 0.519824 0.559471 0.524229 0.555066 0.524229 0.541850 0.519824 0.537445
0 0.995595 0.524229 0.991189 0.524229 0.986784 0.528634 0.986784 0.537445 0.982379 0.541850 0.977974 0.541850 0.973568 0.546256 0.969163 0.546256 0.964758 0.541850 0.960352 0.541850 0.955947 0.546256 0.951542 0.541850 0.947137 0.546256 0.947137 0.555066 0.938326 0.563877 0.938326 0.568282 0.942731 0.572687 0.947137 0.568282 0.947137 0.559471 0.951542 0.555066 0.955947 0.555066 0.960352 0.550661 0.964758 0.550661 0.969163 0.546256 0.973568 0.546256 0.977974 0.541850 0.986784 0.541850 0.991189 0.546256 0.995595 0.546256
0 0.634361 0.515419 0.629956 0.511013 0.625551 0.511013 0.621145 0.515419 0.612335 0.515419 0.607930 0.511013 0.599119 0.511013 0.585903 0.524229 0.581498 0.524229 0.572687 0.533040 0.568282 0.533040 0.563877 0.537445 0.563877 0.546256 0.555066 0.555066 0.555066 0.563877 0.559471 0.568282 0.563877 0.568282 0.577093 0.555066 0.581498 0.555066 0.585903 0.550661 0.585903 0.546256 0.590308 0.541850 0.590308 0.533040 0.603524 0.519824 0.607930 0.519824 0.612335 0.515419 0.616740 0.519824 0.621145 0.519824 0.629956 0.528634 0.634361 0.524229
0 0.933921 0.493392 0.929515 0.488987 0.925110 0.488987 0.907489 0.506608 0.903084 0.506608 0.898678 0.511013 0.894273 0.511013 0.889868 0.506608 0.881057 0.515419 0.876652 0.515419 0.872247 0.519824 0.867841 0.515419 0.863436 0.515419 0.854626 0.506608 0.850220 0.506608 0.841410 0.515419 0.850220 0.524229 0.850220 0.533040 0.854626 0.537445 0.854626 0.555066 0.859031 0.555066 0.863436 0.550661 0.872247 0.550661 0.876652 0.546256 0.876652 0.541850 0.881057 0.537445 0.881057 0.519824 0.885463 0.515419 0.889868 0.515419 0.894273 0.511013 0.898678 0.511013 0.903084 0.506608 0.907489 0.511013 0.911894 0.511013 0.916300 0.515419 0.920705 0.515419 0.925110 0.511013 0.925110 0.506608 0.933921 0.497797
0 0.317181 0.537445 0.308370 0.533040 0.295154 0.546256 0.268722 0.555066 0.202643 0.524229 0.193833 0.511013 0.193833 0.497797 0.207048 0.484582 0.198238 0.475771 0.185022 0.480176 0.189427 0.497797 0.176211 0.506608 0.149780 0.497797 0.140969 0.480176 0.127753 0.480176 0.110132 0.488987 0.074890 0.484582 0.066079 0.493392 0.061674 0.506608 0.052863 0.511013 0.039648 0.502203 0.030837 0.506608 0.048458 0.519824 0.079295 0.524229 0.101322 0.537445 0.096916 0.563877 0.105727 0.572687 0.118943 0.563877 0.118943 0.555066 0.101322 0.537445 0.101322 0.519824 0.114537 0.511013 0.162996 0.511013 0.185022 0.524229 0.185022 0.533040 0.171806 0.546256 0.176211 0.550661 0.171806 0.563877 0.176211 0.572687 0.176211 0.590308 0.162996 0.599119 0.149780 0.590308 0.140969 0.590308 0.127753 0.599119 0.110132 0.590308 0.079295 0.603524 0.070485 0.612335 0.070485 0.638767 0.066079 0.643172 0.088106 0.660793 0.092511 0.656388 0.110132 0.660793 0.127753 0.687225 0.136564 0.678414 0.136564 0.660793 0.154185 0.647577 0.158590 0.651982 0.180617 0.651982 0.198238 0.638767 0.176211 0.621145 0.176211 0.599119 0.193833 0.585903 0.193833 0.572687 0.185022 0.563877 0.185022 0.541850 0.202643 0.533040 0.224670 0.550661 0.233480 0.546256 0.251101 0.559471 0.264317 0.559471 0.268722 0.563877 0.281938 0.563877 0.299559 0.555066
0 0.687225 0.462555 0.682819 0.462555 0.678414 0.466960 0.669604 0.466960 0.665198 0.471366 0.660793 0.471366 0.656388 0.475771 0.656388 0.484582 0.665198 0.493392 0.669604 0.488987 0.674009 0.488987 0.691630 0.471366 0.691630 0.466960
0 0.330396 0.488987 0.330396 0.484582 0.321586 0.475771 0.317181 0.475771 0.312775 0.471366 0.308370 0.471366 0.303965 0.466960 0.303965 0.458150 0.299559 0.453745 0.295154 0.453745 0.290749 0.458150 0.281938 0.458150 0.277533 0.462555 0.268722 0.462555 0.264317 0.466960 0.259912 0.466960 0.255507 0.471366 0.251101 0.471366 0.246696 0.475771 0.242291 0.471366 0.233480 0.471366 0.229075 0.475771 0.233480 0.480176 0.242291 0.480176 0.246696 0.484582 0.251101 0.484582 0.255507 0.488987 0.259912 0.488987 0.264317 0.493392 0.268722 0.488987 0.268722 0.475771 0.277533 0.466960 0.281938 0.466960 0.286344 0.462555 0.290749 0.466960 0.299559 0.466960 0.303965 0.471366 0.308370 0.471366 0.312775 0.475771 0.312775 0.484582 0.308370 0.488987 0.303965 0.488987 0.299559 0.493392 0.295154 0.493392 0.290749 0.497797 0.286344 0.497797 0.286344 0.502203 0.290749 0.506608 0.299559 0.506608 0.303965 0.502203 0.312775 0.502203 0.321586 0.493392 0.325991 0.493392
0 0.374449 0.449339 0.370044 0.453745 0.370044 0.458150 0.374449 0.462555 0.374449 0.471366 0.370044 0.475771 0.374449 0.480176 0.383260 0.480176 0.387665 0.475771 0.387665 0.471366 0.396476 0.462555 0.396476 0.458150 0.387665 0.449339
0 0.810573 0.414097 0.801762 0.414097 0.797357 0.418502 0.797357 0.422908 0.788546 0.431718 0.797357 0.440529 0.806167 0.440529 0.814978 0.431718 0.814978 0.418502
0 0.000000 0.317181 0.000000 0.339207 0.022026 0.339207 0.026432 0.334802 0.030837 0.339207 0.035242 0.334802 0.035242 0.330396 0.026432 0.321586 0.022026 0.321586 0.017621 0.317181
0 0.154185 0.286344 0.149780 0.281938 0.132159 0.281938 0.127753 0.286344 0.127753 0.290749 0.105727 0.312775 0.110132 0.317181 0.114537 0.312775 0.118943 0.312775 0.123348 0.308370 0.132159 0.308370 0.136564 0.303965 0.140969 0.303965 0.145374 0.299559 0.149780 0.299559 0.154185 0.295154
0 0.572687 0.268722 0.577093 0.273128 0.577093 0.277533 0.581498 0.281938 0.585903 0.277533 0.599119 0.277533 0.603524 0.273128 0.607930 0.277533 0.607930 0.264317 0.599119 0.255507 0.590308 0.255507 0.585903 0.259912 0.581498 0.259912
0 0.000000 0.246696 0.000000 0.259912 0.017621 0.259912 0.022026 0.264317 0.039648 0.264317 0.044053 0.268722 0.048458 0.268722 0.061674 0.281938 0.070485 0.273128 0.070485 0.268722 0.066079 0.264317 0.061674 0.264317 0.057269 0.259912 0.052863 0.259912 0.044053 0.251101 0.039648 0.255507 0.030837 0.255507 0.026432 0.251101 0.022026 0.251101 0.017621 0.246696
0 0.995595 0.220264 0.964758 0.211454 0.859031 0.273128 0.788546 0.251101 0.784141 0.264317 0.810573 0.281938 0.797357 0.299559 0.731278 0.273128 0.616740 0.281938 0.577093 0.325991 0.519824 0.339207 0.444934 0.339207 0.392070 0.352423 0.339207 0.330396 0.317181 0.299559 0.290749 0.295154 0.277533 0.321586 0.229075 0.343612 0.207048 0.312775 0.189427 0.330396 0.114537 0.352423 0.123348 0.374449 0.149780 0.348018 0.189427 0.352423 0.154185 0.409692 0.127753 0.414097 0.083700 0.392070 0.004405 0.396476 0.000000 0.458150 0.013216 0.458150 0.035242 0.422908 0.066079 0.440529 0.127753 0.436123 0.154185 0.444934 0.158590 0.418502 0.185022 0.414097 0.202643 0.396476 0.259912 0.414097 0.277533 0.392070 0.246696 0.383260 0.242291 0.370044 0.308370 0.343612 0.356828 0.343612 0.378855 0.356828 0.365639 0.378855 0.325991 0.374449 0.317181 0.383260 0.325991 0.392070 0.352423 0.387665 0.374449 0.405286 0.418502 0.383260 0.458150 0.409692 0.484582 0.405286 0.511013 0.383260 0.541850 0.392070 0.559471 0.414097 0.594714 0.387665 0.572687 0.374449 0.577093 0.361233 0.625551 0.343612 0.647577 0.374449 0.669604 0.370044 0.722467 0.339207 0.713656 0.312775 0.731278 0.299559 0.753304 0.312775 0.757709 0.334802 0.845815 0.325991 0.867841 0.343612 0.872247 0.330396 0.850220 0.295154 0.872247 0.281938 0.907489 0.317181 0.907489 0.299559 0.885463 0.277533 0.898678 0.259912 0.947137 0.237885 0.991189 0.251101 0.986784 0.264317 0.955947 0.268722 0.955947 0.290749 0.933921 0.303965 0.955947 0.334802 0.973568 0.339207 0.995595 0.330396
0 0.621145 0.211454 0.621145 0.220264 0.625551 0.224670 0.629956 0.220264 0.634361 0.220264 0.638767 0.224670 0.643172 0.224670 0.647577 0.220264 0.651982 0.224670 0.665198 0.224670 0.669604 0.220264 0.669604 0.211454 0.665198 0.207048 0.651982 0.207048 0.647577 0.202643 0.638767 0.202643 0.634361 0.207048 0.625551 0.207048
0 0.145374 0.207048 0.140969 0.202643 0.132159 0.202643 0.123348 0.211454 0.118943 0.211454 0.114537 0.215859 0.105727 0.215859 0.101322 0.220264 0.101322 0.224670 0.105727 0.229075 0.110132 0.229075 0.114537 0.224670 0.118943 0.224670 0.123348 0.220264 0.136564 0.220264 0.145374 0.211454
0 0.872247 0.202643 0.867841 0.198238 0.867841 0.193833 0.863436 0.189427 0.845815 0.189427 0.841410 0.193833 0.841410 0.198238 0.837004 0.202643 0.832599 0.202643 0.819383 0.215859 0.823789 0.220264 0.832599 0.211454 0.837004 0.211454 0.841410 0.207048 0.867841 0.207048
0 0.577093 0.158590 0.568282 0.167401 0.572687 0.171806 0.572687 0.176211 0.581498 0.185022 0.581498 0.189427 0.585903 0.193833 0.590308 0.193833 0.594714 0.189427 0.599119 0.189427 0.603524 0.185022 0.603524 0.176211 0.594714 0.167401 0.590308 0.167401 0.581498 0.158590
0 0.546256 0.145374 0.541850 0.140969 0.533040 0.140969 0.528634 0.145374 0.524229 0.145374 0.519824 0.149780 0.515419 0.149780 0.511013 0.154185 0.506608 0.154185 0.502203 0.149780 0.480176 0.149780 0.475771 0.154185 0.466960 0.154185 0.462555 0.158590 0.462555 0.162996 0.471366 0.171806 0.484582 0.171806 0.493392 0.162996 0.497797 0.162996 0.502203 0.158590 0.506608 0.158590 0.511013 0.162996 0.515419 0.162996 0.519824 0.167401 0.524229 0.167401 0.528634 0.171806 0.546256 0.154185
0 0.863436 0.140969 0.854626 0.149780 0.863436 0.158590 0.867841 0.158590 0.872247 0.162996 0.876652 0.162996 0.881057 0.167401 0.885463 0.162996 0.885463 0.149780 0.881057 0.145374 0.881057 0.140969 0.876652 0.136564 0.872247 0.140969
0 0.581498 0.110132 0.581498 0.123348 0.585903 0.127753 0.612335 0.127753 0.616740 0.132159 0.621145 0.132159 0.629956 0.140969 0.634361 0.140969 0.638767 0.145374 0.638767 0.158590 0.634361 0.162996 0.634361 0.171806 0.638767 0.176211 0.643172 0.176211 0.647577 0.171806 0.651982 0.171806 0.656388 0.167401 0.660793 0.167401 0.665198 0.162996 0.674009 0.162996 0.682819 0.154185 0.674009 0.145374 0.669604 0.145374 0.665198 0.149780 0.656388 0.149780 0.651982 0.154185 0.647577 0.149780 0.643172 0.149780 0.638767 0.145374 0.638767 0.136564 0.643172 0.132159 0.634361 0.123348 0.629956 0.123348 0.616740 0.110132 0.612335 0.114537 0.603524 0.114537 0.599119 0.110132 0.594714 0.110132 0.590308 0.105727 0.585903 0.105727
0 0.145374 0.105727 0.136564 0.105727 0.123348 0.118943 0.123348 0.140969 0.132159 0.149780 0.136564 0.149780 0.140969 0.154185 0.145374 0.149780 0.145374 0.136564 0.149780 0.132159 0.149780 0.110132
0 0.947137 0.101322 0.925110 0.123348 0.929515 0.127753 0.929515 0.132159 0.933921 0.136564 0.933921 0.140969 0.938326 0.145374 0.942731 0.145374 0.947137 0.140969 0.947137 0.136564 0.951542 0.132159 0.947137 0.127753 0.947137 0.118943 0.951542 0.114537 0.951542 0.105727
0 0.392070 0.096916 0.387665 0.101322 0.387665 0.105727 0.392070 0.110132 0.392070 0.123348 0.387665 0.127753 0.392070 0.132159 0.392070 0.140969 0.400881 0.149780 0.400881 0.167401 0.396476 0.171806 0.396476 0.176211 0.405286 0.185022 0.409692 0.180617 0.409692 0.167401 0.418502 0.158590 0.418502 0.149780 0.409692 0.140969 0.409692 0.114537 0.405286 0.110132 0.405286 0.105727 0.400881 0.101322 0.396476 0.101322
0 0.766520 0.096916 0.757709 0.088106 0.753304 0.088106 0.744493 0.096916 0.744493 0.110132 0.735683 0.118943 0.731278 0.118943 0.726872 0.123348 0.722467 0.123348 0.718062 0.127753 0.709251 0.127753 0.704846 0.132159 0.704846 0.136564 0.709251 0.140969 0.713656 0.136564 0.735683 0.136564 0.748899 0.123348 0.748899 0.114537 0.753304 0.110132 0.757709 0.110132 0.766520 0.101322
0 0.079295 0.083700 0.066079 0.083700 0.061674 0.088106 0.061674 0.092511 0.057269 0.096916 0.057269 0.101322 0.061674 0.105727 0.061674 0.114537 0.057269 0.118943 0.052863 0.118943 0.044053 0.127753 0.057269 0.140969 0.061674 0.140969 0.066079 0.145374 0.074890 0.136564 0.074890 0.132159 0.070485 0.127753 0.066079 0.127753 0.061674 0.123348 0.061674 0.114537 0.066079 0.110132 0.070485 0.110132 0.074890 0.105727 0.079295 0.105727 0.088106 0.096916 0.088106 0.092511
0 0.814978 0.079295 0.792952 0.101322 0.792952 0.105727 0.797357 0.110132 0.806167 0.110132 0.810573 0.114537 0.819383 0.105727 0.819383 0.083700
0 0.660793 0.070485 0.656388 0.066079 0.656388 0.057269 0.651982 0.052863 0.647577 0.052863 0.638767 0.061674 0.638767 0.066079 0.634361 0.070485 0.629956 0.070485 0.625551 0.074890 0.621145 0.070485 0.616740 0.074890 0.612335 0.070485 0.607930 0.074890 0.621145 0.088106 0.629956 0.088106 0.638767 0.079295 0.643172 0.079295 0.647577 0.074890 0.656388 0.074890
0 0.488987 0.039648 0.484582 0.044053 0.484582 0.048458 0.488987 0.052863 0.493392 0.052863 0.497797 0.057269 0.497797 0.074890 0.484582 0.088106 0.480176 0.088106 0.475771 0.092511 0.471366 0.092511 0.466960 0.088106 0.462555 0.092511 0.466960 0.096916 0.471366 0.092511 0.475771 0.092511 0.480176 0.088106 0.484582 0.092511 0.488987 0.092511 0.502203 0.105727 0.502203 0.114537 0.506608 0.118943 0.515419 0.110132 0.515419 0.101322 0.511013 0.096916 0.511013 0.074890 0.515419 0.070485 0.515419 0.052863 0.511013 0.052863 0.506608 0.048458 0.502203 0.048458 0.497797 0.044053 0.493392 0.044053
0 0.533040 0.039648 0.533040 0.044053 0.537445 0.048458 0.541850 0.048458 0.559471 0.066079 0.563877 0.066079 0.568282 0.070485 0.577093 0.061674 0.577093 0.052863 0.572687 0.048458 0.563877 0.048458 0.559471 0.044053 0.555066 0.044053 0.546256 0.035242 0.537445 0.035242
0 0.158590 0.048458 0.162996 0.052863 0.193833 0.052863 0.198238 0.048458 0.198238 0.044053 0.189427 0.035242 0.167401 0.035242 0.162996 0.039648 0.162996 0.044053
0 0.740088 0.035242 0.740088 0.044053 0.753304 0.057269 0.753304 0.061674 0.757709 0.066079 0.779736 0.066079 0.784141 0.061674 0.770925 0.048458 0.766520 0.048458 0.762115 0.044053 0.762115 0.039648 0.753304 0.030837 0.744493 0.030837
0 0.251101 0.022026 0.246696 0.022026 0.242291 0.026432 0.242291 0.030837 0.229075 0.044053 0.229075 0.048458 0.224670 0.052863 0.224670 0.057269 0.220264 0.061674 0.220264 0.070485 0.224670 0.074890 0.229075 0.074890 0.233480 0.070485 0.233480 0.066079 0.237885 0.061674 0.237885 0.057269 0.242291 0.052863 0.242291 0.048458 0.251101 0.039648 0.251101 0.035242 0.255507 0.030837 0.255507 0.026432
0 0.885463 0.000000 0.885463 0.004405 0.894273 0.013216 0.898678 0.013216 0.903084 0.017621 0.903084 0.026432 0.907489 0.030837 0.907489 0.039648 0.916300 0.048458 0.920705 0.048458 0.925110 0.052863 0.933921 0.044053 0.933921 0.030837 0.929515 0.026432 0.929515 0.022026 0.920705 0.013216 0.911894 0.013216 0.907489 0.008811 0.903084 0.008811 0.898678 0.004405 0.898678 0.000000
0 0.616740 0.000000 0.599119 0.000000 0.599119 0.013216 0.594714 0.017621 0.594714 0.026432 0.603524 0.035242 0.607930 0.030837 0.607930 0.026432 0.612335 0.022026 0.612335 0.008811 0.616740 0.004405
0 0.052863 0.000000 0.039648 0.000000 0.044053 0.004405 0.044053 0.017621 0.030837 0.030837 0.026432 0.030837 0.022026 0.035242 0.030837 0.044053 0.035242 0.044053 0.039648 0.039648 0.044053 0.039648 0.052863 0.030837 0.052863 0.026432 0.057269 0.022026 0.048458 0.013216 0.048458 0.004405
