0 0.207048 0.947137 0.198238 0.955947 0.198238 0.960352 0.202643 0.964758 0.202643 0.969163 0.207048 0.973568 0.220264 0.973568 0.229075 0.964758 0.215859 0.951542 0.211454 0.951542
0 0.995595 0.955947 0.991189 0.951542 0.986784 0.951542 0.982379 0.947137 0.982379 0.942731 0.977974 0.942731 0.969163 0.951542 0.969163 0.955947 0.960352 0.964758 0.960352 0.977974 0.942731 0.995595 0.938326 0.995595 0.964758 0.995595 0.964758 0.977974 0.969163 0.973568 0.973568 0.973568 0.986784 0.960352 0.991189 0.960352
0 0.832599 0.942731 0.828194 0.938326 0.819383 0.938326 0.814978 0.942731 0.810573 0.942731 0.806167 0.947137 0.801762 0.947137 0.797357 0.951542 0.784141 0.951542 0.770925 0.964758 0.766520 0.964758 0.757709 0.973568 0.753304 0.973568 0.748899 0.977974 0.744493 0.977974 0.748899 0.977974 0.753304 0.982379 0.757709 0.982379 0.762115 0.986784 0.766520 0.986784 0.770925 0.991189 0.770925 0.995595 0.770925 0.991189 0.788546 0.973568 0.792952 0.973568 0.797357 0.969163 0.814978 0.969163 0.819383 0.964758 0.819383 0.960352 0.832599 0.947137
0 0.656388 0.929515 0.651982 0.929515 0.647577 0.933921 0.643172 0.933921 0.638767 0.938326 0.634361 0.938326 0.629956 0.933921 0.625551 0.933921 0.621145 0.929515 0.616740 0.929515 0.612335 0.933921 0.607930 0.933921 0.603524 0.938326 0.599119 0.938326 0.590308 0.947137 0.590308 0.964758 0.599119 0.973568 0.599119 0.982379 0.603524 0.986784 0.603524 0.995595 0.621145 0.995595 0.621145 0.991189 0.616740 0.986784 0.616740 0.982379 0.607930 0.973568 0.607930 0.960352 0.612335 0.955947 0.616740 0.955947 0.621145 0.951542 0.647577 0.951542 0.651982 0.955947 0.656388 0.955947 0.660793 0.960352 0.665198 0.960352 0.669604 0.955947 0.665198 0.951542 0.665198 0.938326
0 0.321586 0.929515 0.312775 0.938326 0.312775 0.951542 0.325991 0.964758 0.325991 0.969163 0.334802 0.977974 0.348018 0.977974 0.352423 0.982379 0.356828 0.977974 0.356828 0.973568 0.348018 0.964758 0.343612 0.964758 0.334802 0.955947 0.334802 0.938326 0.325991 0.929515
0 0.140969 0.938326 0.136564 0.933921 0.136564 0.929515 0.132159 0.925110 0.127753 0.929515 0.118943 0.929515 0.110132 0.938326 0.105727 0.938326 0.101322 0.942731 0.101322 0.947137 0.092511 0.955947 0.092511 0.960352 0.088106 0.964758 0.088106 0.969163 0.083700 0.973568 0.079295 0.973568 0.074890 0.977974 0.070485 0.977974 0.066079 0.973568 0.061674 0.973568 0.057269 0.969163 0.048458 0.969163 0.044053 0.964758 0.039648 0.964758 0.035242 0.969163 0.000000 0.969163 0.000000 0.977974 0.004405 0.977974 0.008811 0.982379 0.022026 0.982379 0.026432 0.977974 0.030837 0.982379 0.035242 0.982379 0.044053 0.991189 0.044053 0.995595 0.052863 0.995595 0.052863 0.991189 0.061674 0.982379 0.066079 0.982379 0.070485 0.977974 0.079295 0.977974 0.083700 0.982379 0.088106 0.977974 0.088106 0.973568 0.092511 0.969163 0.096916 0.969163 0.101322 0.964758 0.105727 0.964758 0.110132 0.960352 0.114537 0.960352 0.118943 0.955947 0.123348 0.955947 0.132159 0.947137 0.136564 0.947137 0.140969 0.942731
0 0.453745 0.920705 0.449339 0.925110 0.444934 0.925110 0.440529 0.929515 0.436123 0.929515 0.431718 0.933921 0.427313 0.933921 0.422908 0.938326 0.436123 0.951542 0.436123 0.955947 0.440529 0.951542 0.444934 0.951542 0.453745 0.942731 0.453745 0.938326 0.462555 0.929515
0 0.929515 0.925110 0.920705 0.916300 0.916300 0.920705 0.911894 0.920705 0.903084 0.929515 0.903084 0.933921 0.881057 0.955947 0.885463 0.960352 0.889868 0.960352 0.894273 0.955947 0.898678 0.955947 0.903084 0.951542 0.907489 0.951542 0.911894 0.947137 0.916300 0.947137 0.920705 0.942731 0.929515 0.942731 0.933921 0.938326 0.933921 0.933921 0.929515 0.929515
0 0.572687 0.903084 0.572687 0.907489 0.577093 0.911894 0.581498 0.911894 0.585903 0.916300 0.590308 0.916300 0.594714 0.911894 0.607930 0.911894 0.612335 0.907489 0.616740 0.911894 0.621145 0.911894 0.625551 0.916300 0.629956 0.911894 0.634361 0.911894 0.638767 0.907489 0.643172 0.907489 0.638767 0.907489 0.634361 0.903084 0.621145 0.903084 0.616740 0.898678 0.607930 0.898678 0.603524 0.894273 0.599119 0.898678 0.594714 0.898678 0.590308 0.894273 0.585903 0.894273 0.581498 0.898678 0.577093 0.898678
0 0.092511 0.885463 0.088106 0.881057 0.074890 0.881057 0.070485 0.876652 0.066079 0.881057 0.066079 0.885463 0.061674 0.889868 0.061674 0.898678 0.066079 0.903084 0.070485 0.903084 0.074890 0.898678 0.079295 0.898678 0.083700 0.894273 0.088106 0.894273 0.092511 0.889868
0 0.748899 0.885463 0.748899 0.894273 0.757709 0.903084 0.770925 0.889868 0.775330 0.889868 0.779736 0.885463 0.788546 0.885463 0.792952 0.889868 0.797357 0.889868 0.806167 0.898678 0.819383 0.898678 0.823789 0.894273 0.828194 0.894273 0.832599 0.889868 0.832599 0.881057 0.828194 0.876652 0.810573 0.876652 0.806167 0.881057 0.801762 0.876652 0.792952 0.876652 0.788546 0.872247 0.784141 0.872247 0.779736 0.876652 0.775330 0.876652 0.770925 0.881057 0.753304 0.881057
0 0.475771 0.872247 0.480176 0.876652 0.497797 0.876652 0.502203 0.872247 0.511013 0.872247 0.515419 0.867841 0.519824 0.867841 0.524229 0.872247 0.546256 0.872247 0.550661 0.876652 0.559471 0.876652 0.568282 0.867841 0.563877 0.863436 0.555066 0.863436 0.550661 0.867841 0.546256 0.867841 0.541850 0.863436 0.528634 0.863436 0.524229 0.859031 0.515419 0.859031 0.511013 0.863436 0.506608 0.859031 0.493392 0.859031 0.488987 0.863436 0.484582 0.863436
0 0.383260 0.863436 0.378855 0.859031 0.370044 0.859031 0.365639 0.863436 0.365639 0.881057 0.361233 0.885463 0.356828 0.885463 0.352423 0.889868 0.348018 0.889868 0.343612 0.885463 0.334802 0.885463 0.330396 0.889868 0.325991 0.885463 0.317181 0.894273 0.321586 0.898678 0.325991 0.898678 0.330396 0.903084 0.334802 0.903084 0.339207 0.907489 0.348018 0.907489 0.352423 0.911894 0.356828 0.907489 0.356828 0.903084 0.352423 0.898678 0.352423 0.889868 0.356828 0.885463 0.361233 0.885463 0.365639 0.881057 0.370044 0.881057 0.374449 0.885463 0.378855 0.881057 0.378855 0.876652 0.383260 0.872247
0 0.229075 0.863436 0.224670 0.867841 0.229075 0.872247 0.251101 0.872247 0.255507 0.876652 0.259912 0.876652 0.264317 0.881057 0.264317 0.898678 0.259912 0.903084 0.255507 0.903084 0.251101 0.907489 0.246696 0.907489 0.242291 0.903084 0.237885 0.903084 0.229075 0.894273 0.224670 0.898678 0.224670 0.903084 0.233480 0.911894 0.237885 0.911894 0.246696 0.920705 0.251101 0.916300 0.255507 0.920705 0.264317 0.920705 0.295154 0.889868 0.286344 0.881057 0.281938 0.881057 0.277533 0.876652 0.273128 0.876652 0.255507 0.859031 0.251101 0.863436 0.242291 0.863436 0.237885 0.859031 0.233480 0.863436
0 0.154185 0.845815 0.149780 0.841410 0.145374 0.841410 0.140969 0.837004 0.136564 0.841410 0.132159 0.841410 0.127753 0.845815 0.123348 0.845815 0.118943 0.850220 0.114537 0.850220 0.110132 0.854626 0.118943 0.863436 0.123348 0.859031 0.127753 0.863436 0.140969 0.863436 0.145374 0.859031 0.149780 0.859031 0.154185 0.854626
0 0.995595 0.832599 0.986784 0.832599 0.982379 0.828194 0.955947 0.854626 0.951542 0.854626 0.929515 0.876652 0.925110 0.876652 0.920705 0.881057 0.916300 0.881057 0.911894 0.876652 0.903084 0.876652 0.898678 0.872247 0.889868 0.872247 0.885463 0.867841 0.881057 0.867841 0.876652 0.863436 0.876652 0.854626 0.872247 0.850220 0.859031 0.850220 0.854626 0.854626 0.850220 0.850220 0.845815 0.854626 0.850220 0.859031 0.854626 0.854626 0.859031 0.859031 0.867841 0.859031 0.872247 0.863436 0.876652 0.863436 0.881057 0.867841 0.881057 0.894273 0.872247 0.903084 0.872247 0.907489 0.876652 0.911894 0.885463 0.911894 0.889868 0.907489 0.889868 0.894273 0.894273 0.889868 0.898678 0.889868 0.903084 0.885463 0.911894 0.885463 0.916300 0.881057 0.920705 0.881057 0.925110 0.876652 0.933921 0.876652 0.938326 0.881057 0.942731 0.876652 0.960352 0.876652 0.977974 0.859031 0.977974 0.854626 0.986784 0.845815 0.991189 0.845815 0.995595 0.841410
0 0.224670 0.788546 0.229075 0.788546 0.233480 0.792952 0.233480 0.797357 0.237885 0.801762 0.246696 0.801762 0.251101 0.806167 0.259912 0.797357 0.255507 0.792952 0.255507 0.784141 0.251101 0.779736 0.242291 0.779736 0.237885 0.784141 0.233480 0.784141 0.229075 0.788546
0 0.026432 0.784141 0.026432 0.788546 0.030837 0.792952 0.035242 0.792952 0.039648 0.797357 0.044053 0.797357 0.048458 0.801762 0.052863 0.801762 0.061674 0.810573 0.074890 0.810573 0.079295 0.806167 0.066079 0.792952 0.052863 0.792952 0.048458 0.788546 0.044053 0.788546 0.035242 0.779736 0.030837 0.779736
0 0.757709 0.762115 0.757709 0.775330 0.762115 0.779736 0.766520 0.775330 0.788546 0.775330 0.792952 0.779736 0.797357 0.779736 0.810573 0.792952 0.810573 0.797357 0.814978 0.801762 0.823789 0.801762 0.828194 0.806167 0.832599 0.801762 0.837004 0.801762 0.841410 0.797357 0.845815 0.801762 0.850220 0.801762 0.854626 0.806167 0.854626 0.810573 0.863436 0.819383 0.872247 0.819383 0.876652 0.823789 0.881057 0.823789 0.885463 0.828194 0.885463 0.832599 0.889868 0.837004 0.894273 0.832599 0.898678 0.832599 0.903084 0.828194 0.907489 0.828194 0.911894 0.823789 0.907489 0.819383 0.903084 0.819383 0.898678 0.814978 0.894273 0.814978 0.881057 0.801762 0.876652 0.801762 0.872247 0.797357 0.867841 0.801762 0.863436 0.801762 0.859031 0.806167 0.854626 0.806167 0.850220 0.801762 0.845815 0.801762 0.841410 0.797357 0.841410 0.788546 0.832599 0.779736 0.823789 0.779736 0.819383 0.775330 0.814978 0.775330 0.801762 0.762115 0.779736 0.762115 0.775330 0.757709 0.762115 0.757709
0 0.158590 0.766520 0.180617 0.788546 0.185022 0.788546 0.189427 0.792952 0.193833 0.792952 0.198238 0.788546 0.202643 0.792952 0.207048 0.788546 0.211454 0.788546 0.207048 0.788546 0.193833 0.775330 0.189427 0.775330 0.185022 0.770925 0.185022 0.762115 0.176211 0.753304 0.171806 0.753304
0 0.334802 0.753304 0.334802 0.762115 0.330396 0.766520 0.330396 0.770925 0.334802 0.770925 0.339207 0.775330 0.343612 0.775330 0.365639 0.797357 0.370044 0.797357 0.374449 0.801762 0.383260 0.801762 0.387665 0.797357 0.396476 0.797357 0.400881 0.801762 0.405286 0.801762 0.409692 0.806167 0.409692 0.810573 0.414097 0.814978 0.431718 0.814978 0.440529 0.806167 0.440529 0.797357 0.436123 0.792952 0.431718 0.792952 0.427313 0.788546 0.422908 0.792952 0.414097 0.792952 0.409692 0.797357 0.405286 0.792952 0.400881 0.792952 0.392070 0.784141 0.374449 0.784141 0.370044 0.779736 0.361233 0.779736 0.356828 0.775330 0.352423 0.775330 0.348018 0.770925 0.348018 0.757709 0.352423 0.753304 0.356828 0.753304 0.361233 0.748899 0.365639 0.748899 0.370044 0.744493 0.361233 0.735683 0.356828 0.740088 0.352423 0.740088 0.348018 0.744493 0.343612 0.744493
0 0.577093 0.735683 0.572687 0.731278 0.568282 0.731278 0.563877 0.735683 0.555066 0.735683 0.550661 0.740088 0.546256 0.740088 0.541850 0.744493 0.537445 0.740088 0.528634 0.740088 0.524229 0.735683 0.515419 0.735683 0.511013 0.740088 0.497797 0.740088 0.493392 0.744493 0.488987 0.744493 0.484582 0.748899 0.480176 0.748899 0.462555 0.766520 0.462555 0.770925 0.466960 0.775330 0.471366 0.775330 0.475771 0.779736 0.488987 0.766520 0.493392 0.766520 0.502203 0.757709 0.506608 0.757709 0.515419 0.748899 0.519824 0.748899 0.524229 0.744493 0.528634 0.748899 0.533040 0.748899 0.537445 0.753304 0.537445 0.757709 0.541850 0.762115 0.550661 0.753304 0.555066 0.753304 0.559471 0.748899 0.563877 0.748899 0.568282 0.744493 0.572687 0.748899 0.577093 0.744493
0 0.057269 0.735683 0.057269 0.740088 0.061674 0.744493 0.066079 0.744493 0.070485 0.748899 0.074890 0.748899 0.079295 0.753304 0.079295 0.757709 0.088106 0.766520 0.092511 0.766520 0.114537 0.788546 0.118943 0.788546 0.123348 0.792952 0.132159 0.792952 0.136564 0.788546 0.136564 0.784141 0.132159 0.779736 0.127753 0.779736 0.123348 0.775330 0.114537 0.775330 0.110132 0.770925 0.105727 0.770925 0.101322 0.766520 0.101322 0.753304 0.110132 0.744493 0.114537 0.744493 0.118943 0.740088 0.118943 0.735683 0.114537 0.731278 0.105727 0.731278 0.101322 0.735683 0.096916 0.735683 0.092511 0.740088 0.088106 0.740088 0.083700 0.744493 0.079295 0.744493 0.074890 0.740088 0.070485 0.740088 0.061674 0.731278
0 0.660793 0.731278 0.665198 0.735683 0.674009 0.735683 0.678414 0.740088 0.696035 0.740088 0.700441 0.744493 0.726872 0.744493 0.731278 0.740088 0.726872 0.735683 0.726872 0.731278 0.722467 0.726872 0.713656 0.726872 0.709251 0.722467 0.704846 0.726872 0.696035 0.726872 0.691630 0.722467 0.669604 0.722467
0 0.889868 0.718062 0.889868 0.726872 0.894273 0.731278 0.903084 0.731278 0.907489 0.735683 0.916300 0.735683 0.920705 0.740088 0.925110 0.740088 0.938326 0.753304 0.938326 0.757709 0.951542 0.770925 0.960352 0.770925 0.964758 0.766520 0.964758 0.762115 0.960352 0.757709 0.960352 0.753304 0.955947 0.748899 0.955947 0.744493 0.947137 0.735683 0.942731 0.735683 0.925110 0.718062 0.916300 0.718062 0.911894 0.713656 0.894273 0.713656
0 0.052863 0.700441 0.044053 0.691630 0.030837 0.691630 0.026432 0.696035 0.013216 0.696035 0.008811 0.700441 0.004405 0.700441 0.000000 0.704846 0.000000 0.709251 0.004405 0.709251 0.008811 0.713656 0.044053 0.713656 0.052863 0.704846
0 0.850220 0.709251 0.845815 0.704846 0.841410 0.704846 0.837004 0.700441 0.837004 0.691630 0.832599 0.687225 0.832599 0.682819 0.828194 0.678414 0.823789 0.678414 0.819383 0.682819 0.814978 0.682819 0.801762 0.696035 0.797357 0.696035 0.792952 0.700441 0.788546 0.700441 0.784141 0.704846 0.779736 0.704846 0.770925 0.713656 0.766520 0.713656 0.762115 0.718062 0.757709 0.718062 0.753304 0.722467 0.753304 0.726872 0.762115 0.735683 0.766520 0.735683 0.770925 0.731278 0.779736 0.731278 0.801762 0.709251 0.806167 0.709251 0.810573 0.704846 0.814978 0.704846 0.819383 0.709251 0.823789 0.709251 0.828194 0.713656 0.837004 0.713656 0.841410 0.709251 0.845815 0.713656
0 0.713656 0.669604 0.704846 0.660793 0.682819 0.660793 0.678414 0.665198 0.674009 0.665198 0.669604 0.669604 0.669604 0.682819 0.665198 0.687225 0.660793 0.687225 0.656388 0.691630 0.625551 0.691630 0.621145 0.687225 0.616740 0.687225 0.612335 0.682819 0.612335 0.678414 0.607930 0.674009 0.607930 0.669604 0.603524 0.665198 0.599119 0.665198 0.594714 0.669604 0.590308 0.669604 0.585903 0.674009 0.585903 0.682819 0.590308 0.687225 0.594714 0.687225 0.599119 0.682819 0.603524 0.687225 0.607930 0.687225 0.612335 0.691630 0.612335 0.704846 0.616740 0.709251 0.621145 0.709251 0.625551 0.713656 0.629956 0.713656 0.634361 0.709251 0.647577 0.709251 0.651982 0.704846 0.656388 0.704846 0.674009 0.687225 0.678414 0.687225 0.682819 0.682819 0.700441 0.682819 0.704846 0.678414 0.709251 0.678414 0.713656 0.674009
0 0.048458 0.651982 0.044053 0.647577 0.035242 0.647577 0.030837 0.643172 0.026432 0.647577 0.008811 0.647577 0.004405 0.651982 0.000000 0.651982 0.000000 0.665198 0.004405 0.665198 0.008811 0.660793 0.030837 0.660793 0.035242 0.665198 0.044053 0.665198 0.048458 0.660793
0 0.872247 0.638767 0.872247 0.647577 0.867841 0.651982 0.867841 0.656388 0.872247 0.660793 0.876652 0.660793 0.898678 0.682819 0.907489 0.682819 0.911894 0.687225 0.916300 0.687225 0.925110 0.678414 0.916300 0.669604 0.911894 0.669604 0.907489 0.665198 0.903084 0.665198 0.894273 0.656388 0.894273 0.647577 0.889868 0.643172 0.881057 0.643172 0.876652 0.638767
0 0.303965 0.616740 0.299559 0.621145 0.299559 0.625551 0.290749 0.634361 0.290749 0.643172 0.295154 0.647577 0.303965 0.647577 0.308370 0.651982 0.312775 0.647577 0.312775 0.638767 0.317181 0.634361 0.312775 0.629956 0.312775 0.625551
0 0.070485 0.612335 0.061674 0.621145 0.061674 0.634361 0.066079 0.638767 0.083700 0.638767 0.092511 0.629956 0.092511 0.625551 0.083700 0.616740 0.079295 0.616740 0.074890 0.612335
0 0.995595 0.533040 0.982379 0.541850 0.982379 0.555066 0.969163 0.563877 0.955947 0.563877 0.951542 0.568282 0.942731 0.568282 0.929515 0.559471 0.920705 0.559471 0.907489 0.568282 0.898678 0.568282 0.894273 0.563877 0.859031 0.563877 0.854626 0.568282 0.845815 0.568282 0.841410 0.563877 0.819383 0.563877 0.806167 0.572687 0.797357 0.568282 0.766520 0.568282 0.753304 0.581498 0.735683 0.590308 0.722467 0.590308 0.718062 0.594714 0.691630 0.581498 0.682819 0.581498 0.656388 0.563877 0.651982 0.568282 0.660793 0.577093 0.660793 0.585903 0.651982 0.594714 0.656388 0.599119 0.665198 0.599119 0.678414 0.590308 0.691630 0.590308 0.704846 0.599119 0.713656 0.599119 0.718062 0.603524 0.722467 0.599119 0.731278 0.603524 0.740088 0.621145 0.766520 0.634361 0.766520 0.647577 0.757709 0.656388 0.762115 0.660793 0.779736 0.660793 0.784141 0.656388 0.766520 0.643172 0.766520 0.634361 0.788546 0.621145 0.797357 0.621145 0.801762 0.625551 0.806167 0.621145 0.823789 0.621145 0.828194 0.616740 0.837004 0.616740 0.841410 0.621145 0.845815 0.616740 0.863436 0.629956 0.867841 0.629956 0.867841 0.625551 0.876652 0.616740 0.872247 0.612335 0.845815 0.616740 0.832599 0.607930 0.832599 0.599119 0.854626 0.577093 0.863436 0.572687 0.894273 0.572687 0.898678 0.577093 0.920705 0.577093 0.925110 0.572687 0.933921 0.572687 0.951542 0.581498 0.964758 0.572687 0.995595 0.568282
0 0.000000 0.577093 0.092511 0.563877 0.145374 0.594714 0.154185 0.616740 0.207048 0.577093 0.409692 0.546256 0.462555 0.559471 0.418502 0.616740 0.431718 0.634361 0.440529 0.612335 0.475771 0.607930 0.466960 0.581498 0.480176 0.572687 0.541850 0.585903 0.537445 0.616740 0.550661 0.621145 0.563877 0.607930 0.550661 0.581498 0.519824 0.563877 0.524229 0.511013 0.488987 0.515419 0.466960 0.541850 0.405286 0.519824 0.277533 0.555066 0.198238 0.533040 0.132159 0.471366 0.140969 0.436123 0.193833 0.466960 0.229075 0.466960 0.325991 0.422908 0.387665 0.422908 0.400881 0.440529 0.365639 0.462555 0.374449 0.471366 0.427313 0.436123 0.453745 0.480176 0.484582 0.449339 0.541850 0.488987 0.550661 0.519824 0.594714 0.497797 0.678414 0.519824 0.744493 0.475771 0.823789 0.480176 0.863436 0.453745 0.929515 0.466960 0.995595 0.458150 0.995595 0.427313 0.982379 0.449339 0.960352 0.449339 0.942731 0.396476 0.933921 0.449339 0.863436 0.444934 0.788546 0.475771 0.748899 0.436123 0.753304 0.414097 0.731278 0.431718 0.687225 0.409692 0.647577 0.361233 0.629956 0.374449 0.665198 0.414097 0.643172 0.422908 0.682819 0.422908 0.731278 0.466960 0.616740 0.484582 0.603524 0.475771 0.625551 0.449339 0.616740 0.436123 0.581498 0.453745 0.594714 0.484582 0.568282 0.493392 0.537445 0.471366 0.568282 0.431718 0.546256 0.405286 0.493392 0.405286 0.471366 0.387665 0.396476 0.418502 0.330396 0.405286 0.277533 0.436123 0.255507 0.409692 0.193833 0.414097 0.176211 0.444934 0.096916 0.387665 0.088106 0.361233 0.066079 0.370044 0.066079 0.396476 0.000000 0.409692 0.000000 0.502203 0.035242 0.493392 0.066079 0.511013 0.110132 0.488987 0.162996 0.511013 0.193833 0.563877 0.171806 0.577093 0.074890 0.546256 0.013216 0.555066
0 0.563877 0.352423 0.559471 0.348018 0.550661 0.348018 0.546256 0.352423 0.541850 0.352423 0.537445 0.356828 0.533040 0.356828 0.528634 0.361233 0.519824 0.361233 0.515419 0.356828 0.511013 0.361233 0.511013 0.365639 0.515419 0.370044 0.519824 0.365639 0.524229 0.365639 0.528634 0.361233 0.533040 0.361233 0.537445 0.365639 0.541850 0.365639 0.546256 0.370044 0.546256 0.378855 0.541850 0.383260 0.546256 0.387665 0.550661 0.383260 0.546256 0.378855 0.546256 0.370044
0 0.784141 0.339207 0.779736 0.334802 0.775330 0.339207 0.770925 0.339207 0.766520 0.343612 0.753304 0.343612 0.748899 0.348018 0.744493 0.348018 0.740088 0.352423 0.740088 0.361233 0.744493 0.365639 0.753304 0.365639 0.757709 0.361233 0.757709 0.356828 0.766520 0.348018 0.770925 0.348018 0.775330 0.343612 0.779736 0.343612
0 0.162996 0.321586 0.185022 0.343612 0.185022 0.348018 0.193833 0.356828 0.198238 0.352423 0.202643 0.352423 0.207048 0.348018 0.189427 0.330396 0.189427 0.325991 0.185022 0.321586 0.176211 0.321586 0.171806 0.317181 0.167401 0.317181
0 0.488987 0.334802 0.484582 0.330396 0.471366 0.330396 0.466960 0.334802 0.466960 0.339207 0.453745 0.352423 0.449339 0.352423 0.444934 0.356828 0.440529 0.352423 0.431718 0.352423 0.418502 0.343612 0.418502 0.334802 0.422908 0.330396 0.427313 0.330396 0.440529 0.317181 0.440529 0.312775 0.436123 0.308370 0.427313 0.308370 0.405286 0.330396 0.400881 0.330396 0.396476 0.334802 0.387665 0.334802 0.374449 0.343612 0.361233 0.343612 0.356828 0.339207 0.334802 0.339207 0.330396 0.334802 0.321586 0.334802 0.312775 0.343612 0.321586 0.352423 0.321586 0.361233 0.308370 0.370044 0.299559 0.370044 0.290749 0.378855 0.290749 0.383260 0.295154 0.387665 0.303965 0.387665 0.308370 0.383260 0.312775 0.387665 0.321586 0.387665 0.325991 0.383260 0.325991 0.378855 0.321586 0.374449 0.321586 0.365639 0.325991 0.361233 0.330396 0.361233 0.334802 0.356828 0.343612 0.356828 0.348018 0.361233 0.352423 0.361233 0.361233 0.352423 0.365639 0.352423 0.370044 0.348018 0.378855 0.348018 0.392070 0.356828 0.409692 0.356828 0.422908 0.365639 0.427313 0.365639 0.431718 0.361233 0.440529 0.361233 0.444934 0.356828 0.449339 0.361233 0.458150 0.361233 0.462555 0.365639 0.466960 0.365639 0.475771 0.374449 0.480176 0.374449 0.484582 0.370044 0.484582 0.365639 0.480176 0.361233 0.480176 0.343612
0 0.506608 0.308370 0.506608 0.312775 0.511013 0.317181 0.515419 0.317181 0.519824 0.321586 0.524229 0.317181 0.528634 0.317181 0.533040 0.321586 0.537445 0.317181 0.541850 0.321586 0.546256 0.317181 0.550661 0.317181 0.555066 0.312775 0.546256 0.303965 0.541850 0.303965 0.537445 0.299559 0.515419 0.299559
0 0.303965 0.299559 0.295154 0.299559 0.286344 0.308370 0.286344 0.312775 0.277533 0.321586 0.277533 0.330396 0.268722 0.339207 0.264317 0.339207 0.259912 0.343612 0.268722 0.352423 0.277533 0.352423 0.281938 0.348018 0.281938 0.343612 0.286344 0.339207 0.286344 0.334802 0.308370 0.312775 0.308370 0.303965
0 0.995595 0.290749 0.991189 0.290749 0.982379 0.299559 0.977974 0.299559 0.964758 0.312775 0.964758 0.325991 0.955947 0.334802 0.951542 0.334802 0.947137 0.339207 0.942731 0.334802 0.938326 0.334802 0.933921 0.339207 0.929515 0.339207 0.925110 0.343612 0.920705 0.343612 0.916300 0.348018 0.911894 0.348018 0.907489 0.352423 0.903084 0.352423 0.898678 0.356828 0.898678 0.361233 0.881057 0.378855 0.876652 0.378855 0.859031 0.396476 0.859031 0.405286 0.854626 0.409692 0.854626 0.414097 0.859031 0.414097 0.863436 0.418502 0.867841 0.414097 0.872247 0.414097 0.911894 0.374449 0.911894 0.361233 0.920705 0.352423 0.925110 0.352423 0.929515 0.348018 0.942731 0.348018 0.947137 0.343612 0.947137 0.339207 0.951542 0.334802 0.955947 0.334802 0.960352 0.330396 0.964758 0.334802 0.969163 0.334802 0.973568 0.330396 0.973568 0.321586 0.982379 0.312775 0.986784 0.312775 0.991189 0.308370 0.995595 0.308370
0 0.748899 0.286344 0.735683 0.286344 0.722467 0.299559 0.718062 0.299559 0.713656 0.303965 0.709251 0.303965 0.704846 0.299559 0.691630 0.299559 0.682819 0.308370 0.682819 0.312775 0.678414 0.317181 0.682819 0.321586 0.682819 0.330396 0.691630 0.339207 0.696035 0.339207 0.704846 0.348018 0.713656 0.348018 0.718062 0.343612 0.718062 0.339207 0.713656 0.334802 0.709251 0.334802 0.704846 0.330396 0.704846 0.317181 0.713656 0.308370 0.718062 0.308370 0.722467 0.303965 0.744493 0.303965 0.748899 0.299559 0.753304 0.299559 0.757709 0.295154
0 0.255507 0.286344 0.251101 0.281938 0.246696 0.286344 0.242291 0.286344 0.237885 0.290749 0.233480 0.290749 0.229075 0.295154 0.220264 0.295154 0.215859 0.299559 0.215859 0.303965 0.224670 0.312775 0.229075 0.308370 0.233480 0.312775 0.242291 0.312775 0.251101 0.303965 0.251101 0.299559 0.255507 0.295154
0 0.577093 0.242291 0.572687 0.237885 0.568282 0.237885 0.563877 0.242291 0.563877 0.246696 0.559471 0.251101 0.555066 0.251101 0.550661 0.255507 0.515419 0.255507 0.511013 0.259912 0.497797 0.259912 0.493392 0.264317 0.484582 0.264317 0.480176 0.259912 0.475771 0.259912 0.471366 0.264317 0.466960 0.264317 0.462555 0.268722 0.462555 0.286344 0.466960 0.290749 0.475771 0.281938 0.475771 0.277533 0.480176 0.273128 0.484582 0.273128 0.488987 0.268722 0.497797 0.268722 0.502203 0.273128 0.506608 0.268722 0.511013 0.268722 0.515419 0.264317 0.537445 0.264317 0.541850 0.268722 0.546256 0.268722 0.555066 0.277533 0.563877 0.268722 0.563877 0.264317 0.568282 0.259912 0.568282 0.251101
0 0.325991 0.237885 0.312775 0.237885 0.308370 0.242291 0.308370 0.277533 0.312775 0.281938 0.317181 0.277533 0.317181 0.268722 0.330396 0.255507 0.330396 0.242291
0 0.088106 0.229075 0.083700 0.224670 0.070485 0.224670 0.066079 0.229075 0.061674 0.229075 0.057269 0.233480 0.052863 0.233480 0.044053 0.242291 0.044053 0.251101 0.035242 0.259912 0.030837 0.259912 0.017621 0.273128 0.017621 0.277533 0.022026 0.281938 0.026432 0.277533 0.030837 0.281938 0.035242 0.277533 0.039648 0.277533 0.044053 0.273128 0.044053 0.259912 0.052863 0.251101 0.057269 0.251101 0.061674 0.246696 0.083700 0.246696 0.088106 0.242291
0 0.933921 0.202643 0.933921 0.215859 0.929515 0.220264 0.929515 0.229075 0.938326 0.237885 0.947137 0.237885 0.951542 0.233480 0.955947 0.233480 0.960352 0.229075 0.964758 0.229075 0.969163 0.233480 0.973568 0.233480 0.986784 0.246696 0.995595 0.246696 0.995595 0.215859 0.986784 0.215859 0.982379 0.220264 0.977974 0.220264 0.973568 0.215859 0.969163 0.215859 0.964758 0.211454 0.964758 0.207048 0.955947 0.198238 0.938326 0.198238
0 0.753304 0.193833 0.748899 0.193833 0.735683 0.207048 0.735683 0.211454 0.740088 0.215859 0.740088 0.224670 0.735683 0.229075 0.731278 0.229075 0.726872 0.233480 0.709251 0.233480 0.696035 0.246696 0.691630 0.246696 0.687225 0.251101 0.687225 0.268722 0.691630 0.273128 0.696035 0.268722 0.696035 0.259912 0.704846 0.251101 0.709251 0.251101 0.713656 0.246696 0.726872 0.246696 0.731278 0.242291 0.735683 0.242291 0.757709 0.220264 0.757709 0.198238
0 0.709251 0.185022 0.704846 0.180617 0.700441 0.185022 0.696035 0.185022 0.687225 0.193833 0.682819 0.193833 0.678414 0.198238 0.674009 0.198238 0.665198 0.207048 0.660793 0.207048 0.656388 0.211454 0.651982 0.207048 0.647577 0.207048 0.643172 0.202643 0.638767 0.202643 0.634361 0.198238 0.629956 0.198238 0.625551 0.202643 0.625551 0.207048 0.634361 0.215859 0.634361 0.220264 0.638767 0.224670 0.643172 0.224670 0.651982 0.215859 0.656388 0.215859 0.660793 0.211454 0.669604 0.211454 0.674009 0.215859 0.691630 0.215859 0.696035 0.211454 0.696035 0.207048 0.704846 0.198238 0.704846 0.193833 0.709251 0.189427
0 0.823789 0.211454 0.828194 0.215859 0.832599 0.211454 0.841410 0.211454 0.845815 0.215859 0.854626 0.207048 0.859031 0.207048 0.863436 0.202643 0.885463 0.202643 0.889868 0.207048 0.898678 0.198238 0.894273 0.193833 0.889868 0.193833 0.885463 0.189427 0.867841 0.189427 0.863436 0.185022 0.859031 0.185022 0.850220 0.176211 0.845815 0.180617 0.845815 0.185022 0.841410 0.189427 0.841410 0.198238 0.832599 0.207048 0.828194 0.207048
0 0.519824 0.185022 0.515419 0.180617 0.511013 0.180617 0.506608 0.176211 0.502203 0.176211 0.497797 0.180617 0.497797 0.193833 0.493392 0.198238 0.488987 0.198238 0.484582 0.202643 0.475771 0.202643 0.462555 0.215859 0.466960 0.220264 0.471366 0.220264 0.475771 0.224670 0.480176 0.220264 0.484582 0.224670 0.493392 0.215859 0.497797 0.215859 0.502203 0.211454 0.502203 0.202643
0 0.246696 0.145374 0.242291 0.149780 0.237885 0.149780 0.233480 0.154185 0.229075 0.154185 0.211454 0.171806 0.207048 0.171806 0.202643 0.176211 0.198238 0.171806 0.189427 0.171806 0.176211 0.185022 0.171806 0.185022 0.158590 0.198238 0.162996 0.202643 0.167401 0.198238 0.171806 0.202643 0.176211 0.202643 0.180617 0.198238 0.185022 0.198238 0.189427 0.193833 0.193833 0.193833 0.198238 0.189427 0.215859 0.189427 0.220264 0.193833 0.224670 0.193833 0.229075 0.198238 0.229075 0.207048 0.224670 0.211454 0.229075 0.215859 0.229075 0.224670 0.220264 0.233480 0.215859 0.233480 0.211454 0.237885 0.211454 0.246696 0.220264 0.255507 0.233480 0.255507 0.237885 0.251101 0.237885 0.242291 0.229075 0.233480 0.229075 0.224670 0.233480 0.220264 0.237885 0.220264 0.242291 0.215859 0.242291 0.211454 0.237885 0.207048 0.237885 0.202643 0.233480 0.198238 0.229075 0.198238 0.220264 0.189427 0.220264 0.171806 0.224670 0.167401 0.229075 0.167401 0.233480 0.162996 0.242291 0.162996 0.246696 0.158590 0.246696 0.154185 0.251101 0.149780
0 0.290749 0.132159 0.290749 0.136564 0.299559 0.145374 0.299559 0.149780 0.308370 0.158590 0.312775 0.158590 0.317181 0.162996 0.321586 0.162996 0.325991 0.158590 0.334802 0.158590 0.339207 0.162996 0.343612 0.162996 0.348018 0.167401 0.361233 0.167401 0.365639 0.171806 0.370044 0.171806 0.374449 0.176211 0.374449 0.180617 0.378855 0.185022 0.378855 0.202643 0.383260 0.207048 0.387665 0.207048 0.396476 0.198238 0.392070 0.193833 0.392070 0.180617 0.383260 0.171806 0.378855 0.171806 0.374449 0.167401 0.370044 0.167401 0.356828 0.154185 0.356828 0.149780 0.348018 0.140969 0.343612 0.140969 0.339207 0.145374 0.334802 0.140969 0.330396 0.145374 0.325991 0.140969 0.321586 0.140969 0.303965 0.123348 0.299559 0.123348
0 0.000000 0.127753 0.000000 0.136564 0.004405 0.136564 0.008811 0.140969 0.022026 0.140969 0.026432 0.136564 0.030837 0.136564 0.035242 0.132159 0.039648 0.132159 0.044053 0.136564 0.048458 0.136564 0.052863 0.140969 0.052863 0.145374 0.061674 0.154185 0.066079 0.154185 0.074890 0.145374 0.074890 0.136564 0.070485 0.132159 0.057269 0.132159 0.052863 0.136564 0.044053 0.136564 0.039648 0.132159 0.035242 0.132159 0.030837 0.127753 0.022026 0.127753 0.017621 0.123348 0.013216 0.123348 0.008811 0.127753
0 0.202643 0.123348 0.198238 0.118943 0.198238 0.114537 0.193833 0.110132 0.189427 0.110132 0.185022 0.114537 0.180617 0.114537 0.176211 0.118943 0.171806 0.118943 0.167401 0.123348 0.162996 0.118943 0.158590 0.118943 0.154185 0.114537 0.145374 0.114537 0.140969 0.118943 0.140969 0.123348 0.145374 0.127753 0.145374 0.145374 0.149780 0.149780 0.154185 0.149780 0.158590 0.145374 0.158590 0.136564 0.162996 0.132159 0.167401 0.132159 0.171806 0.127753 0.176211 0.127753 0.180617 0.132159 0.185022 0.132159 0.189427 0.136564 0.193833 0.136564 0.202643 0.127753
0 0.519824 0.079295 0.511013 0.079295 0.506608 0.083700 0.497797 0.083700 0.493392 0.088106 0.493392 0.092511 0.480176 0.105727 0.480176 0.118943 0.475771 0.123348 0.471366 0.123348 0.466960 0.127753 0.462555 0.127753 0.444934 0.145374 0.440529 0.145374 0.431718 0.154185 0.431718 0.158590 0.440529 0.167401 0.449339 0.167401 0.462555 0.154185 0.462555 0.149780 0.471366 0.140969 0.475771 0.140969 0.484582 0.132159 0.484582 0.127753 0.502203 0.110132 0.506608 0.110132 0.511013 0.105727 0.515419 0.105727 0.519824 0.101322 0.519824 0.096916 0.524229 0.092511 0.524229 0.083700
0 0.872247 0.079295 0.863436 0.070485 0.854626 0.070485 0.850220 0.074890 0.845815 0.074890 0.832599 0.088106 0.832599 0.092511 0.823789 0.101322 0.819383 0.101322 0.814978 0.105727 0.810573 0.105727 0.806167 0.110132 0.801762 0.110132 0.797357 0.114537 0.779736 0.114537 0.775330 0.110132 0.770925 0.110132 0.766520 0.105727 0.762115 0.105727 0.757709 0.101322 0.748899 0.110132 0.753304 0.114537 0.766520 0.114537 0.770925 0.118943 0.775330 0.118943 0.784141 0.127753 0.784141 0.136564 0.770925 0.149780 0.770925 0.154185 0.779736 0.162996 0.788546 0.162996 0.792952 0.158590 0.792952 0.154185 0.797357 0.149780 0.792952 0.145374 0.792952 0.132159 0.810573 0.114537 0.814978 0.114537 0.819383 0.110132 0.841410 0.110132
0 0.026432 0.070485 0.022026 0.066079 0.013216 0.066079 0.008811 0.070485 0.004405 0.070485 0.000000 0.074890 0.000000 0.092511 0.013216 0.092511 0.017621 0.088106 0.022026 0.088106 0.026432 0.083700
0 0.140969 0.052863 0.140969 0.066079 0.145374 0.070485 0.149780 0.066079 0.176211 0.066079 0.180617 0.061674 0.180617 0.052863 0.176211 0.048458 0.145374 0.048458
0 0.502203 0.044053 0.497797 0.039648 0.493392 0.044053 0.488987 0.044053 0.484582 0.048458 0.480176 0.048458 0.475771 0.052863 0.471366 0.052863 0.466960 0.057269 0.462555 0.052863 0.458150 0.052863 0.453745 0.048458 0.440529 0.061674 0.440529 0.066079 0.427313 0.079295 0.422908 0.079295 0.418502 0.083700 0.418502 0.088106 0.414097 0.092511 0.414097 0.096916 0.422908 0.105727 0.436123 0.105727 0.444934 0.096916 0.444934 0.079295 0.449339 0.074890 0.453745 0.074890 0.462555 0.066079 0.466960 0.066079 0.471366 0.061674 0.475771 0.061674 0.480176 0.057269 0.493392 0.057269 0.502203 0.048458
0 0.938326 0.022026 0.933921 0.022026 0.929515 0.026432 0.929515 0.030837 0.933921 0.035242 0.933921 0.052863 0.929515 0.057269 0.929515 0.061674 0.938326 0.070485 0.938326 0.079295 0.933921 0.083700 0.929515 0.083700 0.920705 0.092511 0.938326 0.110132 0.938326 0.127753 0.933921 0.132159 0.929515 0.132159 0.925110 0.136564 0.920705 0.132159 0.916300 0.132159 0.907489 0.140969 0.907489 0.145374 0.903084 0.149780 0.903084 0.154185 0.907489 0.158590 0.916300 0.158590 0.929515 0.145374 0.929515 0.136564 0.933921 0.132159 0.938326 0.132159 0.942731 0.127753 0.947137 0.132159 0.955947 0.132159 0.960352 0.136564 0.969163 0.136564 0.973568 0.132159 0.986784 0.132159 0.991189 0.127753 0.995595 0.127753 0.995595 0.114537 0.982379 0.114537 0.977974 0.118943 0.955947 0.118943 0.951542 0.114537 0.947137 0.114537 0.942731 0.110132 0.942731 0.088106 0.938326 0.083700 0.938326 0.070485 0.942731 0.066079 0.942731 0.048458 0.951542 0.039648 0.938326 0.026432
0 0.678414 0.022026 0.678414 0.035242 0.682819 0.039648 0.682819 0.044053 0.687225 0.048458 0.687225 0.052863 0.691630 0.057269 0.696035 0.052863 0.700441 0.052863 0.704846 0.048458 0.709251 0.048458 0.713656 0.044053 0.722467 0.044053 0.726872 0.048458 0.731278 0.048458 0.735683 0.044053 0.726872 0.035242 0.722467 0.039648 0.718062 0.035242 0.713656 0.035242 0.700441 0.022026 0.696035 0.022026 0.687225 0.013216
0 0.832599 0.022026 0.832599 0.026432 0.837004 0.030837 0.841410 0.030837 0.845815 0.026432 0.859031 0.026432 0.863436 0.030837 0.872247 0.030837 0.876652 0.035242 0.885463 0.035242 0.889868 0.039648 0.894273 0.035242 0.894273 0.022026 0.885463 0.013216 0.863436 0.013216 0.859031 0.008811 0.854626 0.013216 0.841410 0.013216
0 0.594714 0.000000 0.577093 0.000000 0.577093 0.013216 0.563877 0.026432 0.563877 0.030837 0.555066 0.039648 0.550661 0.039648 0.546256 0.044053 0.541850 0.044053 0.537445 0.048458 0.537445 0.052863 0.541850 0.057269 0.563877 0.057269 0.568282 0.052863 0.572687 0.052863 0.585903 0.039648 0.585903 0.030837 0.581498 0.026432 0.581498 0.013216 0.585903 0.008811 0.590308 0.008811 0.594714 0.004405
0 0.427313 0.000000 0.414097 0.000000 0.414097 0.022026 0.409692 0.026432 0.405286 0.026432 0.400881 0.030837 0.396476 0.026432 0.392070 0.030837 0.387665 0.030837 0.383260 0.035242 0.378855 0.030837 0.374449 0.035242 0.370044 0.035242 0.361233 0.044053 0.361233 0.052863 0.365639 0.057269 0.374449 0.057269 0.383260 0.048458 0.387665 0.048458 0.392070 0.044053 0.396476 0.044053 0.409692 0.030837 0.414097 0.030837 0.418502 0.026432 0.422908 0.026432 0.427313 0.030837 0.431718 0.030837 0.440529 0.022026 0.427313 0.008811
0 0.207048 0.022026 0.211454 0.026432 0.220264 0.026432 0.224670 0.022026 0.233480 0.022026 0.237885 0.026432 0.242291 0.026432 0.246696 0.030837 0.255507 0.030837 0.259912 0.035242 0.264317 0.035242 0.268722 0.039648 0.273128 0.039648 0.277533 0.044053 0.286344 0.044053 0.290749 0.048458 0.299559 0.048458 0.312775 0.035242 0.312775 0.030837 0.321586 0.022026 0.312775 0.013216 0.303965 0.022026 0.299559 0.022026 0.295154 0.026432 0.281938 0.026432 0.277533 0.022026 0.268722 0.022026 0.264317 0.026432 0.259912 0.022026 0.255507 0.022026 0.246696 0.013216 0.246696 0.008811 0.242291 0.004405 0.242291 0.000000 0.233480 0.000000 0.233480 0.008811 0.229075 0.013216 0.224670 0.013216 0.220264 0.017621 0.215859 0.013216
