0 0.674009 0.947137 0.669604 0.942731 0.665198 0.942731 0.656388 0.951542 0.651982 0.951542 0.647577 0.955947 0.634361 0.955947 0.621145 0.969163 0.616740 0.969163 0.603524 0.982379 0.603524 0.986784 0.599119 0.991189 0.599119 0.995595 0.621145 0.995595 0.621145 0.982379 0.629956 0.973568 0.634361 0.973568 0.638767 0.969163 0.643172 0.969163 0.647577 0.973568 0.651982 0.969163 0.651982 0.964758 0.660793 0.955947 0.665198 0.955947
0 0.048458 0.938326 0.044053 0.942731 0.044053 0.947137 0.039648 0.951542 0.039648 0.955947 0.035242 0.960352 0.035242 0.964758 0.030837 0.969163 0.030837 0.973568 0.026432 0.977974 0.030837 0.982379 0.044053 0.982379 0.052863 0.973568 0.052863 0.969163 0.057269 0.964758 0.057269 0.960352 0.052863 0.955947 0.052863 0.942731
0 0.453745 0.938326 0.449339 0.933921 0.444934 0.933921 0.436123 0.942731 0.431718 0.942731 0.427313 0.947137 0.418502 0.947137 0.414097 0.942731 0.405286 0.951542 0.405286 0.960352 0.409692 0.964758 0.414097 0.964758 0.427313 0.951542 0.431718 0.951542 0.436123 0.947137 0.449339 0.947137 0.453745 0.942731
0 0.977974 0.929515 0.973568 0.925110 0.969163 0.925110 0.960352 0.933921 0.955947 0.933921 0.951542 0.938326 0.942731 0.938326 0.938326 0.933921 0.916300 0.933921 0.911894 0.938326 0.916300 0.942731 0.920705 0.942731 0.925110 0.947137 0.929515 0.947137 0.933921 0.951542 0.938326 0.951542 0.947137 0.942731 0.951542 0.942731 0.955947 0.938326 0.960352 0.938326 0.964758 0.942731 0.969163 0.942731 0.977974 0.933921
0 0.290749 0.925110 0.286344 0.929515 0.286344 0.938326 0.290749 0.942731 0.290749 0.951542 0.295154 0.955947 0.295154 0.960352 0.299559 0.964758 0.303965 0.964758 0.317181 0.951542 0.317181 0.942731 0.299559 0.925110
0 0.110132 0.911894 0.105727 0.916300 0.105727 0.938326 0.114537 0.947137 0.127753 0.933921 0.127753 0.929515
0 0.779736 0.867841 0.784141 0.872247 0.788546 0.867841 0.792952 0.867841 0.797357 0.863436 0.801762 0.863436 0.806167 0.867841 0.810573 0.867841 0.814978 0.872247 0.819383 0.872247 0.823789 0.876652 0.841410 0.859031 0.845815 0.859031 0.850220 0.854626 0.859031 0.854626 0.863436 0.850220 0.859031 0.845815 0.845815 0.845815 0.841410 0.850220 0.823789 0.850220 0.819383 0.845815 0.814978 0.845815 0.810573 0.850220 0.806167 0.845815 0.797357 0.845815 0.779736 0.863436
0 0.215859 0.837004 0.207048 0.845815 0.207048 0.854626 0.215859 0.863436 0.220264 0.863436 0.229075 0.872247 0.233480 0.872247 0.237885 0.867841 0.237885 0.854626 0.233480 0.850220 0.233480 0.845815 0.229075 0.841410 0.224670 0.841410 0.220264 0.837004
0 0.383260 0.828194 0.378855 0.832599 0.370044 0.832599 0.365639 0.837004 0.365639 0.845815 0.378855 0.859031 0.387665 0.850220 0.387665 0.845815 0.392070 0.841410 0.392070 0.837004
0 0.004405 0.814978 0.008811 0.814978 0.013216 0.819383 0.013216 0.828194 0.008811 0.832599 0.004405 0.832599 0.008811 0.832599 0.013216 0.837004 0.022026 0.837004 0.026432 0.832599 0.035242 0.832599 0.039648 0.828194 0.022026 0.810573 0.013216 0.810573 0.008811 0.814978
0 0.911894 0.801762 0.898678 0.814978 0.898678 0.828194 0.889868 0.837004 0.898678 0.845815 0.907489 0.845815 0.911894 0.841410 0.911894 0.837004 0.916300 0.832599 0.916300 0.806167
0 0.801762 0.792952 0.792952 0.801762 0.792952 0.810573 0.797357 0.814978 0.810573 0.814978 0.819383 0.806167 0.819383 0.797357 0.814978 0.792952
0 0.506608 0.788546 0.502203 0.792952 0.502203 0.797357 0.497797 0.801762 0.502203 0.801762 0.524229 0.823789 0.533040 0.823789 0.537445 0.819383 0.537445 0.810573 0.528634 0.801762 0.528634 0.792952 0.519824 0.784141 0.515419 0.784141 0.511013 0.788546
0 0.955947 0.744493 0.951542 0.744493 0.947137 0.748899 0.947137 0.753304 0.942731 0.757709 0.942731 0.770925 0.938326 0.775330 0.942731 0.779736 0.947137 0.775330 0.951542 0.775330 0.964758 0.762115 0.964758 0.753304
0 0.876652 0.726872 0.872247 0.722467 0.867841 0.722467 0.863436 0.718062 0.859031 0.718062 0.854626 0.722467 0.845815 0.722467 0.832599 0.735683 0.828194 0.735683 0.819383 0.744493 0.828194 0.753304 0.832599 0.753304 0.845815 0.740088 0.850220 0.740088 0.854626 0.735683 0.872247 0.735683 0.876652 0.731278
0 0.140969 0.700441 0.136564 0.696035 0.132159 0.696035 0.127753 0.691630 0.110132 0.691630 0.105727 0.687225 0.092511 0.687225 0.088106 0.691630 0.088106 0.700441 0.083700 0.704846 0.079295 0.704846 0.074890 0.709251 0.061674 0.709251 0.057269 0.704846 0.052863 0.704846 0.048458 0.709251 0.044053 0.709251 0.039648 0.713656 0.035242 0.709251 0.030837 0.713656 0.026432 0.709251 0.022026 0.709251 0.017621 0.704846 0.000000 0.704846 0.000000 0.726872 0.008811 0.726872 0.013216 0.731278 0.017621 0.731278 0.022026 0.726872 0.026432 0.726872 0.030837 0.722467 0.061674 0.722467 0.066079 0.726872 0.083700 0.726872 0.088106 0.722467 0.088106 0.718062 0.092511 0.713656 0.096916 0.713656 0.101322 0.709251 0.110132 0.709251 0.114537 0.713656 0.118943 0.709251 0.123348 0.713656 0.136564 0.713656 0.140969 0.709251
0 0.960352 0.665198 0.951542 0.674009 0.947137 0.674009 0.942731 0.678414 0.938326 0.678414 0.933921 0.682819 0.933921 0.691630 0.929515 0.696035 0.929515 0.718062 0.933921 0.722467 0.942731 0.722467 0.955947 0.709251 0.951542 0.704846 0.951542 0.700441 0.947137 0.696035 0.947137 0.687225 0.955947 0.678414 0.960352 0.678414 0.964758 0.674009 0.964758 0.669604
0 0.088106 0.621145 0.083700 0.621145 0.079295 0.616740 0.074890 0.616740 0.070485 0.621145 0.066079 0.621145 0.061674 0.625551 0.039648 0.625551 0.035242 0.621145 0.026432 0.621145 0.022026 0.625551 0.013216 0.625551 0.008811 0.629956 0.004405 0.629956 0.000000 0.634361 0.000000 0.647577 0.017621 0.647577 0.022026 0.643172 0.030837 0.643172 0.035242 0.638767 0.052863 0.638767 0.057269 0.643172 0.061674 0.643172 0.066079 0.638767 0.070485 0.638767 0.083700 0.625551 0.088106 0.625551
0 0.096916 0.625551 0.101322 0.625551 0.110132 0.634361 0.114537 0.634361 0.118943 0.629956 0.123348 0.634361 0.127753 0.634361 0.132159 0.638767 0.132159 0.651982 0.127753 0.656388 0.127753 0.660793 0.132159 0.665198 0.136564 0.665198 0.140969 0.669604 0.154185 0.656388 0.154185 0.643172 0.158590 0.638767 0.162996 0.638767 0.167401 0.634361 0.176211 0.634361 0.180617 0.638767 0.185022 0.638767 0.189427 0.634361 0.193833 0.638767 0.198238 0.638767 0.202643 0.634361 0.207048 0.638767 0.211454 0.634361 0.211454 0.629956 0.215859 0.625551 0.207048 0.616740 0.202643 0.616740 0.193833 0.625551 0.189427 0.625551 0.185022 0.629956 0.180617 0.629956 0.176211 0.625551 0.167401 0.625551 0.162996 0.621145 0.145374 0.621145 0.140969 0.616740 0.127753 0.616740 0.123348 0.612335 0.114537 0.612335 0.105727 0.621145 0.101322 0.621145
0 0.317181 0.612335 0.312775 0.607930 0.308370 0.612335 0.303965 0.612335 0.281938 0.634361 0.277533 0.634361 0.273128 0.638767 0.268722 0.638767 0.264317 0.634361 0.259912 0.634361 0.251101 0.643172 0.246696 0.643172 0.242291 0.647577 0.246696 0.651982 0.268722 0.651982 0.273128 0.647577 0.281938 0.647577 0.286344 0.651982 0.290749 0.651982 0.295154 0.656388 0.299559 0.656388 0.303965 0.651982 0.303965 0.647577 0.308370 0.643172 0.308370 0.634361 0.312775 0.629956 0.312775 0.625551 0.317181 0.621145
0 0.361233 0.555066 0.348018 0.568282 0.356828 0.577093 0.361233 0.577093 0.365639 0.581498 0.370044 0.581498 0.374449 0.577093 0.374449 0.568282 0.378855 0.563877 0.370044 0.555066
0 0.581498 0.440529 0.572687 0.431718 0.568282 0.431718 0.559471 0.440529 0.555066 0.440529 0.550661 0.444934 0.533040 0.444934 0.528634 0.449339 0.524229 0.449339 0.519824 0.444934 0.506608 0.444934 0.502203 0.449339 0.502203 0.453745 0.497797 0.458150 0.497797 0.462555 0.502203 0.466960 0.511013 0.466960 0.515419 0.462555 0.524229 0.462555 0.528634 0.458150 0.533040 0.462555 0.568282 0.462555 0.577093 0.453745 0.577093 0.449339 0.581498 0.444934
0 0.211454 0.418502 0.211454 0.422908 0.215859 0.427313 0.215859 0.431718 0.220264 0.436123 0.233480 0.436123 0.237885 0.440529 0.242291 0.440529 0.251101 0.431718 0.251101 0.422908 0.242291 0.414097 0.237885 0.414097 0.233480 0.409692 0.224670 0.409692 0.220264 0.414097 0.215859 0.414097
0 0.585903 0.378855 0.581498 0.383260 0.581498 0.392070 0.590308 0.400881 0.594714 0.396476 0.599119 0.396476 0.603524 0.400881 0.607930 0.400881 0.612335 0.405286 0.616740 0.405286 0.621145 0.409692 0.621145 0.414097 0.625551 0.418502 0.625551 0.427313 0.621145 0.431718 0.621145 0.436123 0.625551 0.440529 0.625551 0.444934 0.629956 0.449339 0.634361 0.449339 0.638767 0.453745 0.647577 0.444934 0.647577 0.436123 0.634361 0.422908 0.634361 0.396476 0.621145 0.383260 0.612335 0.383260 0.607930 0.378855
0 0.167401 0.374449 0.162996 0.374449 0.158590 0.378855 0.158590 0.400881 0.154185 0.405286 0.154185 0.414097 0.149780 0.418502 0.149780 0.422908 0.145374 0.427313 0.149780 0.431718 0.158590 0.431718 0.167401 0.422908 0.167401 0.409692 0.171806 0.405286 0.171806 0.378855
0 0.387665 0.383260 0.374449 0.383260 0.370044 0.378855 0.361233 0.387665 0.361233 0.392070 0.365639 0.396476 0.365639 0.405286 0.361233 0.409692 0.348018 0.414097 0.343612 0.409692 0.334802 0.409692 0.330396 0.405286 0.325991 0.405286 0.321586 0.400881 0.321586 0.383260 0.308370 0.370044 0.303965 0.374449 0.303965 0.378855 0.312775 0.387665 0.312775 0.400881 0.308370 0.405286 0.308370 0.409692 0.312775 0.414097 0.312775 0.431718 0.299559 0.444934 0.299559 0.458150 0.295154 0.462555 0.281938 0.466960 0.286344 0.471366 0.286344 0.484582 0.281938 0.488987 0.281938 0.493392 0.268722 0.506608 0.268722 0.515419 0.259912 0.524229 0.259912 0.555066 0.255507 0.559471 0.255507 0.563877 0.264317 0.572687 0.268722 0.572687 0.273128 0.577093 0.273128 0.594714 0.277533 0.599119 0.290749 0.590308 0.290749 0.585903 0.281938 0.577093 0.281938 0.550661 0.277533 0.546256 0.277533 0.528634 0.299559 0.506608 0.299559 0.502203 0.303965 0.497797 0.303965 0.475771 0.308370 0.471366 0.308370 0.466960 0.321586 0.458150 0.325991 0.458150 0.330396 0.462555 0.334802 0.458150 0.348018 0.458150 0.361233 0.444934 0.356828 0.440529 0.356828 0.431718 0.361233 0.427313 0.365639 0.427313 0.374449 0.418502 0.378855 0.418502 0.383260 0.414097 0.392070 0.414097 0.405286 0.400881 0.405286 0.396476 0.400881 0.392070 0.396476 0.392070
0 0.475771 0.343612 0.471366 0.343612 0.466960 0.348018 0.462555 0.348018 0.458150 0.352423 0.458150 0.361233 0.462555 0.365639 0.462555 0.370044 0.466960 0.374449 0.466960 0.387665 0.471366 0.392070 0.475771 0.387665 0.475771 0.365639 0.480176 0.361233 0.480176 0.348018
0 0.000000 0.330396 0.004405 0.334802 0.008811 0.334802 0.013216 0.339207 0.013216 0.343612 0.017621 0.348018 0.026432 0.348018 0.030837 0.343612 0.035242 0.348018 0.039648 0.343612 0.044053 0.343612 0.048458 0.339207 0.052863 0.343612 0.057269 0.343612 0.061674 0.348018 0.070485 0.339207 0.066079 0.334802 0.061674 0.334802 0.057269 0.330396 0.052863 0.334802 0.048458 0.334802 0.044053 0.330396 0.039648 0.330396 0.035242 0.325991 0.030837 0.330396 0.026432 0.330396 0.022026 0.334802 0.017621 0.334802 0.013216 0.330396 0.008811 0.330396 0.004405 0.325991
0 0.995595 0.317181 0.951542 0.299559 0.947137 0.361233 0.911894 0.396476 0.960352 0.383260 0.973568 0.400881 0.872247 0.436123 0.828194 0.484582 0.810573 0.466960 0.792952 0.488987 0.770925 0.484582 0.766520 0.440529 0.735683 0.427313 0.722467 0.449339 0.740088 0.488987 0.682819 0.533040 0.665198 0.497797 0.669604 0.541850 0.651982 0.555066 0.607930 0.546256 0.621145 0.528634 0.612335 0.462555 0.603524 0.546256 0.577093 0.555066 0.519824 0.519824 0.511013 0.537445 0.546256 0.563877 0.497797 0.625551 0.471366 0.590308 0.453745 0.594714 0.497797 0.643172 0.484582 0.682819 0.431718 0.718062 0.370044 0.718062 0.330396 0.740088 0.290749 0.740088 0.264317 0.718062 0.259912 0.740088 0.233480 0.744493 0.207048 0.726872 0.215859 0.696035 0.189427 0.669604 0.176211 0.682819 0.207048 0.731278 0.176211 0.744493 0.158590 0.722467 0.167401 0.753304 0.110132 0.797357 0.079295 0.775330 0.066079 0.792952 0.079295 0.823789 0.004405 0.863436 0.000000 0.903084 0.079295 0.889868 0.237885 0.779736 0.312775 0.797357 0.387665 0.766520 0.484582 0.757709 0.533040 0.722467 0.581498 0.616740 0.726872 0.585903 0.700441 0.577093 0.709251 0.555066 0.850220 0.519824 0.863436 0.537445 0.801762 0.577093 0.784141 0.669604 0.744493 0.687225 0.731278 0.660793 0.748899 0.638767 0.722467 0.643172 0.735683 0.700441 0.696035 0.801762 0.559471 0.859031 0.533040 0.845815 0.533040 0.885463 0.497797 0.916300 0.475771 0.903084 0.493392 0.933921 0.422908 0.995595 0.453745 0.995595 0.471366 0.973568 0.519824 0.995595 0.634361 0.885463 0.709251 0.850220 0.740088 0.766520 0.801762 0.687225 0.894273 0.660793 0.911894 0.616740 0.933921 0.634361 0.995595 0.616740 0.995595 0.568282 0.960352 0.590308 0.942731 0.581498 0.955947 0.550661 0.995595 0.537445 0.982379 0.519824 0.995595 0.471366 0.964758 0.436123 0.995595 0.405286
0 0.898678 0.299559 0.889868 0.308370 0.889868 0.330396 0.881057 0.339207 0.881057 0.343612 0.867841 0.356828 0.867841 0.361233 0.863436 0.365639 0.859031 0.365639 0.854626 0.370044 0.850220 0.365639 0.845815 0.365639 0.841410 0.361233 0.841410 0.348018 0.850220 0.339207 0.850220 0.321586 0.841410 0.312775 0.832599 0.321586 0.832599 0.330396 0.828194 0.334802 0.837004 0.343612 0.837004 0.352423 0.832599 0.356828 0.832599 0.361233 0.828194 0.365639 0.828194 0.374449 0.845815 0.392070 0.845815 0.396476 0.850220 0.400881 0.859031 0.392070 0.859031 0.387665 0.863436 0.383260 0.867841 0.383260 0.872247 0.378855 0.876652 0.378855 0.881057 0.383260 0.885463 0.383260 0.889868 0.387665 0.894273 0.387665 0.898678 0.383260 0.898678 0.374449 0.903084 0.370044 0.903084 0.365639 0.907489 0.361233 0.907489 0.348018 0.925110 0.330396 0.925110 0.321586 0.916300 0.312775 0.911894 0.312775
0 0.365639 0.277533 0.356828 0.286344 0.365639 0.295154 0.378855 0.295154 0.383260 0.299559 0.387665 0.299559 0.392070 0.303965 0.392070 0.343612 0.400881 0.352423 0.409692 0.352423 0.414097 0.348018 0.414097 0.317181 0.427313 0.303965 0.427313 0.299559 0.418502 0.290749 0.409692 0.299559 0.405286 0.299559 0.400881 0.303965 0.396476 0.299559 0.392070 0.299559 0.387665 0.295154 0.387665 0.286344 0.378855 0.277533
0 0.096916 0.334802 0.105727 0.348018 0.105727 0.361233 0.114537 0.370044 0.140969 0.352423 0.145374 0.356828 0.158590 0.352423 0.171806 0.339207 0.176211 0.339207 0.180617 0.334802 0.185022 0.339207 0.189427 0.339207 0.198238 0.348018 0.198238 0.352423 0.211454 0.361233 0.220264 0.352423 0.220264 0.343612 0.207048 0.334802 0.202643 0.334802 0.198238 0.339207 0.185022 0.334802 0.180617 0.330396 0.180617 0.312775 0.185022 0.308370 0.189427 0.308370 0.193833 0.303965 0.198238 0.308370 0.202643 0.303965 0.207048 0.303965 0.211454 0.308370 0.224670 0.312775 0.233480 0.321586 0.242291 0.321586 0.246696 0.317181 0.273128 0.317181 0.277533 0.321586 0.290749 0.321586 0.308370 0.303965 0.312775 0.303965 0.321586 0.295154 0.312775 0.286344 0.308370 0.286344 0.303965 0.290749 0.299559 0.290749 0.286344 0.299559 0.268722 0.299559 0.264317 0.295154 0.246696 0.295154 0.242291 0.299559 0.237885 0.299559 0.233480 0.295154 0.224670 0.295154 0.220264 0.290749 0.215859 0.290749 0.202643 0.281938 0.193833 0.281938 0.189427 0.277533 0.176211 0.273128 0.167401 0.281938 0.167401 0.286344 0.162996 0.290749 0.158590 0.303965 0.145374 0.317181 0.140969 0.317181 0.136564 0.321586 0.132159 0.321586 0.118943 0.330396 0.110132 0.330396 0.105727 0.325991 0.101322 0.325991 0.096916 0.330396
0 0.537445 0.264317 0.524229 0.277533 0.524229 0.286344 0.537445 0.299559 0.537445 0.303965 0.541850 0.308370 0.546256 0.308370 0.550661 0.303965 0.550661 0.286344 0.541850 0.277533 0.541850 0.268722
0 0.859031 0.259912 0.854626 0.264317 0.850220 0.264317 0.841410 0.273128 0.841410 0.281938 0.837004 0.286344 0.837004 0.290749 0.845815 0.299559 0.850220 0.299559 0.859031 0.290749 0.859031 0.286344 0.863436 0.281938 0.863436 0.264317
0 0.964758 0.242291 0.960352 0.242291 0.955947 0.246696 0.951542 0.246696 0.942731 0.255507 0.947137 0.259912 0.947137 0.264317 0.960352 0.277533 0.969163 0.268722 0.969163 0.255507 0.973568 0.251101
0 0.691630 0.237885 0.687225 0.242291 0.682819 0.242291 0.678414 0.246696 0.678414 0.251101 0.674009 0.255507 0.669604 0.255507 0.665198 0.259912 0.660793 0.259912 0.656388 0.255507 0.647577 0.255507 0.643172 0.259912 0.643172 0.264317 0.647577 0.268722 0.647577 0.277533 0.651982 0.281938 0.651982 0.299559 0.665198 0.312775 0.674009 0.312775 0.678414 0.317181 0.682819 0.317181 0.687225 0.321586 0.687225 0.325991 0.691630 0.330396 0.696035 0.330396 0.700441 0.325991 0.696035 0.321586 0.691630 0.321586 0.682819 0.312775 0.682819 0.303965 0.678414 0.299559 0.678414 0.295154 0.665198 0.281938 0.665198 0.268722 0.669604 0.264317 0.674009 0.264317 0.678414 0.259912 0.682819 0.259912 0.687225 0.264317 0.691630 0.264317 0.704846 0.251101 0.704846 0.246696 0.700441 0.242291 0.696035 0.242291
0 0.295154 0.220264 0.286344 0.229075 0.290749 0.233480 0.290749 0.255507 0.303965 0.268722 0.308370 0.264317 0.308370 0.259912 0.312775 0.255507 0.312775 0.251101 0.308370 0.246696 0.308370 0.237885 0.312775 0.233480 0.312775 0.224670 0.308370 0.220264
0 0.000000 0.215859 0.000000 0.233480 0.004405 0.233480 0.008811 0.237885 0.013216 0.237885 0.017621 0.242291 0.017621 0.268722 0.030837 0.281938 0.035242 0.277533 0.035242 0.268722 0.039648 0.264317 0.039648 0.259912 0.044053 0.255507 0.048458 0.255507 0.052863 0.251101 0.057269 0.255507 0.061674 0.255507 0.074890 0.268722 0.074890 0.277533 0.079295 0.277533 0.083700 0.273128 0.083700 0.264317 0.074890 0.255507 0.074890 0.251101 0.061674 0.237885 0.057269 0.237885 0.052863 0.233480 0.048458 0.233480 0.039648 0.242291 0.035242 0.242291 0.030837 0.246696 0.026432 0.246696 0.022026 0.242291 0.017621 0.242291 0.013216 0.237885 0.013216 0.229075
0 0.590308 0.207048 0.585903 0.211454 0.585903 0.229075 0.599119 0.242291 0.603524 0.242291 0.612335 0.251101 0.621145 0.251101 0.625551 0.246696 0.625551 0.237885 0.594714 0.207048
0 0.973568 0.202643 0.969163 0.207048 0.969163 0.211454 0.973568 0.215859 0.973568 0.220264 0.982379 0.229075 0.995595 0.229075 0.995595 0.211454 0.991189 0.211454 0.986784 0.207048 0.982379 0.207048 0.977974 0.202643
0 0.709251 0.180617 0.700441 0.189427 0.700441 0.198238 0.718062 0.215859 0.722467 0.211454 0.722467 0.207048 0.731278 0.198238 0.713656 0.180617
0 0.057269 0.167401 0.052863 0.167401 0.048458 0.171806 0.044053 0.171806 0.039648 0.176211 0.039648 0.180617 0.035242 0.185022 0.030837 0.185022 0.026432 0.189427 0.026432 0.198238 0.039648 0.211454 0.048458 0.202643 0.048458 0.185022 0.061674 0.171806
0 0.251101 0.171806 0.251101 0.176211 0.255507 0.180617 0.264317 0.180617 0.273128 0.171806 0.277533 0.171806 0.281938 0.167401 0.286344 0.167401 0.290749 0.171806 0.295154 0.171806 0.299559 0.176211 0.299559 0.180617 0.308370 0.189427 0.312775 0.189427 0.317181 0.193833 0.317181 0.198238 0.325991 0.207048 0.330396 0.207048 0.334802 0.202643 0.334802 0.189427 0.321586 0.176211 0.321586 0.171806 0.308370 0.158590 0.299559 0.158590 0.295154 0.162996 0.290749 0.162996 0.286344 0.158590 0.281938 0.158590 0.277533 0.154185 0.268722 0.154185
0 0.819383 0.149780 0.814978 0.154185 0.814978 0.158590 0.810573 0.162996 0.810573 0.167401 0.806167 0.171806 0.806167 0.176211 0.810573 0.180617 0.810573 0.185022 0.814978 0.189427 0.814978 0.198238 0.823789 0.207048 0.823789 0.211454 0.828194 0.215859 0.828194 0.233480 0.837004 0.242291 0.845815 0.242291 0.850220 0.237885 0.850220 0.224670 0.845815 0.220264 0.845815 0.207048 0.841410 0.202643 0.841410 0.198238 0.837004 0.193833 0.837004 0.189427 0.828194 0.180617 0.828194 0.158590
0 0.687225 0.132159 0.682819 0.136564 0.682819 0.140969 0.687225 0.145374 0.691630 0.145374 0.709251 0.162996 0.713656 0.158590 0.713656 0.154185 0.718062 0.149780 0.700441 0.132159 0.696035 0.136564 0.691630 0.132159
0 0.845815 0.127753 0.859031 0.140969 0.863436 0.136564 0.867841 0.136564 0.872247 0.132159 0.876652 0.132159 0.881057 0.136564 0.885463 0.132159 0.889868 0.136564 0.898678 0.136564 0.903084 0.132159 0.907489 0.132159 0.911894 0.136564 0.916300 0.136564 0.920705 0.140969 0.920705 0.171806 0.916300 0.176211 0.920705 0.180617 0.920705 0.193833 0.925110 0.198238 0.929515 0.198238 0.933921 0.193833 0.933921 0.189427 0.947137 0.176211 0.947137 0.162996 0.942731 0.158590 0.942731 0.149780 0.938326 0.145374 0.938326 0.140969 0.933921 0.136564 0.929515 0.136564 0.925110 0.132159 0.920705 0.136564 0.916300 0.136564 0.911894 0.132159 0.907489 0.132159 0.898678 0.123348 0.894273 0.123348 0.889868 0.118943 0.885463 0.118943 0.881057 0.114537 0.872247 0.123348 0.867841 0.123348 0.863436 0.127753 0.854626 0.127753 0.850220 0.123348
0 0.392070 0.096916 0.396476 0.096916 0.409692 0.110132 0.418502 0.110132 0.422908 0.114537 0.427313 0.114537 0.436123 0.123348 0.436123 0.140969 0.422908 0.154185 0.422908 0.158590 0.427313 0.162996 0.431718 0.162996 0.440529 0.154185 0.440529 0.149780 0.444934 0.145374 0.444934 0.136564 0.449339 0.132159 0.444934 0.127753 0.440529 0.127753 0.431718 0.118943 0.431718 0.101322 0.427313 0.096916 0.418502 0.096916 0.414097 0.092511 0.400881 0.092511 0.396476 0.096916
0 0.563877 0.079295 0.550661 0.079295 0.546256 0.083700 0.537445 0.083700 0.533040 0.088106 0.533040 0.092511 0.537445 0.096916 0.537445 0.101322 0.546256 0.110132 0.550661 0.110132 0.555066 0.105727 0.559471 0.105727 0.563877 0.101322 0.563877 0.096916 0.568282 0.092511 0.568282 0.083700
0 0.127753 0.070485 0.118943 0.079295 0.118943 0.101322 0.127753 0.110132 0.132159 0.110132 0.136564 0.105727 0.136564 0.096916 0.140969 0.092511 0.140969 0.088106 0.136564 0.083700 0.136564 0.074890 0.132159 0.070485
0 0.607930 0.074890 0.607930 0.079295 0.629956 0.101322 0.634361 0.101322 0.638767 0.105727 0.647577 0.105727 0.651982 0.110132 0.656388 0.105727 0.660793 0.110132 0.665198 0.105727 0.665198 0.101322 0.669604 0.096916 0.665198 0.092511 0.660793 0.092511 0.656388 0.088106 0.643172 0.088106 0.638767 0.083700 0.634361 0.083700 0.629956 0.079295 0.629956 0.070485 0.625551 0.066079 0.616740 0.066079
0 0.281938 0.057269 0.277533 0.061674 0.277533 0.066079 0.273128 0.070485 0.273128 0.079295 0.268722 0.083700 0.268722 0.096916 0.273128 0.101322 0.277533 0.101322 0.286344 0.110132 0.295154 0.101322 0.295154 0.096916 0.290749 0.092511 0.290749 0.061674 0.286344 0.057269
0 0.885463 0.022026 0.881057 0.026432 0.881057 0.030837 0.885463 0.035242 0.889868 0.035242 0.894273 0.039648 0.894273 0.048458 0.898678 0.052863 0.898678 0.079295 0.903084 0.083700 0.903084 0.088106 0.907489 0.092511 0.916300 0.092511 0.925110 0.083700 0.916300 0.074890 0.916300 0.052863 0.920705 0.048458 0.911894 0.039648 0.907489 0.039648 0.903084 0.035242 0.898678 0.035242 0.894273 0.030837 0.894273 0.026432 0.889868 0.022026
0 0.000000 0.017621 0.000000 0.030837 0.008811 0.030837 0.013216 0.035242 0.017621 0.035242 0.022026 0.039648 0.022026 0.048458 0.026432 0.052863 0.035242 0.052863 0.039648 0.048458 0.052863 0.048458 0.061674 0.039648 0.052863 0.030837 0.035242 0.030837 0.030837 0.026432 0.026432 0.030837 0.022026 0.026432 0.017621 0.026432 0.008811 0.017621
0 0.735683 0.008811 0.731278 0.013216 0.731278 0.026432 0.748899 0.044053 0.753304 0.039648 0.757709 0.044053 0.762115 0.044053 0.775330 0.057269 0.784141 0.048458 0.784141 0.044053 0.779736 0.039648 0.775330 0.044053 0.770925 0.039648 0.766520 0.039648 0.757709 0.030837 0.757709 0.026432 0.744493 0.013216 0.740088 0.013216
