0 0.995595 0.969163 0.969163 0.969163 0.964758 0.973568 0.960352 0.973568 0.955947 0.977974 0.951542 0.977974 0.933921 0.995595 0.951542 0.995595 0.951542 0.991189 0.955947 0.986784 0.960352 0.986784 0.964758 0.982379 0.995595 0.982379
0 0.312775 0.995595 0.453745 0.995595 0.449339 0.991189 0.449339 0.986784 0.444934 0.982379 0.440529 0.986784 0.436123 0.986784 0.431718 0.982379 0.427313 0.982379 0.422908 0.977974 0.409692 0.977974 0.405286 0.973568 0.392070 0.973568 0.387665 0.977974 0.348018 0.977974 0.343612 0.973568 0.339207 0.973568 0.330396 0.964758 0.325991 0.964758 0.325991 0.986784 0.321586 0.991189 0.317181 0.991189
0 0.832599 0.920705 0.832599 0.925110 0.837004 0.925110 0.841410 0.929515 0.841410 0.938326 0.854626 0.951542 0.863436 0.942731 0.863436 0.938326 0.859031 0.933921 0.859031 0.925110 0.850220 0.916300 0.841410 0.916300 0.837004 0.920705
0 0.440529 0.938326 0.440529 0.920705 0.436123 0.916300 0.427313 0.916300 0.418502 0.925110 0.414097 0.925110 0.409692 0.929515 0.396476 0.929515 0.392070 0.925110 0.387665 0.925110 0.383260 0.920705 0.365639 0.920705 0.361233 0.925110 0.370044 0.933921 0.374449 0.933921 0.387665 0.947137 0.400881 0.947137 0.405286 0.942731 0.409692 0.942731 0.414097 0.938326 0.418502 0.942731 0.436123 0.942731
0 0.784141 0.898678 0.779736 0.903084 0.784141 0.907489 0.788546 0.907489 0.797357 0.916300 0.797357 0.925110 0.792952 0.929515 0.788546 0.929515 0.784141 0.933921 0.775330 0.933921 0.766520 0.942731 0.766520 0.947137 0.770925 0.951542 0.770925 0.964758 0.766520 0.969163 0.766520 0.973568 0.775330 0.982379 0.792952 0.982379 0.797357 0.986784 0.801762 0.986784 0.806167 0.991189 0.806167 0.995595 0.863436 0.995595 0.863436 0.991189 0.854626 0.982379 0.850220 0.982379 0.841410 0.973568 0.832599 0.973568 0.828194 0.969163 0.823789 0.973568 0.810573 0.973568 0.806167 0.977974 0.801762 0.973568 0.797357 0.973568 0.792952 0.969163 0.792952 0.933921 0.797357 0.929515 0.801762 0.929515 0.806167 0.925110 0.814978 0.925110 0.819383 0.920705 0.823789 0.920705 0.819383 0.920705 0.814978 0.916300 0.810573 0.916300 0.801762 0.907489 0.801762 0.903084 0.797357 0.898678
0 0.920705 0.907489 0.920705 0.911894 0.925110 0.916300 0.933921 0.916300 0.938326 0.911894 0.942731 0.911894 0.947137 0.916300 0.951542 0.916300 0.955947 0.920705 0.955947 0.929515 0.964758 0.938326 0.973568 0.938326 0.977974 0.933921 0.982379 0.933921 0.986784 0.929515 0.991189 0.929515 0.991189 0.925110 0.986784 0.925110 0.977974 0.916300 0.973568 0.916300 0.969163 0.911894 0.964758 0.916300 0.960352 0.916300 0.955947 0.920705 0.951542 0.916300 0.947137 0.916300 0.942731 0.911894 0.942731 0.903084 0.947137 0.898678 0.942731 0.894273 0.929515 0.894273 0.925110 0.898678 0.925110 0.903084
0 0.797357 0.850220 0.792952 0.854626 0.792952 0.859031 0.801762 0.867841 0.801762 0.872247 0.814978 0.885463 0.819383 0.885463 0.823789 0.889868 0.828194 0.889868 0.832599 0.885463 0.823789 0.876652 0.823789 0.872247 0.810573 0.859031 0.810573 0.854626 0.806167 0.850220
0 0.903084 0.837004 0.894273 0.837004 0.889868 0.841410 0.889868 0.845815 0.885463 0.850220 0.894273 0.859031 0.894273 0.867841 0.889868 0.872247 0.885463 0.872247 0.867841 0.889868 0.876652 0.898678 0.885463 0.898678 0.894273 0.889868 0.894273 0.881057 0.898678 0.876652 0.903084 0.876652 0.907489 0.872247 0.911894 0.872247 0.920705 0.863436 0.911894 0.854626 0.911894 0.850220 0.907489 0.845815 0.907489 0.841410
0 0.585903 0.845815 0.577093 0.837004 0.577093 0.832599 0.568282 0.823789 0.563877 0.823789 0.559471 0.828194 0.550661 0.828194 0.546256 0.832599 0.541850 0.832599 0.528634 0.845815 0.528634 0.850220 0.537445 0.859031 0.541850 0.859031 0.550661 0.850220 0.555066 0.850220 0.559471 0.845815 0.577093 0.845815 0.581498 0.850220
0 0.000000 0.863436 0.000000 0.938326 0.022026 0.920705 0.039648 0.938326 0.061674 0.925110 0.105727 0.925110 0.105727 0.903084 0.132159 0.894273 0.171806 0.920705 0.198238 0.911894 0.211454 0.916300 0.215859 0.929515 0.246696 0.955947 0.251101 0.977974 0.251101 0.955947 0.273128 0.938326 0.295154 0.951542 0.321586 0.955947 0.321586 0.933921 0.339207 0.916300 0.348018 0.894273 0.356828 0.889868 0.370044 0.898678 0.400881 0.881057 0.471366 0.889868 0.497797 0.916300 0.541850 0.925110 0.568282 0.938326 0.594714 0.964758 0.594714 0.973568 0.581498 0.982379 0.515419 0.977974 0.502203 0.995595 0.594714 0.995595 0.607930 0.982379 0.638767 0.977974 0.660793 0.955947 0.700441 0.969163 0.726872 0.960352 0.722467 0.929515 0.704846 0.938326 0.656388 0.925110 0.625551 0.947137 0.585903 0.920705 0.585903 0.907489 0.603524 0.894273 0.612335 0.876652 0.594714 0.867841 0.555066 0.889868 0.519824 0.885463 0.458150 0.850220 0.449339 0.837004 0.427313 0.854626 0.405286 0.845815 0.383260 0.850220 0.365639 0.837004 0.317181 0.845815 0.295154 0.832599 0.277533 0.832599 0.259912 0.859031 0.233480 0.876652 0.180617 0.854626 0.180617 0.828194 0.189427 0.819383 0.185022 0.814978 0.145374 0.845815 0.110132 0.854626 0.088106 0.850220 0.057269 0.863436
0 0.779736 0.810573 0.775330 0.814978 0.770925 0.814978 0.762115 0.823789 0.762115 0.828194 0.753304 0.837004 0.753304 0.845815 0.748899 0.850220 0.753304 0.850220 0.757709 0.854626 0.770925 0.841410 0.770925 0.837004 0.779736 0.828194 0.779736 0.819383 0.784141 0.814978
0 0.955947 0.792952 0.947137 0.801762 0.947137 0.810573 0.951542 0.814978 0.955947 0.814978 0.960352 0.819383 0.960352 0.828194 0.955947 0.832599 0.969163 0.845815 0.977974 0.837004 0.977974 0.832599 0.973568 0.828194 0.969163 0.828194 0.964758 0.823789 0.964758 0.797357 0.960352 0.792952
0 0.273128 0.775330 0.281938 0.784141 0.290749 0.784141 0.295154 0.788546 0.299559 0.784141 0.303965 0.788546 0.308370 0.788546 0.312775 0.792952 0.317181 0.792952 0.325991 0.801762 0.330396 0.797357 0.330396 0.788546 0.321586 0.779736 0.321586 0.775330 0.317181 0.770925 0.308370 0.770925 0.303965 0.775330 0.299559 0.775330 0.295154 0.779736 0.290749 0.775330 0.286344 0.775330 0.281938 0.770925 0.277533 0.770925
0 0.634361 0.762115 0.629956 0.757709 0.625551 0.762115 0.621145 0.757709 0.612335 0.757709 0.607930 0.762115 0.603524 0.762115 0.599119 0.766520 0.594714 0.766520 0.590308 0.762115 0.581498 0.762115 0.577093 0.766520 0.577093 0.770925 0.581498 0.775330 0.581498 0.784141 0.585903 0.788546 0.594714 0.779736 0.594714 0.775330 0.599119 0.770925 0.603524 0.770925 0.607930 0.766520 0.612335 0.766520 0.616740 0.770925 0.621145 0.770925 0.625551 0.775330 0.634361 0.766520
0 0.881057 0.753304 0.876652 0.748899 0.837004 0.788546 0.832599 0.788546 0.828194 0.792952 0.819383 0.792952 0.814978 0.788546 0.806167 0.788546 0.801762 0.792952 0.797357 0.788546 0.792952 0.788546 0.784141 0.779736 0.784141 0.762115 0.779736 0.757709 0.775330 0.762115 0.775330 0.775330 0.779736 0.779736 0.784141 0.779736 0.792952 0.788546 0.792952 0.792952 0.801762 0.801762 0.806167 0.797357 0.810573 0.801762 0.814978 0.801762 0.828194 0.814978 0.828194 0.837004 0.837004 0.845815 0.841410 0.845815 0.845815 0.841410 0.845815 0.832599 0.837004 0.823789 0.837004 0.806167 0.854626 0.788546 0.859031 0.788546 0.863436 0.784141 0.867841 0.784141 0.876652 0.775330 0.876652 0.762115 0.881057 0.757709
0 0.550661 0.744493 0.541850 0.744493 0.537445 0.748899 0.528634 0.748899 0.524229 0.753304 0.524229 0.757709 0.519824 0.762115 0.515419 0.762115 0.506608 0.770925 0.506608 0.775330 0.511013 0.779736 0.511013 0.788546 0.515419 0.792952 0.519824 0.792952 0.524229 0.788546 0.524229 0.779736 0.528634 0.775330 0.528634 0.770925 0.533040 0.766520 0.537445 0.766520 0.541850 0.762115 0.546256 0.762115 0.555066 0.753304 0.555066 0.748899
0 0.022026 0.740088 0.017621 0.744493 0.017621 0.762115 0.013216 0.766520 0.013216 0.775330 0.008811 0.779736 0.004405 0.779736 0.000000 0.784141 0.000000 0.806167 0.004405 0.801762 0.008811 0.801762 0.017621 0.792952 0.017621 0.784141 0.022026 0.779736 0.022026 0.770925 0.030837 0.762115 0.026432 0.757709 0.026432 0.744493
0 0.748899 0.713656 0.744493 0.718062 0.740088 0.713656 0.735683 0.713656 0.731278 0.718062 0.722467 0.718062 0.718062 0.713656 0.713656 0.713656 0.709251 0.709251 0.700441 0.709251 0.696035 0.713656 0.696035 0.735683 0.687225 0.744493 0.687225 0.757709 0.682819 0.762115 0.682819 0.766520 0.678414 0.770925 0.674009 0.770925 0.669604 0.775330 0.674009 0.779736 0.674009 0.784141 0.678414 0.788546 0.678414 0.801762 0.674009 0.806167 0.682819 0.814978 0.691630 0.806167 0.687225 0.801762 0.687225 0.792952 0.682819 0.788546 0.682819 0.770925 0.696035 0.757709 0.696035 0.748899 0.700441 0.744493 0.700441 0.735683 0.713656 0.722467 0.718062 0.722467 0.722467 0.718062 0.726872 0.722467 0.731278 0.722467 0.735683 0.726872 0.744493 0.726872 0.748899 0.731278 0.753304 0.726872 0.753304 0.718062
0 0.497797 0.704846 0.493392 0.709251 0.488987 0.709251 0.484582 0.713656 0.480176 0.713656 0.475771 0.718062 0.466960 0.718062 0.462555 0.713656 0.458150 0.718062 0.458150 0.731278 0.453745 0.735683 0.453745 0.753304 0.449339 0.757709 0.449339 0.766520 0.444934 0.770925 0.444934 0.779736 0.449339 0.784141 0.453745 0.779736 0.458150 0.779736 0.462555 0.775330 0.462555 0.770925 0.466960 0.766520 0.466960 0.762115 0.471366 0.757709 0.471366 0.726872 0.475771 0.722467 0.480176 0.722467 0.484582 0.718062 0.488987 0.722467 0.493392 0.722467 0.497797 0.726872 0.502203 0.726872 0.506608 0.722467 0.506608 0.713656
0 0.982379 0.687225 0.973568 0.678414 0.969163 0.678414 0.964758 0.674009 0.951542 0.687225 0.947137 0.687225 0.942731 0.691630 0.938326 0.687225 0.933921 0.691630 0.929515 0.691630 0.925110 0.696035 0.925110 0.704846 0.929515 0.709251 0.938326 0.709251 0.947137 0.700441 0.951542 0.700441 0.955947 0.696035 0.960352 0.700441 0.964758 0.700441 0.969163 0.704846 0.973568 0.704846 0.982379 0.696035
0 0.634361 0.660793 0.625551 0.651982 0.621145 0.656388 0.616740 0.656388 0.594714 0.678414 0.599119 0.682819 0.603524 0.678414 0.621145 0.678414 0.634361 0.665198
0 0.458150 0.643172 0.453745 0.643172 0.444934 0.651982 0.444934 0.660793 0.440529 0.665198 0.444934 0.669604 0.444934 0.674009 0.449339 0.678414 0.453745 0.678414 0.466960 0.665198 0.466960 0.651982
0 0.035242 0.647577 0.035242 0.656388 0.039648 0.660793 0.048458 0.660793 0.052863 0.665198 0.061674 0.665198 0.066079 0.660793 0.066079 0.656388 0.070485 0.651982 0.066079 0.647577 0.057269 0.647577 0.052863 0.643172 0.039648 0.643172
0 0.581498 0.625551 0.572687 0.616740 0.568282 0.616740 0.563877 0.621145 0.555066 0.621145 0.550661 0.625551 0.546256 0.625551 0.537445 0.634361 0.537445 0.643172 0.519824 0.660793 0.519824 0.665198 0.524229 0.669604 0.528634 0.669604 0.537445 0.660793 0.537445 0.656388 0.541850 0.651982 0.546256 0.651982 0.550661 0.647577 0.559471 0.647577 0.563877 0.643172 0.568282 0.643172 0.572687 0.638767 0.577093 0.638767 0.581498 0.634361
0 0.356828 0.625551 0.343612 0.612335 0.339207 0.616740 0.339207 0.634361 0.330396 0.643172 0.325991 0.643172 0.321586 0.647577 0.312775 0.647577 0.308370 0.643172 0.303965 0.647577 0.299559 0.647577 0.295154 0.651982 0.290749 0.651982 0.286344 0.656388 0.281938 0.656388 0.277533 0.651982 0.273128 0.656388 0.268722 0.656388 0.264317 0.660793 0.259912 0.660793 0.255507 0.665198 0.255507 0.674009 0.259912 0.678414 0.268722 0.678414 0.273128 0.674009 0.273128 0.669604 0.281938 0.660793 0.286344 0.660793 0.290749 0.656388 0.295154 0.660793 0.299559 0.660793 0.308370 0.669604 0.312775 0.665198 0.321586 0.665198 0.325991 0.660793 0.330396 0.660793 0.334802 0.656388 0.339207 0.656388 0.356828 0.638767
0 0.607930 0.612335 0.616740 0.621145 0.638767 0.621145 0.643172 0.625551 0.651982 0.625551 0.656388 0.621145 0.643172 0.607930 0.638767 0.607930 0.634361 0.612335 0.629956 0.612335 0.625551 0.607930 0.612335 0.607930
0 0.317181 0.599119 0.308370 0.590308 0.303965 0.590308 0.290749 0.603524 0.290749 0.607930 0.281938 0.616740 0.277533 0.616740 0.273128 0.621145 0.273128 0.625551 0.277533 0.629956 0.295154 0.612335 0.299559 0.612335 0.303965 0.607930 0.308370 0.607930
0 0.436123 0.603524 0.427313 0.594714 0.422908 0.594714 0.418502 0.590308 0.414097 0.590308 0.409692 0.585903 0.405286 0.585903 0.400881 0.590308 0.396476 0.590308 0.392070 0.594714 0.387665 0.594714 0.383260 0.590308 0.370044 0.590308 0.365639 0.594714 0.374449 0.603524 0.383260 0.603524 0.387665 0.599119 0.392070 0.599119 0.396476 0.594714 0.400881 0.599119 0.405286 0.599119 0.422908 0.616740
0 0.823789 0.418502 0.823789 0.431718 0.828194 0.436123 0.832599 0.436123 0.837004 0.431718 0.841410 0.431718 0.845815 0.436123 0.850220 0.436123 0.854626 0.440529 0.854626 0.449339 0.859031 0.453745 0.872247 0.453745 0.876652 0.449339 0.876652 0.436123 0.872247 0.431718 0.867841 0.436123 0.863436 0.436123 0.859031 0.440529 0.854626 0.440529 0.850220 0.436123 0.845815 0.436123 0.841410 0.431718 0.841410 0.422908 0.832599 0.414097 0.828194 0.414097
0 0.792952 0.422908 0.788546 0.418502 0.784141 0.422908 0.779736 0.422908 0.775330 0.418502 0.770925 0.418502 0.762115 0.409692 0.744493 0.409692 0.735683 0.418502 0.735683 0.431718 0.731278 0.436123 0.726872 0.436123 0.722467 0.440529 0.718062 0.440529 0.704846 0.453745 0.713656 0.462555 0.718062 0.462555 0.726872 0.453745 0.726872 0.440529 0.731278 0.436123 0.735683 0.436123 0.740088 0.431718 0.753304 0.431718 0.762115 0.422908 0.766520 0.422908 0.770925 0.418502 0.775330 0.422908 0.779736 0.422908 0.788546 0.431718 0.792952 0.427313
0 0.669604 0.405286 0.660793 0.414097 0.660793 0.422908 0.669604 0.431718 0.678414 0.431718 0.687225 0.422908 0.687225 0.409692 0.682819 0.405286
0 0.149780 0.405286 0.154185 0.409692 0.154185 0.414097 0.158590 0.418502 0.171806 0.405286 0.176211 0.405286 0.180617 0.400881 0.185022 0.400881 0.189427 0.396476 0.193833 0.400881 0.198238 0.396476 0.193833 0.392070 0.185022 0.392070 0.180617 0.387665 0.176211 0.387665 0.171806 0.383260 0.158590 0.383260 0.149780 0.392070
0 0.237885 0.312775 0.233480 0.317181 0.242291 0.325991 0.242291 0.330396 0.246696 0.334802 0.246696 0.339207 0.251101 0.343612 0.255507 0.343612 0.259912 0.348018 0.264317 0.343612 0.264317 0.334802 0.259912 0.330396 0.259912 0.325991 0.246696 0.312775
0 0.524229 0.317181 0.528634 0.321586 0.537445 0.321586 0.541850 0.325991 0.555066 0.325991 0.559471 0.321586 0.559471 0.312775 0.550661 0.303965 0.541850 0.303965 0.537445 0.308370 0.533040 0.308370
0 0.290749 0.303965 0.290749 0.317181 0.295154 0.321586 0.312775 0.321586 0.317181 0.317181 0.321586 0.317181 0.325991 0.312775 0.330396 0.317181 0.339207 0.317181 0.343612 0.321586 0.348018 0.317181 0.348018 0.308370 0.339207 0.299559 0.334802 0.303965 0.330396 0.303965 0.325991 0.308370 0.321586 0.308370 0.317181 0.303965 0.308370 0.303965 0.303965 0.299559 0.295154 0.299559
0 0.396476 0.290749 0.392070 0.295154 0.392070 0.317181 0.396476 0.321586 0.396476 0.325991 0.400881 0.330396 0.405286 0.330396 0.414097 0.321586 0.414097 0.303965 0.400881 0.290749
0 0.903084 0.308370 0.903084 0.303965 0.898678 0.299559 0.898678 0.295154 0.889868 0.286344 0.876652 0.286344 0.867841 0.295154 0.863436 0.295154 0.859031 0.299559 0.854626 0.299559 0.850220 0.295154 0.845815 0.295154 0.841410 0.299559 0.850220 0.308370 0.854626 0.308370 0.859031 0.303965 0.863436 0.303965 0.867841 0.299559 0.872247 0.303965 0.876652 0.303965 0.881057 0.308370 0.885463 0.308370 0.889868 0.312775 0.898678 0.312775
0 0.766520 0.277533 0.762115 0.281938 0.762115 0.299559 0.753304 0.308370 0.748899 0.308370 0.744493 0.312775 0.744493 0.317181 0.748899 0.321586 0.753304 0.317181 0.757709 0.317181 0.762115 0.312775 0.770925 0.312775 0.775330 0.308370 0.779736 0.308370 0.784141 0.312775 0.788546 0.312775 0.801762 0.325991 0.801762 0.330396 0.810573 0.339207 0.814978 0.339207 0.819383 0.343612 0.819383 0.352423 0.814978 0.356828 0.814978 0.361233 0.819383 0.365639 0.819383 0.378855 0.814978 0.383260 0.819383 0.387665 0.819383 0.392070 0.823789 0.396476 0.828194 0.392070 0.828194 0.365639 0.837004 0.356828 0.832599 0.352423 0.828194 0.352423 0.819383 0.343612 0.819383 0.334802 0.823789 0.330396 0.823789 0.325991 0.819383 0.321586 0.819383 0.317181 0.806167 0.303965 0.788546 0.303965 0.784141 0.299559 0.779736 0.299559 0.770925 0.290749 0.770925 0.281938
0 0.947137 0.259912 0.955947 0.268722 0.969163 0.268722 0.973568 0.264317 0.986784 0.264317 0.991189 0.268722 0.995595 0.268722 0.995595 0.251101 0.955947 0.251101
0 0.696035 0.224670 0.691630 0.229075 0.687225 0.229075 0.682819 0.233480 0.682819 0.237885 0.678414 0.242291 0.682819 0.246696 0.682819 0.251101 0.687225 0.255507 0.691630 0.255507 0.696035 0.259912 0.700441 0.255507 0.700441 0.229075
0 0.070485 0.140969 0.061674 0.149780 0.061674 0.158590 0.057269 0.162996 0.057269 0.171806 0.052863 0.176211 0.052863 0.180617 0.044053 0.189427 0.044053 0.193833 0.048458 0.198238 0.052863 0.193833 0.052863 0.189427 0.057269 0.185022 0.061674 0.185022 0.066079 0.180617 0.074890 0.180617 0.083700 0.171806 0.079295 0.167401 0.079295 0.158590 0.083700 0.154185 0.083700 0.149780 0.079295 0.145374 0.074890 0.145374
0 0.806167 0.158590 0.806167 0.167401 0.810573 0.171806 0.814978 0.167401 0.819383 0.171806 0.823789 0.171806 0.828194 0.176211 0.828194 0.189427 0.841410 0.202643 0.854626 0.202643 0.859031 0.198238 0.863436 0.198238 0.867841 0.193833 0.872247 0.193833 0.876652 0.198238 0.881057 0.198238 0.889868 0.207048 0.894273 0.207048 0.898678 0.202643 0.903084 0.202643 0.907489 0.198238 0.925110 0.198238 0.929515 0.193833 0.933921 0.193833 0.938326 0.189427 0.947137 0.189427 0.951542 0.185022 0.955947 0.185022 0.960352 0.180617 0.995595 0.180617 0.995595 0.171806 0.973568 0.171806 0.969163 0.167401 0.964758 0.167401 0.960352 0.162996 0.955947 0.162996 0.951542 0.158590 0.947137 0.158590 0.942731 0.154185 0.925110 0.154185 0.920705 0.149780 0.916300 0.149780 0.911894 0.145374 0.907489 0.149780 0.903084 0.149780 0.898678 0.145374 0.894273 0.145374 0.889868 0.140969 0.889868 0.136564 0.885463 0.132159 0.876652 0.132159 0.872247 0.136564 0.867841 0.136564 0.863436 0.140969 0.854626 0.140969 0.850220 0.145374 0.845815 0.145374 0.841410 0.149780 0.837004 0.149780 0.832599 0.145374 0.828194 0.145374 0.819383 0.136564 0.814978 0.140969 0.814978 0.149780
0 0.903084 0.114537 0.903084 0.118943 0.907489 0.123348 0.925110 0.123348 0.929515 0.127753 0.947137 0.127753 0.951542 0.132159 0.955947 0.127753 0.960352 0.127753 0.964758 0.132159 0.969163 0.132159 0.977974 0.140969 0.991189 0.140969 0.995595 0.136564 0.995595 0.123348 0.982379 0.123348 0.977974 0.127753 0.973568 0.127753 0.969163 0.132159 0.964758 0.127753 0.960352 0.127753 0.955947 0.123348 0.955947 0.118943 0.947137 0.110132 0.907489 0.110132
0 0.123348 0.132159 0.123348 0.145374 0.132159 0.154185 0.132159 0.176211 0.136564 0.180617 0.158590 0.180617 0.162996 0.176211 0.162996 0.171806 0.176211 0.162996 0.180617 0.167401 0.185022 0.167401 0.189427 0.162996 0.202643 0.162996 0.215859 0.154185 0.229075 0.158590 0.233480 0.162996 0.233480 0.171806 0.224670 0.180617 0.220264 0.180617 0.215859 0.185022 0.215859 0.198238 0.220264 0.202643 0.224670 0.202643 0.229075 0.198238 0.229075 0.189427 0.242291 0.180617 0.251101 0.180617 0.255507 0.185022 0.268722 0.189427 0.277533 0.198238 0.290749 0.198238 0.308370 0.176211 0.312775 0.176211 0.317181 0.171806 0.330396 0.171806 0.334802 0.167401 0.339207 0.171806 0.343612 0.171806 0.348018 0.176211 0.348018 0.180617 0.356828 0.189427 0.361233 0.189427 0.365639 0.185022 0.365639 0.176211 0.356828 0.167401 0.356828 0.158590 0.361233 0.154185 0.352423 0.140969 0.334802 0.158590 0.330396 0.158590 0.325991 0.162996 0.317181 0.162996 0.312775 0.167401 0.281938 0.167401 0.277533 0.162996 0.268722 0.162996 0.264317 0.158590 0.246696 0.158590 0.207048 0.132159 0.207048 0.118943 0.215859 0.110132 0.215859 0.105727 0.211454 0.105727 0.207048 0.101322 0.202643 0.101322 0.193833 0.110132 0.193833 0.118943 0.189427 0.123348 0.193833 0.127753 0.193833 0.140969 0.185022 0.149780 0.180617 0.149780 0.176211 0.154185 0.162996 0.154185 0.158590 0.158590 0.145374 0.154185 0.136564 0.145374 0.136564 0.136564 0.140969 0.132159 0.140969 0.127753 0.136564 0.123348 0.132159 0.123348
0 0.281938 0.057269 0.286344 0.061674 0.290749 0.057269 0.295154 0.057269 0.299559 0.061674 0.303965 0.061674 0.308370 0.066079 0.308370 0.070485 0.312775 0.074890 0.325991 0.061674 0.330396 0.061674 0.334802 0.057269 0.339207 0.057269 0.343612 0.052863 0.339207 0.048458 0.334802 0.052863 0.330396 0.052863 0.325991 0.057269 0.321586 0.052863 0.317181 0.052863 0.312775 0.057269 0.308370 0.057269 0.303965 0.061674 0.299559 0.057269 0.295154 0.057269 0.286344 0.048458 0.281938 0.052863
0 0.096916 0.044053 0.079295 0.044053 0.074890 0.048458 0.074890 0.074890 0.079295 0.079295 0.096916 0.061674 0.096916 0.057269 0.101322 0.052863 0.101322 0.048458
0 0.427313 0.044053 0.422908 0.039648 0.418502 0.039648 0.414097 0.035242 0.409692 0.035242 0.405286 0.039648 0.400881 0.039648 0.396476 0.044053 0.396476 0.057269 0.400881 0.061674 0.409692 0.061674 0.414097 0.057269 0.418502 0.057269 0.427313 0.048458
0 0.920705 0.017621 0.766520 0.000000 0.775330 0.022026 0.722467 0.048458 0.696035 0.008811 0.665198 0.048458 0.713656 0.057269 0.704846 0.096916 0.665198 0.096916 0.700441 0.140969 0.651982 0.185022 0.621145 0.176211 0.643172 0.136564 0.572687 0.127753 0.524229 0.167401 0.506608 0.132159 0.462555 0.114537 0.502203 0.180617 0.440529 0.202643 0.409692 0.176211 0.361233 0.215859 0.356828 0.246696 0.325991 0.211454 0.207048 0.237885 0.176211 0.193833 0.118943 0.233480 0.110132 0.193833 0.061674 0.259912 0.074890 0.281938 0.000000 0.330396 0.000000 0.396476 0.044053 0.405286 0.030837 0.436123 0.000000 0.440529 0.022026 0.458150 0.000000 0.497797 0.022026 0.533040 0.000000 0.550661 0.000000 0.599119 0.092511 0.559471 0.070485 0.528634 0.083700 0.511013 0.145374 0.585903 0.202643 0.546256 0.224670 0.590308 0.255507 0.594714 0.264317 0.577093 0.224670 0.572687 0.233480 0.537445 0.312775 0.502203 0.400881 0.555066 0.427313 0.541850 0.458150 0.559471 0.484582 0.537445 0.475771 0.515419 0.524229 0.511013 0.577093 0.533040 0.585903 0.581498 0.594714 0.550661 0.651982 0.524229 0.784141 0.603524 0.995595 0.616740 0.995595 0.581498 0.819383 0.581498 0.740088 0.555066 0.546256 0.352423 0.511013 0.378855 0.537445 0.440529 0.515419 0.466960 0.356828 0.493392 0.317181 0.475771 0.237885 0.515419 0.167401 0.511013 0.176211 0.466960 0.132159 0.475771 0.132159 0.511013 0.044053 0.480176 0.118943 0.374449 0.088106 0.361233 0.118943 0.334802 0.092511 0.308370 0.123348 0.281938 0.140969 0.303965 0.171806 0.286344 0.136564 0.277533 0.136564 0.255507 0.189427 0.237885 0.233480 0.281938 0.259912 0.255507 0.339207 0.281938 0.422908 0.259912 0.493392 0.317181 0.480176 0.242291 0.541850 0.215859 0.656388 0.215859 0.709251 0.193833 0.726872 0.145374 0.797357 0.127753 0.762115 0.083700 0.788546 0.022026 0.819383 0.026432 0.801762 0.074890 0.859031 0.105727 0.876652 0.092511 0.828194 0.039648
0 0.665198 0.000000 0.651982 0.000000 0.651982 0.004405 0.647577 0.008811 0.634361 0.013216 0.612335 0.030837 0.607930 0.030837 0.603524 0.035242 0.599119 0.035242 0.585903 0.044053 0.563877 0.044053 0.559471 0.039648 0.541850 0.039648 0.537445 0.044053 0.533040 0.044053 0.528634 0.039648 0.524229 0.039648 0.519824 0.044053 0.515419 0.044053 0.502203 0.052863 0.497797 0.048458 0.493392 0.048458 0.488987 0.044053 0.488987 0.039648 0.480176 0.030837 0.475771 0.030837 0.471366 0.035242 0.480176 0.044053 0.484582 0.044053 0.488987 0.048458 0.488987 0.061674 0.484582 0.066079 0.480176 0.066079 0.462555 0.088106 0.458150 0.088106 0.453745 0.092511 0.444934 0.092511 0.440529 0.096916 0.436123 0.096916 0.431718 0.092511 0.427313 0.096916 0.436123 0.110132 0.449339 0.101322 0.453745 0.105727 0.458150 0.105727 0.458150 0.101322 0.466960 0.092511 0.480176 0.088106 0.484582 0.083700 0.484582 0.079295 0.493392 0.070485 0.497797 0.070485 0.511013 0.057269 0.515419 0.057269 0.519824 0.052863 0.528634 0.052863 0.533040 0.057269 0.537445 0.052863 0.546256 0.052863 0.550661 0.048458 0.559471 0.048458 0.563877 0.052863 0.577093 0.052863 0.581498 0.057269 0.585903 0.057269 0.590308 0.061674 0.590308 0.070485 0.585903 0.074890 0.585903 0.083700 0.590308 0.088106 0.599119 0.088106 0.603524 0.083700 0.616740 0.079295 0.625551 0.066079 0.625551 0.052863 0.621145 0.048458 0.621145 0.035242 0.625551 0.030837 0.629956 0.030837 0.634361 0.026432 0.647577 0.022026 0.665198 0.004405
0 0.127753 0.013216 0.127753 0.017621 0.140969 0.030837 0.145374 0.030837 0.149780 0.035242 0.154185 0.035242 0.158590 0.030837 0.167401 0.030837 0.171806 0.026432 0.193833 0.026432 0.198238 0.030837 0.202643 0.030837 0.215859 0.044053 0.229075 0.044053 0.233480 0.048458 0.237885 0.048458 0.242291 0.052863 0.255507 0.052863 0.259912 0.048458 0.259912 0.044053 0.251101 0.035242 0.242291 0.035242 0.237885 0.030837 0.233480 0.030837 0.224670 0.022026 0.220264 0.022026 0.215859 0.017621 0.211454 0.022026 0.202643 0.022026 0.198238 0.017621 0.193833 0.017621 0.180617 0.004405 0.180617 0.000000 0.180617 0.004405 0.176211 0.008811 0.171806 0.008811 0.167401 0.013216 0.162996 0.013216 0.158590 0.017621 0.149780 0.017621 0.145374 0.013216 0.140969 0.013216 0.136564 0.008811 0.132159 0.008811
