0 0.480176 0.903084 0.475771 0.898678 0.462555 0.898678 0.458150 0.903084 0.453745 0.903084 0.427313 0.929515 0.422908 0.929515 0.418502 0.933921 0.427313 0.942731 0.440529 0.942731 0.444934 0.938326 0.449339 0.938326 0.453745 0.933921 0.458150 0.933921 0.466960 0.925110 0.466960 0.920705 0.471366 0.916300 0.471366 0.911894
0 0.955947 0.881057 0.951542 0.876652 0.938326 0.876652 0.933921 0.881057 0.925110 0.881057 0.920705 0.885463 0.911894 0.885463 0.907489 0.889868 0.907489 0.898678 0.911894 0.903084 0.916300 0.898678 0.920705 0.898678 0.925110 0.894273 0.933921 0.894273 0.938326 0.889868 0.951542 0.889868 0.955947 0.885463
0 0.176211 0.837004 0.171806 0.841410 0.171806 0.845815 0.167401 0.850220 0.171806 0.854626 0.171806 0.867841 0.176211 0.872247 0.176211 0.876652 0.180617 0.881057 0.185022 0.881057 0.198238 0.894273 0.198238 0.903084 0.202643 0.907489 0.207048 0.907489 0.220264 0.894273 0.202643 0.876652 0.202643 0.872247 0.198238 0.867841 0.198238 0.863436 0.185022 0.850220 0.185022 0.845815
0 0.449339 0.814978 0.440529 0.823789 0.440529 0.832599 0.449339 0.841410 0.453745 0.841410 0.458150 0.845815 0.466960 0.837004 0.466960 0.832599 0.458150 0.823789 0.458150 0.819383 0.453745 0.814978
0 0.651982 0.810573 0.647577 0.810573 0.643172 0.814978 0.638767 0.814978 0.621145 0.832599 0.621145 0.837004 0.616740 0.841410 0.616740 0.863436 0.612335 0.867841 0.621145 0.876652 0.625551 0.876652 0.629956 0.872247 0.629956 0.859031 0.634361 0.854626 0.634361 0.850220 0.643172 0.841410 0.647577 0.841410 0.660793 0.828194 0.660793 0.819383
0 0.872247 0.788546 0.867841 0.784141 0.863436 0.784141 0.850220 0.797357 0.845815 0.797357 0.841410 0.801762 0.837004 0.801762 0.832599 0.806167 0.832599 0.810573 0.837004 0.814978 0.845815 0.814978 0.850220 0.819383 0.854626 0.819383 0.867841 0.806167 0.867841 0.801762 0.872247 0.797357
0 0.017621 0.792952 0.017621 0.801762 0.022026 0.806167 0.030837 0.806167 0.035242 0.810573 0.039648 0.810573 0.044053 0.814978 0.048458 0.814978 0.052863 0.819383 0.061674 0.819383 0.066079 0.814978 0.070485 0.814978 0.074890 0.810573 0.070485 0.806167 0.066079 0.806167 0.061674 0.801762 0.057269 0.801762 0.052863 0.806167 0.048458 0.801762 0.044053 0.801762 0.026432 0.784141
0 0.114537 0.788546 0.114537 0.792952 0.118943 0.797357 0.123348 0.797357 0.132159 0.806167 0.145374 0.806167 0.149780 0.810573 0.158590 0.810573 0.167401 0.801762 0.167401 0.797357 0.162996 0.792952 0.158590 0.792952 0.154185 0.788546 0.149780 0.788546 0.145374 0.784141 0.140969 0.784141 0.136564 0.779736 0.127753 0.779736 0.123348 0.784141 0.118943 0.784141
0 0.268722 0.762115 0.259912 0.753304 0.255507 0.757709 0.229075 0.757709 0.224670 0.762115 0.215859 0.762115 0.207048 0.770925 0.211454 0.775330 0.224670 0.775330 0.229075 0.779736 0.233480 0.779736 0.237885 0.775330 0.251101 0.775330 0.255507 0.770925 0.259912 0.775330 0.264317 0.770925 0.264317 0.766520
0 0.872247 0.687225 0.867841 0.682819 0.863436 0.687225 0.863436 0.691630 0.854626 0.700441 0.850220 0.700441 0.845815 0.704846 0.841410 0.704846 0.837004 0.700441 0.832599 0.700441 0.828194 0.696035 0.828194 0.691630 0.823789 0.687225 0.814978 0.696035 0.814978 0.700441 0.823789 0.709251 0.828194 0.709251 0.832599 0.713656 0.841410 0.704846 0.845815 0.704846 0.850220 0.700441 0.854626 0.700441 0.859031 0.704846 0.863436 0.700441 0.867841 0.700441 0.872247 0.696035
0 0.656388 0.682819 0.647577 0.691630 0.647577 0.696035 0.638767 0.704846 0.638767 0.709251 0.643172 0.713656 0.643172 0.718062 0.647577 0.722467 0.651982 0.722467 0.660793 0.731278 0.660793 0.735683 0.669604 0.744493 0.674009 0.744493 0.682819 0.735683 0.682819 0.731278 0.674009 0.722467 0.669604 0.726872 0.665198 0.722467 0.660793 0.722467 0.656388 0.718062 0.656388 0.713656 0.651982 0.709251 0.651982 0.696035 0.660793 0.687225
0 0.246696 0.621145 0.242291 0.625551 0.237885 0.625551 0.233480 0.629956 0.229075 0.629956 0.220264 0.638767 0.229075 0.647577 0.237885 0.638767 0.242291 0.638767 0.246696 0.634361 0.251101 0.634361 0.255507 0.638767 0.259912 0.638767 0.264317 0.643172 0.264317 0.687225 0.255507 0.696035 0.255507 0.718062 0.259912 0.722467 0.264317 0.722467 0.268722 0.726872 0.277533 0.718062 0.277533 0.713656 0.281938 0.709251 0.281938 0.669604 0.286344 0.665198 0.286344 0.656388 0.281938 0.651982 0.281938 0.643172 0.264317 0.625551 0.255507 0.625551 0.251101 0.621145
0 0.035242 0.621145 0.044053 0.629956 0.048458 0.625551 0.057269 0.625551 0.061674 0.629956 0.066079 0.629956 0.074890 0.638767 0.079295 0.638767 0.083700 0.643172 0.088106 0.643172 0.092511 0.647577 0.096916 0.643172 0.105727 0.643172 0.118943 0.629956 0.114537 0.625551 0.110132 0.625551 0.105727 0.629956 0.101322 0.625551 0.096916 0.625551 0.092511 0.621145 0.088106 0.621145 0.079295 0.612335 0.070485 0.612335 0.066079 0.616740 0.061674 0.616740 0.057269 0.621145 0.044053 0.621145 0.039648 0.616740
0 0.176211 0.607930 0.171806 0.612335 0.171806 0.634361 0.167401 0.638767 0.167401 0.643172 0.171806 0.647577 0.171806 0.656388 0.176211 0.660793 0.180617 0.656388 0.185022 0.656388 0.189427 0.651982 0.189427 0.616740 0.185022 0.612335 0.180617 0.612335
0 0.422908 0.603524 0.414097 0.603524 0.409692 0.607930 0.409692 0.625551 0.405286 0.629956 0.405286 0.643172 0.409692 0.647577 0.422908 0.634361 0.422908 0.621145 0.427313 0.616740 0.427313 0.607930
0 0.881057 0.616740 0.863436 0.599119 0.859031 0.599119 0.850220 0.607930 0.845815 0.607930 0.841410 0.612335 0.837004 0.607930 0.832599 0.607930 0.828194 0.603524 0.806167 0.625551 0.801762 0.625551 0.797357 0.629956 0.792952 0.629956 0.784141 0.638767 0.788546 0.643172 0.801762 0.643172 0.806167 0.647577 0.810573 0.647577 0.828194 0.629956 0.828194 0.625551 0.841410 0.612335 0.845815 0.612335 0.850220 0.607930 0.854626 0.612335 0.859031 0.612335 0.863436 0.616740 0.867841 0.616740 0.876652 0.625551 0.881057 0.621145
0 0.268722 0.572687 0.264317 0.577093 0.264317 0.585903 0.259912 0.590308 0.259912 0.594714 0.268722 0.603524 0.281938 0.603524 0.290749 0.594714 0.290749 0.590308 0.286344 0.585903 0.286344 0.581498 0.277533 0.572687
0 0.211454 0.511013 0.207048 0.515419 0.207048 0.550661 0.202643 0.555066 0.202643 0.559471 0.198238 0.563877 0.198238 0.572687 0.193833 0.577093 0.193833 0.585903 0.202643 0.594714 0.207048 0.590308 0.211454 0.590308 0.220264 0.581498 0.220264 0.577093 0.224670 0.572687 0.224670 0.563877 0.229075 0.559471 0.229075 0.555066 0.224670 0.550661 0.224670 0.546256 0.215859 0.537445 0.215859 0.515419
0 0.110132 0.497797 0.105727 0.493392 0.101322 0.497797 0.092511 0.497797 0.083700 0.506608 0.079295 0.506608 0.074890 0.511013 0.070485 0.511013 0.066079 0.515419 0.061674 0.511013 0.057269 0.511013 0.048458 0.502203 0.044053 0.502203 0.039648 0.506608 0.035242 0.506608 0.030837 0.511013 0.026432 0.511013 0.022026 0.515419 0.017621 0.515419 0.013216 0.511013 0.008811 0.511013 0.004405 0.506608 0.000000 0.506608 0.000000 0.524229 0.004405 0.524229 0.008811 0.519824 0.022026 0.519824 0.026432 0.524229 0.057269 0.524229 0.061674 0.519824 0.070485 0.519824 0.074890 0.524229 0.079295 0.519824 0.083700 0.519824 0.088106 0.515419 0.092511 0.519824 0.096916 0.519824 0.101322 0.515419 0.105727 0.515419 0.110132 0.511013
0 0.466960 0.475771 0.475771 0.484582 0.488987 0.484582 0.493392 0.480176 0.506608 0.480176 0.515419 0.471366 0.515419 0.466960 0.511013 0.462555 0.497797 0.462555 0.493392 0.466960 0.480176 0.466960 0.475771 0.462555 0.471366 0.466960 0.471366 0.471366
0 0.295154 0.405286 0.286344 0.414097 0.286344 0.418502 0.299559 0.431718 0.308370 0.431718 0.317181 0.422908 0.312775 0.418502 0.312775 0.409692 0.308370 0.405286
0 0.995595 0.370044 0.925110 0.387665 0.907489 0.378855 0.845815 0.409692 0.837004 0.405286 0.788546 0.440529 0.687225 0.453745 0.660793 0.466960 0.563877 0.546256 0.577093 0.563877 0.559471 0.590308 0.511013 0.612335 0.427313 0.687225 0.436123 0.713656 0.418502 0.731278 0.418502 0.744493 0.387665 0.766520 0.356828 0.832599 0.317181 0.881057 0.237885 0.929515 0.202643 0.925110 0.189427 0.933921 0.154185 0.933921 0.110132 0.920705 0.070485 0.942731 0.057269 0.933921 0.000000 0.955947 0.000000 0.982379 0.017621 0.982379 0.030837 0.995595 0.092511 0.995595 0.118943 0.973568 0.176211 0.982379 0.189427 0.995595 0.220264 0.995595 0.224670 0.982379 0.255507 0.977974 0.281938 0.995595 0.348018 0.916300 0.348018 0.889868 0.378855 0.867841 0.374449 0.845815 0.409692 0.797357 0.436123 0.775330 0.458150 0.801762 0.471366 0.788546 0.449339 0.770925 0.449339 0.757709 0.497797 0.696035 0.537445 0.674009 0.550661 0.682819 0.577093 0.678414 0.616740 0.638767 0.682819 0.625551 0.713656 0.599119 0.744493 0.603524 0.792952 0.585903 0.819383 0.563877 0.819383 0.546256 0.850220 0.515419 0.863436 0.524229 0.867841 0.541850 0.872247 0.519824 0.850220 0.511013 0.867841 0.475771 0.903084 0.453745 0.995595 0.436123 0.982379 0.418502 0.995595 0.400881
0 0.493392 0.330396 0.488987 0.325991 0.484582 0.325991 0.475771 0.334802 0.471366 0.334802 0.466960 0.339207 0.462555 0.339207 0.458150 0.343612 0.453745 0.339207 0.449339 0.343612 0.444934 0.343612 0.440529 0.348018 0.440529 0.356828 0.449339 0.365639 0.453745 0.365639 0.453745 0.361233 0.458150 0.356828 0.458150 0.352423 0.462555 0.348018 0.466960 0.348018 0.471366 0.343612 0.475771 0.343612 0.480176 0.339207 0.488987 0.339207 0.493392 0.334802
0 0.334802 0.325991 0.330396 0.330396 0.325991 0.330396 0.321586 0.334802 0.321586 0.339207 0.317181 0.343612 0.317181 0.352423 0.312775 0.356828 0.308370 0.356828 0.303965 0.361233 0.308370 0.365639 0.312775 0.361233 0.330396 0.361233 0.334802 0.356828 0.339207 0.356828 0.343612 0.352423 0.339207 0.348018 0.339207 0.330396
0 0.792952 0.321586 0.788546 0.325991 0.792952 0.330396 0.792952 0.343612 0.801762 0.352423 0.806167 0.352423 0.810573 0.348018 0.810573 0.343612 0.814978 0.339207 0.814978 0.330396 0.810573 0.330396 0.806167 0.325991 0.801762 0.325991 0.797357 0.321586
0 0.951542 0.312775 0.942731 0.312775 0.925110 0.330396 0.925110 0.339207 0.929515 0.343612 0.942731 0.343612 0.947137 0.339207 0.947137 0.325991 0.955947 0.317181
0 0.198238 0.281938 0.189427 0.273128 0.185022 0.277533 0.171806 0.277533 0.167401 0.281938 0.167401 0.295154 0.171806 0.299559 0.176211 0.295154 0.189427 0.295154 0.193833 0.290749 0.193833 0.286344
0 0.810573 0.255507 0.806167 0.259912 0.806167 0.264317 0.801762 0.268722 0.797357 0.268722 0.792952 0.273128 0.792952 0.277533 0.788546 0.281938 0.788546 0.286344 0.775330 0.299559 0.784141 0.308370 0.788546 0.308370 0.788546 0.303965 0.792952 0.299559 0.792952 0.295154 0.797357 0.290749 0.797357 0.286344 0.806167 0.277533 0.806167 0.268722 0.814978 0.259912
0 0.290749 0.246696 0.281938 0.246696 0.273128 0.255507 0.268722 0.255507 0.264317 0.259912 0.264317 0.273128 0.268722 0.277533 0.277533 0.277533 0.286344 0.268722 0.286344 0.264317 0.295154 0.255507 0.295154 0.251101
0 0.748899 0.242291 0.735683 0.242291 0.731278 0.246696 0.731278 0.259912 0.740088 0.268722 0.740088 0.277533 0.735683 0.281938 0.735683 0.286344 0.740088 0.290749 0.744493 0.286344 0.744493 0.273128 0.748899 0.268722 0.748899 0.259912 0.753304 0.255507 0.753304 0.246696
0 0.885463 0.237885 0.881057 0.237885 0.854626 0.264317 0.854626 0.268722 0.859031 0.273128 0.867841 0.273128 0.876652 0.264317 0.876652 0.259912 0.885463 0.251101
0 0.149780 0.229075 0.154185 0.233480 0.158590 0.229075 0.198238 0.229075 0.202643 0.224670 0.198238 0.220264 0.193833 0.220264 0.185022 0.211454 0.167401 0.211454 0.162996 0.215859 0.158590 0.215859 0.154185 0.220264 0.154185 0.224670
0 0.770925 0.211454 0.779736 0.220264 0.784141 0.215859 0.788546 0.215859 0.792952 0.211454 0.797357 0.215859 0.801762 0.215859 0.810573 0.224670 0.810573 0.233480 0.814978 0.237885 0.819383 0.237885 0.823789 0.233480 0.823789 0.215859 0.819383 0.211454 0.819383 0.198238 0.814978 0.193833 0.810573 0.198238 0.806167 0.193833 0.792952 0.207048 0.788546 0.207048 0.784141 0.211454 0.779736 0.207048 0.775330 0.207048
0 0.660793 0.189427 0.656388 0.193833 0.656388 0.198238 0.651982 0.202643 0.651982 0.211454 0.647577 0.215859 0.647577 0.224670 0.643172 0.229075 0.638767 0.229075 0.634361 0.233480 0.629956 0.229075 0.625551 0.229075 0.621145 0.224670 0.616740 0.224670 0.607930 0.233480 0.607930 0.237885 0.616740 0.246696 0.621145 0.246696 0.625551 0.251101 0.629956 0.251101 0.634361 0.255507 0.634361 0.273128 0.629956 0.277533 0.625551 0.277533 0.621145 0.281938 0.616740 0.281938 0.612335 0.277533 0.607930 0.281938 0.603524 0.281938 0.599119 0.286344 0.599119 0.290749 0.607930 0.299559 0.612335 0.299559 0.616740 0.295154 0.621145 0.295154 0.625551 0.290749 0.625551 0.286344 0.629956 0.281938 0.634361 0.281938 0.638767 0.277533 0.651982 0.277533 0.656388 0.273128 0.656388 0.268722 0.651982 0.264317 0.647577 0.264317 0.643172 0.259912 0.638767 0.259912 0.629956 0.251101 0.629956 0.242291 0.634361 0.237885 0.634361 0.233480 0.638767 0.229075 0.643172 0.229075 0.647577 0.224670 0.651982 0.224670 0.656388 0.229075 0.674009 0.229075 0.678414 0.224670 0.678414 0.215859 0.665198 0.202643 0.665198 0.193833
0 0.929515 0.189427 0.925110 0.185022 0.916300 0.185022 0.907489 0.193833 0.903084 0.193833 0.898678 0.198238 0.894273 0.198238 0.889868 0.202643 0.885463 0.202643 0.881057 0.207048 0.881057 0.211454 0.885463 0.215859 0.885463 0.220264 0.889868 0.224670 0.894273 0.224670 0.898678 0.220264 0.903084 0.220264 0.916300 0.207048 0.920705 0.207048 0.929515 0.198238
0 0.110132 0.189427 0.101322 0.189427 0.096916 0.185022 0.088106 0.185022 0.083700 0.189427 0.074890 0.189427 0.070485 0.193833 0.070485 0.207048 0.066079 0.211454 0.066079 0.215859 0.057269 0.224670 0.057269 0.233480 0.066079 0.242291 0.074890 0.242291 0.083700 0.233480 0.083700 0.229075 0.088106 0.224670 0.088106 0.220264 0.083700 0.215859 0.083700 0.202643 0.088106 0.198238 0.092511 0.198238 0.096916 0.193833 0.101322 0.193833 0.105727 0.198238 0.110132 0.198238 0.114537 0.193833
0 0.431718 0.176211 0.427313 0.176211 0.422908 0.180617 0.418502 0.180617 0.405286 0.193833 0.400881 0.193833 0.374449 0.220264 0.374449 0.237885 0.370044 0.242291 0.365639 0.242291 0.361233 0.246696 0.361233 0.259912 0.370044 0.268722 0.374449 0.264317 0.374449 0.242291 0.383260 0.233480 0.387665 0.233480 0.392070 0.229075 0.392070 0.224670 0.396476 0.220264 0.396476 0.215859 0.409692 0.202643 0.414097 0.202643 0.418502 0.198238 0.444934 0.198238 0.449339 0.193833
0 0.180617 0.162996 0.189427 0.171806 0.198238 0.171806 0.202643 0.167401 0.207048 0.167401 0.211454 0.162996 0.215859 0.162996 0.220264 0.158590 0.220264 0.154185 0.215859 0.149780 0.189427 0.149780 0.180617 0.158590
0 0.392070 0.140969 0.387665 0.136564 0.370044 0.136564 0.356828 0.149780 0.356828 0.154185 0.339207 0.171806 0.343612 0.176211 0.356828 0.176211 0.361233 0.171806 0.365639 0.171806 0.383260 0.154185 0.383260 0.149780
0 0.616740 0.123348 0.607930 0.123348 0.603524 0.127753 0.603524 0.132159 0.607930 0.136564 0.607930 0.145374 0.599119 0.154185 0.594714 0.154185 0.581498 0.167401 0.585903 0.171806 0.585903 0.176211 0.590308 0.180617 0.594714 0.176211 0.599119 0.176211 0.612335 0.162996 0.612335 0.158590 0.616740 0.154185 0.616740 0.145374 0.621145 0.140969 0.621145 0.136564 0.625551 0.132159
0 0.973568 0.110132 0.942731 0.140969 0.942731 0.145374 0.938326 0.149780 0.942731 0.154185 0.947137 0.154185 0.951542 0.158590 0.955947 0.158590 0.964758 0.167401 0.969163 0.162996 0.964758 0.158590 0.960352 0.158590 0.955947 0.154185 0.955947 0.145374 0.977974 0.123348 0.977974 0.114537
0 0.440529 0.110132 0.431718 0.118943 0.431718 0.136564 0.436123 0.140969 0.440529 0.140969 0.444934 0.145374 0.449339 0.145374 0.453745 0.149780 0.458150 0.145374 0.453745 0.140969 0.453745 0.118943 0.458150 0.114537 0.453745 0.110132
0 0.709251 0.110132 0.709251 0.118943 0.713656 0.123348 0.718062 0.123348 0.722467 0.127753 0.735683 0.127753 0.740088 0.123348 0.740088 0.114537 0.731278 0.105727 0.713656 0.105727
0 0.665198 0.088106 0.660793 0.092511 0.665198 0.096916 0.665198 0.105727 0.656388 0.114537 0.656388 0.127753 0.665198 0.136564 0.669604 0.136564 0.674009 0.132159 0.682819 0.132159 0.687225 0.127753 0.687225 0.123348 0.682819 0.118943 0.678414 0.118943 0.665198 0.105727 0.665198 0.096916 0.669604 0.092511
0 0.942731 0.066079 0.938326 0.070485 0.938326 0.074890 0.933921 0.079295 0.933921 0.083700 0.925110 0.092511 0.925110 0.096916 0.920705 0.101322 0.925110 0.105727 0.929515 0.101322 0.938326 0.101322 0.942731 0.096916 0.942731 0.092511 0.947137 0.088106 0.947137 0.070485
0 0.837004 0.061674 0.845815 0.070485 0.854626 0.070485 0.863436 0.061674 0.867841 0.061674 0.872247 0.057269 0.863436 0.048458 0.845815 0.048458 0.837004 0.057269
0 0.797357 0.052863 0.788546 0.044053 0.784141 0.048458 0.779736 0.048458 0.775330 0.052863 0.775330 0.061674 0.770925 0.066079 0.766520 0.066079 0.762115 0.070485 0.757709 0.070485 0.753304 0.074890 0.753304 0.079295 0.757709 0.083700 0.762115 0.083700 0.766520 0.079295 0.766520 0.074890 0.770925 0.070485 0.775330 0.070485 0.779736 0.066079 0.788546 0.066079 0.797357 0.057269
0 0.224670 0.039648 0.220264 0.035242 0.211454 0.035242 0.198238 0.048458 0.193833 0.048458 0.189427 0.052863 0.180617 0.052863 0.176211 0.048458 0.171806 0.052863 0.171806 0.061674 0.176211 0.066079 0.180617 0.061674 0.185022 0.061674 0.189427 0.057269 0.193833 0.057269 0.198238 0.061674 0.202643 0.061674 0.207048 0.066079 0.215859 0.057269 0.215859 0.052863 0.220264 0.048458 0.220264 0.044053
0 0.132159 0.017621 0.127753 0.017621 0.114537 0.030837 0.114537 0.039648 0.118943 0.044053 0.118943 0.052863 0.114537 0.057269 0.110132 0.057269 0.118943 0.066079 0.118943 0.070485 0.123348 0.074890 0.127753 0.074890 0.132159 0.070485 0.132159 0.035242 0.136564 0.030837 0.136564 0.022026
0 0.907489 0.000000 0.907489 0.017621 0.920705 0.030837 0.920705 0.035242 0.925110 0.039648 0.929515 0.039648 0.942731 0.026432 0.938326 0.022026 0.933921 0.022026 0.925110 0.013216 0.925110 0.008811 0.920705 0.004405 0.920705 0.000000
0 0.621145 0.000000 0.621145 0.013216 0.625551 0.017621 0.625551 0.022026 0.629956 0.026432 0.629956 0.030837 0.634361 0.035242 0.634361 0.048458 0.643172 0.057269 0.651982 0.048458 0.651982 0.035242 0.647577 0.030837 0.647577 0.022026 0.638767 0.013216 0.638767 0.000000
0 0.537445 0.000000 0.515419 0.000000 0.515419 0.008811 0.502203 0.022026 0.497797 0.022026 0.493392 0.026432 0.488987 0.022026 0.484582 0.022026 0.471366 0.008811 0.466960 0.013216 0.466960 0.026432 0.471366 0.030837 0.471366 0.035242 0.475771 0.039648 0.480176 0.039648 0.493392 0.026432 0.497797 0.026432 0.502203 0.022026 0.506608 0.022026 0.511013 0.026432 0.519824 0.017621 0.524229 0.017621 0.537445 0.004405
0 0.052863 0.000000 0.052863 0.004405 0.044053 0.013216 0.044053 0.017621 0.039648 0.022026 0.044053 0.026432 0.066079 0.026432 0.070485 0.022026 0.070485 0.008811 0.066079 0.004405 0.066079 0.000000
