0 0.748899 0.964758 0.744493 0.969163 0.744493 0.973568 0.748899 0.977974 0.748899 0.982379 0.753304 0.986784 0.753304 0.995595 0.762115 0.995595 0.762115 0.986784 0.770925 0.977974 0.770925 0.969163 0.766520 0.964758
0 0.872247 0.925110 0.876652 0.929515 0.885463 0.929515 0.889868 0.933921 0.894273 0.933921 0.903084 0.942731 0.903084 0.947137 0.907489 0.951542 0.916300 0.951542 0.920705 0.947137 0.920705 0.942731 0.916300 0.938326 0.911894 0.938326 0.907489 0.933921 0.903084 0.933921 0.889868 0.920705 0.876652 0.920705
0 0.334802 0.881057 0.330396 0.885463 0.352423 0.907489 0.356828 0.907489 0.361233 0.911894 0.361233 0.916300 0.365639 0.920705 0.365639 0.929515 0.370044 0.933921 0.370044 0.942731 0.352423 0.960352 0.356828 0.964758 0.370044 0.964758 0.374449 0.969163 0.378855 0.969163 0.383260 0.973568 0.387665 0.973568 0.392070 0.977974 0.396476 0.977974 0.400881 0.973568 0.405286 0.973568 0.414097 0.964758 0.409692 0.960352 0.400881 0.960352 0.396476 0.955947 0.387665 0.955947 0.383260 0.951542 0.378855 0.951542 0.374449 0.947137 0.374449 0.938326 0.383260 0.929515 0.383260 0.920705 0.378855 0.916300 0.378855 0.911894 0.374449 0.907489 0.374449 0.903084 0.365639 0.894273 0.361233 0.894273 0.356828 0.889868 0.348018 0.889868 0.343612 0.885463 0.339207 0.885463
0 0.475771 0.841410 0.471366 0.845815 0.475771 0.850220 0.475771 0.867841 0.471366 0.872247 0.471366 0.876652 0.475771 0.881057 0.480176 0.881057 0.493392 0.894273 0.497797 0.894273 0.502203 0.889868 0.515419 0.889868 0.519824 0.885463 0.511013 0.876652 0.506608 0.876652 0.502203 0.872247 0.497797 0.872247 0.493392 0.867841 0.488987 0.867841 0.484582 0.863436 0.484582 0.850220
0 0.885463 0.837004 0.881057 0.841410 0.881057 0.876652 0.885463 0.881057 0.889868 0.876652 0.894273 0.876652 0.898678 0.881057 0.903084 0.881057 0.907489 0.885463 0.907489 0.889868 0.911894 0.894273 0.925110 0.894273 0.929515 0.889868 0.929515 0.885463 0.925110 0.881057 0.916300 0.881057 0.911894 0.876652 0.907489 0.876652 0.903084 0.872247 0.898678 0.872247 0.894273 0.867841 0.894273 0.841410 0.889868 0.837004
0 0.555066 0.810573 0.546256 0.819383 0.546256 0.828194 0.555066 0.837004 0.563877 0.837004 0.572687 0.828194 0.572687 0.819383 0.563877 0.810573
0 0.792952 0.814978 0.784141 0.806167 0.775330 0.806167 0.770925 0.810573 0.766520 0.810573 0.762115 0.814978 0.757709 0.814978 0.753304 0.819383 0.753304 0.828194 0.757709 0.832599 0.770925 0.832599 0.775330 0.828194 0.779736 0.828194
0 0.612335 0.762115 0.599119 0.748899 0.594714 0.753304 0.590308 0.753304 0.585903 0.757709 0.577093 0.757709 0.563877 0.770925 0.563877 0.784141 0.568282 0.788546 0.581498 0.788546 0.603524 0.766520 0.607930 0.766520
0 0.484582 0.740088 0.480176 0.744493 0.480176 0.757709 0.484582 0.762115 0.493392 0.762115 0.497797 0.766520 0.502203 0.766520 0.506608 0.762115 0.506608 0.753304 0.497797 0.744493 0.493392 0.744493 0.488987 0.740088
0 0.832599 0.731278 0.832599 0.740088 0.837004 0.744493 0.841410 0.744493 0.850220 0.753304 0.850220 0.757709 0.859031 0.766520 0.867841 0.766520 0.881057 0.753304 0.885463 0.753304 0.889868 0.748899 0.894273 0.753304 0.898678 0.748899 0.894273 0.744493 0.889868 0.748899 0.885463 0.748899 0.881057 0.744493 0.876652 0.748899 0.872247 0.744493 0.854626 0.744493 0.850220 0.740088 0.845815 0.740088 0.841410 0.735683 0.841410 0.731278 0.837004 0.726872
0 0.911894 0.704846 0.911894 0.709251 0.916300 0.713656 0.920705 0.713656 0.925110 0.718062 0.929515 0.718062 0.933921 0.722467 0.938326 0.722467 0.942731 0.726872 0.960352 0.726872 0.969163 0.718062 0.964758 0.713656 0.960352 0.713656 0.955947 0.709251 0.951542 0.709251 0.947137 0.704846 0.942731 0.704846 0.929515 0.691630 0.925110 0.691630
0 0.264317 0.621145 0.259912 0.621145 0.255507 0.616740 0.242291 0.629956 0.237885 0.629956 0.229075 0.638767 0.229075 0.643172 0.224670 0.647577 0.229075 0.651982 0.229075 0.669604 0.224670 0.674009 0.229075 0.678414 0.233480 0.674009 0.233480 0.660793 0.242291 0.651982 0.246696 0.651982 0.251101 0.647577 0.255507 0.647577 0.268722 0.634361 0.268722 0.625551
0 0.704846 0.612335 0.696035 0.612335 0.691630 0.616740 0.691630 0.625551 0.665198 0.651982 0.665198 0.656388 0.660793 0.660793 0.660793 0.669604 0.656388 0.674009 0.656388 0.678414 0.651982 0.682819 0.647577 0.682819 0.638767 0.691630 0.638767 0.709251 0.643172 0.713656 0.651982 0.713656 0.656388 0.709251 0.656388 0.704846 0.660793 0.700441 0.660793 0.687225 0.669604 0.678414 0.674009 0.678414 0.678414 0.674009 0.678414 0.656388 0.691630 0.643172 0.696035 0.643172 0.700441 0.638767 0.700441 0.634361 0.704846 0.629956 0.704846 0.625551 0.709251 0.621145 0.709251 0.616740
0 0.964758 0.594714 0.955947 0.594714 0.947137 0.603524 0.947137 0.607930 0.942731 0.612335 0.947137 0.616740 0.947137 0.621145 0.951542 0.625551 0.969163 0.607930 0.969163 0.599119
0 0.665198 0.599119 0.660793 0.594714 0.643172 0.594714 0.638767 0.599119 0.634361 0.599119 0.629956 0.603524 0.625551 0.603524 0.625551 0.616740 0.629956 0.621145 0.634361 0.621145 0.638767 0.616740 0.647577 0.616740 0.651982 0.612335 0.656388 0.612335 0.665198 0.603524
0 0.810573 0.585903 0.806167 0.590308 0.801762 0.590308 0.797357 0.594714 0.792952 0.590308 0.788546 0.594714 0.784141 0.594714 0.779736 0.599119 0.779736 0.607930 0.775330 0.612335 0.775330 0.616740 0.766520 0.625551 0.766520 0.638767 0.770925 0.643172 0.775330 0.643172 0.797357 0.665198 0.806167 0.665198 0.814978 0.656388 0.814978 0.651982 0.806167 0.643172 0.792952 0.643172 0.788546 0.638767 0.784141 0.638767 0.779736 0.634361 0.779736 0.621145 0.784141 0.616740 0.784141 0.607930 0.792952 0.599119 0.797357 0.599119 0.801762 0.594714 0.806167 0.599119 0.810573 0.599119 0.814978 0.594714 0.814978 0.590308
0 0.224670 0.568282 0.229075 0.572687 0.237885 0.572687 0.242291 0.568282 0.242291 0.563877 0.251101 0.555066 0.255507 0.555066 0.259912 0.550661 0.273128 0.550661 0.277533 0.555066 0.312775 0.555066 0.317181 0.550661 0.317181 0.546256 0.312775 0.541850 0.290749 0.541850 0.286344 0.537445 0.246696 0.537445 0.229075 0.555066 0.229075 0.563877
0 0.268722 0.493392 0.264317 0.488987 0.259912 0.488987 0.255507 0.484582 0.251101 0.484582 0.237885 0.471366 0.224670 0.471366 0.207048 0.488987 0.202643 0.488987 0.198238 0.493392 0.193833 0.493392 0.189427 0.488987 0.167401 0.488987 0.162996 0.493392 0.162996 0.502203 0.171806 0.511013 0.185022 0.511013 0.193833 0.502203 0.193833 0.497797 0.198238 0.493392 0.202643 0.493392 0.207048 0.488987 0.211454 0.488987 0.215859 0.493392 0.220264 0.488987 0.229075 0.488987 0.233480 0.493392 0.237885 0.493392 0.242291 0.497797 0.246696 0.497797 0.255507 0.506608 0.264317 0.506608 0.268722 0.502203
0 0.436123 0.440529 0.431718 0.444934 0.422908 0.444934 0.418502 0.449339 0.418502 0.466960 0.409692 0.475771 0.418502 0.484582 0.418502 0.488987 0.422908 0.493392 0.422908 0.502203 0.427313 0.506608 0.440529 0.506608 0.444934 0.511013 0.449339 0.506608 0.444934 0.502203 0.444934 0.497797 0.440529 0.493392 0.436123 0.493392 0.431718 0.488987 0.431718 0.466960 0.449339 0.449339 0.449339 0.444934 0.444934 0.440529
0 0.370044 0.422908 0.361233 0.414097 0.348018 0.414097 0.343612 0.418502 0.339207 0.418502 0.321586 0.436123 0.317181 0.436123 0.312775 0.440529 0.295154 0.440529 0.290749 0.436123 0.281938 0.444934 0.286344 0.449339 0.290749 0.449339 0.295154 0.453745 0.299559 0.453745 0.308370 0.462555 0.317181 0.453745 0.321586 0.453745 0.325991 0.449339 0.330396 0.453745 0.334802 0.449339 0.339207 0.449339 0.356828 0.431718 0.361233 0.431718
0 0.563877 0.409692 0.559471 0.414097 0.559471 0.422908 0.563877 0.427313 0.563877 0.431718 0.572687 0.440529 0.572687 0.449339 0.577093 0.453745 0.585903 0.453745 0.590308 0.449339 0.590308 0.440529 0.581498 0.431718 0.581498 0.422908 0.568282 0.409692
0 0.039648 0.361233 0.035242 0.356828 0.026432 0.356828 0.017621 0.365639 0.013216 0.365639 0.008811 0.370044 0.004405 0.365639 0.000000 0.365639 0.000000 0.374449 0.013216 0.374449 0.017621 0.378855 0.035242 0.378855 0.039648 0.374449
0 0.995595 0.308370 0.964758 0.325991 0.933921 0.317181 0.889868 0.374449 0.867841 0.348018 0.841410 0.339207 0.837004 0.356828 0.867841 0.378855 0.889868 0.374449 0.916300 0.392070 0.903084 0.458150 0.881057 0.466960 0.854626 0.449339 0.797357 0.488987 0.660793 0.533040 0.634361 0.524229 0.607930 0.550661 0.585903 0.546256 0.511013 0.616740 0.484582 0.656388 0.418502 0.674009 0.392070 0.665198 0.343612 0.687225 0.317181 0.687225 0.281938 0.704846 0.251101 0.753304 0.233480 0.762115 0.211454 0.740088 0.189427 0.775330 0.105727 0.801762 0.035242 0.863436 0.000000 0.872247 0.000000 0.916300 0.074890 0.885463 0.092511 0.898678 0.079295 0.872247 0.101322 0.845815 0.220264 0.801762 0.233480 0.819383 0.185022 0.872247 0.176211 0.916300 0.136564 0.995595 0.180617 0.995595 0.211454 0.889868 0.295154 0.810573 0.378855 0.753304 0.414097 0.704846 0.524229 0.669604 0.555066 0.638767 0.585903 0.625551 0.634361 0.563877 0.704846 0.563877 0.753304 0.546256 0.797357 0.550661 0.806167 0.537445 0.859031 0.524229 0.916300 0.488987 0.938326 0.458150 0.951542 0.400881 0.995595 0.343612
0 0.334802 0.308370 0.339207 0.312775 0.343612 0.312775 0.348018 0.317181 0.348018 0.348018 0.352423 0.352423 0.356828 0.352423 0.361233 0.348018 0.365639 0.348018 0.370044 0.343612 0.374449 0.343612 0.387665 0.330396 0.392070 0.330396 0.396476 0.325991 0.400881 0.330396 0.409692 0.330396 0.414097 0.334802 0.418502 0.330396 0.418502 0.317181 0.414097 0.312775 0.409692 0.312775 0.405286 0.308370 0.400881 0.308370 0.396476 0.303965 0.387665 0.312775 0.387665 0.317181 0.383260 0.321586 0.378855 0.321586 0.374449 0.325991 0.370044 0.321586 0.365639 0.321586 0.361233 0.325991 0.356828 0.321586 0.352423 0.321586 0.343612 0.312775 0.343612 0.308370 0.339207 0.303965
0 0.638767 0.290749 0.634361 0.290749 0.629956 0.295154 0.629956 0.321586 0.625551 0.325991 0.625551 0.343612 0.621145 0.348018 0.621145 0.352423 0.616740 0.356828 0.612335 0.356828 0.603524 0.365639 0.603524 0.370044 0.607930 0.374449 0.612335 0.374449 0.616740 0.370044 0.625551 0.370044 0.638767 0.356828 0.638767 0.352423 0.643172 0.348018 0.643172 0.325991 0.651982 0.317181 0.651982 0.303965
0 0.017621 0.273128 0.013216 0.277533 0.013216 0.290749 0.017621 0.295154 0.017621 0.303965 0.013216 0.308370 0.022026 0.317181 0.030837 0.308370 0.030837 0.303965 0.035242 0.299559 0.035242 0.281938 0.030837 0.281938 0.022026 0.273128
0 0.881057 0.255507 0.876652 0.259912 0.876652 0.268722 0.881057 0.273128 0.885463 0.273128 0.911894 0.299559 0.916300 0.295154 0.916300 0.273128 0.903084 0.259912 0.898678 0.259912 0.894273 0.255507
0 0.237885 0.264317 0.242291 0.268722 0.277533 0.268722 0.281938 0.264317 0.286344 0.268722 0.290749 0.268722 0.295154 0.273128 0.303965 0.273128 0.308370 0.277533 0.317181 0.268722 0.317181 0.259912 0.312775 0.255507 0.299559 0.255507 0.295154 0.259912 0.286344 0.259912 0.281938 0.255507 0.268722 0.255507 0.264317 0.251101 0.251101 0.251101
0 0.960352 0.207048 0.951542 0.207048 0.942731 0.215859 0.942731 0.220264 0.925110 0.237885 0.929515 0.242291 0.929515 0.251101 0.938326 0.259912 0.947137 0.251101 0.947137 0.242291 0.960352 0.229075 0.960352 0.224670 0.964758 0.220264 0.964758 0.211454
0 0.511013 0.211454 0.502203 0.202643 0.497797 0.202643 0.493392 0.207048 0.493392 0.211454 0.488987 0.215859 0.488987 0.224670 0.484582 0.229075 0.480176 0.229075 0.475771 0.233480 0.471366 0.233480 0.466960 0.229075 0.453745 0.229075 0.449339 0.233480 0.436123 0.233480 0.431718 0.229075 0.422908 0.237885 0.422908 0.242291 0.418502 0.246696 0.422908 0.251101 0.440529 0.251101 0.444934 0.246696 0.449339 0.246696 0.453745 0.242291 0.462555 0.242291 0.466960 0.237885 0.471366 0.237885 0.475771 0.233480 0.480176 0.233480 0.484582 0.237885 0.488987 0.237885 0.493392 0.242291 0.497797 0.237885 0.497797 0.233480 0.511013 0.220264
0 0.061674 0.198238 0.057269 0.202643 0.066079 0.211454 0.070485 0.211454 0.079295 0.220264 0.079295 0.224670 0.088106 0.233480 0.092511 0.233480 0.096916 0.229075 0.088106 0.220264 0.088106 0.215859 0.079295 0.207048 0.079295 0.202643 0.070485 0.193833 0.066079 0.198238
0 0.162996 0.180617 0.158590 0.185022 0.158590 0.189427 0.154185 0.193833 0.149780 0.193833 0.140969 0.202643 0.140969 0.215859 0.149780 0.224670 0.158590 0.224670 0.162996 0.220264 0.162996 0.215859 0.167401 0.211454 0.167401 0.185022
0 0.612335 0.193833 0.612335 0.198238 0.621145 0.207048 0.634361 0.207048 0.638767 0.202643 0.638767 0.198238 0.647577 0.189427 0.651982 0.189427 0.656388 0.185022 0.660793 0.189427 0.665198 0.189427 0.682819 0.207048 0.687225 0.207048 0.704846 0.224670 0.709251 0.224670 0.713656 0.220264 0.718062 0.220264 0.722467 0.215859 0.740088 0.215859 0.744493 0.211454 0.748899 0.211454 0.753304 0.207048 0.766520 0.207048 0.775330 0.198238 0.775330 0.193833 0.770925 0.189427 0.748899 0.189427 0.744493 0.193833 0.740088 0.193833 0.731278 0.202643 0.726872 0.202643 0.722467 0.207048 0.713656 0.207048 0.709251 0.202643 0.704846 0.202643 0.696035 0.193833 0.696035 0.189427 0.691630 0.185022 0.678414 0.185022 0.674009 0.189427 0.669604 0.189427 0.665198 0.185022 0.660793 0.185022 0.656388 0.180617 0.656388 0.176211 0.647577 0.167401 0.638767 0.176211 0.638767 0.180617 0.634361 0.185022 0.629956 0.185022 0.625551 0.189427 0.616740 0.189427
0 0.850220 0.162996 0.845815 0.167401 0.845815 0.171806 0.850220 0.176211 0.850220 0.180617 0.854626 0.185022 0.867841 0.185022 0.872247 0.180617 0.872247 0.167401 0.867841 0.162996
0 0.000000 0.167401 0.000000 0.176211 0.004405 0.180617 0.008811 0.176211 0.013216 0.180617 0.039648 0.180617 0.044053 0.176211 0.044053 0.171806 0.039648 0.167401 0.013216 0.167401 0.008811 0.162996 0.004405 0.167401
0 0.207048 0.154185 0.202643 0.158590 0.202643 0.162996 0.207048 0.167401 0.207048 0.171806 0.211454 0.176211 0.215859 0.176211 0.220264 0.180617 0.220264 0.198238 0.215859 0.202643 0.215859 0.207048 0.202643 0.220264 0.202643 0.229075 0.211454 0.237885 0.215859 0.237885 0.224670 0.229075 0.224670 0.211454 0.233480 0.202643 0.237885 0.202643 0.246696 0.193833 0.237885 0.185022 0.233480 0.185022 0.224670 0.176211 0.224670 0.167401 0.211454 0.154185
0 0.581498 0.105727 0.577093 0.101322 0.572687 0.101322 0.568282 0.096916 0.559471 0.105727 0.559471 0.114537 0.541850 0.132159 0.546256 0.136564 0.555066 0.127753 0.559471 0.127753 0.563877 0.123348 0.568282 0.123348 0.572687 0.118943 0.572687 0.114537
0 0.603524 0.092511 0.599119 0.096916 0.599119 0.101322 0.603524 0.101322 0.607930 0.105727 0.612335 0.105727 0.634361 0.127753 0.638767 0.123348 0.638767 0.110132 0.634361 0.105727 0.629956 0.105727 0.625551 0.101322 0.621145 0.101322 0.612335 0.092511
0 0.392070 0.096916 0.392070 0.105727 0.396476 0.110132 0.414097 0.110132 0.418502 0.105727 0.422908 0.105727 0.427313 0.101322 0.440529 0.101322 0.444934 0.105727 0.458150 0.105727 0.462555 0.101322 0.453745 0.092511 0.449339 0.092511 0.444934 0.096916 0.440529 0.096916 0.436123 0.092511 0.431718 0.092511 0.422908 0.083700 0.418502 0.083700 0.414097 0.088106 0.409692 0.088106 0.405286 0.092511 0.396476 0.092511
0 0.823789 0.118943 0.828194 0.123348 0.832599 0.118943 0.837004 0.118943 0.845815 0.110132 0.850220 0.110132 0.854626 0.105727 0.859031 0.110132 0.872247 0.110132 0.876652 0.114537 0.881057 0.114537 0.885463 0.118943 0.885463 0.127753 0.889868 0.132159 0.894273 0.127753 0.898678 0.127753 0.903084 0.123348 0.907489 0.127753 0.911894 0.123348 0.920705 0.123348 0.925110 0.118943 0.929515 0.118943 0.947137 0.101322 0.947137 0.088106 0.951542 0.083700 0.947137 0.079295 0.942731 0.079295 0.929515 0.092511 0.925110 0.092511 0.920705 0.096916 0.916300 0.096916 0.911894 0.101322 0.911894 0.105727 0.903084 0.114537 0.898678 0.114537 0.894273 0.118943 0.889868 0.118943 0.885463 0.114537 0.881057 0.114537 0.876652 0.110132 0.876652 0.083700 0.881057 0.079295 0.881057 0.074890 0.876652 0.070485 0.867841 0.070485 0.859031 0.079295 0.859031 0.088106 0.854626 0.092511 0.850220 0.092511 0.845815 0.096916 0.832599 0.096916 0.823789 0.105727
0 0.286344 0.066079 0.273128 0.079295 0.277533 0.083700 0.281938 0.083700 0.286344 0.088106 0.290749 0.088106 0.303965 0.101322 0.303965 0.110132 0.308370 0.114537 0.312775 0.114537 0.317181 0.110132 0.317181 0.096916 0.308370 0.088106 0.308370 0.079295 0.295154 0.066079
0 0.123348 0.070485 0.118943 0.066079 0.101322 0.066079 0.096916 0.070485 0.096916 0.074890 0.092511 0.079295 0.088106 0.079295 0.083700 0.083700 0.079295 0.079295 0.074890 0.083700 0.074890 0.088106 0.070485 0.092511 0.066079 0.092511 0.061674 0.096916 0.057269 0.096916 0.052863 0.101322 0.044053 0.101322 0.039648 0.105727 0.035242 0.101322 0.030837 0.101322 0.022026 0.110132 0.017621 0.110132 0.013216 0.114537 0.008811 0.114537 0.004405 0.110132 0.000000 0.110132 0.000000 0.127753 0.004405 0.127753 0.017621 0.114537 0.022026 0.114537 0.026432 0.110132 0.030837 0.110132 0.035242 0.114537 0.048458 0.114537 0.052863 0.118943 0.057269 0.118943 0.061674 0.114537 0.066079 0.114537 0.074890 0.105727 0.074890 0.096916 0.079295 0.092511 0.083700 0.092511 0.088106 0.088106 0.092511 0.088106 0.096916 0.083700 0.118943 0.083700 0.123348 0.079295
0 0.603524 0.039648 0.599119 0.035242 0.594714 0.039648 0.590308 0.039648 0.577093 0.052863 0.572687 0.052863 0.568282 0.057269 0.568282 0.061674 0.572687 0.066079 0.577093 0.061674 0.585903 0.061674 0.590308 0.057269 0.594714 0.057269 0.603524 0.048458
0 0.951542 0.026432 0.947137 0.022026 0.942731 0.022026 0.925110 0.039648 0.920705 0.039648 0.916300 0.044053 0.907489 0.044053 0.903084 0.048458 0.907489 0.052863 0.933921 0.052863 0.942731 0.044053 0.942731 0.039648 0.947137 0.035242 0.947137 0.030837
0 0.731278 0.022026 0.726872 0.022026 0.704846 0.044053 0.700441 0.044053 0.696035 0.048458 0.696035 0.061674 0.704846 0.070485 0.709251 0.070485 0.709251 0.061674 0.735683 0.035242 0.735683 0.030837 0.731278 0.026432
