0 0.348018 0.955947 0.339207 0.947137 0.330396 0.947137 0.317181 0.960352 0.312775 0.960352 0.308370 0.964758 0.303965 0.964758 0.299559 0.969163 0.299559 0.973568 0.303965 0.977974 0.308370 0.977974 0.312775 0.982379 0.317181 0.977974 0.325991 0.977974 0.330396 0.973568 0.339207 0.973568 0.348018 0.964758
0 0.198238 0.911894 0.193833 0.907489 0.189427 0.907489 0.185022 0.911894 0.176211 0.911894 0.171806 0.916300 0.162996 0.916300 0.158590 0.920705 0.149780 0.920705 0.145374 0.916300 0.136564 0.916300 0.127753 0.925110 0.132159 0.929515 0.162996 0.929515 0.167401 0.933921 0.171806 0.933921 0.176211 0.938326 0.180617 0.938326 0.180617 0.933921 0.189427 0.925110 0.193833 0.925110 0.198238 0.920705
0 0.409692 0.907489 0.409692 0.911894 0.414097 0.916300 0.422908 0.916300 0.427313 0.920705 0.431718 0.920705 0.436123 0.925110 0.444934 0.925110 0.449339 0.920705 0.449339 0.911894 0.444934 0.907489 0.422908 0.907489 0.418502 0.903084 0.414097 0.903084
0 0.233480 0.881057 0.229075 0.885463 0.237885 0.894273 0.246696 0.894273 0.251101 0.898678 0.255507 0.898678 0.264317 0.907489 0.264317 0.911894 0.273128 0.920705 0.273128 0.947137 0.277533 0.951542 0.281938 0.951542 0.286344 0.947137 0.286344 0.907489 0.277533 0.898678 0.273128 0.898678 0.264317 0.889868 0.264317 0.885463 0.255507 0.876652 0.251101 0.881057
0 0.066079 0.881057 0.070485 0.885463 0.096916 0.885463 0.101322 0.889868 0.105727 0.889868 0.110132 0.885463 0.114537 0.889868 0.127753 0.889868 0.132159 0.885463 0.118943 0.872247 0.096916 0.872247 0.092511 0.867841 0.074890 0.867841 0.070485 0.872247 0.070485 0.876652
0 0.903084 0.832599 0.889868 0.832599 0.885463 0.837004 0.885463 0.854626 0.876652 0.863436 0.881057 0.867841 0.881057 0.876652 0.885463 0.881057 0.894273 0.881057 0.898678 0.876652 0.898678 0.850220 0.907489 0.841410 0.907489 0.837004
0 0.066079 0.828194 0.070485 0.832599 0.079295 0.832599 0.083700 0.828194 0.088106 0.828194 0.092511 0.832599 0.101322 0.832599 0.105727 0.837004 0.110132 0.837004 0.114537 0.841410 0.118943 0.841410 0.123348 0.845815 0.127753 0.845815 0.136564 0.854626 0.145374 0.854626 0.149780 0.850220 0.158590 0.850220 0.162996 0.854626 0.167401 0.854626 0.171806 0.859031 0.176211 0.854626 0.171806 0.850220 0.167401 0.854626 0.162996 0.854626 0.158590 0.850220 0.154185 0.850220 0.149780 0.845815 0.149780 0.832599 0.145374 0.828194 0.145374 0.823789 0.136564 0.814978 0.123348 0.814978 0.118943 0.819383 0.114537 0.819383 0.110132 0.823789 0.101322 0.823789 0.096916 0.819383 0.092511 0.823789 0.088106 0.819383 0.079295 0.819383 0.074890 0.823789 0.070485 0.823789
0 0.044053 0.810573 0.039648 0.814978 0.035242 0.814978 0.022026 0.828194 0.022026 0.841410 0.026432 0.845815 0.030837 0.841410 0.035242 0.845815 0.039648 0.841410 0.039648 0.828194 0.044053 0.823789 0.048458 0.823789 0.048458 0.814978
0 0.629956 0.748899 0.621145 0.757709 0.621145 0.766520 0.625551 0.770925 0.634361 0.770925 0.638767 0.775330 0.643172 0.775330 0.656388 0.788546 0.660793 0.788546 0.665198 0.792952 0.669604 0.788546 0.669604 0.775330 0.665198 0.770925 0.656388 0.770925 0.651982 0.766520 0.647577 0.766520
0 0.030837 0.753304 0.030837 0.766520 0.039648 0.775330 0.158590 0.784141 0.171806 0.792952 0.167401 0.806167 0.189427 0.819383 0.211454 0.819383 0.251101 0.797357 0.303965 0.845815 0.308370 0.859031 0.343612 0.894273 0.370044 0.894273 0.418502 0.876652 0.453745 0.885463 0.528634 0.885463 0.559471 0.859031 0.572687 0.867841 0.594714 0.867841 0.660793 0.903084 0.669604 0.920705 0.696035 0.938326 0.726872 0.977974 0.748899 0.977974 0.770925 0.964758 0.788546 0.977974 0.823789 0.982379 0.837004 0.995595 0.925110 0.995595 0.916300 0.982379 0.885463 0.977974 0.823789 0.929515 0.792952 0.925110 0.753304 0.942731 0.740088 0.933921 0.735683 0.911894 0.731278 0.916300 0.700441 0.903084 0.660793 0.867841 0.621145 0.845815 0.585903 0.841410 0.559471 0.828194 0.533040 0.828194 0.506608 0.845815 0.462555 0.828194 0.431718 0.828194 0.409692 0.854626 0.383260 0.859031 0.370044 0.850220 0.370044 0.841410 0.392070 0.819383 0.387665 0.814978 0.352423 0.837004 0.246696 0.735683 0.237885 0.718062 0.220264 0.722467 0.233480 0.740088 0.233480 0.748899 0.220264 0.757709 0.171806 0.748899 0.140969 0.766520 0.096916 0.748899
0 0.859031 0.678414 0.854626 0.678414 0.850220 0.682819 0.850220 0.700441 0.845815 0.704846 0.845815 0.709251 0.841410 0.713656 0.841410 0.735683 0.845815 0.740088 0.854626 0.740088 0.859031 0.735683 0.859031 0.726872 0.854626 0.722467 0.854626 0.713656 0.859031 0.709251 0.859031 0.700441 0.867841 0.691630 0.867841 0.687225
0 0.555066 0.665198 0.550661 0.665198 0.541850 0.674009 0.541850 0.678414 0.537445 0.682819 0.537445 0.691630 0.541850 0.696035 0.546256 0.696035 0.550661 0.691630 0.555066 0.691630 0.559471 0.687225 0.559471 0.669604
0 0.788546 0.616740 0.779736 0.625551 0.779736 0.629956 0.792952 0.643172 0.797357 0.643172 0.806167 0.651982 0.810573 0.647577 0.806167 0.643172 0.806167 0.634361 0.801762 0.629956 0.801762 0.625551 0.792952 0.616740
0 0.022026 0.616740 0.013216 0.625551 0.013216 0.629956 0.030837 0.647577 0.039648 0.647577 0.044053 0.643172 0.044053 0.638767 0.048458 0.634361 0.035242 0.621145 0.026432 0.621145
0 0.867841 0.607930 0.863436 0.612335 0.863436 0.616740 0.876652 0.629956 0.876652 0.634361 0.881057 0.638767 0.881057 0.643172 0.885463 0.647577 0.894273 0.638767 0.889868 0.634361 0.889868 0.621145 0.876652 0.607930
0 0.110132 0.594714 0.105727 0.599119 0.101322 0.599119 0.096916 0.603524 0.096916 0.612335 0.101322 0.616740 0.105727 0.616740 0.110132 0.621145 0.114537 0.621145 0.123348 0.612335 0.123348 0.603524 0.114537 0.594714
0 0.070485 0.594714 0.066079 0.590308 0.066079 0.585903 0.057269 0.577093 0.052863 0.577093 0.048458 0.572687 0.044053 0.572687 0.035242 0.563877 0.030837 0.568282 0.026432 0.568282 0.022026 0.572687 0.022026 0.577093 0.017621 0.581498 0.013216 0.581498 0.008811 0.585903 0.004405 0.581498 0.000000 0.581498 0.000000 0.599119 0.004405 0.594714 0.004405 0.590308 0.008811 0.585903 0.013216 0.585903 0.017621 0.581498 0.022026 0.585903 0.026432 0.585903 0.030837 0.590308 0.039648 0.590308 0.044053 0.585903 0.048458 0.590308 0.052863 0.590308 0.057269 0.594714 0.061674 0.594714 0.066079 0.599119
0 0.123348 0.537445 0.136564 0.550661 0.145374 0.550661 0.149780 0.546256 0.154185 0.550661 0.158590 0.550661 0.162996 0.555066 0.162996 0.568282 0.171806 0.577093 0.176211 0.572687 0.180617 0.572687 0.185022 0.568282 0.198238 0.568282 0.202643 0.572687 0.207048 0.568282 0.207048 0.563877 0.198238 0.555066 0.167401 0.555066 0.162996 0.550661 0.158590 0.550661 0.154185 0.546256 0.154185 0.541850 0.140969 0.528634 0.136564 0.528634 0.132159 0.533040 0.127753 0.533040
0 0.995595 0.541850 0.969163 0.550661 0.951542 0.537445 0.929515 0.537445 0.898678 0.555066 0.885463 0.546256 0.819383 0.550661 0.788546 0.541850 0.757709 0.524229 0.718062 0.533040 0.634361 0.528634 0.607930 0.537445 0.493392 0.599119 0.475771 0.599119 0.458150 0.607930 0.422908 0.607930 0.392070 0.638767 0.325991 0.656388 0.308370 0.674009 0.268722 0.687225 0.264317 0.700441 0.268722 0.704846 0.312775 0.700441 0.325991 0.678414 0.374449 0.669604 0.392070 0.656388 0.396476 0.643172 0.414097 0.634361 0.458150 0.643172 0.524229 0.625551 0.559471 0.599119 0.612335 0.577093 0.634361 0.559471 0.656388 0.559471 0.660793 0.555066 0.665198 0.559471 0.678414 0.555066 0.682819 0.559471 0.753304 0.559471 0.801762 0.577093 0.863436 0.577093 0.867841 0.572687 0.889868 0.572687 0.907489 0.559471 0.916300 0.563877 0.920705 0.559471 0.977974 0.555066 0.995595 0.563877
0 0.916300 0.493392 0.916300 0.497797 0.925110 0.506608 0.933921 0.506608 0.938326 0.511013 0.942731 0.506608 0.951542 0.506608 0.955947 0.502203 0.942731 0.488987 0.929515 0.488987 0.925110 0.484582
0 0.709251 0.414097 0.709251 0.422908 0.726872 0.440529 0.726872 0.444934 0.731278 0.449339 0.731278 0.453745 0.735683 0.458150 0.753304 0.458150 0.757709 0.462555 0.762115 0.462555 0.766520 0.466960 0.770925 0.466960 0.775330 0.471366 0.779736 0.466960 0.779736 0.453745 0.775330 0.449339 0.770925 0.449339 0.766520 0.453745 0.762115 0.453745 0.757709 0.449339 0.753304 0.449339 0.740088 0.436123 0.740088 0.431718 0.735683 0.427313 0.731278 0.427313 0.726872 0.422908 0.726872 0.418502 0.718062 0.409692 0.713656 0.409692
0 0.995595 0.392070 0.982379 0.392070 0.977974 0.387665 0.973568 0.387665 0.969163 0.383260 0.960352 0.383260 0.951542 0.392070 0.947137 0.392070 0.942731 0.396476 0.938326 0.396476 0.933921 0.392070 0.925110 0.392070 0.916300 0.400881 0.916300 0.409692 0.920705 0.414097 0.920705 0.427313 0.916300 0.431718 0.916300 0.436123 0.907489 0.444934 0.903084 0.444934 0.898678 0.449339 0.894273 0.444934 0.889868 0.444934 0.885463 0.440529 0.885463 0.436123 0.881057 0.431718 0.876652 0.431718 0.872247 0.427313 0.867841 0.431718 0.863436 0.427313 0.859031 0.431718 0.854626 0.427313 0.850220 0.427313 0.832599 0.409692 0.828194 0.414097 0.828194 0.427313 0.832599 0.431718 0.841410 0.431718 0.845815 0.427313 0.850220 0.427313 0.854626 0.431718 0.859031 0.431718 0.863436 0.436123 0.863436 0.440529 0.867841 0.444934 0.872247 0.440529 0.876652 0.444934 0.881057 0.444934 0.885463 0.449339 0.889868 0.449339 0.894273 0.453745 0.903084 0.444934 0.907489 0.444934 0.911894 0.440529 0.916300 0.444934 0.925110 0.436123 0.925110 0.431718 0.920705 0.427313 0.920705 0.418502 0.925110 0.414097 0.929515 0.414097 0.938326 0.405286 0.938326 0.400881 0.942731 0.396476 0.947137 0.396476 0.951542 0.392070 0.955947 0.392070 0.960352 0.396476 0.964758 0.396476 0.969163 0.400881 0.973568 0.400881 0.982379 0.409692 0.991189 0.409692 0.995595 0.405286
0 0.612335 0.365639 0.607930 0.370044 0.607930 0.383260 0.616740 0.392070 0.621145 0.392070 0.634361 0.378855 0.629956 0.374449 0.629956 0.370044 0.625551 0.365639
0 0.942731 0.229075 0.933921 0.237885 0.938326 0.242291 0.938326 0.246696 0.964758 0.273128 0.969163 0.268722 0.969163 0.255507 0.955947 0.242291 0.955947 0.237885 0.951542 0.233480 0.947137 0.233480
0 0.731278 0.185022 0.731278 0.189427 0.740088 0.198238 0.766520 0.198238 0.770925 0.193833 0.770925 0.189427 0.762115 0.180617 0.757709 0.180617 0.753304 0.176211 0.740088 0.176211
0 0.792952 0.132159 0.792952 0.136564 0.801762 0.145374 0.806167 0.145374 0.814978 0.154185 0.819383 0.154185 0.823789 0.158590 0.828194 0.158590 0.832599 0.162996 0.837004 0.158590 0.832599 0.154185 0.828194 0.154185 0.814978 0.140969 0.814978 0.136564 0.806167 0.127753 0.797357 0.127753
0 0.947137 0.101322 0.938326 0.110132 0.938326 0.114537 0.933921 0.118943 0.947137 0.132159 0.960352 0.132159 0.964758 0.127753 0.964758 0.123348 0.960352 0.118943 0.960352 0.114537 0.955947 0.110132 0.955947 0.105727 0.951542 0.101322
0 0.066079 0.030837 0.066079 0.039648 0.070485 0.044053 0.105727 0.044053 0.110132 0.039648 0.088106 0.017621 0.083700 0.017621 0.079295 0.022026 0.074890 0.022026
