0 0.202643 0.991189 0.202643 0.995595 0.295154 0.995595 0.295154 0.991189 0.290749 0.986784 0.255507 0.986784 0.251101 0.991189 0.237885 0.991189 0.233480 0.986784 0.207048 0.986784
0 0.105727 0.982379 0.096916 0.973568 0.088106 0.973568 0.083700 0.969163 0.061674 0.969163 0.057269 0.964758 0.052863 0.969163 0.039648 0.969163 0.035242 0.973568 0.030837 0.973568 0.026432 0.969163 0.000000 0.969163 0.000000 0.995595 0.013216 0.995595 0.013216 0.991189 0.017621 0.986784 0.022026 0.986784 0.026432 0.982379 0.030837 0.982379 0.035242 0.986784 0.039648 0.986784 0.044053 0.982379 0.048458 0.986784 0.052863 0.986784 0.057269 0.991189 0.057269 0.995595 0.101322 0.995595 0.101322 0.991189 0.105727 0.986784
0 0.687225 0.704846 0.674009 0.691630 0.669604 0.696035 0.665198 0.696035 0.656388 0.704846 0.656388 0.709251 0.651982 0.713656 0.651982 0.718062 0.656388 0.722467 0.665198 0.722467 0.669604 0.726872 0.674009 0.722467 0.678414 0.722467 0.682819 0.718062 0.682819 0.709251
0 0.026432 0.550661 0.022026 0.555066 0.022026 0.559471 0.039648 0.577093 0.039648 0.581498 0.044053 0.585903 0.048458 0.585903 0.052863 0.581498 0.048458 0.577093 0.048458 0.568282 0.044053 0.563877 0.044053 0.555066 0.039648 0.550661
0 0.000000 0.436123 0.000000 0.466960 0.026432 0.462555 0.110132 0.506608 0.167401 0.511013 0.233480 0.555066 0.264317 0.555066 0.303965 0.572687 0.352423 0.581498 0.378855 0.599119 0.409692 0.599119 0.427313 0.577093 0.541850 0.581498 0.572687 0.599119 0.616740 0.594714 0.651982 0.607930 0.682819 0.634361 0.704846 0.638767 0.766520 0.625551 0.898678 0.682819 0.942731 0.682819 0.969163 0.669604 0.995595 0.669604 0.995595 0.603524 0.960352 0.590308 0.938326 0.590308 0.903084 0.568282 0.876652 0.568282 0.828194 0.519824 0.806167 0.541850 0.819383 0.563877 0.814978 0.577093 0.726872 0.581498 0.709251 0.572687 0.674009 0.528634 0.643172 0.528634 0.612335 0.541850 0.577093 0.541850 0.559471 0.533040 0.537445 0.546256 0.497797 0.533040 0.396476 0.541850 0.334802 0.515419 0.325991 0.519824 0.303965 0.506608 0.259912 0.497797 0.162996 0.453745 0.118943 0.453745 0.070485 0.427313 0.035242 0.418502 0.022026 0.431718
0 0.343612 0.378855 0.339207 0.383260 0.339207 0.387665 0.348018 0.396476 0.352423 0.396476 0.356828 0.400881 0.356828 0.405286 0.365639 0.414097 0.370044 0.414097 0.374449 0.409692 0.374449 0.400881 0.361233 0.387665 0.361233 0.383260 0.356828 0.378855
0 0.215859 0.370044 0.211454 0.374449 0.220264 0.383260 0.220264 0.392070 0.224670 0.396476 0.224670 0.400881 0.242291 0.418502 0.242291 0.422908 0.251101 0.431718 0.255507 0.427313 0.255507 0.422908 0.246696 0.414097 0.246696 0.405286 0.229075 0.387665 0.229075 0.378855 0.224670 0.374449 0.220264 0.374449
0 0.277533 0.277533 0.273128 0.273128 0.268722 0.273128 0.251101 0.290749 0.246696 0.290749 0.242291 0.295154 0.237885 0.295154 0.233480 0.290749 0.207048 0.290749 0.202643 0.295154 0.207048 0.299559 0.215859 0.299559 0.220264 0.303965 0.224670 0.303965 0.229075 0.308370 0.237885 0.308370 0.242291 0.303965 0.242291 0.299559 0.246696 0.295154 0.251101 0.295154 0.255507 0.290749 0.259912 0.295154 0.273128 0.295154 0.277533 0.290749
0 0.475771 0.215859 0.475771 0.233480 0.480176 0.237885 0.484582 0.233480 0.502203 0.233480 0.506608 0.229075 0.488987 0.211454 0.480176 0.211454
0 0.541850 0.207048 0.541850 0.211454 0.546256 0.215859 0.555066 0.215859 0.559471 0.220264 0.563877 0.215859 0.572687 0.215859 0.577093 0.211454 0.563877 0.198238 0.550661 0.198238
