0 0.704846 0.907489 0.700441 0.911894 0.696035 0.911894 0.691630 0.916300 0.691630 0.920705 0.687225 0.925110 0.687225 0.929515 0.682819 0.933921 0.682819 0.942731 0.691630 0.951542 0.696035 0.951542 0.704846 0.942731 0.704846 0.920705 0.709251 0.916300 0.709251 0.911894
0 0.158590 0.925110 0.149780 0.916300 0.136564 0.916300 0.132159 0.920705 0.123348 0.920705 0.118943 0.916300 0.114537 0.916300 0.110132 0.911894 0.110132 0.903084 0.114537 0.898678 0.110132 0.894273 0.083700 0.920705 0.079295 0.920705 0.074890 0.925110 0.070485 0.925110 0.066079 0.929515 0.061674 0.929515 0.048458 0.942731 0.048458 0.947137 0.044053 0.951542 0.039648 0.951542 0.035242 0.955947 0.030837 0.955947 0.022026 0.964758 0.017621 0.964758 0.013216 0.969163 0.004405 0.969163 0.000000 0.973568 0.000000 0.995595 0.008811 0.995595 0.008811 0.986784 0.017621 0.977974 0.022026 0.977974 0.026432 0.973568 0.030837 0.977974 0.035242 0.977974 0.039648 0.982379 0.039648 0.995595 0.057269 0.995595 0.057269 0.977974 0.061674 0.973568 0.066079 0.973568 0.070485 0.969163 0.079295 0.969163 0.083700 0.964758 0.088106 0.964758 0.092511 0.960352 0.096916 0.960352 0.105727 0.951542 0.101322 0.947137 0.096916 0.947137 0.092511 0.942731 0.088106 0.942731 0.083700 0.938326 0.083700 0.929515 0.088106 0.925110 0.092511 0.925110 0.096916 0.920705 0.101322 0.920705 0.105727 0.916300 0.110132 0.920705 0.114537 0.920705 0.127753 0.933921 0.132159 0.933921 0.136564 0.938326 0.145374 0.938326
0 0.801762 0.819383 0.797357 0.823789 0.792952 0.823789 0.788546 0.828194 0.788546 0.837004 0.784141 0.841410 0.779736 0.841410 0.770925 0.850220 0.779736 0.859031 0.784141 0.859031 0.788546 0.854626 0.788546 0.850220 0.792952 0.845815 0.792952 0.841410 0.797357 0.837004 0.801762 0.837004 0.806167 0.832599 0.806167 0.823789
0 0.044053 0.801762 0.035242 0.801762 0.030837 0.806167 0.030837 0.814978 0.026432 0.819383 0.026432 0.832599 0.030837 0.837004 0.035242 0.837004 0.044053 0.828194 0.044053 0.819383 0.048458 0.814978 0.048458 0.806167
0 0.334802 0.797357 0.330396 0.797357 0.321586 0.806167 0.321586 0.810573 0.303965 0.828194 0.303965 0.850220 0.308370 0.854626 0.317181 0.845815 0.317181 0.841410 0.343612 0.814978 0.343612 0.806167
0 0.638767 0.788546 0.629956 0.788546 0.625551 0.792952 0.625551 0.797357 0.616740 0.806167 0.616740 0.814978 0.625551 0.823789 0.629956 0.819383 0.634361 0.819383 0.638767 0.814978 0.638767 0.797357 0.643172 0.792952
0 0.938326 0.718062 0.933921 0.722467 0.929515 0.722467 0.925110 0.726872 0.925110 0.731278 0.920705 0.735683 0.920705 0.744493 0.925110 0.748899 0.929515 0.748899 0.933921 0.744493 0.938326 0.744493 0.947137 0.735683 0.947137 0.726872
0 0.145374 0.682819 0.136564 0.691630 0.132159 0.691630 0.127753 0.696035 0.123348 0.696035 0.114537 0.704846 0.114537 0.718062 0.118943 0.722467 0.123348 0.722467 0.136564 0.709251 0.136564 0.704846 0.149780 0.691630 0.149780 0.687225
0 0.726872 0.678414 0.722467 0.674009 0.713656 0.674009 0.709251 0.678414 0.709251 0.682819 0.704846 0.687225 0.704846 0.696035 0.700441 0.700441 0.696035 0.700441 0.691630 0.704846 0.687225 0.704846 0.682819 0.709251 0.678414 0.704846 0.674009 0.709251 0.674009 0.718062 0.678414 0.722467 0.682819 0.718062 0.687225 0.718062 0.691630 0.713656 0.696035 0.713656 0.700441 0.709251 0.704846 0.709251 0.713656 0.700441 0.713656 0.696035 0.726872 0.682819
0 0.585903 0.634361 0.572687 0.634361 0.563877 0.643172 0.563877 0.647577 0.559471 0.651982 0.559471 0.660793 0.563877 0.665198 0.568282 0.665198 0.577093 0.656388 0.581498 0.656388 0.590308 0.647577 0.590308 0.638767
0 0.929515 0.572687 0.916300 0.585903 0.916300 0.590308 0.911894 0.594714 0.911894 0.599119 0.907489 0.603524 0.907489 0.612335 0.903084 0.616740 0.907489 0.621145 0.916300 0.621145 0.925110 0.612335 0.925110 0.607930 0.929515 0.603524 0.929515 0.599119 0.933921 0.594714 0.933921 0.577093
0 0.281938 0.581498 0.273128 0.572687 0.268722 0.577093 0.259912 0.577093 0.251101 0.585903 0.251101 0.590308 0.246696 0.594714 0.251101 0.599119 0.264317 0.599119 0.268722 0.594714 0.273128 0.594714 0.281938 0.585903
0 0.237885 0.546256 0.229075 0.537445 0.224670 0.541850 0.220264 0.541850 0.211454 0.550661 0.211454 0.555066 0.207048 0.559471 0.207048 0.563877 0.202643 0.568282 0.198238 0.568282 0.193833 0.572687 0.185022 0.572687 0.176211 0.581498 0.171806 0.581498 0.167401 0.585903 0.162996 0.581498 0.154185 0.590308 0.149780 0.590308 0.145374 0.594714 0.140969 0.590308 0.136564 0.590308 0.127753 0.581498 0.118943 0.581498 0.110132 0.590308 0.110132 0.594714 0.105727 0.599119 0.110132 0.603524 0.110132 0.607930 0.114537 0.612335 0.118943 0.607930 0.118943 0.603524 0.127753 0.594714 0.132159 0.594714 0.136564 0.590308 0.140969 0.594714 0.145374 0.594714 0.158590 0.607930 0.171806 0.594714 0.176211 0.594714 0.180617 0.590308 0.198238 0.590308 0.202643 0.585903 0.202643 0.581498 0.207048 0.577093 0.211454 0.577093 0.215859 0.572687 0.220264 0.572687 0.229075 0.563877 0.229075 0.559471 0.237885 0.550661
0 0.158590 0.506608 0.154185 0.511013 0.154185 0.528634 0.149780 0.533040 0.149780 0.541850 0.154185 0.546256 0.162996 0.546256 0.167401 0.541850 0.167401 0.515419
0 0.246696 0.506608 0.246696 0.519824 0.251101 0.524229 0.255507 0.519824 0.259912 0.519824 0.264317 0.515419 0.268722 0.519824 0.273128 0.519824 0.281938 0.528634 0.281938 0.533040 0.286344 0.537445 0.290749 0.537445 0.295154 0.541850 0.303965 0.541850 0.308370 0.537445 0.308370 0.528634 0.303965 0.524229 0.303965 0.519824 0.299559 0.515419 0.286344 0.515419 0.281938 0.519824 0.277533 0.519824 0.273128 0.515419 0.268722 0.515419 0.255507 0.502203 0.251101 0.502203
0 0.083700 0.436123 0.079295 0.440529 0.074890 0.440529 0.070485 0.444934 0.070485 0.453745 0.066079 0.458150 0.066079 0.462555 0.061674 0.466960 0.061674 0.484582 0.066079 0.488987 0.070485 0.488987 0.079295 0.497797 0.079295 0.506608 0.083700 0.511013 0.092511 0.502203 0.088106 0.497797 0.083700 0.497797 0.074890 0.488987 0.074890 0.475771 0.083700 0.466960 0.083700 0.462555 0.088106 0.458150 0.088106 0.440529
0 0.735683 0.378855 0.726872 0.378855 0.722467 0.383260 0.722467 0.387665 0.718062 0.392070 0.718062 0.405286 0.722467 0.409692 0.722467 0.422908 0.718062 0.427313 0.722467 0.431718 0.722467 0.436123 0.726872 0.440529 0.731278 0.436123 0.731278 0.431718 0.735683 0.427313 0.731278 0.422908 0.731278 0.414097 0.740088 0.405286 0.740088 0.400881 0.744493 0.396476 0.744493 0.392070 0.740088 0.387665 0.740088 0.383260
0 0.132159 0.348018 0.127753 0.348018 0.118943 0.356828 0.118943 0.361233 0.114537 0.365639 0.114537 0.374449 0.110132 0.378855 0.110132 0.383260 0.118943 0.392070 0.123348 0.392070 0.136564 0.378855 0.136564 0.352423
0 0.942731 0.189427 0.938326 0.193833 0.933921 0.193833 0.929515 0.198238 0.929515 0.233480 0.925110 0.237885 0.929515 0.242291 0.933921 0.237885 0.933921 0.229075 0.938326 0.224670 0.938326 0.220264 0.947137 0.211454 0.947137 0.193833
0 0.343612 0.229075 0.348018 0.233480 0.356828 0.233480 0.370044 0.220264 0.370044 0.207048 0.374449 0.202643 0.378855 0.202643 0.383260 0.198238 0.387665 0.198238 0.392070 0.193833 0.396476 0.198238 0.400881 0.198238 0.405286 0.202643 0.405286 0.207048 0.418502 0.220264 0.418502 0.229075 0.422908 0.233480 0.431718 0.224670 0.436123 0.224670 0.440529 0.220264 0.444934 0.220264 0.449339 0.215859 0.453745 0.215859 0.462555 0.207048 0.458150 0.202643 0.449339 0.202643 0.444934 0.207048 0.440529 0.207048 0.436123 0.211454 0.427313 0.211454 0.422908 0.207048 0.418502 0.207048 0.409692 0.198238 0.405286 0.202643 0.400881 0.198238 0.396476 0.198238 0.387665 0.189427 0.387665 0.185022 0.374449 0.171806 0.365639 0.180617 0.365639 0.198238 0.348018 0.215859 0.348018 0.220264 0.343612 0.224670
0 0.110132 0.118943 0.105727 0.123348 0.101322 0.123348 0.096916 0.127753 0.096916 0.149780 0.101322 0.154185 0.101322 0.162996 0.105727 0.167401 0.105727 0.211454 0.110132 0.215859 0.110132 0.220264 0.114537 0.224670 0.114537 0.251101 0.118943 0.255507 0.118943 0.268722 0.114537 0.273128 0.118943 0.277533 0.118943 0.281938 0.123348 0.286344 0.123348 0.290749 0.136564 0.303965 0.145374 0.295154 0.145374 0.281938 0.123348 0.259912 0.123348 0.242291 0.127753 0.237885 0.123348 0.233480 0.123348 0.220264 0.127753 0.215859 0.127753 0.207048 0.118943 0.198238 0.118943 0.176211 0.114537 0.171806 0.114537 0.118943
0 0.242291 0.110132 0.233480 0.110132 0.229075 0.114537 0.229075 0.140969 0.233480 0.145374 0.237885 0.140969 0.242291 0.140969 0.251101 0.132159 0.251101 0.127753 0.246696 0.123348 0.246696 0.114537
0 0.308370 0.070485 0.299559 0.070485 0.295154 0.074890 0.290749 0.070485 0.286344 0.070485 0.277533 0.079295 0.281938 0.083700 0.281938 0.088106 0.290749 0.096916 0.295154 0.096916 0.303965 0.088106 0.303965 0.083700 0.312775 0.074890
0 0.898678 0.048458 0.894273 0.052863 0.894273 0.057269 0.889868 0.061674 0.889868 0.066079 0.863436 0.092511 0.859031 0.092511 0.854626 0.096916 0.854626 0.101322 0.863436 0.110132 0.867841 0.105727 0.867841 0.101322 0.876652 0.092511 0.881057 0.092511 0.889868 0.083700 0.889868 0.079295 0.903084 0.066079 0.903084 0.052863
0 0.867841 0.000000 0.819383 0.000000 0.682819 0.127753 0.669604 0.118943 0.674009 0.092511 0.634361 0.114537 0.621145 0.092511 0.660793 0.052863 0.687225 0.070485 0.744493 0.000000 0.704846 0.000000 0.599119 0.083700 0.607930 0.149780 0.563877 0.189427 0.555066 0.233480 0.488987 0.308370 0.431718 0.422908 0.378855 0.488987 0.392070 0.497797 0.378855 0.541850 0.339207 0.555066 0.370044 0.568282 0.348018 0.585903 0.356828 0.678414 0.303965 0.704846 0.325991 0.713656 0.348018 0.696035 0.361233 0.704846 0.365639 0.735683 0.400881 0.740088 0.409692 0.757709 0.396476 0.779736 0.400881 0.832599 0.312775 0.907489 0.286344 0.894273 0.220264 0.920705 0.189427 0.907489 0.180617 0.916300 0.189427 0.925110 0.259912 0.920705 0.273128 0.938326 0.237885 0.977974 0.185022 0.995595 0.237885 0.995595 0.277533 0.955947 0.295154 0.969163 0.321586 0.942731 0.334802 0.898678 0.400881 0.850220 0.440529 0.872247 0.453745 0.863436 0.453745 0.850220 0.414097 0.819383 0.427313 0.775330 0.405286 0.713656 0.396476 0.625551 0.414097 0.546256 0.480176 0.488987 0.502203 0.506608 0.533040 0.480176 0.524229 0.471366 0.493392 0.497797 0.480176 0.480176 0.515419 0.414097 0.572687 0.365639 0.550661 0.352423 0.550661 0.339207 0.616740 0.273128 0.696035 0.167401 0.713656 0.176211 0.726872 0.162996 0.696035 0.154185 0.696035 0.132159 0.748899 0.083700 0.797357 0.092511 0.841410 0.052863
0 0.422908 0.000000 0.422908 0.017621 0.427313 0.022026 0.427313 0.026432 0.436123 0.035242 0.440529 0.030837 0.440529 0.000000
0 0.000000 0.118943 0.013216 0.118943 0.017621 0.123348 0.022026 0.123348 0.030837 0.132159 0.035242 0.132159 0.039648 0.127753 0.044053 0.132159 0.048458 0.127753 0.048458 0.118943 0.052863 0.114537 0.052863 0.110132 0.057269 0.105727 0.061674 0.105727 0.074890 0.096916 0.079295 0.096916 0.083700 0.101322 0.092511 0.101322 0.096916 0.096916 0.105727 0.096916 0.110132 0.101322 0.114537 0.101322 0.118943 0.105727 0.118943 0.110132 0.123348 0.110132 0.132159 0.101322 0.132159 0.096916 0.140969 0.088106 0.140969 0.083700 0.167401 0.057269 0.167401 0.052863 0.162996 0.048458 0.162996 0.035242 0.176211 0.026432 0.185022 0.026432 0.202643 0.008811 0.202643 0.004405 0.207048 0.000000 0.127753 0.000000 0.127753 0.004405 0.114537 0.013216 0.110132 0.013216 0.105727 0.008811 0.101322 0.008811 0.096916 0.004405 0.096916 0.000000 0.052863 0.000000 0.052863 0.004405 0.048458 0.008811 0.044053 0.008811 0.039648 0.013216 0.035242 0.013216 0.030837 0.017621 0.026432 0.017621 0.022026 0.022026 0.017621 0.022026 0.008811 0.030837 0.004405 0.030837 0.000000 0.035242
