0 0.154185 0.898678 0.149780 0.903084 0.149780 0.925110 0.158590 0.933921 0.185022 0.933921 0.189427 0.929515 0.189427 0.925110 0.185022 0.920705 0.176211 0.920705 0.171806 0.916300 0.167401 0.916300 0.158590 0.907489 0.158590 0.903084
0 0.674009 0.898678 0.669604 0.894273 0.660793 0.894273 0.656388 0.889868 0.651982 0.889868 0.647577 0.885463 0.643172 0.889868 0.647577 0.894273 0.647577 0.907489 0.643172 0.911894 0.638767 0.911894 0.634361 0.916300 0.629956 0.916300 0.625551 0.920705 0.612335 0.920705 0.603524 0.929515 0.599119 0.929515 0.581498 0.947137 0.577093 0.947137 0.572687 0.951542 0.572687 0.955947 0.568282 0.960352 0.568282 0.964758 0.546256 0.986784 0.541850 0.986784 0.537445 0.991189 0.533040 0.986784 0.524229 0.986784 0.515419 0.995595 0.590308 0.995595 0.590308 0.982379 0.577093 0.969163 0.577093 0.960352 0.585903 0.951542 0.590308 0.951542 0.603524 0.938326 0.607930 0.938326 0.612335 0.933921 0.616740 0.933921 0.621145 0.929515 0.625551 0.929515 0.629956 0.925110 0.638767 0.925110 0.643172 0.920705 0.647577 0.925110 0.651982 0.925110 0.656388 0.929515 0.656388 0.933921 0.660793 0.938326 0.669604 0.938326 0.674009 0.933921 0.674009 0.925110 0.678414 0.920705 0.678414 0.911894 0.674009 0.907489
0 0.365639 0.872247 0.361233 0.876652 0.356828 0.876652 0.352423 0.881057 0.334802 0.881057 0.325991 0.889868 0.325991 0.894273 0.321586 0.898678 0.321586 0.907489 0.317181 0.911894 0.317181 0.920705 0.321586 0.925110 0.343612 0.903084 0.348018 0.903084 0.352423 0.898678 0.361233 0.898678 0.374449 0.885463 0.370044 0.881057 0.370044 0.876652
0 0.969163 0.885463 0.964758 0.881057 0.964758 0.872247 0.960352 0.867841 0.947137 0.867841 0.942731 0.872247 0.942731 0.876652 0.938326 0.881057 0.933921 0.881057 0.929515 0.885463 0.925110 0.885463 0.920705 0.881057 0.916300 0.881057 0.907489 0.889868 0.911894 0.894273 0.916300 0.894273 0.920705 0.898678 0.929515 0.889868 0.933921 0.889868 0.938326 0.885463 0.942731 0.889868 0.947137 0.889868 0.955947 0.898678 0.960352 0.898678 0.969163 0.889868
0 0.180617 0.872247 0.180617 0.876652 0.185022 0.881057 0.189427 0.881057 0.198238 0.889868 0.207048 0.889868 0.211454 0.885463 0.211454 0.876652 0.198238 0.863436 0.193833 0.863436 0.189427 0.867841 0.185022 0.867841
0 0.599119 0.819383 0.621145 0.841410 0.621145 0.845815 0.625551 0.850220 0.625551 0.859031 0.629956 0.863436 0.638767 0.863436 0.643172 0.859031 0.643172 0.845815 0.647577 0.841410 0.651982 0.841410 0.656388 0.837004 0.660793 0.837004 0.665198 0.832599 0.660793 0.828194 0.656388 0.832599 0.647577 0.832599 0.643172 0.828194 0.634361 0.828194 0.629956 0.823789 0.625551 0.823789 0.621145 0.819383 0.607930 0.819383 0.603524 0.814978
0 0.916300 0.810573 0.907489 0.801762 0.898678 0.801762 0.885463 0.814978 0.881057 0.814978 0.876652 0.819383 0.872247 0.814978 0.867841 0.814978 0.859031 0.806167 0.850220 0.814978 0.850220 0.823789 0.854626 0.828194 0.863436 0.819383 0.867841 0.819383 0.872247 0.814978 0.876652 0.819383 0.881057 0.819383 0.885463 0.823789 0.885463 0.828194 0.889868 0.832599 0.894273 0.832599
0 0.083700 0.801762 0.074890 0.810573 0.074890 0.814978 0.083700 0.823789 0.088106 0.819383 0.092511 0.819383 0.096916 0.823789 0.101322 0.823789 0.105727 0.828194 0.105727 0.850220 0.114537 0.859031 0.118943 0.854626 0.123348 0.854626 0.127753 0.850220 0.127753 0.841410 0.114537 0.828194 0.110132 0.828194 0.105727 0.823789 0.105727 0.801762 0.101322 0.797357 0.096916 0.797357 0.092511 0.801762
0 0.202643 0.797357 0.193833 0.788546 0.189427 0.788546 0.185022 0.792952 0.180617 0.792952 0.167401 0.806167 0.162996 0.806167 0.158590 0.810573 0.167401 0.819383 0.176211 0.819383 0.180617 0.823789 0.185022 0.823789 0.198238 0.810573 0.198238 0.806167 0.202643 0.801762
0 0.105727 0.687225 0.105727 0.700441 0.110132 0.704846 0.114537 0.704846 0.118943 0.709251 0.123348 0.709251 0.127753 0.713656 0.136564 0.713656 0.140969 0.718062 0.145374 0.718062 0.149780 0.713656 0.154185 0.713656 0.158590 0.709251 0.158590 0.704846 0.154185 0.700441 0.136564 0.700441 0.132159 0.696035 0.127753 0.696035 0.114537 0.682819 0.110132 0.682819
0 0.387665 0.691630 0.365639 0.669604 0.361233 0.669604 0.352423 0.678414 0.352423 0.691630 0.348018 0.696035 0.343612 0.696035 0.339207 0.700441 0.334802 0.700441 0.330396 0.696035 0.317181 0.696035 0.303965 0.709251 0.299559 0.709251 0.295154 0.713656 0.290749 0.709251 0.286344 0.709251 0.281938 0.704846 0.277533 0.704846 0.273128 0.709251 0.273128 0.713656 0.268722 0.718062 0.268722 0.726872 0.264317 0.731278 0.259912 0.731278 0.255507 0.735683 0.233480 0.735683 0.229075 0.740088 0.224670 0.735683 0.220264 0.740088 0.215859 0.735683 0.207048 0.735683 0.202643 0.731278 0.198238 0.735683 0.198238 0.740088 0.215859 0.757709 0.229075 0.757709 0.233480 0.753304 0.246696 0.753304 0.255507 0.744493 0.259912 0.744493 0.264317 0.740088 0.268722 0.740088 0.273128 0.735683 0.277533 0.740088 0.281938 0.740088 0.286344 0.744493 0.290749 0.740088 0.295154 0.744493 0.299559 0.744493 0.303965 0.748899 0.303965 0.762115 0.308370 0.766520 0.317181 0.766520 0.321586 0.762115 0.308370 0.748899 0.303965 0.748899 0.295154 0.740088 0.295154 0.726872 0.299559 0.722467 0.303965 0.722467 0.308370 0.718062 0.312775 0.722467 0.339207 0.722467 0.348018 0.713656 0.352423 0.713656 0.356828 0.709251 0.361233 0.709251 0.365639 0.704846 0.370044 0.704846 0.374449 0.700441 0.378855 0.700441
0 0.947137 0.660793 0.942731 0.665198 0.938326 0.665198 0.933921 0.669604 0.933921 0.674009 0.929515 0.678414 0.933921 0.682819 0.933921 0.687225 0.938326 0.691630 0.947137 0.691630 0.955947 0.682819 0.955947 0.678414 0.951542 0.674009 0.951542 0.665198
0 0.493392 0.696035 0.488987 0.696035 0.484582 0.691630 0.475771 0.691630 0.471366 0.696035 0.462555 0.696035 0.458150 0.691630 0.453745 0.691630 0.449339 0.687225 0.449339 0.682819 0.444934 0.678414 0.444934 0.674009 0.436123 0.665198 0.431718 0.665198 0.427313 0.660793 0.422908 0.665198 0.418502 0.665198 0.414097 0.669604 0.414097 0.678414 0.427313 0.691630 0.436123 0.691630 0.440529 0.696035 0.444934 0.696035 0.449339 0.700441 0.449339 0.713656 0.444934 0.718062 0.440529 0.718062 0.436123 0.722467 0.427313 0.722467 0.414097 0.735683 0.409692 0.735683 0.405286 0.740088 0.396476 0.740088 0.392070 0.744493 0.387665 0.744493 0.383260 0.740088 0.378855 0.740088 0.374449 0.744493 0.374449 0.753304 0.365639 0.762115 0.361233 0.762115 0.356828 0.766520 0.348018 0.766520 0.343612 0.770925 0.352423 0.779736 0.361233 0.779736 0.365639 0.784141 0.374449 0.775330 0.370044 0.770925 0.370044 0.757709 0.374449 0.753304 0.378855 0.753304 0.383260 0.748899 0.396476 0.748899 0.400881 0.753304 0.405286 0.748899 0.409692 0.753304 0.418502 0.753304 0.422908 0.757709 0.431718 0.748899 0.431718 0.740088 0.440529 0.731278 0.440529 0.722467 0.449339 0.713656 0.453745 0.713656 0.462555 0.704846 0.466960 0.704846 0.471366 0.700441 0.475771 0.700441 0.480176 0.704846 0.484582 0.704846
0 0.149780 0.599119 0.149780 0.607930 0.185022 0.643172 0.193833 0.643172 0.198238 0.647577 0.202643 0.647577 0.207048 0.651982 0.215859 0.643172 0.215859 0.638767 0.211454 0.634361 0.207048 0.634361 0.193833 0.621145 0.189427 0.621145 0.185022 0.616740 0.180617 0.616740 0.171806 0.607930 0.171806 0.603524 0.162996 0.594714 0.154185 0.594714
0 0.079295 0.568282 0.074890 0.563877 0.066079 0.563877 0.061674 0.559471 0.057269 0.559471 0.052863 0.563877 0.048458 0.563877 0.039648 0.572687 0.039648 0.577093 0.044053 0.581498 0.052863 0.581498 0.057269 0.585903 0.066079 0.577093 0.070485 0.577093
0 0.850220 0.546256 0.832599 0.563877 0.832599 0.568282 0.828194 0.572687 0.841410 0.585903 0.845815 0.581498 0.845815 0.577093 0.850220 0.572687 0.850220 0.555066 0.854626 0.550661
0 0.370044 0.488987 0.365639 0.493392 0.365639 0.502203 0.374449 0.511013 0.374449 0.528634 0.370044 0.533040 0.370044 0.541850 0.374449 0.546256 0.383260 0.546256 0.387665 0.550661 0.392070 0.550661 0.400881 0.559471 0.405286 0.559471 0.409692 0.555066 0.409692 0.550661 0.405286 0.546256 0.400881 0.546256 0.396476 0.541850 0.392070 0.541850 0.387665 0.537445 0.387665 0.519824 0.383260 0.515419 0.378855 0.515419 0.374449 0.511013 0.374449 0.493392
0 0.290749 0.466960 0.281938 0.475771 0.281938 0.497797 0.290749 0.506608 0.295154 0.506608 0.299559 0.511013 0.303965 0.511013 0.308370 0.515419 0.312775 0.511013 0.321586 0.511013 0.330396 0.502203 0.325991 0.497797 0.325991 0.493392 0.321586 0.488987 0.317181 0.493392 0.312775 0.488987 0.308370 0.488987 0.299559 0.480176 0.299559 0.475771
0 0.207048 0.444934 0.198238 0.453745 0.198238 0.462555 0.202643 0.466960 0.202643 0.475771 0.215859 0.488987 0.220264 0.484582 0.215859 0.480176 0.215859 0.458150 0.211454 0.453745 0.211454 0.449339
0 0.436123 0.431718 0.431718 0.436123 0.431718 0.466960 0.427313 0.471366 0.427313 0.480176 0.431718 0.484582 0.436123 0.484582 0.440529 0.480176 0.440529 0.436123
0 0.251101 0.370044 0.259912 0.378855 0.259912 0.383260 0.264317 0.387665 0.268722 0.387665 0.273128 0.392070 0.277533 0.392070 0.281938 0.396476 0.290749 0.387665 0.290749 0.383260 0.273128 0.365639 0.268722 0.370044 0.264317 0.370044 0.259912 0.365639 0.255507 0.365639
0 0.339207 0.325991 0.334802 0.330396 0.334802 0.339207 0.339207 0.343612 0.339207 0.348018 0.343612 0.352423 0.343612 0.361233 0.352423 0.370044 0.356828 0.370044 0.361233 0.374449 0.365639 0.374449 0.370044 0.378855 0.374449 0.374449 0.374449 0.370044 0.370044 0.365639 0.365639 0.365639 0.361233 0.361233 0.361233 0.356828 0.348018 0.343612 0.348018 0.334802
0 0.312775 0.277533 0.303965 0.286344 0.303965 0.290749 0.299559 0.295154 0.299559 0.299559 0.303965 0.299559 0.308370 0.303965 0.321586 0.303965 0.330396 0.295154 0.325991 0.290749 0.325991 0.286344 0.317181 0.277533
0 0.123348 0.255507 0.118943 0.259912 0.118943 0.281938 0.132159 0.295154 0.136564 0.290749 0.136564 0.264317 0.127753 0.255507
0 0.370044 0.224670 0.365639 0.229075 0.365639 0.237885 0.370044 0.242291 0.370044 0.251101 0.374449 0.255507 0.374449 0.264317 0.365639 0.273128 0.365639 0.277533 0.370044 0.281938 0.370044 0.290749 0.365639 0.295154 0.365639 0.299559 0.378855 0.312775 0.383260 0.308370 0.383260 0.299559 0.378855 0.295154 0.378855 0.273128 0.374449 0.268722 0.374449 0.259912 0.387665 0.246696 0.387665 0.237885 0.383260 0.233480 0.383260 0.229075 0.378855 0.224670
0 0.872247 0.215859 0.881057 0.224670 0.898678 0.224670 0.903084 0.229075 0.916300 0.229075 0.920705 0.224670 0.916300 0.220264 0.916300 0.215859 0.911894 0.211454 0.907489 0.211454 0.903084 0.207048 0.885463 0.207048 0.876652 0.215859
0 0.960352 0.193833 0.960352 0.198238 0.964758 0.202643 0.986784 0.202643 0.991189 0.198238 0.995595 0.198238 0.995595 0.185022 0.969163 0.185022
0 0.229075 0.171806 0.224670 0.167401 0.220264 0.167401 0.215859 0.162996 0.211454 0.162996 0.202643 0.171806 0.198238 0.171806 0.193833 0.176211 0.189427 0.176211 0.185022 0.171806 0.176211 0.171806 0.162996 0.185022 0.162996 0.189427 0.176211 0.202643 0.180617 0.202643 0.185022 0.198238 0.185022 0.185022 0.193833 0.176211 0.198238 0.176211 0.202643 0.171806 0.207048 0.171806 0.211454 0.176211 0.215859 0.176211 0.224670 0.185022 0.229075 0.180617
0 0.343612 0.118943 0.334802 0.127753 0.334802 0.158590 0.339207 0.162996 0.343612 0.158590 0.348018 0.158590 0.356828 0.149780 0.356828 0.140969 0.352423 0.136564 0.352423 0.132159 0.348018 0.127753 0.348018 0.123348
0 0.475771 0.105727 0.471366 0.110132 0.475771 0.114537 0.475771 0.123348 0.480176 0.127753 0.480176 0.145374 0.484582 0.149780 0.488987 0.145374 0.488987 0.127753 0.493392 0.123348 0.493392 0.110132 0.488987 0.105727
0 0.105727 0.074890 0.096916 0.083700 0.096916 0.092511 0.101322 0.096916 0.101322 0.105727 0.118943 0.123348 0.127753 0.114537 0.127753 0.105727 0.114537 0.092511 0.114537 0.083700
0 0.132159 0.039648 0.136564 0.044053 0.140969 0.044053 0.145374 0.039648 0.149780 0.039648 0.154185 0.044053 0.158590 0.044053 0.162996 0.048458 0.167401 0.048458 0.180617 0.061674 0.185022 0.057269 0.189427 0.061674 0.193833 0.057269 0.198238 0.057269 0.202643 0.052863 0.193833 0.044053 0.180617 0.044053 0.176211 0.039648 0.171806 0.039648 0.167401 0.044053 0.162996 0.039648 0.158590 0.044053 0.154185 0.039648 0.149780 0.039648 0.140969 0.030837
0 0.947137 0.000000 0.929515 0.000000 0.929515 0.008811 0.925110 0.013216 0.925110 0.017621 0.920705 0.022026 0.916300 0.022026 0.911894 0.026432 0.907489 0.022026 0.903084 0.022026 0.898678 0.026432 0.898678 0.030837 0.903084 0.035242 0.903084 0.039648 0.907489 0.044053 0.911894 0.039648 0.911894 0.035242 0.916300 0.030837 0.920705 0.030837 0.925110 0.026432 0.938326 0.026432 0.947137 0.017621
0 0.885463 0.000000 0.854626 0.000000 0.801762 0.110132 0.762115 0.140969 0.757709 0.189427 0.718062 0.220264 0.691630 0.281938 0.669604 0.295154 0.674009 0.378855 0.634361 0.440529 0.594714 0.550661 0.519824 0.607930 0.488987 0.594714 0.515419 0.607930 0.480176 0.647577 0.511013 0.682819 0.506608 0.696035 0.524229 0.700441 0.541850 0.678414 0.568282 0.704846 0.506608 0.735683 0.453745 0.876652 0.378855 0.938326 0.378855 0.964758 0.356828 0.986784 0.330396 0.986784 0.334802 0.964758 0.290749 0.938326 0.237885 0.955947 0.202643 0.995595 0.255507 0.995595 0.277533 0.973568 0.308370 0.977974 0.317181 0.995595 0.361233 0.995595 0.400881 0.955947 0.519824 0.951542 0.599119 0.859031 0.572687 0.872247 0.541850 0.841410 0.480176 0.925110 0.444934 0.916300 0.440529 0.898678 0.502203 0.841410 0.497797 0.792952 0.519824 0.788546 0.519824 0.814978 0.533040 0.814978 0.546256 0.770925 0.612335 0.726872 0.643172 0.797357 0.647577 0.757709 0.718062 0.704846 0.770925 0.691630 0.731278 0.682819 0.704846 0.656388 0.674009 0.674009 0.647577 0.669604 0.625551 0.651982 0.625551 0.616740 0.647577 0.603524 0.674009 0.638767 0.687225 0.629956 0.665198 0.581498 0.700441 0.519824 0.696035 0.444934 0.722467 0.427313 0.718062 0.378855 0.779736 0.295154 0.819383 0.277533 0.819383 0.246696 0.859031 0.215859 0.837004 0.202643 0.837004 0.185022 0.898678 0.171806 0.977974 0.092511 0.995595 0.118943 0.995595 0.088106 0.960352 0.070485 0.951542 0.096916 0.916300 0.105727 0.929515 0.127753 0.903084 0.154185 0.841410 0.171806 0.828194 0.162996 0.832599 0.145374 0.810573 0.127753 0.814978 0.088106 0.850220 0.026432
0 0.286344 0.000000 0.290749 0.004405 0.290749 0.026432 0.286344 0.030837 0.290749 0.035242 0.299559 0.035242 0.303965 0.030837 0.303965 0.000000
