0 0.669604 0.955947 0.665198 0.960352 0.669604 0.964758 0.669604 0.982379 0.665198 0.986784 0.665198 0.995595 0.687225 0.995595 0.687225 0.982379 0.682819 0.977974 0.682819 0.973568 0.674009 0.964758 0.674009 0.960352
0 0.951542 0.920705 0.942731 0.929515 0.942731 0.955947 0.938326 0.960352 0.938326 0.986784 0.933921 0.991189 0.933921 0.995595 0.951542 0.995595 0.951542 0.973568 0.955947 0.969163 0.955947 0.947137 0.960352 0.942731 0.960352 0.929515
0 0.744493 0.907489 0.735683 0.898678 0.726872 0.907489 0.722467 0.907489 0.718062 0.911894 0.713656 0.907489 0.709251 0.907489 0.704846 0.903084 0.704846 0.894273 0.700441 0.889868 0.696035 0.889868 0.687225 0.898678 0.687225 0.903084 0.678414 0.911894 0.674009 0.911894 0.669604 0.916300 0.669604 0.920705 0.665198 0.925110 0.669604 0.929515 0.669604 0.933921 0.674009 0.938326 0.687225 0.925110 0.691630 0.925110 0.696035 0.920705 0.696035 0.916300 0.700441 0.911894 0.704846 0.911894 0.709251 0.907489 0.713656 0.907489 0.718062 0.911894 0.722467 0.911894 0.726872 0.916300 0.731278 0.916300 0.735683 0.920705 0.744493 0.911894
0 0.493392 0.885463 0.484582 0.885463 0.480176 0.889868 0.484582 0.894273 0.484582 0.898678 0.488987 0.903084 0.488987 0.911894 0.480176 0.920705 0.480176 0.933921 0.475771 0.938326 0.475771 0.942731 0.466960 0.951542 0.466960 0.955947 0.458150 0.964758 0.458150 0.977974 0.444934 0.991189 0.444934 0.995595 0.466960 0.995595 0.466960 0.973568 0.475771 0.964758 0.480176 0.964758 0.484582 0.960352 0.484582 0.947137 0.488987 0.942731 0.488987 0.929515 0.493392 0.925110 0.493392 0.920705 0.488987 0.916300 0.488987 0.903084 0.493392 0.898678 0.493392 0.894273 0.497797 0.889868
0 0.088106 0.810573 0.083700 0.810573 0.066079 0.828194 0.066079 0.837004 0.074890 0.845815 0.079295 0.841410 0.088106 0.841410 0.096916 0.832599 0.096916 0.819383
0 0.801762 0.806167 0.784141 0.823789 0.784141 0.841410 0.788546 0.845815 0.792952 0.845815 0.801762 0.837004 0.801762 0.828194 0.806167 0.823789 0.806167 0.810573
0 0.933921 0.801762 0.929515 0.801762 0.911894 0.819383 0.911894 0.837004 0.916300 0.841410 0.925110 0.841410 0.933921 0.832599 0.933921 0.828194 0.938326 0.823789 0.938326 0.806167
0 0.559471 0.744493 0.555066 0.740088 0.550661 0.740088 0.546256 0.735683 0.541850 0.735683 0.537445 0.740088 0.533040 0.740088 0.524229 0.748899 0.524229 0.757709 0.533040 0.766520 0.537445 0.762115 0.550661 0.762115 0.555066 0.757709 0.555066 0.753304 0.559471 0.748899
0 0.458150 0.740088 0.449339 0.731278 0.444934 0.731278 0.440529 0.735683 0.436123 0.735683 0.431718 0.740088 0.422908 0.740088 0.418502 0.744493 0.414097 0.744493 0.409692 0.748899 0.405286 0.744493 0.400881 0.748899 0.396476 0.748899 0.374449 0.770925 0.374449 0.775330 0.383260 0.784141 0.392070 0.775330 0.392070 0.770925 0.396476 0.766520 0.400881 0.766520 0.405286 0.762115 0.422908 0.762115 0.427313 0.766520 0.431718 0.766520 0.436123 0.762115 0.440529 0.762115 0.458150 0.744493
0 0.713656 0.735683 0.704846 0.726872 0.700441 0.726872 0.696035 0.731278 0.691630 0.731278 0.687225 0.735683 0.682819 0.735683 0.678414 0.740088 0.669604 0.740088 0.665198 0.744493 0.660793 0.744493 0.656388 0.748899 0.651982 0.748899 0.634361 0.766520 0.629956 0.766520 0.625551 0.770925 0.621145 0.770925 0.616740 0.775330 0.612335 0.775330 0.607930 0.779736 0.603524 0.779736 0.599119 0.775330 0.594714 0.775330 0.590308 0.770925 0.581498 0.779736 0.590308 0.788546 0.594714 0.788546 0.599119 0.792952 0.625551 0.792952 0.629956 0.788546 0.634361 0.792952 0.638767 0.792952 0.647577 0.784141 0.651982 0.784141 0.660793 0.775330 0.665198 0.775330 0.674009 0.766520 0.678414 0.766520 0.682819 0.762115 0.691630 0.762115 0.696035 0.757709 0.700441 0.757709 0.709251 0.748899 0.709251 0.740088
0 0.828194 0.718062 0.823789 0.722467 0.819383 0.722467 0.810573 0.731278 0.810573 0.748899 0.814978 0.753304 0.819383 0.753304 0.837004 0.735683 0.837004 0.726872
0 0.947137 0.718062 0.938326 0.709251 0.929515 0.709251 0.920705 0.718062 0.916300 0.718062 0.911894 0.722467 0.907489 0.722467 0.903084 0.718062 0.894273 0.718062 0.889868 0.722467 0.885463 0.722467 0.881057 0.726872 0.881057 0.731278 0.885463 0.735683 0.889868 0.731278 0.894273 0.735683 0.903084 0.726872 0.907489 0.726872 0.911894 0.722467 0.916300 0.722467 0.920705 0.726872 0.925110 0.726872 0.929515 0.722467 0.942731 0.722467
0 0.995595 0.638767 0.973568 0.643172 0.951542 0.625551 0.898678 0.616740 0.867841 0.638767 0.828194 0.638767 0.779736 0.656388 0.735683 0.660793 0.718062 0.647577 0.691630 0.660793 0.665198 0.651982 0.511013 0.669604 0.458150 0.660793 0.414097 0.678414 0.378855 0.678414 0.343612 0.696035 0.224670 0.696035 0.180617 0.709251 0.140969 0.700441 0.110132 0.713656 0.083700 0.709251 0.066079 0.696035 0.035242 0.700441 0.000000 0.687225 0.000000 0.722467 0.030837 0.722467 0.092511 0.748899 0.215859 0.753304 0.237885 0.770925 0.246696 0.762115 0.246696 0.748899 0.277533 0.726872 0.348018 0.726872 0.387665 0.709251 0.422908 0.709251 0.444934 0.696035 0.471366 0.709251 0.709251 0.696035 0.762115 0.713656 0.784141 0.700441 0.810573 0.700441 0.823789 0.691630 0.845815 0.696035 0.911894 0.678414 0.938326 0.678414 0.969163 0.700441 0.995595 0.700441
0 0.621145 0.577093 0.616740 0.572687 0.612335 0.577093 0.607930 0.572687 0.594714 0.572687 0.590308 0.577093 0.581498 0.577093 0.572687 0.585903 0.572687 0.590308 0.577093 0.594714 0.585903 0.594714 0.590308 0.590308 0.594714 0.590308 0.603524 0.581498 0.607930 0.581498 0.612335 0.577093 0.616740 0.581498
0 0.039648 0.550661 0.035242 0.555066 0.035242 0.559471 0.026432 0.568282 0.026432 0.572687 0.022026 0.577093 0.022026 0.581498 0.026432 0.585903 0.026432 0.599119 0.030837 0.603524 0.039648 0.594714 0.039648 0.590308 0.048458 0.581498 0.048458 0.577093 0.052863 0.572687 0.052863 0.568282 0.048458 0.563877 0.048458 0.559471
0 0.925110 0.519824 0.911894 0.533040 0.911894 0.555066 0.916300 0.559471 0.929515 0.546256 0.929515 0.533040 0.933921 0.528634
0 0.748899 0.502203 0.744493 0.497797 0.735683 0.497797 0.731278 0.502203 0.726872 0.502203 0.722467 0.506608 0.709251 0.506608 0.700441 0.515419 0.700441 0.519824 0.704846 0.519824 0.709251 0.524229 0.713656 0.524229 0.718062 0.519824 0.731278 0.519824 0.735683 0.515419 0.740088 0.515419 0.748899 0.506608
0 0.845815 0.453745 0.841410 0.453745 0.837004 0.458150 0.832599 0.453745 0.832599 0.471366 0.828194 0.475771 0.828194 0.488987 0.832599 0.493392 0.854626 0.471366 0.854626 0.462555
0 0.585903 0.317181 0.581498 0.317181 0.559471 0.339207 0.559471 0.343612 0.546256 0.356828 0.546256 0.365639 0.555066 0.374449 0.555066 0.383260 0.559471 0.387665 0.563877 0.387665 0.572687 0.378855 0.572687 0.374449 0.568282 0.370044 0.568282 0.348018 0.572687 0.343612 0.572687 0.339207 0.590308 0.321586
0 0.488987 0.325991 0.480176 0.317181 0.471366 0.317181 0.458150 0.330396 0.453745 0.330396 0.449339 0.334802 0.444934 0.334802 0.440529 0.339207 0.449339 0.348018 0.453745 0.348018 0.458150 0.352423 0.466960 0.343612 0.471366 0.343612
0 0.682819 0.229075 0.678414 0.229075 0.656388 0.251101 0.656388 0.259912 0.660793 0.264317 0.669604 0.264317 0.682819 0.251101 0.682819 0.246696 0.687225 0.242291 0.687225 0.233480
0 0.145374 0.207048 0.136564 0.207048 0.123348 0.220264 0.123348 0.233480 0.132159 0.242291 0.136564 0.237885 0.145374 0.237885 0.149780 0.233480 0.149780 0.229075 0.154185 0.224670 0.149780 0.220264 0.149780 0.211454
0 0.837004 0.132159 0.828194 0.132159 0.823789 0.136564 0.819383 0.136564 0.806167 0.149780 0.806167 0.154185 0.814978 0.162996 0.819383 0.162996 0.841410 0.140969 0.841410 0.136564
0 0.982379 0.132159 0.894273 0.211454 0.823789 0.312775 0.775330 0.321586 0.806167 0.334802 0.792952 0.370044 0.709251 0.418502 0.691630 0.400881 0.696035 0.378855 0.726872 0.356828 0.748899 0.365639 0.731278 0.343612 0.665198 0.400881 0.700441 0.422908 0.625551 0.453745 0.612335 0.480176 0.568282 0.488987 0.577093 0.511013 0.563877 0.519824 0.519824 0.506608 0.546256 0.484582 0.541850 0.466960 0.440529 0.493392 0.436123 0.519824 0.348018 0.550661 0.356828 0.559471 0.374449 0.546256 0.387665 0.563877 0.317181 0.621145 0.290749 0.607930 0.246696 0.537445 0.264317 0.528634 0.317181 0.550661 0.308370 0.515419 0.352423 0.502203 0.392070 0.458150 0.409692 0.471366 0.440529 0.462555 0.471366 0.431718 0.466960 0.400881 0.422908 0.449339 0.383260 0.449339 0.343612 0.497797 0.277533 0.502203 0.242291 0.484582 0.202643 0.418502 0.158590 0.383260 0.176211 0.422908 0.140969 0.462555 0.123348 0.440529 0.105727 0.458150 0.079295 0.449339 0.044053 0.414097 0.000000 0.418502 0.000000 0.436123 0.044053 0.427313 0.083700 0.462555 0.039648 0.497797 0.000000 0.497797 0.044053 0.506608 0.074890 0.493392 0.092511 0.506608 0.083700 0.484582 0.101322 0.471366 0.207048 0.497797 0.237885 0.519824 0.229075 0.537445 0.255507 0.581498 0.317181 0.638767 0.471366 0.528634 0.577093 0.524229 0.660793 0.466960 0.757709 0.453745 0.762115 0.418502 0.850220 0.387665 0.898678 0.339207 0.898678 0.321586 0.995595 0.237885 0.995595 0.198238 0.903084 0.273128 0.872247 0.273128
0 0.246696 0.123348 0.229075 0.140969 0.229075 0.145374 0.220264 0.154185 0.215859 0.154185 0.211454 0.158590 0.207048 0.154185 0.202643 0.154185 0.193833 0.145374 0.185022 0.145374 0.180617 0.149780 0.180617 0.158590 0.185022 0.162996 0.189427 0.158590 0.193833 0.158590 0.198238 0.154185 0.202643 0.158590 0.207048 0.158590 0.215859 0.167401 0.215859 0.185022 0.211454 0.189427 0.211454 0.193833 0.215859 0.198238 0.220264 0.198238 0.224670 0.193833 0.224670 0.180617 0.229075 0.176211 0.229075 0.171806 0.242291 0.158590 0.246696 0.158590 0.251101 0.154185 0.251101 0.145374 0.255507 0.140969 0.255507 0.132159
0 0.334802 0.123348 0.330396 0.118943 0.325991 0.118943 0.321586 0.114537 0.317181 0.114537 0.308370 0.123348 0.308370 0.136564 0.312775 0.140969 0.317181 0.140969 0.321586 0.136564 0.325991 0.136564 0.334802 0.127753
0 0.105727 0.092511 0.101322 0.092511 0.096916 0.096916 0.096916 0.105727 0.092511 0.110132 0.092511 0.127753 0.096916 0.132159 0.096916 0.145374 0.092511 0.149780 0.092511 0.158590 0.088106 0.162996 0.096916 0.171806 0.101322 0.171806 0.114537 0.158590 0.114537 0.154185 0.118943 0.149780 0.118943 0.145374 0.114537 0.140969 0.114537 0.101322
0 0.903084 0.048458 0.898678 0.052863 0.898678 0.066079 0.894273 0.070485 0.894273 0.083700 0.881057 0.096916 0.876652 0.096916 0.863436 0.110132 0.872247 0.118943 0.885463 0.118943 0.903084 0.101322 0.903084 0.083700 0.907489 0.079295 0.907489 0.074890 0.911894 0.070485 0.911894 0.057269
0 0.753304 0.022026 0.740088 0.035242 0.740088 0.044053 0.709251 0.074890 0.704846 0.074890 0.700441 0.079295 0.700441 0.083700 0.709251 0.092511 0.713656 0.092511 0.718062 0.088106 0.722467 0.088106 0.731278 0.079295 0.735683 0.079295 0.744493 0.070485 0.744493 0.066079 0.748899 0.061674 0.748899 0.057269 0.757709 0.048458 0.757709 0.039648 0.762115 0.035242 0.762115 0.030837
0 0.387665 0.000000 0.374449 0.000000 0.374449 0.008811 0.356828 0.026432 0.356828 0.039648 0.352423 0.044053 0.352423 0.057269 0.361233 0.066079 0.365639 0.061674 0.365639 0.048458 0.370044 0.044053 0.370044 0.030837 0.378855 0.022026 0.378855 0.017621 0.383260 0.013216 0.383260 0.008811 0.387665 0.004405
0 0.088106 0.000000 0.070485 0.000000 0.074890 0.004405 0.074890 0.013216 0.066079 0.022026 0.066079 0.026432 0.061674 0.030837 0.061674 0.044053 0.066079 0.048458 0.070485 0.048458 0.074890 0.052863 0.079295 0.052863 0.083700 0.048458 0.083700 0.044053 0.079295 0.039648 0.079295 0.008811
