0 0.383260 0.920705 0.374449 0.929515 0.370044 0.929515 0.352423 0.947137 0.352423 0.960352 0.356828 0.964758 0.361233 0.964758 0.365639 0.960352 0.365639 0.955947 0.370044 0.951542 0.370044 0.947137 0.378855 0.938326 0.383260 0.938326 0.387665 0.933921 0.387665 0.925110
0 0.744493 0.854626 0.744493 0.859031 0.757709 0.872247 0.779736 0.872247 0.784141 0.876652 0.788546 0.872247 0.784141 0.867841 0.779736 0.867841 0.775330 0.863436 0.770925 0.863436 0.766520 0.859031 0.766520 0.854626 0.762115 0.850220 0.748899 0.850220
0 0.594714 0.854626 0.590308 0.850220 0.585903 0.850220 0.581498 0.845815 0.572687 0.845815 0.559471 0.859031 0.559471 0.867841 0.568282 0.876652 0.577093 0.876652 0.585903 0.867841 0.585903 0.863436
0 0.837004 0.863436 0.841410 0.867841 0.845815 0.867841 0.850220 0.872247 0.863436 0.872247 0.867841 0.867841 0.872247 0.872247 0.881057 0.872247 0.885463 0.876652 0.889868 0.876652 0.894273 0.881057 0.894273 0.885463 0.903084 0.894273 0.907489 0.889868 0.911894 0.889868 0.916300 0.894273 0.920705 0.894273 0.933921 0.907489 0.938326 0.907489 0.942731 0.911894 0.947137 0.911894 0.964758 0.929515 0.982379 0.929515 0.986784 0.925110 0.991189 0.929515 0.995595 0.925110 0.995595 0.916300 0.991189 0.911894 0.986784 0.911894 0.982379 0.916300 0.973568 0.916300 0.969163 0.911894 0.964758 0.911894 0.960352 0.907489 0.960352 0.898678 0.964758 0.894273 0.969163 0.894273 0.973568 0.889868 0.969163 0.885463 0.964758 0.889868 0.964758 0.894273 0.960352 0.898678 0.955947 0.898678 0.951542 0.903084 0.947137 0.903084 0.942731 0.898678 0.938326 0.898678 0.933921 0.894273 0.933921 0.889868 0.920705 0.876652 0.920705 0.863436 0.925110 0.859031 0.925110 0.850220 0.920705 0.845815 0.916300 0.845815 0.903084 0.832599 0.898678 0.832599 0.889868 0.823789 0.889868 0.819383 0.885463 0.814978 0.881057 0.819383 0.885463 0.823789 0.889868 0.823789 0.898678 0.832599 0.898678 0.854626 0.894273 0.859031 0.889868 0.859031 0.885463 0.863436 0.881057 0.863436 0.876652 0.859031 0.872247 0.863436 0.867841 0.859031 0.863436 0.863436 0.850220 0.863436 0.845815 0.859031 0.841410 0.859031
0 0.158590 0.797357 0.149780 0.806167 0.149780 0.810573 0.145374 0.814978 0.149780 0.819383 0.149780 0.823789 0.154185 0.828194 0.154185 0.845815 0.162996 0.854626 0.167401 0.854626 0.171806 0.850220 0.171806 0.819383 0.176211 0.814978 0.176211 0.810573 0.171806 0.806167 0.171806 0.801762 0.167401 0.797357
0 0.735683 0.775330 0.731278 0.775330 0.722467 0.784141 0.718062 0.784141 0.700441 0.801762 0.700441 0.806167 0.713656 0.819383 0.722467 0.810573 0.722467 0.801762 0.726872 0.797357 0.731278 0.797357 0.740088 0.788546 0.740088 0.779736
0 0.568282 0.762115 0.563877 0.766520 0.559471 0.766520 0.555066 0.770925 0.555066 0.775330 0.546256 0.784141 0.546256 0.788546 0.541850 0.792952 0.550661 0.801762 0.555066 0.801762 0.559471 0.797357 0.559471 0.792952 0.563877 0.788546 0.568282 0.788546 0.581498 0.775330
0 0.801762 0.753304 0.792952 0.762115 0.792952 0.766520 0.801762 0.775330 0.801762 0.779736 0.810573 0.788546 0.814978 0.788546 0.819383 0.784141 0.819383 0.770925 0.823789 0.766520 0.810573 0.753304
0 0.920705 0.669604 0.911894 0.678414 0.911894 0.687225 0.907489 0.691630 0.903084 0.691630 0.898678 0.696035 0.898678 0.704846 0.903084 0.709251 0.907489 0.704846 0.911894 0.709251 0.916300 0.709251 0.920705 0.704846 0.920705 0.700441 0.925110 0.696035 0.925110 0.682819 0.929515 0.678414
0 0.687225 0.674009 0.687225 0.678414 0.691630 0.682819 0.691630 0.687225 0.696035 0.691630 0.709251 0.691630 0.713656 0.696035 0.718062 0.696035 0.731278 0.709251 0.735683 0.709251 0.740088 0.713656 0.744493 0.713656 0.748899 0.718062 0.753304 0.718062 0.757709 0.722467 0.757709 0.726872 0.762115 0.731278 0.766520 0.731278 0.770925 0.726872 0.770925 0.713656 0.753304 0.696035 0.748899 0.696035 0.744493 0.691630 0.740088 0.691630 0.735683 0.687225 0.722467 0.687225 0.718062 0.682819 0.713656 0.682819 0.709251 0.678414 0.709251 0.674009 0.704846 0.669604 0.691630 0.669604
0 0.409692 0.665198 0.405286 0.665198 0.400881 0.669604 0.396476 0.669604 0.392070 0.674009 0.392070 0.682819 0.387665 0.687225 0.387665 0.691630 0.392070 0.696035 0.392070 0.700441 0.396476 0.704846 0.400881 0.700441 0.405286 0.700441 0.414097 0.691630 0.414097 0.687225 0.418502 0.682819 0.418502 0.678414 0.414097 0.674009 0.414097 0.669604
0 0.299559 0.555066 0.295154 0.559471 0.295154 0.581498 0.299559 0.585903 0.299559 0.590308 0.303965 0.594714 0.312775 0.585903 0.317181 0.585903 0.321586 0.581498 0.303965 0.563877 0.303965 0.559471
0 0.885463 0.528634 0.863436 0.550661 0.872247 0.559471 0.876652 0.559471 0.881057 0.555066 0.885463 0.555066 0.894273 0.546256 0.894273 0.537445
0 0.202643 0.528634 0.198238 0.533040 0.198238 0.537445 0.193833 0.541850 0.193833 0.546256 0.207048 0.559471 0.211454 0.559471 0.220264 0.550661 0.220264 0.541850 0.211454 0.533040 0.207048 0.533040
0 0.365639 0.537445 0.370044 0.541850 0.383260 0.541850 0.387665 0.546256 0.409692 0.555066 0.436123 0.581498 0.444934 0.581498 0.462555 0.594714 0.475771 0.599119 0.488987 0.621145 0.515419 0.621145 0.519824 0.625551 0.524229 0.625551 0.546256 0.647577 0.550661 0.647577 0.563877 0.638767 0.577093 0.638767 0.581498 0.643172 0.585903 0.643172 0.590308 0.647577 0.590308 0.656388 0.599119 0.665198 0.599119 0.674009 0.585903 0.682819 0.581498 0.678414 0.577093 0.682819 0.581498 0.687225 0.599119 0.674009 0.603524 0.678414 0.607930 0.678414 0.625551 0.696035 0.638767 0.700441 0.651982 0.713656 0.651982 0.731278 0.665198 0.744493 0.669604 0.740088 0.660793 0.726872 0.660793 0.709251 0.651982 0.696035 0.651982 0.687225 0.660793 0.678414 0.651982 0.669604 0.643172 0.682819 0.638767 0.682819 0.634361 0.687225 0.629956 0.682819 0.625551 0.682819 0.607930 0.665198 0.607930 0.660793 0.594714 0.647577 0.590308 0.647577 0.585903 0.643172 0.585903 0.634361 0.594714 0.625551 0.590308 0.621145 0.577093 0.616740 0.563877 0.603524 0.563877 0.590308 0.550661 0.577093 0.546256 0.577093 0.537445 0.568282 0.528634 0.568282 0.524229 0.563877 0.519824 0.563877 0.502203 0.550661 0.488987 0.550661 0.484582 0.546256 0.475771 0.546256 0.471366 0.541850 0.466960 0.541850 0.453745 0.528634 0.449339 0.533040 0.436123 0.537445 0.431718 0.533040 0.418502 0.528634 0.409692 0.519824 0.405286 0.519824 0.387665 0.533040 0.370044 0.533040
0 0.660793 0.502203 0.656388 0.502203 0.651982 0.506608 0.651982 0.511013 0.647577 0.515419 0.647577 0.519824 0.638767 0.528634 0.643172 0.533040 0.647577 0.533040 0.651982 0.537445 0.674009 0.515419
0 0.000000 0.422908 0.000000 0.431718 0.044053 0.431718 0.066079 0.418502 0.066079 0.405286 0.070485 0.396476 0.088106 0.387665 0.092511 0.392070 0.105727 0.392070 0.118943 0.400881 0.123348 0.409692 0.123348 0.427313 0.132159 0.436123 0.140969 0.427313 0.132159 0.418502 0.132159 0.409692 0.145374 0.400881 0.154185 0.405286 0.171806 0.405286 0.185022 0.414097 0.193833 0.414097 0.211454 0.422908 0.220264 0.440529 0.224670 0.440529 0.233480 0.449339 0.246696 0.449339 0.277533 0.471366 0.281938 0.466960 0.299559 0.466960 0.312775 0.475771 0.330396 0.480176 0.339207 0.488987 0.339207 0.497797 0.356828 0.511013 0.365639 0.506608 0.383260 0.506608 0.392070 0.497797 0.378855 0.471366 0.374449 0.471366 0.361233 0.458150 0.339207 0.449339 0.330396 0.440529 0.308370 0.440529 0.299559 0.436123 0.290749 0.422908 0.277533 0.418502 0.268722 0.409692 0.268722 0.400881 0.264317 0.396476 0.251101 0.405286 0.242291 0.405286 0.202643 0.387665 0.193833 0.378855 0.180617 0.378855 0.162996 0.392070 0.145374 0.387665 0.136564 0.378855 0.136564 0.365639 0.149780 0.356828 0.167401 0.361233 0.171806 0.352423 0.162996 0.343612 0.145374 0.343612 0.127753 0.334802 0.118943 0.339207 0.105727 0.339207 0.101322 0.343612 0.105727 0.352423 0.105727 0.365639 0.070485 0.383260 0.048458 0.414097 0.030837 0.422908
0 0.317181 0.312775 0.303965 0.325991 0.303965 0.330396 0.299559 0.334802 0.299559 0.352423 0.303965 0.356828 0.308370 0.352423 0.312775 0.356828 0.321586 0.348018 0.321586 0.317181
0 0.969163 0.273128 0.960352 0.281938 0.960352 0.290749 0.955947 0.295154 0.955947 0.303965 0.951542 0.308370 0.951542 0.317181 0.947137 0.321586 0.947137 0.325991 0.942731 0.330396 0.942731 0.343612 0.951542 0.352423 0.955947 0.348018 0.955947 0.339207 0.964758 0.330396 0.964758 0.325991 0.973568 0.317181 0.973568 0.277533
0 0.118943 0.220264 0.105727 0.220264 0.101322 0.224670 0.096916 0.224670 0.092511 0.229075 0.088106 0.224670 0.083700 0.224670 0.079295 0.229075 0.079295 0.237885 0.057269 0.259912 0.057269 0.264317 0.052863 0.268722 0.052863 0.273128 0.035242 0.290749 0.035242 0.295154 0.026432 0.303965 0.026432 0.308370 0.017621 0.317181 0.013216 0.317181 0.008811 0.321586 0.004405 0.321586 0.000000 0.325991 0.000000 0.361233 0.004405 0.361233 0.008811 0.365639 0.022026 0.352423 0.022026 0.339207 0.026432 0.334802 0.030837 0.334802 0.035242 0.330396 0.035242 0.317181 0.039648 0.312775 0.039648 0.303965 0.044053 0.299559 0.044053 0.295154 0.048458 0.290749 0.052863 0.290749 0.057269 0.286344 0.061674 0.286344 0.066079 0.281938 0.074890 0.281938 0.110132 0.246696 0.114537 0.246696 0.123348 0.237885 0.123348 0.233480 0.127753 0.229075
0 0.537445 0.092511 0.528634 0.092511 0.519824 0.101322 0.519824 0.105727 0.515419 0.110132 0.515419 0.127753 0.511013 0.132159 0.511013 0.136564 0.506608 0.140969 0.506608 0.154185 0.511013 0.158590 0.524229 0.145374 0.524229 0.140969 0.528634 0.136564 0.528634 0.132159 0.533040 0.127753 0.533040 0.123348 0.537445 0.118943 0.537445 0.114537 0.541850 0.110132 0.541850 0.105727 0.546256 0.101322
0 0.044053 0.030837 0.035242 0.039648 0.035242 0.048458 0.030837 0.052863 0.030837 0.057269 0.026432 0.061674 0.035242 0.070485 0.039648 0.066079 0.044053 0.066079 0.052863 0.057269 0.052863 0.044053 0.048458 0.039648 0.048458 0.035242
0 0.903084 0.000000 0.885463 0.000000 0.885463 0.004405 0.872247 0.017621 0.867841 0.017621 0.863436 0.022026 0.863436 0.035242 0.867841 0.039648 0.881057 0.026432 0.881057 0.022026 0.889868 0.013216 0.894273 0.013216 0.903084 0.004405
