0 0.713656 0.964758 0.713656 0.973568 0.718062 0.977974 0.726872 0.977974 0.731278 0.973568 0.731278 0.969163 0.735683 0.964758 0.740088 0.964758 0.744493 0.960352 0.748899 0.964758 0.753304 0.964758 0.766520 0.977974 0.766520 0.982379 0.770925 0.986784 0.770925 0.995595 0.784141 0.995595 0.784141 0.991189 0.775330 0.982379 0.775330 0.973568 0.766520 0.964758 0.762115 0.964758 0.757709 0.960352 0.753304 0.960352 0.740088 0.947137 0.731278 0.947137
0 0.854626 0.925110 0.850220 0.925110 0.841410 0.933921 0.841410 0.938326 0.828194 0.951542 0.828194 0.969163 0.823789 0.973568 0.823789 0.977974 0.814978 0.986784 0.814978 0.991189 0.810573 0.995595 0.832599 0.995595 0.832599 0.986784 0.837004 0.982379 0.837004 0.973568 0.845815 0.964758 0.850220 0.964758 0.863436 0.951542 0.863436 0.938326 0.859031 0.933921 0.859031 0.929515
0 0.678414 0.889868 0.674009 0.894273 0.678414 0.898678 0.678414 0.911894 0.674009 0.916300 0.674009 0.951542 0.678414 0.955947 0.682819 0.951542 0.687225 0.951542 0.696035 0.942731 0.691630 0.938326 0.691630 0.925110 0.687225 0.920705 0.687225 0.916300 0.678414 0.907489 0.678414 0.898678 0.682819 0.894273
0 0.735683 0.859031 0.722467 0.872247 0.722467 0.876652 0.726872 0.881057 0.726872 0.898678 0.735683 0.907489 0.744493 0.898678 0.744493 0.894273 0.748899 0.889868 0.748899 0.881057 0.744493 0.876652 0.744493 0.867841
0 0.392070 0.876652 0.392070 0.885463 0.396476 0.889868 0.396476 0.903084 0.409692 0.916300 0.409692 0.920705 0.414097 0.925110 0.418502 0.920705 0.422908 0.920705 0.427313 0.916300 0.431718 0.916300 0.436123 0.911894 0.444934 0.911894 0.449339 0.916300 0.453745 0.911894 0.458150 0.911894 0.462555 0.907489 0.471366 0.907489 0.475771 0.911894 0.480176 0.911894 0.484582 0.916300 0.488987 0.911894 0.488987 0.903084 0.484582 0.898678 0.480176 0.903084 0.475771 0.898678 0.471366 0.903084 0.466960 0.903084 0.462555 0.907489 0.453745 0.907489 0.449339 0.903084 0.444934 0.907489 0.440529 0.907489 0.436123 0.911894 0.431718 0.911894 0.427313 0.907489 0.422908 0.907489 0.418502 0.903084 0.418502 0.898678 0.414097 0.894273 0.414097 0.867841 0.418502 0.863436 0.422908 0.863436 0.427313 0.859031 0.431718 0.859031 0.436123 0.863436 0.440529 0.863436 0.449339 0.854626 0.444934 0.850220 0.436123 0.850220 0.431718 0.854626 0.427313 0.854626 0.422908 0.859031 0.418502 0.859031 0.414097 0.854626 0.409692 0.854626 0.396476 0.867841 0.396476 0.872247
0 0.224670 0.845815 0.220264 0.850220 0.229075 0.859031 0.229075 0.863436 0.237885 0.872247 0.242291 0.872247 0.246696 0.876652 0.251101 0.872247 0.251101 0.859031 0.237885 0.845815
0 0.048458 0.841410 0.044053 0.837004 0.039648 0.837004 0.035242 0.832599 0.030837 0.832599 0.013216 0.850220 0.013216 0.863436 0.017621 0.867841 0.022026 0.863436 0.030837 0.863436 0.035242 0.859031 0.039648 0.859031 0.048458 0.850220
0 0.317181 0.828194 0.308370 0.837004 0.308370 0.841410 0.303965 0.845815 0.303965 0.854626 0.308370 0.859031 0.308370 0.872247 0.317181 0.881057 0.325991 0.881057 0.330396 0.876652 0.330396 0.859031 0.325991 0.854626 0.325991 0.837004 0.330396 0.832599 0.325991 0.828194
0 0.757709 0.784141 0.748899 0.792952 0.748899 0.797357 0.744493 0.801762 0.740088 0.801762 0.735683 0.806167 0.735683 0.814978 0.744493 0.823789 0.753304 0.814978 0.753304 0.810573 0.766520 0.797357 0.762115 0.792952 0.762115 0.788546
0 0.193833 0.766520 0.185022 0.766520 0.180617 0.770925 0.180617 0.775330 0.176211 0.779736 0.180617 0.784141 0.180617 0.801762 0.185022 0.806167 0.189427 0.801762 0.193833 0.801762 0.198238 0.797357 0.198238 0.788546 0.202643 0.784141 0.202643 0.779736 0.198238 0.775330 0.198238 0.770925
0 0.088106 0.766520 0.088106 0.770925 0.096916 0.779736 0.105727 0.779736 0.110132 0.784141 0.123348 0.784141 0.127753 0.779736 0.127753 0.775330 0.123348 0.770925 0.118943 0.770925 0.114537 0.766520 0.101322 0.766520 0.096916 0.762115 0.092511 0.762115
0 0.872247 0.757709 0.867841 0.762115 0.876652 0.770925 0.876652 0.775330 0.885463 0.784141 0.885463 0.797357 0.894273 0.806167 0.903084 0.797357 0.903084 0.792952 0.907489 0.788546 0.907489 0.779736 0.885463 0.757709 0.881057 0.757709 0.876652 0.762115
0 0.026432 0.735683 0.022026 0.740088 0.022026 0.753304 0.030837 0.762115 0.035242 0.762115 0.044053 0.770925 0.048458 0.770925 0.052863 0.766520 0.052863 0.757709 0.048458 0.753304 0.048458 0.744493 0.039648 0.735683
0 0.277533 0.731278 0.273128 0.735683 0.273128 0.748899 0.277533 0.753304 0.277533 0.757709 0.286344 0.766520 0.290749 0.766520 0.295154 0.762115 0.295154 0.757709 0.299559 0.753304 0.286344 0.740088 0.286344 0.735683 0.281938 0.731278
0 0.819383 0.735683 0.810573 0.726872 0.792952 0.726872 0.788546 0.722467 0.784141 0.726872 0.779736 0.726872 0.775330 0.731278 0.770925 0.731278 0.766520 0.726872 0.762115 0.731278 0.748899 0.731278 0.740088 0.740088 0.748899 0.748899 0.753304 0.744493 0.762115 0.744493 0.766520 0.740088 0.770925 0.740088 0.775330 0.735683 0.779736 0.735683 0.784141 0.731278 0.792952 0.731278 0.797357 0.735683 0.801762 0.735683 0.806167 0.740088 0.810573 0.740088 0.814978 0.744493 0.819383 0.740088
0 0.330396 0.722467 0.321586 0.731278 0.321586 0.740088 0.325991 0.744493 0.325991 0.753304 0.334802 0.762115 0.339207 0.762115 0.343612 0.757709 0.343612 0.744493 0.339207 0.740088 0.339207 0.735683 0.334802 0.731278 0.334802 0.726872
0 0.911894 0.669604 0.907489 0.669604 0.903084 0.674009 0.907489 0.678414 0.907489 0.682819 0.911894 0.687225 0.911894 0.696035 0.907489 0.700441 0.907489 0.709251 0.903084 0.713656 0.903084 0.722467 0.898678 0.726872 0.907489 0.735683 0.911894 0.731278 0.911894 0.726872 0.916300 0.722467 0.920705 0.722467 0.925110 0.718062 0.925110 0.687225 0.916300 0.678414 0.916300 0.674009
0 0.872247 0.590308 0.867841 0.594714 0.867841 0.599119 0.889868 0.621145 0.898678 0.612335 0.898678 0.607930 0.894273 0.603524 0.894273 0.599119 0.885463 0.590308 0.881057 0.590308 0.876652 0.594714
0 0.255507 0.585903 0.251101 0.590308 0.259912 0.599119 0.259912 0.607930 0.264317 0.612335 0.264317 0.634361 0.273128 0.643172 0.273128 0.647577 0.277533 0.651982 0.281938 0.647577 0.281938 0.643172 0.286344 0.638767 0.273128 0.625551 0.273128 0.612335 0.259912 0.599119 0.259912 0.590308
0 0.938326 0.572687 0.925110 0.585903 0.933921 0.594714 0.938326 0.594714 0.951542 0.607930 0.951542 0.616740 0.955947 0.621145 0.960352 0.621145 0.969163 0.629956 0.969163 0.643172 0.973568 0.647577 0.977974 0.643172 0.977974 0.625551 0.973568 0.621145 0.973568 0.616740 0.955947 0.599119 0.951542 0.599119 0.942731 0.590308 0.942731 0.577093
0 0.801762 0.550661 0.788546 0.563877 0.788546 0.572687 0.797357 0.581498 0.797357 0.607930 0.801762 0.612335 0.810573 0.612335 0.814978 0.607930 0.814978 0.590308 0.810573 0.585903 0.810573 0.559471
0 0.378855 0.537445 0.370044 0.546256 0.370044 0.550661 0.374449 0.555066 0.374449 0.559471 0.378855 0.563877 0.383260 0.563877 0.387665 0.568282 0.392070 0.568282 0.396476 0.572687 0.400881 0.572687 0.405286 0.577093 0.405286 0.581498 0.409692 0.585903 0.409692 0.607930 0.414097 0.612335 0.414097 0.616740 0.422908 0.625551 0.427313 0.625551 0.431718 0.629956 0.436123 0.629956 0.440529 0.625551 0.427313 0.612335 0.427313 0.603524 0.418502 0.594714 0.418502 0.590308 0.414097 0.585903 0.414097 0.577093 0.405286 0.568282 0.400881 0.568282 0.396476 0.563877 0.396476 0.555066 0.392070 0.550661 0.392070 0.546256 0.387665 0.541850 0.383260 0.541850
0 0.925110 0.506608 0.925110 0.511013 0.920705 0.515419 0.920705 0.519824 0.916300 0.524229 0.916300 0.528634 0.925110 0.537445 0.933921 0.537445 0.942731 0.528634 0.938326 0.524229 0.938326 0.515419 0.933921 0.511013 0.929515 0.511013
0 0.458150 0.493392 0.453745 0.488987 0.449339 0.488987 0.440529 0.497797 0.440529 0.502203 0.431718 0.511013 0.427313 0.511013 0.418502 0.519824 0.422908 0.524229 0.431718 0.524229 0.440529 0.515419 0.444934 0.515419 0.449339 0.511013 0.453745 0.511013 0.458150 0.506608
0 0.792952 0.449339 0.788546 0.453745 0.788546 0.458150 0.784141 0.462555 0.788546 0.466960 0.792952 0.466960 0.797357 0.471366 0.797357 0.475771 0.801762 0.480176 0.801762 0.493392 0.797357 0.497797 0.797357 0.502203 0.792952 0.506608 0.792952 0.511013 0.797357 0.515419 0.801762 0.515419 0.806167 0.519824 0.823789 0.502203 0.823789 0.493392 0.819383 0.488987 0.819383 0.484582 0.814978 0.480176 0.814978 0.466960 0.801762 0.453745 0.797357 0.453745
0 0.656388 0.436123 0.651982 0.440529 0.643172 0.440529 0.638767 0.436123 0.634361 0.440529 0.634361 0.453745 0.625551 0.462555 0.625551 0.480176 0.612335 0.493392 0.612335 0.502203 0.625551 0.515419 0.621145 0.550661 0.629956 0.563877 0.647577 0.572687 0.647577 0.581498 0.625551 0.594714 0.625551 0.629956 0.621145 0.634361 0.621145 0.669604 0.612335 0.682819 0.612335 0.713656 0.603524 0.726872 0.603524 0.735683 0.585903 0.762115 0.585903 0.801762 0.581498 0.806167 0.581498 0.828194 0.577093 0.832599 0.577093 0.881057 0.572687 0.885463 0.572687 0.903084 0.568282 0.907489 0.572687 0.911894 0.572687 0.920705 0.568282 0.925110 0.572687 0.947137 0.568282 0.951542 0.568282 0.977974 0.555066 0.995595 0.603524 0.995595 0.603524 0.986784 0.607930 0.982379 0.607930 0.925110 0.603524 0.920705 0.603524 0.894273 0.612335 0.876652 0.616740 0.814978 0.621145 0.810573 0.621145 0.775330 0.629956 0.762115 0.629956 0.735683 0.634361 0.731278 0.634361 0.722467 0.660793 0.700441 0.660793 0.687225 0.651982 0.678414 0.651982 0.647577 0.656388 0.643172 0.656388 0.572687 0.660793 0.568282 0.660793 0.546256 0.651982 0.524229 0.651982 0.488987 0.656388 0.484582 0.656388 0.466960 0.660793 0.462555 0.660793 0.440529
0 0.299559 0.440529 0.295154 0.436123 0.290749 0.440529 0.286344 0.440529 0.281938 0.444934 0.273128 0.444934 0.268722 0.440529 0.264317 0.440529 0.255507 0.449339 0.255507 0.466960 0.251101 0.471366 0.259912 0.480176 0.268722 0.480176 0.273128 0.475771 0.273128 0.449339 0.277533 0.444934 0.281938 0.444934 0.286344 0.440529 0.290749 0.440529 0.295154 0.444934
0 0.903084 0.427313 0.898678 0.431718 0.898678 0.436123 0.903084 0.440529 0.903084 0.444934 0.911894 0.453745 0.911894 0.466960 0.907489 0.471366 0.907489 0.480176 0.903084 0.484582 0.911894 0.493392 0.916300 0.493392 0.920705 0.497797 0.920705 0.493392 0.925110 0.488987 0.925110 0.480176 0.916300 0.471366 0.916300 0.462555 0.920705 0.458150 0.911894 0.449339 0.911894 0.431718 0.907489 0.427313
0 0.105727 0.431718 0.101322 0.427313 0.096916 0.427313 0.092511 0.431718 0.088106 0.431718 0.083700 0.436123 0.074890 0.436123 0.070485 0.431718 0.066079 0.431718 0.057269 0.440529 0.052863 0.440529 0.048458 0.444934 0.052863 0.449339 0.061674 0.449339 0.066079 0.453745 0.079295 0.440529 0.083700 0.440529 0.088106 0.436123 0.092511 0.440529 0.096916 0.436123 0.101322 0.436123
0 0.132159 0.365639 0.127753 0.370044 0.127753 0.392070 0.140969 0.405286 0.140969 0.409692 0.145374 0.414097 0.154185 0.405286 0.154185 0.396476 0.149780 0.392070 0.149780 0.383260
0 0.273128 0.361233 0.264317 0.361233 0.251101 0.374449 0.251101 0.378855 0.246696 0.383260 0.246696 0.400881 0.251101 0.405286 0.264317 0.405286 0.268722 0.400881 0.268722 0.392070 0.273128 0.387665 0.273128 0.378855 0.277533 0.374449 0.277533 0.365639
0 0.339207 0.356828 0.334802 0.361233 0.339207 0.365639 0.339207 0.383260 0.343612 0.387665 0.348018 0.387665 0.352423 0.383260 0.356828 0.387665 0.361233 0.383260 0.361233 0.374449 0.352423 0.365639 0.352423 0.361233 0.348018 0.356828
0 0.801762 0.374449 0.801762 0.387665 0.806167 0.392070 0.814978 0.383260 0.814978 0.374449 0.819383 0.370044 0.823789 0.370044 0.828194 0.365639 0.832599 0.365639 0.837004 0.370044 0.841410 0.370044 0.845815 0.374449 0.845815 0.383260 0.863436 0.400881 0.867841 0.400881 0.876652 0.409692 0.876652 0.418502 0.881057 0.422908 0.885463 0.418502 0.885463 0.414097 0.881057 0.409692 0.876652 0.409692 0.872247 0.405286 0.872247 0.396476 0.876652 0.392070 0.876652 0.383260 0.863436 0.370044 0.850220 0.370044 0.845815 0.365639 0.841410 0.365639 0.837004 0.361233 0.837004 0.352423 0.832599 0.348018 0.828194 0.352423 0.823789 0.352423 0.819383 0.356828 0.819383 0.361233 0.814978 0.365639 0.810573 0.365639
0 0.493392 0.299559 0.484582 0.308370 0.484582 0.312775 0.480176 0.317181 0.484582 0.321586 0.488987 0.321586 0.497797 0.330396 0.497797 0.365639 0.493392 0.370044 0.502203 0.378855 0.506608 0.374449 0.506608 0.370044 0.511013 0.365639 0.511013 0.361233 0.524229 0.348018 0.524229 0.339207 0.519824 0.334802 0.515419 0.334802 0.502203 0.321586 0.502203 0.312775 0.497797 0.308370 0.497797 0.303965
0 0.374449 0.295154 0.365639 0.303965 0.365639 0.317181 0.374449 0.325991 0.383260 0.325991 0.387665 0.321586 0.387665 0.303965 0.383260 0.299559 0.378855 0.299559
0 0.427313 0.286344 0.422908 0.290749 0.422908 0.295154 0.418502 0.299559 0.418502 0.339207 0.414097 0.343612 0.409692 0.343612 0.400881 0.352423 0.400881 0.374449 0.396476 0.378855 0.396476 0.387665 0.405286 0.396476 0.409692 0.396476 0.414097 0.392070 0.414097 0.383260 0.422908 0.374449 0.418502 0.370044 0.418502 0.352423 0.422908 0.348018 0.422908 0.334802 0.427313 0.330396 0.427313 0.325991 0.431718 0.321586 0.431718 0.308370 0.436123 0.303965 0.431718 0.299559 0.431718 0.290749
0 0.105727 0.281938 0.101322 0.286344 0.101322 0.299559 0.105727 0.303965 0.105727 0.339207 0.101322 0.343612 0.101322 0.348018 0.105727 0.352423 0.110132 0.352423 0.114537 0.348018 0.114537 0.343612 0.118943 0.339207 0.118943 0.330396 0.123348 0.325991 0.123348 0.299559 0.118943 0.295154 0.118943 0.290749 0.110132 0.281938
0 0.030837 0.251101 0.035242 0.255507 0.039648 0.255507 0.044053 0.251101 0.048458 0.251101 0.052863 0.255507 0.057269 0.255507 0.061674 0.259912 0.061674 0.273128 0.066079 0.277533 0.070485 0.277533 0.088106 0.259912 0.088106 0.255507 0.079295 0.246696 0.074890 0.246696 0.070485 0.251101 0.066079 0.251101 0.061674 0.255507 0.052863 0.255507 0.048458 0.251101 0.044053 0.251101 0.039648 0.246696 0.035242 0.246696
0 0.348018 0.220264 0.348018 0.224670 0.343612 0.229075 0.348018 0.233480 0.348018 0.246696 0.352423 0.251101 0.352423 0.268722 0.356828 0.273128 0.361233 0.268722 0.365639 0.273128 0.370044 0.268722 0.370044 0.259912 0.365639 0.255507 0.365639 0.233480 0.356828 0.224670 0.352423 0.224670
0 0.550661 0.215859 0.541850 0.224670 0.541850 0.233480 0.546256 0.237885 0.550661 0.237885 0.555066 0.242291 0.555066 0.259912 0.559471 0.264317 0.568282 0.255507 0.568282 0.242291 0.559471 0.233480 0.559471 0.224670
0 0.140969 0.220264 0.136564 0.215859 0.123348 0.215859 0.105727 0.233480 0.114537 0.242291 0.127753 0.242291 0.132159 0.237885 0.136564 0.237885 0.140969 0.233480
0 0.770925 0.202643 0.762115 0.211454 0.762115 0.224670 0.753304 0.233480 0.753304 0.237885 0.748899 0.242291 0.748899 0.255507 0.762115 0.268722 0.766520 0.268722 0.775330 0.277533 0.779736 0.277533 0.784141 0.273128 0.766520 0.255507 0.766520 0.237885 0.784141 0.220264 0.784141 0.215859
0 0.709251 0.202643 0.704846 0.207048 0.704846 0.215859 0.700441 0.220264 0.700441 0.224670 0.704846 0.229075 0.704846 0.255507 0.700441 0.259912 0.696035 0.259912 0.691630 0.264317 0.687225 0.259912 0.682819 0.259912 0.682819 0.264317 0.678414 0.268722 0.678414 0.273128 0.674009 0.277533 0.678414 0.281938 0.678414 0.290749 0.682819 0.295154 0.682819 0.303965 0.674009 0.312775 0.674009 0.317181 0.669604 0.321586 0.665198 0.321586 0.660793 0.325991 0.656388 0.321586 0.651982 0.321586 0.647577 0.317181 0.643172 0.321586 0.643172 0.325991 0.656388 0.339207 0.660793 0.339207 0.669604 0.348018 0.674009 0.348018 0.682819 0.356828 0.713656 0.325991 0.713656 0.207048
0 0.453745 0.202643 0.449339 0.207048 0.449339 0.211454 0.444934 0.215859 0.444934 0.220264 0.449339 0.224670 0.449339 0.229075 0.462555 0.242291 0.471366 0.233480 0.471366 0.224670 0.466960 0.220264 0.466960 0.211454 0.458150 0.202643
0 0.832599 0.185022 0.823789 0.193833 0.828194 0.198238 0.828194 0.207048 0.832599 0.211454 0.832599 0.224670 0.837004 0.229075 0.841410 0.224670 0.845815 0.229075 0.850220 0.224670 0.850220 0.202643 0.845815 0.198238 0.845815 0.193833 0.837004 0.185022
0 0.321586 0.140969 0.317181 0.145374 0.317181 0.185022 0.321586 0.189427 0.321586 0.193833 0.339207 0.211454 0.343612 0.211454 0.343612 0.202643 0.348018 0.198238 0.348018 0.189427 0.330396 0.171806 0.330396 0.145374 0.325991 0.140969
0 0.070485 0.145374 0.066079 0.140969 0.061674 0.140969 0.057269 0.136564 0.052863 0.140969 0.052863 0.180617 0.048458 0.185022 0.048458 0.189427 0.044053 0.193833 0.039648 0.193833 0.035242 0.198238 0.030837 0.198238 0.026432 0.193833 0.017621 0.193833 0.013216 0.189427 0.000000 0.189427 0.000000 0.207048 0.004405 0.207048 0.008811 0.202643 0.026432 0.202643 0.030837 0.198238 0.035242 0.198238 0.039648 0.193833 0.048458 0.193833 0.052863 0.198238 0.057269 0.198238 0.061674 0.202643 0.061674 0.207048 0.070485 0.215859 0.074890 0.215859 0.079295 0.211454 0.079295 0.202643 0.074890 0.198238 0.074890 0.189427 0.070485 0.185022
0 0.828194 0.101322 0.819383 0.110132 0.814978 0.110132 0.806167 0.118943 0.806167 0.127753 0.801762 0.132159 0.801762 0.149780 0.797357 0.154185 0.806167 0.162996 0.810573 0.162996 0.814978 0.158590 0.814978 0.154185 0.819383 0.149780 0.819383 0.140969 0.823789 0.136564 0.823789 0.123348 0.828194 0.118943 0.828194 0.114537 0.832599 0.110132 0.832599 0.105727
0 0.202643 0.092511 0.193833 0.101322 0.193833 0.105727 0.198238 0.110132 0.198238 0.114537 0.220264 0.136564 0.229075 0.127753 0.229075 0.114537 0.207048 0.092511
0 0.933921 0.070485 0.925110 0.079295 0.925110 0.088106 0.920705 0.092511 0.920705 0.110132 0.903084 0.132159 0.903084 0.149780 0.898678 0.154185 0.898678 0.185022 0.894273 0.189427 0.894273 0.211454 0.889868 0.215859 0.889868 0.229075 0.885463 0.233480 0.885463 0.242291 0.881057 0.246696 0.881057 0.281938 0.885463 0.286344 0.885463 0.308370 0.889868 0.312775 0.894273 0.325991 0.911894 0.343612 0.925110 0.348018 0.938326 0.361233 0.951542 0.365639 0.964758 0.378855 0.964758 0.383260 0.969163 0.387665 0.969163 0.396476 0.973568 0.400881 0.977974 0.414097 0.986784 0.422908 0.986784 0.444934 0.995595 0.458150 0.995595 0.400881 0.982379 0.392070 0.982379 0.383260 0.995595 0.374449 0.995595 0.343612 0.977974 0.343612 0.973568 0.339207 0.969163 0.339207 0.933921 0.303965 0.933921 0.299559 0.929515 0.295154 0.929515 0.277533 0.925110 0.273128 0.925110 0.255507 0.929515 0.251101 0.929515 0.233480 0.938326 0.220264 0.938326 0.136564 0.933921 0.132159 0.933921 0.114537 0.942731 0.105727 0.942731 0.092511 0.947137 0.088106
0 0.594714 0.048458 0.594714 0.052863 0.603524 0.061674 0.607930 0.061674 0.616740 0.070485 0.616740 0.083700 0.612335 0.088106 0.607930 0.088106 0.603524 0.092511 0.603524 0.096916 0.625551 0.118943 0.629956 0.114537 0.634361 0.114537 0.638767 0.118943 0.647577 0.118943 0.651982 0.123348 0.656388 0.123348 0.660793 0.127753 0.660793 0.132159 0.669604 0.140969 0.669604 0.145374 0.674009 0.149780 0.691630 0.149780 0.696035 0.145374 0.700441 0.149780 0.704846 0.149780 0.709251 0.154185 0.713656 0.154185 0.722467 0.162996 0.726872 0.162996 0.735683 0.171806 0.735683 0.180617 0.740088 0.185022 0.744493 0.180617 0.744493 0.171806 0.748899 0.167401 0.748899 0.154185 0.753304 0.149780 0.748899 0.145374 0.748899 0.136564 0.744493 0.132159 0.744493 0.127753 0.735683 0.118943 0.731278 0.118943 0.726872 0.114537 0.722467 0.114537 0.718062 0.110132 0.713656 0.110132 0.709251 0.105727 0.704846 0.105727 0.700441 0.101322 0.687225 0.101322 0.682819 0.096916 0.678414 0.096916 0.674009 0.092511 0.669604 0.092511 0.665198 0.088106 0.660793 0.088106 0.656388 0.083700 0.651982 0.083700 0.647577 0.079295 0.643172 0.079295 0.629956 0.066079 0.625551 0.066079 0.612335 0.052863 0.607930 0.052863 0.599119 0.044053
0 0.101322 0.035242 0.096916 0.039648 0.096916 0.052863 0.088106 0.061674 0.088106 0.066079 0.079295 0.074890 0.079295 0.083700 0.083700 0.088106 0.088106 0.083700 0.092511 0.088106 0.096916 0.083700 0.096916 0.066079 0.101322 0.061674 0.101322 0.048458 0.110132 0.039648 0.105727 0.039648
0 0.493392 0.035242 0.493392 0.039648 0.497797 0.044053 0.497797 0.048458 0.502203 0.052863 0.515419 0.052863 0.519824 0.057269 0.524229 0.057269 0.533040 0.066079 0.537445 0.066079 0.541850 0.070485 0.546256 0.066079 0.550661 0.070485 0.555066 0.070485 0.559471 0.074890 0.563877 0.070485 0.546256 0.052863 0.541850 0.052863 0.537445 0.048458 0.533040 0.048458 0.528634 0.044053 0.524229 0.044053 0.519824 0.039648 0.515419 0.039648 0.511013 0.035242 0.502203 0.035242 0.497797 0.030837
0 0.048458 0.022026 0.044053 0.017621 0.039648 0.017621 0.030837 0.026432 0.026432 0.026432 0.022026 0.030837 0.017621 0.030837 0.008811 0.039648 0.004405 0.039648 0.004405 0.044053 0.008811 0.044053 0.017621 0.052863 0.030837 0.052863 0.048458 0.035242
0 0.299559 0.000000 0.325991 0.026432 0.348018 0.030837 0.378855 0.048458 0.400881 0.052863 0.427313 0.070485 0.462555 0.083700 0.480176 0.101322 0.493392 0.105727 0.515419 0.123348 0.533040 0.132159 0.555066 0.132159 0.581498 0.154185 0.616740 0.171806 0.612335 0.229075 0.599119 0.268722 0.585903 0.286344 0.585903 0.299559 0.594714 0.308370 0.594714 0.325991 0.585903 0.343612 0.581498 0.378855 0.572687 0.387665 0.555066 0.431718 0.559471 0.440529 0.559471 0.471366 0.572687 0.475771 0.581498 0.458150 0.577093 0.449339 0.577093 0.409692 0.599119 0.392070 0.603524 0.343612 0.612335 0.321586 0.612335 0.312775 0.599119 0.299559 0.599119 0.281938 0.621145 0.229075 0.621145 0.198238 0.634361 0.189427 0.647577 0.189427 0.656388 0.180617 0.651982 0.171806 0.629956 0.149780 0.581498 0.123348 0.572687 0.096916 0.563877 0.096916 0.550661 0.105727 0.502203 0.083700 0.484582 0.088106 0.453745 0.070485 0.444934 0.061674 0.444934 0.048458 0.436123 0.039648 0.405286 0.026432 0.387665 0.008811 0.356828 0.022026 0.343612 0.022026 0.330396 0.013216 0.334802 0.000000
