0 0.797357 0.969163 0.797357 0.977974 0.801762 0.982379 0.810573 0.982379 0.814978 0.977974 0.832599 0.977974 0.837004 0.973568 0.837004 0.969163 0.832599 0.964758 0.828194 0.969163 0.823789 0.964758 0.814978 0.964758 0.810573 0.960352 0.806167 0.960352
0 0.343612 0.955947 0.343612 0.960352 0.348018 0.964758 0.348018 0.969163 0.356828 0.977974 0.365639 0.977974 0.378855 0.964758 0.378855 0.960352 0.374449 0.955947 0.352423 0.955947 0.348018 0.951542
0 0.581498 0.938326 0.572687 0.938326 0.563877 0.947137 0.563877 0.960352 0.568282 0.964758 0.572687 0.964758 0.581498 0.955947 0.585903 0.955947 0.590308 0.951542 0.590308 0.947137
0 0.960352 0.920705 0.955947 0.925110 0.955947 0.933921 0.960352 0.938326 0.973568 0.938326 0.977974 0.942731 0.982379 0.942731 0.986784 0.947137 0.986784 0.960352 0.991189 0.964758 0.995595 0.964758 0.995595 0.947137 0.991189 0.947137 0.986784 0.942731 0.982379 0.942731 0.977974 0.938326 0.977974 0.925110 0.973568 0.920705
0 0.162996 0.907489 0.158590 0.907489 0.154185 0.911894 0.145374 0.911894 0.140969 0.916300 0.140969 0.920705 0.136564 0.925110 0.136564 0.942731 0.140969 0.947137 0.145374 0.942731 0.149780 0.942731 0.162996 0.929515 0.162996 0.920705 0.167401 0.916300 0.167401 0.911894
0 0.052863 0.907489 0.048458 0.907489 0.044053 0.903084 0.039648 0.907489 0.035242 0.907489 0.026432 0.916300 0.022026 0.916300 0.017621 0.920705 0.017621 0.925110 0.013216 0.929515 0.013216 0.933921 0.017621 0.938326 0.030837 0.938326 0.035242 0.933921 0.044053 0.933921 0.048458 0.929515 0.048458 0.920705 0.052863 0.916300
0 0.819383 0.885463 0.814978 0.889868 0.819383 0.894273 0.819383 0.916300 0.832599 0.929515 0.837004 0.925110 0.845815 0.925110 0.850220 0.929515 0.854626 0.929515 0.859031 0.925110 0.859031 0.920705 0.854626 0.916300 0.850220 0.916300 0.845815 0.911894 0.841410 0.911894 0.832599 0.903084 0.828194 0.903084 0.823789 0.898678 0.823789 0.889868
0 0.436123 0.885463 0.431718 0.889868 0.431718 0.894273 0.427313 0.898678 0.422908 0.898678 0.414097 0.907489 0.427313 0.920705 0.427313 0.929515 0.431718 0.933921 0.431718 0.947137 0.422908 0.955947 0.427313 0.960352 0.431718 0.960352 0.436123 0.964758 0.440529 0.964758 0.444934 0.960352 0.444934 0.955947 0.440529 0.951542 0.436123 0.951542 0.431718 0.947137 0.431718 0.938326 0.436123 0.933921 0.440529 0.933921 0.444934 0.929515 0.440529 0.925110 0.440529 0.898678 0.444934 0.894273
0 0.136564 0.876652 0.132159 0.872247 0.123348 0.872247 0.118943 0.876652 0.114537 0.876652 0.110132 0.881057 0.096916 0.881057 0.088106 0.889868 0.083700 0.889868 0.079295 0.894273 0.074890 0.894273 0.070485 0.898678 0.070485 0.903084 0.074890 0.907489 0.079295 0.907489 0.083700 0.911894 0.088106 0.907489 0.088106 0.903084 0.092511 0.898678 0.096916 0.898678 0.101322 0.894273 0.118943 0.894273 0.123348 0.889868 0.127753 0.889868 0.132159 0.885463 0.132159 0.881057
0 0.497797 0.863436 0.493392 0.867841 0.493392 0.881057 0.484582 0.889868 0.484582 0.907489 0.493392 0.916300 0.497797 0.911894 0.502203 0.911894 0.506608 0.916300 0.511013 0.916300 0.515419 0.920705 0.515419 0.925110 0.519824 0.929515 0.524229 0.925110 0.519824 0.920705 0.515419 0.920705 0.506608 0.911894 0.506608 0.903084 0.502203 0.898678 0.502203 0.876652 0.506608 0.872247 0.506608 0.867841 0.502203 0.863436
0 0.409692 0.867841 0.400881 0.859031 0.396476 0.863436 0.383260 0.863436 0.374449 0.872247 0.370044 0.872247 0.370044 0.876652 0.374449 0.876652 0.383260 0.885463 0.396476 0.885463 0.409692 0.872247
0 0.259912 0.845815 0.255507 0.850220 0.264317 0.859031 0.264317 0.863436 0.273128 0.872247 0.273128 0.876652 0.277533 0.881057 0.286344 0.881057 0.290749 0.876652 0.290749 0.863436 0.286344 0.859031 0.281938 0.859031 0.268722 0.845815
0 0.731278 0.823789 0.726872 0.828194 0.722467 0.828194 0.718062 0.832599 0.718062 0.837004 0.713656 0.841410 0.718062 0.845815 0.718062 0.872247 0.722467 0.876652 0.722467 0.881057 0.726872 0.885463 0.731278 0.885463 0.735683 0.881057 0.735683 0.876652 0.740088 0.872247 0.735683 0.867841 0.735683 0.863436 0.731278 0.859031 0.731278 0.854626 0.726872 0.850220 0.726872 0.841410 0.731278 0.837004 0.735683 0.837004 0.740088 0.832599
0 0.665198 0.801762 0.660793 0.801762 0.656388 0.806167 0.656388 0.810573 0.651982 0.814978 0.651982 0.823789 0.660793 0.832599 0.665198 0.828194 0.669604 0.828194 0.678414 0.819383 0.678414 0.814978
0 0.374449 0.814978 0.378855 0.814978 0.383260 0.819383 0.383260 0.823789 0.392070 0.832599 0.405286 0.832599 0.409692 0.828194 0.409692 0.819383 0.405286 0.814978 0.405286 0.806167 0.400881 0.801762 0.396476 0.801762 0.392070 0.806167 0.387665 0.806167 0.383260 0.810573 0.378855 0.810573
0 0.330396 0.797357 0.312775 0.814978 0.312775 0.823789 0.308370 0.828194 0.308370 0.832599 0.312775 0.837004 0.317181 0.837004 0.321586 0.841410 0.321586 0.845815 0.339207 0.863436 0.339207 0.867841 0.343612 0.872247 0.343612 0.876652 0.348018 0.881057 0.352423 0.881057 0.356828 0.876652 0.361233 0.876652 0.361233 0.872247 0.356828 0.872247 0.343612 0.859031 0.343612 0.841410 0.348018 0.837004 0.348018 0.832599 0.352423 0.828194 0.352423 0.823789 0.361233 0.814978 0.365639 0.814978 0.365639 0.810573 0.361233 0.810573 0.356828 0.806167 0.348018 0.806167 0.343612 0.801762 0.339207 0.801762 0.334802 0.797357
0 0.964758 0.784141 0.960352 0.779736 0.955947 0.779736 0.951542 0.784141 0.947137 0.784141 0.942731 0.779736 0.938326 0.779736 0.929515 0.770925 0.916300 0.784141 0.916300 0.788546 0.911894 0.792952 0.907489 0.792952 0.903084 0.797357 0.898678 0.792952 0.894273 0.792952 0.889868 0.788546 0.876652 0.788546 0.867841 0.797357 0.867841 0.801762 0.863436 0.806167 0.863436 0.810573 0.867841 0.814978 0.876652 0.814978 0.881057 0.810573 0.889868 0.810573 0.903084 0.797357 0.907489 0.797357 0.911894 0.792952 0.916300 0.792952 0.920705 0.797357 0.925110 0.797357 0.929515 0.792952 0.933921 0.797357 0.938326 0.792952 0.942731 0.792952 0.947137 0.788546 0.955947 0.788546 0.960352 0.792952 0.964758 0.788546
0 0.471366 0.753304 0.466960 0.757709 0.471366 0.762115 0.475771 0.762115 0.484582 0.770925 0.484582 0.784141 0.475771 0.792952 0.475771 0.801762 0.488987 0.814978 0.493392 0.810573 0.497797 0.814978 0.502203 0.814978 0.519824 0.832599 0.524229 0.832599 0.528634 0.828194 0.533040 0.828194 0.537445 0.832599 0.541850 0.828194 0.546256 0.832599 0.550661 0.832599 0.559471 0.841410 0.559471 0.859031 0.555066 0.863436 0.555066 0.876652 0.559471 0.881057 0.572687 0.867841 0.572687 0.854626 0.577093 0.850220 0.577093 0.841410 0.581498 0.837004 0.581498 0.832599 0.568282 0.819383 0.559471 0.819383 0.555066 0.823789 0.550661 0.819383 0.546256 0.819383 0.537445 0.810573 0.519824 0.810573 0.515419 0.814978 0.511013 0.814978 0.506608 0.819383 0.502203 0.814978 0.497797 0.814978 0.493392 0.810573 0.493392 0.801762 0.497797 0.797357 0.497797 0.784141 0.502203 0.779736 0.506608 0.779736 0.511013 0.775330 0.519824 0.775330 0.524229 0.770925 0.533040 0.770925 0.541850 0.762115 0.541850 0.753304 0.537445 0.748899 0.533040 0.748899 0.528634 0.744493 0.524229 0.748899 0.519824 0.748899 0.502203 0.766520 0.497797 0.766520 0.493392 0.770925 0.488987 0.766520 0.484582 0.766520
0 0.242291 0.735683 0.229075 0.722467 0.220264 0.722467 0.215859 0.726872 0.207048 0.726872 0.202643 0.722467 0.198238 0.722467 0.189427 0.713656 0.185022 0.713656 0.180617 0.718062 0.180617 0.726872 0.185022 0.731278 0.185022 0.740088 0.176211 0.748899 0.171806 0.748899 0.167401 0.753304 0.162996 0.748899 0.158590 0.753304 0.158590 0.766520 0.154185 0.770925 0.154185 0.779736 0.158590 0.784141 0.167401 0.784141 0.171806 0.779736 0.171806 0.770925 0.176211 0.766520 0.176211 0.748899 0.180617 0.744493 0.185022 0.744493 0.189427 0.740088 0.193833 0.740088 0.198238 0.735683 0.202643 0.735683 0.207048 0.731278 0.211454 0.735683 0.215859 0.735683 0.229075 0.748899 0.233480 0.748899 0.242291 0.740088
0 0.718062 0.709251 0.709251 0.718062 0.709251 0.722467 0.713656 0.726872 0.713656 0.740088 0.726872 0.753304 0.726872 0.766520 0.713656 0.779736 0.709251 0.779736 0.704846 0.784141 0.700441 0.784141 0.696035 0.788546 0.696035 0.792952 0.700441 0.797357 0.709251 0.797357 0.713656 0.801762 0.722467 0.801762 0.731278 0.792952 0.731278 0.784141 0.735683 0.779736 0.735683 0.775330 0.731278 0.770925 0.731278 0.757709 0.735683 0.753304 0.735683 0.744493 0.740088 0.740088 0.735683 0.735683 0.735683 0.731278 0.722467 0.718062 0.722467 0.713656
0 0.911894 0.704846 0.907489 0.709251 0.911894 0.713656 0.911894 0.718062 0.920705 0.726872 0.925110 0.726872 0.929515 0.731278 0.929515 0.744493 0.938326 0.753304 0.942731 0.748899 0.942731 0.740088 0.933921 0.731278 0.933921 0.718062 0.938326 0.713656 0.942731 0.713656 0.951542 0.704846 0.947137 0.700441 0.942731 0.704846 0.938326 0.704846 0.933921 0.709251 0.929515 0.704846
0 0.334802 0.696035 0.330396 0.700441 0.334802 0.704846 0.334802 0.722467 0.330396 0.726872 0.325991 0.726872 0.321586 0.731278 0.317181 0.731278 0.312775 0.735683 0.312775 0.744493 0.317181 0.748899 0.325991 0.748899 0.348018 0.726872 0.348018 0.713656 0.339207 0.704846 0.339207 0.700441
0 0.132159 0.696035 0.118943 0.709251 0.136564 0.726872 0.136564 0.740088 0.140969 0.744493 0.145374 0.740088 0.145374 0.718062 0.140969 0.713656 0.140969 0.704846
0 0.854626 0.691630 0.850220 0.696035 0.850220 0.700441 0.854626 0.704846 0.854626 0.726872 0.872247 0.744493 0.881057 0.735683 0.881057 0.726872 0.876652 0.722467 0.876652 0.718062 0.872247 0.713656 0.872247 0.709251
0 0.577093 0.691630 0.568282 0.691630 0.559471 0.700441 0.559471 0.713656 0.568282 0.722467 0.577093 0.713656 0.577093 0.709251 0.581498 0.704846 0.581498 0.696035
0 0.515419 0.682819 0.511013 0.687225 0.511013 0.691630 0.506608 0.696035 0.511013 0.700441 0.511013 0.709251 0.519824 0.718062 0.524229 0.718062 0.528634 0.713656 0.528634 0.700441 0.533040 0.696035 0.533040 0.687225 0.528634 0.682819
0 0.740088 0.660793 0.735683 0.656388 0.722467 0.656388 0.709251 0.669604 0.709251 0.678414 0.713656 0.682819 0.726872 0.682819 0.731278 0.678414 0.731278 0.674009 0.735683 0.669604 0.735683 0.665198
0 0.788546 0.651982 0.784141 0.656388 0.784141 0.682819 0.775330 0.691630 0.775330 0.704846 0.779736 0.709251 0.779736 0.726872 0.784141 0.731278 0.788546 0.731278 0.792952 0.735683 0.797357 0.735683 0.801762 0.731278 0.801762 0.713656 0.792952 0.704846 0.792952 0.678414 0.801762 0.669604 0.797357 0.665198 0.797357 0.656388 0.792952 0.651982
0 0.625551 0.634361 0.621145 0.638767 0.621145 0.660793 0.625551 0.665198 0.625551 0.669604 0.638767 0.682819 0.647577 0.674009 0.643172 0.669604 0.643172 0.656388 0.638767 0.651982 0.638767 0.647577
0 0.123348 0.488987 0.118943 0.493392 0.118943 0.497797 0.110132 0.506608 0.105727 0.506608 0.096916 0.515419 0.096916 0.533040 0.101322 0.537445 0.105727 0.533040 0.110132 0.537445 0.114537 0.533040 0.114537 0.528634 0.118943 0.524229 0.118943 0.519824 0.123348 0.515419 0.123348 0.506608 0.132159 0.497797
0 0.374449 0.475771 0.370044 0.480176 0.370044 0.493392 0.365639 0.497797 0.365639 0.502203 0.370044 0.506608 0.370044 0.511013 0.378855 0.519824 0.378855 0.524229 0.383260 0.528634 0.387665 0.524229 0.387665 0.515419 0.383260 0.511013 0.383260 0.480176 0.378855 0.475771
0 0.995595 0.493392 0.977974 0.506608 0.947137 0.484582 0.969163 0.462555 0.964758 0.449339 0.977974 0.431718 0.969163 0.418502 0.955947 0.449339 0.920705 0.466960 0.872247 0.462555 0.863436 0.431718 0.837004 0.449339 0.859031 0.462555 0.854626 0.480176 0.828194 0.480176 0.819383 0.493392 0.788546 0.502203 0.762115 0.475771 0.700441 0.493392 0.643172 0.475771 0.616740 0.493392 0.585903 0.475771 0.572687 0.453745 0.537445 0.511013 0.515419 0.511013 0.506608 0.488987 0.431718 0.563877 0.378855 0.563877 0.281938 0.541850 0.215859 0.581498 0.110132 0.568282 0.044053 0.581498 0.000000 0.546256 0.000000 0.599119 0.061674 0.607930 0.079295 0.590308 0.096916 0.599119 0.132159 0.585903 0.145374 0.594714 0.145374 0.616740 0.167401 0.634361 0.149780 0.660793 0.118943 0.647577 0.048458 0.656388 0.026432 0.625551 0.013216 0.634361 0.000000 0.625551 0.000000 0.638767 0.044053 0.669604 0.101322 0.656388 0.132159 0.678414 0.167401 0.665198 0.189427 0.682819 0.286344 0.643172 0.374449 0.643172 0.387665 0.660793 0.370044 0.682819 0.396476 0.713656 0.387665 0.651982 0.400881 0.643172 0.427313 0.651982 0.422908 0.665198 0.444934 0.691630 0.475771 0.656388 0.506608 0.651982 0.519824 0.621145 0.541850 0.603524 0.581498 0.612335 0.651982 0.581498 0.691630 0.603524 0.709251 0.590308 0.753304 0.585903 0.775330 0.607930 0.885463 0.555066 0.991189 0.541850
0 0.740088 0.422908 0.735683 0.418502 0.731278 0.418502 0.726872 0.422908 0.722467 0.422908 0.709251 0.436123 0.704846 0.436123 0.700441 0.440529 0.691630 0.440529 0.687225 0.444934 0.682819 0.444934 0.678414 0.449339 0.687225 0.458150 0.700441 0.458150 0.704846 0.453745 0.726872 0.453745 0.731278 0.449339 0.731278 0.444934 0.740088 0.436123
0 0.484582 0.400881 0.480176 0.396476 0.466960 0.396476 0.449339 0.414097 0.444934 0.414097 0.440529 0.418502 0.440529 0.422908 0.444934 0.427313 0.449339 0.427313 0.453745 0.422908 0.458150 0.427313 0.466960 0.427313 0.471366 0.422908 0.480176 0.422908 0.484582 0.418502 0.484582 0.414097 0.488987 0.409692 0.484582 0.405286
0 0.044053 0.383260 0.035242 0.392070 0.035242 0.396476 0.039648 0.400881 0.039648 0.405286 0.044053 0.409692 0.044053 0.440529 0.039648 0.444934 0.035242 0.444934 0.030837 0.449339 0.026432 0.449339 0.017621 0.458150 0.017621 0.471366 0.022026 0.475771 0.026432 0.475771 0.035242 0.466960 0.039648 0.466960 0.044053 0.462555 0.044053 0.458150 0.052863 0.449339 0.048458 0.444934 0.048458 0.436123 0.066079 0.418502 0.066079 0.414097 0.061674 0.409692 0.061674 0.405286 0.048458 0.392070 0.048458 0.387665
0 0.854626 0.383260 0.850220 0.378855 0.845815 0.378855 0.837004 0.387665 0.832599 0.387665 0.828194 0.392070 0.819383 0.392070 0.814978 0.396476 0.814978 0.405286 0.819383 0.409692 0.832599 0.409692 0.837004 0.405286 0.837004 0.400881
0 0.418502 0.370044 0.414097 0.374449 0.414097 0.378855 0.409692 0.383260 0.409692 0.405286 0.405286 0.409692 0.409692 0.414097 0.418502 0.414097 0.422908 0.409692 0.422908 0.405286 0.418502 0.400881 0.418502 0.392070 0.431718 0.378855 0.427313 0.374449 0.422908 0.374449
0 0.255507 0.370044 0.251101 0.374449 0.251101 0.378855 0.246696 0.383260 0.264317 0.400881 0.264317 0.418502 0.259912 0.422908 0.259912 0.427313 0.251101 0.436123 0.264317 0.449339 0.268722 0.449339 0.277533 0.458150 0.281938 0.453745 0.286344 0.453745 0.290749 0.458150 0.295154 0.458150 0.299559 0.462555 0.299559 0.475771 0.303965 0.480176 0.312775 0.480176 0.325991 0.466960 0.317181 0.458150 0.308370 0.458150 0.303965 0.462555 0.299559 0.462555 0.295154 0.458150 0.290749 0.458150 0.286344 0.453745 0.286344 0.449339 0.281938 0.444934 0.281938 0.436123 0.277533 0.431718 0.277533 0.422908 0.273128 0.418502 0.273128 0.396476 0.268722 0.392070 0.264317 0.392070 0.259912 0.387665 0.259912 0.374449
0 0.220264 0.365639 0.215859 0.361233 0.211454 0.361233 0.202643 0.370044 0.198238 0.370044 0.193833 0.374449 0.189427 0.374449 0.185022 0.370044 0.176211 0.370044 0.167401 0.378855 0.171806 0.383260 0.171806 0.392070 0.167401 0.396476 0.167401 0.405286 0.162996 0.409692 0.158590 0.409692 0.154185 0.414097 0.149780 0.414097 0.145374 0.418502 0.145374 0.422908 0.136564 0.431718 0.140969 0.436123 0.149780 0.436123 0.171806 0.414097 0.171806 0.405286 0.176211 0.400881 0.176211 0.387665 0.185022 0.378855 0.189427 0.378855 0.193833 0.374449 0.202643 0.374449 0.207048 0.378855 0.215859 0.378855 0.220264 0.374449
0 0.753304 0.352423 0.748899 0.356828 0.748899 0.361233 0.744493 0.365639 0.748899 0.370044 0.748899 0.374449 0.753304 0.378855 0.753304 0.387665 0.757709 0.392070 0.762115 0.392070 0.766520 0.387665 0.766520 0.378855 0.770925 0.374449 0.766520 0.370044 0.766520 0.361233 0.762115 0.356828 0.757709 0.356828
0 0.339207 0.356828 0.334802 0.361233 0.356828 0.383260 0.361233 0.383260 0.365639 0.387665 0.370044 0.383260 0.370044 0.370044 0.356828 0.356828 0.352423 0.356828 0.348018 0.352423 0.343612 0.356828
0 0.894273 0.308370 0.889868 0.312775 0.889868 0.317181 0.876652 0.330396 0.876652 0.334802 0.885463 0.343612 0.889868 0.343612 0.894273 0.339207 0.894273 0.334802 0.898678 0.330396 0.898678 0.325991 0.903084 0.321586 0.903084 0.317181
0 0.308370 0.290749 0.303965 0.295154 0.295154 0.295154 0.290749 0.299559 0.290749 0.308370 0.299559 0.317181 0.299559 0.325991 0.281938 0.343612 0.281938 0.352423 0.286344 0.356828 0.299559 0.356828 0.303965 0.352423 0.303965 0.321586 0.317181 0.308370 0.317181 0.299559
0 0.453745 0.286344 0.444934 0.295154 0.453745 0.303965 0.453745 0.308370 0.458150 0.312775 0.462555 0.312775 0.466960 0.317181 0.466960 0.325991 0.462555 0.330396 0.458150 0.330396 0.453745 0.334802 0.449339 0.334802 0.444934 0.339207 0.440529 0.334802 0.436123 0.334802 0.431718 0.339207 0.431718 0.343612 0.440529 0.352423 0.444934 0.348018 0.449339 0.348018 0.458150 0.339207 0.462555 0.339207 0.475771 0.325991 0.475771 0.317181 0.480176 0.312775 0.480176 0.303965 0.475771 0.299559 0.471366 0.299559 0.466960 0.295154 0.462555 0.295154
0 0.154185 0.286344 0.145374 0.286344 0.132159 0.299559 0.132159 0.308370 0.123348 0.317181 0.123348 0.325991 0.127753 0.330396 0.127753 0.339207 0.132159 0.343612 0.140969 0.343612 0.145374 0.339207 0.145374 0.334802 0.140969 0.330396 0.140969 0.325991 0.136564 0.321586 0.136564 0.312775 0.149780 0.299559 0.154185 0.299559 0.158590 0.295154 0.158590 0.290749
0 0.634361 0.273128 0.629956 0.277533 0.625551 0.277533 0.616740 0.286344 0.616740 0.290749 0.621145 0.295154 0.621145 0.299559 0.625551 0.303965 0.629956 0.303965 0.634361 0.308370 0.634361 0.321586 0.629956 0.325991 0.634361 0.330396 0.634361 0.343612 0.638767 0.348018 0.647577 0.348018 0.651982 0.343612 0.651982 0.321586 0.647577 0.317181 0.643172 0.317181 0.634361 0.308370 0.634361 0.299559 0.643172 0.290749 0.643172 0.286344 0.651982 0.277533 0.647577 0.273128 0.643172 0.277533 0.638767 0.273128
0 0.101322 0.268722 0.096916 0.273128 0.092511 0.273128 0.088106 0.268722 0.079295 0.268722 0.066079 0.281938 0.066079 0.299559 0.070485 0.303965 0.070485 0.308370 0.074890 0.312775 0.074890 0.325991 0.079295 0.330396 0.083700 0.325991 0.083700 0.299559 0.088106 0.295154 0.088106 0.290749 0.096916 0.281938 0.101322 0.281938 0.105727 0.277533 0.105727 0.273128
0 0.246696 0.229075 0.242291 0.229075 0.237885 0.233480 0.233480 0.233480 0.229075 0.237885 0.229075 0.242291 0.233480 0.246696 0.233480 0.255507 0.224670 0.264317 0.224670 0.268722 0.220264 0.273128 0.220264 0.281938 0.207048 0.295154 0.202643 0.295154 0.198238 0.299559 0.193833 0.295154 0.189427 0.299559 0.193833 0.303965 0.198238 0.299559 0.202643 0.303965 0.207048 0.303965 0.215859 0.312775 0.220264 0.312775 0.224670 0.317181 0.224670 0.321586 0.229075 0.325991 0.233480 0.321586 0.233480 0.317181 0.237885 0.312775 0.237885 0.308370 0.233480 0.303965 0.233480 0.277533 0.237885 0.273128 0.233480 0.268722 0.233480 0.251101 0.237885 0.246696 0.242291 0.246696 0.251101 0.237885 0.246696 0.233480
0 0.823789 0.242291 0.828194 0.246696 0.841410 0.246696 0.845815 0.242291 0.859031 0.242291 0.872247 0.229075 0.867841 0.224670 0.863436 0.224670 0.859031 0.229075 0.854626 0.224670 0.845815 0.224670 0.841410 0.229075 0.837004 0.224670 0.828194 0.224670 0.823789 0.229075
0 0.378855 0.224670 0.365639 0.237885 0.365639 0.264317 0.374449 0.273128 0.383260 0.264317 0.383260 0.229075
0 0.030837 0.202643 0.030837 0.207048 0.035242 0.211454 0.039648 0.211454 0.044053 0.215859 0.048458 0.215859 0.052863 0.220264 0.052863 0.229075 0.057269 0.233480 0.057269 0.237885 0.061674 0.242291 0.074890 0.242291 0.092511 0.224670 0.088106 0.220264 0.074890 0.220264 0.070485 0.224670 0.066079 0.224670 0.061674 0.220264 0.057269 0.220264 0.048458 0.211454 0.048458 0.202643 0.044053 0.198238 0.035242 0.198238
0 0.766520 0.193833 0.762115 0.198238 0.757709 0.198238 0.753304 0.202643 0.748899 0.202643 0.748899 0.246696 0.753304 0.251101 0.762115 0.251101 0.766520 0.246696 0.766520 0.220264 0.770925 0.215859 0.770925 0.198238
0 0.356828 0.167401 0.348018 0.176211 0.348018 0.180617 0.352423 0.185022 0.352423 0.193833 0.361233 0.202643 0.365639 0.202643 0.374449 0.193833 0.374449 0.185022
0 0.691630 0.162996 0.687225 0.167401 0.687225 0.171806 0.682819 0.176211 0.682819 0.180617 0.678414 0.185022 0.678414 0.198238 0.660793 0.215859 0.665198 0.220264 0.669604 0.220264 0.674009 0.224670 0.678414 0.224670 0.687225 0.233480 0.691630 0.229075 0.687225 0.224670 0.687225 0.220264 0.682819 0.215859 0.682819 0.198238 0.696035 0.185022 0.696035 0.167401
0 0.220264 0.167401 0.215859 0.162996 0.185022 0.162996 0.176211 0.171806 0.176211 0.176211 0.171806 0.180617 0.171806 0.193833 0.167401 0.198238 0.162996 0.198238 0.158590 0.202643 0.154185 0.202643 0.158590 0.202643 0.162996 0.207048 0.167401 0.207048 0.171806 0.202643 0.171806 0.198238 0.180617 0.189427 0.185022 0.189427 0.189427 0.185022 0.193833 0.185022 0.202643 0.176211 0.207048 0.176211 0.211454 0.171806 0.215859 0.171806
0 0.581498 0.158590 0.572687 0.167401 0.577093 0.171806 0.581498 0.171806 0.585903 0.167401 0.590308 0.167401 0.594714 0.171806 0.599119 0.171806 0.603524 0.176211 0.603524 0.198238 0.607930 0.202643 0.612335 0.202643 0.616740 0.198238 0.616740 0.193833 0.621145 0.189427 0.621145 0.180617 0.625551 0.176211 0.616740 0.167401 0.612335 0.171806 0.607930 0.171806 0.603524 0.176211 0.599119 0.171806 0.594714 0.171806 0.590308 0.167401 0.590308 0.162996 0.585903 0.158590
0 0.118943 0.136564 0.114537 0.140969 0.114537 0.154185 0.118943 0.158590 0.118943 0.167401 0.105727 0.180617 0.105727 0.185022 0.110132 0.189427 0.114537 0.189427 0.118943 0.193833 0.123348 0.193833 0.127753 0.198238 0.127753 0.202643 0.132159 0.207048 0.136564 0.207048 0.140969 0.202643 0.145374 0.202643 0.145374 0.198238 0.140969 0.198238 0.136564 0.193833 0.132159 0.193833 0.127753 0.189427 0.127753 0.162996 0.132159 0.158590 0.132159 0.145374 0.123348 0.136564
0 0.973568 0.132159 0.969163 0.132159 0.960352 0.140969 0.960352 0.154185 0.951542 0.162996 0.951542 0.167401 0.955947 0.171806 0.960352 0.171806 0.964758 0.167401 0.969163 0.167401 0.977974 0.158590 0.977974 0.145374 0.982379 0.140969
0 0.528634 0.127753 0.524229 0.127753 0.515419 0.136564 0.515419 0.140969 0.502203 0.154185 0.502203 0.171806 0.497797 0.176211 0.497797 0.180617 0.488987 0.189427 0.488987 0.202643 0.480176 0.211454 0.475771 0.211454 0.471366 0.215859 0.466960 0.215859 0.462555 0.211454 0.458150 0.211454 0.453745 0.207048 0.453745 0.180617 0.458150 0.176211 0.458150 0.171806 0.453745 0.167401 0.449339 0.167401 0.440529 0.176211 0.440529 0.193833 0.436123 0.198238 0.444934 0.207048 0.444934 0.229075 0.449339 0.233480 0.453745 0.233480 0.458150 0.229075 0.458150 0.224670 0.462555 0.220264 0.466960 0.220264 0.471366 0.215859 0.475771 0.220264 0.480176 0.220264 0.484582 0.224670 0.484582 0.229075 0.488987 0.233480 0.502203 0.233480 0.506608 0.237885 0.528634 0.237885 0.533040 0.233480 0.537445 0.233480 0.541850 0.229075 0.555066 0.229075 0.563877 0.220264 0.563877 0.211454 0.559471 0.207048 0.546256 0.207048 0.541850 0.211454 0.537445 0.211454 0.528634 0.220264 0.524229 0.220264 0.519824 0.224670 0.515419 0.224670 0.511013 0.220264 0.506608 0.220264 0.502203 0.215859 0.502203 0.198238 0.506608 0.193833 0.506608 0.189427 0.511013 0.185022 0.511013 0.180617 0.506608 0.176211 0.506608 0.167401 0.511013 0.162996 0.515419 0.162996 0.519824 0.158590 0.524229 0.158590 0.533040 0.149780 0.533040 0.132159
0 0.458150 0.114537 0.453745 0.118943 0.453745 0.132159 0.458150 0.136564 0.475771 0.136564 0.480176 0.132159 0.480176 0.118943 0.475771 0.114537
0 0.374449 0.110132 0.370044 0.110132 0.361233 0.118943 0.361233 0.136564 0.370044 0.145374 0.374449 0.140969 0.378855 0.140969 0.383260 0.136564 0.383260 0.123348 0.378855 0.118943 0.378855 0.114537
0 0.792952 0.105727 0.779736 0.118943 0.779736 0.127753 0.792952 0.140969 0.797357 0.140969 0.801762 0.145374 0.810573 0.136564 0.801762 0.127753 0.801762 0.123348 0.797357 0.118943 0.797357 0.110132
0 0.035242 0.101322 0.026432 0.110132 0.026432 0.114537 0.030837 0.118943 0.035242 0.118943 0.044053 0.127753 0.044053 0.136564 0.039648 0.140969 0.039648 0.154185 0.044053 0.158590 0.044053 0.162996 0.052863 0.171806 0.057269 0.167401 0.057269 0.162996 0.061674 0.158590 0.061674 0.136564 0.083700 0.114537 0.079295 0.110132 0.074890 0.110132 0.070485 0.114537 0.070485 0.118943 0.066079 0.123348 0.061674 0.123348 0.057269 0.127753 0.052863 0.123348 0.048458 0.123348 0.044053 0.118943 0.044053 0.110132
0 0.696035 0.083700 0.691630 0.088106 0.691630 0.092511 0.687225 0.096916 0.687225 0.101322 0.682819 0.105727 0.682819 0.114537 0.687225 0.118943 0.696035 0.118943 0.700441 0.123348 0.704846 0.123348 0.709251 0.127753 0.709251 0.140969 0.718062 0.149780 0.722467 0.145374 0.722467 0.136564 0.726872 0.132159 0.722467 0.127753 0.718062 0.127753 0.713656 0.123348 0.709251 0.123348 0.704846 0.118943 0.704846 0.088106 0.700441 0.083700
0 0.859031 0.074890 0.854626 0.079295 0.850220 0.079295 0.845815 0.083700 0.859031 0.096916 0.859031 0.101322 0.867841 0.110132 0.872247 0.105727 0.872247 0.101322 0.876652 0.096916 0.881057 0.096916 0.876652 0.096916 0.872247 0.092511 0.872247 0.088106
0 0.651982 0.074890 0.638767 0.088106 0.638767 0.096916 0.643172 0.101322 0.643172 0.110132 0.638767 0.114537 0.634361 0.114537 0.629956 0.118943 0.625551 0.118943 0.621145 0.123348 0.607930 0.123348 0.603524 0.127753 0.599119 0.127753 0.590308 0.136564 0.594714 0.140969 0.607930 0.140969 0.612335 0.136564 0.625551 0.136564 0.634361 0.127753 0.638767 0.127753 0.656388 0.110132 0.656388 0.079295
0 0.074890 0.070485 0.066079 0.061674 0.061674 0.061674 0.052863 0.070485 0.048458 0.070485 0.044053 0.074890 0.030837 0.074890 0.026432 0.070485 0.022026 0.074890 0.026432 0.079295 0.030837 0.079295 0.035242 0.083700 0.039648 0.083700 0.044053 0.079295 0.070485 0.079295 0.074890 0.074890
0 0.158590 0.052863 0.149780 0.052863 0.140969 0.061674 0.140969 0.066079 0.132159 0.074890 0.132159 0.088106 0.127753 0.092511 0.127753 0.101322 0.136564 0.110132 0.136564 0.114537 0.140969 0.118943 0.145374 0.114537 0.145374 0.088106 0.162996 0.070485 0.162996 0.057269
0 0.713656 0.048458 0.704846 0.057269 0.704846 0.061674 0.709251 0.066079 0.713656 0.061674 0.718062 0.061674 0.722467 0.057269 0.726872 0.061674 0.731278 0.061674 0.740088 0.070485 0.744493 0.070485 0.748899 0.074890 0.748899 0.088106 0.735683 0.101322 0.735683 0.105727 0.744493 0.114537 0.757709 0.101322 0.757709 0.096916 0.762115 0.092511 0.753304 0.083700 0.753304 0.074890 0.762115 0.066079 0.748899 0.052863 0.740088 0.052863 0.735683 0.057269 0.726872 0.057269 0.722467 0.052863 0.718062 0.052863
0 0.643172 0.039648 0.638767 0.035242 0.634361 0.039648 0.629956 0.039648 0.625551 0.044053 0.603524 0.044053 0.599119 0.048458 0.599119 0.052863 0.603524 0.057269 0.612335 0.057269 0.616740 0.052863 0.621145 0.057269 0.625551 0.052863 0.629956 0.052863 0.634361 0.057269 0.638767 0.052863 0.638767 0.044053
0 0.519824 0.022026 0.515419 0.022026 0.511013 0.026432 0.506608 0.026432 0.502203 0.030837 0.502203 0.048458 0.511013 0.057269 0.524229 0.044053 0.524229 0.026432
0 0.207048 0.017621 0.202643 0.022026 0.202643 0.026432 0.198238 0.030837 0.198238 0.039648 0.215859 0.057269 0.215859 0.061674 0.224670 0.070485 0.229075 0.070485 0.237885 0.061674 0.237885 0.057269 0.220264 0.039648 0.220264 0.030837
0 0.392070 0.017621 0.387665 0.013216 0.378855 0.013216 0.374449 0.008811 0.365639 0.017621 0.365639 0.030837 0.356828 0.039648 0.352423 0.039648 0.348018 0.044053 0.343612 0.044053 0.339207 0.048458 0.330396 0.048458 0.325991 0.052863 0.321586 0.052863 0.317181 0.057269 0.312775 0.057269 0.303965 0.066079 0.303965 0.088106 0.299559 0.092511 0.295154 0.092511 0.290749 0.096916 0.286344 0.096916 0.281938 0.101322 0.281938 0.105727 0.286344 0.110132 0.290749 0.110132 0.295154 0.105727 0.295154 0.101322 0.299559 0.096916 0.299559 0.092511 0.303965 0.088106 0.308370 0.088106 0.312775 0.083700 0.317181 0.083700 0.321586 0.079295 0.325991 0.079295 0.330396 0.074890 0.330396 0.070485 0.343612 0.057269 0.348018 0.057269 0.352423 0.052863 0.361233 0.052863 0.365639 0.048458 0.365639 0.035242 0.370044 0.030837 0.374449 0.030837 0.378855 0.026432 0.383260 0.026432
0 0.881057 0.000000 0.872247 0.000000 0.872247 0.004405 0.854626 0.022026 0.850220 0.022026 0.845815 0.026432 0.854626 0.035242 0.876652 0.035242 0.885463 0.026432 0.885463 0.017621 0.881057 0.013216
