0 0.370044 0.938326 0.361233 0.947137 0.361233 0.955947 0.365639 0.960352 0.365639 0.964758 0.374449 0.973568 0.378855 0.973568 0.383260 0.977974 0.387665 0.973568 0.392070 0.977974 0.396476 0.977974 0.400881 0.982379 0.400881 0.986784 0.405286 0.991189 0.405286 0.995595 0.418502 0.995595 0.418502 0.986784 0.414097 0.982379 0.414097 0.977974 0.409692 0.973568 0.405286 0.973568
0 0.193833 0.942731 0.198238 0.947137 0.202643 0.947137 0.207048 0.951542 0.211454 0.951542 0.215859 0.955947 0.215859 0.960352 0.229075 0.973568 0.233480 0.973568 0.237885 0.977974 0.242291 0.977974 0.246696 0.982379 0.246696 0.995595 0.259912 0.995595 0.255507 0.991189 0.255507 0.986784 0.251101 0.982379 0.246696 0.982379 0.237885 0.973568 0.237885 0.969163 0.233480 0.964758 0.233480 0.960352 0.224670 0.951542 0.220264 0.951542 0.215859 0.947137 0.211454 0.947137 0.207048 0.942731 0.202643 0.942731 0.198238 0.938326
0 0.528634 0.933921 0.524229 0.938326 0.524229 0.947137 0.528634 0.951542 0.528634 0.960352 0.533040 0.964758 0.537445 0.964758 0.541850 0.969163 0.546256 0.964758 0.546256 0.947137 0.533040 0.933921
0 0.017621 0.933921 0.013216 0.938326 0.013216 0.969163 0.022026 0.977974 0.026432 0.973568 0.030837 0.973568 0.035242 0.969163 0.035242 0.951542 0.030837 0.947137 0.030837 0.942731 0.022026 0.933921
0 0.621145 0.929515 0.625551 0.933921 0.629956 0.933921 0.638767 0.942731 0.643172 0.942731 0.656388 0.955947 0.665198 0.955947 0.669604 0.960352 0.674009 0.960352 0.678414 0.955947 0.682819 0.955947 0.687225 0.951542 0.674009 0.938326 0.660793 0.938326 0.656388 0.933921 0.638767 0.933921 0.634361 0.929515 0.629956 0.929515 0.625551 0.925110
0 0.718062 0.916300 0.713656 0.920705 0.713656 0.929515 0.718062 0.933921 0.718062 0.951542 0.726872 0.960352 0.731278 0.960352 0.735683 0.955947 0.735683 0.947137 0.726872 0.938326 0.726872 0.929515 0.722467 0.925110 0.722467 0.920705
0 0.458150 0.894273 0.449339 0.903084 0.449339 0.911894 0.458150 0.920705 0.458150 0.925110 0.466960 0.933921 0.471366 0.933921 0.475771 0.929515 0.475771 0.903084 0.466960 0.894273
0 0.374449 0.885463 0.370044 0.889868 0.378855 0.898678 0.378855 0.907489 0.387665 0.916300 0.392070 0.916300 0.405286 0.929515 0.405286 0.933921 0.414097 0.942731 0.418502 0.942731 0.427313 0.933921 0.422908 0.929515 0.422908 0.920705 0.418502 0.916300 0.409692 0.916300 0.405286 0.911894 0.400881 0.911894
0 0.506608 0.876652 0.502203 0.881057 0.506608 0.885463 0.506608 0.898678 0.511013 0.903084 0.511013 0.907489 0.515419 0.911894 0.519824 0.911894 0.524229 0.907489 0.524229 0.903084 0.528634 0.898678 0.528634 0.894273 0.524229 0.889868 0.524229 0.885463 0.519824 0.881057 0.515419 0.881057 0.511013 0.876652
0 0.537445 0.859031 0.533040 0.863436 0.537445 0.867841 0.537445 0.872247 0.541850 0.872247 0.546256 0.876652 0.550661 0.876652 0.572687 0.898678 0.572687 0.903084 0.581498 0.911894 0.581498 0.920705 0.585903 0.925110 0.585903 0.929515 0.590308 0.933921 0.594714 0.929515 0.594714 0.925110 0.590308 0.920705 0.590308 0.907489 0.585903 0.903084 0.585903 0.894273 0.590308 0.889868 0.594714 0.889868 0.599119 0.885463 0.594714 0.881057 0.590308 0.885463 0.585903 0.885463 0.581498 0.889868 0.577093 0.885463 0.572687 0.885463 0.555066 0.867841 0.550661 0.867841 0.541850 0.859031
0 0.136564 0.828194 0.118943 0.828194 0.101322 0.845815 0.101322 0.859031 0.105727 0.863436 0.105727 0.894273 0.101322 0.898678 0.096916 0.898678 0.092511 0.903084 0.092511 0.929515 0.088106 0.933921 0.088106 0.938326 0.083700 0.942731 0.083700 0.947137 0.092511 0.955947 0.110132 0.938326 0.110132 0.911894 0.114537 0.907489 0.114537 0.903084 0.123348 0.894273 0.123348 0.850220 0.127753 0.845815 0.132159 0.845815 0.136564 0.841410 0.140969 0.841410 0.145374 0.837004
0 0.903084 0.832599 0.907489 0.832599 0.916300 0.841410 0.916300 0.845815 0.920705 0.850220 0.920705 0.854626 0.947137 0.881057 0.955947 0.881057 0.960352 0.885463 0.969163 0.885463 0.973568 0.881057 0.973568 0.872247 0.969163 0.872247 0.947137 0.850220 0.947137 0.845815 0.938326 0.837004 0.938326 0.832599 0.929515 0.823789 0.916300 0.823789 0.907489 0.832599
0 0.607930 0.801762 0.607930 0.806167 0.612335 0.810573 0.612335 0.814978 0.629956 0.832599 0.656388 0.832599 0.660793 0.837004 0.665198 0.832599 0.629956 0.797357 0.612335 0.797357
0 0.533040 0.766520 0.537445 0.770925 0.541850 0.770925 0.550661 0.779736 0.550661 0.784141 0.555066 0.788546 0.559471 0.788546 0.563877 0.792952 0.572687 0.792952 0.577093 0.788546 0.577093 0.784141 0.568282 0.775330 0.563877 0.775330 0.550661 0.762115 0.537445 0.762115
0 0.180617 0.753304 0.176211 0.757709 0.176211 0.788546 0.189427 0.801762 0.193833 0.801762 0.211454 0.819383 0.215859 0.819383 0.224670 0.828194 0.224670 0.832599 0.229075 0.837004 0.233480 0.837004 0.233480 0.828194 0.229075 0.823789 0.224670 0.823789 0.211454 0.810573 0.211454 0.792952 0.193833 0.775330 0.193833 0.770925 0.189427 0.766520 0.189427 0.762115
0 0.370044 0.748899 0.365639 0.753304 0.365639 0.757709 0.370044 0.762115 0.370044 0.766520 0.374449 0.770925 0.374449 0.775330 0.396476 0.797357 0.396476 0.801762 0.400881 0.806167 0.400881 0.810573 0.405286 0.814978 0.405286 0.823789 0.409692 0.828194 0.409692 0.845815 0.418502 0.854626 0.427313 0.854626 0.431718 0.850220 0.431718 0.841410 0.427313 0.837004 0.427313 0.819383 0.418502 0.810573 0.418502 0.801762 0.400881 0.784141 0.400881 0.779736 0.383260 0.762115 0.383260 0.757709 0.374449 0.748899
0 0.753304 0.726872 0.757709 0.731278 0.762115 0.731278 0.770925 0.740088 0.775330 0.735683 0.779736 0.735683 0.784141 0.740088 0.788546 0.740088 0.797357 0.748899 0.797357 0.757709 0.801762 0.762115 0.801762 0.784141 0.810573 0.792952 0.814978 0.792952 0.823789 0.801762 0.823789 0.814978 0.828194 0.819383 0.828194 0.828194 0.832599 0.832599 0.837004 0.832599 0.841410 0.837004 0.854626 0.837004 0.859031 0.841410 0.867841 0.841410 0.872247 0.845815 0.876652 0.845815 0.889868 0.832599 0.894273 0.832599 0.889868 0.832599 0.881057 0.823789 0.854626 0.823789 0.850220 0.819383 0.845815 0.819383 0.841410 0.814978 0.841410 0.810573 0.832599 0.801762 0.828194 0.801762 0.819383 0.792952 0.819383 0.748899 0.797357 0.726872 0.792952 0.726872 0.788546 0.731278 0.779736 0.731278 0.775330 0.726872 0.770925 0.726872 0.766520 0.722467 0.757709 0.722467
0 0.237885 0.722467 0.233480 0.726872 0.233480 0.757709 0.242291 0.766520 0.242291 0.770925 0.255507 0.784141 0.255507 0.788546 0.264317 0.797357 0.264317 0.801762 0.281938 0.819383 0.281938 0.823789 0.290749 0.832599 0.295154 0.832599 0.299559 0.837004 0.303965 0.832599 0.303965 0.828194 0.308370 0.823789 0.308370 0.819383 0.299559 0.810573 0.295154 0.810573 0.290749 0.806167 0.290749 0.801762 0.281938 0.792952 0.281938 0.788546 0.277533 0.784141 0.277533 0.775330 0.273128 0.770925 0.273128 0.766520 0.268722 0.762115 0.264317 0.762115 0.259912 0.757709 0.255507 0.757709 0.242291 0.744493 0.242291 0.726872
0 0.088106 0.713656 0.079295 0.722467 0.088106 0.731278 0.088106 0.735683 0.096916 0.744493 0.096916 0.779736 0.114537 0.797357 0.123348 0.788546 0.123348 0.779736 0.118943 0.775330 0.118943 0.766520 0.114537 0.762115 0.114537 0.748899 0.110132 0.744493 0.110132 0.735683 0.101322 0.726872 0.101322 0.718062 0.096916 0.713656
0 0.955947 0.709251 0.951542 0.713656 0.925110 0.713656 0.920705 0.718062 0.920705 0.722467 0.929515 0.731278 0.929515 0.748899 0.920705 0.757709 0.920705 0.766520 0.925110 0.770925 0.925110 0.775330 0.938326 0.788546 0.947137 0.779736 0.942731 0.775330 0.942731 0.731278 0.947137 0.726872 0.951542 0.726872 0.955947 0.722467 0.960352 0.726872 0.964758 0.722467 0.964758 0.718062
0 0.000000 0.709251 0.000000 0.731278 0.004405 0.735683 0.008811 0.735683 0.022026 0.748899 0.022026 0.753304 0.026432 0.757709 0.026432 0.762115 0.030837 0.766520 0.030837 0.770925 0.057269 0.797357 0.066079 0.788546 0.066079 0.779736 0.039648 0.753304 0.039648 0.731278 0.035242 0.726872 0.030837 0.731278 0.026432 0.731278 0.022026 0.726872 0.017621 0.726872 0.013216 0.722467 0.013216 0.718062 0.004405 0.709251
0 0.286344 0.704846 0.281938 0.709251 0.281938 0.722467 0.295154 0.735683 0.295154 0.740088 0.303965 0.748899 0.303965 0.757709 0.308370 0.762115 0.308370 0.766520 0.312775 0.770925 0.312775 0.775330 0.317181 0.779736 0.321586 0.779736 0.325991 0.784141 0.330396 0.784141 0.330396 0.779736 0.334802 0.775330 0.330396 0.770925 0.330396 0.766520 0.325991 0.762115 0.325991 0.757709 0.308370 0.740088 0.308370 0.722467 0.290749 0.704846
0 0.229075 0.669604 0.220264 0.669604 0.215859 0.674009 0.215859 0.700441 0.220264 0.704846 0.224670 0.704846 0.229075 0.700441 0.229075 0.691630 0.233480 0.687225 0.233480 0.674009
0 0.092511 0.651982 0.088106 0.656388 0.088106 0.660793 0.092511 0.665198 0.092511 0.674009 0.101322 0.682819 0.101322 0.687225 0.114537 0.700441 0.118943 0.700441 0.123348 0.696035 0.123348 0.682819 0.118943 0.678414 0.118943 0.674009 0.110132 0.665198 0.110132 0.660793 0.101322 0.651982
0 0.176211 0.599119 0.171806 0.603524 0.171806 0.612335 0.176211 0.616740 0.176211 0.621145 0.180617 0.625551 0.180617 0.629956 0.193833 0.643172 0.193833 0.647577 0.198238 0.651982 0.202643 0.651982 0.207048 0.647577 0.202643 0.643172 0.202643 0.634361 0.198238 0.629956 0.198238 0.625551 0.193833 0.621145 0.193833 0.616740 0.185022 0.607930 0.185022 0.603524 0.180617 0.599119
0 0.110132 0.590308 0.105727 0.594714 0.105727 0.599119 0.110132 0.603524 0.110132 0.621145 0.105727 0.625551 0.110132 0.629956 0.114537 0.629956 0.123348 0.621145 0.123348 0.603524 0.118943 0.599119 0.118943 0.594714 0.114537 0.590308
0 0.718062 0.581498 0.709251 0.590308 0.709251 0.594714 0.713656 0.599119 0.713656 0.607930 0.704846 0.616740 0.704846 0.629956 0.700441 0.634361 0.700441 0.682819 0.696035 0.687225 0.700441 0.691630 0.700441 0.700441 0.704846 0.704846 0.709251 0.700441 0.713656 0.700441 0.718062 0.696035 0.718062 0.687225 0.722467 0.682819 0.718062 0.678414 0.718062 0.634361 0.722467 0.629956 0.722467 0.607930 0.726872 0.603524 0.726872 0.590308
0 0.000000 0.577093 0.000000 0.594714 0.004405 0.594714 0.008811 0.590308 0.035242 0.590308 0.039648 0.594714 0.044053 0.594714 0.048458 0.599119 0.052863 0.599119 0.061674 0.590308 0.061674 0.585903 0.052863 0.577093 0.030837 0.577093 0.026432 0.581498 0.013216 0.581498 0.008811 0.577093
0 0.259912 0.577093 0.259912 0.581498 0.273128 0.594714 0.277533 0.594714 0.281938 0.599119 0.286344 0.599119 0.290749 0.603524 0.295154 0.603524 0.303965 0.612335 0.308370 0.612335 0.321586 0.625551 0.321586 0.629956 0.330396 0.638767 0.330396 0.643172 0.348018 0.660793 0.352423 0.660793 0.361233 0.669604 0.365639 0.669604 0.378855 0.682819 0.383260 0.682819 0.392070 0.691630 0.396476 0.691630 0.400881 0.696035 0.409692 0.696035 0.414097 0.700441 0.418502 0.700441 0.436123 0.718062 0.440529 0.718062 0.449339 0.726872 0.458150 0.726872 0.462555 0.722467 0.462555 0.709251 0.471366 0.700441 0.466960 0.696035 0.462555 0.696035 0.449339 0.687225 0.440529 0.687225 0.436123 0.682819 0.431718 0.682819 0.422908 0.674009 0.418502 0.674009 0.405286 0.682819 0.400881 0.682819 0.396476 0.678414 0.392070 0.678414 0.383260 0.669604 0.383260 0.660793 0.387665 0.656388 0.374449 0.643172 0.370044 0.643172 0.361233 0.634361 0.361233 0.625551 0.352423 0.616740 0.348018 0.616740 0.343612 0.612335 0.339207 0.612335 0.330396 0.599119 0.317181 0.607930 0.312775 0.603524 0.308370 0.603524 0.299559 0.594714 0.295154 0.594714 0.290749 0.590308 0.290749 0.577093 0.303965 0.568282 0.303965 0.563877 0.299559 0.559471 0.295154 0.563877 0.290749 0.559471 0.286344 0.563877 0.286344 0.568282 0.273128 0.577093 0.268722 0.577093 0.264317 0.572687
0 0.581498 0.519824 0.577093 0.524229 0.603524 0.550661 0.603524 0.555066 0.607930 0.559471 0.607930 0.572687 0.612335 0.577093 0.612335 0.585903 0.625551 0.599119 0.638767 0.585903 0.629956 0.577093 0.629956 0.572687 0.625551 0.568282 0.625551 0.555066 0.621145 0.550661 0.621145 0.546256 0.616740 0.541850 0.616740 0.537445 0.612335 0.533040 0.607930 0.533040 0.603524 0.528634 0.599119 0.528634 0.594714 0.524229 0.590308 0.524229 0.585903 0.519824
0 0.894273 0.497797 0.889868 0.502203 0.894273 0.506608 0.894273 0.524229 0.898678 0.528634 0.898678 0.533040 0.916300 0.550661 0.916300 0.555066 0.925110 0.563877 0.925110 0.568282 0.929515 0.572687 0.929515 0.577093 0.938326 0.585903 0.942731 0.585903 0.951542 0.594714 0.955947 0.594714 0.960352 0.599119 0.960352 0.638767 0.964758 0.643172 0.969163 0.638767 0.969163 0.634361 0.982379 0.621145 0.986784 0.621145 0.991189 0.616740 0.995595 0.616740 0.995595 0.607930 0.986784 0.607930 0.982379 0.603524 0.977974 0.603524 0.964758 0.590308 0.964758 0.585903 0.955947 0.577093 0.955947 0.572687 0.942731 0.559471 0.942731 0.555066 0.938326 0.550661 0.938326 0.546256 0.920705 0.528634 0.920705 0.524229 0.916300 0.519824 0.916300 0.515419 0.903084 0.502203 0.898678 0.502203
0 0.070485 0.436123 0.074890 0.440529 0.074890 0.453745 0.079295 0.458150 0.083700 0.458150 0.092511 0.466960 0.105727 0.466960 0.110132 0.471366 0.123348 0.471366 0.127753 0.475771 0.145374 0.475771 0.149780 0.480176 0.154185 0.480176 0.158590 0.484582 0.158590 0.488987 0.162996 0.493392 0.162996 0.497797 0.167401 0.502203 0.171806 0.502203 0.180617 0.511013 0.185022 0.511013 0.189427 0.515419 0.193833 0.515419 0.202643 0.524229 0.202643 0.533040 0.207048 0.537445 0.215859 0.528634 0.220264 0.528634 0.224670 0.524229 0.224670 0.519824 0.211454 0.506608 0.211454 0.493392 0.207048 0.488987 0.207048 0.484582 0.202643 0.480176 0.185022 0.480176 0.180617 0.475771 0.176211 0.475771 0.162996 0.462555 0.158590 0.462555 0.149780 0.453745 0.136564 0.453745 0.132159 0.458150 0.118943 0.458150 0.114537 0.453745 0.110132 0.453745 0.105727 0.449339 0.101322 0.449339 0.092511 0.440529 0.088106 0.440529 0.083700 0.436123 0.079295 0.436123 0.074890 0.431718
0 0.775330 0.427313 0.770925 0.431718 0.770925 0.440529 0.775330 0.444934 0.779736 0.444934 0.784141 0.449339 0.788546 0.449339 0.792952 0.453745 0.792952 0.471366 0.801762 0.480176 0.801762 0.484582 0.819383 0.502203 0.828194 0.502203 0.832599 0.497797 0.832599 0.493392 0.828194 0.488987 0.828194 0.484582 0.823789 0.480176 0.823789 0.475771 0.814978 0.466960 0.814978 0.462555 0.810573 0.458150 0.806167 0.458150 0.801762 0.453745 0.797357 0.453745 0.792952 0.449339 0.792952 0.444934 0.788546 0.440529 0.788546 0.431718 0.784141 0.427313
0 0.616740 0.409692 0.612335 0.414097 0.612335 0.418502 0.607930 0.422908 0.612335 0.427313 0.612335 0.431718 0.621145 0.440529 0.621145 0.444934 0.625551 0.449339 0.625551 0.453745 0.629956 0.458150 0.629956 0.462555 0.634361 0.466960 0.634361 0.488987 0.643172 0.497797 0.656388 0.484582 0.656388 0.480176 0.651982 0.475771 0.651982 0.453745 0.647577 0.449339 0.647577 0.440529 0.638767 0.431718 0.638767 0.427313 0.634361 0.422908 0.634361 0.418502 0.625551 0.409692
0 0.718062 0.400881 0.713656 0.405286 0.713656 0.431718 0.718062 0.436123 0.718062 0.444934 0.722467 0.449339 0.722467 0.471366 0.740088 0.488987 0.740088 0.497797 0.757709 0.515419 0.766520 0.506608 0.762115 0.502203 0.762115 0.497797 0.753304 0.488987 0.748899 0.488987 0.740088 0.480176 0.740088 0.453745 0.735683 0.449339 0.735683 0.409692 0.731278 0.405286 0.726872 0.405286 0.722467 0.400881
0 0.436123 0.383260 0.431718 0.387665 0.431718 0.405286 0.436123 0.409692 0.436123 0.418502 0.449339 0.431718 0.449339 0.436123 0.462555 0.449339 0.466960 0.449339 0.471366 0.453745 0.475771 0.453745 0.488987 0.466960 0.488987 0.471366 0.497797 0.480176 0.497797 0.484582 0.502203 0.488987 0.511013 0.488987 0.515419 0.484582 0.511013 0.480176 0.511013 0.475771 0.497797 0.462555 0.497797 0.453745 0.493392 0.449339 0.488987 0.449339 0.484582 0.444934 0.480176 0.444934 0.471366 0.436123 0.471366 0.427313 0.462555 0.418502 0.462555 0.409692 0.458150 0.405286 0.458150 0.400881 0.453745 0.396476 0.453745 0.392070 0.444934 0.383260
0 0.339207 0.383260 0.339207 0.396476 0.387665 0.444934 0.378855 0.466960 0.392070 0.480176 0.409692 0.480176 0.466960 0.533040 0.475771 0.563877 0.502203 0.599119 0.502203 0.607930 0.480176 0.621145 0.484582 0.634361 0.493392 0.638767 0.515419 0.616740 0.559471 0.629956 0.577093 0.647577 0.572687 0.669604 0.625551 0.718062 0.634361 0.740088 0.687225 0.766520 0.691630 0.788546 0.722467 0.775330 0.762115 0.801762 0.762115 0.810573 0.748899 0.819383 0.718062 0.801762 0.687225 0.828194 0.722467 0.850220 0.766520 0.859031 0.788546 0.898678 0.854626 0.920705 0.845815 0.973568 0.832599 0.982379 0.797357 0.977974 0.788546 0.986784 0.792952 0.995595 0.885463 0.995595 0.903084 0.977974 0.929515 0.986784 0.929515 0.973568 0.898678 0.973568 0.863436 0.960352 0.867841 0.938326 0.876652 0.933921 0.898678 0.947137 0.903084 0.933921 0.929515 0.916300 0.894273 0.916300 0.828194 0.876652 0.814978 0.850220 0.744493 0.770925 0.700441 0.753304 0.656388 0.709251 0.634361 0.678414 0.634361 0.669604 0.647577 0.660793 0.651982 0.665198 0.656388 0.651982 0.629956 0.612335 0.625551 0.651982 0.612335 0.660793 0.546256 0.607930 0.533040 0.612335 0.515419 0.603524 0.484582 0.559471 0.475771 0.528634 0.414097 0.471366 0.387665 0.427313
0 0.841410 0.361233 0.841410 0.370044 0.845815 0.374449 0.845815 0.383260 0.867841 0.405286 0.872247 0.400881 0.867841 0.396476 0.867841 0.392070 0.863436 0.387665 0.863436 0.383260 0.859031 0.378855 0.859031 0.374449 0.845815 0.361233
0 0.127753 0.356828 0.123348 0.361233 0.118943 0.356828 0.110132 0.365639 0.105727 0.365639 0.101322 0.370044 0.101322 0.374449 0.105727 0.378855 0.114537 0.378855 0.118943 0.383260 0.123348 0.383260 0.127753 0.378855 0.127753 0.374449 0.132159 0.370044 0.132159 0.361233
0 0.493392 0.348018 0.488987 0.352423 0.488987 0.361233 0.502203 0.374449 0.511013 0.374449 0.515419 0.378855 0.519824 0.378855 0.524229 0.374449 0.519824 0.370044 0.515419 0.370044 0.511013 0.365639 0.511013 0.361233 0.506608 0.356828 0.506608 0.352423 0.502203 0.348018
0 0.929515 0.339207 0.916300 0.352423 0.916300 0.361233 0.911894 0.365639 0.911894 0.374449 0.916300 0.378855 0.920705 0.378855 0.933921 0.365639 0.933921 0.361233 0.938326 0.356828 0.938326 0.348018
0 0.638767 0.339207 0.634361 0.343612 0.643172 0.352423 0.643172 0.378855 0.638767 0.383260 0.638767 0.387665 0.647577 0.396476 0.651982 0.392070 0.656388 0.392070 0.660793 0.387665 0.660793 0.365639 0.643172 0.348018 0.643172 0.343612
0 0.814978 0.312775 0.810573 0.317181 0.810573 0.321586 0.814978 0.325991 0.814978 0.330396 0.819383 0.334802 0.819383 0.339207 0.828194 0.348018 0.832599 0.348018 0.837004 0.352423 0.837004 0.348018 0.841410 0.343612 0.841410 0.339207 0.837004 0.334802 0.837004 0.330396 0.819383 0.312775
0 0.964758 0.295154 0.960352 0.299559 0.960352 0.312775 0.973568 0.325991 0.977974 0.325991 0.995595 0.343612 0.995595 0.325991 0.991189 0.321586 0.986784 0.321586 0.982379 0.317181 0.982379 0.308370 0.977974 0.303965 0.977974 0.299559 0.973568 0.295154
0 0.251101 0.290749 0.246696 0.295154 0.246696 0.299559 0.242291 0.303965 0.251101 0.312775 0.255507 0.312775 0.259912 0.317181 0.268722 0.317181 0.273128 0.321586 0.277533 0.321586 0.281938 0.317181 0.281938 0.312775 0.286344 0.308370 0.286344 0.303965 0.281938 0.299559 0.268722 0.299559 0.264317 0.295154 0.259912 0.295154 0.255507 0.290749
0 0.475771 0.286344 0.471366 0.290749 0.466960 0.290749 0.462555 0.295154 0.466960 0.299559 0.471366 0.299559 0.475771 0.303965 0.480176 0.303965 0.484582 0.308370 0.484582 0.321586 0.488987 0.325991 0.502203 0.312775 0.493392 0.303965 0.493392 0.295154 0.484582 0.286344
0 0.709251 0.277533 0.704846 0.281938 0.704846 0.299559 0.709251 0.303965 0.709251 0.312775 0.713656 0.317181 0.718062 0.317181 0.731278 0.330396 0.731278 0.334802 0.744493 0.348018 0.753304 0.348018 0.757709 0.352423 0.762115 0.352423 0.766520 0.356828 0.766520 0.374449 0.837004 0.444934 0.841410 0.444934 0.854626 0.458150 0.854626 0.462555 0.863436 0.471366 0.863436 0.475771 0.872247 0.484582 0.876652 0.484582 0.881057 0.480176 0.881057 0.471366 0.876652 0.466960 0.876652 0.462555 0.850220 0.436123 0.850220 0.431718 0.845815 0.427313 0.841410 0.427313 0.837004 0.422908 0.832599 0.422908 0.819383 0.409692 0.819383 0.405286 0.814978 0.400881 0.814978 0.396476 0.810573 0.392070 0.810573 0.387665 0.797357 0.374449 0.792952 0.374449 0.788546 0.370044 0.784141 0.370044 0.779736 0.365639 0.779736 0.361233 0.775330 0.356828 0.770925 0.356828 0.766520 0.352423 0.766520 0.343612 0.762115 0.339207 0.762115 0.334802 0.757709 0.330396 0.753304 0.330396 0.740088 0.317181 0.740088 0.312775 0.722467 0.295154 0.722467 0.286344 0.713656 0.277533
0 0.638767 0.264317 0.634361 0.268722 0.638767 0.273128 0.638767 0.277533 0.647577 0.286344 0.647577 0.290749 0.651982 0.295154 0.651982 0.303965 0.647577 0.308370 0.651982 0.308370 0.656388 0.312775 0.660793 0.308370 0.660793 0.281938 0.651982 0.273128 0.651982 0.268722 0.647577 0.264317
0 0.519824 0.259912 0.515419 0.264317 0.519824 0.268722 0.519824 0.273128 0.528634 0.281938 0.528634 0.308370 0.546256 0.325991 0.555066 0.325991 0.559471 0.321586 0.559471 0.317181 0.550661 0.308370 0.550661 0.299559 0.537445 0.286344 0.533040 0.286344 0.528634 0.281938 0.528634 0.273128 0.524229 0.268722 0.524229 0.264317
0 0.810573 0.233480 0.806167 0.237885 0.806167 0.264317 0.814978 0.273128 0.823789 0.273128 0.828194 0.268722 0.828194 0.251101 0.819383 0.242291 0.819383 0.237885 0.814978 0.233480
0 0.017621 0.237885 0.017621 0.246696 0.026432 0.255507 0.026432 0.273128 0.022026 0.281938 0.000000 0.299559 0.000000 0.308370 0.004405 0.303965 0.017621 0.303965 0.022026 0.299559 0.044053 0.295154 0.092511 0.325991 0.127753 0.330396 0.185022 0.356828 0.189427 0.361233 0.189427 0.370044 0.167401 0.383260 0.176211 0.396476 0.176211 0.409692 0.198238 0.436123 0.207048 0.440529 0.220264 0.440529 0.224670 0.444934 0.237885 0.422908 0.246696 0.418502 0.259912 0.418502 0.273128 0.427313 0.273128 0.436123 0.264317 0.444934 0.290749 0.471366 0.299559 0.466960 0.299559 0.458150 0.286344 0.444934 0.286344 0.436123 0.290749 0.431718 0.303965 0.427313 0.325991 0.440529 0.334802 0.436123 0.317181 0.418502 0.312775 0.422908 0.299559 0.414097 0.286344 0.414097 0.264317 0.405286 0.259912 0.400881 0.259912 0.392070 0.264317 0.387665 0.264317 0.374449 0.259912 0.370044 0.246696 0.383260 0.255507 0.396476 0.255507 0.405286 0.251101 0.409692 0.237885 0.414097 0.220264 0.405286 0.207048 0.392070 0.202643 0.361233 0.185022 0.343612 0.176211 0.343612 0.140969 0.325991 0.110132 0.321586 0.079295 0.308370 0.074890 0.303965 0.074890 0.295154 0.088106 0.286344 0.088106 0.268722 0.079295 0.264317 0.057269 0.281938 0.044053 0.273128 0.044053 0.242291 0.030837 0.229075
0 0.185022 0.202643 0.180617 0.207048 0.180617 0.215859 0.189427 0.224670 0.193833 0.224670 0.198238 0.229075 0.207048 0.220264 0.207048 0.211454 0.198238 0.202643
0 0.920705 0.171806 0.916300 0.176211 0.933921 0.193833 0.933921 0.211454 0.942731 0.220264 0.951542 0.220264 0.955947 0.215859 0.955947 0.193833 0.947137 0.185022 0.942731 0.185022 0.938326 0.180617 0.933921 0.180617 0.925110 0.171806
0 0.837004 0.171806 0.828194 0.180617 0.828194 0.193833 0.832599 0.198238 0.837004 0.198238 0.841410 0.202643 0.845815 0.202643 0.872247 0.229075 0.876652 0.229075 0.881057 0.224670 0.881057 0.220264 0.863436 0.202643 0.859031 0.202643 0.854626 0.198238 0.854626 0.193833 0.850220 0.189427 0.850220 0.180617 0.841410 0.171806
0 0.634361 0.167401 0.629956 0.171806 0.629956 0.176211 0.638767 0.185022 0.638767 0.193833 0.651982 0.207048 0.656388 0.207048 0.665198 0.215859 0.665198 0.220264 0.669604 0.224670 0.669604 0.237885 0.674009 0.242291 0.674009 0.251101 0.687225 0.264317 0.691630 0.259912 0.691630 0.237885 0.687225 0.233480 0.687225 0.220264 0.682819 0.215859 0.682819 0.211454 0.643172 0.171806 0.638767 0.171806
0 0.533040 0.167401 0.541850 0.176211 0.546256 0.176211 0.550661 0.180617 0.555066 0.180617 0.559471 0.185022 0.563877 0.185022 0.572687 0.193833 0.572687 0.198238 0.577093 0.202643 0.577093 0.211454 0.585903 0.220264 0.590308 0.220264 0.594714 0.215859 0.603524 0.215859 0.607930 0.220264 0.612335 0.220264 0.621145 0.229075 0.625551 0.224670 0.616740 0.215859 0.612335 0.220264 0.607930 0.220264 0.603524 0.215859 0.599119 0.215859 0.594714 0.211454 0.594714 0.202643 0.585903 0.193833 0.585903 0.189427 0.577093 0.180617 0.572687 0.180617 0.568282 0.176211 0.563877 0.176211 0.559471 0.171806 0.555066 0.171806 0.550661 0.167401 0.546256 0.167401 0.541850 0.162996 0.537445 0.162996
0 0.114537 0.154185 0.110132 0.158590 0.105727 0.158590 0.101322 0.162996 0.101322 0.189427 0.105727 0.193833 0.114537 0.193833 0.123348 0.185022 0.123348 0.167401 0.118943 0.162996 0.118943 0.158590
0 0.682819 0.145374 0.674009 0.154185 0.678414 0.158590 0.678414 0.162996 0.682819 0.167401 0.687225 0.167401 0.691630 0.171806 0.691630 0.176211 0.700441 0.185022 0.704846 0.185022 0.709251 0.180617 0.709251 0.176211 0.704846 0.171806 0.700441 0.171806 0.696035 0.167401 0.696035 0.162996 0.691630 0.158590 0.691630 0.154185
0 0.229075 0.140969 0.224670 0.145374 0.224670 0.149780 0.220264 0.154185 0.220264 0.158590 0.229075 0.167401 0.229075 0.171806 0.237885 0.180617 0.242291 0.180617 0.246696 0.185022 0.251101 0.185022 0.255507 0.189427 0.255507 0.198238 0.246696 0.207048 0.246696 0.211454 0.251101 0.215859 0.255507 0.211454 0.264317 0.211454 0.268722 0.207048 0.273128 0.211454 0.277533 0.211454 0.286344 0.220264 0.290749 0.215859 0.286344 0.211454 0.281938 0.215859 0.277533 0.211454 0.273128 0.211454 0.268722 0.207048 0.268722 0.202643 0.259912 0.193833 0.259912 0.176211 0.255507 0.171806 0.255507 0.167401 0.251101 0.162996 0.251101 0.158590 0.246696 0.154185 0.246696 0.149780 0.237885 0.140969
0 0.458150 0.136564 0.453745 0.140969 0.458150 0.145374 0.458150 0.162996 0.462555 0.167401 0.462555 0.171806 0.466960 0.176211 0.471366 0.176211 0.480176 0.185022 0.484582 0.180617 0.484582 0.167401 0.480176 0.162996 0.480176 0.158590 0.466960 0.145374 0.466960 0.140969 0.462555 0.136564
0 0.356828 0.123348 0.343612 0.136564 0.343612 0.140969 0.348018 0.145374 0.348018 0.154185 0.356828 0.162996 0.356828 0.167401 0.361233 0.171806 0.365639 0.171806 0.370044 0.176211 0.370044 0.180617 0.374449 0.185022 0.374449 0.189427 0.378855 0.193833 0.383260 0.193833 0.387665 0.198238 0.387665 0.207048 0.383260 0.211454 0.387665 0.215859 0.387665 0.220264 0.392070 0.224670 0.392070 0.268722 0.396476 0.273128 0.396476 0.295154 0.400881 0.299559 0.414097 0.299559 0.418502 0.295154 0.418502 0.281938 0.414097 0.277533 0.414097 0.268722 0.400881 0.255507 0.400881 0.237885 0.405286 0.233480 0.405286 0.202643 0.400881 0.198238 0.396476 0.198238 0.392070 0.193833 0.392070 0.180617 0.387665 0.176211 0.387665 0.171806 0.378855 0.162996 0.378855 0.158590 0.374449 0.154185 0.374449 0.145374 0.370044 0.140969 0.370044 0.132159 0.361233 0.123348
0 0.392070 0.118943 0.409692 0.136564 0.414097 0.136564 0.418502 0.140969 0.427313 0.140969 0.431718 0.136564 0.436123 0.136564 0.436123 0.132159 0.431718 0.127753 0.427313 0.127753 0.409692 0.110132 0.400881 0.110132
0 0.748899 0.105727 0.744493 0.110132 0.744493 0.114537 0.740088 0.118943 0.740088 0.127753 0.731278 0.136564 0.731278 0.145374 0.740088 0.154185 0.740088 0.158590 0.744493 0.162996 0.744493 0.167401 0.753304 0.176211 0.753304 0.180617 0.762115 0.189427 0.762115 0.193833 0.784141 0.215859 0.788546 0.211454 0.788546 0.207048 0.784141 0.202643 0.784141 0.185022 0.779736 0.180617 0.779736 0.176211 0.766520 0.162996 0.766520 0.158590 0.762115 0.154185 0.757709 0.154185 0.748899 0.145374 0.748899 0.140969 0.744493 0.136564 0.744493 0.123348 0.748899 0.118943 0.753304 0.118943 0.757709 0.114537
0 0.854626 0.101322 0.850220 0.105727 0.850220 0.110132 0.845815 0.114537 0.850220 0.118943 0.850220 0.127753 0.854626 0.132159 0.854626 0.145374 0.859031 0.149780 0.867841 0.149780 0.872247 0.154185 0.876652 0.154185 0.881057 0.158590 0.885463 0.158590 0.889868 0.154185 0.867841 0.132159 0.867841 0.127753 0.863436 0.123348 0.863436 0.105727 0.859031 0.101322
0 0.581498 0.074890 0.577093 0.079295 0.577093 0.083700 0.581498 0.088106 0.581498 0.092511 0.590308 0.101322 0.590308 0.114537 0.594714 0.118943 0.599119 0.118943 0.603524 0.114537 0.599119 0.110132 0.599119 0.092511 0.594714 0.088106 0.594714 0.079295 0.590308 0.074890
0 0.471366 0.074890 0.466960 0.079295 0.466960 0.092511 0.475771 0.101322 0.475771 0.110132 0.480176 0.114537 0.480176 0.118943 0.502203 0.140969 0.502203 0.145374 0.506608 0.149780 0.511013 0.149780 0.515419 0.145374 0.515419 0.132159 0.511013 0.127753 0.511013 0.123348 0.506608 0.118943 0.502203 0.118943 0.497797 0.114537 0.493392 0.114537 0.480176 0.101322 0.480176 0.092511 0.484582 0.088106
0 0.422908 0.061674 0.414097 0.070485 0.414097 0.074890 0.418502 0.079295 0.418502 0.083700 0.427313 0.092511 0.431718 0.092511 0.436123 0.088106 0.436123 0.070485 0.427313 0.061674
0 0.026432 0.061674 0.030837 0.066079 0.030837 0.070485 0.039648 0.079295 0.039648 0.083700 0.044053 0.088106 0.044053 0.092511 0.048458 0.096916 0.048458 0.101322 0.052863 0.105727 0.052863 0.110132 0.057269 0.114537 0.061674 0.114537 0.066079 0.118943 0.070485 0.118943 0.074890 0.123348 0.079295 0.118943 0.083700 0.118943 0.088106 0.114537 0.096916 0.114537 0.101322 0.118943 0.105727 0.114537 0.105727 0.105727 0.101322 0.101322 0.096916 0.101322 0.092511 0.105727 0.083700 0.105727 0.079295 0.101322 0.074890 0.101322 0.061674 0.088106 0.061674 0.083700 0.048458 0.070485 0.048458 0.066079 0.035242 0.052863
0 0.171806 0.048458 0.167401 0.052863 0.171806 0.057269 0.171806 0.061674 0.189427 0.079295 0.189427 0.083700 0.193833 0.088106 0.193833 0.092511 0.198238 0.096916 0.198238 0.110132 0.202643 0.114537 0.207048 0.114537 0.211454 0.110132 0.211454 0.079295 0.193833 0.061674 0.193833 0.057269 0.189427 0.052863 0.185022 0.052863 0.180617 0.048458
0 0.105727 0.030837 0.101322 0.035242 0.105727 0.039648 0.105727 0.044053 0.110132 0.048458 0.110132 0.052863 0.114537 0.057269 0.114537 0.061674 0.132159 0.079295 0.132159 0.083700 0.140969 0.092511 0.149780 0.092511 0.154185 0.088106 0.149780 0.083700 0.145374 0.083700 0.140969 0.079295 0.140969 0.074890 0.136564 0.070485 0.136564 0.066079 0.127753 0.057269 0.127753 0.052863
0 0.740088 0.026432 0.735683 0.030837 0.735683 0.048458 0.740088 0.052863 0.740088 0.061674 0.744493 0.066079 0.744493 0.070485 0.748899 0.074890 0.753304 0.074890 0.757709 0.079295 0.762115 0.079295 0.775330 0.092511 0.779736 0.092511 0.784141 0.088106 0.788546 0.088106 0.792952 0.092511 0.797357 0.092511 0.801762 0.096916 0.801762 0.105727 0.814978 0.118943 0.819383 0.114537 0.819383 0.101322 0.806167 0.088106 0.801762 0.092511 0.797357 0.092511 0.792952 0.088106 0.788546 0.088106 0.770925 0.070485 0.770925 0.061674 0.766520 0.057269 0.766520 0.052863 0.748899 0.035242 0.748899 0.030837 0.744493 0.026432
0 0.647577 0.026432 0.643172 0.030837 0.660793 0.048458 0.660793 0.052863 0.674009 0.066079 0.674009 0.070485 0.678414 0.074890 0.678414 0.079295 0.700441 0.101322 0.704846 0.096916 0.704846 0.083700 0.700441 0.079295 0.700441 0.074890 0.691630 0.066079 0.691630 0.061674 0.687225 0.057269 0.687225 0.052863 0.678414 0.044053 0.678414 0.039648 0.669604 0.030837 0.669604 0.026432 0.665198 0.022026 0.656388 0.022026 0.651982 0.026432
0 0.242291 0.017621 0.233480 0.026432 0.233480 0.030837 0.237885 0.035242 0.237885 0.039648 0.242291 0.044053 0.242291 0.052863 0.246696 0.057269 0.246696 0.061674 0.255507 0.070485 0.259912 0.070485 0.264317 0.074890 0.268722 0.074890 0.273128 0.079295 0.277533 0.079295 0.281938 0.074890 0.273128 0.066079 0.273128 0.061674 0.268722 0.057269 0.268722 0.052863 0.264317 0.048458 0.264317 0.039648
0 0.933921 0.000000 0.933921 0.013216 0.929515 0.017621 0.929515 0.022026 0.933921 0.026432 0.933921 0.048458 0.938326 0.052863 0.938326 0.057269 0.951542 0.070485 0.955947 0.070485 0.964758 0.061674 0.964758 0.057269 0.960352 0.052863 0.960352 0.048458 0.955947 0.044053 0.955947 0.035242 0.951542 0.030837 0.951542 0.026432 0.947137 0.022026 0.947137 0.017621 0.942731 0.013216 0.942731 0.000000
0 0.511013 0.000000 0.511013 0.004405 0.497797 0.017621 0.497797 0.035242 0.502203 0.039648 0.502203 0.044053 0.506608 0.048458 0.506608 0.052863 0.519824 0.066079 0.524229 0.066079 0.528634 0.070485 0.533040 0.066079 0.533040 0.061674 0.524229 0.052863 0.524229 0.026432 0.528634 0.022026 0.511013 0.004405
0 0.299559 0.000000 0.299559 0.004405 0.295154 0.008811 0.295154 0.017621 0.299559 0.022026 0.299559 0.026432 0.312775 0.039648 0.317181 0.035242 0.317181 0.030837 0.321586 0.026432 0.321586 0.013216 0.317181 0.008811 0.317181 0.000000
