0 0.299559 0.955947 0.303965 0.960352 0.308370 0.955947 0.312775 0.955947 0.317181 0.960352 0.321586 0.960352 0.334802 0.973568 0.339207 0.969163 0.343612 0.973568 0.348018 0.973568 0.365639 0.991189 0.365639 0.995595 0.370044 0.995595 0.370044 0.991189 0.374449 0.986784 0.374449 0.982379 0.378855 0.977974 0.378855 0.973568 0.374449 0.969163 0.365639 0.969163 0.361233 0.973568 0.356828 0.969163 0.352423 0.969163 0.334802 0.951542 0.325991 0.951542 0.321586 0.955947 0.308370 0.955947 0.303965 0.951542
0 0.370044 0.916300 0.374449 0.920705 0.378855 0.920705 0.383260 0.925110 0.387665 0.925110 0.392070 0.920705 0.405286 0.920705 0.409692 0.916300 0.414097 0.916300 0.418502 0.911894 0.409692 0.903084 0.392070 0.903084 0.387665 0.898678 0.383260 0.898678 0.370044 0.911894
0 0.770925 0.898678 0.766520 0.894273 0.762115 0.894273 0.757709 0.898678 0.748899 0.898678 0.740088 0.907489 0.735683 0.907489 0.735683 0.911894 0.740088 0.911894 0.744493 0.916300 0.762115 0.916300 0.770925 0.907489
0 0.581498 0.876652 0.577093 0.872247 0.568282 0.881057 0.563877 0.881057 0.559471 0.885463 0.550661 0.885463 0.546256 0.881057 0.541850 0.881057 0.537445 0.885463 0.537445 0.894273 0.533040 0.898678 0.533040 0.903084 0.537445 0.907489 0.546256 0.907489 0.550661 0.903084 0.555066 0.903084 0.559471 0.898678 0.563877 0.898678 0.572687 0.889868 0.577093 0.889868 0.581498 0.885463
0 0.735683 0.819383 0.726872 0.828194 0.726872 0.832599 0.731278 0.837004 0.731278 0.845815 0.735683 0.850220 0.744493 0.850220 0.748899 0.845815 0.753304 0.850220 0.757709 0.850220 0.766520 0.859031 0.770925 0.854626 0.766520 0.850220 0.762115 0.854626 0.757709 0.850220 0.753304 0.850220 0.748899 0.845815 0.748899 0.832599
0 0.189427 0.828194 0.185022 0.823789 0.180617 0.823789 0.176211 0.819383 0.171806 0.819383 0.167401 0.823789 0.158590 0.823789 0.149780 0.832599 0.149780 0.841410 0.154185 0.845815 0.158590 0.841410 0.167401 0.841410 0.171806 0.837004 0.176211 0.837004 0.180617 0.832599 0.185022 0.837004 0.189427 0.832599
0 0.929515 0.810573 0.933921 0.814978 0.960352 0.814978 0.964758 0.819383 0.969163 0.814978 0.973568 0.814978 0.977974 0.810573 0.982379 0.814978 0.986784 0.810573 0.991189 0.814978 0.995595 0.814978 0.995595 0.801762 0.991189 0.806167 0.982379 0.806167 0.977974 0.810573 0.973568 0.810573 0.969163 0.806167 0.960352 0.806167 0.955947 0.810573 0.951542 0.806167 0.942731 0.806167 0.938326 0.801762
0 0.462555 0.788546 0.449339 0.775330 0.444934 0.779736 0.436123 0.779736 0.427313 0.788546 0.427313 0.797357 0.431718 0.801762 0.436123 0.797357 0.449339 0.797357 0.453745 0.792952 0.458150 0.792952
0 0.691630 0.770925 0.682819 0.762115 0.669604 0.762115 0.660793 0.770925 0.656388 0.770925 0.651982 0.775330 0.647577 0.770925 0.643172 0.770925 0.638767 0.766520 0.634361 0.770925 0.634361 0.775330 0.629956 0.779736 0.634361 0.784141 0.643172 0.784141 0.647577 0.779736 0.651982 0.779736 0.656388 0.775330 0.660793 0.779736 0.665198 0.779736 0.669604 0.784141 0.674009 0.784141 0.678414 0.788546 0.687225 0.788546 0.691630 0.784141
0 0.092511 0.744493 0.088106 0.748899 0.088106 0.753304 0.105727 0.770925 0.105727 0.797357 0.096916 0.806167 0.096916 0.810573 0.092511 0.814978 0.096916 0.819383 0.101322 0.819383 0.110132 0.810573 0.105727 0.806167 0.105727 0.797357 0.114537 0.788546 0.114537 0.784141 0.118943 0.779736 0.114537 0.775330 0.114537 0.762115 0.101322 0.748899 0.096916 0.748899
0 0.700441 0.744493 0.704846 0.748899 0.709251 0.744493 0.713656 0.744493 0.718062 0.748899 0.726872 0.748899 0.731278 0.753304 0.735683 0.748899 0.740088 0.748899 0.744493 0.753304 0.748899 0.753304 0.753304 0.757709 0.762115 0.748899 0.757709 0.744493 0.753304 0.744493 0.748899 0.740088 0.740088 0.740088 0.735683 0.735683 0.731278 0.735683 0.726872 0.740088 0.718062 0.740088 0.713656 0.744493 0.709251 0.744493 0.704846 0.740088
0 0.537445 0.735683 0.533040 0.735683 0.524229 0.744493 0.524229 0.753304 0.515419 0.762115 0.519824 0.766520 0.519824 0.779736 0.515419 0.784141 0.515419 0.797357 0.519824 0.801762 0.528634 0.801762 0.537445 0.792952 0.537445 0.788546 0.524229 0.775330 0.524229 0.766520 0.533040 0.757709 0.537445 0.757709 0.541850 0.753304 0.541850 0.740088
0 0.814978 0.735683 0.828194 0.748899 0.832599 0.748899 0.837004 0.744493 0.841410 0.748899 0.845815 0.744493 0.854626 0.744493 0.859031 0.748899 0.863436 0.748899 0.867841 0.753304 0.903084 0.753304 0.907489 0.748899 0.907489 0.744493 0.903084 0.740088 0.898678 0.740088 0.894273 0.735683 0.881057 0.735683 0.876652 0.740088 0.867841 0.740088 0.863436 0.735683 0.850220 0.735683 0.845815 0.731278 0.819383 0.731278
0 0.453745 0.704846 0.449339 0.700441 0.436123 0.700441 0.427313 0.709251 0.422908 0.709251 0.418502 0.713656 0.409692 0.713656 0.405286 0.718062 0.400881 0.713656 0.396476 0.718062 0.396476 0.722467 0.405286 0.731278 0.414097 0.731278 0.427313 0.718062 0.431718 0.718062 0.436123 0.713656 0.449339 0.713656 0.453745 0.709251
0 0.286344 0.682819 0.286344 0.691630 0.290749 0.696035 0.295154 0.696035 0.299559 0.700441 0.312775 0.700441 0.317181 0.704846 0.330396 0.704846 0.334802 0.700441 0.330396 0.696035 0.325991 0.696035 0.321586 0.691630 0.317181 0.691630 0.308370 0.682819 0.303965 0.682819 0.299559 0.678414 0.290749 0.678414
0 0.555066 0.674009 0.550661 0.678414 0.550661 0.682819 0.555066 0.687225 0.555066 0.691630 0.559471 0.696035 0.563877 0.696035 0.568282 0.700441 0.572687 0.700441 0.585903 0.713656 0.590308 0.713656 0.594714 0.718062 0.594714 0.731278 0.603524 0.740088 0.607930 0.735683 0.594714 0.722467 0.594714 0.713656 0.603524 0.704846 0.603524 0.696035 0.599119 0.691630 0.585903 0.691630 0.581498 0.696035 0.577093 0.696035 0.572687 0.691630 0.568282 0.691630 0.563877 0.687225 0.563877 0.678414 0.559471 0.674009
0 0.000000 0.497797 0.000000 0.541850 0.052863 0.577093 0.132159 0.585903 0.149780 0.572687 0.246696 0.568282 0.299559 0.559471 0.343612 0.541850 0.400881 0.550661 0.453745 0.590308 0.563877 0.625551 0.612335 0.660793 0.638767 0.669604 0.647577 0.687225 0.629956 0.700441 0.678414 0.726872 0.687225 0.704846 0.700441 0.696035 0.801762 0.700441 0.823789 0.691630 0.872247 0.700441 0.942731 0.691630 0.969163 0.700441 0.995595 0.726872 0.995595 0.709251 0.982379 0.700441 0.982379 0.691630 0.995595 0.682819 0.995595 0.669604 0.859031 0.656388 0.828194 0.643172 0.784141 0.638767 0.762115 0.625551 0.700441 0.625551 0.651982 0.607930 0.607930 0.612335 0.502203 0.563877 0.475771 0.568282 0.458150 0.559471 0.436123 0.533040 0.400881 0.519824 0.339207 0.515419 0.242291 0.537445 0.185022 0.533040 0.154185 0.550661 0.118943 0.537445 0.110132 0.550661 0.092511 0.555066 0.030837 0.528634
0 0.308370 0.449339 0.312775 0.453745 0.312775 0.458150 0.317181 0.462555 0.330396 0.462555 0.334802 0.466960 0.339207 0.466960 0.343612 0.462555 0.343612 0.453745 0.339207 0.449339 0.330396 0.449339 0.325991 0.444934 0.312775 0.444934
0 0.651982 0.449339 0.647577 0.444934 0.638767 0.444934 0.634361 0.440529 0.629956 0.440529 0.625551 0.436123 0.621145 0.436123 0.612335 0.444934 0.607930 0.444934 0.603524 0.449339 0.594714 0.449339 0.590308 0.444934 0.585903 0.444934 0.581498 0.449339 0.590308 0.458150 0.594714 0.458150 0.599119 0.453745 0.603524 0.453745 0.607930 0.449339 0.612335 0.449339 0.616740 0.453745 0.621145 0.453745 0.629956 0.462555 0.638767 0.462555
0 0.462555 0.414097 0.453745 0.422908 0.458150 0.427313 0.458150 0.436123 0.466960 0.444934 0.475771 0.444934 0.484582 0.436123 0.484582 0.431718 0.480176 0.427313 0.480176 0.422908 0.475771 0.418502 0.471366 0.418502 0.466960 0.414097
0 0.378855 0.374449 0.387665 0.383260 0.405286 0.383260 0.409692 0.378855 0.414097 0.378855 0.418502 0.383260 0.422908 0.383260 0.431718 0.392070 0.444934 0.392070 0.449339 0.387665 0.449339 0.378855 0.440529 0.370044 0.436123 0.370044 0.431718 0.374449 0.427313 0.370044 0.422908 0.374449 0.418502 0.374449 0.414097 0.370044 0.409692 0.370044 0.405286 0.365639 0.387665 0.365639
0 0.101322 0.361233 0.101322 0.365639 0.114537 0.378855 0.118943 0.378855 0.123348 0.383260 0.136564 0.383260 0.140969 0.378855 0.140969 0.374449 0.127753 0.361233 0.118943 0.361233 0.114537 0.356828 0.105727 0.356828
0 0.911894 0.352423 0.916300 0.356828 0.929515 0.356828 0.933921 0.361233 0.938326 0.361233 0.942731 0.365639 0.947137 0.365639 0.955947 0.374449 0.955947 0.378855 0.960352 0.383260 0.964758 0.378855 0.964758 0.361233 0.955947 0.352423 0.947137 0.352423 0.942731 0.348018 0.933921 0.348018 0.929515 0.343612 0.925110 0.348018 0.916300 0.348018
0 0.361233 0.303965 0.361233 0.308370 0.370044 0.317181 0.374449 0.317181 0.378855 0.321586 0.387665 0.321586 0.392070 0.317181 0.392070 0.303965 0.387665 0.299559 0.383260 0.299559 0.378855 0.303965 0.370044 0.303965 0.365639 0.299559
0 0.700441 0.277533 0.696035 0.273128 0.691630 0.273128 0.687225 0.277533 0.682819 0.277533 0.674009 0.286344 0.669604 0.286344 0.665198 0.290749 0.660793 0.286344 0.656388 0.290749 0.647577 0.290749 0.643172 0.286344 0.638767 0.286344 0.629956 0.277533 0.625551 0.277533 0.621145 0.281938 0.621145 0.290749 0.629956 0.299559 0.634361 0.295154 0.643172 0.295154 0.647577 0.290749 0.656388 0.290749 0.660793 0.295154 0.665198 0.290749 0.669604 0.295154 0.691630 0.295154 0.696035 0.290749 0.696035 0.281938
0 0.541850 0.224670 0.537445 0.220264 0.524229 0.220264 0.519824 0.224670 0.515419 0.224670 0.506608 0.233480 0.502203 0.233480 0.497797 0.237885 0.493392 0.237885 0.488987 0.233480 0.475771 0.233480 0.471366 0.237885 0.471366 0.242291 0.466960 0.246696 0.462555 0.246696 0.458150 0.251101 0.449339 0.251101 0.444934 0.255507 0.444934 0.259912 0.453745 0.268722 0.458150 0.268722 0.462555 0.264317 0.462555 0.259912 0.466960 0.255507 0.471366 0.255507 0.475771 0.251101 0.502203 0.251101 0.506608 0.246696 0.524229 0.246696 0.537445 0.233480 0.537445 0.229075
0 0.303965 0.202643 0.299559 0.207048 0.299559 0.215859 0.321586 0.237885 0.325991 0.237885 0.330396 0.233480 0.330396 0.224670 0.325991 0.220264 0.325991 0.215859 0.312775 0.202643
0 0.854626 0.198238 0.850220 0.198238 0.841410 0.207048 0.841410 0.211454 0.837004 0.215859 0.837004 0.220264 0.832599 0.224670 0.837004 0.229075 0.850220 0.229075 0.859031 0.220264 0.863436 0.220264 0.863436 0.211454 0.859031 0.207048 0.859031 0.202643
0 0.149780 0.202643 0.145374 0.198238 0.132159 0.198238 0.123348 0.207048 0.118943 0.207048 0.114537 0.211454 0.110132 0.207048 0.096916 0.207048 0.092511 0.211454 0.092511 0.215859 0.088106 0.220264 0.092511 0.224670 0.105727 0.224670 0.114537 0.215859 0.118943 0.215859 0.123348 0.211454 0.140969 0.211454
0 0.938326 0.198238 0.933921 0.193833 0.925110 0.193833 0.920705 0.198238 0.920705 0.202643 0.916300 0.207048 0.911894 0.207048 0.907489 0.211454 0.903084 0.211454 0.898678 0.215859 0.894273 0.215859 0.889868 0.220264 0.885463 0.220264 0.881057 0.224670 0.885463 0.229075 0.894273 0.229075 0.898678 0.233480 0.916300 0.233480 0.920705 0.229075 0.920705 0.224670 0.925110 0.220264 0.925110 0.215859 0.938326 0.202643
0 0.259912 0.171806 0.255507 0.167401 0.251101 0.167401 0.242291 0.176211 0.237885 0.176211 0.233480 0.180617 0.229075 0.180617 0.224670 0.176211 0.220264 0.176211 0.215859 0.171806 0.202643 0.185022 0.202643 0.189427 0.198238 0.193833 0.198238 0.198238 0.202643 0.202643 0.220264 0.202643 0.224670 0.198238 0.224670 0.185022 0.229075 0.180617 0.233480 0.180617 0.237885 0.176211 0.242291 0.176211 0.246696 0.180617 0.255507 0.180617 0.259912 0.176211
0 0.696035 0.149780 0.687225 0.158590 0.687225 0.167401 0.691630 0.171806 0.691630 0.176211 0.696035 0.180617 0.704846 0.180617 0.709251 0.176211 0.709251 0.158590 0.704846 0.154185 0.700441 0.154185
0 0.863436 0.154185 0.872247 0.162996 0.881057 0.162996 0.885463 0.167401 0.894273 0.167401 0.898678 0.171806 0.903084 0.167401 0.903084 0.158590 0.894273 0.149780 0.885463 0.149780 0.881057 0.145374 0.872247 0.145374
0 0.185022 0.123348 0.176211 0.114537 0.171806 0.114537 0.167401 0.118943 0.167401 0.123348 0.162996 0.127753 0.158590 0.127753 0.154185 0.132159 0.140969 0.132159 0.132159 0.140969 0.136564 0.145374 0.140969 0.140969 0.145374 0.140969 0.149780 0.145374 0.154185 0.145374 0.158590 0.149780 0.162996 0.149780 0.171806 0.140969 0.171806 0.132159 0.176211 0.127753 0.180617 0.127753
0 0.286344 0.088106 0.277533 0.079295 0.273128 0.083700 0.268722 0.083700 0.264317 0.088106 0.264317 0.092511 0.255507 0.101322 0.251101 0.101322 0.246696 0.105727 0.237885 0.105727 0.229075 0.114537 0.224670 0.114537 0.220264 0.118943 0.224670 0.123348 0.246696 0.123348 0.251101 0.118943 0.255507 0.118943 0.259912 0.114537 0.264317 0.114537 0.268722 0.110132 0.268722 0.105727 0.273128 0.101322 0.277533 0.101322 0.286344 0.092511
0 0.101322 0.070485 0.105727 0.074890 0.110132 0.074890 0.114537 0.079295 0.132159 0.079295 0.136564 0.083700 0.140969 0.083700 0.145374 0.088106 0.154185 0.079295 0.149780 0.074890 0.145374 0.074890 0.140969 0.070485 0.136564 0.070485 0.132159 0.066079 0.127753 0.066079 0.118943 0.057269 0.114537 0.061674 0.110132 0.061674
0 0.233480 0.039648 0.215859 0.039648 0.207048 0.048458 0.202643 0.048458 0.193833 0.057269 0.193833 0.061674 0.189427 0.066079 0.189427 0.083700 0.202643 0.096916 0.207048 0.092511 0.207048 0.083700 0.202643 0.079295 0.202643 0.070485 0.207048 0.066079 0.207048 0.061674 0.211454 0.057269 0.215859 0.057269 0.220264 0.052863 0.224670 0.052863 0.229075 0.057269 0.233480 0.057269 0.237885 0.052863 0.237885 0.044053
