0 0.074890 0.995595 0.092511 0.995595 0.092511 0.991189 0.101322 0.982379 0.105727 0.982379 0.110132 0.977974 0.114537 0.977974 0.118943 0.973568 0.123348 0.973568 0.127753 0.969163 0.132159 0.973568 0.136564 0.973568 0.145374 0.982379 0.154185 0.982379 0.158590 0.977974 0.154185 0.973568 0.154185 0.969163 0.145374 0.960352 0.140969 0.960352 0.136564 0.964758 0.132159 0.964758 0.127753 0.969163 0.123348 0.964758 0.118943 0.964758 0.114537 0.960352 0.101322 0.960352 0.074890 0.986784
0 0.436123 0.964758 0.436123 0.969163 0.440529 0.973568 0.444934 0.973568 0.449339 0.977974 0.453745 0.977974 0.458150 0.973568 0.462555 0.973568 0.466960 0.969163 0.471366 0.973568 0.475771 0.973568 0.484582 0.982379 0.484582 0.986784 0.488987 0.991189 0.488987 0.995595 0.506608 0.995595 0.506608 0.986784 0.497797 0.977974 0.497797 0.973568 0.488987 0.964758 0.484582 0.964758 0.480176 0.969163 0.471366 0.969163 0.466960 0.964758 0.462555 0.964758 0.453745 0.955947 0.444934 0.955947
0 0.348018 0.947137 0.339207 0.955947 0.339207 0.960352 0.343612 0.964758 0.343612 0.969163 0.348018 0.973568 0.348018 0.986784 0.343612 0.991189 0.343612 0.995595 0.356828 0.995595 0.352423 0.991189 0.352423 0.982379 0.365639 0.969163 0.361233 0.964758 0.361233 0.960352
0 0.977974 0.929515 0.973568 0.925110 0.973568 0.916300 0.969163 0.911894 0.969163 0.907489 0.964758 0.903084 0.960352 0.903084 0.955947 0.898678 0.951542 0.903084 0.947137 0.903084 0.942731 0.907489 0.938326 0.907489 0.933921 0.911894 0.925110 0.911894 0.916300 0.920705 0.916300 0.925110 0.911894 0.929515 0.911894 0.933921 0.916300 0.938326 0.920705 0.938326 0.925110 0.933921 0.925110 0.929515 0.933921 0.920705 0.938326 0.920705 0.942731 0.916300 0.947137 0.916300 0.951542 0.920705 0.955947 0.920705 0.960352 0.925110 0.960352 0.929515 0.969163 0.938326 0.973568 0.938326 0.977974 0.933921
0 0.533040 0.885463 0.528634 0.889868 0.528634 0.903084 0.506608 0.925110 0.506608 0.929515 0.502203 0.933921 0.502203 0.938326 0.511013 0.947137 0.515419 0.947137 0.519824 0.951542 0.524229 0.951542 0.528634 0.947137 0.528634 0.933921 0.533040 0.929515 0.533040 0.925110 0.537445 0.920705 0.537445 0.916300 0.541850 0.911894 0.533040 0.903084 0.533040 0.894273 0.537445 0.889868
0 0.832599 0.859031 0.823789 0.867841 0.823789 0.881057 0.819383 0.885463 0.819383 0.889868 0.828194 0.898678 0.837004 0.898678 0.841410 0.894273 0.841410 0.889868 0.845815 0.885463 0.845815 0.872247
0 0.788546 0.801762 0.779736 0.801762 0.775330 0.806167 0.775330 0.814978 0.770925 0.819383 0.770925 0.828194 0.766520 0.832599 0.766520 0.837004 0.762115 0.841410 0.757709 0.841410 0.753304 0.845815 0.748899 0.845815 0.744493 0.841410 0.740088 0.841410 0.735683 0.837004 0.731278 0.837004 0.722467 0.845815 0.726872 0.850220 0.735683 0.850220 0.740088 0.854626 0.744493 0.854626 0.762115 0.872247 0.770925 0.863436 0.770925 0.854626 0.775330 0.850220 0.775330 0.841410 0.788546 0.828194 0.788546 0.823789 0.792952 0.819383 0.792952 0.806167
0 0.929515 0.788546 0.925110 0.792952 0.920705 0.792952 0.916300 0.797357 0.907489 0.797357 0.894273 0.810573 0.894273 0.828194 0.889868 0.832599 0.898678 0.841410 0.903084 0.841410 0.907489 0.837004 0.907489 0.819383 0.920705 0.806167 0.920705 0.801762 0.925110 0.797357 0.929515 0.797357 0.933921 0.792952
0 0.096916 0.770925 0.092511 0.775330 0.092511 0.801762 0.096916 0.806167 0.105727 0.806167 0.110132 0.810573 0.114537 0.810573 0.118943 0.814978 0.123348 0.814978 0.127753 0.810573 0.127753 0.801762 0.118943 0.792952 0.114537 0.792952 0.101322 0.779736 0.101322 0.775330
0 0.281938 0.731278 0.277533 0.735683 0.277533 0.748899 0.281938 0.753304 0.281938 0.757709 0.286344 0.762115 0.290749 0.762115 0.299559 0.753304 0.299559 0.744493 0.303965 0.740088 0.295154 0.731278
0 0.859031 0.726872 0.863436 0.731278 0.863436 0.735683 0.872247 0.744493 0.876652 0.744493 0.881057 0.748899 0.885463 0.748899 0.889868 0.753304 0.898678 0.753304 0.903084 0.757709 0.907489 0.753304 0.907489 0.748899 0.911894 0.744493 0.907489 0.740088 0.903084 0.744493 0.898678 0.744493 0.894273 0.740088 0.889868 0.740088 0.876652 0.726872 0.872247 0.726872 0.867841 0.722467 0.863436 0.722467
0 0.696035 0.713656 0.682819 0.726872 0.687225 0.731278 0.687225 0.735683 0.700441 0.748899 0.704846 0.748899 0.709251 0.744493 0.713656 0.748899 0.718062 0.748899 0.722467 0.753304 0.722467 0.766520 0.726872 0.770925 0.726872 0.775330 0.731278 0.779736 0.731278 0.797357 0.735683 0.801762 0.740088 0.797357 0.740088 0.792952 0.744493 0.788546 0.744493 0.757709 0.740088 0.753304 0.731278 0.753304 0.726872 0.748899 0.722467 0.753304 0.718062 0.748899 0.713656 0.748899 0.709251 0.744493 0.709251 0.740088 0.704846 0.735683 0.704846 0.718062 0.700441 0.713656
0 0.775330 0.678414 0.770925 0.682819 0.770925 0.687225 0.766520 0.691630 0.766520 0.696035 0.757709 0.704846 0.753304 0.704846 0.744493 0.713656 0.748899 0.718062 0.753304 0.713656 0.766520 0.713656 0.770925 0.718062 0.775330 0.718062 0.779736 0.713656 0.779736 0.682819
0 0.634361 0.674009 0.629956 0.678414 0.629956 0.713656 0.643172 0.726872 0.647577 0.722467 0.647577 0.718062 0.638767 0.709251 0.638767 0.700441 0.643172 0.696035 0.643172 0.691630 0.638767 0.687225 0.638767 0.678414
0 0.092511 0.674009 0.092511 0.709251 0.096916 0.713656 0.101322 0.713656 0.114537 0.700441 0.118943 0.700441 0.123348 0.696035 0.127753 0.696035 0.132159 0.700441 0.145374 0.700441 0.149780 0.696035 0.158590 0.696035 0.162996 0.700441 0.167401 0.696035 0.167401 0.691630 0.162996 0.687225 0.149780 0.687225 0.145374 0.682819 0.132159 0.682819 0.123348 0.691630 0.118943 0.691630 0.114537 0.696035 0.110132 0.691630 0.105727 0.691630 0.101322 0.687225 0.101322 0.674009 0.096916 0.669604
0 0.669604 0.656388 0.669604 0.669604 0.674009 0.674009 0.674009 0.678414 0.682819 0.687225 0.687225 0.687225 0.691630 0.682819 0.696035 0.682819 0.700441 0.678414 0.704846 0.682819 0.709251 0.682819 0.713656 0.687225 0.718062 0.682819 0.713656 0.678414 0.709251 0.682819 0.704846 0.678414 0.700441 0.678414 0.696035 0.674009 0.696035 0.669604 0.691630 0.665198 0.691630 0.660793 0.682819 0.651982 0.674009 0.651982
0 0.022026 0.651982 0.017621 0.656388 0.017621 0.682819 0.026432 0.691630 0.030837 0.691630 0.035242 0.696035 0.035242 0.700441 0.048458 0.713656 0.048458 0.718062 0.057269 0.726872 0.057269 0.731278 0.061674 0.735683 0.066079 0.735683 0.074890 0.726872 0.057269 0.709251 0.052863 0.709251 0.048458 0.704846 0.048458 0.691630 0.044053 0.687225 0.039648 0.687225 0.030837 0.678414 0.030837 0.669604 0.039648 0.660793 0.039648 0.656388 0.035242 0.651982
0 0.255507 0.678414 0.251101 0.674009 0.251101 0.651982 0.246696 0.647577 0.246696 0.643172 0.242291 0.638767 0.237885 0.638767 0.229075 0.647577 0.224670 0.647577 0.220264 0.651982 0.211454 0.651982 0.207048 0.647577 0.198238 0.647577 0.193833 0.651982 0.198238 0.656388 0.198238 0.660793 0.202643 0.665198 0.207048 0.665198 0.215859 0.656388 0.220264 0.656388 0.224670 0.651982 0.229075 0.656388 0.233480 0.656388 0.242291 0.665198 0.242291 0.678414 0.246696 0.682819 0.251101 0.682819
0 0.951542 0.590308 0.947137 0.590308 0.942731 0.594714 0.942731 0.612335 0.947137 0.616740 0.947137 0.629956 0.942731 0.634361 0.942731 0.638767 0.911894 0.669604 0.916300 0.674009 0.929515 0.674009 0.938326 0.665198 0.938326 0.656388 0.947137 0.647577 0.947137 0.638767 0.955947 0.629956 0.955947 0.621145 0.964758 0.612335 0.964758 0.599119 0.960352 0.594714 0.955947 0.594714
0 0.779736 0.577093 0.775330 0.581498 0.770925 0.581498 0.762115 0.590308 0.762115 0.603524 0.770925 0.612335 0.775330 0.607930 0.775330 0.603524 0.788546 0.590308 0.788546 0.585903
0 0.920705 0.577093 0.916300 0.572687 0.894273 0.572687 0.889868 0.577093 0.872247 0.577093 0.867841 0.581498 0.867841 0.585903 0.872247 0.590308 0.876652 0.590308 0.881057 0.585903 0.885463 0.590308 0.911894 0.590308 0.916300 0.585903 0.916300 0.581498
0 0.718062 0.568282 0.713656 0.568282 0.709251 0.563877 0.704846 0.568282 0.704846 0.585903 0.700441 0.590308 0.700441 0.594714 0.696035 0.599119 0.696035 0.603524 0.691630 0.607930 0.687225 0.607930 0.682819 0.612335 0.678414 0.612335 0.674009 0.607930 0.669604 0.607930 0.665198 0.612335 0.656388 0.612335 0.651982 0.616740 0.665198 0.629956 0.674009 0.621145 0.674009 0.616740 0.678414 0.612335 0.682819 0.612335 0.687225 0.607930 0.696035 0.607930 0.700441 0.612335 0.713656 0.612335 0.722467 0.603524 0.722467 0.572687
0 0.568282 0.594714 0.537445 0.563877 0.533040 0.568282 0.533040 0.581498 0.528634 0.585903 0.524229 0.585903 0.519824 0.590308 0.515419 0.585903 0.506608 0.594714 0.506608 0.599119 0.502203 0.603524 0.502203 0.607930 0.506608 0.612335 0.511013 0.612335 0.515419 0.607930 0.515419 0.594714 0.519824 0.590308 0.524229 0.590308 0.528634 0.585903 0.533040 0.590308 0.537445 0.590308 0.550661 0.603524 0.555066 0.603524 0.559471 0.607930 0.563877 0.607930 0.568282 0.603524
0 0.770925 0.537445 0.770925 0.546256 0.779736 0.555066 0.784141 0.555066 0.788546 0.550661 0.797357 0.550661 0.801762 0.555066 0.806167 0.555066 0.814978 0.563877 0.819383 0.563877 0.823789 0.559471 0.823789 0.550661 0.819383 0.546256 0.814978 0.546256 0.810573 0.550661 0.806167 0.550661 0.801762 0.546256 0.797357 0.546256 0.784141 0.533040 0.775330 0.533040
0 0.621145 0.533040 0.612335 0.533040 0.603524 0.541850 0.607930 0.546256 0.607930 0.594714 0.612335 0.599119 0.621145 0.590308 0.621145 0.563877 0.629956 0.555066 0.629956 0.541850
0 0.709251 0.502203 0.709251 0.506608 0.718062 0.515419 0.726872 0.515419 0.731278 0.519824 0.735683 0.519824 0.740088 0.524229 0.744493 0.524229 0.748899 0.528634 0.753304 0.524229 0.757709 0.524229 0.757709 0.519824 0.748899 0.511013 0.744493 0.511013 0.740088 0.506608 0.735683 0.506608 0.726872 0.497797 0.713656 0.497797
0 0.977974 0.466960 0.973568 0.462555 0.969163 0.466960 0.960352 0.466960 0.951542 0.475771 0.951542 0.480176 0.947137 0.484582 0.942731 0.484582 0.938326 0.488987 0.933921 0.488987 0.929515 0.493392 0.933921 0.497797 0.938326 0.493392 0.969163 0.493392 0.973568 0.488987 0.973568 0.484582 0.977974 0.480176
0 0.740088 0.462555 0.748899 0.471366 0.762115 0.471366 0.766520 0.466960 0.770925 0.466960 0.775330 0.462555 0.779736 0.466960 0.784141 0.462555 0.775330 0.453745 0.753304 0.453745 0.744493 0.462555
0 0.854626 0.440529 0.841410 0.453745 0.841410 0.462555 0.859031 0.480176 0.859031 0.493392 0.863436 0.497797 0.867841 0.493392 0.867841 0.488987 0.859031 0.480176 0.859031 0.471366 0.863436 0.466960 0.863436 0.453745 0.867841 0.449339 0.859031 0.440529
0 0.537445 0.436123 0.533040 0.440529 0.533040 0.449339 0.537445 0.453745 0.537445 0.480176 0.541850 0.484582 0.541850 0.488987 0.546256 0.493392 0.546256 0.497797 0.550661 0.502203 0.550661 0.506608 0.555066 0.511013 0.555066 0.519824 0.559471 0.524229 0.559471 0.528634 0.563877 0.533040 0.563877 0.537445 0.568282 0.541850 0.572687 0.537445 0.568282 0.533040 0.568282 0.515419 0.572687 0.511013 0.572687 0.506608 0.568282 0.502203 0.568282 0.493392 0.550661 0.475771 0.550661 0.471366 0.546256 0.466960 0.546256 0.458150 0.550661 0.453745 0.550661 0.449339 0.555066 0.444934 0.555066 0.440529 0.550661 0.436123
0 0.392070 0.427313 0.392070 0.444934 0.396476 0.449339 0.400881 0.444934 0.405286 0.449339 0.409692 0.449339 0.418502 0.458150 0.418502 0.462555 0.422908 0.466960 0.427313 0.466960 0.431718 0.462555 0.436123 0.462555 0.440529 0.458150 0.444934 0.462555 0.449339 0.462555 0.458150 0.471366 0.458150 0.475771 0.466960 0.484582 0.466960 0.488987 0.480176 0.502203 0.484582 0.502203 0.488987 0.506608 0.493392 0.506608 0.497797 0.511013 0.497797 0.519824 0.506608 0.528634 0.506608 0.533040 0.511013 0.537445 0.515419 0.537445 0.519824 0.541850 0.524229 0.541850 0.528634 0.537445 0.528634 0.533040 0.524229 0.528634 0.524229 0.524229 0.519824 0.519824 0.515419 0.519824 0.511013 0.515419 0.506608 0.515419 0.497797 0.506608 0.497797 0.497797 0.493392 0.493392 0.493392 0.484582 0.480176 0.471366 0.475771 0.471366 0.462555 0.458150 0.462555 0.436123 0.466960 0.431718 0.462555 0.427313 0.453745 0.427313 0.449339 0.431718 0.449339 0.436123 0.444934 0.440529 0.444934 0.444934 0.440529 0.449339 0.436123 0.449339 0.431718 0.453745 0.427313 0.453745 0.422908 0.458150 0.418502 0.453745 0.414097 0.453745 0.409692 0.449339 0.409692 0.418502 0.405286 0.414097
0 0.691630 0.387665 0.691630 0.392070 0.696035 0.396476 0.700441 0.392070 0.704846 0.392070 0.709251 0.396476 0.713656 0.396476 0.718062 0.400881 0.726872 0.400881 0.731278 0.396476 0.731278 0.392070 0.718062 0.378855 0.704846 0.378855 0.700441 0.383260 0.696035 0.383260
0 0.845815 0.356828 0.837004 0.365639 0.837004 0.374449 0.841410 0.378855 0.841410 0.383260 0.845815 0.387665 0.850220 0.387665 0.854626 0.392070 0.863436 0.392070 0.867841 0.387665 0.867841 0.374449 0.859031 0.365639 0.859031 0.361233 0.854626 0.356828
0 0.942731 0.356828 0.938326 0.352423 0.933921 0.352423 0.929515 0.356828 0.925110 0.356828 0.920705 0.361233 0.911894 0.361233 0.907489 0.356828 0.898678 0.365639 0.898678 0.370044 0.894273 0.374449 0.894273 0.383260 0.903084 0.392070 0.907489 0.392070 0.911894 0.387665 0.911894 0.378855 0.916300 0.374449 0.916300 0.365639 0.920705 0.361233 0.925110 0.361233 0.929515 0.356828 0.933921 0.361233 0.938326 0.361233
0 0.000000 0.365639 0.000000 0.405286 0.022026 0.422908 0.079295 0.414097 0.096916 0.427313 0.096916 0.453745 0.083700 0.462555 0.030837 0.436123 0.000000 0.449339 0.000000 0.502203 0.039648 0.502203 0.070485 0.471366 0.083700 0.480176 0.083700 0.511013 0.101322 0.506608 0.092511 0.480176 0.105727 0.471366 0.220264 0.502203 0.251101 0.541850 0.308370 0.559471 0.361233 0.607930 0.365639 0.638767 0.392070 0.669604 0.392070 0.682819 0.374449 0.696035 0.383260 0.735683 0.396476 0.731278 0.405286 0.700441 0.422908 0.700441 0.436123 0.744493 0.506608 0.784141 0.612335 0.916300 0.599119 0.942731 0.621145 0.929515 0.700441 0.995595 0.731278 0.995595 0.722467 0.969163 0.665198 0.938326 0.696035 0.898678 0.744493 0.938326 0.744493 0.955947 0.788546 0.995595 0.828194 0.995595 0.757709 0.898678 0.735683 0.903084 0.665198 0.841410 0.616740 0.766520 0.528634 0.674009 0.550661 0.634361 0.537445 0.629956 0.511013 0.656388 0.493392 0.647577 0.458150 0.594714 0.392070 0.537445 0.383260 0.497797 0.281938 0.431718 0.312775 0.396476 0.299559 0.383260 0.264317 0.431718 0.207048 0.387665 0.162996 0.378855 0.158590 0.361233 0.171806 0.352423 0.158590 0.339207 0.132159 0.352423 0.088106 0.409692 0.070485 0.400881 0.052863 0.409692 0.030837 0.396476 0.013216 0.365639
0 0.475771 0.334802 0.458150 0.352423 0.458150 0.365639 0.466960 0.374449 0.471366 0.374449 0.488987 0.392070 0.488987 0.396476 0.493392 0.400881 0.493392 0.405286 0.497797 0.409692 0.502203 0.409692 0.506608 0.405286 0.506608 0.400881 0.497797 0.392070 0.493392 0.392070 0.488987 0.387665 0.488987 0.383260 0.484582 0.378855 0.480176 0.378855 0.475771 0.374449 0.475771 0.365639 0.480176 0.361233 0.480176 0.343612 0.484582 0.339207 0.480176 0.334802
0 0.325991 0.325991 0.325991 0.334802 0.339207 0.348018 0.339207 0.370044 0.348018 0.378855 0.348018 0.383260 0.356828 0.392070 0.361233 0.387665 0.374449 0.387665 0.378855 0.383260 0.378855 0.378855 0.383260 0.374449 0.387665 0.374449 0.392070 0.370044 0.400881 0.370044 0.405286 0.365639 0.405286 0.361233 0.392070 0.348018 0.387665 0.352423 0.387665 0.356828 0.378855 0.365639 0.374449 0.365639 0.370044 0.370044 0.361233 0.370044 0.356828 0.365639 0.352423 0.365639 0.348018 0.361233 0.348018 0.356828 0.343612 0.352423 0.343612 0.339207 0.348018 0.334802 0.348018 0.325991 0.352423 0.321586 0.348018 0.317181 0.343612 0.317181 0.339207 0.312775
0 0.748899 0.312775 0.748899 0.317181 0.753304 0.321586 0.757709 0.317181 0.762115 0.317181 0.766520 0.321586 0.770925 0.321586 0.775330 0.325991 0.779736 0.325991 0.784141 0.330396 0.788546 0.325991 0.788546 0.308370 0.784141 0.303965 0.766520 0.303965 0.762115 0.308370 0.753304 0.308370
0 0.704846 0.295154 0.696035 0.295154 0.682819 0.308370 0.682819 0.317181 0.687225 0.321586 0.691630 0.321586 0.696035 0.317181 0.704846 0.317181 0.709251 0.312775 0.709251 0.299559
0 0.911894 0.290749 0.907489 0.286344 0.894273 0.286344 0.889868 0.281938 0.872247 0.281938 0.863436 0.290749 0.863436 0.303965 0.850220 0.317181 0.850220 0.321586 0.854626 0.325991 0.859031 0.325991 0.863436 0.321586 0.863436 0.312775 0.867841 0.308370 0.872247 0.308370 0.876652 0.303965 0.903084 0.303965 0.907489 0.299559 0.907489 0.295154
0 0.577093 0.281938 0.559471 0.299559 0.559471 0.312775 0.563877 0.317181 0.572687 0.317181 0.577093 0.312775 0.577093 0.308370 0.585903 0.299559 0.585903 0.290749
0 0.140969 0.264317 0.136564 0.268722 0.145374 0.277533 0.149780 0.277533 0.154185 0.281938 0.154185 0.290749 0.158590 0.295154 0.162996 0.295154 0.171806 0.286344 0.171806 0.281938 0.158590 0.268722 0.149780 0.268722 0.145374 0.264317
0 0.497797 0.251101 0.493392 0.246696 0.488987 0.251101 0.484582 0.251101 0.480176 0.255507 0.475771 0.255507 0.466960 0.264317 0.462555 0.264317 0.458150 0.268722 0.453745 0.268722 0.449339 0.264317 0.444934 0.264317 0.440529 0.259912 0.418502 0.259912 0.414097 0.255507 0.409692 0.255507 0.405286 0.251101 0.400881 0.251101 0.400881 0.255507 0.396476 0.259912 0.400881 0.264317 0.405286 0.264317 0.409692 0.268722 0.414097 0.268722 0.418502 0.273128 0.422908 0.273128 0.427313 0.277533 0.431718 0.277533 0.436123 0.281938 0.440529 0.281938 0.453745 0.268722 0.458150 0.268722 0.462555 0.264317 0.466960 0.264317 0.471366 0.268722 0.475771 0.268722 0.480176 0.264317 0.488987 0.264317 0.497797 0.255507
0 0.524229 0.207048 0.515419 0.215859 0.515419 0.224670 0.511013 0.229075 0.511013 0.237885 0.515419 0.242291 0.519824 0.242291 0.533040 0.229075 0.533040 0.220264 0.537445 0.215859 0.533040 0.211454 0.528634 0.211454
0 0.242291 0.202643 0.237885 0.207048 0.237885 0.224670 0.246696 0.233480 0.251101 0.233480 0.259912 0.224670 0.259912 0.220264 0.255507 0.215859 0.255507 0.207048 0.251101 0.202643 0.246696 0.207048
0 0.837004 0.193833 0.832599 0.189427 0.823789 0.198238 0.819383 0.198238 0.814978 0.202643 0.810573 0.202643 0.801762 0.211454 0.801762 0.215859 0.806167 0.220264 0.814978 0.220264 0.819383 0.215859 0.823789 0.215859 0.837004 0.202643
0 0.585903 0.189427 0.585903 0.202643 0.590308 0.207048 0.599119 0.207048 0.603524 0.202643 0.616740 0.202643 0.621145 0.198238 0.616740 0.193833 0.612335 0.193833 0.607930 0.189427 0.603524 0.189427 0.599119 0.185022 0.590308 0.185022
0 0.480176 0.185022 0.466960 0.198238 0.466960 0.207048 0.462555 0.211454 0.458150 0.211454 0.453745 0.215859 0.444934 0.215859 0.440529 0.220264 0.440529 0.233480 0.444934 0.237885 0.453745 0.237885 0.458150 0.233480 0.458150 0.215859 0.462555 0.211454 0.466960 0.211454 0.471366 0.207048 0.484582 0.207048 0.488987 0.202643 0.488987 0.198238 0.484582 0.193833 0.484582 0.189427
0 0.299559 0.185022 0.295154 0.185022 0.290749 0.189427 0.290749 0.198238 0.299559 0.207048 0.299559 0.224670 0.303965 0.229075 0.303965 0.246696 0.295154 0.255507 0.290749 0.255507 0.281938 0.264317 0.281938 0.268722 0.286344 0.273128 0.286344 0.286344 0.277533 0.295154 0.277533 0.303965 0.281938 0.308370 0.281938 0.321586 0.286344 0.325991 0.295154 0.325991 0.299559 0.321586 0.299559 0.317181 0.303965 0.312775 0.295154 0.303965 0.295154 0.295154 0.286344 0.286344 0.286344 0.277533 0.299559 0.264317 0.299559 0.259912 0.308370 0.251101 0.312775 0.251101 0.321586 0.242291 0.321586 0.237885 0.317181 0.233480 0.317181 0.229075 0.308370 0.220264 0.308370 0.202643 0.312775 0.198238 0.312775 0.193833 0.308370 0.189427 0.303965 0.189427
0 0.136564 0.185022 0.123348 0.185022 0.118943 0.189427 0.118943 0.215859 0.127753 0.224670 0.136564 0.215859 0.136564 0.207048 0.145374 0.198238 0.140969 0.193833 0.140969 0.189427
0 0.674009 0.149780 0.665198 0.158590 0.669604 0.162996 0.669604 0.171806 0.674009 0.176211 0.687225 0.176211 0.696035 0.167401 0.678414 0.149780
0 0.418502 0.145374 0.414097 0.145374 0.409692 0.149780 0.409692 0.158590 0.405286 0.162996 0.405286 0.171806 0.409692 0.176211 0.409692 0.185022 0.414097 0.189427 0.418502 0.185022 0.422908 0.185022 0.427313 0.180617 0.427313 0.154185
0 0.590308 0.118943 0.590308 0.132159 0.594714 0.136564 0.603524 0.136564 0.607930 0.140969 0.612335 0.140969 0.621145 0.132159 0.625551 0.132159 0.629956 0.127753 0.621145 0.118943 0.599119 0.118943 0.594714 0.114537
0 0.938326 0.118943 0.929515 0.110132 0.925110 0.110132 0.920705 0.105727 0.916300 0.105727 0.911894 0.101322 0.907489 0.101322 0.903084 0.096916 0.898678 0.096916 0.894273 0.101322 0.889868 0.101322 0.876652 0.114537 0.876652 0.123348 0.872247 0.127753 0.872247 0.132159 0.876652 0.136564 0.885463 0.127753 0.889868 0.127753 0.894273 0.123348 0.916300 0.123348 0.920705 0.127753 0.929515 0.127753
0 0.775330 0.061674 0.766520 0.070485 0.770925 0.074890 0.784141 0.074890 0.788546 0.079295 0.792952 0.079295 0.806167 0.092511 0.806167 0.110132 0.810573 0.114537 0.810573 0.127753 0.814978 0.132159 0.819383 0.132159 0.823789 0.136564 0.828194 0.136564 0.828194 0.132159 0.832599 0.127753 0.828194 0.123348 0.828194 0.114537 0.823789 0.110132 0.823789 0.088106 0.806167 0.070485 0.801762 0.074890 0.797357 0.070485 0.792952 0.070485 0.784141 0.061674
0 0.268722 0.061674 0.264317 0.066079 0.264317 0.074890 0.281938 0.092511 0.281938 0.110132 0.286344 0.114537 0.290749 0.114537 0.295154 0.110132 0.295154 0.079295 0.277533 0.061674
0 0.136564 0.052863 0.132159 0.057269 0.132159 0.061674 0.136564 0.066079 0.140969 0.066079 0.149780 0.074890 0.149780 0.092511 0.162996 0.105727 0.162996 0.118943 0.167401 0.123348 0.176211 0.114537 0.176211 0.110132 0.171806 0.105727 0.171806 0.092511 0.167401 0.088106 0.167401 0.083700 0.162996 0.079295 0.158590 0.079295 0.154185 0.074890 0.149780 0.074890 0.145374 0.070485 0.145374 0.057269 0.140969 0.052863
0 0.484582 0.057269 0.484582 0.061674 0.493392 0.070485 0.493392 0.074890 0.497797 0.079295 0.497797 0.088106 0.506608 0.096916 0.519824 0.096916 0.524229 0.101322 0.533040 0.101322 0.537445 0.105727 0.541850 0.105727 0.546256 0.110132 0.555066 0.101322 0.555066 0.096916 0.546256 0.088106 0.537445 0.088106 0.533040 0.092511 0.528634 0.092511 0.524229 0.088106 0.519824 0.088106 0.506608 0.074890 0.506608 0.070485 0.502203 0.066079 0.502203 0.052863 0.497797 0.048458 0.493392 0.052863 0.488987 0.052863
0 0.202643 0.008811 0.193833 0.017621 0.193833 0.022026 0.185022 0.030837 0.185022 0.039648 0.202643 0.057269 0.202643 0.066079 0.207048 0.070485 0.207048 0.074890 0.211454 0.079295 0.224670 0.079295 0.229075 0.074890 0.224670 0.070485 0.224670 0.057269 0.215859 0.048458 0.211454 0.048458 0.207048 0.044053 0.207048 0.030837 0.215859 0.022026 0.220264 0.022026 0.224670 0.017621 0.215859 0.008811 0.211454 0.013216 0.207048 0.008811
0 0.502203 0.000000 0.511013 0.008811 0.511013 0.017621 0.515419 0.022026 0.515419 0.030837 0.519824 0.035242 0.524229 0.035242 0.528634 0.030837 0.528634 0.017621 0.524229 0.013216 0.524229 0.000000
0 0.343612 0.000000 0.348018 0.004405 0.348018 0.013216 0.343612 0.017621 0.343612 0.022026 0.348018 0.026432 0.348018 0.030837 0.352423 0.035242 0.356828 0.035242 0.365639 0.044053 0.370044 0.044053 0.374449 0.048458 0.387665 0.048458 0.392070 0.044053 0.392070 0.039648 0.365639 0.013216 0.361233 0.013216 0.356828 0.008811 0.356828 0.000000
