0 0.198238 0.960352 0.189427 0.951542 0.185022 0.955947 0.180617 0.955947 0.176211 0.960352 0.162996 0.960352 0.158590 0.955947 0.145374 0.955947 0.140969 0.960352 0.140969 0.969163 0.149780 0.977974 0.149780 0.995595 0.162996 0.995595 0.162996 0.973568 0.167401 0.969163 0.171806 0.969163 0.176211 0.964758 0.180617 0.969163 0.185022 0.969163 0.189427 0.973568 0.193833 0.973568 0.198238 0.969163
0 0.955947 0.947137 0.942731 0.960352 0.942731 0.969163 0.955947 0.982379 0.955947 0.991189 0.951542 0.995595 0.969163 0.995595 0.969163 0.991189 0.964758 0.986784 0.964758 0.951542 0.960352 0.947137
0 0.528634 0.947137 0.524229 0.942731 0.515419 0.942731 0.511013 0.947137 0.511013 0.960352 0.506608 0.964758 0.502203 0.964758 0.497797 0.969163 0.493392 0.964758 0.484582 0.964758 0.480176 0.969163 0.488987 0.977974 0.497797 0.977974 0.502203 0.982379 0.506608 0.977974 0.506608 0.969163 0.515419 0.960352 0.519824 0.960352 0.528634 0.951542
0 0.687225 0.951542 0.691630 0.955947 0.704846 0.955947 0.709251 0.951542 0.709251 0.947137 0.718062 0.938326 0.722467 0.938326 0.726872 0.933921 0.735683 0.933921 0.744493 0.925110 0.740088 0.920705 0.726872 0.920705 0.722467 0.925110 0.713656 0.925110 0.709251 0.920705 0.704846 0.920705 0.700441 0.925110 0.700441 0.938326
0 0.792952 0.911894 0.788546 0.911894 0.779736 0.920705 0.779736 0.938326 0.766520 0.951542 0.762115 0.951542 0.757709 0.955947 0.757709 0.960352 0.766520 0.969163 0.775330 0.969163 0.779736 0.964758 0.779736 0.960352 0.784141 0.955947 0.784141 0.942731 0.788546 0.938326 0.792952 0.938326 0.797357 0.933921 0.797357 0.929515 0.801762 0.925110 0.801762 0.920705
0 0.387665 0.925110 0.392070 0.929515 0.400881 0.920705 0.405286 0.920705 0.409692 0.916300 0.414097 0.916300 0.418502 0.911894 0.440529 0.911894 0.444934 0.907489 0.453745 0.907489 0.458150 0.911894 0.462555 0.911894 0.466960 0.916300 0.471366 0.911894 0.466960 0.907489 0.462555 0.911894 0.458150 0.907489 0.453745 0.907489 0.440529 0.894273 0.431718 0.894273 0.427313 0.898678 0.414097 0.898678 0.409692 0.894273 0.405286 0.898678 0.400881 0.898678 0.396476 0.903084 0.392070 0.903084 0.392070 0.907489 0.387665 0.911894
0 0.845815 0.872247 0.837004 0.881057 0.837004 0.885463 0.832599 0.889868 0.837004 0.894273 0.841410 0.894273 0.845815 0.889868 0.850220 0.889868 0.854626 0.894273 0.859031 0.894273 0.863436 0.898678 0.863436 0.903084 0.867841 0.907489 0.867841 0.916300 0.872247 0.920705 0.872247 0.929515 0.863436 0.938326 0.863436 0.942731 0.859031 0.947137 0.863436 0.951542 0.867841 0.951542 0.872247 0.947137 0.872247 0.942731 0.876652 0.938326 0.881057 0.938326 0.889868 0.929515 0.885463 0.925110 0.885463 0.911894 0.889868 0.907489 0.872247 0.889868 0.867841 0.889868 0.863436 0.894273 0.859031 0.889868 0.854626 0.889868 0.850220 0.885463 0.850220 0.872247
0 0.511013 0.863436 0.506608 0.863436 0.497797 0.872247 0.497797 0.881057 0.484582 0.894273 0.484582 0.898678 0.488987 0.903084 0.502203 0.889868 0.506608 0.889868 0.515419 0.881057 0.515419 0.876652 0.519824 0.872247
0 0.273128 0.850220 0.277533 0.854626 0.290749 0.854626 0.295154 0.850220 0.303965 0.850220 0.308370 0.854626 0.312775 0.854626 0.317181 0.859031 0.317181 0.863436 0.321586 0.867841 0.330396 0.859031 0.330396 0.854626 0.325991 0.850220 0.321586 0.850220 0.317181 0.845815 0.312775 0.845815 0.303965 0.837004 0.295154 0.837004 0.290749 0.841410 0.281938 0.841410
0 0.396476 0.828194 0.392070 0.832599 0.392070 0.837004 0.396476 0.841410 0.400881 0.841410 0.405286 0.845815 0.409692 0.845815 0.414097 0.850220 0.414097 0.859031 0.431718 0.876652 0.436123 0.876652 0.440529 0.872247 0.440529 0.859031 0.431718 0.850220 0.427313 0.854626 0.422908 0.854626 0.418502 0.850220 0.414097 0.850220 0.409692 0.845815 0.409692 0.832599 0.405286 0.828194
0 0.101322 0.832599 0.092511 0.832599 0.088106 0.828194 0.079295 0.837004 0.074890 0.837004 0.070485 0.841410 0.066079 0.841410 0.066079 0.845815 0.057269 0.854626 0.057269 0.859031 0.013216 0.903084 0.008811 0.903084 0.004405 0.907489 0.000000 0.907489 0.000000 0.942731 0.022026 0.942731 0.030837 0.933921 0.035242 0.933921 0.039648 0.929515 0.044053 0.929515 0.048458 0.933921 0.052863 0.929515 0.057269 0.929515 0.061674 0.925110 0.061674 0.920705 0.066079 0.916300 0.066079 0.898678 0.074890 0.889868 0.079295 0.889868 0.083700 0.885463 0.088106 0.885463 0.096916 0.876652 0.096916 0.867841 0.092511 0.863436 0.088106 0.863436 0.083700 0.859031 0.083700 0.850220 0.088106 0.845815 0.092511 0.845815 0.096916 0.841410 0.101322 0.845815 0.105727 0.841410 0.105727 0.837004
0 0.722467 0.819383 0.709251 0.806167 0.704846 0.806167 0.696035 0.814978 0.696035 0.819383 0.687225 0.828194 0.691630 0.832599 0.696035 0.828194 0.700441 0.832599 0.704846 0.832599 0.709251 0.828194 0.713656 0.828194
0 0.656388 0.801762 0.651982 0.797357 0.647577 0.801762 0.643172 0.797357 0.638767 0.797357 0.634361 0.792952 0.629956 0.792952 0.625551 0.788546 0.616740 0.797357 0.612335 0.797357 0.607930 0.801762 0.603524 0.801762 0.599119 0.806167 0.599119 0.810573 0.603524 0.814978 0.603524 0.819383 0.612335 0.828194 0.621145 0.828194 0.625551 0.823789 0.625551 0.819383 0.634361 0.810573 0.638767 0.810573 0.643172 0.806167 0.651982 0.806167
0 0.977974 0.709251 0.973568 0.713656 0.969163 0.713656 0.955947 0.726872 0.955947 0.740088 0.960352 0.744493 0.960352 0.748899 0.969163 0.757709 0.977974 0.748899 0.982379 0.748899 0.986784 0.744493 0.995595 0.744493 0.995595 0.718062 0.991189 0.718062 0.986784 0.713656 0.982379 0.713656
0 0.000000 0.709251 0.000000 0.726872 0.013216 0.726872 0.017621 0.722467 0.035242 0.722467 0.039648 0.726872 0.044053 0.726872 0.052863 0.735683 0.057269 0.735683 0.066079 0.744493 0.066079 0.753304 0.070485 0.757709 0.074890 0.757709 0.079295 0.762115 0.079295 0.775330 0.074890 0.779736 0.074890 0.784141 0.066079 0.792952 0.066079 0.801762 0.061674 0.806167 0.057269 0.806167 0.052863 0.810573 0.052863 0.814978 0.048458 0.819383 0.044053 0.819383 0.039648 0.823789 0.039648 0.828194 0.044053 0.832599 0.048458 0.832599 0.052863 0.828194 0.052863 0.823789 0.061674 0.814978 0.061674 0.806167 0.066079 0.801762 0.070485 0.801762 0.074890 0.797357 0.088106 0.797357 0.101322 0.784141 0.101322 0.775330 0.096916 0.770925 0.092511 0.770925 0.088106 0.766520 0.083700 0.766520 0.079295 0.762115 0.079295 0.735683 0.074890 0.731278 0.074890 0.726872 0.070485 0.722467 0.044053 0.722467 0.039648 0.718062 0.035242 0.718062 0.030837 0.713656 0.008811 0.713656 0.004405 0.709251
0 0.590308 0.718062 0.599119 0.726872 0.603524 0.726872 0.607930 0.722467 0.612335 0.722467 0.616740 0.718062 0.638767 0.718062 0.643172 0.722467 0.651982 0.713656 0.643172 0.704846 0.616740 0.704846 0.612335 0.709251 0.594714 0.709251 0.590308 0.713656
0 0.687225 0.696035 0.682819 0.700441 0.682819 0.726872 0.674009 0.735683 0.678414 0.740088 0.682819 0.740088 0.687225 0.735683 0.691630 0.740088 0.696035 0.740088 0.700441 0.744493 0.700441 0.762115 0.704846 0.766520 0.709251 0.766520 0.713656 0.762115 0.713656 0.753304 0.709251 0.748899 0.704846 0.748899 0.696035 0.740088 0.696035 0.722467 0.704846 0.713656 0.700441 0.709251 0.700441 0.704846 0.696035 0.700441 0.691630 0.700441
0 0.762115 0.696035 0.762115 0.700441 0.766520 0.704846 0.766520 0.709251 0.770925 0.713656 0.775330 0.709251 0.779736 0.709251 0.784141 0.704846 0.788546 0.709251 0.792952 0.709251 0.828194 0.744493 0.837004 0.744493 0.841410 0.740088 0.841410 0.726872 0.837004 0.722467 0.832599 0.722467 0.814978 0.704846 0.801762 0.704846 0.797357 0.709251 0.792952 0.709251 0.788546 0.704846 0.784141 0.704846 0.770925 0.691630 0.766520 0.691630
0 0.422908 0.691630 0.418502 0.687225 0.409692 0.687225 0.383260 0.700441 0.370044 0.691630 0.348018 0.691630 0.330396 0.709251 0.321586 0.713656 0.303965 0.713656 0.295154 0.722467 0.277533 0.726872 0.251101 0.753304 0.246696 0.762115 0.237885 0.766520 0.193833 0.762115 0.154185 0.784141 0.136564 0.801762 0.123348 0.806167 0.118943 0.814978 0.127753 0.823789 0.136564 0.823789 0.145374 0.819383 0.145374 0.806167 0.171806 0.784141 0.198238 0.770925 0.211454 0.775330 0.215859 0.779736 0.215859 0.788546 0.207048 0.797357 0.207048 0.801762 0.180617 0.819383 0.176211 0.814978 0.167401 0.823789 0.162996 0.823789 0.162996 0.837004 0.158590 0.841410 0.154185 0.859031 0.171806 0.867841 0.193833 0.845815 0.215859 0.837004 0.237885 0.819383 0.246696 0.819383 0.251101 0.814978 0.255507 0.819383 0.264317 0.814978 0.268722 0.819383 0.290749 0.806167 0.303965 0.806167 0.308370 0.801762 0.321586 0.801762 0.325991 0.797357 0.321586 0.792952 0.281938 0.797357 0.255507 0.779736 0.255507 0.766520 0.259912 0.757709 0.277533 0.740088 0.286344 0.735683 0.299559 0.744493 0.299559 0.757709 0.317181 0.770925 0.321586 0.766520 0.330396 0.770925 0.343612 0.762115 0.356828 0.762115 0.370044 0.770925 0.374449 0.766520 0.374449 0.753304 0.378855 0.748899 0.387665 0.713656 0.405286 0.700441 0.409692 0.704846 0.418502 0.704846 0.422908 0.700441
0 0.259912 0.660793 0.255507 0.656388 0.242291 0.656388 0.229075 0.669604 0.224670 0.669604 0.220264 0.674009 0.202643 0.674009 0.193833 0.682819 0.193833 0.691630 0.198238 0.696035 0.202643 0.691630 0.207048 0.691630 0.211454 0.687225 0.224670 0.687225 0.229075 0.682819 0.233480 0.682819 0.237885 0.678414 0.246696 0.678414 0.251101 0.674009 0.255507 0.674009 0.259912 0.669604
0 0.000000 0.651982 0.000000 0.674009 0.004405 0.669604 0.008811 0.674009 0.022026 0.674009 0.026432 0.678414 0.035242 0.678414 0.039648 0.674009 0.039648 0.669604 0.022026 0.651982
0 0.493392 0.647577 0.488987 0.647577 0.480176 0.656388 0.475771 0.656388 0.471366 0.660793 0.466960 0.660793 0.462555 0.665198 0.458150 0.665198 0.453745 0.669604 0.458150 0.674009 0.458150 0.687225 0.453745 0.691630 0.462555 0.700441 0.480176 0.700441 0.484582 0.696035 0.475771 0.687225 0.471366 0.687225 0.466960 0.682819 0.466960 0.674009 0.471366 0.669604 0.475771 0.669604 0.480176 0.665198 0.484582 0.665198 0.497797 0.651982
0 0.621145 0.643172 0.621145 0.647577 0.625551 0.651982 0.651982 0.651982 0.656388 0.656388 0.660793 0.656388 0.665198 0.660793 0.669604 0.656388 0.674009 0.656388 0.682819 0.647577 0.682819 0.643172 0.674009 0.634361 0.651982 0.634361 0.647577 0.638767 0.643172 0.638767 0.638767 0.634361 0.634361 0.638767 0.625551 0.638767
0 0.991189 0.607930 0.986784 0.607930 0.982379 0.612335 0.977974 0.612335 0.973568 0.616740 0.969163 0.616740 0.964758 0.621145 0.955947 0.621145 0.951542 0.625551 0.938326 0.625551 0.933921 0.629956 0.925110 0.629956 0.920705 0.634361 0.920705 0.638767 0.916300 0.643172 0.920705 0.647577 0.920705 0.660793 0.925110 0.665198 0.925110 0.669604 0.933921 0.678414 0.942731 0.669604 0.942731 0.665198 0.947137 0.660793 0.951542 0.660793 0.955947 0.656388 0.960352 0.656388 0.964758 0.651982 0.969163 0.651982 0.973568 0.647577 0.982379 0.647577 0.986784 0.651982 0.991189 0.651982 0.995595 0.656388 0.995595 0.612335
0 0.035242 0.594714 0.044053 0.603524 0.044053 0.607930 0.048458 0.612335 0.048458 0.616740 0.052863 0.621145 0.061674 0.621145 0.066079 0.625551 0.074890 0.625551 0.079295 0.621145 0.057269 0.599119 0.052863 0.599119 0.044053 0.590308 0.039648 0.590308
0 0.123348 0.585903 0.114537 0.585903 0.105727 0.594714 0.105727 0.599119 0.110132 0.603524 0.110132 0.612335 0.114537 0.616740 0.118943 0.616740 0.127753 0.607930 0.127753 0.590308
0 0.233480 0.550661 0.229075 0.555066 0.229075 0.563877 0.224670 0.568282 0.224670 0.603524 0.220264 0.607930 0.220264 0.612335 0.224670 0.616740 0.229075 0.612335 0.229075 0.607930 0.237885 0.599119 0.237885 0.555066
0 0.202643 0.537445 0.189427 0.537445 0.180617 0.546256 0.180617 0.555066 0.189427 0.563877 0.193833 0.559471 0.198238 0.559471 0.207048 0.550661 0.207048 0.541850
0 0.070485 0.511013 0.061674 0.502203 0.057269 0.502203 0.052863 0.506608 0.052863 0.511013 0.048458 0.515419 0.048458 0.519824 0.044053 0.524229 0.039648 0.524229 0.035242 0.528634 0.030837 0.528634 0.026432 0.524229 0.022026 0.524229 0.017621 0.528634 0.017621 0.533040 0.026432 0.541850 0.039648 0.541850 0.044053 0.537445 0.044053 0.533040 0.052863 0.524229 0.057269 0.524229
0 0.356828 0.643172 0.370044 0.660793 0.427313 0.665198 0.440529 0.656388 0.440529 0.643172 0.462555 0.625551 0.458150 0.616740 0.462555 0.599119 0.471366 0.594714 0.480176 0.599119 0.488987 0.625551 0.502203 0.634361 0.550661 0.612335 0.546256 0.585903 0.563877 0.577093 0.577093 0.585903 0.581498 0.616740 0.559471 0.638767 0.519824 0.660793 0.528634 0.669604 0.581498 0.629956 0.629956 0.612335 0.669604 0.585903 0.678414 0.590308 0.700441 0.577093 0.722467 0.599119 0.748899 0.612335 0.779736 0.581498 0.792952 0.590308 0.797357 0.607930 0.823789 0.612335 0.837004 0.638767 0.859031 0.625551 0.867841 0.629956 0.876652 0.647577 0.872247 0.669604 0.889868 0.687225 0.903084 0.678414 0.881057 0.660793 0.894273 0.594714 0.881057 0.590308 0.859031 0.607930 0.832599 0.594714 0.823789 0.581498 0.823789 0.563877 0.837004 0.555066 0.859031 0.572687 0.872247 0.559471 0.863436 0.546256 0.850220 0.546256 0.828194 0.559471 0.775330 0.537445 0.691630 0.541850 0.665198 0.528634 0.638767 0.528634 0.616740 0.546256 0.599119 0.533040 0.599119 0.519824 0.607930 0.506608 0.585903 0.488987 0.577093 0.502203 0.594714 0.519824 0.594714 0.528634 0.572687 0.555066 0.563877 0.559471 0.559471 0.555066 0.528634 0.585903 0.511013 0.594714 0.466960 0.585903 0.440529 0.599119 0.414097 0.599119 0.400881 0.612335 0.370044 0.625551
0 0.753304 0.449339 0.744493 0.458150 0.744493 0.471366 0.753304 0.480176 0.753304 0.484582 0.757709 0.488987 0.757709 0.493392 0.762115 0.497797 0.766520 0.497797 0.770925 0.502203 0.775330 0.497797 0.775330 0.493392 0.779736 0.488987 0.779736 0.480176 0.775330 0.475771 0.775330 0.471366
0 0.422908 0.453745 0.427313 0.458150 0.427313 0.462555 0.440529 0.475771 0.444934 0.475771 0.449339 0.480176 0.462555 0.480176 0.471366 0.471366 0.462555 0.462555 0.449339 0.462555 0.444934 0.458150 0.440529 0.458150 0.436123 0.453745 0.431718 0.453745 0.427313 0.449339
0 0.656388 0.409692 0.651982 0.409692 0.647577 0.405286 0.638767 0.405286 0.634361 0.409692 0.629956 0.409692 0.616740 0.422908 0.612335 0.422908 0.607930 0.427313 0.603524 0.427313 0.599119 0.422908 0.594714 0.427313 0.594714 0.431718 0.590308 0.436123 0.585903 0.436123 0.581498 0.440529 0.577093 0.440529 0.572687 0.444934 0.568282 0.444934 0.563877 0.449339 0.563877 0.458150 0.568282 0.462555 0.585903 0.462555 0.590308 0.458150 0.590308 0.436123 0.594714 0.431718 0.599119 0.431718 0.603524 0.427313 0.607930 0.427313 0.612335 0.422908 0.616740 0.422908 0.621145 0.427313 0.625551 0.427313 0.629956 0.431718 0.634361 0.431718 0.638767 0.427313 0.638767 0.422908 0.651982 0.409692
0 0.453745 0.400881 0.444934 0.392070 0.431718 0.405286 0.431718 0.409692 0.427313 0.414097 0.427313 0.418502 0.422908 0.422908 0.418502 0.422908 0.414097 0.427313 0.409692 0.427313 0.405286 0.422908 0.400881 0.427313 0.409692 0.436123 0.414097 0.431718 0.418502 0.436123 0.422908 0.431718 0.427313 0.431718 0.431718 0.427313 0.436123 0.427313 0.440529 0.422908 0.444934 0.422908 0.453745 0.414097
0 0.704846 0.374449 0.700441 0.378855 0.700441 0.392070 0.696035 0.396476 0.691630 0.396476 0.687225 0.400881 0.682819 0.400881 0.674009 0.409692 0.669604 0.409692 0.678414 0.418502 0.691630 0.418502 0.696035 0.414097 0.696035 0.409692 0.700441 0.405286 0.700441 0.392070 0.704846 0.387665 0.709251 0.387665 0.713656 0.383260
0 0.074890 0.361233 0.066079 0.370044 0.066079 0.383260 0.052863 0.396476 0.048458 0.396476 0.035242 0.409692 0.035242 0.414097 0.039648 0.418502 0.057269 0.418502 0.070485 0.405286 0.070485 0.400881 0.074890 0.396476 0.074890 0.387665 0.083700 0.378855 0.083700 0.370044
0 0.207048 0.361233 0.211454 0.361233 0.215859 0.365639 0.220264 0.361233 0.224670 0.365639 0.229075 0.365639 0.246696 0.383260 0.255507 0.383260 0.259912 0.378855 0.264317 0.378855 0.268722 0.374449 0.273128 0.378855 0.281938 0.370044 0.286344 0.370044 0.290749 0.365639 0.308370 0.365639 0.312775 0.361233 0.312775 0.356828 0.303965 0.348018 0.295154 0.348018 0.277533 0.365639 0.273128 0.365639 0.268722 0.370044 0.264317 0.370044 0.259912 0.374449 0.251101 0.374449 0.246696 0.370044 0.242291 0.370044 0.237885 0.365639 0.233480 0.365639 0.229075 0.361233 0.229075 0.356828 0.220264 0.348018 0.215859 0.352423 0.215859 0.356828 0.211454 0.361233
0 0.171806 0.325991 0.167401 0.330396 0.167401 0.334802 0.162996 0.339207 0.171806 0.348018 0.171806 0.365639 0.176211 0.370044 0.176211 0.374449 0.180617 0.378855 0.185022 0.374449 0.185022 0.370044 0.193833 0.361233 0.198238 0.361233 0.193833 0.361233 0.189427 0.356828 0.189427 0.348018 0.185022 0.343612 0.185022 0.334802 0.180617 0.330396 0.176211 0.330396
0 0.964758 0.321586 0.960352 0.317181 0.955947 0.317181 0.951542 0.321586 0.951542 0.325991 0.947137 0.330396 0.942731 0.330396 0.938326 0.334802 0.929515 0.334802 0.925110 0.330396 0.911894 0.330396 0.907489 0.334802 0.907489 0.343612 0.916300 0.352423 0.938326 0.352423 0.942731 0.348018 0.942731 0.334802 0.947137 0.330396 0.951542 0.330396 0.955947 0.325991 0.960352 0.325991
0 0.885463 0.321586 0.881057 0.317181 0.872247 0.317181 0.863436 0.325991 0.863436 0.339207 0.859031 0.343612 0.854626 0.343612 0.850220 0.348018 0.845815 0.343612 0.841410 0.343612 0.837004 0.348018 0.832599 0.348018 0.828194 0.352423 0.823789 0.352423 0.819383 0.348018 0.814978 0.348018 0.806167 0.339207 0.797357 0.348018 0.797357 0.356828 0.801762 0.361233 0.801762 0.370044 0.806167 0.374449 0.814978 0.374449 0.819383 0.370044 0.819383 0.365639 0.823789 0.361233 0.828194 0.361233 0.832599 0.356828 0.837004 0.356828 0.841410 0.361233 0.859031 0.361233 0.863436 0.356828 0.867841 0.356828 0.876652 0.348018 0.876652 0.339207 0.881057 0.334802 0.881057 0.325991
0 0.449339 0.343612 0.444934 0.339207 0.427313 0.339207 0.422908 0.334802 0.418502 0.334802 0.409692 0.325991 0.409692 0.321586 0.405286 0.317181 0.400881 0.317181 0.396476 0.321586 0.396476 0.325991 0.392070 0.330396 0.387665 0.330396 0.383260 0.334802 0.378855 0.334802 0.365639 0.348018 0.365639 0.352423 0.361233 0.356828 0.365639 0.361233 0.365639 0.370044 0.374449 0.378855 0.378855 0.374449 0.378855 0.370044 0.383260 0.365639 0.383260 0.361233 0.387665 0.356828 0.387665 0.352423 0.392070 0.348018 0.392070 0.343612 0.396476 0.339207 0.400881 0.339207 0.405286 0.334802 0.409692 0.339207 0.414097 0.339207 0.418502 0.343612 0.422908 0.343612 0.431718 0.352423 0.440529 0.352423
0 0.506608 0.299559 0.497797 0.308370 0.502203 0.312775 0.502203 0.317181 0.506608 0.321586 0.511013 0.321586 0.519824 0.330396 0.519824 0.334802 0.524229 0.339207 0.537445 0.339207 0.541850 0.334802 0.537445 0.330396 0.537445 0.325991 0.528634 0.317181 0.528634 0.312775 0.524229 0.308370 0.519824 0.308370 0.511013 0.299559
0 0.647577 0.299559 0.651982 0.303965 0.656388 0.303965 0.665198 0.312775 0.669604 0.312775 0.674009 0.308370 0.687225 0.308370 0.691630 0.312775 0.696035 0.312775 0.700441 0.317181 0.704846 0.317181 0.713656 0.325991 0.718062 0.325991 0.722467 0.321586 0.722467 0.317181 0.726872 0.312775 0.731278 0.312775 0.735683 0.308370 0.740088 0.312775 0.744493 0.308370 0.744493 0.303965 0.740088 0.299559 0.735683 0.303965 0.726872 0.303965 0.722467 0.308370 0.718062 0.303965 0.713656 0.303965 0.709251 0.308370 0.704846 0.303965 0.700441 0.303965 0.696035 0.299559 0.691630 0.299559 0.687225 0.295154 0.682819 0.299559 0.665198 0.299559 0.660793 0.295154 0.651982 0.295154
0 0.837004 0.268722 0.837004 0.277533 0.841410 0.281938 0.845815 0.281938 0.854626 0.290749 0.867841 0.290749 0.872247 0.286344 0.872247 0.281938 0.876652 0.277533 0.881057 0.277533 0.885463 0.273128 0.894273 0.273128 0.898678 0.277533 0.911894 0.277533 0.916300 0.273128 0.916300 0.268722 0.911894 0.264317 0.898678 0.264317 0.889868 0.273128 0.885463 0.273128 0.881057 0.277533 0.876652 0.277533 0.872247 0.273128 0.867841 0.273128 0.863436 0.268722 0.854626 0.268722 0.850220 0.264317 0.841410 0.264317
0 0.096916 0.251101 0.092511 0.255507 0.092511 0.264317 0.096916 0.268722 0.096916 0.273128 0.101322 0.277533 0.101322 0.281938 0.114537 0.295154 0.114537 0.299559 0.118943 0.303965 0.123348 0.303965 0.127753 0.308370 0.132159 0.303965 0.132159 0.290749 0.136564 0.286344 0.140969 0.286344 0.140969 0.281938 0.136564 0.281938 0.127753 0.273128 0.123348 0.273128 0.118943 0.268722 0.114537 0.268722
0 0.361233 0.246696 0.352423 0.255507 0.352423 0.281938 0.356828 0.286344 0.370044 0.273128 0.370044 0.255507
0 0.528634 0.242291 0.528634 0.246696 0.533040 0.251101 0.537445 0.251101 0.550661 0.264317 0.555066 0.259912 0.568282 0.259912 0.572687 0.264317 0.577093 0.259912 0.581498 0.259912 0.594714 0.246696 0.590308 0.242291 0.581498 0.251101 0.577093 0.251101 0.572687 0.255507 0.563877 0.255507 0.559471 0.251101 0.555066 0.251101 0.550661 0.246696 0.546256 0.246696 0.541850 0.242291 0.537445 0.242291 0.533040 0.237885
0 0.823789 0.242291 0.823789 0.233480 0.819383 0.229075 0.814978 0.229075 0.810573 0.233480 0.806167 0.233480 0.801762 0.237885 0.784141 0.237885 0.779736 0.233480 0.775330 0.237885 0.784141 0.246696 0.784141 0.255507 0.788546 0.259912 0.797357 0.259912 0.801762 0.255507 0.810573 0.255507
0 0.920705 0.193833 0.920705 0.202643 0.929515 0.211454 0.933921 0.211454 0.942731 0.220264 0.947137 0.220264 0.951542 0.224670 0.960352 0.215859 0.964758 0.215859 0.969163 0.211454 0.982379 0.211454 0.986784 0.215859 0.991189 0.211454 0.995595 0.211454 0.991189 0.211454 0.986784 0.207048 0.982379 0.211454 0.969163 0.211454 0.964758 0.207048 0.951542 0.207048 0.947137 0.202643 0.942731 0.202643 0.938326 0.198238 0.938326 0.193833 0.933921 0.189427 0.925110 0.189427
0 0.700441 0.189427 0.700441 0.198238 0.704846 0.202643 0.709251 0.202643 0.713656 0.198238 0.731278 0.198238 0.735683 0.202643 0.744493 0.193833 0.744493 0.189427 0.740088 0.185022 0.726872 0.185022 0.722467 0.180617 0.718062 0.180617 0.713656 0.185022 0.709251 0.180617
0 0.162996 0.162996 0.158590 0.162996 0.154185 0.167401 0.154185 0.176211 0.158590 0.180617 0.158590 0.189427 0.162996 0.193833 0.162996 0.202643 0.158590 0.207048 0.154185 0.207048 0.145374 0.215859 0.145374 0.233480 0.149780 0.237885 0.154185 0.237885 0.167401 0.224670 0.167401 0.220264 0.171806 0.215859 0.171806 0.211454 0.176211 0.207048 0.176211 0.193833 0.180617 0.189427 0.171806 0.180617 0.171806 0.176211 0.167401 0.171806 0.167401 0.167401
0 0.361233 0.149780 0.352423 0.149780 0.339207 0.162996 0.334802 0.162996 0.325991 0.171806 0.325991 0.180617 0.317181 0.189427 0.317181 0.193833 0.321586 0.198238 0.325991 0.198238 0.339207 0.185022 0.339207 0.180617 0.348018 0.171806 0.352423 0.171806 0.365639 0.158590 0.365639 0.154185
0 0.753304 0.136564 0.757709 0.140969 0.762115 0.140969 0.766520 0.145374 0.770925 0.145374 0.784141 0.158590 0.788546 0.154185 0.792952 0.158590 0.797357 0.158590 0.801762 0.154185 0.801762 0.149780 0.792952 0.140969 0.788546 0.140969 0.784141 0.136564 0.775330 0.136564 0.770925 0.132159 0.766520 0.136564 0.762115 0.136564 0.757709 0.132159
0 0.511013 0.136564 0.515419 0.140969 0.524229 0.140969 0.528634 0.145374 0.533040 0.145374 0.537445 0.149780 0.541850 0.149780 0.559471 0.167401 0.568282 0.167401 0.577093 0.158590 0.577093 0.149780 0.572687 0.145374 0.546256 0.145374 0.541850 0.140969 0.533040 0.140969 0.528634 0.136564 0.524229 0.136564 0.519824 0.132159 0.515419 0.132159
0 0.682819 0.127753 0.674009 0.136564 0.674009 0.149780 0.665198 0.158590 0.665198 0.167401 0.660793 0.171806 0.656388 0.171806 0.651982 0.176211 0.651982 0.185022 0.656388 0.189427 0.665198 0.189427 0.687225 0.167401 0.687225 0.158590 0.682819 0.154185 0.682819 0.145374 0.687225 0.140969 0.687225 0.132159
0 0.881057 0.074890 0.876652 0.079295 0.876652 0.105727 0.867841 0.114537 0.863436 0.114537 0.859031 0.118943 0.841410 0.118943 0.837004 0.123348 0.837004 0.132159 0.845815 0.140969 0.854626 0.140969 0.876652 0.118943 0.881057 0.118943 0.885463 0.114537 0.881057 0.110132 0.881057 0.101322 0.885463 0.096916 0.885463 0.079295
0 0.647577 0.070485 0.643172 0.070485 0.638767 0.074890 0.643172 0.079295 0.643172 0.096916 0.638767 0.101322 0.634361 0.101322 0.629956 0.105727 0.638767 0.114537 0.643172 0.114537 0.647577 0.110132 0.647577 0.101322 0.651982 0.096916 0.651982 0.083700 0.656388 0.079295 0.656388 0.074890 0.651982 0.074890
0 0.207048 0.057269 0.202643 0.052863 0.189427 0.052863 0.185022 0.057269 0.171806 0.057269 0.158590 0.070485 0.154185 0.070485 0.149780 0.074890 0.136564 0.074890 0.127753 0.083700 0.127753 0.088106 0.132159 0.092511 0.145374 0.092511 0.154185 0.083700 0.154185 0.079295 0.158590 0.074890 0.162996 0.074890 0.167401 0.070485 0.176211 0.070485 0.180617 0.074890 0.185022 0.074890 0.189427 0.070485 0.193833 0.074890 0.198238 0.070485 0.202643 0.070485 0.207048 0.066079
0 0.674009 0.026432 0.669604 0.030837 0.669604 0.039648 0.674009 0.044053 0.674009 0.070485 0.678414 0.074890 0.682819 0.074890 0.687225 0.070485 0.687225 0.057269 0.682819 0.052863 0.682819 0.035242 0.687225 0.030837 0.682819 0.026432
0 0.370044 0.017621 0.361233 0.017621 0.356828 0.022026 0.356828 0.026432 0.361233 0.030837 0.361233 0.035242 0.365639 0.039648 0.365639 0.048458 0.361233 0.052863 0.356828 0.052863 0.352423 0.057269 0.348018 0.057269 0.330396 0.074890 0.330396 0.088106 0.339207 0.096916 0.343612 0.096916 0.352423 0.088106 0.356828 0.088106 0.361233 0.083700 0.361233 0.074890 0.356828 0.070485 0.356828 0.057269 0.361233 0.052863 0.365639 0.052863 0.370044 0.048458 0.374449 0.052863 0.378855 0.052863 0.383260 0.048458 0.383260 0.030837
0 0.792952 0.000000 0.792952 0.013216 0.801762 0.022026 0.806167 0.022026 0.814978 0.030837 0.814978 0.039648 0.823789 0.048458 0.828194 0.044053 0.828194 0.039648 0.814978 0.026432 0.814978 0.017621 0.806167 0.008811 0.806167 0.000000
0 0.581498 0.000000 0.559471 0.000000 0.559471 0.004405 0.555066 0.008811 0.555066 0.017621 0.550661 0.022026 0.555066 0.026432 0.555066 0.030837 0.559471 0.035242 0.563877 0.030837 0.568282 0.035242 0.572687 0.030837 0.572687 0.026432 0.577093 0.022026 0.577093 0.017621 0.581498 0.013216
0 0.092511 0.000000 0.074890 0.000000 0.074890 0.013216 0.066079 0.022026 0.066079 0.035242 0.061674 0.039648 0.061674 0.052863 0.057269 0.057269 0.057269 0.061674 0.048458 0.070485 0.048458 0.079295 0.052863 0.083700 0.057269 0.083700 0.061674 0.088106 0.074890 0.074890 0.074890 0.070485 0.079295 0.066079 0.079295 0.048458 0.083700 0.044053 0.079295 0.039648 0.079295 0.026432 0.083700 0.022026 0.083700 0.017621 0.092511 0.008811
