0 0.643172 0.929515 0.638767 0.933921 0.638767 0.947137 0.643172 0.951542 0.643172 0.955947 0.647577 0.960352 0.647577 0.973568 0.643172 0.977974 0.647577 0.982379 0.647577 0.991189 0.643172 0.995595 0.660793 0.995595 0.660793 0.991189 0.665198 0.986784 0.665198 0.973568 0.651982 0.960352 0.651982 0.938326
0 0.162996 0.806167 0.154185 0.806167 0.149780 0.810573 0.149780 0.841410 0.154185 0.845815 0.158590 0.841410 0.158590 0.837004 0.162996 0.832599 0.162996 0.828194 0.167401 0.823789 0.167401 0.810573
0 0.590308 0.810573 0.594714 0.814978 0.594714 0.823789 0.599119 0.828194 0.599119 0.832599 0.603524 0.837004 0.603524 0.841410 0.612335 0.850220 0.612335 0.859031 0.607930 0.863436 0.612335 0.867841 0.612335 0.872247 0.621145 0.881057 0.625551 0.881057 0.634361 0.889868 0.634361 0.894273 0.638767 0.898678 0.656388 0.898678 0.660793 0.894273 0.665198 0.898678 0.669604 0.898678 0.678414 0.907489 0.682819 0.907489 0.687225 0.911894 0.691630 0.911894 0.696035 0.916300 0.700441 0.916300 0.704846 0.920705 0.709251 0.920705 0.722467 0.933921 0.722467 0.942731 0.726872 0.947137 0.726872 0.960352 0.722467 0.964758 0.722467 0.969163 0.731278 0.982379 0.735683 0.977974 0.735683 0.964758 0.748899 0.955947 0.753304 0.960352 0.757709 0.960352 0.762115 0.964758 0.762115 0.969163 0.770925 0.977974 0.775330 0.977974 0.779736 0.973568 0.779736 0.964758 0.775330 0.960352 0.770925 0.960352 0.766520 0.955947 0.762115 0.955947 0.757709 0.960352 0.753304 0.960352 0.748899 0.955947 0.744493 0.955947 0.735683 0.947137 0.735683 0.938326 0.726872 0.929515 0.726872 0.925110 0.713656 0.911894 0.709251 0.911894 0.700441 0.903084 0.700441 0.894273 0.704846 0.889868 0.704846 0.885463 0.700441 0.881057 0.700441 0.876652 0.691630 0.867841 0.682819 0.876652 0.678414 0.876652 0.674009 0.881057 0.669604 0.876652 0.665198 0.876652 0.656388 0.867841 0.651982 0.867841 0.647577 0.872247 0.643172 0.867841 0.638767 0.867841 0.621145 0.850220 0.621145 0.837004 0.616740 0.832599 0.616740 0.828194 0.612335 0.823789 0.612335 0.819383 0.607930 0.814978 0.607930 0.810573 0.599119 0.801762
0 0.638767 0.792952 0.638767 0.801762 0.647577 0.810573 0.651982 0.806167 0.660793 0.806167 0.665198 0.801762 0.669604 0.801762 0.674009 0.806167 0.678414 0.806167 0.682819 0.810573 0.687225 0.810573 0.691630 0.814978 0.700441 0.814978 0.704846 0.810573 0.700441 0.806167 0.700441 0.801762 0.691630 0.792952 0.682819 0.792952 0.678414 0.797357 0.669604 0.797357 0.665198 0.792952 0.660793 0.797357 0.656388 0.792952 0.651982 0.792952 0.647577 0.788546 0.643172 0.788546
0 0.881057 0.775330 0.876652 0.775330 0.872247 0.770925 0.867841 0.770925 0.859031 0.779736 0.854626 0.779736 0.850220 0.784141 0.841410 0.784141 0.837004 0.779736 0.832599 0.779736 0.828194 0.775330 0.823789 0.779736 0.823789 0.784141 0.828194 0.788546 0.837004 0.788546 0.841410 0.784141 0.854626 0.784141 0.859031 0.788546 0.863436 0.788546 0.872247 0.797357 0.881057 0.788546
0 0.088106 0.757709 0.083700 0.757709 0.074890 0.766520 0.074890 0.770925 0.070485 0.775330 0.070485 0.779736 0.066079 0.784141 0.070485 0.788546 0.079295 0.788546 0.092511 0.775330 0.092511 0.762115
0 0.656388 0.687225 0.660793 0.691630 0.674009 0.691630 0.678414 0.696035 0.682819 0.696035 0.691630 0.704846 0.696035 0.704846 0.700441 0.709251 0.700441 0.713656 0.704846 0.718062 0.709251 0.713656 0.709251 0.709251 0.713656 0.704846 0.713656 0.700441 0.709251 0.696035 0.709251 0.691630 0.700441 0.682819 0.696035 0.687225 0.682819 0.687225 0.678414 0.682819 0.674009 0.682819 0.669604 0.678414 0.665198 0.678414
0 0.757709 0.660793 0.753304 0.665198 0.753304 0.678414 0.762115 0.687225 0.762115 0.691630 0.766520 0.696035 0.766520 0.704846 0.770925 0.709251 0.779736 0.709251 0.788546 0.700441 0.788546 0.696035 0.770925 0.678414 0.770925 0.674009
0 0.088106 0.625551 0.088106 0.629956 0.092511 0.634361 0.101322 0.634361 0.105727 0.638767 0.114537 0.638767 0.118943 0.643172 0.123348 0.643172 0.127753 0.647577 0.132159 0.647577 0.136564 0.651982 0.140969 0.651982 0.145374 0.656388 0.149780 0.656388 0.154185 0.651982 0.154185 0.643172 0.145374 0.634361 0.140969 0.634361 0.136564 0.629956 0.118943 0.629956 0.114537 0.625551 0.110132 0.625551 0.101322 0.616740 0.096916 0.616740
0 0.400881 0.590308 0.396476 0.594714 0.400881 0.599119 0.400881 0.612335 0.405286 0.616740 0.405286 0.621145 0.414097 0.629956 0.418502 0.629956 0.422908 0.625551 0.427313 0.625551 0.431718 0.621145 0.431718 0.612335 0.427313 0.607930 0.427313 0.603524 0.414097 0.590308 0.409692 0.594714 0.405286 0.590308
0 0.625551 0.577093 0.616740 0.585903 0.616740 0.594714 0.629956 0.607930 0.629956 0.612335 0.634361 0.616740 0.634361 0.625551 0.647577 0.638767 0.651982 0.638767 0.660793 0.629956 0.660793 0.621145 0.656388 0.616740 0.656388 0.612335 0.647577 0.603524 0.647577 0.599119 0.643172 0.594714 0.643172 0.590308 0.629956 0.577093
0 0.502203 0.559471 0.497797 0.572687 0.524229 0.625551 0.541850 0.651982 0.625551 0.731278 0.621145 0.744493 0.634361 0.757709 0.647577 0.757709 0.651982 0.762115 0.660793 0.757709 0.674009 0.766520 0.678414 0.762115 0.704846 0.770925 0.748899 0.806167 0.757709 0.823789 0.753304 0.854626 0.762115 0.867841 0.762115 0.885463 0.744493 0.894273 0.740088 0.903084 0.753304 0.911894 0.766520 0.903084 0.775330 0.907489 0.788546 0.933921 0.801762 0.947137 0.854626 0.973568 0.854626 0.995595 0.898678 0.995595 0.894273 0.982379 0.832599 0.951542 0.823789 0.942731 0.806167 0.938326 0.797357 0.929515 0.784141 0.894273 0.770925 0.881057 0.770925 0.867841 0.766520 0.863436 0.770925 0.832599 0.757709 0.801762 0.704846 0.757709 0.682819 0.757709 0.674009 0.753304 0.656388 0.731278 0.651982 0.735683 0.638767 0.731278 0.590308 0.682819 0.590308 0.669604 0.603524 0.660793 0.594714 0.647577 0.599119 0.612335 0.594714 0.607930 0.568282 0.612335 0.559471 0.607930 0.546256 0.590308 0.528634 0.599119 0.519824 0.594714
0 0.718062 0.546256 0.722467 0.550661 0.722467 0.555066 0.731278 0.563877 0.740088 0.563877 0.748899 0.555066 0.748899 0.546256 0.744493 0.541850 0.722467 0.541850
0 0.264317 0.453745 0.259912 0.458150 0.281938 0.480176 0.281938 0.497797 0.290749 0.506608 0.295154 0.506608 0.303965 0.515419 0.308370 0.511013 0.312775 0.511013 0.317181 0.515419 0.321586 0.511013 0.321586 0.506608 0.325991 0.502203 0.321586 0.497797 0.317181 0.497797 0.312775 0.493392 0.308370 0.493392 0.299559 0.484582 0.295154 0.484582 0.290749 0.480176 0.290749 0.475771 0.277533 0.462555 0.277533 0.458150 0.273128 0.453745
0 0.202643 0.414097 0.193833 0.422908 0.211454 0.440529 0.215859 0.440529 0.229075 0.453745 0.242291 0.440529 0.237885 0.436123 0.233480 0.436123 0.229075 0.431718 0.224670 0.431718 0.211454 0.418502 0.207048 0.418502
0 0.440529 0.374449 0.436123 0.378855 0.436123 0.383260 0.440529 0.387665 0.440529 0.392070 0.444934 0.396476 0.444934 0.400881 0.449339 0.405286 0.449339 0.409692 0.453745 0.414097 0.453745 0.422908 0.462555 0.431718 0.466960 0.427313 0.466960 0.400881 0.458150 0.392070 0.458150 0.387665 0.444934 0.374449
0 0.669604 0.330396 0.665198 0.334802 0.665198 0.339207 0.660793 0.343612 0.660793 0.348018 0.665198 0.352423 0.665198 0.356828 0.678414 0.370044 0.682819 0.365639 0.682819 0.334802 0.678414 0.330396
0 0.572687 0.330396 0.568282 0.334802 0.568282 0.343612 0.577093 0.352423 0.581498 0.352423 0.585903 0.356828 0.585903 0.374449 0.590308 0.378855 0.594714 0.374449 0.594714 0.356828 0.599119 0.352423 0.599119 0.348018 0.594714 0.343612 0.594714 0.334802 0.590308 0.330396
0 0.339207 0.303965 0.334802 0.308370 0.330396 0.303965 0.325991 0.308370 0.321586 0.308370 0.312775 0.317181 0.312775 0.330396 0.321586 0.339207 0.334802 0.325991 0.339207 0.325991 0.343612 0.321586 0.343612 0.317181 0.348018 0.312775
0 0.555066 0.268722 0.559471 0.273128 0.563877 0.273128 0.568282 0.268722 0.577093 0.268722 0.581498 0.264317 0.585903 0.268722 0.590308 0.264317 0.594714 0.264317 0.599119 0.268722 0.603524 0.264317 0.590308 0.251101 0.577093 0.251101 0.572687 0.255507 0.568282 0.255507
0 0.000000 0.246696 0.000000 0.295154 0.013216 0.299559 0.048458 0.334802 0.061674 0.374449 0.110132 0.440529 0.123348 0.484582 0.154185 0.511013 0.162996 0.506608 0.171806 0.511013 0.198238 0.546256 0.215859 0.555066 0.242291 0.581498 0.259912 0.585903 0.277533 0.603524 0.281938 0.599119 0.321586 0.603524 0.352423 0.616740 0.383260 0.651982 0.400881 0.656388 0.440529 0.691630 0.462555 0.735683 0.488987 0.757709 0.493392 0.753304 0.471366 0.731278 0.449339 0.687225 0.405286 0.647577 0.383260 0.638767 0.356828 0.607930 0.299559 0.585903 0.295154 0.590308 0.273128 0.585903 0.264317 0.577093 0.264317 0.568282 0.273128 0.559471 0.255507 0.533040 0.224670 0.550661 0.202643 0.537445 0.189427 0.519824 0.198238 0.497797 0.162996 0.462555 0.140969 0.480176 0.127753 0.471366 0.118943 0.436123 0.070485 0.370044 0.057269 0.334802 0.057269 0.325991 0.074890 0.317181 0.083700 0.299559 0.074890 0.290749 0.052863 0.286344 0.048458 0.290749 0.035242 0.281938 0.013216 0.290749 0.004405 0.286344 0.000000 0.273128 0.017621 0.259912
0 0.814978 0.246696 0.814978 0.251101 0.819383 0.255507 0.823789 0.255507 0.828194 0.259912 0.832599 0.259912 0.837004 0.264317 0.841410 0.264317 0.845815 0.268722 0.850220 0.268722 0.854626 0.273128 0.867841 0.273128 0.872247 0.268722 0.872247 0.264317 0.876652 0.259912 0.867841 0.251101 0.859031 0.251101 0.854626 0.246696 0.850220 0.246696 0.845815 0.242291 0.828194 0.242291 0.823789 0.237885
0 0.704846 0.198238 0.704846 0.207048 0.709251 0.211454 0.713656 0.211454 0.718062 0.215859 0.740088 0.215859 0.748899 0.207048 0.744493 0.202643 0.731278 0.202643 0.726872 0.198238 0.722467 0.198238 0.718062 0.193833 0.709251 0.193833
0 0.370044 0.189427 0.370044 0.229075 0.378855 0.237885 0.387665 0.237885 0.396476 0.229075 0.400881 0.229075 0.405286 0.224670 0.409692 0.229075 0.414097 0.229075 0.422908 0.237885 0.427313 0.233480 0.431718 0.237885 0.436123 0.233480 0.427313 0.224670 0.427313 0.220264 0.418502 0.211454 0.418502 0.207048 0.414097 0.202643 0.414097 0.189427 0.409692 0.185022 0.405286 0.189427 0.409692 0.193833 0.409692 0.202643 0.405286 0.207048 0.400881 0.207048 0.396476 0.211454 0.392070 0.211454 0.387665 0.207048 0.383260 0.207048 0.378855 0.202643 0.378855 0.189427 0.374449 0.185022
0 0.193833 0.171806 0.189427 0.176211 0.189427 0.193833 0.198238 0.202643 0.198238 0.215859 0.193833 0.220264 0.193833 0.224670 0.198238 0.229075 0.207048 0.229075 0.211454 0.224670 0.211454 0.220264 0.207048 0.215859 0.207048 0.207048 0.211454 0.202643 0.211454 0.198238 0.215859 0.193833
0 0.317181 0.149780 0.312775 0.149780 0.308370 0.154185 0.308370 0.167401 0.303965 0.171806 0.303965 0.176211 0.299559 0.180617 0.299559 0.189427 0.303965 0.193833 0.303965 0.202643 0.308370 0.207048 0.308370 0.211454 0.312775 0.215859 0.317181 0.211454 0.317181 0.207048 0.321586 0.202643 0.321586 0.176211 0.325991 0.171806 0.325991 0.162996 0.321586 0.158590 0.321586 0.154185
0 0.105727 0.118943 0.118943 0.132159 0.118943 0.136564 0.127753 0.145374 0.132159 0.145374 0.136564 0.149780 0.145374 0.149780 0.149780 0.145374 0.149780 0.140969 0.136564 0.127753 0.136564 0.123348 0.127753 0.114537 0.110132 0.114537
0 0.000000 0.088106 0.000000 0.110132 0.008811 0.105727 0.017621 0.110132 0.039648 0.145374 0.074890 0.176211 0.105727 0.224670 0.123348 0.273128 0.158590 0.303965 0.162996 0.321586 0.189427 0.370044 0.220264 0.400881 0.246696 0.409692 0.273128 0.427313 0.290749 0.431718 0.303965 0.444934 0.348018 0.444934 0.352423 0.440529 0.370044 0.449339 0.414097 0.493392 0.444934 0.506608 0.480176 0.541850 0.484582 0.537445 0.449339 0.497797 0.418502 0.484582 0.378855 0.449339 0.370044 0.436123 0.365639 0.440529 0.352423 0.431718 0.343612 0.436123 0.312775 0.436123 0.295154 0.422908 0.277533 0.418502 0.259912 0.405286 0.224670 0.392070 0.189427 0.352423 0.167401 0.308370 0.162996 0.286344 0.140969 0.277533 0.132159 0.268722 0.127753 0.251101 0.118943 0.242291 0.114537 0.220264 0.083700 0.171806 0.048458 0.140969 0.026432 0.105727 0.004405 0.083700
0 0.237885 0.079295 0.233480 0.083700 0.233480 0.101322 0.237885 0.105727 0.237885 0.127753 0.242291 0.132159 0.246696 0.127753 0.251101 0.127753 0.255507 0.123348 0.255507 0.114537 0.259912 0.110132 0.259912 0.096916 0.242291 0.079295
0 0.845815 0.044053 0.841410 0.044053 0.832599 0.052863 0.832599 0.057269 0.823789 0.066079 0.823789 0.088106 0.828194 0.092511 0.832599 0.088106 0.832599 0.079295 0.837004 0.074890 0.837004 0.061674 0.841410 0.057269 0.845815 0.057269 0.850220 0.052863 0.850220 0.048458
0 0.180617 0.026432 0.176211 0.030837 0.176211 0.035242 0.171806 0.039648 0.171806 0.061674 0.167401 0.066079 0.162996 0.066079 0.154185 0.074890 0.154185 0.088106 0.162996 0.096916 0.167401 0.096916 0.171806 0.092511 0.171806 0.088106 0.176211 0.083700 0.176211 0.070485 0.171806 0.066079 0.171806 0.057269 0.180617 0.048458 0.180617 0.044053 0.185022 0.039648 0.185022 0.030837
0 0.317181 0.017621 0.308370 0.026432 0.312775 0.030837 0.330396 0.030837 0.334802 0.035242 0.339207 0.035242 0.348018 0.044053 0.348018 0.061674 0.361233 0.074890 0.370044 0.066079 0.365639 0.061674 0.365639 0.048458 0.356828 0.039648 0.356828 0.030837 0.348018 0.022026 0.343612 0.026432 0.339207 0.026432 0.334802 0.022026 0.330396 0.022026 0.325991 0.017621
