0 0.277533 0.964758 0.273128 0.960352 0.264317 0.960352 0.259912 0.955947 0.255507 0.955947 0.251101 0.960352 0.246696 0.955947 0.242291 0.960352 0.237885 0.960352 0.233480 0.964758 0.229075 0.964758 0.224670 0.969163 0.220264 0.969163 0.215859 0.973568 0.215859 0.982379 0.220264 0.982379 0.229075 0.973568 0.233480 0.973568 0.237885 0.969163 0.242291 0.969163 0.246696 0.973568 0.251101 0.969163 0.255507 0.969163 0.259912 0.973568 0.273128 0.973568 0.277533 0.969163
0 0.854626 0.889868 0.854626 0.894273 0.876652 0.916300 0.885463 0.916300 0.889868 0.911894 0.894273 0.911894 0.903084 0.903084 0.894273 0.894273 0.889868 0.894273 0.881057 0.885463 0.876652 0.889868 0.863436 0.889868 0.859031 0.885463
0 0.123348 0.854626 0.118943 0.859031 0.132159 0.872247 0.136564 0.872247 0.140969 0.876652 0.140969 0.881057 0.145374 0.885463 0.145374 0.889868 0.158590 0.903084 0.162996 0.903084 0.167401 0.898678 0.167401 0.894273 0.158590 0.885463 0.158590 0.881057 0.154185 0.876652 0.149780 0.876652 0.145374 0.872247 0.145374 0.854626 0.140969 0.850220 0.132159 0.850220 0.127753 0.854626
0 0.418502 0.845815 0.409692 0.854626 0.409692 0.859031 0.405286 0.863436 0.405286 0.872247 0.414097 0.881057 0.418502 0.881057 0.422908 0.885463 0.431718 0.876652 0.431718 0.859031
0 0.951542 0.828194 0.951542 0.832599 0.955947 0.837004 0.955947 0.841410 0.960352 0.845815 0.973568 0.845815 0.977974 0.841410 0.991189 0.841410 0.995595 0.845815 0.995595 0.837004 0.991189 0.832599 0.986784 0.832599 0.982379 0.828194 0.973568 0.828194 0.969163 0.823789 0.955947 0.823789
0 0.814978 0.823789 0.806167 0.814978 0.797357 0.823789 0.797357 0.828194 0.792952 0.832599 0.788546 0.832599 0.784141 0.837004 0.779736 0.837004 0.775330 0.841410 0.770925 0.841410 0.766520 0.845815 0.770925 0.850220 0.788546 0.850220 0.792952 0.854626 0.801762 0.845815 0.801762 0.841410 0.806167 0.837004 0.810573 0.837004 0.814978 0.832599
0 0.277533 0.810573 0.273128 0.814978 0.273128 0.819383 0.264317 0.828194 0.264317 0.837004 0.268722 0.841410 0.268722 0.854626 0.259912 0.863436 0.259912 0.867841 0.268722 0.876652 0.273128 0.876652 0.277533 0.872247 0.277533 0.859031 0.273128 0.854626 0.273128 0.841410 0.281938 0.832599 0.281938 0.814978
0 0.096916 0.735683 0.092511 0.740088 0.092511 0.744493 0.088106 0.748899 0.088106 0.757709 0.096916 0.766520 0.101322 0.766520 0.105727 0.770925 0.114537 0.762115 0.114537 0.744493 0.110132 0.740088 0.105727 0.740088 0.101322 0.735683
0 0.202643 0.722467 0.198238 0.726872 0.198238 0.735683 0.202643 0.740088 0.207048 0.740088 0.233480 0.766520 0.233480 0.775330 0.237885 0.779736 0.237885 0.784141 0.246696 0.792952 0.255507 0.792952 0.259912 0.788546 0.255507 0.784141 0.255507 0.779736 0.251101 0.775330 0.251101 0.762115 0.229075 0.740088 0.224670 0.740088 0.207048 0.722467
0 0.687225 0.696035 0.700441 0.709251 0.718062 0.709251 0.722467 0.713656 0.726872 0.713656 0.735683 0.722467 0.748899 0.722467 0.753304 0.718062 0.753304 0.704846 0.748899 0.700441 0.744493 0.700441 0.735683 0.691630 0.726872 0.691630 0.722467 0.687225 0.713656 0.687225 0.709251 0.691630 0.704846 0.687225 0.700441 0.687225 0.696035 0.691630 0.691630 0.691630
0 0.841410 0.682819 0.832599 0.674009 0.828194 0.678414 0.828194 0.682819 0.819383 0.691630 0.814978 0.691630 0.810573 0.696035 0.801762 0.696035 0.797357 0.700441 0.797357 0.704846 0.792952 0.709251 0.792952 0.713656 0.788546 0.718062 0.792952 0.722467 0.806167 0.722467 0.823789 0.704846 0.823789 0.696035 0.832599 0.687225 0.837004 0.687225
0 0.189427 0.691630 0.193833 0.696035 0.193833 0.700441 0.198238 0.704846 0.202643 0.704846 0.207048 0.700441 0.211454 0.700441 0.220264 0.691630 0.224670 0.691630 0.229075 0.687225 0.246696 0.687225 0.251101 0.691630 0.255507 0.691630 0.259912 0.687225 0.259912 0.682819 0.251101 0.674009 0.215859 0.674009 0.211454 0.678414 0.202643 0.678414 0.198238 0.682819 0.193833 0.682819 0.189427 0.687225
0 0.960352 0.660793 0.955947 0.665198 0.960352 0.669604 0.960352 0.691630 0.955947 0.696035 0.955947 0.709251 0.960352 0.713656 0.969163 0.713656 0.977974 0.704846 0.977974 0.700441 0.982379 0.696035 0.986784 0.696035 0.991189 0.691630 0.995595 0.691630 0.995595 0.682819 0.991189 0.687225 0.986784 0.682819 0.982379 0.682819
0 0.753304 0.599119 0.744493 0.607930 0.744493 0.616740 0.753304 0.625551 0.757709 0.625551 0.762115 0.629956 0.766520 0.629956 0.766520 0.625551 0.770925 0.621145 0.770925 0.612335 0.757709 0.599119
0 0.995595 0.590308 0.991189 0.590308 0.986784 0.585903 0.973568 0.585903 0.964758 0.594714 0.964758 0.599119 0.955947 0.607930 0.955947 0.612335 0.951542 0.616740 0.951542 0.625551 0.955947 0.629956 0.960352 0.629956 0.973568 0.616740 0.973568 0.612335 0.986784 0.599119 0.991189 0.599119 0.995595 0.594714
0 0.193833 0.572687 0.189427 0.577093 0.185022 0.577093 0.180617 0.581498 0.180617 0.607930 0.176211 0.612335 0.176211 0.621145 0.180617 0.625551 0.180617 0.629956 0.189427 0.638767 0.198238 0.638767 0.202643 0.634361 0.207048 0.634361 0.211454 0.629956 0.215859 0.629956 0.220264 0.625551 0.220264 0.616740 0.211454 0.607930 0.211454 0.594714 0.207048 0.590308 0.207048 0.585903
0 0.303965 0.563877 0.312775 0.572687 0.317181 0.572687 0.321586 0.577093 0.321586 0.581498 0.330396 0.590308 0.330396 0.594714 0.343612 0.607930 0.348018 0.607930 0.361233 0.621145 0.361233 0.625551 0.365639 0.629956 0.365639 0.656388 0.374449 0.665198 0.378855 0.660793 0.378855 0.656388 0.383260 0.651982 0.387665 0.651982 0.392070 0.647577 0.396476 0.651982 0.400881 0.651982 0.405286 0.647577 0.405286 0.643172 0.400881 0.638767 0.400881 0.625551 0.396476 0.621145 0.396476 0.612335 0.392070 0.607930 0.392070 0.577093 0.383260 0.568282 0.374449 0.568282 0.370044 0.572687 0.370044 0.577093 0.365639 0.581498 0.365639 0.590308 0.361233 0.594714 0.356828 0.594714 0.352423 0.599119 0.348018 0.594714 0.343612 0.594714 0.339207 0.590308 0.339207 0.585903 0.325991 0.572687 0.325991 0.568282 0.317181 0.559471 0.308370 0.559471
0 0.903084 0.555066 0.898678 0.555066 0.894273 0.559471 0.894273 0.568282 0.885463 0.577093 0.885463 0.585903 0.881057 0.590308 0.889868 0.599119 0.903084 0.599119 0.907489 0.594714 0.907489 0.559471
0 0.502203 0.484582 0.497797 0.488987 0.497797 0.493392 0.502203 0.497797 0.502203 0.506608 0.506608 0.511013 0.515419 0.511013 0.519824 0.515419 0.524229 0.511013 0.524229 0.497797 0.511013 0.484582
0 0.348018 0.484582 0.339207 0.493392 0.334802 0.493392 0.330396 0.497797 0.325991 0.497797 0.321586 0.502203 0.321586 0.519824 0.348018 0.546256 0.348018 0.550661 0.352423 0.555066 0.361233 0.546256 0.361233 0.541850 0.356828 0.537445 0.356828 0.493392
0 0.735683 0.458150 0.722467 0.458150 0.718062 0.462555 0.718062 0.475771 0.722467 0.480176 0.722467 0.484582 0.726872 0.488987 0.731278 0.484582 0.735683 0.484582 0.744493 0.475771 0.744493 0.466960
0 0.669604 0.458150 0.665198 0.458150 0.660793 0.462555 0.660793 0.493392 0.656388 0.497797 0.656388 0.511013 0.660793 0.515419 0.665198 0.515419 0.674009 0.506608 0.674009 0.488987 0.678414 0.484582 0.678414 0.475771 0.682819 0.471366 0.682819 0.466960 0.678414 0.462555 0.674009 0.462555
0 0.911894 0.453745 0.885463 0.480176 0.885463 0.484582 0.894273 0.493392 0.898678 0.493392 0.911894 0.506608 0.916300 0.502203 0.911894 0.497797 0.911894 0.471366 0.916300 0.466960 0.916300 0.458150
0 0.612335 0.436123 0.607930 0.431718 0.599119 0.431718 0.590308 0.440529 0.585903 0.440529 0.572687 0.453745 0.577093 0.458150 0.594714 0.458150 0.612335 0.440529
0 0.506608 0.427313 0.515419 0.436123 0.524229 0.436123 0.528634 0.440529 0.533040 0.440529 0.541850 0.449339 0.546256 0.449339 0.550661 0.444934 0.550661 0.431718 0.537445 0.418502 0.515419 0.418502
0 0.321586 0.414097 0.312775 0.422908 0.312775 0.427313 0.317181 0.431718 0.317181 0.436123 0.321586 0.440529 0.325991 0.436123 0.330396 0.440529 0.334802 0.440529 0.352423 0.458150 0.352423 0.466960 0.356828 0.471366 0.361233 0.466960 0.361233 0.444934 0.365639 0.440529 0.361233 0.436123 0.361233 0.427313 0.356828 0.427313 0.352423 0.431718 0.343612 0.431718 0.339207 0.427313 0.334802 0.427313 0.330396 0.422908 0.330396 0.418502 0.325991 0.414097
0 0.797357 0.325991 0.792952 0.330396 0.801762 0.339207 0.801762 0.343612 0.806167 0.348018 0.806167 0.352423 0.819383 0.365639 0.823789 0.361233 0.823789 0.348018 0.828194 0.343612 0.828194 0.339207 0.823789 0.334802 0.819383 0.334802 0.814978 0.330396 0.801762 0.330396
0 0.731278 0.317181 0.726872 0.321586 0.726872 0.330396 0.722467 0.334802 0.722467 0.343612 0.735683 0.356828 0.735683 0.378855 0.726872 0.387665 0.722467 0.387665 0.718062 0.392070 0.722467 0.396476 0.731278 0.387665 0.735683 0.387665 0.740088 0.383260 0.744493 0.387665 0.748899 0.387665 0.757709 0.396476 0.757709 0.418502 0.762115 0.422908 0.762115 0.427313 0.770925 0.436123 0.788546 0.436123 0.792952 0.431718 0.792952 0.427313 0.788546 0.422908 0.788546 0.418502 0.766520 0.396476 0.762115 0.396476 0.753304 0.387665 0.753304 0.361233 0.744493 0.352423 0.744493 0.348018 0.740088 0.343612 0.740088 0.325991
0 0.466960 0.317181 0.453745 0.330396 0.458150 0.334802 0.462555 0.334802 0.466960 0.339207 0.475771 0.339207 0.484582 0.330396 0.484582 0.321586 0.480176 0.317181
0 0.255507 0.317181 0.251101 0.321586 0.255507 0.325991 0.259912 0.325991 0.268722 0.334802 0.268722 0.352423 0.277533 0.361233 0.281938 0.361233 0.290749 0.352423 0.290749 0.348018 0.281938 0.339207 0.281938 0.330396 0.273128 0.321586 0.259912 0.321586
0 0.577093 0.317181 0.577093 0.325991 0.581498 0.325991 0.585903 0.330396 0.599119 0.330396 0.607930 0.321586 0.603524 0.317181 0.603524 0.312775 0.599119 0.308370 0.590308 0.308370 0.585903 0.312775 0.581498 0.312775
0 0.541850 0.308370 0.533040 0.317181 0.533040 0.321586 0.537445 0.325991 0.537445 0.334802 0.546256 0.343612 0.546256 0.361233 0.541850 0.365639 0.550661 0.374449 0.555066 0.374449 0.563877 0.365639 0.559471 0.361233 0.559471 0.356828 0.555066 0.352423 0.555066 0.343612 0.559471 0.339207 0.559471 0.325991 0.555066 0.325991 0.546256 0.317181 0.546256 0.312775
0 0.691630 0.299559 0.687225 0.299559 0.682819 0.303965 0.682819 0.308370 0.674009 0.317181 0.674009 0.325991 0.669604 0.330396 0.674009 0.334802 0.674009 0.343612 0.678414 0.348018 0.682819 0.348018 0.687225 0.343612 0.687225 0.339207 0.691630 0.334802 0.691630 0.312775 0.696035 0.308370 0.696035 0.303965
0 0.757709 0.233480 0.753304 0.237885 0.753304 0.242291 0.770925 0.259912 0.775330 0.259912 0.779736 0.255507 0.779736 0.251101 0.784141 0.246696 0.775330 0.237885 0.770925 0.237885 0.766520 0.233480
0 0.903084 0.185022 0.898678 0.189427 0.898678 0.193833 0.911894 0.207048 0.911894 0.211454 0.916300 0.215859 0.916300 0.237885 0.911894 0.242291 0.911894 0.251101 0.916300 0.255507 0.920705 0.255507 0.925110 0.259912 0.929515 0.255507 0.929515 0.233480 0.938326 0.224670 0.938326 0.220264 0.942731 0.215859 0.911894 0.185022
0 0.537445 0.185022 0.519824 0.202643 0.519824 0.211454 0.515419 0.215859 0.515419 0.224670 0.519824 0.229075 0.533040 0.229075 0.537445 0.224670 0.537445 0.207048 0.541850 0.202643 0.541850 0.189427
0 0.792952 0.180617 0.784141 0.189427 0.784141 0.198238 0.797357 0.211454 0.806167 0.211454 0.810573 0.215859 0.814978 0.215859 0.819383 0.211454 0.819383 0.207048 0.806167 0.193833 0.806167 0.189427 0.797357 0.180617
0 0.594714 0.132159 0.590308 0.127753 0.585903 0.127753 0.577093 0.118943 0.563877 0.118943 0.559471 0.114537 0.555066 0.118943 0.555066 0.132159 0.546256 0.140969 0.541850 0.140969 0.537445 0.145374 0.537445 0.158590 0.541850 0.162996 0.546256 0.162996 0.550661 0.158590 0.550661 0.140969 0.555066 0.136564 0.559471 0.136564 0.563877 0.132159 0.568282 0.136564 0.577093 0.136564 0.581498 0.140969 0.585903 0.140969 0.590308 0.145374 0.594714 0.140969
0 0.405286 0.114537 0.396476 0.123348 0.400881 0.127753 0.400881 0.132159 0.414097 0.145374 0.414097 0.154185 0.418502 0.158590 0.418502 0.176211 0.414097 0.180617 0.414097 0.185022 0.409692 0.189427 0.414097 0.193833 0.414097 0.202643 0.400881 0.215859 0.400881 0.220264 0.396476 0.224670 0.396476 0.229075 0.400881 0.233480 0.405286 0.229075 0.409692 0.229075 0.414097 0.224670 0.414097 0.202643 0.418502 0.198238 0.422908 0.198238 0.427313 0.193833 0.431718 0.198238 0.436123 0.198238 0.440529 0.202643 0.440529 0.207048 0.444934 0.211454 0.449339 0.211454 0.453745 0.215859 0.458150 0.215859 0.466960 0.224670 0.466960 0.242291 0.462555 0.246696 0.458150 0.246696 0.453745 0.251101 0.444934 0.251101 0.436123 0.259912 0.436123 0.264317 0.431718 0.268722 0.436123 0.273128 0.444934 0.273128 0.462555 0.255507 0.466960 0.255507 0.471366 0.251101 0.471366 0.242291 0.475771 0.237885 0.480176 0.237885 0.488987 0.229075 0.488987 0.220264 0.484582 0.215859 0.480176 0.215859 0.475771 0.211454 0.471366 0.211454 0.453745 0.193833 0.449339 0.198238 0.444934 0.198238 0.440529 0.193833 0.436123 0.193833 0.431718 0.189427 0.431718 0.149780 0.418502 0.136564 0.418502 0.132159 0.414097 0.127753 0.414097 0.123348
0 0.713656 0.070485 0.709251 0.074890 0.731278 0.096916 0.731278 0.101322 0.735683 0.105727 0.735683 0.123348 0.744493 0.132159 0.753304 0.132159 0.757709 0.127753 0.757709 0.118943 0.753304 0.114537 0.753304 0.105727 0.748899 0.101322 0.748899 0.096916 0.735683 0.083700 0.735683 0.079295 0.731278 0.074890 0.726872 0.074890 0.722467 0.070485
0 0.264317 0.022026 0.268722 0.057269 0.303965 0.066079 0.334802 0.140969 0.321586 0.202643 0.308370 0.211454 0.277533 0.198238 0.295154 0.224670 0.321586 0.215859 0.343612 0.255507 0.330396 0.299559 0.348018 0.343612 0.325991 0.356828 0.361233 0.387665 0.365639 0.418502 0.396476 0.418502 0.422908 0.515419 0.471366 0.563877 0.466960 0.621145 0.497797 0.629956 0.519824 0.656388 0.502203 0.696035 0.515419 0.700441 0.533040 0.678414 0.519824 0.651982 0.546256 0.629956 0.594714 0.678414 0.638767 0.766520 0.616740 0.770925 0.616740 0.788546 0.585903 0.806167 0.563877 0.792952 0.559471 0.757709 0.537445 0.740088 0.471366 0.744493 0.466960 0.704846 0.436123 0.660793 0.400881 0.674009 0.427313 0.722467 0.497797 0.779736 0.577093 0.889868 0.599119 0.969163 0.625551 0.995595 0.735683 0.995595 0.766520 0.951542 0.806167 0.964758 0.828194 0.942731 0.894273 0.995595 0.819383 0.916300 0.775330 0.911894 0.726872 0.841410 0.669604 0.841410 0.678414 0.819383 0.656388 0.797357 0.629956 0.722467 0.647577 0.700441 0.638767 0.656388 0.660793 0.643172 0.651982 0.612335 0.612335 0.634361 0.599119 0.616740 0.603524 0.572687 0.577093 0.555066 0.559471 0.577093 0.599119 0.629956 0.585903 0.647577 0.519824 0.585903 0.493392 0.585903 0.436123 0.506608 0.440529 0.488987 0.466960 0.484582 0.458150 0.471366 0.431718 0.484582 0.414097 0.453745 0.418502 0.440529 0.449339 0.436123 0.444934 0.409692 0.405286 0.414097 0.392070 0.374449 0.356828 0.339207 0.343612 0.303965 0.356828 0.259912 0.330396 0.215859 0.339207 0.123348 0.303965 0.048458
0 0.612335 0.013216 0.607930 0.013216 0.599119 0.022026 0.599119 0.044053 0.594714 0.048458 0.594714 0.052863 0.603524 0.061674 0.625551 0.039648 0.625551 0.026432
0 0.000000 0.000000 0.000000 0.013216 0.026432 0.035242 0.035242 0.052863 0.048458 0.066079 0.052863 0.079295 0.070485 0.096916 0.074890 0.105727 0.074890 0.123348 0.088106 0.140969 0.088106 0.162996 0.070485 0.171806 0.052863 0.158590 0.044053 0.162996 0.030837 0.154185 0.017621 0.162996 0.004405 0.154185 0.004405 0.140969 0.000000 0.136564 0.000000 0.167401 0.026432 0.185022 0.070485 0.229075 0.074890 0.242291 0.162996 0.325991 0.162996 0.334802 0.158590 0.339207 0.189427 0.356828 0.202643 0.370044 0.207048 0.392070 0.215859 0.400881 0.220264 0.392070 0.211454 0.378855 0.207048 0.361233 0.176211 0.334802 0.176211 0.325991 0.149780 0.299559 0.145374 0.299559 0.079295 0.229075 0.079295 0.215859 0.096916 0.189427 0.092511 0.185022 0.092511 0.176211 0.105727 0.162996 0.101322 0.158590 0.101322 0.145374 0.118943 0.132159 0.110132 0.118943 0.096916 0.127753 0.083700 0.118943 0.083700 0.105727 0.079295 0.101322 0.083700 0.066079 0.070485 0.048458 0.070485 0.039648 0.066079 0.035242 0.057269 0.035242 0.052863 0.039648 0.039648 0.035242 0.030837 0.026432 0.030837 0.017621 0.035242 0.013216 0.026432 0.000000
