0 0.030837 0.929515 0.030837 0.933921 0.035242 0.938326 0.048458 0.938326 0.052863 0.942731 0.057269 0.942731 0.066079 0.951542 0.074890 0.951542 0.079295 0.947137 0.079295 0.938326 0.074890 0.933921 0.061674 0.933921 0.057269 0.929515 0.052863 0.929515 0.048458 0.925110 0.035242 0.925110
0 0.929515 0.850220 0.929515 0.854626 0.938326 0.863436 0.955947 0.863436 0.960352 0.859031 0.964758 0.863436 0.969163 0.863436 0.973568 0.859031 0.973568 0.854626 0.969163 0.850220 0.964758 0.850220 0.955947 0.841410 0.951542 0.841410 0.947137 0.837004 0.938326 0.837004 0.933921 0.841410 0.933921 0.845815
0 0.638767 0.810573 0.634361 0.814978 0.629956 0.814978 0.625551 0.819383 0.625551 0.828194 0.629956 0.832599 0.629956 0.837004 0.638767 0.845815 0.643172 0.845815 0.647577 0.850220 0.651982 0.845815 0.651982 0.841410 0.656388 0.837004 0.656388 0.832599 0.651982 0.828194 0.647577 0.828194 0.643172 0.823789 0.643172 0.814978
0 0.537445 0.788546 0.528634 0.797357 0.528634 0.810573 0.533040 0.814978 0.533040 0.819383 0.537445 0.823789 0.537445 0.832599 0.555066 0.850220 0.555066 0.854626 0.559471 0.859031 0.568282 0.850220 0.568282 0.841410 0.563877 0.837004 0.563877 0.828194 0.559471 0.823789 0.559471 0.814978 0.555066 0.810573 0.555066 0.806167 0.550661 0.801762 0.550661 0.797357 0.546256 0.792952 0.541850 0.792952
0 0.409692 0.757709 0.405286 0.762115 0.405286 0.766520 0.409692 0.770925 0.409692 0.784141 0.414097 0.788546 0.414097 0.792952 0.422908 0.801762 0.431718 0.801762 0.436123 0.797357 0.436123 0.775330 0.431718 0.770925 0.431718 0.766520 0.427313 0.762115 0.422908 0.762115 0.418502 0.757709
0 0.590308 0.731278 0.599119 0.740088 0.603524 0.740088 0.607930 0.744493 0.629956 0.744493 0.634361 0.748899 0.638767 0.748899 0.651982 0.757709 0.665198 0.757709 0.669604 0.762115 0.682819 0.762115 0.687225 0.766520 0.696035 0.766520 0.700441 0.770925 0.704846 0.770925 0.722467 0.788546 0.731278 0.788546 0.735683 0.792952 0.744493 0.792952 0.748899 0.797357 0.753304 0.797357 0.757709 0.801762 0.762115 0.801762 0.788546 0.828194 0.801762 0.814978 0.806167 0.814978 0.810573 0.810573 0.814978 0.810573 0.828194 0.801762 0.832599 0.806167 0.837004 0.806167 0.841410 0.801762 0.841410 0.797357 0.837004 0.792952 0.828194 0.792952 0.823789 0.797357 0.819383 0.797357 0.814978 0.792952 0.810573 0.792952 0.806167 0.788546 0.806167 0.779736 0.801762 0.775330 0.797357 0.775330 0.788546 0.766520 0.770925 0.766520 0.766520 0.762115 0.762115 0.762115 0.753304 0.748899 0.748899 0.748899 0.731278 0.766520 0.726872 0.766520 0.722467 0.770925 0.718062 0.770925 0.713656 0.766520 0.709251 0.766520 0.704846 0.762115 0.700441 0.762115 0.696035 0.757709 0.696035 0.748899 0.700441 0.744493 0.700441 0.731278 0.696035 0.726872 0.691630 0.726872 0.687225 0.731278 0.687225 0.744493 0.674009 0.753304 0.669604 0.748899 0.651982 0.748899 0.647577 0.744493 0.643172 0.744493 0.629956 0.735683 0.612335 0.735683 0.599119 0.726872 0.594714 0.726872
0 0.709251 0.669604 0.704846 0.674009 0.704846 0.678414 0.713656 0.687225 0.718062 0.687225 0.722467 0.691630 0.722467 0.696035 0.726872 0.700441 0.735683 0.700441 0.740088 0.696035 0.735683 0.691630 0.735683 0.687225 0.731278 0.682819 0.731278 0.678414 0.722467 0.669604 0.722467 0.665198 0.718062 0.665198 0.713656 0.669604
0 0.942731 0.669604 0.933921 0.660793 0.916300 0.660793 0.911894 0.665198 0.907489 0.665198 0.903084 0.669604 0.898678 0.669604 0.889868 0.678414 0.898678 0.687225 0.903084 0.687225 0.907489 0.682819 0.911894 0.682819 0.916300 0.678414 0.925110 0.678414 0.929515 0.674009 0.938326 0.674009
0 0.237885 0.634361 0.259912 0.656388 0.264317 0.656388 0.268722 0.660793 0.273128 0.660793 0.281938 0.651982 0.281938 0.647577 0.277533 0.643172 0.273128 0.643172 0.268722 0.638767 0.259912 0.638767 0.255507 0.634361 0.251101 0.634361 0.246696 0.629956 0.242291 0.629956
0 0.828194 0.533040 0.819383 0.541850 0.823789 0.546256 0.823789 0.550661 0.828194 0.555066 0.832599 0.555066 0.845815 0.568282 0.850220 0.563877 0.850220 0.546256 0.837004 0.533040
0 0.770925 0.497797 0.762115 0.488987 0.757709 0.493392 0.744493 0.493392 0.740088 0.497797 0.735683 0.497797 0.726872 0.506608 0.735683 0.515419 0.753304 0.515419 0.757709 0.511013 0.762115 0.511013 0.766520 0.506608 0.766520 0.502203
0 0.801762 0.427313 0.797357 0.431718 0.797357 0.462555 0.801762 0.466960 0.806167 0.462555 0.810573 0.462555 0.814978 0.458150 0.814978 0.436123 0.810573 0.431718 0.806167 0.431718
0 0.484582 0.440529 0.484582 0.444934 0.493392 0.453745 0.502203 0.453745 0.506608 0.449339 0.506608 0.444934 0.511013 0.440529 0.515419 0.440529 0.519824 0.436123 0.524229 0.436123 0.528634 0.440529 0.533040 0.440529 0.541850 0.449339 0.546256 0.449339 0.550661 0.444934 0.550661 0.440529 0.546256 0.436123 0.546256 0.431718 0.541850 0.427313 0.537445 0.431718 0.533040 0.427313 0.506608 0.427313 0.502203 0.431718 0.493392 0.431718
0 0.374449 0.427313 0.383260 0.431718 0.414097 0.466960 0.431718 0.475771 0.444934 0.488987 0.444934 0.506608 0.431718 0.515419 0.422908 0.511013 0.409692 0.515419 0.387665 0.502203 0.378855 0.506608 0.378855 0.515419 0.383260 0.519824 0.400881 0.519824 0.405286 0.515419 0.449339 0.546256 0.458150 0.541850 0.453745 0.537445 0.458150 0.524229 0.466960 0.519824 0.488987 0.537445 0.488987 0.546256 0.471366 0.555066 0.471366 0.559471 0.502203 0.585903 0.519824 0.590308 0.524229 0.594714 0.524229 0.607930 0.533040 0.616740 0.546256 0.621145 0.555066 0.634361 0.568282 0.643172 0.581498 0.638767 0.577093 0.634361 0.577093 0.612335 0.594714 0.603524 0.629956 0.634361 0.656388 0.643172 0.660793 0.638767 0.713656 0.643172 0.722467 0.647577 0.726872 0.656388 0.744493 0.647577 0.788546 0.647577 0.806167 0.656388 0.814978 0.651982 0.828194 0.660793 0.841410 0.660793 0.845815 0.656388 0.814978 0.643172 0.792952 0.643172 0.788546 0.638767 0.744493 0.638767 0.731278 0.643172 0.713656 0.634361 0.691630 0.634361 0.687225 0.629956 0.656388 0.629956 0.651982 0.625551 0.643172 0.629956 0.585903 0.581498 0.559471 0.572687 0.511013 0.546256 0.458150 0.497797 0.458150 0.488987 0.436123 0.466960 0.418502 0.458150 0.387665 0.422908
0 0.405286 0.387665 0.400881 0.392070 0.400881 0.396476 0.409692 0.405286 0.414097 0.405286 0.418502 0.409692 0.422908 0.409692 0.427313 0.414097 0.436123 0.405286 0.436123 0.392070 0.431718 0.387665 0.427313 0.387665 0.422908 0.383260 0.418502 0.383260 0.414097 0.387665
0 0.167401 0.396476 0.171806 0.400881 0.171806 0.405286 0.176211 0.409692 0.180617 0.409692 0.185022 0.405286 0.185022 0.396476 0.189427 0.392070 0.193833 0.392070 0.198238 0.387665 0.202643 0.392070 0.207048 0.392070 0.215859 0.400881 0.215859 0.405286 0.229075 0.418502 0.229075 0.422908 0.242291 0.436123 0.242291 0.444934 0.237885 0.449339 0.233480 0.449339 0.224670 0.458150 0.224670 0.466960 0.233480 0.475771 0.237885 0.475771 0.246696 0.466960 0.246696 0.458150 0.251101 0.453745 0.255507 0.453745 0.259912 0.449339 0.264317 0.453745 0.268722 0.453745 0.273128 0.458150 0.277533 0.458150 0.281938 0.462555 0.295154 0.462555 0.299559 0.466960 0.308370 0.466960 0.312775 0.471366 0.330396 0.471366 0.334802 0.475771 0.339207 0.471366 0.343612 0.471366 0.348018 0.466960 0.343612 0.462555 0.339207 0.462555 0.334802 0.466960 0.330396 0.462555 0.312775 0.462555 0.308370 0.458150 0.299559 0.458150 0.295154 0.453745 0.286344 0.453745 0.281938 0.449339 0.277533 0.449339 0.264317 0.436123 0.259912 0.436123 0.255507 0.431718 0.251101 0.431718 0.233480 0.414097 0.233480 0.409692 0.224670 0.400881 0.224670 0.396476 0.198238 0.370044 0.193833 0.370044 0.189427 0.374449 0.193833 0.378855 0.193833 0.387665 0.189427 0.392070 0.185022 0.392070 0.180617 0.396476 0.176211 0.392070 0.171806 0.392070
0 0.748899 0.361233 0.740088 0.361233 0.735683 0.365639 0.731278 0.365639 0.722467 0.374449 0.722467 0.392070 0.718062 0.396476 0.718062 0.414097 0.704846 0.427313 0.704846 0.436123 0.700441 0.440529 0.696035 0.440529 0.691630 0.444934 0.687225 0.440529 0.682819 0.440529 0.674009 0.449339 0.674009 0.453745 0.678414 0.458150 0.687225 0.458150 0.691630 0.462555 0.696035 0.462555 0.700441 0.458150 0.696035 0.453745 0.696035 0.444934 0.700441 0.440529 0.704846 0.440529 0.709251 0.436123 0.713656 0.436123 0.718062 0.431718 0.726872 0.431718 0.731278 0.427313 0.731278 0.392070 0.740088 0.383260 0.744493 0.383260 0.748899 0.378855 0.753304 0.378855 0.757709 0.374449 0.757709 0.370044
0 0.656388 0.303965 0.656388 0.312775 0.660793 0.317181 0.669604 0.317181 0.674009 0.321586 0.678414 0.317181 0.691630 0.317181 0.696035 0.321586 0.700441 0.321586 0.709251 0.312775 0.709251 0.308370 0.704846 0.303965 0.691630 0.303965 0.687225 0.299559 0.682819 0.299559 0.678414 0.295154 0.665198 0.295154
0 0.497797 0.290749 0.493392 0.295154 0.493392 0.334802 0.488987 0.339207 0.493392 0.343612 0.502203 0.334802 0.506608 0.334802 0.511013 0.330396 0.511013 0.321586 0.515419 0.317181 0.515419 0.303965 0.506608 0.295154 0.502203 0.295154
0 0.409692 0.229075 0.405286 0.233480 0.409692 0.237885 0.409692 0.246696 0.418502 0.255507 0.418502 0.259912 0.427313 0.268722 0.427313 0.273128 0.431718 0.277533 0.431718 0.281938 0.436123 0.286344 0.444934 0.286344 0.449339 0.281938 0.449339 0.273128 0.444934 0.268722 0.444934 0.259912 0.422908 0.237885 0.422908 0.233480 0.418502 0.229075
0 0.189427 0.211454 0.176211 0.224670 0.180617 0.229075 0.180617 0.237885 0.189427 0.246696 0.189427 0.251101 0.198238 0.259912 0.198238 0.273128 0.202643 0.273128 0.207048 0.277533 0.207048 0.281938 0.211454 0.286344 0.215859 0.286344 0.246696 0.317181 0.251101 0.317181 0.255507 0.321586 0.264317 0.312775 0.264317 0.303965 0.259912 0.299559 0.255507 0.299559 0.251101 0.295154 0.246696 0.295154 0.233480 0.281938 0.233480 0.277533 0.229075 0.273128 0.229075 0.268722 0.215859 0.255507 0.215859 0.246696 0.207048 0.237885 0.207048 0.229075 0.198238 0.220264 0.198238 0.215859 0.193833 0.211454
0 0.735683 0.189427 0.731278 0.193833 0.731278 0.215859 0.726872 0.220264 0.731278 0.224670 0.731278 0.233480 0.740088 0.242291 0.744493 0.242291 0.748899 0.237885 0.748899 0.193833 0.744493 0.189427
0 0.387665 0.189427 0.370044 0.207048 0.365639 0.207048 0.361233 0.211454 0.339207 0.211454 0.334802 0.215859 0.330396 0.215859 0.321586 0.224670 0.321586 0.229075 0.330396 0.237885 0.330396 0.246696 0.321586 0.255507 0.321586 0.268722 0.325991 0.273128 0.339207 0.273128 0.343612 0.268722 0.339207 0.264317 0.339207 0.259912 0.330396 0.251101 0.330396 0.242291 0.334802 0.237885 0.339207 0.237885 0.348018 0.229075 0.352423 0.229075 0.356828 0.224670 0.365639 0.224670 0.387665 0.202643 0.387665 0.198238 0.392070 0.193833
0 0.251101 0.185022 0.246696 0.189427 0.246696 0.198238 0.251101 0.202643 0.251101 0.207048 0.255507 0.211454 0.264317 0.211454 0.273128 0.202643 0.273128 0.189427 0.268722 0.185022
0 0.493392 0.127753 0.488987 0.132159 0.488987 0.149780 0.502203 0.162996 0.502203 0.171806 0.497797 0.176211 0.497797 0.189427 0.502203 0.193833 0.506608 0.189427 0.515419 0.189427 0.524229 0.180617 0.524229 0.176211 0.519824 0.171806 0.515419 0.171806 0.511013 0.167401 0.511013 0.136564 0.506608 0.132159 0.502203 0.132159 0.497797 0.127753
0 0.845815 0.118943 0.841410 0.123348 0.845815 0.127753 0.845815 0.132159 0.850220 0.136564 0.850220 0.149780 0.854626 0.154185 0.854626 0.158590 0.859031 0.162996 0.863436 0.162996 0.867841 0.158590 0.867841 0.149780 0.872247 0.145374 0.872247 0.127753 0.863436 0.118943
0 0.947137 0.114537 0.938326 0.123348 0.938326 0.154185 0.947137 0.162996 0.947137 0.167401 0.964758 0.185022 0.969163 0.185022 0.973568 0.180617 0.991189 0.180617 0.995595 0.185022 0.995595 0.171806 0.991189 0.167401 0.986784 0.171806 0.982379 0.167401 0.977974 0.167401 0.973568 0.162996 0.969163 0.162996 0.955947 0.149780 0.955947 0.145374 0.951542 0.140969 0.951542 0.127753 0.955947 0.123348 0.955947 0.118943 0.951542 0.114537
0 0.052863 0.101322 0.048458 0.162996 0.035242 0.171806 0.013216 0.171806 0.000000 0.162996 0.000000 0.154185 0.013216 0.145374 0.000000 0.140969 0.000000 0.185022 0.026432 0.207048 0.039648 0.303965 0.066079 0.374449 0.061674 0.392070 0.110132 0.436123 0.136564 0.444934 0.176211 0.475771 0.215859 0.533040 0.246696 0.541850 0.259912 0.559471 0.273128 0.550661 0.303965 0.550661 0.330396 0.572687 0.352423 0.577093 0.356828 0.590308 0.378855 0.607930 0.378855 0.625551 0.458150 0.704846 0.466960 0.731278 0.475771 0.722467 0.458150 0.691630 0.458150 0.678414 0.475771 0.665198 0.484582 0.647577 0.480176 0.643172 0.458150 0.651982 0.449339 0.647577 0.409692 0.594714 0.365639 0.559471 0.348018 0.568282 0.308370 0.537445 0.273128 0.541850 0.220264 0.519824 0.180617 0.466960 0.140969 0.436123 0.114537 0.427313 0.079295 0.392070 0.083700 0.378855 0.110132 0.365639 0.083700 0.339207 0.083700 0.299559 0.070485 0.277533 0.070485 0.233480 0.061674 0.211454 0.092511 0.198238 0.105727 0.202643 0.176211 0.286344 0.180617 0.273128 0.132159 0.224670 0.101322 0.171806 0.083700 0.185022 0.066079 0.171806 0.057269 0.154185 0.061674 0.110132
0 0.211454 0.088106 0.207048 0.092511 0.207048 0.118943 0.215859 0.127753 0.220264 0.127753 0.224670 0.123348 0.229075 0.123348 0.233480 0.118943 0.220264 0.105727 0.220264 0.096916
0 0.140969 0.074890 0.136564 0.079295 0.136564 0.092511 0.140969 0.096916 0.140969 0.101322 0.145374 0.105727 0.145374 0.110132 0.149780 0.114537 0.149780 0.118943 0.154185 0.123348 0.158590 0.118943 0.158590 0.101322 0.154185 0.096916 0.154185 0.088106
0 0.004405 0.026432 0.000000 0.030837 0.000000 0.096916 0.008811 0.088106 0.008811 0.066079 0.004405 0.061674 0.004405 0.052863 0.008811 0.048458 0.008811 0.030837
0 0.643172 0.022026 0.638767 0.022026 0.629956 0.030837 0.629956 0.039648 0.625551 0.044053 0.621145 0.044053 0.616740 0.048458 0.612335 0.048458 0.607930 0.052863 0.607930 0.061674 0.616740 0.070485 0.621145 0.066079 0.621145 0.061674 0.625551 0.057269 0.625551 0.048458 0.634361 0.039648 0.638767 0.039648 0.647577 0.030837 0.647577 0.026432
0 0.436123 0.008811 0.427313 0.017621 0.427313 0.030837 0.431718 0.035242 0.444934 0.035242 0.449339 0.030837 0.449339 0.013216 0.444934 0.008811
0 0.211454 0.008811 0.207048 0.013216 0.207048 0.039648 0.211454 0.044053 0.215859 0.044053 0.220264 0.048458 0.224670 0.044053 0.224670 0.017621 0.220264 0.013216 0.215859 0.013216
0 0.973568 0.000000 0.955947 0.000000 0.955947 0.004405 0.951542 0.008811 0.951542 0.013216 0.929515 0.035242 0.929515 0.048458 0.938326 0.057269 0.947137 0.048458 0.947137 0.044053 0.960352 0.030837 0.960352 0.026432 0.973568 0.013216
0 0.863436 0.000000 0.850220 0.000000 0.850220 0.008811 0.837004 0.022026 0.845815 0.030837 0.854626 0.030837 0.863436 0.022026
0 0.709251 0.000000 0.700441 0.000000 0.700441 0.004405 0.696035 0.008811 0.696035 0.039648 0.691630 0.044053 0.696035 0.048458 0.704846 0.039648 0.704846 0.035242 0.709251 0.030837
