0 0.837004 0.951542 0.837004 0.955947 0.845815 0.964758 0.872247 0.964758 0.876652 0.969163 0.881057 0.969163 0.885463 0.973568 0.889868 0.973568 0.903084 0.986784 0.907489 0.986784 0.911894 0.991189 0.911894 0.995595 0.916300 0.995595 0.916300 0.991189 0.920705 0.986784 0.920705 0.973568 0.911894 0.964758 0.907489 0.964758 0.898678 0.955947 0.876652 0.955947 0.872247 0.951542 0.867841 0.951542 0.863436 0.955947 0.859031 0.951542 0.854626 0.951542 0.845815 0.942731
0 0.960352 0.938326 0.951542 0.947137 0.951542 0.951542 0.955947 0.955947 0.955947 0.969163 0.960352 0.973568 0.960352 0.982379 0.964758 0.986784 0.977974 0.986784 0.982379 0.982379 0.982379 0.955947 0.973568 0.947137 0.969163 0.947137
0 0.792952 0.947137 0.779736 0.933921 0.775330 0.933921 0.766520 0.942731 0.766520 0.951542 0.762115 0.955947 0.757709 0.955947 0.753304 0.960352 0.748899 0.955947 0.744493 0.960352 0.740088 0.955947 0.735683 0.955947 0.731278 0.951542 0.731278 0.947137 0.726872 0.942731 0.722467 0.947137 0.722467 0.955947 0.726872 0.960352 0.726872 0.995595 0.740088 0.995595 0.740088 0.991189 0.744493 0.986784 0.744493 0.977974 0.757709 0.964758 0.762115 0.964758 0.766520 0.960352 0.770925 0.960352 0.775330 0.964758 0.779736 0.960352 0.788546 0.960352 0.792952 0.955947
0 0.224670 0.903084 0.215859 0.911894 0.215859 0.920705 0.220264 0.925110 0.220264 0.933921 0.215859 0.938326 0.215859 0.942731 0.220264 0.947137 0.224670 0.947137 0.229075 0.951542 0.229075 0.960352 0.233480 0.964758 0.233480 0.969163 0.237885 0.973568 0.237885 0.977974 0.242291 0.982379 0.251101 0.982379 0.255507 0.977974 0.255507 0.964758 0.246696 0.955947 0.237885 0.955947 0.233480 0.951542 0.229075 0.951542 0.224670 0.947137 0.224670 0.938326 0.229075 0.933921 0.229075 0.929515 0.233480 0.925110 0.233480 0.920705 0.237885 0.916300 0.237885 0.911894 0.233480 0.907489 0.229075 0.907489
0 0.718062 0.881057 0.713656 0.881057 0.709251 0.885463 0.700441 0.885463 0.691630 0.894273 0.691630 0.898678 0.700441 0.907489 0.709251 0.907489 0.722467 0.894273 0.722467 0.885463
0 0.788546 0.867841 0.779736 0.876652 0.779736 0.885463 0.792952 0.898678 0.792952 0.907489 0.801762 0.916300 0.806167 0.916300 0.810573 0.911894 0.810573 0.907489 0.806167 0.907489 0.801762 0.903084 0.801762 0.894273 0.797357 0.889868 0.797357 0.876652
0 0.303965 0.881057 0.295154 0.872247 0.290749 0.872247 0.286344 0.867841 0.277533 0.867841 0.273128 0.872247 0.268722 0.872247 0.259912 0.881057 0.259912 0.894273 0.264317 0.898678 0.268722 0.894273 0.273128 0.894273 0.277533 0.889868 0.290749 0.889868 0.295154 0.885463 0.299559 0.885463
0 0.374449 0.854626 0.370044 0.859031 0.370044 0.867841 0.374449 0.872247 0.378855 0.872247 0.387665 0.881057 0.387665 0.889868 0.392070 0.894273 0.392070 0.916300 0.396476 0.920705 0.396476 0.925110 0.400881 0.929515 0.400881 0.938326 0.405286 0.942731 0.405286 0.955947 0.409692 0.960352 0.409692 0.969163 0.418502 0.977974 0.418502 0.982379 0.422908 0.986784 0.422908 0.995595 0.444934 0.995595 0.444934 0.986784 0.431718 0.973568 0.431718 0.951542 0.427313 0.947137 0.427313 0.938326 0.422908 0.933921 0.422908 0.929515 0.418502 0.925110 0.418502 0.920705 0.414097 0.916300 0.414097 0.889868 0.409692 0.885463 0.409692 0.881057 0.383260 0.854626
0 0.995595 0.859031 0.991189 0.859031 0.986784 0.863436 0.986784 0.872247 0.977974 0.881057 0.973568 0.881057 0.969163 0.885463 0.964758 0.881057 0.960352 0.881057 0.942731 0.863436 0.938326 0.867841 0.933921 0.863436 0.929515 0.863436 0.925110 0.859031 0.925110 0.854626 0.916300 0.845815 0.916300 0.841410 0.911894 0.837004 0.907489 0.837004 0.903084 0.841410 0.898678 0.841410 0.894273 0.845815 0.885463 0.845815 0.881057 0.841410 0.876652 0.845815 0.867841 0.845815 0.863436 0.850220 0.863436 0.872247 0.845815 0.889868 0.841410 0.889868 0.837004 0.894273 0.832599 0.894273 0.828194 0.898678 0.828194 0.903084 0.832599 0.907489 0.841410 0.907489 0.845815 0.911894 0.850220 0.907489 0.850220 0.903084 0.863436 0.889868 0.863436 0.876652 0.872247 0.867841 0.876652 0.867841 0.885463 0.859031 0.889868 0.859031 0.894273 0.854626 0.898678 0.859031 0.903084 0.859031 0.907489 0.863436 0.907489 0.867841 0.911894 0.872247 0.916300 0.872247 0.920705 0.867841 0.925110 0.867841 0.929515 0.872247 0.933921 0.872247 0.938326 0.876652 0.938326 0.881057 0.947137 0.889868 0.947137 0.894273 0.951542 0.898678 0.969163 0.898678 0.977974 0.889868 0.982379 0.889868 0.986784 0.885463 0.995595 0.885463
0 0.709251 0.828194 0.709251 0.832599 0.718062 0.841410 0.722467 0.841410 0.726872 0.845815 0.748899 0.845815 0.753304 0.841410 0.748899 0.837004 0.744493 0.837004 0.740088 0.832599 0.735683 0.832599 0.731278 0.828194 0.726872 0.828194 0.722467 0.823789 0.713656 0.823789
0 0.237885 0.823789 0.233480 0.819383 0.224670 0.819383 0.220264 0.823789 0.220264 0.837004 0.215859 0.841410 0.211454 0.841410 0.207048 0.845815 0.202643 0.841410 0.198238 0.841410 0.193833 0.837004 0.185022 0.837004 0.180617 0.841410 0.180617 0.845815 0.189427 0.854626 0.193833 0.854626 0.198238 0.859031 0.202643 0.859031 0.207048 0.854626 0.207048 0.845815 0.211454 0.841410 0.215859 0.841410 0.220264 0.837004 0.224670 0.837004 0.229075 0.841410 0.237885 0.832599
0 0.471366 0.814978 0.466960 0.819383 0.466960 0.832599 0.471366 0.837004 0.475771 0.837004 0.497797 0.859031 0.502203 0.854626 0.502203 0.837004 0.480176 0.814978
0 0.281938 0.814978 0.286344 0.819383 0.290749 0.819383 0.295154 0.823789 0.299559 0.823789 0.308370 0.832599 0.308370 0.841410 0.317181 0.850220 0.321586 0.845815 0.325991 0.850220 0.330396 0.845815 0.330396 0.832599 0.325991 0.828194 0.321586 0.828194 0.317181 0.823789 0.317181 0.819383 0.312775 0.814978 0.308370 0.814978 0.303965 0.810573 0.286344 0.810573
0 0.929515 0.810573 0.938326 0.819383 0.947137 0.819383 0.951542 0.814978 0.955947 0.814978 0.960352 0.810573 0.964758 0.814978 0.969163 0.814978 0.982379 0.828194 0.986784 0.828194 0.991189 0.832599 0.995595 0.828194 0.995595 0.810573 0.986784 0.810573 0.982379 0.814978 0.977974 0.814978 0.973568 0.819383 0.969163 0.814978 0.964758 0.814978 0.960352 0.810573 0.960352 0.806167 0.951542 0.797357 0.947137 0.797357 0.938326 0.806167 0.933921 0.806167
0 0.044053 0.792952 0.039648 0.797357 0.039648 0.814978 0.035242 0.819383 0.035242 0.837004 0.048458 0.850220 0.061674 0.850220 0.066079 0.845815 0.066079 0.837004 0.048458 0.819383 0.048458 0.806167 0.052863 0.801762
0 0.348018 0.766520 0.343612 0.770925 0.343612 0.784141 0.348018 0.788546 0.348018 0.797357 0.352423 0.801762 0.352423 0.806167 0.356828 0.810573 0.361233 0.810573 0.365639 0.814978 0.365639 0.819383 0.370044 0.823789 0.370044 0.828194 0.374449 0.832599 0.378855 0.828194 0.392070 0.828194 0.400881 0.819383 0.400881 0.810573 0.396476 0.806167 0.387665 0.806167 0.383260 0.810573 0.378855 0.810573 0.374449 0.814978 0.370044 0.810573 0.365639 0.810573 0.361233 0.806167 0.361233 0.788546 0.365639 0.784141 0.365639 0.775330 0.356828 0.766520
0 0.458150 0.753304 0.440529 0.770925 0.440529 0.775330 0.449339 0.784141 0.458150 0.784141 0.462555 0.779736 0.462555 0.775330 0.466960 0.770925 0.466960 0.766520 0.462555 0.762115 0.462555 0.757709
0 0.995595 0.731278 0.982379 0.731278 0.977974 0.735683 0.960352 0.735683 0.955947 0.740088 0.942731 0.740088 0.929515 0.731278 0.920705 0.731278 0.911894 0.744493 0.911894 0.753304 0.889868 0.766520 0.876652 0.762115 0.863436 0.740088 0.854626 0.748899 0.854626 0.753304 0.863436 0.762115 0.867841 0.762115 0.872247 0.757709 0.876652 0.762115 0.881057 0.762115 0.885463 0.766520 0.885463 0.775330 0.889868 0.779736 0.889868 0.788546 0.876652 0.797357 0.867841 0.797357 0.863436 0.792952 0.859031 0.792952 0.850220 0.779736 0.845815 0.784141 0.850220 0.788546 0.850220 0.797357 0.828194 0.810573 0.823789 0.810573 0.819383 0.806167 0.814978 0.806167 0.810573 0.810573 0.797357 0.810573 0.792952 0.806167 0.784141 0.806167 0.779736 0.801762 0.770925 0.801762 0.744493 0.784141 0.718062 0.784141 0.709251 0.792952 0.713656 0.797357 0.718062 0.792952 0.740088 0.792952 0.744493 0.797357 0.757709 0.801762 0.766520 0.810573 0.779736 0.810573 0.784141 0.814978 0.792952 0.814978 0.797357 0.819383 0.828194 0.819383 0.841410 0.810573 0.859031 0.810573 0.863436 0.806167 0.876652 0.806167 0.881057 0.801762 0.894273 0.801762 0.898678 0.797357 0.907489 0.797357 0.933921 0.770925 0.933921 0.762115 0.942731 0.753304 0.947137 0.753304 0.960352 0.744493 0.973568 0.744493 0.977974 0.748899 0.982379 0.744493 0.995595 0.740088
0 0.334802 0.726872 0.325991 0.726872 0.321586 0.722467 0.317181 0.722467 0.312775 0.726872 0.308370 0.726872 0.303965 0.731278 0.303965 0.740088 0.299559 0.744493 0.299559 0.766520 0.303965 0.770925 0.308370 0.766520 0.308370 0.762115 0.325991 0.744493 0.325991 0.740088 0.330396 0.735683 0.334802 0.735683 0.339207 0.731278
0 0.797357 0.691630 0.792952 0.696035 0.792952 0.700441 0.788546 0.704846 0.788546 0.718062 0.792952 0.722467 0.792952 0.735683 0.797357 0.740088 0.797357 0.744493 0.801762 0.748899 0.810573 0.748899 0.814978 0.744493 0.806167 0.735683 0.806167 0.718062 0.810573 0.713656 0.810573 0.696035 0.806167 0.691630 0.801762 0.696035
0 0.581498 0.678414 0.581498 0.687225 0.594714 0.700441 0.612335 0.700441 0.616740 0.696035 0.621145 0.696035 0.625551 0.691630 0.629956 0.696035 0.634361 0.696035 0.647577 0.709251 0.656388 0.709251 0.660793 0.704846 0.669604 0.704846 0.674009 0.700441 0.674009 0.696035 0.665198 0.687225 0.660793 0.687225 0.656388 0.691630 0.643172 0.691630 0.638767 0.696035 0.634361 0.691630 0.629956 0.691630 0.625551 0.687225 0.625551 0.678414 0.621145 0.674009 0.616740 0.674009 0.612335 0.678414 0.594714 0.678414 0.590308 0.674009 0.585903 0.674009
0 0.863436 0.682819 0.867841 0.687225 0.867841 0.691630 0.872247 0.696035 0.885463 0.696035 0.889868 0.691630 0.903084 0.691630 0.907489 0.696035 0.911894 0.691630 0.916300 0.696035 0.920705 0.696035 0.925110 0.700441 0.929515 0.700441 0.933921 0.696035 0.933921 0.691630 0.920705 0.678414 0.916300 0.678414 0.907489 0.669604 0.898678 0.669604 0.894273 0.674009 0.889868 0.669604 0.885463 0.674009 0.872247 0.674009
0 0.722467 0.669604 0.713656 0.678414 0.722467 0.687225 0.726872 0.687225 0.731278 0.691630 0.731278 0.704846 0.722467 0.713656 0.722467 0.718062 0.718062 0.722467 0.713656 0.722467 0.700441 0.735683 0.704846 0.740088 0.726872 0.740088 0.731278 0.735683 0.735683 0.735683 0.740088 0.740088 0.744493 0.740088 0.757709 0.753304 0.762115 0.753304 0.766520 0.748899 0.766520 0.744493 0.762115 0.740088 0.753304 0.740088 0.748899 0.744493 0.744493 0.740088 0.740088 0.740088 0.735683 0.735683 0.735683 0.718062 0.744493 0.709251 0.744493 0.704846 0.740088 0.700441 0.735683 0.700441 0.731278 0.696035 0.731278 0.687225 0.735683 0.682819 0.731278 0.678414 0.731278 0.674009 0.726872 0.669604
0 0.550661 0.669604 0.541850 0.660793 0.537445 0.660793 0.533040 0.656388 0.528634 0.660793 0.524229 0.660793 0.519824 0.656388 0.515419 0.656388 0.511013 0.651982 0.506608 0.651982 0.493392 0.665198 0.488987 0.665198 0.484582 0.669604 0.462555 0.669604 0.458150 0.665198 0.453745 0.669604 0.444934 0.669604 0.440529 0.674009 0.431718 0.674009 0.427313 0.678414 0.414097 0.678414 0.409692 0.682819 0.405286 0.682819 0.400881 0.687225 0.400881 0.691630 0.383260 0.709251 0.383260 0.713656 0.387665 0.718062 0.387665 0.722467 0.392070 0.726872 0.396476 0.722467 0.396476 0.718062 0.400881 0.713656 0.400881 0.700441 0.409692 0.691630 0.414097 0.691630 0.418502 0.687225 0.427313 0.687225 0.431718 0.682819 0.440529 0.682819 0.444934 0.678414 0.453745 0.678414 0.458150 0.674009 0.462555 0.678414 0.466960 0.678414 0.471366 0.682819 0.475771 0.678414 0.488987 0.678414 0.493392 0.682819 0.497797 0.682819 0.502203 0.678414 0.515419 0.678414 0.519824 0.682819 0.524229 0.682819 0.533040 0.691630 0.533040 0.696035 0.537445 0.700441 0.541850 0.696035 0.541850 0.682819 0.550661 0.674009
0 0.506608 0.599119 0.502203 0.594714 0.493392 0.594714 0.488987 0.599119 0.488987 0.603524 0.475771 0.616740 0.471366 0.616740 0.466960 0.621145 0.462555 0.621145 0.458150 0.625551 0.453745 0.625551 0.449339 0.629956 0.449339 0.638767 0.453745 0.643172 0.458150 0.638767 0.462555 0.643172 0.471366 0.643172 0.475771 0.638767 0.484582 0.638767 0.493392 0.629956 0.493392 0.621145 0.502203 0.612335 0.502203 0.607930 0.506608 0.603524
0 0.312775 0.581498 0.325991 0.594714 0.325991 0.599119 0.330396 0.603524 0.334802 0.603524 0.352423 0.621145 0.356828 0.621145 0.361233 0.625551 0.365639 0.625551 0.370044 0.621145 0.370044 0.616740 0.352423 0.599119 0.352423 0.594714 0.343612 0.585903 0.343612 0.581498 0.339207 0.577093 0.317181 0.577093
0 0.083700 0.524229 0.079295 0.528634 0.074890 0.524229 0.066079 0.524229 0.052863 0.537445 0.057269 0.541850 0.057269 0.546256 0.061674 0.550661 0.070485 0.550661 0.074890 0.555066 0.083700 0.546256 0.083700 0.541850 0.088106 0.537445 0.088106 0.528634
0 0.233480 0.488987 0.237885 0.493392 0.259912 0.493392 0.264317 0.488987 0.264317 0.480176 0.255507 0.471366 0.246696 0.471366 0.237885 0.480176 0.237885 0.484582
0 0.920705 0.444934 0.911894 0.444934 0.907489 0.449339 0.907489 0.466960 0.916300 0.475771 0.920705 0.471366 0.925110 0.471366 0.929515 0.466960 0.929515 0.453745
0 0.105727 0.414097 0.096916 0.422908 0.096916 0.427313 0.105727 0.436123 0.110132 0.436123 0.114537 0.440529 0.118943 0.440529 0.132159 0.453745 0.132159 0.458150 0.136564 0.462555 0.140969 0.462555 0.154185 0.475771 0.154185 0.480176 0.158590 0.484582 0.158590 0.488987 0.162996 0.493392 0.167401 0.493392 0.171806 0.497797 0.176211 0.497797 0.185022 0.488987 0.180617 0.484582 0.176211 0.484582 0.171806 0.480176 0.171806 0.475771 0.158590 0.462555 0.158590 0.453745 0.154185 0.449339 0.149780 0.449339 0.145374 0.444934 0.140969 0.444934 0.136564 0.440529 0.132159 0.440529 0.118943 0.427313 0.118943 0.422908 0.114537 0.418502 0.110132 0.418502
0 0.061674 0.431718 0.044053 0.414097 0.035242 0.422908 0.035242 0.436123 0.039648 0.440529 0.039648 0.453745 0.035242 0.458150 0.030837 0.458150 0.026432 0.462555 0.000000 0.462555 0.000000 0.471366 0.030837 0.471366 0.035242 0.475771 0.039648 0.475771 0.048458 0.484582 0.052863 0.484582 0.057269 0.480176 0.057269 0.471366 0.052863 0.466960 0.048458 0.466960 0.044053 0.462555 0.044053 0.453745 0.048458 0.449339 0.052863 0.449339 0.057269 0.444934 0.057269 0.440529 0.061674 0.436123
0 0.295154 0.484582 0.308370 0.493392 0.356828 0.471366 0.392070 0.488987 0.396476 0.511013 0.387665 0.519824 0.405286 0.537445 0.427313 0.546256 0.444934 0.533040 0.462555 0.537445 0.466960 0.550661 0.418502 0.585903 0.427313 0.599119 0.444934 0.577093 0.475771 0.572687 0.502203 0.555066 0.537445 0.590308 0.577093 0.599119 0.612335 0.621145 0.643172 0.603524 0.674009 0.634361 0.718062 0.634361 0.775330 0.660793 0.823789 0.665198 0.850220 0.643172 0.955947 0.634361 0.969163 0.625551 0.986784 0.634361 0.991189 0.651982 0.995595 0.607930 0.960352 0.621145 0.933921 0.585903 0.933921 0.577093 0.964758 0.555066 0.995595 0.559471 0.995595 0.533040 0.960352 0.559471 0.942731 0.555066 0.929515 0.563877 0.903084 0.541850 0.894273 0.550661 0.903084 0.577093 0.881057 0.599119 0.841410 0.607930 0.823789 0.585903 0.859031 0.568282 0.845815 0.555066 0.850220 0.511013 0.841410 0.502203 0.823789 0.511013 0.832599 0.537445 0.814978 0.550661 0.788546 0.533040 0.757709 0.546256 0.740088 0.533040 0.735683 0.515419 0.766520 0.502203 0.770925 0.484582 0.744493 0.484582 0.722467 0.502203 0.718062 0.546256 0.735683 0.559471 0.757709 0.550661 0.779736 0.559471 0.801762 0.555066 0.814978 0.568282 0.810573 0.590308 0.832599 0.616740 0.819383 0.634361 0.779736 0.629956 0.740088 0.603524 0.709251 0.599119 0.691630 0.572687 0.682819 0.577093 0.696035 0.594714 0.682819 0.603524 0.563877 0.563877 0.519824 0.533040 0.484582 0.541850 0.444934 0.519824 0.414097 0.475771 0.334802 0.405286 0.317181 0.422908 0.325991 0.436123 0.348018 0.436123 0.361233 0.458150 0.343612 0.471366 0.321586 0.466960
0 0.374449 0.370044 0.374449 0.383260 0.383260 0.392070 0.396476 0.392070 0.400881 0.396476 0.405286 0.396476 0.409692 0.400881 0.414097 0.396476 0.418502 0.396476 0.422908 0.400881 0.427313 0.400881 0.431718 0.405286 0.431718 0.409692 0.440529 0.418502 0.444934 0.414097 0.444934 0.409692 0.449339 0.405286 0.453745 0.405286 0.458150 0.400881 0.466960 0.400881 0.471366 0.405286 0.475771 0.405286 0.484582 0.414097 0.484582 0.431718 0.480176 0.436123 0.480176 0.466960 0.484582 0.471366 0.488987 0.471366 0.497797 0.462555 0.497797 0.453745 0.506608 0.444934 0.506608 0.436123 0.502203 0.431718 0.502203 0.427313 0.488987 0.414097 0.488987 0.409692 0.480176 0.400881 0.480176 0.396476 0.475771 0.392070 0.471366 0.392070 0.466960 0.387665 0.462555 0.392070 0.458150 0.392070 0.453745 0.396476 0.449339 0.392070 0.436123 0.392070 0.431718 0.396476 0.427313 0.396476 0.422908 0.392070 0.418502 0.392070 0.409692 0.383260 0.409692 0.378855 0.396476 0.365639 0.387665 0.365639 0.383260 0.361233
0 0.577093 0.334802 0.568282 0.334802 0.563877 0.339207 0.563877 0.348018 0.559471 0.352423 0.559471 0.370044 0.555066 0.374449 0.568282 0.387665 0.572687 0.383260 0.572687 0.378855 0.577093 0.374449 0.577093 0.361233 0.581498 0.356828 0.581498 0.339207
0 0.942731 0.312775 0.938326 0.317181 0.942731 0.321586 0.942731 0.330396 0.938326 0.334802 0.938326 0.348018 0.942731 0.352423 0.960352 0.352423 0.964758 0.348018 0.964758 0.343612 0.960352 0.339207 0.960352 0.334802 0.955947 0.330396 0.955947 0.325991
0 0.643172 0.308370 0.638767 0.312775 0.638767 0.321586 0.643172 0.325991 0.643172 0.339207 0.647577 0.343612 0.647577 0.348018 0.651982 0.352423 0.651982 0.370044 0.660793 0.378855 0.665198 0.378855 0.674009 0.370044 0.665198 0.361233 0.665198 0.321586 0.651982 0.308370
0 0.352423 0.286344 0.343612 0.286344 0.339207 0.290749 0.334802 0.290749 0.325991 0.299559 0.330396 0.303965 0.330396 0.317181 0.325991 0.321586 0.321586 0.321586 0.317181 0.325991 0.317181 0.334802 0.321586 0.339207 0.330396 0.330396 0.330396 0.317181 0.334802 0.312775 0.339207 0.312775 0.343612 0.308370 0.356828 0.308370 0.361233 0.303965 0.361233 0.295154
0 0.000000 0.361233 0.008811 0.356828 0.004405 0.348018 0.004405 0.339207 0.017621 0.330396 0.048458 0.330396 0.061674 0.339207 0.061674 0.348018 0.052863 0.356828 0.052863 0.365639 0.057269 0.370044 0.070485 0.361233 0.070485 0.343612 0.088106 0.330396 0.092511 0.334802 0.105727 0.334802 0.118943 0.343612 0.118943 0.352423 0.114537 0.356828 0.123348 0.365639 0.123348 0.374449 0.127753 0.378855 0.136564 0.378855 0.140969 0.383260 0.176211 0.383260 0.180617 0.378855 0.176211 0.370044 0.176211 0.361233 0.189427 0.352423 0.198238 0.356828 0.207048 0.356828 0.211454 0.361233 0.220264 0.356828 0.224670 0.361233 0.242291 0.361233 0.251101 0.365639 0.255507 0.361233 0.255507 0.352423 0.264317 0.348018 0.277533 0.334802 0.286344 0.317181 0.281938 0.312775 0.268722 0.312775 0.251101 0.321586 0.251101 0.343612 0.237885 0.352423 0.224670 0.352423 0.215859 0.348018 0.211454 0.352423 0.207048 0.348018 0.198238 0.348018 0.180617 0.339207 0.162996 0.339207 0.158590 0.334802 0.149780 0.334802 0.145374 0.330396 0.132159 0.330396 0.114537 0.321586 0.110132 0.325991 0.092511 0.325991 0.088106 0.321586 0.083700 0.325991 0.074890 0.321586 0.070485 0.325991 0.061674 0.325991 0.057269 0.321586 0.035242 0.321586 0.022026 0.312775 0.022026 0.303965 0.030837 0.299559 0.039648 0.286344 0.044053 0.286344 0.039648 0.286344 0.026432 0.273128 0.022026 0.273128 0.000000 0.286344 0.004405 0.295154 0.022026 0.303965 0.022026 0.312775 0.013216 0.321586 0.000000 0.325991
0 0.907489 0.264317 0.894273 0.277533 0.894273 0.290749 0.889868 0.295154 0.885463 0.295154 0.881057 0.299559 0.881057 0.312775 0.885463 0.317181 0.889868 0.317181 0.894273 0.312775 0.894273 0.295154 0.903084 0.286344 0.907489 0.286344 0.916300 0.277533 0.916300 0.273128
0 0.524229 0.277533 0.528634 0.281938 0.541850 0.281938 0.546256 0.286344 0.559471 0.273128 0.555066 0.268722 0.550661 0.268722 0.546256 0.264317 0.533040 0.264317 0.524229 0.273128
0 0.202643 0.259912 0.193833 0.268722 0.193833 0.273128 0.189427 0.277533 0.193833 0.281938 0.193833 0.295154 0.207048 0.308370 0.211454 0.308370 0.215859 0.312775 0.220264 0.312775 0.229075 0.321586 0.233480 0.317181 0.233480 0.299559 0.211454 0.277533 0.211454 0.268722
0 0.383260 0.242291 0.374449 0.251101 0.378855 0.255507 0.378855 0.268722 0.387665 0.277533 0.396476 0.277533 0.405286 0.268722 0.405286 0.264317 0.400881 0.259912 0.400881 0.251101 0.392070 0.242291
0 0.823789 0.220264 0.819383 0.224670 0.819383 0.237885 0.814978 0.242291 0.814978 0.246696 0.823789 0.255507 0.828194 0.251101 0.837004 0.251101 0.841410 0.246696 0.841410 0.233480 0.832599 0.224670 0.828194 0.224670
0 0.726872 0.207048 0.722467 0.207048 0.713656 0.215859 0.718062 0.220264 0.718062 0.242291 0.713656 0.246696 0.713656 0.251101 0.709251 0.255507 0.704846 0.255507 0.691630 0.268722 0.696035 0.273128 0.709251 0.259912 0.709251 0.255507 0.713656 0.251101 0.718062 0.251101 0.722467 0.246696 0.735683 0.246696 0.740088 0.242291 0.735683 0.237885 0.735683 0.215859
0 0.638767 0.171806 0.634361 0.176211 0.629956 0.176211 0.625551 0.180617 0.634361 0.189427 0.634361 0.198238 0.638767 0.202643 0.647577 0.202643 0.651982 0.198238 0.651982 0.185022
0 0.083700 0.132159 0.079295 0.136564 0.079295 0.140969 0.074890 0.145374 0.074890 0.149780 0.079295 0.154185 0.079295 0.158590 0.092511 0.171806 0.092511 0.185022 0.096916 0.189427 0.096916 0.193833 0.101322 0.198238 0.105727 0.198238 0.110132 0.193833 0.110132 0.189427 0.114537 0.185022 0.114537 0.180617 0.105727 0.171806 0.105727 0.167401 0.101322 0.162996 0.101322 0.145374 0.092511 0.136564 0.088106 0.136564
0 0.101322 0.101322 0.101322 0.105727 0.105727 0.110132 0.110132 0.110132 0.118943 0.118943 0.118943 0.123348 0.127753 0.132159 0.149780 0.132159 0.154185 0.127753 0.149780 0.123348 0.145374 0.123348 0.140969 0.118943 0.132159 0.118943 0.127753 0.114537 0.123348 0.114537 0.118943 0.110132 0.118943 0.101322 0.110132 0.092511
0 0.599119 0.052863 0.581498 0.070485 0.577093 0.070485 0.572687 0.074890 0.568282 0.074890 0.559471 0.083700 0.559471 0.088106 0.563877 0.092511 0.563877 0.105727 0.568282 0.110132 0.572687 0.105727 0.572687 0.101322 0.581498 0.092511 0.577093 0.088106 0.577093 0.079295 0.585903 0.070485 0.590308 0.070485 0.594714 0.066079 0.599119 0.066079 0.603524 0.061674 0.603524 0.057269
0 0.832599 0.052863 0.832599 0.057269 0.845815 0.070485 0.850220 0.070485 0.854626 0.074890 0.854626 0.079295 0.859031 0.083700 0.863436 0.083700 0.867841 0.088106 0.872247 0.083700 0.876652 0.088106 0.881057 0.088106 0.885463 0.083700 0.876652 0.074890 0.872247 0.074890 0.863436 0.066079 0.863436 0.061674 0.854626 0.052863 0.850220 0.052863 0.845815 0.048458 0.837004 0.048458
0 0.462555 0.008811 0.449339 0.022026 0.444934 0.022026 0.436123 0.030837 0.436123 0.035242 0.444934 0.044053 0.458150 0.030837 0.462555 0.030837 0.471366 0.022026 0.471366 0.017621
0 0.277533 0.000000 0.281938 0.004405 0.281938 0.008811 0.286344 0.013216 0.286344 0.022026 0.290749 0.026432 0.290749 0.030837 0.295154 0.035242 0.321586 0.035242 0.325991 0.030837 0.325991 0.026432 0.321586 0.022026 0.308370 0.022026 0.303965 0.017621 0.299559 0.017621 0.295154 0.013216 0.295154 0.000000
