0 0.903084 0.955947 0.898678 0.960352 0.898678 0.964758 0.894273 0.969163 0.898678 0.973568 0.907489 0.973568 0.911894 0.977974 0.916300 0.977974 0.920705 0.982379 0.920705 0.995595 0.933921 0.995595 0.933921 0.986784 0.929515 0.982379 0.925110 0.982379 0.916300 0.973568 0.916300 0.964758 0.907489 0.955947
0 0.312775 0.903084 0.308370 0.903084 0.299559 0.911894 0.299559 0.916300 0.277533 0.938326 0.286344 0.947137 0.308370 0.925110 0.312775 0.925110 0.321586 0.916300 0.321586 0.911894
0 0.766520 0.907489 0.770925 0.911894 0.784141 0.911894 0.788546 0.916300 0.792952 0.916300 0.806167 0.929515 0.814978 0.929515 0.819383 0.925110 0.819383 0.920705 0.823789 0.916300 0.823789 0.911894 0.819383 0.907489 0.810573 0.907489 0.806167 0.911894 0.797357 0.911894 0.792952 0.907489 0.788546 0.907489 0.784141 0.903084 0.779736 0.903084 0.775330 0.898678
0 0.251101 0.889868 0.246696 0.894273 0.246696 0.916300 0.242291 0.920705 0.242291 0.929515 0.237885 0.933921 0.242291 0.938326 0.251101 0.938326 0.255507 0.933921 0.255507 0.903084 0.259912 0.898678
0 0.876652 0.911894 0.881057 0.916300 0.889868 0.907489 0.894273 0.907489 0.898678 0.903084 0.903084 0.903084 0.916300 0.889868 0.920705 0.889868 0.925110 0.885463 0.929515 0.889868 0.933921 0.889868 0.942731 0.898678 0.947137 0.898678 0.951542 0.894273 0.951542 0.885463 0.947137 0.881057 0.933921 0.881057 0.929515 0.885463 0.925110 0.885463 0.920705 0.889868 0.916300 0.889868 0.911894 0.885463 0.907489 0.885463 0.903084 0.881057 0.898678 0.885463 0.894273 0.885463 0.876652 0.903084
0 0.656388 0.876652 0.647577 0.885463 0.656388 0.894273 0.656388 0.898678 0.678414 0.920705 0.682819 0.920705 0.691630 0.929515 0.696035 0.925110 0.696035 0.920705 0.691630 0.916300 0.687225 0.916300 0.678414 0.907489 0.678414 0.903084 0.660793 0.885463 0.660793 0.881057
0 0.515419 0.885463 0.506608 0.876652 0.502203 0.881057 0.493392 0.881057 0.480176 0.894273 0.475771 0.894273 0.471366 0.898678 0.466960 0.898678 0.462555 0.903084 0.458150 0.898678 0.449339 0.907489 0.444934 0.907489 0.436123 0.916300 0.431718 0.916300 0.427313 0.920705 0.422908 0.920705 0.418502 0.916300 0.409692 0.916300 0.392070 0.933921 0.387665 0.933921 0.370044 0.951542 0.370044 0.955947 0.361233 0.964758 0.361233 0.973568 0.365639 0.977974 0.370044 0.973568 0.374449 0.973568 0.383260 0.964758 0.383260 0.960352 0.387665 0.955947 0.387665 0.947137 0.396476 0.938326 0.400881 0.938326 0.405286 0.933921 0.409692 0.933921 0.414097 0.929515 0.418502 0.929515 0.422908 0.925110 0.427313 0.925110 0.431718 0.929515 0.436123 0.929515 0.444934 0.938326 0.462555 0.920705 0.466960 0.920705 0.471366 0.916300 0.471366 0.911894 0.480176 0.903084 0.484582 0.903084 0.488987 0.898678 0.493392 0.898678 0.497797 0.903084 0.511013 0.903084 0.515419 0.898678
0 0.960352 0.806167 0.942731 0.806167 0.938326 0.810573 0.938326 0.814978 0.933921 0.819383 0.933921 0.823789 0.938326 0.828194 0.938326 0.832599 0.942731 0.837004 0.947137 0.832599 0.955947 0.832599 0.960352 0.828194 0.960352 0.823789 0.964758 0.819383 0.964758 0.810573
0 0.233480 0.788546 0.229075 0.784141 0.220264 0.784141 0.189427 0.810573 0.185022 0.810573 0.180617 0.814978 0.167401 0.819383 0.145374 0.841410 0.140969 0.841410 0.136564 0.845815 0.132159 0.845815 0.127753 0.841410 0.123348 0.845815 0.132159 0.854626 0.132159 0.863436 0.127753 0.867841 0.114537 0.872247 0.101322 0.863436 0.096916 0.867841 0.096916 0.876652 0.079295 0.894273 0.074890 0.894273 0.070485 0.898678 0.083700 0.907489 0.083700 0.916300 0.074890 0.925110 0.074890 0.933921 0.066079 0.942731 0.061674 0.942731 0.057269 0.947137 0.052863 0.947137 0.030837 0.960352 0.017621 0.951542 0.017621 0.942731 0.013216 0.938326 0.000000 0.938326 0.000000 0.995595 0.008811 0.995595 0.000000 0.986784 0.000000 0.977974 0.004405 0.973568 0.008811 0.973568 0.013216 0.969163 0.035242 0.969163 0.039648 0.964758 0.044053 0.964758 0.048458 0.960352 0.052863 0.960352 0.057269 0.955947 0.070485 0.951542 0.083700 0.938326 0.083700 0.929515 0.132159 0.881057 0.132159 0.876652 0.140969 0.867841 0.140969 0.863436 0.149780 0.854626 0.149780 0.850220 0.171806 0.828194 0.176211 0.828194 0.180617 0.823789 0.193833 0.819383 0.211454 0.801762 0.215859 0.801762 0.224670 0.792952 0.229075 0.792952
0 0.458150 0.718062 0.449339 0.718062 0.444934 0.722467 0.444934 0.726872 0.440529 0.731278 0.440529 0.735683 0.431718 0.744493 0.431718 0.748899 0.427313 0.753304 0.431718 0.757709 0.440529 0.757709 0.449339 0.748899 0.453745 0.748899 0.462555 0.740088 0.462555 0.735683 0.466960 0.731278 0.466960 0.726872
0 0.792952 0.696035 0.792952 0.700441 0.797357 0.700441 0.801762 0.704846 0.810573 0.704846 0.814978 0.709251 0.819383 0.709251 0.823789 0.713656 0.832599 0.704846 0.837004 0.704846 0.832599 0.704846 0.814978 0.687225 0.806167 0.687225 0.797357 0.696035
0 0.220264 0.687225 0.211454 0.696035 0.211454 0.718062 0.207048 0.722467 0.211454 0.726872 0.220264 0.726872 0.224670 0.722467 0.224670 0.718062 0.229075 0.713656 0.229075 0.704846 0.233480 0.700441 0.233480 0.696035 0.229075 0.691630 0.224670 0.691630
0 0.784141 0.696035 0.779736 0.696035 0.770925 0.687225 0.753304 0.696035 0.735683 0.682819 0.700441 0.704846 0.691630 0.704846 0.687225 0.709251 0.682819 0.704846 0.678414 0.709251 0.665198 0.709251 0.651982 0.722467 0.643172 0.740088 0.629956 0.753304 0.612335 0.762115 0.607930 0.770925 0.599119 0.775330 0.577093 0.797357 0.559471 0.806167 0.541850 0.806167 0.537445 0.810573 0.528634 0.810573 0.511013 0.819383 0.502203 0.828194 0.502203 0.837004 0.506608 0.841410 0.515419 0.837004 0.533040 0.850220 0.537445 0.845815 0.559471 0.845815 0.568282 0.841410 0.577093 0.832599 0.568282 0.823789 0.568282 0.814978 0.577093 0.810573 0.634361 0.757709 0.638767 0.757709 0.665198 0.726872 0.691630 0.713656 0.704846 0.722467 0.704846 0.731278 0.700441 0.740088 0.678414 0.766520 0.678414 0.775330 0.669604 0.784141 0.665198 0.784141 0.656388 0.792952 0.638767 0.801762 0.643172 0.810573 0.656388 0.814978 0.669604 0.788546 0.674009 0.788546 0.687225 0.775330 0.704846 0.766520 0.731278 0.735683 0.740088 0.731278 0.744493 0.735683 0.753304 0.731278 0.762115 0.722467 0.762115 0.718062 0.779736 0.700441 0.784141 0.700441
0 0.911894 0.665198 0.903084 0.665198 0.894273 0.674009 0.894273 0.682819 0.898678 0.687225 0.898678 0.691630 0.903084 0.696035 0.907489 0.696035 0.916300 0.704846 0.916300 0.722467 0.907489 0.731278 0.907489 0.735683 0.903084 0.740088 0.903084 0.748899 0.889868 0.762115 0.889868 0.766520 0.885463 0.770925 0.889868 0.775330 0.894273 0.775330 0.907489 0.762115 0.907489 0.753304 0.911894 0.748899 0.916300 0.748899 0.925110 0.740088 0.925110 0.726872 0.929515 0.722467 0.925110 0.718062 0.925110 0.709251 0.929515 0.704846 0.925110 0.700441 0.920705 0.700441 0.916300 0.696035 0.916300 0.669604
0 0.656388 0.634361 0.651982 0.629956 0.647577 0.629956 0.643172 0.625551 0.638767 0.629956 0.638767 0.634361 0.621145 0.651982 0.625551 0.656388 0.629956 0.651982 0.647577 0.651982 0.651982 0.647577 0.651982 0.638767
0 0.964758 0.612335 0.960352 0.607930 0.907489 0.607930 0.903084 0.612335 0.841410 0.612335 0.837004 0.616740 0.832599 0.616740 0.828194 0.612335 0.801762 0.612335 0.788546 0.621145 0.779736 0.621145 0.762115 0.638767 0.757709 0.638767 0.735683 0.651982 0.731278 0.647577 0.726872 0.647577 0.722467 0.643172 0.722467 0.634361 0.713656 0.625551 0.709251 0.625551 0.704846 0.629956 0.704846 0.634361 0.713656 0.647577 0.713656 0.656388 0.709251 0.660793 0.704846 0.660793 0.691630 0.669604 0.660793 0.669604 0.656388 0.674009 0.643172 0.674009 0.638767 0.678414 0.616740 0.687225 0.599119 0.700441 0.594714 0.696035 0.590308 0.696035 0.585903 0.700441 0.590308 0.704846 0.590308 0.709251 0.594714 0.713656 0.599119 0.713656 0.621145 0.696035 0.625551 0.696035 0.647577 0.682819 0.656388 0.682819 0.660793 0.678414 0.691630 0.678414 0.696035 0.674009 0.704846 0.674009 0.709251 0.669604 0.718062 0.669604 0.722467 0.665198 0.726872 0.669604 0.731278 0.665198 0.744493 0.660793 0.766520 0.643172 0.770925 0.643172 0.784141 0.629956 0.788546 0.629956 0.792952 0.625551 0.801762 0.625551 0.806167 0.621145 0.828194 0.621145 0.832599 0.625551 0.837004 0.625551 0.841410 0.621145 0.903084 0.621145 0.907489 0.616740 0.960352 0.616740
0 0.916300 0.528634 0.911894 0.524229 0.907489 0.528634 0.903084 0.528634 0.898678 0.533040 0.894273 0.533040 0.889868 0.537445 0.885463 0.537445 0.881057 0.541850 0.876652 0.541850 0.872247 0.546256 0.876652 0.550661 0.894273 0.550661 0.898678 0.546256 0.907489 0.546256 0.911894 0.541850 0.911894 0.533040
0 0.096916 0.524229 0.088106 0.515419 0.083700 0.519824 0.074890 0.519824 0.070485 0.524229 0.066079 0.524229 0.057269 0.533040 0.057269 0.537445 0.048458 0.546256 0.044053 0.546256 0.035242 0.555066 0.035242 0.563877 0.039648 0.568282 0.044053 0.568282 0.048458 0.572687 0.057269 0.563877 0.057269 0.555066 0.061674 0.550661 0.066079 0.550661 0.070485 0.546256 0.074890 0.546256 0.079295 0.541850 0.083700 0.541850 0.096916 0.528634
0 0.493392 0.506608 0.484582 0.515419 0.484582 0.524229 0.488987 0.528634 0.488987 0.533040 0.497797 0.541850 0.497797 0.550661 0.493392 0.555066 0.497797 0.559471 0.506608 0.550661 0.506608 0.515419 0.497797 0.506608
0 0.251101 0.506608 0.246696 0.511013 0.233480 0.511013 0.220264 0.524229 0.220264 0.528634 0.207048 0.541850 0.207048 0.550661 0.215859 0.559471 0.220264 0.555066 0.224670 0.555066 0.233480 0.546256 0.233480 0.541850 0.242291 0.533040 0.242291 0.528634 0.246696 0.524229 0.246696 0.519824 0.255507 0.511013
0 0.352423 0.466960 0.343612 0.466960 0.339207 0.471366 0.339207 0.480176 0.334802 0.484582 0.334802 0.493392 0.325991 0.502203 0.325991 0.506608 0.321586 0.511013 0.325991 0.515419 0.330396 0.515419 0.334802 0.519824 0.339207 0.519824 0.343612 0.515419 0.343612 0.511013 0.348018 0.506608 0.348018 0.502203 0.352423 0.497797 0.352423 0.493392 0.356828 0.488987 0.356828 0.471366
0 0.132159 0.449339 0.127753 0.453745 0.132159 0.458150 0.136564 0.458150 0.140969 0.462555 0.145374 0.462555 0.154185 0.471366 0.154185 0.484582 0.149780 0.488987 0.149780 0.493392 0.145374 0.497797 0.149780 0.502203 0.154185 0.502203 0.158590 0.506608 0.167401 0.497797 0.162996 0.493392 0.162996 0.488987 0.158590 0.484582 0.158590 0.471366 0.167401 0.462555 0.158590 0.453745 0.145374 0.453745 0.140969 0.449339
0 0.220264 0.449339 0.220264 0.453745 0.224670 0.458150 0.224670 0.462555 0.229075 0.466960 0.237885 0.466960 0.246696 0.458150 0.251101 0.458150 0.255507 0.453745 0.264317 0.453745 0.268722 0.458150 0.273128 0.458150 0.277533 0.453745 0.268722 0.444934 0.264317 0.444934 0.259912 0.449339 0.246696 0.449339 0.242291 0.444934 0.237885 0.444934 0.233480 0.440529 0.229075 0.444934 0.224670 0.444934
0 0.995595 0.396476 0.960352 0.405286 0.925110 0.396476 0.916300 0.400881 0.854626 0.396476 0.797357 0.405286 0.775330 0.422908 0.726872 0.444934 0.704846 0.471366 0.687225 0.480176 0.660793 0.475771 0.612335 0.533040 0.559471 0.572687 0.488987 0.594714 0.462555 0.590308 0.396476 0.594714 0.374449 0.585903 0.348018 0.590308 0.317181 0.612335 0.348018 0.638767 0.348018 0.647577 0.334802 0.660793 0.334802 0.682819 0.325991 0.691630 0.334802 0.726872 0.352423 0.731278 0.392070 0.713656 0.405286 0.700441 0.418502 0.669604 0.400881 0.656388 0.392070 0.634361 0.409692 0.621145 0.414097 0.607930 0.422908 0.603524 0.436123 0.612335 0.431718 0.625551 0.444934 0.643172 0.458150 0.625551 0.466960 0.621145 0.471366 0.625551 0.475771 0.612335 0.493392 0.599119 0.528634 0.594714 0.541850 0.585903 0.568282 0.594714 0.581498 0.585903 0.607930 0.581498 0.612335 0.568282 0.629956 0.559471 0.665198 0.519824 0.709251 0.497797 0.726872 0.506608 0.731278 0.497797 0.713656 0.484582 0.722467 0.462555 0.806167 0.414097 0.854626 0.405286 0.889868 0.409692 0.911894 0.431718 0.933921 0.440529 0.938326 0.418502 0.951542 0.409692 0.964758 0.418502 0.969163 0.436123 0.991189 0.440529
0 0.484582 0.396476 0.480176 0.400881 0.480176 0.409692 0.475771 0.414097 0.475771 0.427313 0.480176 0.431718 0.480176 0.436123 0.484582 0.440529 0.484582 0.449339 0.493392 0.458150 0.502203 0.458150 0.506608 0.453745 0.511013 0.453745 0.506608 0.449339 0.506608 0.440529 0.497797 0.431718 0.497797 0.405286 0.488987 0.396476
0 0.158590 0.396476 0.154185 0.396476 0.149780 0.400881 0.145374 0.400881 0.132159 0.414097 0.140969 0.422908 0.145374 0.422908 0.149780 0.418502 0.154185 0.418502 0.162996 0.409692 0.162996 0.400881
0 0.321586 0.400881 0.334802 0.414097 0.348018 0.414097 0.352423 0.409692 0.352423 0.405286 0.356828 0.400881 0.352423 0.396476 0.348018 0.396476 0.343612 0.392070 0.334802 0.392070 0.330396 0.396476 0.325991 0.396476
0 0.612335 0.361233 0.603524 0.352423 0.594714 0.352423 0.590308 0.356828 0.581498 0.356828 0.577093 0.361233 0.577093 0.370044 0.585903 0.378855 0.594714 0.378855
0 0.387665 0.361233 0.392070 0.365639 0.392070 0.374449 0.400881 0.383260 0.405286 0.383260 0.409692 0.387665 0.414097 0.387665 0.427313 0.400881 0.436123 0.400881 0.440529 0.396476 0.444934 0.396476 0.453745 0.387665 0.453745 0.383260 0.444934 0.374449 0.440529 0.378855 0.427313 0.378855 0.422908 0.374449 0.418502 0.374449 0.409692 0.365639 0.409692 0.356828 0.405286 0.352423 0.396476 0.352423
0 0.757709 0.361233 0.766520 0.370044 0.770925 0.370044 0.779736 0.361233 0.784141 0.361233 0.788546 0.356828 0.792952 0.356828 0.797357 0.352423 0.788546 0.343612 0.770925 0.343612 0.757709 0.356828
0 0.096916 0.330396 0.092511 0.334802 0.088106 0.334802 0.083700 0.339207 0.079295 0.334802 0.074890 0.334802 0.070485 0.330396 0.061674 0.330396 0.057269 0.325991 0.052863 0.330396 0.039648 0.330396 0.030837 0.339207 0.030837 0.343612 0.026432 0.348018 0.030837 0.352423 0.035242 0.352423 0.044053 0.343612 0.048458 0.343612 0.052863 0.339207 0.061674 0.339207 0.066079 0.343612 0.070485 0.339207 0.079295 0.339207 0.083700 0.343612 0.088106 0.343612 0.096916 0.352423 0.096916 0.361233 0.092511 0.365639 0.092511 0.374449 0.066079 0.400881 0.061674 0.400881 0.057269 0.405286 0.048458 0.405286 0.044053 0.400881 0.039648 0.405286 0.035242 0.405286 0.039648 0.405286 0.044053 0.409692 0.048458 0.405286 0.052863 0.405286 0.057269 0.409692 0.061674 0.409692 0.066079 0.414097 0.070485 0.409692 0.079295 0.409692 0.088106 0.400881 0.088106 0.396476 0.092511 0.392070 0.092511 0.387665 0.096916 0.383260 0.096916 0.378855 0.101322 0.374449 0.101322 0.370044 0.105727 0.365639 0.105727 0.356828 0.110132 0.352423 0.110132 0.339207 0.105727 0.334802 0.101322 0.334802
0 0.281938 0.321586 0.277533 0.325991 0.277533 0.330396 0.286344 0.339207 0.286344 0.374449 0.290749 0.378855 0.295154 0.374449 0.299559 0.374449 0.308370 0.365639 0.308370 0.348018 0.303965 0.343612 0.303965 0.339207 0.299559 0.334802 0.299559 0.325991 0.295154 0.321586
0 0.859031 0.317181 0.863436 0.321586 0.867841 0.317181 0.876652 0.317181 0.881057 0.312775 0.898678 0.312775 0.903084 0.308370 0.907489 0.308370 0.907489 0.303965 0.903084 0.303965 0.898678 0.299559 0.894273 0.299559 0.889868 0.303965 0.881057 0.303965 0.876652 0.299559 0.867841 0.299559 0.859031 0.308370
0 0.722467 0.286344 0.713656 0.295154 0.713656 0.303965 0.722467 0.312775 0.735683 0.312775 0.740088 0.308370 0.740088 0.303965 0.744493 0.299559 0.731278 0.286344
0 0.577093 0.286344 0.559471 0.303965 0.559471 0.308370 0.550661 0.317181 0.550661 0.325991 0.546256 0.330396 0.546256 0.343612 0.550661 0.348018 0.563877 0.334802 0.563877 0.330396 0.572687 0.321586 0.572687 0.317181 0.581498 0.308370 0.581498 0.290749
0 0.453745 0.286344 0.449339 0.290749 0.449339 0.295154 0.444934 0.299559 0.444934 0.317181 0.449339 0.321586 0.462555 0.321586 0.466960 0.325991 0.471366 0.321586 0.471366 0.317181 0.466960 0.312775 0.466960 0.295154 0.462555 0.290749 0.458150 0.290749
0 0.409692 0.281938 0.405286 0.281938 0.383260 0.303965 0.383260 0.312775 0.387665 0.317181 0.396476 0.317181 0.409692 0.303965 0.409692 0.299559 0.414097 0.295154 0.414097 0.286344
0 0.872247 0.255507 0.863436 0.246696 0.859031 0.246696 0.854626 0.251101 0.850220 0.251101 0.845815 0.255507 0.832599 0.255507 0.828194 0.259912 0.832599 0.264317 0.867841 0.264317 0.872247 0.259912
0 0.511013 0.255507 0.515419 0.259912 0.541850 0.259912 0.550661 0.251101 0.555066 0.251101 0.559471 0.246696 0.568282 0.246696 0.572687 0.251101 0.577093 0.251101 0.585903 0.259912 0.594714 0.251101 0.594714 0.246696 0.585903 0.237885 0.581498 0.237885 0.577093 0.242291 0.572687 0.237885 0.568282 0.237885 0.563877 0.233480 0.550661 0.233480 0.546256 0.237885 0.541850 0.237885 0.537445 0.242291 0.533040 0.242291 0.528634 0.246696 0.515419 0.246696 0.511013 0.251101
0 0.083700 0.237885 0.083700 0.246696 0.088106 0.251101 0.088106 0.259912 0.096916 0.268722 0.101322 0.268722 0.105727 0.264317 0.110132 0.264317 0.114537 0.268722 0.118943 0.268722 0.127753 0.277533 0.132159 0.277533 0.136564 0.281938 0.136564 0.286344 0.140969 0.290749 0.145374 0.286344 0.162996 0.286344 0.167401 0.281938 0.167401 0.277533 0.162996 0.273128 0.158590 0.277533 0.145374 0.277533 0.140969 0.273128 0.136564 0.273128 0.127753 0.264317 0.123348 0.268722 0.114537 0.268722 0.110132 0.264317 0.105727 0.264317 0.096916 0.255507 0.096916 0.251101 0.092511 0.246696 0.092511 0.237885 0.088106 0.233480
0 0.052863 0.224670 0.035242 0.242291 0.035242 0.264317 0.044053 0.273128 0.057269 0.259912 0.057269 0.229075
0 0.268722 0.207048 0.264317 0.211454 0.264317 0.215859 0.268722 0.220264 0.268722 0.224670 0.273128 0.229075 0.273128 0.251101 0.281938 0.259912 0.286344 0.259912 0.290749 0.264317 0.299559 0.264317 0.303965 0.259912 0.303965 0.255507 0.295154 0.246696 0.295154 0.233480 0.290749 0.229075 0.290749 0.224670 0.277533 0.211454 0.273128 0.211454
0 0.427313 0.202643 0.422908 0.207048 0.409692 0.207048 0.400881 0.215859 0.400881 0.220264 0.387665 0.233480 0.387665 0.242291 0.396476 0.251101 0.409692 0.237885 0.409692 0.233480 0.418502 0.224670 0.422908 0.224670 0.431718 0.215859 0.431718 0.207048
0 0.643172 0.207048 0.634361 0.198238 0.625551 0.198238 0.612335 0.211454 0.607930 0.211454 0.603524 0.215859 0.603524 0.220264 0.612335 0.229075 0.625551 0.215859 0.629956 0.215859 0.634361 0.211454 0.638767 0.211454
0 0.823789 0.189427 0.819383 0.185022 0.819383 0.176211 0.806167 0.162996 0.801762 0.162996 0.797357 0.167401 0.792952 0.167401 0.775330 0.185022 0.770925 0.185022 0.766520 0.189427 0.762115 0.185022 0.757709 0.185022 0.753304 0.180617 0.735683 0.180617 0.731278 0.185022 0.726872 0.185022 0.722467 0.189427 0.713656 0.189427 0.709251 0.185022 0.700441 0.185022 0.696035 0.180617 0.665198 0.180617 0.660793 0.185022 0.669604 0.193833 0.678414 0.193833 0.682819 0.198238 0.687225 0.193833 0.691630 0.198238 0.700441 0.198238 0.704846 0.202643 0.709251 0.202643 0.713656 0.207048 0.722467 0.207048 0.726872 0.211454 0.735683 0.211454 0.740088 0.215859 0.748899 0.215859 0.753304 0.211454 0.762115 0.211454 0.766520 0.207048 0.770925 0.207048 0.775330 0.202643 0.775330 0.198238 0.779736 0.193833 0.784141 0.193833 0.788546 0.189427 0.797357 0.189427 0.801762 0.193833 0.806167 0.193833 0.810573 0.198238 0.814978 0.193833 0.819383 0.193833
0 0.458150 0.154185 0.453745 0.158590 0.449339 0.158590 0.440529 0.167401 0.440529 0.171806 0.436123 0.176211 0.440529 0.180617 0.440529 0.185022 0.444934 0.189427 0.449339 0.189427 0.458150 0.180617 0.458150 0.171806 0.462555 0.167401 0.462555 0.158590
0 0.229075 0.149780 0.224670 0.154185 0.220264 0.154185 0.215859 0.158590 0.215859 0.185022 0.211454 0.189427 0.211454 0.193833 0.215859 0.198238 0.215859 0.202643 0.220264 0.207048 0.229075 0.207048 0.233480 0.202643 0.229075 0.198238 0.229075 0.176211 0.233480 0.171806 0.233480 0.154185
0 0.400881 0.132159 0.396476 0.127753 0.387665 0.127753 0.378855 0.136564 0.378855 0.149780 0.374449 0.154185 0.374449 0.162996 0.370044 0.167401 0.365639 0.167401 0.361233 0.171806 0.356828 0.167401 0.352423 0.171806 0.334802 0.171806 0.325991 0.180617 0.334802 0.189427 0.352423 0.189427 0.361233 0.180617 0.361233 0.171806 0.365639 0.167401 0.370044 0.167401 0.374449 0.162996 0.378855 0.162996 0.383260 0.167401 0.396476 0.154185 0.396476 0.149780 0.405286 0.140969 0.400881 0.136564
0 0.154185 0.105727 0.145374 0.105727 0.136564 0.114537 0.136564 0.118943 0.132159 0.123348 0.145374 0.136564 0.149780 0.136564 0.154185 0.132159 0.158590 0.132159 0.162996 0.127753 0.162996 0.123348 0.167401 0.118943 0.167401 0.114537 0.162996 0.110132 0.158590 0.110132
0 0.942731 0.096916 0.929515 0.096916 0.925110 0.101322 0.925110 0.105727 0.920705 0.110132 0.920705 0.118943 0.929515 0.127753 0.942731 0.114537 0.942731 0.110132 0.947137 0.105727 0.947137 0.101322
0 0.753304 0.096916 0.770925 0.114537 0.775330 0.114537 0.784141 0.123348 0.788546 0.123348 0.792952 0.127753 0.806167 0.127753 0.810573 0.132159 0.819383 0.123348 0.819383 0.118943 0.810573 0.110132 0.801762 0.110132 0.797357 0.105727 0.792952 0.105727 0.784141 0.096916 0.762115 0.096916 0.757709 0.092511
0 0.321586 0.088106 0.312775 0.088106 0.308370 0.092511 0.308370 0.132159 0.303965 0.136564 0.303965 0.145374 0.308370 0.140969 0.312775 0.145374 0.317181 0.145374 0.321586 0.140969 0.321586 0.136564 0.325991 0.132159 0.325991 0.118943 0.321586 0.114537 0.321586 0.101322 0.325991 0.096916 0.325991 0.092511
0 0.713656 0.079295 0.709251 0.074890 0.691630 0.092511 0.687225 0.092511 0.682819 0.096916 0.678414 0.096916 0.674009 0.092511 0.669604 0.092511 0.665198 0.088106 0.647577 0.088106 0.638767 0.096916 0.638767 0.101322 0.647577 0.110132 0.656388 0.110132 0.660793 0.105727 0.665198 0.105727 0.669604 0.101322 0.674009 0.101322 0.678414 0.096916 0.682819 0.096916 0.687225 0.101322 0.691630 0.101322 0.700441 0.092511 0.704846 0.092511 0.713656 0.083700
0 0.837004 0.057269 0.823789 0.057269 0.819383 0.061674 0.814978 0.061674 0.810573 0.066079 0.810573 0.070485 0.814978 0.074890 0.819383 0.074890 0.823789 0.079295 0.828194 0.079295 0.832599 0.074890 0.837004 0.074890 0.841410 0.070485 0.841410 0.061674
0 0.453745 0.039648 0.444934 0.039648 0.436123 0.048458 0.436123 0.079295 0.440529 0.083700 0.449339 0.074890 0.449339 0.070485 0.453745 0.066079 0.453745 0.061674 0.458150 0.057269 0.458150 0.044053
0 0.982379 0.039648 0.969163 0.026432 0.964758 0.030837 0.960352 0.030837 0.951542 0.039648 0.947137 0.039648 0.942731 0.044053 0.925110 0.044053 0.920705 0.048458 0.920705 0.052863 0.929515 0.061674 0.933921 0.057269 0.938326 0.057269 0.942731 0.052863 0.947137 0.052863 0.951542 0.048458 0.955947 0.052863 0.973568 0.052863 0.977974 0.048458 0.977974 0.044053
0 0.193833 0.074890 0.198238 0.079295 0.202643 0.079295 0.207048 0.074890 0.211454 0.074890 0.220264 0.066079 0.224670 0.066079 0.229075 0.061674 0.237885 0.061674 0.242291 0.057269 0.242291 0.052863 0.246696 0.048458 0.246696 0.044053 0.251101 0.039648 0.255507 0.039648 0.259912 0.035242 0.264317 0.035242 0.268722 0.039648 0.273128 0.039648 0.277533 0.044053 0.281938 0.044053 0.290749 0.052863 0.290749 0.057269 0.295154 0.061674 0.299559 0.057269 0.295154 0.052863 0.295154 0.044053 0.286344 0.035242 0.281938 0.035242 0.273128 0.026432 0.268722 0.030837 0.264317 0.030837 0.259912 0.035242 0.255507 0.030837 0.251101 0.030837 0.242291 0.022026 0.233480 0.022026 0.229075 0.026432 0.229075 0.035242 0.224670 0.039648 0.224670 0.044053 0.220264 0.048458 0.220264 0.052863 0.211454 0.061674 0.207048 0.061674 0.202643 0.066079 0.198238 0.066079 0.193833 0.070485
0 0.343612 0.013216 0.339207 0.017621 0.339207 0.022026 0.334802 0.026432 0.334802 0.039648 0.343612 0.048458 0.352423 0.048458 0.356828 0.044053 0.356828 0.035242 0.361233 0.030837 0.365639 0.030837 0.361233 0.030837
0 0.405286 0.000000 0.396476 0.000000 0.396476 0.008811 0.387665 0.017621 0.387665 0.022026 0.378855 0.030837 0.374449 0.030837 0.378855 0.030837 0.387665 0.039648 0.392070 0.039648 0.396476 0.035242 0.400881 0.035242 0.405286 0.030837 0.405286 0.017621 0.400881 0.013216 0.400881 0.004405
