0 0.757709 0.969163 0.753304 0.964758 0.740088 0.964758 0.726872 0.977974 0.722467 0.977974 0.713656 0.986784 0.709251 0.986784 0.709251 0.995595 0.731278 0.995595 0.731278 0.986784 0.740088 0.977974 0.744493 0.977974 0.748899 0.973568 0.753304 0.973568
0 0.251101 0.960352 0.246696 0.960352 0.233480 0.973568 0.233480 0.982379 0.229075 0.986784 0.229075 0.995595 0.251101 0.995595 0.251101 0.986784 0.246696 0.982379 0.246696 0.973568 0.255507 0.964758
0 0.907489 0.960352 0.903084 0.955947 0.898678 0.955947 0.885463 0.969163 0.885463 0.973568 0.881057 0.977974 0.881057 0.982379 0.876652 0.986784 0.872247 0.986784 0.867841 0.991189 0.863436 0.991189 0.859031 0.995595 0.854626 0.991189 0.850220 0.991189 0.845815 0.986784 0.837004 0.986784 0.832599 0.991189 0.832599 0.995595 0.889868 0.995595 0.889868 0.991189 0.898678 0.982379 0.898678 0.973568 0.907489 0.964758
0 0.691630 0.969163 0.682819 0.960352 0.678414 0.960352 0.674009 0.955947 0.660793 0.955947 0.656388 0.960352 0.643172 0.960352 0.638767 0.964758 0.634361 0.964758 0.629956 0.969163 0.629956 0.977974 0.625551 0.982379 0.625551 0.986784 0.621145 0.991189 0.621145 0.995595 0.643172 0.995595 0.643172 0.982379 0.647577 0.977974 0.651982 0.977974 0.656388 0.973568 0.665198 0.973568 0.669604 0.977974 0.674009 0.977974 0.678414 0.982379 0.687225 0.982379 0.691630 0.977974
0 0.938326 0.960352 0.938326 0.964758 0.947137 0.973568 0.955947 0.973568 0.960352 0.977974 0.969163 0.977974 0.973568 0.973568 0.977974 0.973568 0.982379 0.977974 0.986784 0.977974 0.991189 0.982379 0.995595 0.982379 0.995595 0.960352 0.977974 0.960352 0.973568 0.964758 0.969163 0.960352 0.960352 0.960352 0.955947 0.955947 0.951542 0.955947 0.947137 0.951542
0 0.436123 0.938326 0.427313 0.947137 0.427313 0.951542 0.422908 0.955947 0.422908 0.960352 0.440529 0.977974 0.440529 0.995595 0.453745 0.995595 0.453745 0.991189 0.440529 0.977974 0.440529 0.969163 0.444934 0.964758 0.444934 0.942731 0.440529 0.938326
0 0.370044 0.933921 0.365639 0.938326 0.361233 0.938326 0.352423 0.947137 0.356828 0.951542 0.361233 0.951542 0.365639 0.955947 0.370044 0.955947 0.378855 0.964758 0.387665 0.955947 0.387665 0.947137 0.374449 0.933921
0 0.000000 0.920705 0.000000 0.938326 0.013216 0.938326 0.017621 0.942731 0.022026 0.938326 0.030837 0.938326 0.035242 0.933921 0.035242 0.929515 0.026432 0.920705
0 0.519824 0.916300 0.515419 0.916300 0.506608 0.925110 0.506608 0.929515 0.502203 0.933921 0.497797 0.933921 0.493392 0.938326 0.484582 0.938326 0.480176 0.942731 0.480176 0.955947 0.484582 0.960352 0.484582 0.973568 0.497797 0.986784 0.502203 0.982379 0.502203 0.973568 0.497797 0.969163 0.497797 0.942731 0.502203 0.938326 0.506608 0.938326 0.511013 0.933921 0.524229 0.933921 0.528634 0.929515 0.519824 0.920705
0 0.233480 0.920705 0.229075 0.916300 0.220264 0.916300 0.211454 0.925110 0.207048 0.925110 0.202643 0.929515 0.193833 0.929515 0.189427 0.933921 0.185022 0.933921 0.180617 0.938326 0.180617 0.947137 0.185022 0.951542 0.185022 0.955947 0.189427 0.960352 0.193833 0.955947 0.198238 0.955947 0.202643 0.951542 0.207048 0.951542 0.233480 0.925110
0 0.647577 0.911894 0.647577 0.907489 0.638767 0.898678 0.634361 0.898678 0.629956 0.903084 0.625551 0.903084 0.621145 0.907489 0.616740 0.907489 0.612335 0.911894 0.603524 0.911894 0.599119 0.907489 0.594714 0.907489 0.590308 0.903084 0.585903 0.903084 0.581498 0.907489 0.585903 0.911894 0.585903 0.916300 0.590308 0.920705 0.594714 0.920705 0.612335 0.938326 0.616740 0.938326 0.629956 0.925110 0.634361 0.925110
0 0.894273 0.881057 0.889868 0.885463 0.889868 0.889868 0.894273 0.894273 0.894273 0.903084 0.889868 0.907489 0.889868 0.911894 0.885463 0.916300 0.885463 0.920705 0.894273 0.929515 0.903084 0.929515 0.907489 0.925110 0.907489 0.911894 0.903084 0.907489 0.903084 0.898678 0.911894 0.889868 0.911894 0.885463 0.907489 0.881057
0 0.541850 0.885463 0.537445 0.881057 0.533040 0.881057 0.528634 0.876652 0.515419 0.876652 0.506608 0.885463 0.502203 0.885463 0.497797 0.889868 0.493392 0.885463 0.488987 0.885463 0.484582 0.881057 0.480176 0.881057 0.475771 0.885463 0.475771 0.894273 0.480176 0.898678 0.484582 0.898678 0.493392 0.889868 0.497797 0.889868 0.502203 0.885463 0.506608 0.889868 0.511013 0.889868 0.524229 0.903084 0.524229 0.907489 0.528634 0.903084 0.533040 0.903084 0.541850 0.894273
0 0.938326 0.863436 0.933921 0.867841 0.933921 0.872247 0.942731 0.881057 0.942731 0.898678 0.938326 0.903084 0.938326 0.920705 0.947137 0.929515 0.947137 0.933921 0.951542 0.938326 0.955947 0.933921 0.955947 0.929515 0.960352 0.925110 0.955947 0.920705 0.955947 0.911894 0.960352 0.907489 0.960352 0.903084 0.969163 0.894273 0.973568 0.894273 0.977974 0.889868 0.986784 0.889868 0.991189 0.894273 0.995595 0.894273 0.995595 0.881057 0.991189 0.885463 0.986784 0.885463 0.982379 0.889868 0.977974 0.885463 0.973568 0.885463 0.964758 0.876652 0.960352 0.876652 0.955947 0.872247 0.951542 0.872247 0.942731 0.863436
0 0.044053 0.850220 0.039648 0.845815 0.035242 0.850220 0.035242 0.854626 0.026432 0.863436 0.022026 0.863436 0.017621 0.867841 0.013216 0.867841 0.008811 0.863436 0.000000 0.863436 0.000000 0.885463 0.017621 0.885463 0.022026 0.881057 0.030837 0.881057 0.044053 0.867841
0 0.259912 0.845815 0.255507 0.841410 0.251101 0.841410 0.246696 0.837004 0.237885 0.837004 0.233480 0.841410 0.233480 0.845815 0.229075 0.850220 0.229075 0.854626 0.224670 0.859031 0.220264 0.859031 0.215859 0.863436 0.198238 0.863436 0.193833 0.859031 0.189427 0.859031 0.185022 0.863436 0.185022 0.867841 0.176211 0.876652 0.171806 0.876652 0.167401 0.881057 0.162996 0.881057 0.158590 0.876652 0.154185 0.881057 0.136564 0.881057 0.132159 0.885463 0.123348 0.885463 0.118943 0.889868 0.118943 0.898678 0.114537 0.903084 0.110132 0.903084 0.114537 0.903084 0.118943 0.907489 0.118943 0.916300 0.123348 0.920705 0.123348 0.929515 0.118943 0.933921 0.114537 0.933921 0.110132 0.938326 0.105727 0.933921 0.101322 0.933921 0.096916 0.929515 0.092511 0.933921 0.088106 0.933921 0.083700 0.929515 0.074890 0.938326 0.083700 0.947137 0.101322 0.947137 0.105727 0.942731 0.110132 0.947137 0.114537 0.947137 0.123348 0.955947 0.132159 0.955947 0.136564 0.951542 0.140969 0.951542 0.145374 0.947137 0.145374 0.942731 0.132159 0.929515 0.132159 0.916300 0.136564 0.911894 0.136564 0.903084 0.140969 0.898678 0.145374 0.898678 0.149780 0.894273 0.180617 0.894273 0.193833 0.881057 0.198238 0.881057 0.202643 0.876652 0.211454 0.876652 0.215859 0.872247 0.233480 0.872247 0.237885 0.867841 0.242291 0.867841 0.246696 0.863436 0.251101 0.863436 0.259912 0.854626
0 0.894273 0.797357 0.889868 0.801762 0.889868 0.806167 0.885463 0.810573 0.885463 0.819383 0.881057 0.823789 0.881057 0.837004 0.889868 0.845815 0.903084 0.845815 0.907489 0.841410 0.907489 0.801762 0.903084 0.801762 0.898678 0.797357
0 0.845815 0.832599 0.841410 0.828194 0.832599 0.828194 0.819383 0.819383 0.814978 0.823789 0.814978 0.828194 0.801762 0.837004 0.788546 0.832599 0.766520 0.810573 0.766520 0.801762 0.779736 0.788546 0.775330 0.784141 0.770925 0.788546 0.766520 0.788546 0.722467 0.832599 0.726872 0.837004 0.726872 0.845815 0.718062 0.854626 0.718062 0.876652 0.704846 0.889868 0.700441 0.889868 0.691630 0.898678 0.691630 0.903084 0.687225 0.907489 0.687225 0.925110 0.682819 0.929515 0.682819 0.933921 0.691630 0.942731 0.696035 0.942731 0.700441 0.938326 0.700441 0.920705 0.704846 0.916300 0.704846 0.907489 0.718062 0.898678 0.722467 0.903084 0.726872 0.903084 0.744493 0.925110 0.757709 0.916300 0.784141 0.933921 0.788546 0.933921 0.801762 0.920705 0.806167 0.920705 0.810573 0.916300 0.823789 0.925110 0.823789 0.933921 0.806167 0.951542 0.810573 0.955947 0.814978 0.951542 0.819383 0.951542 0.823789 0.955947 0.828194 0.951542 0.832599 0.951542 0.837004 0.947137 0.837004 0.938326 0.854626 0.916300 0.854626 0.907489 0.850220 0.903084 0.845815 0.903084 0.841410 0.907489 0.828194 0.903084 0.823789 0.898678 0.823789 0.894273 0.814978 0.885463 0.814978 0.876652 0.819383 0.872247 0.819383 0.867841 0.841410 0.845815
0 0.246696 0.740088 0.242291 0.744493 0.246696 0.748899 0.246696 0.753304 0.255507 0.762115 0.259912 0.762115 0.264317 0.766520 0.268722 0.766520 0.273128 0.762115 0.277533 0.766520 0.281938 0.766520 0.286344 0.770925 0.286344 0.775330 0.290749 0.779736 0.290749 0.784141 0.295154 0.788546 0.295154 0.792952 0.299559 0.797357 0.299559 0.801762 0.303965 0.806167 0.303965 0.810573 0.308370 0.814978 0.325991 0.814978 0.330396 0.819383 0.334802 0.819383 0.343612 0.828194 0.343612 0.837004 0.334802 0.845815 0.330396 0.845815 0.325991 0.850220 0.321586 0.845815 0.317181 0.845815 0.312775 0.841410 0.308370 0.845815 0.303965 0.845815 0.299559 0.850220 0.299559 0.859031 0.308370 0.867841 0.312775 0.867841 0.317181 0.872247 0.317181 0.881057 0.312775 0.885463 0.312775 0.889868 0.317181 0.894273 0.321586 0.889868 0.325991 0.889868 0.330396 0.885463 0.334802 0.885463 0.339207 0.881057 0.343612 0.881057 0.348018 0.876652 0.352423 0.876652 0.356828 0.872247 0.361233 0.872247 0.370044 0.863436 0.370044 0.859031 0.374449 0.854626 0.370044 0.850220 0.370044 0.845815 0.361233 0.837004 0.361233 0.832599 0.339207 0.810573 0.334802 0.810573 0.325991 0.801762 0.325991 0.797357 0.321586 0.792952 0.321586 0.788546 0.317181 0.784141 0.312775 0.784141 0.295154 0.766520 0.290749 0.766520 0.286344 0.762115 0.281938 0.762115 0.264317 0.744493 0.259912 0.744493 0.255507 0.740088
0 0.149780 0.735683 0.136564 0.735683 0.132159 0.740088 0.132159 0.757709 0.127753 0.762115 0.123348 0.762115 0.118943 0.766520 0.114537 0.766520 0.110132 0.762115 0.105727 0.762115 0.096916 0.753304 0.096916 0.748899 0.092511 0.744493 0.088106 0.744493 0.083700 0.748899 0.083700 0.762115 0.092511 0.770925 0.092511 0.775330 0.096916 0.779736 0.101322 0.779736 0.105727 0.784141 0.114537 0.784141 0.118943 0.779736 0.118943 0.766520 0.123348 0.762115 0.127753 0.762115 0.132159 0.757709 0.136564 0.757709 0.140969 0.762115 0.145374 0.762115 0.149780 0.766520 0.149780 0.775330 0.154185 0.779736 0.154185 0.788546 0.149780 0.792952 0.149780 0.797357 0.145374 0.801762 0.140969 0.801762 0.136564 0.806167 0.132159 0.801762 0.123348 0.801762 0.118943 0.806167 0.114537 0.806167 0.110132 0.810573 0.105727 0.810573 0.101322 0.814978 0.088106 0.814978 0.083700 0.819383 0.083700 0.828194 0.092511 0.837004 0.096916 0.832599 0.101322 0.832599 0.105727 0.828194 0.110132 0.828194 0.114537 0.823789 0.118943 0.823789 0.123348 0.819383 0.132159 0.819383 0.136564 0.814978 0.140969 0.814978 0.145374 0.810573 0.149780 0.814978 0.154185 0.814978 0.158590 0.819383 0.162996 0.819383 0.167401 0.823789 0.167401 0.828194 0.176211 0.837004 0.185022 0.828194 0.185022 0.823789 0.180617 0.819383 0.176211 0.819383 0.171806 0.814978 0.171806 0.797357 0.176211 0.792952 0.171806 0.788546 0.171806 0.784141 0.162996 0.775330 0.158590 0.775330 0.149780 0.766520 0.149780 0.757709 0.154185 0.753304 0.154185 0.740088
0 0.537445 0.726872 0.528634 0.735683 0.528634 0.744493 0.533040 0.748899 0.533040 0.753304 0.537445 0.757709 0.537445 0.766520 0.533040 0.770925 0.533040 0.775330 0.528634 0.779736 0.528634 0.784141 0.533040 0.788546 0.533040 0.801762 0.537445 0.806167 0.537445 0.810573 0.541850 0.814978 0.546256 0.810573 0.546256 0.806167 0.550661 0.801762 0.550661 0.788546 0.555066 0.784141 0.555066 0.775330 0.550661 0.770925 0.550661 0.766520 0.546256 0.762115 0.546256 0.735683
0 0.299559 0.735683 0.303965 0.740088 0.308370 0.740088 0.312775 0.744493 0.317181 0.744493 0.330396 0.757709 0.339207 0.748899 0.339207 0.731278 0.334802 0.726872 0.325991 0.726872 0.321586 0.731278 0.317181 0.731278 0.312775 0.735683 0.308370 0.735683 0.303965 0.731278
0 0.480176 0.722467 0.458150 0.722467 0.440529 0.740088 0.436123 0.740088 0.431718 0.744493 0.440529 0.753304 0.440529 0.757709 0.453745 0.770925 0.453745 0.779736 0.449339 0.784141 0.444934 0.784141 0.427313 0.801762 0.427313 0.806167 0.431718 0.810573 0.431718 0.823789 0.427313 0.828194 0.431718 0.832599 0.431718 0.841410 0.422908 0.850220 0.422908 0.854626 0.436123 0.867841 0.440529 0.863436 0.444934 0.863436 0.458150 0.850220 0.449339 0.841410 0.444934 0.841410 0.440529 0.837004 0.440529 0.828194 0.449339 0.819383 0.453745 0.819383 0.458150 0.814978 0.458150 0.810573 0.462555 0.806167 0.466960 0.806167 0.471366 0.801762 0.475771 0.801762 0.480176 0.806167 0.484582 0.806167 0.488987 0.810573 0.493392 0.810573 0.497797 0.806167 0.502203 0.806167 0.506608 0.801762 0.506608 0.788546 0.488987 0.770925 0.484582 0.770925 0.480176 0.766520 0.480176 0.757709 0.484582 0.753304 0.484582 0.744493 0.488987 0.740088 0.484582 0.735683 0.484582 0.726872
0 0.052863 0.718062 0.048458 0.722467 0.044053 0.722467 0.039648 0.726872 0.035242 0.726872 0.030837 0.731278 0.030837 0.735683 0.026432 0.740088 0.026432 0.748899 0.022026 0.753304 0.022026 0.757709 0.017621 0.762115 0.017621 0.775330 0.013216 0.779736 0.013216 0.784141 0.008811 0.788546 0.004405 0.788546 0.000000 0.792952 0.004405 0.797357 0.008811 0.797357 0.013216 0.801762 0.013216 0.806167 0.017621 0.810573 0.022026 0.806167 0.022026 0.801762 0.026432 0.797357 0.030837 0.797357 0.035242 0.792952 0.035242 0.788546 0.052863 0.770925 0.052863 0.762115 0.057269 0.757709 0.057269 0.744493 0.061674 0.740088 0.066079 0.740088 0.066079 0.731278
0 0.792952 0.713656 0.784141 0.704846 0.766520 0.722467 0.748899 0.731278 0.740088 0.726872 0.735683 0.731278 0.735683 0.744493 0.722467 0.753304 0.713656 0.748899 0.700441 0.757709 0.704846 0.766520 0.704846 0.779736 0.691630 0.788546 0.687225 0.784141 0.674009 0.797357 0.656388 0.806167 0.647577 0.806167 0.638767 0.801762 0.629956 0.792952 0.629956 0.784141 0.643172 0.775330 0.651982 0.779736 0.660793 0.775330 0.660793 0.762115 0.656388 0.757709 0.656388 0.748899 0.669604 0.722467 0.665198 0.718062 0.656388 0.718062 0.647577 0.726872 0.629956 0.735683 0.616740 0.731278 0.607930 0.722467 0.603524 0.726872 0.594714 0.726872 0.572687 0.753304 0.585903 0.779736 0.594714 0.788546 0.607930 0.788546 0.616740 0.792952 0.647577 0.819383 0.647577 0.828194 0.643172 0.832599 0.616740 0.845815 0.616740 0.854626 0.607930 0.863436 0.607930 0.876652 0.612335 0.881057 0.643172 0.854626 0.687225 0.832599 0.696035 0.814978 0.696035 0.801762 0.709251 0.792952 0.713656 0.797357 0.722467 0.788546 0.722467 0.784141 0.709251 0.775330 0.709251 0.766520 0.726872 0.748899 0.735683 0.744493 0.740088 0.748899 0.748899 0.744493 0.753304 0.748899 0.762115 0.748899 0.770925 0.744493 0.784141 0.731278
0 0.850220 0.687225 0.845815 0.687225 0.841410 0.691630 0.854626 0.704846 0.854626 0.713656 0.850220 0.718062 0.854626 0.722467 0.854626 0.731278 0.845815 0.740088 0.845815 0.744493 0.841410 0.748899 0.841410 0.753304 0.837004 0.757709 0.832599 0.757709 0.823789 0.766520 0.823789 0.775330 0.828194 0.779736 0.832599 0.779736 0.837004 0.784141 0.841410 0.779736 0.850220 0.779736 0.854626 0.775330 0.854626 0.770925 0.859031 0.766520 0.859031 0.762115 0.863436 0.757709 0.863436 0.753304 0.867841 0.748899 0.867841 0.744493 0.872247 0.740088 0.867841 0.740088 0.863436 0.735683 0.863436 0.726872 0.872247 0.718062 0.872247 0.713656 0.867841 0.709251 0.863436 0.709251 0.854626 0.700441 0.854626 0.691630
0 0.220264 0.674009 0.215859 0.674009 0.211454 0.678414 0.202643 0.678414 0.198238 0.682819 0.198238 0.691630 0.207048 0.700441 0.207048 0.709251 0.198238 0.718062 0.193833 0.718062 0.189427 0.722467 0.189427 0.726872 0.202643 0.740088 0.202643 0.770925 0.207048 0.775330 0.211454 0.775330 0.215859 0.770925 0.215859 0.753304 0.211454 0.748899 0.211454 0.726872 0.215859 0.722467 0.215859 0.709251 0.224670 0.700441 0.224670 0.682819 0.220264 0.678414
0 0.700441 0.651982 0.696035 0.656388 0.691630 0.656388 0.682819 0.665198 0.682819 0.678414 0.696035 0.691630 0.713656 0.691630 0.722467 0.682819 0.722467 0.678414 0.718062 0.674009 0.718062 0.665198 0.709251 0.656388 0.704846 0.656388
0 0.814978 0.651982 0.810573 0.647577 0.792952 0.647577 0.779736 0.660793 0.779736 0.665198 0.775330 0.669604 0.775330 0.678414 0.779736 0.682819 0.784141 0.682819 0.788546 0.678414 0.792952 0.678414 0.797357 0.674009 0.801762 0.674009 0.814978 0.660793
0 0.867841 0.629956 0.863436 0.634361 0.867841 0.638767 0.867841 0.643172 0.872247 0.647577 0.872247 0.669604 0.876652 0.674009 0.885463 0.674009 0.889868 0.678414 0.894273 0.674009 0.894273 0.665198 0.889868 0.660793 0.889868 0.651982 0.894273 0.647577 0.881057 0.634361 0.876652 0.634361 0.872247 0.629956
0 0.845815 0.563877 0.841410 0.568282 0.841410 0.585903 0.832599 0.594714 0.828194 0.594714 0.819383 0.603524 0.828194 0.612335 0.832599 0.612335 0.837004 0.607930 0.854626 0.607930 0.859031 0.603524 0.859031 0.599119 0.863436 0.594714 0.859031 0.590308 0.859031 0.585903 0.850220 0.577093 0.850220 0.568282
0 0.409692 0.563877 0.405286 0.568282 0.405286 0.572687 0.400881 0.577093 0.400881 0.585903 0.409692 0.594714 0.414097 0.594714 0.418502 0.599119 0.427313 0.599119 0.431718 0.594714 0.431718 0.581498 0.422908 0.572687 0.418502 0.572687
0 0.365639 0.497797 0.361233 0.493392 0.356828 0.493392 0.348018 0.502203 0.343612 0.502203 0.334802 0.511013 0.330396 0.511013 0.325991 0.515419 0.321586 0.511013 0.317181 0.515419 0.308370 0.515419 0.303965 0.511013 0.299559 0.515419 0.303965 0.519824 0.308370 0.515419 0.312775 0.515419 0.317181 0.519824 0.321586 0.519824 0.325991 0.524229 0.330396 0.524229 0.334802 0.519824 0.339207 0.524229 0.343612 0.519824 0.352423 0.519824 0.365639 0.506608
0 0.277533 0.471366 0.273128 0.471366 0.268722 0.475771 0.264317 0.475771 0.255507 0.484582 0.251101 0.484582 0.242291 0.493392 0.242291 0.502203 0.229075 0.515419 0.224670 0.515419 0.220264 0.519824 0.215859 0.515419 0.211454 0.519824 0.211454 0.528634 0.215859 0.533040 0.224670 0.533040 0.229075 0.528634 0.233480 0.533040 0.246696 0.533040 0.255507 0.524229 0.255507 0.519824 0.259912 0.515419 0.259912 0.511013 0.281938 0.488987 0.281938 0.484582 0.277533 0.480176
0 0.660793 0.471366 0.651982 0.471366 0.647577 0.466960 0.634361 0.466960 0.629956 0.471366 0.625551 0.471366 0.616740 0.480176 0.616740 0.493392 0.621145 0.497797 0.621145 0.506608 0.612335 0.515419 0.607930 0.515419 0.603524 0.519824 0.603524 0.528634 0.612335 0.537445 0.616740 0.533040 0.621145 0.533040 0.625551 0.528634 0.625551 0.524229 0.629956 0.519824 0.629956 0.515419 0.634361 0.511013 0.629956 0.506608 0.629956 0.493392 0.638767 0.484582 0.643172 0.484582 0.647577 0.480176 0.651982 0.484582 0.660793 0.484582 0.665198 0.480176 0.665198 0.475771
0 0.995595 0.480176 0.973568 0.493392 0.920705 0.488987 0.885463 0.458150 0.867841 0.488987 0.837004 0.484582 0.775330 0.519824 0.748899 0.519824 0.713656 0.537445 0.665198 0.585903 0.612335 0.572687 0.550661 0.515419 0.541850 0.524229 0.550661 0.559471 0.577093 0.559471 0.621145 0.599119 0.563877 0.616740 0.550661 0.607930 0.550661 0.590308 0.506608 0.603524 0.471366 0.629956 0.418502 0.616740 0.383260 0.621145 0.281938 0.577093 0.224670 0.599119 0.132159 0.599119 0.118943 0.590308 0.114537 0.555066 0.039648 0.537445 0.030837 0.563877 0.039648 0.590308 0.000000 0.599119 0.000000 0.634361 0.035242 0.638767 0.057269 0.660793 0.000000 0.691630 0.000000 0.709251 0.013216 0.709251 0.035242 0.682819 0.066079 0.700441 0.061674 0.669604 0.074890 0.660793 0.105727 0.665198 0.118943 0.687225 0.149780 0.700441 0.154185 0.691630 0.132159 0.669604 0.180617 0.638767 0.220264 0.647577 0.224670 0.665198 0.251101 0.665198 0.255507 0.700441 0.273128 0.713656 0.308370 0.687225 0.303965 0.660793 0.321586 0.651982 0.365639 0.696035 0.356828 0.713656 0.383260 0.722467 0.400881 0.748899 0.409692 0.726872 0.392070 0.726872 0.374449 0.709251 0.392070 0.674009 0.444934 0.678414 0.462555 0.696035 0.502203 0.651982 0.581498 0.647577 0.594714 0.656388 0.585903 0.674009 0.568282 0.682819 0.519824 0.674009 0.511013 0.696035 0.590308 0.691630 0.607930 0.665198 0.607930 0.638767 0.669604 0.638767 0.718062 0.585903 0.748899 0.568282 0.775330 0.572687 0.806167 0.546256 0.925110 0.546256 0.933921 0.563877 0.894273 0.594714 0.903084 0.616740 0.942731 0.581498 0.969163 0.590308 0.977974 0.577093 0.947137 0.550661 0.995595 0.533040
0 0.039648 0.449339 0.030837 0.458150 0.030837 0.462555 0.044053 0.475771 0.052863 0.475771 0.057269 0.471366 0.057269 0.458150 0.052863 0.453745 0.048458 0.453745 0.044053 0.449339
0 0.585903 0.440529 0.577093 0.440529 0.568282 0.449339 0.568282 0.462555 0.559471 0.471366 0.559471 0.484582 0.563877 0.488987 0.590308 0.462555 0.590308 0.444934
0 0.317181 0.449339 0.321586 0.453745 0.325991 0.453745 0.334802 0.462555 0.343612 0.462555 0.348018 0.466960 0.361233 0.466960 0.365639 0.462555 0.365639 0.458150 0.356828 0.449339 0.352423 0.449339 0.348018 0.444934 0.339207 0.444934 0.334802 0.440529 0.330396 0.444934 0.321586 0.444934
0 0.436123 0.409692 0.431718 0.414097 0.431718 0.422908 0.436123 0.427313 0.436123 0.436123 0.440529 0.440529 0.440529 0.458150 0.444934 0.462555 0.449339 0.462555 0.453745 0.466960 0.453745 0.471366 0.462555 0.480176 0.462555 0.488987 0.458150 0.493392 0.458150 0.506608 0.462555 0.511013 0.462555 0.519824 0.466960 0.524229 0.471366 0.524229 0.475771 0.528634 0.480176 0.524229 0.480176 0.519824 0.475771 0.515419 0.475771 0.506608 0.471366 0.502203 0.471366 0.497797 0.466960 0.493392 0.466960 0.484582 0.475771 0.475771 0.475771 0.466960 0.471366 0.462555 0.466960 0.462555 0.458150 0.453745 0.458150 0.422908 0.453745 0.418502 0.449339 0.418502 0.444934 0.414097 0.440529 0.414097
0 0.127753 0.409692 0.132159 0.414097 0.132159 0.418502 0.136564 0.422908 0.140969 0.422908 0.149780 0.431718 0.149780 0.449339 0.167401 0.466960 0.176211 0.466960 0.180617 0.462555 0.185022 0.462555 0.189427 0.458150 0.193833 0.462555 0.198238 0.462555 0.202643 0.466960 0.211454 0.466960 0.215859 0.462555 0.215859 0.453745 0.211454 0.449339 0.207048 0.449339 0.202643 0.453745 0.198238 0.453745 0.193833 0.458150 0.189427 0.458150 0.185022 0.453745 0.180617 0.453745 0.176211 0.449339 0.176211 0.444934 0.162996 0.431718 0.158590 0.431718 0.154185 0.427313 0.154185 0.405286 0.149780 0.409692 0.145374 0.405286 0.132159 0.405286
0 0.933921 0.387665 0.929515 0.383260 0.916300 0.396476 0.911894 0.396476 0.907489 0.400881 0.903084 0.396476 0.889868 0.396476 0.881057 0.405286 0.876652 0.405286 0.872247 0.409692 0.867841 0.409692 0.863436 0.414097 0.854626 0.414097 0.850220 0.418502 0.854626 0.422908 0.854626 0.431718 0.850220 0.436123 0.845815 0.436123 0.828194 0.453745 0.828194 0.462555 0.832599 0.466960 0.845815 0.466960 0.854626 0.458150 0.854626 0.453745 0.859031 0.449339 0.859031 0.436123 0.863436 0.431718 0.867841 0.431718 0.872247 0.427313 0.876652 0.427313 0.881057 0.422908 0.889868 0.422908 0.894273 0.418502 0.894273 0.414097 0.903084 0.405286 0.907489 0.405286 0.911894 0.400881 0.916300 0.405286 0.920705 0.405286 0.925110 0.409692 0.925110 0.422908 0.916300 0.431718 0.916300 0.436123 0.911894 0.440529 0.911894 0.444934 0.916300 0.449339 0.920705 0.444934 0.920705 0.440529 0.925110 0.436123 0.929515 0.436123 0.933921 0.431718 0.933921 0.414097 0.929515 0.409692 0.929515 0.400881 0.933921 0.396476
0 0.590308 0.374449 0.585903 0.378855 0.585903 0.383260 0.581498 0.387665 0.581498 0.396476 0.585903 0.400881 0.585903 0.409692 0.590308 0.414097 0.594714 0.414097 0.599119 0.418502 0.603524 0.414097 0.603524 0.396476 0.607930 0.392070 0.607930 0.387665 0.612335 0.383260 0.612335 0.378855 0.607930 0.378855 0.603524 0.374449
0 0.000000 0.378855 0.000000 0.392070 0.004405 0.396476 0.008811 0.396476 0.017621 0.405286 0.026432 0.405286 0.035242 0.396476 0.026432 0.387665 0.026432 0.383260 0.017621 0.374449 0.013216 0.374449 0.008811 0.378855
0 0.511013 0.365639 0.506608 0.370044 0.502203 0.370044 0.497797 0.374449 0.497797 0.392070 0.506608 0.400881 0.506608 0.405286 0.511013 0.409692 0.511013 0.414097 0.515419 0.418502 0.515419 0.422908 0.519824 0.427313 0.524229 0.422908 0.528634 0.422908 0.541850 0.409692 0.524229 0.392070 0.524229 0.387665 0.519824 0.383260 0.519824 0.378855 0.515419 0.374449 0.515419 0.370044
0 0.665198 0.387665 0.660793 0.392070 0.674009 0.405286 0.691630 0.405286 0.696035 0.409692 0.709251 0.414097 0.718062 0.422908 0.718062 0.431718 0.704846 0.444934 0.700441 0.444934 0.696035 0.449339 0.696035 0.458150 0.691630 0.462555 0.696035 0.466960 0.696035 0.475771 0.700441 0.480176 0.709251 0.480176 0.713656 0.475771 0.713656 0.466960 0.718062 0.462555 0.718062 0.453745 0.731278 0.444934 0.740088 0.444934 0.744493 0.449339 0.748899 0.449339 0.757709 0.458150 0.757709 0.466960 0.744493 0.488987 0.748899 0.493392 0.753304 0.493392 0.757709 0.488987 0.762115 0.475771 0.775330 0.462555 0.775330 0.458150 0.784141 0.449339 0.784141 0.444934 0.788546 0.440529 0.792952 0.440529 0.806167 0.427313 0.806167 0.422908 0.814978 0.409692 0.814978 0.405286 0.806167 0.396476 0.806167 0.387665 0.801762 0.383260 0.801762 0.374449 0.792952 0.365639 0.788546 0.365639 0.784141 0.361233 0.779736 0.365639 0.766520 0.365639 0.762115 0.361233 0.744493 0.361233 0.740088 0.365639 0.735683 0.365639 0.726872 0.374449 0.735683 0.383260 0.740088 0.378855 0.753304 0.378855 0.757709 0.374449 0.766520 0.374449 0.770925 0.378855 0.775330 0.378855 0.784141 0.392070 0.784141 0.400881 0.770925 0.414097 0.770925 0.418502 0.766520 0.422908 0.762115 0.422908 0.757709 0.427313 0.744493 0.427313 0.740088 0.431718 0.731278 0.431718 0.718062 0.422908 0.718062 0.400881 0.709251 0.392070 0.704846 0.392070 0.700441 0.396476 0.687225 0.387665
0 0.220264 0.370044 0.215859 0.365639 0.193833 0.365639 0.189427 0.361233 0.167401 0.383260 0.167401 0.387665 0.162996 0.392070 0.162996 0.400881 0.167401 0.396476 0.171806 0.400881 0.180617 0.400881 0.198238 0.383260 0.202643 0.383260 0.207048 0.378855 0.211454 0.383260 0.215859 0.383260 0.220264 0.378855
0 0.361233 0.352423 0.352423 0.361233 0.352423 0.370044 0.356828 0.374449 0.361233 0.374449 0.370044 0.383260 0.370044 0.387665 0.374449 0.387665 0.378855 0.383260 0.378855 0.370044 0.374449 0.365639 0.374449 0.361233 0.370044 0.356828 0.365639 0.356828
0 0.277533 0.348018 0.264317 0.348018 0.259912 0.352423 0.259912 0.356828 0.255507 0.361233 0.255507 0.365639 0.259912 0.370044 0.259912 0.378855 0.264317 0.383260 0.264317 0.387665 0.268722 0.387665 0.273128 0.383260 0.277533 0.383260 0.281938 0.378855 0.281938 0.374449 0.286344 0.370044 0.286344 0.356828
0 0.092511 0.325991 0.083700 0.334802 0.083700 0.348018 0.074890 0.356828 0.070485 0.356828 0.066079 0.361233 0.066079 0.365639 0.070485 0.370044 0.074890 0.370044 0.079295 0.374449 0.088106 0.374449 0.092511 0.378855 0.096916 0.374449 0.096916 0.352423 0.101322 0.348018 0.101322 0.343612 0.096916 0.339207 0.096916 0.330396
0 0.506608 0.325991 0.502203 0.321586 0.493392 0.321586 0.488987 0.325991 0.484582 0.325991 0.480176 0.330396 0.471366 0.330396 0.458150 0.343612 0.453745 0.343612 0.449339 0.348018 0.444934 0.343612 0.440529 0.348018 0.440529 0.352423 0.444934 0.356828 0.449339 0.352423 0.453745 0.352423 0.458150 0.348018 0.471366 0.348018 0.475771 0.343612 0.488987 0.343612
0 0.863436 0.317181 0.854626 0.325991 0.854626 0.334802 0.859031 0.334802 0.863436 0.339207 0.867841 0.339207 0.872247 0.343612 0.872247 0.348018 0.876652 0.352423 0.876652 0.356828 0.881057 0.361233 0.889868 0.352423 0.889868 0.348018 0.885463 0.343612 0.885463 0.334802 0.881057 0.330396 0.881057 0.325991 0.876652 0.321586 0.872247 0.321586 0.867841 0.317181
0 0.731278 0.303965 0.726872 0.308370 0.722467 0.308370 0.718062 0.312775 0.718062 0.339207 0.722467 0.343612 0.731278 0.334802 0.731278 0.330396 0.735683 0.325991 0.735683 0.312775 0.731278 0.308370
0 0.955947 0.281938 0.942731 0.281938 0.938326 0.286344 0.938326 0.290749 0.942731 0.295154 0.942731 0.308370 0.938326 0.312775 0.933921 0.312775 0.929515 0.317181 0.920705 0.317181 0.916300 0.321586 0.916300 0.330396 0.920705 0.334802 0.929515 0.334802 0.933921 0.330396 0.938326 0.330396 0.942731 0.325991 0.947137 0.325991 0.951542 0.321586 0.960352 0.321586 0.964758 0.317181 0.964758 0.299559 0.960352 0.295154 0.960352 0.286344
0 0.629956 0.277533 0.625551 0.277533 0.612335 0.290749 0.607930 0.290749 0.603524 0.295154 0.590308 0.295154 0.585903 0.299559 0.581498 0.299559 0.577093 0.303965 0.577093 0.308370 0.563877 0.321586 0.563877 0.325991 0.559471 0.330396 0.559471 0.339207 0.555066 0.343612 0.550661 0.343612 0.541850 0.352423 0.541850 0.365639 0.546256 0.370044 0.555066 0.370044 0.559471 0.365639 0.559471 0.361233 0.563877 0.356828 0.563877 0.352423 0.568282 0.348018 0.568282 0.343612 0.577093 0.334802 0.581498 0.334802 0.585903 0.330396 0.585903 0.312775 0.594714 0.303965 0.599119 0.303965 0.603524 0.299559 0.607930 0.299559 0.612335 0.295154 0.616740 0.295154 0.621145 0.299559 0.625551 0.299559 0.629956 0.303965 0.629956 0.317181 0.634361 0.321586 0.643172 0.321586 0.651982 0.312775 0.651982 0.308370 0.638767 0.295154 0.638767 0.290749 0.634361 0.286344 0.634361 0.281938
0 0.251101 0.259912 0.242291 0.268722 0.242291 0.273128 0.246696 0.277533 0.246696 0.286344 0.264317 0.303965 0.268722 0.303965 0.273128 0.299559 0.264317 0.290749 0.264317 0.286344 0.255507 0.277533 0.255507 0.264317
0 0.035242 0.281938 0.035242 0.286344 0.044053 0.295154 0.052863 0.295154 0.057269 0.299559 0.061674 0.299559 0.066079 0.303965 0.070485 0.299559 0.074890 0.299559 0.079295 0.303965 0.083700 0.303965 0.088106 0.299559 0.092511 0.299559 0.096916 0.295154 0.101322 0.295154 0.105727 0.290749 0.110132 0.290749 0.114537 0.295154 0.118943 0.295154 0.123348 0.299559 0.127753 0.299559 0.132159 0.303965 0.136564 0.303965 0.145374 0.312775 0.145374 0.321586 0.154185 0.330396 0.158590 0.330396 0.162996 0.334802 0.167401 0.334802 0.180617 0.348018 0.189427 0.339207 0.193833 0.339207 0.207048 0.325991 0.202643 0.321586 0.198238 0.325991 0.185022 0.325991 0.180617 0.330396 0.176211 0.330396 0.171806 0.325991 0.167401 0.325991 0.162996 0.321586 0.162996 0.317181 0.149780 0.303965 0.149780 0.295154 0.162996 0.281938 0.149780 0.268722 0.136564 0.268722 0.132159 0.273128 0.127753 0.268722 0.123348 0.268722 0.118943 0.264317 0.118943 0.259912 0.105727 0.246696 0.101322 0.246696 0.092511 0.255507 0.092511 0.264317 0.079295 0.277533 0.074890 0.277533 0.070485 0.281938 0.066079 0.281938 0.061674 0.286344 0.057269 0.286344 0.052863 0.281938 0.048458 0.281938 0.044053 0.277533 0.039648 0.277533
0 0.748899 0.215859 0.744493 0.211454 0.740088 0.211454 0.731278 0.220264 0.726872 0.220264 0.722467 0.224670 0.718062 0.224670 0.713656 0.229075 0.696035 0.229075 0.691630 0.233480 0.687225 0.233480 0.682819 0.237885 0.674009 0.237885 0.669604 0.242291 0.660793 0.242291 0.651982 0.251101 0.651982 0.255507 0.647577 0.259912 0.660793 0.273128 0.669604 0.273128 0.704846 0.237885 0.709251 0.237885 0.713656 0.233480 0.722467 0.233480 0.726872 0.229075 0.740088 0.229075 0.744493 0.224670 0.744493 0.220264
0 0.400881 0.207048 0.396476 0.211454 0.396476 0.215859 0.392070 0.220264 0.392070 0.229075 0.383260 0.237885 0.378855 0.237885 0.374449 0.242291 0.370044 0.242291 0.361233 0.251101 0.361233 0.255507 0.356828 0.259912 0.352423 0.259912 0.348018 0.264317 0.339207 0.264317 0.334802 0.268722 0.334802 0.273128 0.325991 0.281938 0.325991 0.290749 0.317181 0.299559 0.312775 0.299559 0.308370 0.303965 0.303965 0.303965 0.299559 0.308370 0.299559 0.312775 0.303965 0.317181 0.312775 0.317181 0.317181 0.312775 0.321586 0.312775 0.325991 0.308370 0.325991 0.303965 0.330396 0.299559 0.334802 0.299559 0.339207 0.295154 0.343612 0.295154 0.352423 0.286344 0.356828 0.286344 0.365639 0.277533 0.365639 0.268722 0.370044 0.264317 0.374449 0.264317 0.378855 0.259912 0.383260 0.259912 0.387665 0.255507 0.392070 0.255507 0.405286 0.242291 0.405286 0.237885 0.409692 0.233480 0.409692 0.215859
0 0.854626 0.211454 0.859031 0.215859 0.863436 0.215859 0.867841 0.211454 0.872247 0.211454 0.876652 0.207048 0.881057 0.211454 0.885463 0.211454 0.889868 0.215859 0.889868 0.224670 0.885463 0.229075 0.885463 0.233480 0.881057 0.237885 0.881057 0.246696 0.885463 0.246696 0.889868 0.251101 0.894273 0.251101 0.898678 0.246696 0.903084 0.246696 0.907489 0.242291 0.907489 0.211454 0.894273 0.198238 0.885463 0.198238 0.881057 0.202643 0.876652 0.198238 0.872247 0.198238 0.863436 0.207048 0.859031 0.207048
0 0.264317 0.207048 0.277533 0.220264 0.281938 0.220264 0.286344 0.215859 0.290749 0.215859 0.299559 0.207048 0.299559 0.202643 0.295154 0.198238 0.277533 0.198238 0.273128 0.202643 0.268722 0.202643
0 0.356828 0.189427 0.343612 0.189427 0.339207 0.193833 0.339207 0.215859 0.343612 0.220264 0.348018 0.220264 0.365639 0.202643 0.365639 0.198238
0 0.964758 0.176211 0.955947 0.176211 0.951542 0.171806 0.947137 0.176211 0.947137 0.180617 0.942731 0.185022 0.942731 0.202643 0.933921 0.211454 0.933921 0.215859 0.938326 0.220264 0.947137 0.220264 0.951542 0.215859 0.951542 0.211454 0.955947 0.207048 0.960352 0.207048 0.969163 0.198238 0.969163 0.193833 0.973568 0.189427 0.973568 0.185022
0 0.665198 0.176211 0.669604 0.180617 0.674009 0.176211 0.678414 0.180617 0.691630 0.180617 0.696035 0.185022 0.704846 0.185022 0.709251 0.180617 0.700441 0.171806 0.700441 0.167401 0.691630 0.158590 0.682819 0.158590
0 0.634361 0.193833 0.621145 0.180617 0.616740 0.180617 0.612335 0.185022 0.599119 0.185022 0.594714 0.180617 0.590308 0.180617 0.585903 0.176211 0.585903 0.162996 0.581498 0.158590 0.572687 0.158590 0.568282 0.162996 0.568282 0.167401 0.581498 0.180617 0.581498 0.189427 0.577093 0.193833 0.572687 0.193833 0.559471 0.202643 0.555066 0.198238 0.550661 0.198238 0.541850 0.189427 0.537445 0.193833 0.537445 0.198238 0.546256 0.207048 0.546256 0.220264 0.533040 0.229075 0.528634 0.224670 0.524229 0.224670 0.515419 0.215859 0.511013 0.215859 0.506608 0.211454 0.502203 0.211454 0.497797 0.207048 0.497797 0.198238 0.488987 0.189427 0.480176 0.189427 0.475771 0.193833 0.475771 0.198238 0.488987 0.207048 0.488987 0.211454 0.493392 0.215859 0.493392 0.224670 0.502203 0.237885 0.502203 0.251101 0.506608 0.255507 0.515419 0.255507 0.519824 0.259912 0.524229 0.259912 0.537445 0.273128 0.541850 0.273128 0.546256 0.268722 0.546256 0.264317 0.541850 0.259912 0.537445 0.264317 0.524229 0.255507 0.524229 0.246696 0.533040 0.237885 0.537445 0.237885 0.541850 0.233480 0.550661 0.233480 0.559471 0.224670 0.563877 0.224670 0.568282 0.220264 0.581498 0.229075 0.581498 0.242291 0.585903 0.246696 0.590308 0.242291 0.585903 0.237885 0.585903 0.229075 0.599119 0.215859 0.603524 0.215859 0.607930 0.211454 0.629956 0.211454 0.634361 0.207048
0 0.784141 0.145374 0.766520 0.162996 0.766520 0.185022 0.770925 0.189427 0.775330 0.189427 0.779736 0.193833 0.779736 0.215859 0.784141 0.220264 0.784141 0.237885 0.788546 0.242291 0.792952 0.242291 0.801762 0.233480 0.801762 0.229075 0.797357 0.224670 0.797357 0.198238 0.792952 0.193833 0.788546 0.193833 0.784141 0.189427 0.784141 0.180617 0.779736 0.176211 0.779736 0.158590 0.788546 0.149780
0 0.242291 0.140969 0.237885 0.145374 0.229075 0.145374 0.215859 0.158590 0.215859 0.162996 0.224670 0.171806 0.233480 0.171806 0.237885 0.176211 0.242291 0.176211 0.246696 0.180617 0.246696 0.185022 0.251101 0.189427 0.255507 0.185022 0.246696 0.176211 0.246696 0.145374
0 0.493392 0.145374 0.488987 0.140969 0.484582 0.140969 0.480176 0.136564 0.471366 0.145374 0.466960 0.145374 0.462555 0.149780 0.458150 0.145374 0.444934 0.145374 0.431718 0.158590 0.431718 0.162996 0.427313 0.167401 0.436123 0.176211 0.440529 0.176211 0.444934 0.171806 0.453745 0.171806 0.466960 0.158590 0.471366 0.158590 0.475771 0.154185 0.484582 0.154185
0 0.907489 0.092511 0.903084 0.088106 0.894273 0.088106 0.889868 0.092511 0.885463 0.092511 0.881057 0.096916 0.876652 0.096916 0.872247 0.092511 0.867841 0.092511 0.854626 0.105727 0.850220 0.105727 0.845815 0.110132 0.841410 0.105727 0.819383 0.105727 0.810573 0.114537 0.810573 0.132159 0.823789 0.145374 0.828194 0.145374 0.832599 0.149780 0.845815 0.149780 0.859031 0.136564 0.854626 0.132159 0.854626 0.123348 0.859031 0.118943 0.863436 0.118943 0.867841 0.114537 0.872247 0.114537 0.876652 0.110132 0.898678 0.110132 0.907489 0.101322
0 0.607930 0.079295 0.603524 0.083700 0.599119 0.083700 0.585903 0.096916 0.585903 0.101322 0.581498 0.105727 0.581498 0.110132 0.572687 0.118943 0.572687 0.127753 0.577093 0.132159 0.585903 0.132159 0.590308 0.127753 0.594714 0.127753 0.594714 0.110132 0.599119 0.105727 0.603524 0.105727 0.607930 0.101322 0.612335 0.101322 0.616740 0.096916 0.621145 0.096916 0.625551 0.101322 0.629956 0.101322 0.634361 0.105727 0.634361 0.110132 0.638767 0.114537 0.638767 0.123348 0.634361 0.127753 0.629956 0.127753 0.625551 0.132159 0.621145 0.127753 0.616740 0.132159 0.612335 0.132159 0.612335 0.140969 0.616740 0.145374 0.621145 0.145374 0.625551 0.149780 0.634361 0.149780 0.647577 0.136564 0.643172 0.132159 0.643172 0.123348 0.656388 0.110132 0.656388 0.096916 0.651982 0.092511 0.647577 0.092511 0.643172 0.096916 0.638767 0.096916 0.634361 0.092511 0.629956 0.092511 0.616740 0.079295
0 0.237885 0.079295 0.246696 0.088106 0.251101 0.083700 0.255507 0.083700 0.259912 0.088106 0.264317 0.088106 0.273128 0.096916 0.277533 0.096916 0.281938 0.092511 0.281938 0.088106 0.268722 0.074890 0.264317 0.074890 0.259912 0.070485 0.251101 0.070485 0.246696 0.074890 0.242291 0.074890
0 0.991189 0.052863 0.977974 0.052863 0.973568 0.057269 0.973568 0.061674 0.969163 0.066079 0.969163 0.074890 0.960352 0.083700 0.955947 0.083700 0.942731 0.096916 0.942731 0.101322 0.938326 0.105727 0.938326 0.114537 0.942731 0.118943 0.947137 0.114537 0.951542 0.114537 0.969163 0.096916 0.969163 0.092511 0.986784 0.074890 0.991189 0.074890 0.995595 0.070485 0.995595 0.057269
0 0.493392 0.052863 0.488987 0.048458 0.475771 0.048458 0.466960 0.057269 0.466960 0.074890 0.462555 0.079295 0.458150 0.079295 0.453745 0.083700 0.449339 0.079295 0.440529 0.088106 0.440529 0.092511 0.436123 0.096916 0.431718 0.096916 0.427313 0.101322 0.422908 0.101322 0.414097 0.110132 0.414097 0.114537 0.409692 0.118943 0.405286 0.118943 0.400881 0.123348 0.396476 0.123348 0.387665 0.132159 0.392070 0.136564 0.392070 0.140969 0.396476 0.145374 0.400881 0.140969 0.405286 0.140969 0.414097 0.132159 0.414097 0.127753 0.418502 0.123348 0.422908 0.123348 0.427313 0.118943 0.440529 0.118943 0.444934 0.114537 0.444934 0.105727 0.458150 0.092511 0.458150 0.088106 0.462555 0.083700 0.466960 0.083700 0.471366 0.079295 0.480176 0.079295 0.484582 0.074890 0.484582 0.070485 0.488987 0.066079 0.488987 0.061674 0.493392 0.057269
0 0.770925 0.066079 0.775330 0.070485 0.788546 0.070485 0.792952 0.074890 0.806167 0.074890 0.814978 0.066079 0.819383 0.066079 0.823789 0.061674 0.823789 0.057269 0.828194 0.052863 0.819383 0.044053 0.814978 0.044053 0.810573 0.048458 0.806167 0.048458 0.801762 0.052863 0.797357 0.052863 0.792952 0.057269 0.788546 0.052863 0.784141 0.052863 0.775330 0.044053 0.770925 0.048458
0 0.370044 0.039648 0.361233 0.048458 0.361233 0.057269 0.356828 0.061674 0.352423 0.061674 0.348018 0.066079 0.343612 0.066079 0.339207 0.070485 0.339207 0.079295 0.334802 0.083700 0.334802 0.088106 0.330396 0.092511 0.325991 0.092511 0.321586 0.096916 0.317181 0.096916 0.308370 0.105727 0.312775 0.110132 0.312775 0.132159 0.308370 0.136564 0.312775 0.140969 0.312775 0.145374 0.321586 0.154185 0.321586 0.162996 0.330396 0.171806 0.334802 0.167401 0.334802 0.158590 0.330396 0.154185 0.330396 0.140969 0.334802 0.136564 0.334802 0.114537 0.330396 0.110132 0.330396 0.101322 0.339207 0.092511 0.343612 0.092511 0.348018 0.088106 0.352423 0.088106 0.365639 0.074890 0.365639 0.066079 0.370044 0.061674 0.374449 0.061674 0.378855 0.057269 0.378855 0.048458
0 0.207048 0.092511 0.198238 0.083700 0.189427 0.083700 0.185022 0.088106 0.180617 0.088106 0.167401 0.096916 0.162996 0.092511 0.158590 0.092511 0.154185 0.088106 0.154185 0.079295 0.149780 0.074890 0.149780 0.048458 0.154185 0.044053 0.149780 0.039648 0.145374 0.039648 0.140969 0.044053 0.140969 0.048458 0.127753 0.061674 0.136564 0.070485 0.136564 0.083700 0.127753 0.092511 0.123348 0.092511 0.118943 0.096916 0.110132 0.096916 0.092511 0.114537 0.088106 0.114537 0.083700 0.118943 0.079295 0.114537 0.074890 0.114537 0.066079 0.105727 0.061674 0.105727 0.052863 0.096916 0.048458 0.096916 0.039648 0.105727 0.039648 0.114537 0.052863 0.127753 0.061674 0.127753 0.070485 0.118943 0.074890 0.118943 0.079295 0.114537 0.083700 0.118943 0.088106 0.118943 0.096916 0.127753 0.096916 0.136564 0.088106 0.145374 0.083700 0.145374 0.079295 0.149780 0.070485 0.149780 0.061674 0.158590 0.057269 0.158590 0.052863 0.162996 0.044053 0.162996 0.039648 0.158590 0.026432 0.158590 0.022026 0.162996 0.022026 0.167401 0.026432 0.171806 0.039648 0.171806 0.052863 0.162996 0.061674 0.162996 0.074890 0.171806 0.083700 0.171806 0.092511 0.162996 0.092511 0.154185 0.105727 0.140969 0.105727 0.127753 0.118943 0.114537 0.123348 0.114537 0.127753 0.110132 0.136564 0.110132 0.149780 0.096916 0.154185 0.096916 0.158590 0.092511 0.162996 0.092511 0.167401 0.096916 0.171806 0.096916 0.185022 0.105727 0.202643 0.105727 0.207048 0.101322
0 0.651982 0.017621 0.647577 0.013216 0.643172 0.017621 0.638767 0.013216 0.634361 0.013216 0.629956 0.008811 0.625551 0.008811 0.621145 0.004405 0.621145 0.000000 0.612335 0.000000 0.612335 0.004405 0.599119 0.017621 0.594714 0.017621 0.581498 0.030837 0.581498 0.035242 0.577093 0.039648 0.572687 0.039648 0.568282 0.044053 0.559471 0.044053 0.555066 0.048458 0.555066 0.057269 0.559471 0.061674 0.563877 0.061674 0.568282 0.057269 0.572687 0.057269 0.577093 0.052863 0.577093 0.044053 0.581498 0.039648 0.585903 0.039648 0.599119 0.026432 0.599119 0.022026 0.603524 0.017621 0.607930 0.017621 0.612335 0.013216 0.616740 0.013216 0.621145 0.017621 0.625551 0.017621 0.629956 0.022026 0.629956 0.026432 0.634361 0.030837 0.638767 0.026432 0.643172 0.026432
0 0.484582 0.000000 0.484582 0.013216 0.493392 0.022026 0.497797 0.022026 0.502203 0.026432 0.506608 0.026432 0.515419 0.035242 0.515419 0.039648 0.519824 0.044053 0.528634 0.044053 0.533040 0.039648 0.533040 0.035242 0.524229 0.026432 0.519824 0.026432 0.515419 0.022026 0.511013 0.022026 0.506608 0.017621 0.506608 0.000000
0 0.167401 0.022026 0.176211 0.030837 0.185022 0.030837 0.189427 0.026432 0.193833 0.026432 0.202643 0.017621 0.202643 0.008811 0.207048 0.004405 0.211454 0.004405 0.215859 0.000000 0.220264 0.004405 0.224670 0.004405 0.229075 0.008811 0.233480 0.008811 0.237885 0.004405 0.237885 0.000000 0.185022 0.000000 0.185022 0.004405
0 0.000000 0.017621 0.000000 0.026432 0.008811 0.026432 0.026432 0.008811 0.030837 0.008811 0.035242 0.004405 0.039648 0.004405 0.044053 0.008811 0.048458 0.008811 0.052863 0.013216 0.052863 0.026432 0.061674 0.035242 0.066079 0.035242 0.070485 0.030837 0.066079 0.026432 0.061674 0.026432 0.052863 0.017621 0.052863 0.008811 0.057269 0.004405 0.057269 0.000000 0.017621 0.000000 0.017621 0.004405 0.008811 0.013216 0.004405 0.013216
