0 0.149780 0.938326 0.145374 0.942731 0.140969 0.938326 0.123348 0.955947 0.123348 0.969163 0.118943 0.973568 0.127753 0.982379 0.132159 0.982379 0.149780 0.964758 0.154185 0.964758 0.158590 0.960352 0.158590 0.947137
0 0.488987 0.942731 0.480176 0.933921 0.475771 0.933921 0.471366 0.938326 0.466960 0.938326 0.462555 0.942731 0.449339 0.942731 0.444934 0.938326 0.436123 0.947137 0.436123 0.951542 0.431718 0.955947 0.427313 0.955947 0.422908 0.960352 0.418502 0.960352 0.414097 0.964758 0.418502 0.969163 0.431718 0.969163 0.436123 0.964758 0.440529 0.964758 0.444934 0.960352 0.449339 0.960352 0.453745 0.955947 0.458150 0.955947 0.462555 0.951542 0.471366 0.951542 0.475771 0.955947 0.484582 0.955947 0.488987 0.951542
0 0.726872 0.916300 0.718062 0.916300 0.713656 0.920705 0.709251 0.920705 0.704846 0.925110 0.704846 0.933921 0.709251 0.938326 0.718062 0.938326 0.722467 0.942731 0.731278 0.933921 0.731278 0.920705
0 0.255507 0.920705 0.246696 0.911894 0.242291 0.911894 0.237885 0.916300 0.233480 0.916300 0.229075 0.920705 0.220264 0.920705 0.215859 0.916300 0.207048 0.925110 0.202643 0.925110 0.193833 0.933921 0.193833 0.938326 0.189427 0.942731 0.193833 0.947137 0.198238 0.947137 0.202643 0.951542 0.207048 0.947137 0.211454 0.947137 0.220264 0.938326 0.220264 0.933921 0.224670 0.929515 0.229075 0.929515 0.233480 0.925110 0.251101 0.925110
0 0.387665 0.885463 0.378855 0.894273 0.378855 0.898678 0.374449 0.903084 0.374449 0.925110 0.370044 0.929515 0.370044 0.933921 0.365639 0.938326 0.361233 0.938326 0.356828 0.942731 0.343612 0.942731 0.339207 0.947137 0.334802 0.947137 0.325991 0.955947 0.334802 0.964758 0.348018 0.964758 0.352423 0.960352 0.356828 0.960352 0.365639 0.951542 0.365639 0.942731 0.370044 0.938326 0.374449 0.938326 0.378855 0.933921 0.383260 0.933921 0.392070 0.925110 0.392070 0.920705 0.396476 0.916300 0.396476 0.911894 0.400881 0.907489 0.400881 0.903084 0.396476 0.898678 0.396476 0.894273
0 0.938326 0.876652 0.933921 0.881057 0.933921 0.885463 0.929515 0.889868 0.929515 0.894273 0.933921 0.898678 0.933921 0.903084 0.938326 0.907489 0.942731 0.907489 0.947137 0.911894 0.955947 0.911894 0.964758 0.903084 0.964758 0.894273 0.947137 0.876652
0 0.744493 0.881057 0.744493 0.889868 0.757709 0.903084 0.766520 0.903084 0.770925 0.907489 0.779736 0.907489 0.788546 0.898678 0.792952 0.898678 0.797357 0.894273 0.801762 0.894273 0.806167 0.889868 0.797357 0.881057 0.788546 0.889868 0.784141 0.889868 0.779736 0.894273 0.770925 0.894273 0.766520 0.889868 0.762115 0.889868 0.757709 0.885463 0.757709 0.881057 0.753304 0.876652 0.748899 0.876652
0 0.528634 0.872247 0.528634 0.881057 0.537445 0.889868 0.541850 0.885463 0.546256 0.885463 0.550661 0.889868 0.555066 0.889868 0.559471 0.894273 0.559471 0.903084 0.563877 0.907489 0.563877 0.911894 0.572687 0.920705 0.572687 0.947137 0.581498 0.955947 0.590308 0.947137 0.590308 0.942731 0.585903 0.938326 0.585903 0.933921 0.577093 0.925110 0.577093 0.916300 0.581498 0.911894 0.585903 0.911894 0.594714 0.903084 0.599119 0.903084 0.603524 0.898678 0.607930 0.903084 0.612335 0.903084 0.616740 0.907489 0.621145 0.907489 0.625551 0.911894 0.629956 0.911894 0.638767 0.920705 0.651982 0.920705 0.656388 0.916300 0.656388 0.911894 0.647577 0.903084 0.638767 0.903084 0.634361 0.898678 0.629956 0.898678 0.616740 0.885463 0.612335 0.889868 0.603524 0.889868 0.599119 0.885463 0.594714 0.885463 0.590308 0.881057 0.585903 0.881057 0.581498 0.876652 0.568282 0.876652 0.563877 0.881057 0.555066 0.881057 0.550661 0.876652 0.546256 0.876652 0.537445 0.867841 0.533040 0.867841
0 0.312775 0.837004 0.308370 0.841410 0.308370 0.845815 0.303965 0.850220 0.312775 0.859031 0.317181 0.859031 0.321586 0.863436 0.321586 0.885463 0.325991 0.889868 0.330396 0.889868 0.334802 0.894273 0.339207 0.894273 0.343612 0.889868 0.343612 0.885463 0.339207 0.881057 0.339207 0.876652 0.334802 0.872247 0.330396 0.872247 0.325991 0.867841 0.325991 0.850220
0 0.872247 0.832599 0.867841 0.837004 0.867841 0.845815 0.885463 0.863436 0.898678 0.863436 0.903084 0.859031 0.903084 0.850220 0.898678 0.845815 0.894273 0.845815 0.881057 0.832599
0 0.792952 0.850220 0.792952 0.841410 0.788546 0.837004 0.788546 0.832599 0.784141 0.828194 0.770925 0.828194 0.766520 0.832599 0.762115 0.832599 0.757709 0.837004 0.744493 0.837004 0.740088 0.841410 0.748899 0.850220 0.753304 0.845815 0.757709 0.850220 0.762115 0.850220 0.766520 0.845815 0.770925 0.850220 0.775330 0.850220 0.779736 0.854626 0.788546 0.854626
0 0.810573 0.775330 0.806167 0.779736 0.801762 0.779736 0.792952 0.788546 0.792952 0.792952 0.801762 0.801762 0.801762 0.806167 0.806167 0.810573 0.806167 0.823789 0.810573 0.823789 0.819383 0.832599 0.832599 0.819383 0.832599 0.810573 0.837004 0.806167 0.837004 0.784141 0.832599 0.784141 0.828194 0.779736 0.823789 0.779736 0.819383 0.775330
0 0.339207 0.766520 0.334802 0.762115 0.330396 0.762115 0.312775 0.779736 0.308370 0.779736 0.303965 0.784141 0.299559 0.784141 0.295154 0.788546 0.295154 0.792952 0.299559 0.797357 0.303965 0.792952 0.308370 0.792952 0.312775 0.788546 0.317181 0.792952 0.321586 0.792952 0.330396 0.784141 0.330396 0.779736 0.334802 0.775330 0.334802 0.770925
0 0.872247 0.757709 0.867841 0.762115 0.863436 0.762115 0.854626 0.770925 0.854626 0.779736 0.859031 0.784141 0.863436 0.784141 0.885463 0.806167 0.885463 0.810573 0.889868 0.814978 0.894273 0.814978 0.898678 0.810573 0.889868 0.801762 0.889868 0.792952 0.881057 0.784141 0.881057 0.779736 0.876652 0.775330 0.876652 0.762115
0 0.907489 0.748899 0.929515 0.770925 0.933921 0.770925 0.938326 0.766520 0.942731 0.766520 0.951542 0.757709 0.951542 0.753304 0.947137 0.748899 0.938326 0.748899 0.933921 0.753304 0.929515 0.753304 0.925110 0.748899 0.920705 0.748899 0.916300 0.744493 0.911894 0.744493
0 0.352423 0.718062 0.339207 0.718062 0.330396 0.726872 0.330396 0.735683 0.334802 0.740088 0.334802 0.744493 0.339207 0.748899 0.343612 0.748899 0.356828 0.735683 0.356828 0.722467
0 0.537445 0.744493 0.541850 0.748899 0.550661 0.748899 0.555066 0.744493 0.563877 0.744493 0.568282 0.748899 0.572687 0.748899 0.577093 0.753304 0.581498 0.753304 0.594714 0.740088 0.599119 0.740088 0.603524 0.735683 0.603524 0.731278 0.599119 0.726872 0.594714 0.731278 0.594714 0.735683 0.590308 0.740088 0.585903 0.740088 0.581498 0.744493 0.577093 0.744493 0.572687 0.748899 0.568282 0.748899 0.563877 0.744493 0.559471 0.744493 0.555066 0.740088 0.555066 0.722467 0.559471 0.718062 0.559471 0.713656 0.555066 0.709251 0.546256 0.709251 0.541850 0.713656 0.541850 0.726872 0.537445 0.731278
0 0.092511 0.700441 0.092511 0.709251 0.096916 0.713656 0.101322 0.713656 0.110132 0.722467 0.114537 0.722467 0.118943 0.726872 0.136564 0.726872 0.140969 0.722467 0.132159 0.713656 0.118943 0.713656 0.114537 0.709251 0.110132 0.709251 0.105727 0.704846 0.105727 0.700441 0.101322 0.696035 0.096916 0.696035
0 0.779736 0.678414 0.775330 0.682819 0.766520 0.682819 0.757709 0.691630 0.757709 0.704846 0.753304 0.709251 0.753304 0.718062 0.748899 0.722467 0.748899 0.726872 0.744493 0.731278 0.744493 0.740088 0.753304 0.748899 0.757709 0.748899 0.762115 0.744493 0.766520 0.744493 0.770925 0.740088 0.775330 0.744493 0.779736 0.744493 0.784141 0.748899 0.784141 0.753304 0.788546 0.757709 0.792952 0.753304 0.792952 0.748899 0.797357 0.744493 0.792952 0.740088 0.788546 0.740088 0.784141 0.744493 0.779736 0.740088 0.775330 0.740088 0.770925 0.735683 0.770925 0.718062 0.779736 0.709251 0.779736 0.700441 0.784141 0.696035 0.784141 0.682819
0 0.651982 0.643172 0.647577 0.647577 0.647577 0.665198 0.660793 0.678414 0.669604 0.678414 0.674009 0.674009 0.674009 0.665198 0.669604 0.660793 0.669604 0.651982 0.660793 0.643172
0 0.361233 0.643172 0.352423 0.651982 0.352423 0.660793 0.361233 0.669604 0.361233 0.674009 0.365639 0.678414 0.370044 0.678414 0.378855 0.669604 0.374449 0.665198 0.374449 0.660793 0.365639 0.651982 0.365639 0.647577
0 0.039648 0.629956 0.035242 0.634361 0.039648 0.638767 0.039648 0.660793 0.044053 0.665198 0.044053 0.674009 0.048458 0.678414 0.057269 0.678414 0.074890 0.660793 0.074890 0.656388 0.070485 0.651982 0.066079 0.651982 0.061674 0.647577 0.057269 0.647577
0 0.819383 0.634361 0.819383 0.647577 0.828194 0.656388 0.832599 0.656388 0.837004 0.660793 0.845815 0.660793 0.850220 0.665198 0.854626 0.665198 0.859031 0.669604 0.859031 0.691630 0.867841 0.700441 0.876652 0.700441 0.881057 0.704846 0.885463 0.704846 0.889868 0.709251 0.889868 0.713656 0.894273 0.718062 0.898678 0.718062 0.903084 0.713656 0.920705 0.713656 0.925110 0.709251 0.925110 0.704846 0.920705 0.700441 0.920705 0.696035 0.911894 0.687225 0.907489 0.691630 0.903084 0.691630 0.898678 0.696035 0.889868 0.696035 0.885463 0.691630 0.881057 0.691630 0.859031 0.669604 0.859031 0.651982 0.854626 0.647577 0.850220 0.647577 0.841410 0.638767 0.841410 0.634361 0.832599 0.625551 0.828194 0.629956 0.823789 0.629956
0 0.898678 0.603524 0.894273 0.607930 0.894273 0.616740 0.889868 0.621145 0.894273 0.625551 0.894273 0.651982 0.903084 0.660793 0.907489 0.656388 0.911894 0.656388 0.916300 0.651982 0.911894 0.647577 0.911894 0.638767 0.903084 0.629956 0.903084 0.612335 0.907489 0.607930 0.903084 0.603524
0 0.370044 0.577093 0.361233 0.577093 0.356828 0.581498 0.334802 0.585903 0.308370 0.616740 0.299559 0.621145 0.281938 0.621145 0.268722 0.638767 0.259912 0.643172 0.251101 0.643172 0.233480 0.660793 0.224670 0.665198 0.215859 0.660793 0.202643 0.643172 0.198238 0.643172 0.189427 0.651982 0.189427 0.656388 0.207048 0.669604 0.215859 0.665198 0.229075 0.674009 0.229075 0.687225 0.220264 0.696035 0.220264 0.709251 0.224670 0.713656 0.224670 0.731278 0.229075 0.735683 0.229075 0.757709 0.224670 0.762115 0.224670 0.779736 0.229075 0.784141 0.229075 0.797357 0.242291 0.810573 0.242291 0.819383 0.237885 0.823789 0.242291 0.845815 0.215859 0.863436 0.211454 0.859031 0.202643 0.867841 0.198238 0.867841 0.207048 0.872247 0.224670 0.863436 0.233480 0.867841 0.242291 0.867841 0.246696 0.863436 0.242291 0.841410 0.259912 0.828194 0.246696 0.810573 0.246696 0.806167 0.237885 0.797357 0.237885 0.779736 0.251101 0.757709 0.251101 0.748899 0.233480 0.735683 0.233480 0.722467 0.237885 0.718062 0.237885 0.704846 0.242291 0.700441 0.242291 0.682819 0.281938 0.643172 0.286344 0.634361 0.295154 0.629956 0.308370 0.629956 0.330396 0.607930 0.339207 0.603524 0.348018 0.603524 0.374449 0.581498
0 0.854626 0.568282 0.845815 0.577093 0.845815 0.581498 0.850220 0.585903 0.850220 0.594714 0.854626 0.599119 0.863436 0.599119 0.872247 0.590308 0.872247 0.581498 0.867841 0.577093 0.867841 0.572687 0.863436 0.568282
0 0.555066 0.568282 0.546256 0.568282 0.524229 0.590308 0.524229 0.594714 0.533040 0.603524 0.541850 0.603524 0.563877 0.581498 0.559471 0.577093 0.559471 0.572687
0 0.484582 0.555066 0.480176 0.559471 0.475771 0.559471 0.471366 0.563877 0.471366 0.568282 0.475771 0.572687 0.475771 0.585903 0.497797 0.607930 0.497797 0.629956 0.506608 0.638767 0.511013 0.638767 0.519824 0.629956 0.502203 0.612335 0.502203 0.599119 0.484582 0.581498 0.484582 0.572687 0.493392 0.563877 0.497797 0.563877 0.502203 0.559471 0.497797 0.555066
0 0.229075 0.537445 0.224670 0.541850 0.220264 0.537445 0.211454 0.546256 0.211454 0.563877 0.215859 0.568282 0.215859 0.577093 0.220264 0.581498 0.220264 0.590308 0.215859 0.594714 0.215859 0.607930 0.211454 0.612335 0.211454 0.621145 0.220264 0.629956 0.224670 0.625551 0.229075 0.625551 0.233480 0.621145 0.233480 0.612335 0.237885 0.607930 0.237885 0.594714 0.229075 0.585903 0.229075 0.572687 0.233480 0.568282 0.233480 0.563877 0.237885 0.559471 0.237885 0.546256
0 0.792952 0.533040 0.784141 0.533040 0.770925 0.546256 0.770925 0.572687 0.766520 0.577093 0.766520 0.581498 0.770925 0.585903 0.775330 0.585903 0.784141 0.594714 0.784141 0.599119 0.788546 0.594714 0.792952 0.594714 0.797357 0.590308 0.792952 0.585903 0.792952 0.581498 0.779736 0.568282 0.779736 0.559471 0.797357 0.541850 0.797357 0.537445
0 0.920705 0.511013 0.920705 0.515419 0.925110 0.519824 0.925110 0.533040 0.929515 0.537445 0.933921 0.537445 0.938326 0.533040 0.942731 0.533040 0.947137 0.528634 0.955947 0.528634 0.960352 0.533040 0.969163 0.533040 0.977974 0.524229 0.982379 0.524229 0.986784 0.519824 0.995595 0.519824 0.995595 0.502203 0.986784 0.502203 0.982379 0.506608 0.977974 0.506608 0.973568 0.511013 0.969163 0.511013 0.964758 0.515419 0.960352 0.515419 0.955947 0.519824 0.951542 0.515419 0.947137 0.515419 0.938326 0.506608 0.933921 0.506608 0.929515 0.502203
0 0.074890 0.488987 0.070485 0.488987 0.057269 0.502203 0.057269 0.506608 0.066079 0.515419 0.066079 0.524229 0.052863 0.537445 0.052863 0.541850 0.057269 0.546256 0.061674 0.546256 0.070485 0.537445 0.070485 0.528634 0.066079 0.524229 0.066079 0.515419 0.070485 0.511013 0.074890 0.511013 0.083700 0.502203 0.083700 0.497797
0 0.255507 0.484582 0.251101 0.488987 0.251101 0.493392 0.246696 0.497797 0.246696 0.502203 0.242291 0.506608 0.255507 0.519824 0.259912 0.519824 0.264317 0.515419 0.264317 0.493392
0 0.678414 0.493392 0.678414 0.502203 0.682819 0.506608 0.687225 0.506608 0.691630 0.511013 0.696035 0.511013 0.700441 0.515419 0.704846 0.515419 0.709251 0.519824 0.713656 0.519824 0.718062 0.524229 0.722467 0.524229 0.731278 0.515419 0.722467 0.506608 0.718062 0.506608 0.713656 0.502203 0.713656 0.497797 0.709251 0.493392 0.709251 0.484582 0.704846 0.480176 0.696035 0.480176 0.691630 0.484582 0.687225 0.484582
0 0.449339 0.493392 0.453745 0.497797 0.453745 0.506608 0.458150 0.511013 0.462555 0.511013 0.475771 0.524229 0.484582 0.524229 0.493392 0.515419 0.497797 0.515419 0.502203 0.511013 0.506608 0.511013 0.511013 0.515419 0.515419 0.515419 0.519824 0.519824 0.524229 0.515419 0.524229 0.511013 0.515419 0.502203 0.506608 0.511013 0.502203 0.511013 0.497797 0.515419 0.493392 0.511013 0.488987 0.511013 0.484582 0.506608 0.480176 0.506608 0.475771 0.502203 0.471366 0.502203 0.466960 0.497797 0.466960 0.488987 0.471366 0.484582 0.466960 0.480176 0.458150 0.480176 0.453745 0.484582 0.453745 0.488987
0 0.396476 0.458150 0.392070 0.462555 0.387665 0.462555 0.378855 0.471366 0.378855 0.475771 0.383260 0.480176 0.383260 0.488987 0.387665 0.493392 0.387665 0.511013 0.378855 0.519824 0.378855 0.533040 0.387665 0.541850 0.396476 0.541850 0.400881 0.537445 0.400881 0.528634 0.405286 0.524229 0.405286 0.506608 0.400881 0.502203 0.396476 0.502203 0.392070 0.497797 0.392070 0.480176 0.405286 0.466960
0 0.035242 0.458150 0.030837 0.458150 0.026432 0.462555 0.026432 0.466960 0.022026 0.471366 0.022026 0.475771 0.017621 0.480176 0.017621 0.493392 0.008811 0.502203 0.004405 0.502203 0.000000 0.506608 0.000000 0.515419 0.004405 0.515419 0.022026 0.497797 0.022026 0.493392 0.026432 0.488987 0.030837 0.488987 0.035242 0.484582 0.039648 0.484582 0.048458 0.475771 0.048458 0.471366
0 0.775330 0.453745 0.770925 0.458150 0.770925 0.462555 0.766520 0.466960 0.766520 0.471366 0.784141 0.488987 0.788546 0.488987 0.797357 0.480176 0.797357 0.462555 0.788546 0.453745 0.784141 0.453745 0.779736 0.458150
0 0.845815 0.440529 0.837004 0.449339 0.837004 0.453745 0.832599 0.458150 0.832599 0.462555 0.828194 0.466960 0.832599 0.471366 0.837004 0.466960 0.841410 0.466960 0.845815 0.462555 0.850220 0.462555 0.854626 0.466960 0.859031 0.466960 0.863436 0.471366 0.863436 0.475771 0.867841 0.480176 0.872247 0.480176 0.876652 0.475771 0.872247 0.471366 0.867841 0.471366 0.859031 0.462555 0.859031 0.453745 0.867841 0.444934 0.867841 0.440529 0.863436 0.436123 0.854626 0.436123 0.850220 0.440529
0 0.193833 0.436123 0.189427 0.440529 0.189427 0.444934 0.185022 0.449339 0.185022 0.453745 0.189427 0.458150 0.189427 0.462555 0.193833 0.466960 0.202643 0.466960 0.211454 0.458150 0.211454 0.440529 0.207048 0.440529 0.202643 0.436123
0 0.233480 0.427313 0.229075 0.431718 0.229075 0.440529 0.233480 0.440529 0.246696 0.453745 0.259912 0.440529 0.255507 0.436123 0.255507 0.431718 0.251101 0.427313
0 0.321586 0.422908 0.317181 0.418502 0.312775 0.422908 0.308370 0.422908 0.303965 0.427313 0.299559 0.427313 0.295154 0.431718 0.286344 0.431718 0.281938 0.436123 0.290749 0.444934 0.303965 0.444934 0.308370 0.440529 0.312775 0.440529 0.321586 0.431718
0 0.907489 0.414097 0.903084 0.418502 0.903084 0.427313 0.898678 0.431718 0.898678 0.436123 0.907489 0.444934 0.911894 0.444934 0.916300 0.449339 0.925110 0.440529 0.925110 0.431718
0 0.762115 0.396476 0.757709 0.400881 0.757709 0.405286 0.753304 0.409692 0.753304 0.414097 0.748899 0.418502 0.748899 0.431718 0.753304 0.436123 0.762115 0.436123 0.775330 0.422908 0.775330 0.414097 0.766520 0.405286 0.766520 0.400881
0 0.713656 0.453745 0.704846 0.444934 0.704846 0.431718 0.700441 0.427313 0.700441 0.405286 0.691630 0.396476 0.682819 0.396476 0.678414 0.400881 0.678414 0.405286 0.674009 0.409692 0.674009 0.414097 0.669604 0.418502 0.665198 0.418502 0.660793 0.422908 0.656388 0.422908 0.651982 0.418502 0.647577 0.422908 0.638767 0.422908 0.634361 0.418502 0.629956 0.418502 0.625551 0.414097 0.621145 0.414097 0.616740 0.409692 0.607930 0.418502 0.607930 0.427313 0.612335 0.431718 0.616740 0.427313 0.625551 0.427313 0.629956 0.422908 0.634361 0.422908 0.638767 0.427313 0.643172 0.427313 0.651982 0.436123 0.660793 0.427313 0.665198 0.427313 0.669604 0.422908 0.674009 0.427313 0.678414 0.427313 0.691630 0.440529 0.696035 0.440529 0.700441 0.444934 0.700441 0.449339 0.709251 0.458150
0 0.568282 0.370044 0.555066 0.383260 0.555066 0.387665 0.546256 0.396476 0.546256 0.418502 0.550661 0.422908 0.550661 0.427313 0.559471 0.436123 0.559471 0.440529 0.563877 0.444934 0.572687 0.436123 0.572687 0.427313 0.559471 0.414097 0.559471 0.405286 0.563877 0.400881 0.563877 0.396476 0.568282 0.392070 0.568282 0.387665 0.572687 0.383260 0.572687 0.374449
0 0.453745 0.370044 0.444934 0.378855 0.458150 0.392070 0.458150 0.400881 0.453745 0.405286 0.453745 0.414097 0.480176 0.440529 0.480176 0.449339 0.488987 0.458150 0.493392 0.453745 0.493392 0.449339 0.497797 0.444934 0.497797 0.440529 0.493392 0.436123 0.493392 0.431718 0.480176 0.418502 0.480176 0.414097 0.466960 0.400881 0.462555 0.400881 0.458150 0.396476 0.458150 0.383260 0.462555 0.378855
0 0.810573 0.374449 0.814978 0.378855 0.814978 0.383260 0.828194 0.396476 0.845815 0.396476 0.850220 0.392070 0.823789 0.365639 0.819383 0.365639
0 0.246696 0.370044 0.246696 0.374449 0.251101 0.378855 0.277533 0.378855 0.286344 0.370044 0.273128 0.356828 0.268722 0.356828 0.264317 0.352423 0.259912 0.352423 0.251101 0.361233 0.251101 0.365639
0 0.837004 0.321586 0.837004 0.325991 0.845815 0.334802 0.850220 0.334802 0.854626 0.339207 0.859031 0.334802 0.863436 0.334802 0.867841 0.330396 0.867841 0.325991 0.854626 0.312775 0.845815 0.312775
0 0.466960 0.317181 0.475771 0.325991 0.480176 0.325991 0.484582 0.330396 0.488987 0.330396 0.493392 0.334802 0.493392 0.348018 0.502203 0.356828 0.506608 0.352423 0.511013 0.352423 0.515419 0.348018 0.515419 0.339207 0.511013 0.334802 0.511013 0.330396 0.506608 0.325991 0.502203 0.325991 0.488987 0.312775 0.471366 0.312775
0 0.911894 0.308370 0.907489 0.312775 0.907489 0.321586 0.916300 0.330396 0.920705 0.330396 0.929515 0.339207 0.933921 0.334802 0.933921 0.330396 0.938326 0.325991 0.938326 0.321586 0.929515 0.312775 0.925110 0.312775 0.920705 0.308370
0 0.462555 0.277533 0.458150 0.277533 0.453745 0.281938 0.436123 0.281938 0.418502 0.299559 0.418502 0.312775 0.427313 0.321586 0.436123 0.312775 0.436123 0.299559 0.440529 0.295154 0.444934 0.295154 0.449339 0.290749 0.453745 0.290749 0.458150 0.286344 0.462555 0.290749 0.466960 0.286344 0.466960 0.281938
0 0.784141 0.251101 0.775330 0.251101 0.770925 0.255507 0.766520 0.251101 0.757709 0.251101 0.753304 0.255507 0.748899 0.251101 0.744493 0.251101 0.722467 0.273128 0.722467 0.277533 0.718062 0.281938 0.718062 0.290749 0.713656 0.295154 0.718062 0.299559 0.722467 0.299559 0.735683 0.312775 0.735683 0.317181 0.740088 0.321586 0.740088 0.325991 0.744493 0.330396 0.753304 0.330396 0.757709 0.334802 0.766520 0.325991 0.762115 0.321586 0.762115 0.317181 0.753304 0.308370 0.753304 0.290749 0.757709 0.286344 0.757709 0.273128 0.766520 0.264317 0.770925 0.264317 0.775330 0.259912 0.779736 0.264317 0.788546 0.255507
0 0.035242 0.145374 0.048458 0.158590 0.057269 0.158590 0.061674 0.162996 0.066079 0.162996 0.074890 0.171806 0.083700 0.171806 0.088106 0.167401 0.092511 0.167401 0.096916 0.171806 0.101322 0.171806 0.105727 0.167401 0.110132 0.167401 0.118943 0.158590 0.114537 0.154185 0.096916 0.154185 0.092511 0.158590 0.074890 0.158590 0.070485 0.154185 0.066079 0.154185 0.048458 0.136564 0.044053 0.136564
0 0.343612 0.136564 0.339207 0.132159 0.321586 0.132159 0.317181 0.136564 0.312775 0.136564 0.303965 0.145374 0.299559 0.145374 0.295154 0.149780 0.295154 0.162996 0.303965 0.171806 0.308370 0.167401 0.312775 0.167401 0.317181 0.162996 0.321586 0.162996 0.325991 0.158590 0.330396 0.158590 0.339207 0.149780 0.339207 0.145374 0.343612 0.140969
0 0.220264 0.114537 0.215859 0.118943 0.215859 0.127753 0.220264 0.127753 0.224670 0.132159 0.224670 0.136564 0.229075 0.140969 0.229075 0.158590 0.233480 0.162996 0.233480 0.167401 0.237885 0.171806 0.242291 0.171806 0.246696 0.167401 0.251101 0.167401 0.264317 0.154185 0.264317 0.149780 0.255507 0.140969 0.251101 0.140969 0.246696 0.136564 0.242291 0.136564 0.237885 0.132159 0.237885 0.118943 0.233480 0.114537
0 0.925110 0.110132 0.920705 0.114537 0.920705 0.123348 0.925110 0.127753 0.925110 0.132159 0.929515 0.136564 0.947137 0.136564 0.951542 0.132159 0.951542 0.118943 0.947137 0.114537 0.938326 0.114537 0.933921 0.110132
0 0.656388 0.118943 0.651982 0.114537 0.647577 0.114537 0.643172 0.110132 0.638767 0.114537 0.634361 0.114537 0.629956 0.118943 0.621145 0.118943 0.612335 0.127753 0.621145 0.136564 0.625551 0.132159 0.638767 0.132159 0.647577 0.123348 0.651982 0.123348
0 0.167401 0.066079 0.162996 0.061674 0.154185 0.061674 0.149780 0.057269 0.136564 0.057269 0.132159 0.061674 0.127753 0.061674 0.123348 0.057269 0.118943 0.057269 0.110132 0.066079 0.110132 0.070485 0.105727 0.074890 0.101322 0.074890 0.083700 0.092511 0.083700 0.101322 0.092511 0.110132 0.096916 0.110132 0.105727 0.101322 0.105727 0.092511 0.118943 0.079295 0.123348 0.079295 0.127753 0.074890 0.132159 0.074890 0.136564 0.079295 0.140969 0.079295 0.145374 0.083700 0.149780 0.083700 0.154185 0.088106 0.158590 0.088106 0.162996 0.092511 0.171806 0.083700 0.171806 0.074890 0.167401 0.070485
0 0.070485 0.052863 0.066079 0.052863 0.057269 0.061674 0.057269 0.066079 0.052863 0.070485 0.048458 0.070485 0.044053 0.074890 0.035242 0.074890 0.030837 0.079295 0.030837 0.092511 0.039648 0.101322 0.044053 0.101322 0.048458 0.105727 0.048458 0.114537 0.052863 0.118943 0.052863 0.123348 0.057269 0.123348 0.061674 0.118943 0.061674 0.114537 0.057269 0.110132 0.052863 0.110132 0.048458 0.105727 0.048458 0.096916 0.052863 0.092511 0.052863 0.079295 0.057269 0.074890 0.061674 0.074890 0.070485 0.066079 0.070485 0.061674 0.074890 0.057269
0 0.656388 0.052863 0.651982 0.052863 0.647577 0.048458 0.634361 0.048458 0.629956 0.052863 0.629956 0.066079 0.625551 0.070485 0.621145 0.070485 0.612335 0.079295 0.621145 0.088106 0.621145 0.092511 0.625551 0.096916 0.629956 0.092511 0.634361 0.096916 0.643172 0.088106 0.643172 0.074890 0.660793 0.057269
0 0.995595 0.171806 0.977974 0.162996 0.964758 0.171806 0.898678 0.162996 0.872247 0.127753 0.885463 0.083700 0.841410 0.061674 0.823789 0.039648 0.810573 0.039648 0.806167 0.057269 0.819383 0.070485 0.850220 0.066079 0.872247 0.088106 0.867841 0.123348 0.841410 0.140969 0.753304 0.136564 0.585903 0.167401 0.550661 0.132159 0.506608 0.118943 0.466960 0.145374 0.396476 0.162996 0.356828 0.189427 0.312775 0.185022 0.286344 0.202643 0.220264 0.220264 0.202643 0.211454 0.207048 0.198238 0.193833 0.189427 0.193833 0.220264 0.136564 0.237885 0.092511 0.215859 0.048458 0.237885 0.008811 0.242291 0.000000 0.255507 0.039648 0.246696 0.052863 0.264317 0.000000 0.286344 0.000000 0.321586 0.039648 0.303965 0.074890 0.308370 0.123348 0.277533 0.140969 0.281938 0.158590 0.259912 0.224670 0.255507 0.255507 0.215859 0.286344 0.242291 0.303965 0.229075 0.361233 0.224670 0.396476 0.202643 0.409692 0.220264 0.352423 0.255507 0.365639 0.264317 0.396476 0.237885 0.449339 0.220264 0.480176 0.198238 0.502203 0.207048 0.528634 0.180617 0.550661 0.180617 0.581498 0.207048 0.629956 0.193833 0.656388 0.211454 0.726872 0.193833 0.748899 0.202643 0.863436 0.202643 0.911894 0.224670 0.894273 0.246696 0.894273 0.277533 0.907489 0.286344 0.911894 0.259912 0.929515 0.242291 0.969163 0.246696 0.995595 0.237885 0.995595 0.229075 0.969163 0.237885 0.951542 0.224670 0.955947 0.211454 0.995595 0.202643
0 0.466960 0.048458 0.462555 0.044053 0.453745 0.044053 0.449339 0.048458 0.449339 0.061674 0.444934 0.066079 0.440529 0.066079 0.436123 0.070485 0.431718 0.070485 0.427313 0.074890 0.422908 0.070485 0.418502 0.070485 0.414097 0.066079 0.414097 0.048458 0.418502 0.044053 0.418502 0.039648 0.409692 0.030837 0.400881 0.030837 0.396476 0.026432 0.387665 0.035242 0.387665 0.048458 0.396476 0.057269 0.396476 0.066079 0.392070 0.070485 0.392070 0.083700 0.374449 0.101322 0.374449 0.110132 0.378855 0.114537 0.392070 0.101322 0.392070 0.096916 0.405286 0.083700 0.409692 0.083700 0.414097 0.079295 0.418502 0.079295 0.422908 0.083700 0.427313 0.083700 0.431718 0.088106 0.440529 0.079295 0.440529 0.074890 0.444934 0.070485 0.449339 0.070485 0.453745 0.066079 0.462555 0.066079 0.466960 0.061674
0 0.920705 0.000000 0.903084 0.000000 0.903084 0.008811 0.898678 0.013216 0.898678 0.022026 0.894273 0.026432 0.894273 0.039648 0.898678 0.044053 0.907489 0.044053 0.911894 0.039648 0.911894 0.026432 0.920705 0.017621
0 0.572687 0.000000 0.572687 0.004405 0.577093 0.008811 0.581498 0.008811 0.590308 0.017621 0.590308 0.035242 0.599119 0.044053 0.603524 0.039648 0.607930 0.039648 0.612335 0.035242 0.612335 0.030837 0.603524 0.022026 0.599119 0.022026 0.594714 0.017621 0.590308 0.017621 0.585903 0.013216 0.585903 0.000000
