0 0.229075 0.964758 0.220264 0.955947 0.215859 0.955947 0.211454 0.960352 0.202643 0.960352 0.198238 0.964758 0.193833 0.964758 0.189427 0.969163 0.189427 0.977974 0.185022 0.982379 0.185022 0.995595 0.202643 0.995595 0.202643 0.986784 0.207048 0.982379 0.211454 0.982379 0.215859 0.977974 0.220264 0.977974 0.229075 0.969163
0 0.691630 0.973568 0.691630 0.964758 0.682819 0.955947 0.678414 0.955947 0.674009 0.951542 0.660793 0.951542 0.656388 0.955947 0.651982 0.955947 0.647577 0.960352 0.638767 0.960352 0.634361 0.955947 0.625551 0.955947 0.621145 0.960352 0.621145 0.964758 0.625551 0.969163 0.629956 0.969163 0.634361 0.964758 0.638767 0.964758 0.643172 0.960352 0.651982 0.960352 0.656388 0.964758 0.660793 0.964758 0.678414 0.982379 0.682819 0.982379
0 0.083700 0.876652 0.092511 0.885463 0.101322 0.885463 0.105727 0.889868 0.110132 0.885463 0.118943 0.885463 0.127753 0.876652 0.127753 0.867841 0.123348 0.863436 0.096916 0.863436
0 0.497797 0.766520 0.488987 0.766520 0.484582 0.770925 0.475771 0.770925 0.471366 0.775330 0.471366 0.810573 0.475771 0.814978 0.484582 0.806167 0.484582 0.797357 0.493392 0.788546 0.497797 0.788546 0.502203 0.784141 0.506608 0.784141 0.511013 0.779736
0 0.242291 0.718062 0.233480 0.726872 0.233480 0.744493 0.242291 0.753304 0.242291 0.757709 0.246696 0.762115 0.251101 0.757709 0.251101 0.748899 0.255507 0.744493 0.255507 0.740088 0.251101 0.735683 0.251101 0.722467 0.246696 0.718062
0 0.427313 0.691630 0.422908 0.696035 0.422908 0.700441 0.431718 0.709251 0.431718 0.713656 0.436123 0.718062 0.440529 0.718062 0.444934 0.722467 0.449339 0.722467 0.458150 0.713656 0.453745 0.709251 0.453745 0.704846 0.436123 0.687225 0.431718 0.691630
0 0.735683 0.682819 0.731278 0.682819 0.722467 0.691630 0.722467 0.696035 0.718062 0.700441 0.718062 0.709251 0.722467 0.713656 0.726872 0.713656 0.744493 0.696035 0.744493 0.691630
0 0.343612 0.643172 0.334802 0.634361 0.330396 0.634361 0.325991 0.629956 0.303965 0.651982 0.299559 0.651982 0.295154 0.656388 0.286344 0.656388 0.277533 0.665198 0.277533 0.669604 0.273128 0.674009 0.277533 0.678414 0.281938 0.674009 0.286344 0.674009 0.295154 0.665198 0.299559 0.665198 0.303965 0.660793 0.321586 0.660793 0.330396 0.651982 0.334802 0.651982
0 0.048458 0.634361 0.048458 0.643172 0.057269 0.651982 0.057269 0.656388 0.061674 0.660793 0.061674 0.665198 0.066079 0.669604 0.070485 0.669604 0.074890 0.674009 0.096916 0.674009 0.101322 0.669604 0.105727 0.669604 0.110132 0.665198 0.114537 0.669604 0.118943 0.669604 0.123348 0.674009 0.127753 0.669604 0.123348 0.665198 0.118943 0.669604 0.114537 0.669604 0.110132 0.665198 0.105727 0.665198 0.096916 0.656388 0.092511 0.656388 0.088106 0.651982 0.074890 0.651982 0.070485 0.647577 0.066079 0.647577 0.061674 0.643172 0.061674 0.634361 0.057269 0.629956 0.052863 0.629956
0 0.101322 0.621145 0.105727 0.625551 0.110132 0.625551 0.123348 0.638767 0.136564 0.638767 0.140969 0.634361 0.140969 0.625551 0.132159 0.616740 0.105727 0.616740
0 0.995595 0.612335 0.960352 0.616740 0.938326 0.651982 0.911894 0.656388 0.876652 0.682819 0.863436 0.674009 0.876652 0.656388 0.859031 0.656388 0.832599 0.696035 0.801762 0.696035 0.792952 0.713656 0.731278 0.766520 0.669604 0.775330 0.594714 0.814978 0.577093 0.810573 0.550661 0.828194 0.480176 0.850220 0.458150 0.832599 0.370044 0.832599 0.290749 0.806167 0.202643 0.806167 0.167401 0.792952 0.158590 0.779736 0.083700 0.779736 0.066079 0.766520 0.030837 0.766520 0.017621 0.757709 0.000000 0.757709 0.000000 0.784141 0.145374 0.810573 0.215859 0.841410 0.273128 0.837004 0.356828 0.872247 0.405286 0.920705 0.427313 0.929515 0.444934 0.916300 0.493392 0.911894 0.528634 0.889868 0.541850 0.894273 0.585903 0.863436 0.625551 0.863436 0.651982 0.845815 0.726872 0.837004 0.762115 0.819383 0.801762 0.823789 0.819383 0.810573 0.929515 0.832599 0.995595 0.863436 0.995595 0.819383 0.964758 0.801762 0.929515 0.797357 0.854626 0.766520 0.832599 0.779736 0.806167 0.779736 0.779736 0.766520 0.766520 0.775330 0.753304 0.766520 0.753304 0.757709 0.779736 0.740088 0.819383 0.757709 0.828194 0.744493 0.911894 0.704846 0.942731 0.669604 0.995595 0.643172
0 0.651982 0.625551 0.651982 0.629956 0.656388 0.634361 0.665198 0.634361 0.669604 0.638767 0.674009 0.638767 0.682819 0.647577 0.687225 0.647577 0.691630 0.643172 0.696035 0.647577 0.700441 0.643172 0.678414 0.621145 0.674009 0.621145 0.669604 0.616740 0.665198 0.616740 0.660793 0.612335 0.656388 0.616740 0.656388 0.621145
0 0.180617 0.599119 0.189427 0.607930 0.193833 0.607930 0.207048 0.621145 0.211454 0.621145 0.215859 0.625551 0.229075 0.625551 0.233480 0.621145 0.233480 0.612335 0.220264 0.599119 0.215859 0.599119 0.211454 0.594714 0.207048 0.594714 0.202643 0.590308 0.198238 0.590308 0.193833 0.594714 0.185022 0.594714
0 0.383260 0.563877 0.374449 0.563877 0.365639 0.572687 0.365639 0.590308 0.370044 0.594714 0.374449 0.594714 0.378855 0.599119 0.383260 0.594714 0.383260 0.577093 0.387665 0.572687 0.387665 0.568282
0 0.259912 0.546256 0.255507 0.550661 0.255507 0.563877 0.268722 0.577093 0.268722 0.590308 0.273128 0.594714 0.281938 0.594714 0.286344 0.590308 0.286344 0.572687 0.281938 0.568282 0.281938 0.559471 0.277533 0.555066 0.277533 0.550661 0.273128 0.546256
0 0.784141 0.519824 0.784141 0.528634 0.792952 0.537445 0.797357 0.537445 0.801762 0.541850 0.806167 0.541850 0.810573 0.546256 0.814978 0.546256 0.819383 0.550661 0.832599 0.550661 0.837004 0.546256 0.837004 0.541850 0.841410 0.537445 0.845815 0.537445 0.850220 0.533040 0.854626 0.537445 0.859031 0.533040 0.863436 0.533040 0.867841 0.528634 0.872247 0.533040 0.876652 0.533040 0.881057 0.537445 0.885463 0.537445 0.894273 0.546256 0.898678 0.541850 0.898678 0.537445 0.885463 0.524229 0.876652 0.524229 0.872247 0.519824 0.850220 0.519824 0.845815 0.524229 0.845815 0.528634 0.841410 0.533040 0.837004 0.533040 0.832599 0.537445 0.828194 0.533040 0.823789 0.533040 0.819383 0.528634 0.814978 0.528634 0.801762 0.515419 0.788546 0.515419
0 0.748899 0.493392 0.744493 0.493392 0.735683 0.502203 0.731278 0.502203 0.726872 0.506608 0.709251 0.506608 0.704846 0.511013 0.704846 0.524229 0.700441 0.528634 0.700441 0.541850 0.704846 0.546256 0.704846 0.555066 0.709251 0.559471 0.713656 0.559471 0.718062 0.563877 0.726872 0.555066 0.726872 0.541850 0.722467 0.537445 0.722467 0.524229 0.726872 0.519824 0.731278 0.519824 0.735683 0.515419 0.740088 0.515419 0.744493 0.519824 0.748899 0.515419 0.753304 0.515419 0.757709 0.511013 0.757709 0.502203
0 0.101322 0.488987 0.101322 0.502203 0.110132 0.511013 0.114537 0.511013 0.118943 0.506608 0.123348 0.506608 0.127753 0.502203 0.132159 0.502203 0.136564 0.497797 0.154185 0.497797 0.158590 0.502203 0.162996 0.502203 0.167401 0.506608 0.171806 0.506608 0.176211 0.511013 0.180617 0.506608 0.189427 0.506608 0.193833 0.511013 0.198238 0.511013 0.202643 0.515419 0.202643 0.528634 0.207048 0.533040 0.211454 0.533040 0.215859 0.528634 0.215859 0.519824 0.207048 0.511013 0.207048 0.497797 0.198238 0.488987 0.158590 0.488987 0.154185 0.484582 0.105727 0.484582
0 0.321586 0.471366 0.308370 0.484582 0.308370 0.488987 0.317181 0.497797 0.330396 0.497797 0.339207 0.488987 0.339207 0.484582 0.334802 0.480176 0.334802 0.475771 0.330396 0.471366
0 0.000000 0.458150 0.004405 0.462555 0.008811 0.462555 0.017621 0.471366 0.022026 0.471366 0.026432 0.475771 0.030837 0.475771 0.035242 0.480176 0.039648 0.480176 0.044053 0.475771 0.044053 0.462555 0.035242 0.453745 0.030837 0.453745 0.026432 0.449339 0.013216 0.449339 0.008811 0.453745 0.004405 0.453745
0 0.497797 0.449339 0.493392 0.444934 0.488987 0.449339 0.484582 0.449339 0.480176 0.453745 0.471366 0.453745 0.458150 0.466960 0.466960 0.475771 0.475771 0.475771 0.484582 0.466960 0.484582 0.462555
0 0.898678 0.436123 0.885463 0.436123 0.881057 0.440529 0.872247 0.440529 0.863436 0.449339 0.863436 0.453745 0.876652 0.466960 0.903084 0.440529
0 0.792952 0.431718 0.788546 0.436123 0.792952 0.436123 0.797357 0.440529 0.797357 0.444934 0.801762 0.449339 0.801762 0.462555 0.797357 0.466960 0.797357 0.471366 0.801762 0.475771 0.810573 0.475771 0.814978 0.480176 0.823789 0.480176 0.828194 0.475771 0.819383 0.466960 0.814978 0.466960 0.806167 0.458150 0.806167 0.449339 0.810573 0.444934 0.810573 0.436123 0.801762 0.427313 0.797357 0.431718
0 0.779736 0.431718 0.775330 0.431718 0.770925 0.427313 0.762115 0.427313 0.757709 0.431718 0.753304 0.431718 0.744493 0.440529 0.740088 0.440529 0.731278 0.449339 0.735683 0.453745 0.740088 0.453745 0.744493 0.458150 0.753304 0.458150 0.757709 0.453745 0.762115 0.453745 0.770925 0.444934 0.770925 0.440529 0.775330 0.436123 0.779736 0.436123
0 0.528634 0.436123 0.528634 0.440529 0.537445 0.449339 0.541850 0.449339 0.555066 0.462555 0.563877 0.462555 0.568282 0.466960 0.572687 0.466960 0.577093 0.471366 0.581498 0.471366 0.599119 0.488987 0.607930 0.488987 0.612335 0.493392 0.616740 0.488987 0.629956 0.488987 0.634361 0.484582 0.634361 0.480176 0.629956 0.475771 0.625551 0.475771 0.621145 0.471366 0.612335 0.471366 0.607930 0.466960 0.603524 0.466960 0.594714 0.458150 0.581498 0.458150 0.577093 0.453745 0.572687 0.453745 0.563877 0.444934 0.563877 0.440529 0.555066 0.431718 0.550661 0.431718 0.546256 0.427313 0.537445 0.427313
0 0.145374 0.422908 0.145374 0.427313 0.149780 0.431718 0.154185 0.431718 0.158590 0.436123 0.162996 0.436123 0.167401 0.440529 0.171806 0.440529 0.176211 0.444934 0.180617 0.444934 0.189427 0.453745 0.193833 0.453745 0.198238 0.458150 0.202643 0.453745 0.202643 0.444934 0.198238 0.440529 0.198238 0.436123 0.193833 0.431718 0.189427 0.431718 0.185022 0.427313 0.180617 0.431718 0.171806 0.431718 0.167401 0.427313 0.162996 0.427313 0.158590 0.422908 0.154185 0.422908 0.149780 0.418502
0 0.973568 0.414097 0.964758 0.405286 0.960352 0.405286 0.955947 0.400881 0.951542 0.405286 0.938326 0.405286 0.933921 0.409692 0.933921 0.418502 0.929515 0.422908 0.929515 0.427313 0.933921 0.431718 0.942731 0.431718 0.947137 0.427313 0.955947 0.427313 0.960352 0.422908 0.969163 0.422908 0.973568 0.418502
0 0.092511 0.387665 0.088106 0.392070 0.088106 0.400881 0.101322 0.414097 0.114537 0.414097 0.118943 0.409692 0.118943 0.400881 0.114537 0.396476 0.114537 0.392070 0.110132 0.387665
0 0.334802 0.374449 0.330396 0.378855 0.330396 0.383260 0.339207 0.392070 0.339207 0.400881 0.334802 0.405286 0.334802 0.422908 0.348018 0.436123 0.356828 0.436123 0.361233 0.440529 0.365639 0.440529 0.370044 0.436123 0.374449 0.440529 0.378855 0.436123 0.383260 0.436123 0.387665 0.431718 0.387665 0.427313 0.396476 0.418502 0.396476 0.414097 0.392070 0.409692 0.387665 0.409692 0.383260 0.414097 0.378855 0.409692 0.374449 0.409692 0.365639 0.400881 0.361233 0.400881 0.356828 0.396476 0.352423 0.400881 0.348018 0.396476 0.343612 0.396476 0.339207 0.392070 0.339207 0.383260 0.343612 0.378855 0.339207 0.374449
0 0.555066 0.356828 0.550661 0.361233 0.550661 0.370044 0.546256 0.374449 0.546256 0.378855 0.541850 0.383260 0.546256 0.383260 0.550661 0.387665 0.555066 0.387665 0.559471 0.392070 0.563877 0.392070 0.568282 0.387665 0.572687 0.387665 0.577093 0.383260 0.577093 0.374449 0.568282 0.365639 0.563877 0.365639
0 0.189427 0.356828 0.185022 0.356828 0.180617 0.361233 0.176211 0.361233 0.171806 0.365639 0.171806 0.370044 0.167401 0.374449 0.167401 0.378855 0.162996 0.383260 0.176211 0.396476 0.180617 0.396476 0.185022 0.392070 0.185022 0.387665 0.189427 0.383260 0.189427 0.378855 0.193833 0.374449 0.193833 0.361233
0 0.277533 0.348018 0.273128 0.352423 0.273128 0.356828 0.268722 0.361233 0.268722 0.370044 0.264317 0.374449 0.264317 0.378855 0.259912 0.383260 0.259912 0.400881 0.264317 0.405286 0.268722 0.400881 0.268722 0.396476 0.277533 0.387665 0.281938 0.387665 0.286344 0.383260 0.286344 0.378855 0.295154 0.370044 0.295154 0.361233 0.286344 0.352423 0.281938 0.352423
0 0.841410 0.343612 0.845815 0.348018 0.850220 0.348018 0.854626 0.352423 0.859031 0.352423 0.894273 0.387665 0.898678 0.387665 0.903084 0.383260 0.867841 0.348018 0.863436 0.348018 0.859031 0.343612 0.854626 0.343612 0.850220 0.339207 0.845815 0.339207
0 0.449339 0.339207 0.440529 0.348018 0.440529 0.361233 0.436123 0.365639 0.431718 0.365639 0.427313 0.370044 0.427313 0.378855 0.409692 0.396476 0.409692 0.400881 0.414097 0.405286 0.418502 0.405286 0.427313 0.414097 0.427313 0.422908 0.431718 0.427313 0.444934 0.427313 0.453745 0.418502 0.440529 0.405286 0.440529 0.400881 0.436123 0.396476 0.436123 0.383260 0.440529 0.378855 0.440529 0.374449 0.444934 0.370044 0.444934 0.361233 0.449339 0.356828 0.449339 0.352423 0.453745 0.348018 0.453745 0.343612
0 0.022026 0.325991 0.017621 0.330396 0.017621 0.339207 0.013216 0.343612 0.017621 0.348018 0.017621 0.361233 0.022026 0.365639 0.022026 0.378855 0.017621 0.383260 0.017621 0.392070 0.013216 0.396476 0.017621 0.400881 0.035242 0.400881 0.044053 0.392070 0.044053 0.378855 0.039648 0.374449 0.039648 0.352423 0.035242 0.348018 0.035242 0.330396 0.030837 0.325991
0 0.634361 0.317181 0.625551 0.325991 0.625551 0.330396 0.621145 0.334802 0.616740 0.334802 0.621145 0.339207 0.625551 0.339207 0.638767 0.352423 0.643172 0.352423 0.647577 0.356828 0.647577 0.365639 0.651982 0.370044 0.656388 0.365639 0.651982 0.361233 0.651982 0.343612 0.656388 0.339207 0.656388 0.334802 0.647577 0.325991 0.643172 0.325991
0 0.766520 0.299559 0.762115 0.299559 0.757709 0.303965 0.744493 0.303965 0.740088 0.299559 0.735683 0.299559 0.731278 0.303965 0.731278 0.317181 0.713656 0.334802 0.713656 0.339207 0.709251 0.343612 0.709251 0.348018 0.696035 0.361233 0.696035 0.370044 0.700441 0.374449 0.700441 0.392070 0.696035 0.396476 0.696035 0.427313 0.700441 0.431718 0.709251 0.422908 0.709251 0.418502 0.718062 0.409692 0.718062 0.396476 0.709251 0.387665 0.709251 0.370044 0.713656 0.365639 0.713656 0.361233 0.731278 0.343612 0.731278 0.339207 0.735683 0.334802 0.735683 0.317181 0.740088 0.312775 0.744493 0.312775 0.748899 0.308370 0.753304 0.308370 0.757709 0.312775 0.762115 0.312775 0.766520 0.317181 0.770925 0.317181 0.775330 0.312775 0.775330 0.308370
0 0.057269 0.295154 0.061674 0.299559 0.061674 0.312775 0.066079 0.317181 0.070485 0.317181 0.074890 0.321586 0.079295 0.321586 0.083700 0.325991 0.083700 0.343612 0.088106 0.348018 0.092511 0.343612 0.096916 0.343612 0.101322 0.339207 0.105727 0.339207 0.110132 0.334802 0.123348 0.334802 0.132159 0.325991 0.132159 0.312775 0.140969 0.303965 0.140969 0.299559 0.136564 0.295154 0.127753 0.303965 0.127753 0.308370 0.123348 0.312775 0.118943 0.312775 0.114537 0.317181 0.092511 0.317181 0.088106 0.312775 0.083700 0.312775 0.070485 0.299559 0.070485 0.295154 0.066079 0.290749 0.061674 0.290749
0 0.806167 0.286344 0.801762 0.290749 0.810573 0.299559 0.810573 0.303965 0.823789 0.317181 0.828194 0.317181 0.837004 0.325991 0.841410 0.325991 0.845815 0.321586 0.845815 0.312775 0.823789 0.290749 0.819383 0.290749 0.814978 0.286344
0 0.872247 0.281938 0.867841 0.286344 0.867841 0.290749 0.876652 0.299559 0.881057 0.299559 0.885463 0.303965 0.885463 0.308370 0.889868 0.312775 0.894273 0.312775 0.898678 0.308370 0.898678 0.299559 0.881057 0.281938
0 0.202643 0.255507 0.207048 0.259912 0.207048 0.264317 0.211454 0.268722 0.211454 0.290749 0.215859 0.295154 0.224670 0.295154 0.229075 0.290749 0.233480 0.290749 0.237885 0.295154 0.242291 0.295154 0.246696 0.299559 0.255507 0.299559 0.259912 0.303965 0.264317 0.299559 0.268722 0.303965 0.281938 0.303965 0.290749 0.295154 0.277533 0.281938 0.273128 0.286344 0.268722 0.281938 0.264317 0.286344 0.259912 0.286344 0.255507 0.290749 0.246696 0.290749 0.242291 0.295154 0.237885 0.295154 0.233480 0.290749 0.229075 0.290749 0.224670 0.286344 0.224670 0.268722 0.233480 0.259912 0.233480 0.251101 0.224670 0.242291 0.220264 0.242291 0.215859 0.246696 0.211454 0.246696
0 0.660793 0.233480 0.656388 0.237885 0.656388 0.251101 0.651982 0.255507 0.651982 0.264317 0.678414 0.290749 0.682819 0.290749 0.691630 0.281938 0.687225 0.277533 0.687225 0.273128 0.682819 0.268722 0.682819 0.264317 0.674009 0.255507 0.674009 0.251101 0.669604 0.246696 0.669604 0.237885 0.665198 0.233480
0 0.400881 0.215859 0.392070 0.215859 0.374449 0.233480 0.374449 0.237885 0.365639 0.246696 0.374449 0.255507 0.383260 0.246696 0.387665 0.246696 0.392070 0.242291 0.396476 0.242291 0.400881 0.237885 0.400881 0.233480 0.405286 0.229075 0.405286 0.220264
0 0.854626 0.207048 0.850220 0.207048 0.841410 0.215859 0.841410 0.255507 0.845815 0.259912 0.850220 0.255507 0.850220 0.251101 0.854626 0.246696 0.859031 0.246696 0.863436 0.242291 0.863436 0.215859
0 0.035242 0.229075 0.039648 0.229075 0.044053 0.233480 0.066079 0.233480 0.070485 0.237885 0.088106 0.237885 0.092511 0.233480 0.096916 0.237885 0.101322 0.237885 0.105727 0.242291 0.114537 0.233480 0.118943 0.233480 0.123348 0.229075 0.127753 0.229075 0.132159 0.224670 0.136564 0.224670 0.140969 0.229075 0.145374 0.229075 0.154185 0.220264 0.149780 0.215859 0.132159 0.215859 0.127753 0.211454 0.123348 0.215859 0.123348 0.220264 0.114537 0.229075 0.110132 0.229075 0.105727 0.233480 0.101322 0.233480 0.096916 0.229075 0.092511 0.229075 0.074890 0.211454 0.070485 0.211454 0.066079 0.207048 0.061674 0.207048 0.057269 0.211454 0.048458 0.211454 0.035242 0.224670
0 0.585903 0.198238 0.577093 0.189427 0.563877 0.189427 0.559471 0.193833 0.555066 0.193833 0.550661 0.198238 0.546256 0.198238 0.541850 0.202643 0.528634 0.202643 0.515419 0.215859 0.511013 0.215859 0.502203 0.224670 0.502203 0.242291 0.506608 0.246696 0.511013 0.246696 0.515419 0.242291 0.515419 0.237885 0.533040 0.220264 0.537445 0.220264 0.541850 0.215859 0.546256 0.215859 0.550661 0.211454 0.572687 0.211454
0 0.237885 0.193833 0.237885 0.202643 0.242291 0.207048 0.281938 0.207048 0.286344 0.202643 0.290749 0.202643 0.295154 0.198238 0.295154 0.193833 0.290749 0.193833 0.286344 0.189427 0.281938 0.189427 0.277533 0.185022 0.273128 0.185022 0.268722 0.189427 0.259912 0.189427 0.255507 0.185022 0.251101 0.185022 0.246696 0.189427 0.242291 0.189427
0 0.312775 0.180617 0.312775 0.185022 0.317181 0.189427 0.321586 0.189427 0.325991 0.193833 0.330396 0.193833 0.334802 0.198238 0.339207 0.198238 0.343612 0.202643 0.348018 0.202643 0.356828 0.193833 0.348018 0.185022 0.343612 0.185022 0.334802 0.176211 0.330396 0.176211 0.325991 0.171806 0.321586 0.171806
0 0.700441 0.145374 0.696035 0.149780 0.696035 0.154185 0.687225 0.162996 0.691630 0.167401 0.691630 0.171806 0.696035 0.176211 0.696035 0.193833 0.691630 0.198238 0.687225 0.198238 0.682819 0.202643 0.678414 0.202643 0.678414 0.207048 0.682819 0.207048 0.687225 0.211454 0.691630 0.207048 0.696035 0.207048 0.718062 0.185022 0.722467 0.185022 0.726872 0.180617 0.726872 0.176211 0.722467 0.171806 0.718062 0.171806 0.709251 0.162996 0.709251 0.154185
0 0.607930 0.132159 0.603524 0.136564 0.603524 0.140969 0.607930 0.145374 0.607930 0.149780 0.621145 0.162996 0.621145 0.167401 0.629956 0.176211 0.629956 0.180617 0.634361 0.185022 0.634361 0.198238 0.629956 0.202643 0.629956 0.211454 0.634361 0.215859 0.647577 0.215859 0.651982 0.211454 0.660793 0.211454 0.665198 0.207048 0.669604 0.207048 0.669604 0.202643 0.665198 0.202643 0.656388 0.193833 0.651982 0.193833 0.647577 0.189427 0.643172 0.189427 0.638767 0.185022 0.638767 0.176211 0.643172 0.171806 0.634361 0.162996 0.634361 0.158590 0.629956 0.154185 0.629956 0.149780 0.625551 0.145374 0.625551 0.140969 0.616740 0.132159
0 0.317181 0.136564 0.312775 0.132159 0.308370 0.132159 0.303965 0.136564 0.290749 0.136564 0.281938 0.145374 0.281938 0.149780 0.286344 0.154185 0.303965 0.154185 0.317181 0.140969
0 0.797357 0.118943 0.792952 0.123348 0.788546 0.123348 0.784141 0.127753 0.757709 0.127753 0.748899 0.136564 0.748899 0.154185 0.753304 0.158590 0.753304 0.167401 0.748899 0.171806 0.753304 0.176211 0.757709 0.171806 0.757709 0.158590 0.766520 0.149780 0.770925 0.149780 0.775330 0.145374 0.775330 0.140969 0.779736 0.136564 0.784141 0.136564 0.788546 0.132159 0.792952 0.132159 0.801762 0.123348
0 0.546256 0.110132 0.546256 0.114537 0.555066 0.123348 0.555066 0.127753 0.559471 0.132159 0.577093 0.132159 0.581498 0.127753 0.577093 0.123348 0.577093 0.118943 0.572687 0.114537 0.568282 0.114537 0.563877 0.110132 0.559471 0.110132 0.555066 0.105727 0.550661 0.105727
0 0.396476 0.096916 0.392070 0.101322 0.392070 0.105727 0.396476 0.110132 0.400881 0.110132 0.418502 0.127753 0.422908 0.127753 0.427313 0.132159 0.427313 0.136564 0.431718 0.140969 0.436123 0.136564 0.436123 0.132159 0.431718 0.127753 0.427313 0.127753 0.422908 0.123348 0.422908 0.110132 0.418502 0.105727 0.418502 0.101322 0.414097 0.096916
0 0.215859 0.088106 0.215859 0.092511 0.220264 0.096916 0.224670 0.096916 0.233480 0.105727 0.237885 0.101322 0.255507 0.101322 0.259912 0.096916 0.264317 0.096916 0.268722 0.092511 0.268722 0.083700 0.264317 0.079295 0.229075 0.079295 0.224670 0.083700 0.220264 0.083700
0 0.074890 0.066079 0.066079 0.074890 0.083700 0.092511 0.083700 0.096916 0.092511 0.105727 0.092511 0.123348 0.096916 0.127753 0.096916 0.136564 0.092511 0.140969 0.088106 0.140969 0.083700 0.145374 0.079295 0.140969 0.074890 0.140969 0.066079 0.132159 0.061674 0.132159 0.057269 0.127753 0.048458 0.127753 0.044053 0.132159 0.039648 0.132159 0.035242 0.136564 0.022026 0.136564 0.017621 0.132159 0.008811 0.132159 0.004405 0.127753 0.000000 0.127753 0.000000 0.145374 0.004405 0.145374 0.008811 0.149780 0.013216 0.149780 0.022026 0.158590 0.026432 0.154185 0.035242 0.154185 0.039648 0.149780 0.044053 0.154185 0.061674 0.154185 0.066079 0.149780 0.079295 0.149780 0.083700 0.154185 0.088106 0.154185 0.092511 0.158590 0.092511 0.171806 0.096916 0.176211 0.096916 0.180617 0.101322 0.185022 0.101322 0.189427 0.105727 0.193833 0.110132 0.189427 0.118943 0.189427 0.123348 0.185022 0.118943 0.180617 0.114537 0.180617 0.110132 0.176211 0.110132 0.171806 0.105727 0.167401 0.101322 0.167401 0.092511 0.158590 0.092511 0.140969 0.096916 0.136564 0.101322 0.136564 0.105727 0.132159 0.110132 0.132159 0.114537 0.127753 0.114537 0.118943 0.110132 0.114537 0.110132 0.110132 0.105727 0.105727 0.105727 0.083700 0.096916 0.074890 0.092511 0.074890 0.088106 0.070485 0.079295 0.070485
0 0.348018 0.061674 0.343612 0.066079 0.339207 0.066079 0.334802 0.070485 0.334802 0.088106 0.339207 0.092511 0.339207 0.101322 0.343612 0.105727 0.352423 0.105727 0.361233 0.096916 0.361233 0.088106 0.356828 0.083700 0.356828 0.074890 0.352423 0.070485 0.352423 0.066079
0 0.519824 0.030837 0.524229 0.035242 0.524229 0.039648 0.533040 0.048458 0.541850 0.048458 0.546256 0.052863 0.550661 0.052863 0.559471 0.061674 0.563877 0.061674 0.577093 0.074890 0.581498 0.074890 0.585903 0.079295 0.585903 0.083700 0.590308 0.088106 0.594714 0.083700 0.585903 0.074890 0.585903 0.061674 0.577093 0.052863 0.568282 0.052863 0.563877 0.048458 0.559471 0.048458 0.533040 0.022026 0.528634 0.022026
0 0.691630 0.017621 0.687225 0.022026 0.687225 0.052863 0.691630 0.057269 0.691630 0.070485 0.696035 0.074890 0.700441 0.074890 0.704846 0.079295 0.709251 0.079295 0.713656 0.074890 0.709251 0.070485 0.704846 0.070485 0.700441 0.066079 0.700441 0.048458 0.704846 0.044053 0.704846 0.039648 0.700441 0.035242 0.700441 0.026432
0 0.193833 0.030837 0.189427 0.026432 0.185022 0.026432 0.180617 0.022026 0.176211 0.022026 0.171806 0.017621 0.167401 0.017621 0.162996 0.013216 0.158590 0.017621 0.158590 0.044053 0.154185 0.048458 0.149780 0.048458 0.145374 0.052863 0.140969 0.052863 0.136564 0.048458 0.132159 0.052863 0.132159 0.057269 0.136564 0.061674 0.140969 0.061674 0.145374 0.057269 0.145374 0.052863 0.149780 0.048458 0.154185 0.048458 0.158590 0.044053 0.162996 0.048458 0.167401 0.044053 0.180617 0.044053
0 0.259912 0.008811 0.251101 0.017621 0.251101 0.026432 0.255507 0.030837 0.259912 0.030837 0.273128 0.044053 0.277533 0.044053 0.281938 0.048458 0.281938 0.057269 0.295154 0.070485 0.299559 0.066079 0.299559 0.061674 0.295154 0.057269 0.290749 0.057269 0.286344 0.052863 0.286344 0.044053 0.290749 0.039648 0.290749 0.035242 0.295154 0.030837 0.295154 0.026432 0.286344 0.017621 0.277533 0.017621 0.273128 0.013216 0.268722 0.013216 0.264317 0.008811
0 0.876652 0.000000 0.876652 0.013216 0.863436 0.026432 0.863436 0.030837 0.859031 0.035242 0.863436 0.039648 0.863436 0.048458 0.872247 0.057269 0.876652 0.057269 0.881057 0.061674 0.881057 0.074890 0.889868 0.083700 0.889868 0.092511 0.894273 0.096916 0.894273 0.114537 0.889868 0.118943 0.894273 0.123348 0.894273 0.136564 0.898678 0.140969 0.903084 0.140969 0.907489 0.136564 0.907489 0.132159 0.911894 0.127753 0.911894 0.123348 0.907489 0.118943 0.907489 0.101322 0.916300 0.092511 0.916300 0.079295 0.911894 0.074890 0.903084 0.074890 0.898678 0.070485 0.894273 0.070485 0.885463 0.061674 0.885463 0.030837 0.889868 0.026432 0.889868 0.004405 0.894273 0.000000
0 0.814978 0.000000 0.797357 0.000000 0.797357 0.004405 0.788546 0.013216 0.788546 0.022026 0.784141 0.026432 0.792952 0.035242 0.797357 0.035242 0.801762 0.030837 0.806167 0.035242 0.810573 0.030837 0.810573 0.022026 0.814978 0.017621
