0 0.374449 0.955947 0.370044 0.951542 0.365639 0.955947 0.361233 0.955947 0.356828 0.951542 0.352423 0.951542 0.348018 0.947137 0.334802 0.947137 0.325991 0.955947 0.321586 0.955947 0.317181 0.960352 0.312775 0.960352 0.286344 0.986784 0.286344 0.995595 0.330396 0.995595 0.330396 0.986784 0.321586 0.977974 0.321586 0.969163 0.325991 0.964758 0.330396 0.964758 0.334802 0.960352 0.339207 0.960352 0.343612 0.955947 0.348018 0.955947 0.352423 0.951542 0.356828 0.951542 0.361233 0.955947 0.365639 0.955947 0.370044 0.960352
0 0.625551 0.938326 0.621145 0.942731 0.621145 0.969163 0.629956 0.977974 0.638767 0.969163 0.638767 0.947137 0.629956 0.938326
0 0.396476 0.942731 0.396476 0.951542 0.405286 0.960352 0.409692 0.960352 0.414097 0.955947 0.418502 0.960352 0.422908 0.960352 0.427313 0.964758 0.444934 0.964758 0.449339 0.969163 0.453745 0.969163 0.462555 0.977974 0.466960 0.977974 0.471366 0.982379 0.471366 0.995595 0.488987 0.995595 0.475771 0.982379 0.475771 0.973568 0.480176 0.969163 0.475771 0.964758 0.466960 0.964758 0.462555 0.960352 0.458150 0.960352 0.453745 0.955947 0.453745 0.947137 0.444934 0.938326 0.431718 0.951542 0.427313 0.951542 0.422908 0.955947 0.418502 0.951542 0.414097 0.951542 0.409692 0.947137 0.409692 0.942731 0.405286 0.938326 0.400881 0.938326
0 0.920705 0.925110 0.916300 0.929515 0.916300 0.951542 0.911894 0.955947 0.911894 0.960352 0.903084 0.969163 0.898678 0.969163 0.894273 0.973568 0.898678 0.977974 0.898678 0.991189 0.894273 0.995595 0.911894 0.995595 0.907489 0.991189 0.907489 0.977974 0.911894 0.973568 0.916300 0.973568 0.920705 0.969163 0.925110 0.969163 0.933921 0.960352 0.933921 0.942731 0.925110 0.933921 0.925110 0.929515
0 0.828194 0.907489 0.823789 0.907489 0.819383 0.911894 0.819383 0.920705 0.806167 0.933921 0.806167 0.938326 0.814978 0.947137 0.819383 0.947137 0.828194 0.938326 0.828194 0.933921 0.832599 0.929515 0.832599 0.925110 0.837004 0.920705 0.837004 0.916300
0 0.731278 0.889868 0.722467 0.898678 0.722467 0.903084 0.713656 0.911894 0.713656 0.929515 0.718062 0.933921 0.718062 0.938326 0.722467 0.942731 0.731278 0.933921 0.726872 0.929515 0.726872 0.911894 0.731278 0.907489 0.731278 0.903084 0.735683 0.898678 0.735683 0.894273
0 0.929515 0.859031 0.916300 0.872247 0.925110 0.881057 0.925110 0.885463 0.929515 0.889868 0.929515 0.894273 0.933921 0.898678 0.938326 0.894273 0.942731 0.894273 0.947137 0.889868 0.947137 0.885463 0.951542 0.881057 0.947137 0.876652 0.947137 0.867841 0.942731 0.863436 0.938326 0.863436 0.933921 0.859031
0 0.449339 0.845815 0.444934 0.850220 0.471366 0.876652 0.475771 0.876652 0.493392 0.894273 0.493392 0.903084 0.497797 0.907489 0.497797 0.929515 0.502203 0.933921 0.506608 0.933921 0.511013 0.929515 0.506608 0.925110 0.506608 0.907489 0.511013 0.903084 0.511013 0.885463 0.506608 0.881057 0.502203 0.881057 0.493392 0.872247 0.488987 0.872247 0.471366 0.854626 0.466960 0.854626 0.462555 0.850220 0.458150 0.850220 0.453745 0.845815
0 0.682819 0.845815 0.678414 0.841410 0.669604 0.841410 0.665198 0.845815 0.660793 0.845815 0.656388 0.850220 0.651982 0.850220 0.647577 0.845815 0.638767 0.845815 0.634361 0.850220 0.629956 0.845815 0.625551 0.850220 0.629956 0.854626 0.629956 0.863436 0.634361 0.867841 0.638767 0.867841 0.643172 0.863436 0.647577 0.863436 0.651982 0.859031 0.665198 0.859031 0.669604 0.863436 0.674009 0.863436 0.682819 0.854626
0 0.061674 0.837004 0.057269 0.841410 0.048458 0.841410 0.044053 0.845815 0.044053 0.854626 0.039648 0.859031 0.044053 0.863436 0.044053 0.872247 0.052863 0.885463 0.052863 0.898678 0.039648 0.907489 0.035242 0.907489 0.030837 0.903084 0.026432 0.903084 0.022026 0.898678 0.017621 0.898678 0.013216 0.903084 0.013216 0.920705 0.000000 0.929515 0.000000 0.951542 0.017621 0.951542 0.030837 0.960352 0.030837 0.969163 0.022026 0.982379 0.030837 0.991189 0.030837 0.995595 0.061674 0.995595 0.061674 0.991189 0.070485 0.982379 0.070485 0.977974 0.074890 0.973568 0.074890 0.969163 0.079295 0.964758 0.079295 0.960352 0.088106 0.951542 0.088106 0.947137 0.096916 0.938326 0.092511 0.933921 0.092511 0.925110 0.101322 0.916300 0.105727 0.916300 0.110132 0.911894 0.114537 0.911894 0.127753 0.920705 0.136564 0.911894 0.132159 0.907489 0.127753 0.911894 0.114537 0.903084 0.114537 0.889868 0.127753 0.876652 0.127753 0.872247 0.123348 0.867841 0.105727 0.885463 0.105727 0.889868 0.096916 0.903084 0.092511 0.903084 0.088106 0.907489 0.083700 0.903084 0.079295 0.903084 0.070485 0.894273 0.070485 0.885463 0.079295 0.876652 0.079295 0.867841 0.083700 0.863436 0.079295 0.859031 0.079295 0.850220 0.070485 0.841410 0.066079 0.841410
0 0.550661 0.788546 0.541850 0.797357 0.541850 0.806167 0.546256 0.810573 0.546256 0.814978 0.555066 0.823789 0.555066 0.837004 0.559471 0.841410 0.559471 0.854626 0.563877 0.859031 0.568282 0.859031 0.572687 0.863436 0.577093 0.863436 0.581498 0.867841 0.581498 0.876652 0.599119 0.894273 0.599119 0.903084 0.607930 0.911894 0.612335 0.911894 0.616740 0.907489 0.612335 0.903084 0.612335 0.894273 0.607930 0.889868 0.603524 0.889868 0.599119 0.885463 0.599119 0.881057 0.594714 0.876652 0.594714 0.867841 0.590308 0.863436 0.585903 0.863436 0.581498 0.859031 0.581498 0.854626 0.577093 0.850220 0.577093 0.845815 0.572687 0.841410 0.572687 0.837004 0.568282 0.832599 0.568282 0.823789 0.563877 0.819383 0.563877 0.814978 0.559471 0.810573 0.559471 0.806167 0.555066 0.801762 0.555066 0.792952
0 0.744493 0.779736 0.735683 0.788546 0.735683 0.801762 0.740088 0.806167 0.740088 0.841410 0.753304 0.854626 0.753304 0.885463 0.757709 0.889868 0.770925 0.876652 0.770925 0.872247 0.775330 0.867841 0.770925 0.863436 0.770925 0.859031 0.766520 0.854626 0.762115 0.854626 0.757709 0.850220 0.757709 0.810573 0.748899 0.801762 0.748899 0.784141
0 0.497797 0.779736 0.488987 0.788546 0.488987 0.792952 0.484582 0.797357 0.484582 0.819383 0.480176 0.823789 0.480176 0.828194 0.488987 0.837004 0.493392 0.832599 0.493392 0.819383 0.497797 0.814978 0.497797 0.806167 0.502203 0.801762 0.502203 0.792952 0.506608 0.788546
0 0.079295 0.779736 0.074890 0.779736 0.061674 0.792952 0.061674 0.797357 0.052863 0.806167 0.052863 0.810573 0.057269 0.814978 0.066079 0.814978 0.083700 0.797357 0.083700 0.784141
0 0.810573 0.766520 0.801762 0.775330 0.814978 0.788546 0.814978 0.797357 0.819383 0.801762 0.823789 0.801762 0.832599 0.810573 0.832599 0.819383 0.828194 0.823789 0.823789 0.823789 0.810573 0.837004 0.819383 0.845815 0.828194 0.845815 0.850220 0.823789 0.854626 0.823789 0.863436 0.814978 0.859031 0.810573 0.850220 0.810573 0.845815 0.814978 0.841410 0.810573 0.837004 0.810573 0.832599 0.806167 0.832599 0.797357 0.828194 0.792952 0.828194 0.770925 0.823789 0.766520
0 0.669604 0.762115 0.656388 0.775330 0.651982 0.775330 0.647577 0.779736 0.647577 0.784141 0.651982 0.788546 0.656388 0.788546 0.665198 0.797357 0.674009 0.788546 0.674009 0.775330 0.678414 0.770925
0 0.035242 0.740088 0.026432 0.740088 0.022026 0.744493 0.022026 0.770925 0.030837 0.779736 0.039648 0.770925 0.039648 0.744493
0 0.647577 0.722467 0.643172 0.718062 0.638767 0.718062 0.634361 0.722467 0.625551 0.722467 0.621145 0.718062 0.616740 0.722467 0.607930 0.722467 0.599119 0.731278 0.594714 0.731278 0.590308 0.735683 0.585903 0.735683 0.581498 0.731278 0.577093 0.731278 0.563877 0.744493 0.563877 0.748899 0.559471 0.753304 0.559471 0.757709 0.563877 0.762115 0.568282 0.762115 0.585903 0.744493 0.590308 0.744493 0.594714 0.740088 0.599119 0.740088 0.603524 0.744493 0.607930 0.744493 0.616740 0.753304 0.616740 0.757709 0.625551 0.766520 0.629956 0.762115 0.629956 0.757709 0.625551 0.753304 0.625551 0.740088 0.638767 0.726872 0.643172 0.726872
0 0.180617 0.704846 0.180617 0.718062 0.185022 0.722467 0.207048 0.722467 0.215859 0.713656 0.215859 0.704846 0.211454 0.700441 0.207048 0.700441 0.202643 0.696035 0.198238 0.700441 0.193833 0.696035 0.189427 0.700441 0.185022 0.700441
0 0.942731 0.665198 0.938326 0.665198 0.933921 0.669604 0.933921 0.682819 0.929515 0.687225 0.929515 0.709251 0.925110 0.713656 0.920705 0.713656 0.911894 0.722467 0.907489 0.722467 0.903084 0.726872 0.894273 0.726872 0.881057 0.740088 0.876652 0.740088 0.872247 0.744493 0.872247 0.748899 0.867841 0.753304 0.867841 0.757709 0.872247 0.762115 0.872247 0.770925 0.876652 0.775330 0.881057 0.775330 0.889868 0.766520 0.889868 0.757709 0.894273 0.753304 0.894273 0.748899 0.916300 0.726872 0.920705 0.726872 0.925110 0.722467 0.929515 0.722467 0.933921 0.718062 0.938326 0.718062 0.942731 0.713656 0.942731 0.709251 0.947137 0.704846 0.947137 0.669604
0 0.088106 0.634361 0.083700 0.638767 0.083700 0.643172 0.079295 0.647577 0.079295 0.656388 0.083700 0.660793 0.083700 0.682819 0.079295 0.687225 0.079295 0.691630 0.074890 0.696035 0.079295 0.700441 0.079295 0.704846 0.083700 0.709251 0.083700 0.718062 0.088106 0.722467 0.092511 0.722467 0.101322 0.713656 0.101322 0.709251 0.105727 0.704846 0.092511 0.691630 0.092511 0.678414 0.096916 0.674009 0.096916 0.669604 0.088106 0.660793 0.088106 0.643172 0.092511 0.638767
0 0.735683 0.629956 0.722467 0.643172 0.722467 0.674009 0.726872 0.678414 0.735683 0.678414 0.740088 0.674009 0.740088 0.660793 0.744493 0.656388 0.744493 0.638767
0 0.929515 0.607930 0.920705 0.616740 0.916300 0.616740 0.920705 0.616740 0.925110 0.621145 0.925110 0.629956 0.929515 0.634361 0.929515 0.643172 0.933921 0.647577 0.942731 0.638767 0.942731 0.625551 0.947137 0.621145 0.947137 0.616740 0.942731 0.612335 0.938326 0.612335 0.933921 0.607930
0 0.325991 0.581498 0.321586 0.585903 0.321586 0.594714 0.325991 0.599119 0.325991 0.603524 0.330396 0.607930 0.330396 0.629956 0.325991 0.634361 0.325991 0.647577 0.330396 0.651982 0.339207 0.643172 0.339207 0.634361 0.343612 0.629956 0.339207 0.625551 0.339207 0.607930 0.348018 0.599119 0.343612 0.599119 0.339207 0.594714 0.339207 0.590308 0.330396 0.581498
0 0.277533 0.581498 0.273128 0.585903 0.273128 0.590308 0.259912 0.603524 0.277533 0.621145 0.277533 0.629956 0.273128 0.634361 0.273128 0.660793 0.277533 0.665198 0.277533 0.669604 0.286344 0.678414 0.290749 0.678414 0.299559 0.669604 0.299559 0.665198 0.286344 0.651982 0.286344 0.629956 0.277533 0.621145 0.277533 0.603524 0.290749 0.590308 0.281938 0.581498
0 0.462555 0.528634 0.453745 0.537445 0.453745 0.559471 0.458150 0.563877 0.462555 0.563877 0.466960 0.568282 0.471366 0.563877 0.471366 0.546256 0.466960 0.541850 0.466960 0.533040
0 0.356828 0.506608 0.352423 0.506608 0.348018 0.511013 0.348018 0.515419 0.343612 0.519824 0.343612 0.524229 0.339207 0.528634 0.339207 0.550661 0.343612 0.555066 0.348018 0.550661 0.352423 0.550661 0.356828 0.546256 0.356828 0.533040 0.361233 0.528634 0.361233 0.511013
0 0.070485 0.506608 0.066079 0.511013 0.066079 0.515419 0.039648 0.541850 0.039648 0.550661 0.044053 0.555066 0.048458 0.555066 0.052863 0.559471 0.057269 0.559471 0.070485 0.572687 0.074890 0.572687 0.079295 0.568282 0.083700 0.572687 0.088106 0.568282 0.092511 0.568282 0.096916 0.563877 0.101322 0.568282 0.105727 0.568282 0.114537 0.577093 0.118943 0.572687 0.118943 0.568282 0.123348 0.563877 0.123348 0.559471 0.127753 0.555066 0.127753 0.546256 0.118943 0.537445 0.118943 0.524229 0.114537 0.519824 0.110132 0.524229 0.114537 0.528634 0.114537 0.550661 0.105727 0.559471 0.101322 0.559471 0.096916 0.563877 0.092511 0.563877 0.088106 0.559471 0.083700 0.563877 0.074890 0.563877 0.070485 0.559471 0.066079 0.559471 0.061674 0.555066 0.061674 0.537445 0.066079 0.533040 0.070485 0.533040 0.079295 0.524229 0.079295 0.515419
0 0.409692 0.502203 0.392070 0.519824 0.392070 0.528634 0.387665 0.533040 0.392070 0.537445 0.392070 0.541850 0.400881 0.550661 0.400881 0.559471 0.396476 0.563877 0.392070 0.563877 0.387665 0.568282 0.374449 0.568282 0.370044 0.572687 0.370044 0.590308 0.361233 0.599119 0.365639 0.599119 0.370044 0.603524 0.378855 0.603524 0.383260 0.599119 0.383260 0.594714 0.387665 0.590308 0.387665 0.581498 0.392070 0.577093 0.392070 0.572687 0.396476 0.568282 0.400881 0.568282 0.405286 0.563877 0.400881 0.559471 0.400881 0.546256 0.405286 0.541850 0.405286 0.537445 0.418502 0.524229 0.418502 0.511013
0 0.559471 0.484582 0.546256 0.497797 0.546256 0.502203 0.550661 0.506608 0.555066 0.506608 0.559471 0.511013 0.563877 0.511013 0.572687 0.502203 0.577093 0.502203 0.577093 0.497797 0.568282 0.488987 0.563877 0.488987
0 0.114537 0.458150 0.110132 0.462555 0.110132 0.488987 0.114537 0.493392 0.118943 0.493392 0.127753 0.484582 0.127753 0.471366 0.123348 0.466960 0.123348 0.462555 0.118943 0.458150
0 0.013216 0.466960 0.035242 0.488987 0.039648 0.484582 0.044053 0.484582 0.048458 0.480176 0.052863 0.484582 0.061674 0.484582 0.066079 0.488987 0.070485 0.488987 0.074890 0.484582 0.074890 0.475771 0.061674 0.462555 0.057269 0.466960 0.052863 0.466960 0.048458 0.471366 0.044053 0.466960 0.039648 0.466960 0.035242 0.462555 0.030837 0.462555 0.026432 0.458150 0.022026 0.458150
0 0.519824 0.449339 0.515419 0.449339 0.506608 0.440529 0.497797 0.440529 0.493392 0.444934 0.488987 0.444934 0.484582 0.449339 0.475771 0.449339 0.471366 0.453745 0.471366 0.462555 0.480176 0.471366 0.484582 0.471366 0.497797 0.458150 0.502203 0.458150 0.506608 0.453745 0.511013 0.453745 0.515419 0.449339
0 0.418502 0.378855 0.409692 0.387665 0.409692 0.396476 0.422908 0.409692 0.431718 0.409692 0.436123 0.405286 0.436123 0.400881 0.431718 0.396476 0.431718 0.387665 0.422908 0.378855
0 0.145374 0.352423 0.140969 0.352423 0.132159 0.361233 0.132159 0.378855 0.110132 0.400881 0.105727 0.400881 0.105727 0.405286 0.110132 0.405286 0.114537 0.409692 0.114537 0.427313 0.118943 0.431718 0.123348 0.431718 0.132159 0.422908 0.132159 0.400881 0.136564 0.396476 0.140969 0.396476 0.145374 0.392070 0.145374 0.387665 0.149780 0.383260 0.149780 0.361233 0.154185 0.356828 0.149780 0.356828
0 0.039648 0.339207 0.035242 0.339207 0.030837 0.343612 0.030837 0.348018 0.026432 0.352423 0.030837 0.356828 0.030837 0.370044 0.026432 0.374449 0.026432 0.378855 0.030837 0.383260 0.039648 0.383260 0.044053 0.378855 0.044053 0.370044 0.039648 0.365639 0.039648 0.356828 0.044053 0.352423 0.044053 0.343612
0 0.634361 0.330396 0.616740 0.330396 0.607930 0.339207 0.603524 0.339207 0.594714 0.348018 0.594714 0.361233 0.599119 0.365639 0.599119 0.378855 0.607930 0.387665 0.616740 0.378855 0.616740 0.374449 0.612335 0.370044 0.612335 0.356828 0.621145 0.348018 0.625551 0.348018 0.638767 0.334802
0 0.185022 0.317181 0.167401 0.330396 0.167401 0.339207 0.171806 0.343612 0.171806 0.352423 0.167401 0.356828 0.171806 0.356828 0.176211 0.361233 0.176211 0.370044 0.185022 0.383260 0.189427 0.383260 0.193833 0.378855 0.198238 0.383260 0.202643 0.378855 0.207048 0.378855 0.220264 0.387665 0.220264 0.396476 0.215859 0.400881 0.220264 0.405286 0.220264 0.414097 0.215859 0.418502 0.211454 0.418502 0.207048 0.422908 0.207048 0.427313 0.180617 0.449339 0.189427 0.458150 0.189427 0.471366 0.180617 0.480176 0.180617 0.488987 0.158590 0.506608 0.158590 0.519824 0.171806 0.541850 0.176211 0.541850 0.189427 0.533040 0.193833 0.533040 0.207048 0.541850 0.220264 0.537445 0.224670 0.541850 0.229075 0.541850 0.233480 0.546256 0.233480 0.555066 0.237885 0.559471 0.242291 0.559471 0.251101 0.550661 0.255507 0.537445 0.246696 0.528634 0.242291 0.528634 0.237885 0.533040 0.233480 0.528634 0.229075 0.528634 0.224670 0.524229 0.224670 0.515419 0.237885 0.506608 0.242291 0.511013 0.246696 0.511013 0.251101 0.506608 0.255507 0.511013 0.273128 0.497797 0.268722 0.493392 0.268722 0.488987 0.255507 0.480176 0.255507 0.466960 0.277533 0.453745 0.273128 0.449339 0.273128 0.440529 0.268722 0.436123 0.264317 0.436123 0.246696 0.449339 0.233480 0.440529 0.233480 0.436123 0.224670 0.422908 0.224670 0.414097 0.237885 0.400881 0.237885 0.378855 0.229075 0.365639 0.224670 0.370044 0.220264 0.370044 0.207048 0.361233 0.207048 0.348018 0.211454 0.343612 0.207048 0.343612 0.202643 0.339207 0.202643 0.330396
0 0.251101 0.308370 0.229075 0.330396 0.229075 0.339207 0.224670 0.343612 0.229075 0.343612 0.233480 0.348018 0.237885 0.348018 0.242291 0.343612 0.246696 0.343612 0.251101 0.339207 0.255507 0.339207 0.259912 0.334802 0.264317 0.339207 0.268722 0.339207 0.273128 0.343612 0.273128 0.356828 0.277533 0.361233 0.281938 0.361233 0.286344 0.356828 0.286344 0.348018 0.290749 0.343612 0.290749 0.339207 0.281938 0.330396 0.277533 0.334802 0.273128 0.334802 0.268722 0.330396 0.264317 0.330396 0.259912 0.325991 0.259912 0.317181
0 0.722467 0.308370 0.718062 0.303965 0.704846 0.303965 0.687225 0.321586 0.682819 0.321586 0.687225 0.321586 0.691630 0.325991 0.696035 0.325991 0.700441 0.330396 0.704846 0.330396 0.713656 0.321586 0.718062 0.321586 0.722467 0.317181
0 0.449339 0.277533 0.444934 0.281938 0.444934 0.290749 0.471366 0.317181 0.471366 0.330396 0.462555 0.339207 0.462555 0.348018 0.475771 0.361233 0.480176 0.356828 0.480176 0.325991 0.484582 0.321586 0.484582 0.317181 0.480176 0.312775 0.475771 0.312775 0.462555 0.299559 0.462555 0.290749
0 0.400881 0.268722 0.392070 0.277533 0.387665 0.277533 0.383260 0.281938 0.378855 0.281938 0.374449 0.277533 0.370044 0.281938 0.370044 0.286344 0.365639 0.290749 0.365639 0.299559 0.356828 0.308370 0.352423 0.308370 0.343612 0.317181 0.343612 0.321586 0.334802 0.330396 0.334802 0.334802 0.330396 0.339207 0.330396 0.343612 0.325991 0.348018 0.325991 0.352423 0.321586 0.356828 0.321586 0.361233 0.317181 0.365639 0.317181 0.378855 0.321586 0.383260 0.330396 0.383260 0.339207 0.374449 0.339207 0.356828 0.352423 0.343612 0.352423 0.334802 0.356828 0.330396 0.361233 0.330396 0.370044 0.321586 0.370044 0.317181 0.374449 0.312775 0.374449 0.303965 0.383260 0.295154 0.383260 0.281938 0.387665 0.277533 0.392070 0.277533 0.396476 0.273128 0.400881 0.277533 0.405286 0.273128
0 0.559471 0.268722 0.559471 0.281938 0.568282 0.290749 0.572687 0.290749 0.577093 0.286344 0.581498 0.286344 0.585903 0.281938 0.590308 0.286344 0.594714 0.286344 0.603524 0.295154 0.607930 0.290749 0.607930 0.273128 0.603524 0.268722 0.599119 0.268722 0.594714 0.273128 0.590308 0.273128 0.585903 0.268722 0.581498 0.268722 0.577093 0.264317 0.563877 0.264317
0 0.665198 0.229075 0.660793 0.233480 0.656388 0.233480 0.647577 0.242291 0.647577 0.251101 0.643172 0.255507 0.643172 0.259912 0.638767 0.264317 0.638767 0.268722 0.643172 0.273128 0.643172 0.281938 0.647577 0.286344 0.651982 0.281938 0.656388 0.281938 0.674009 0.264317 0.674009 0.259912 0.678414 0.255507 0.678414 0.246696 0.674009 0.242291 0.674009 0.237885
0 0.533040 0.229075 0.528634 0.233480 0.524229 0.233480 0.519824 0.237885 0.519824 0.251101 0.515419 0.255507 0.515419 0.268722 0.519824 0.273128 0.524229 0.273128 0.533040 0.264317 0.533040 0.259912 0.537445 0.255507 0.537445 0.233480
0 0.154185 0.215859 0.149780 0.220264 0.145374 0.215859 0.140969 0.220264 0.140969 0.233480 0.145374 0.237885 0.145374 0.242291 0.149780 0.246696 0.149780 0.273128 0.140969 0.281938 0.140969 0.290749 0.136564 0.295154 0.145374 0.303965 0.154185 0.295154 0.154185 0.290749 0.158590 0.286344 0.154185 0.281938 0.154185 0.273128 0.162996 0.264317 0.162996 0.224670
0 0.026432 0.202643 0.022026 0.207048 0.026432 0.211454 0.026432 0.215859 0.030837 0.220264 0.035242 0.220264 0.039648 0.224670 0.039648 0.251101 0.044053 0.255507 0.044053 0.264317 0.048458 0.268722 0.061674 0.255507 0.061674 0.242291 0.044053 0.224670 0.044053 0.220264
0 0.453745 0.198238 0.449339 0.202643 0.458150 0.211454 0.458150 0.215859 0.462555 0.220264 0.462555 0.237885 0.466960 0.242291 0.466960 0.251101 0.471366 0.255507 0.484582 0.255507 0.488987 0.251101 0.488987 0.242291 0.484582 0.237885 0.484582 0.229075 0.480176 0.224670 0.480176 0.220264 0.475771 0.215859 0.471366 0.215859 0.462555 0.207048 0.462555 0.202643 0.458150 0.198238
0 0.947137 0.193833 0.942731 0.198238 0.942731 0.211454 0.947137 0.215859 0.947137 0.224670 0.951542 0.229075 0.951542 0.237885 0.955947 0.242291 0.955947 0.255507 0.964758 0.264317 0.973568 0.255507 0.973568 0.251101 0.964758 0.242291 0.964758 0.229075 0.969163 0.224670 0.969163 0.220264 0.973568 0.215859 0.973568 0.211454 0.969163 0.207048 0.969163 0.202643 0.964758 0.198238 0.955947 0.198238 0.951542 0.193833
0 0.656388 0.162996 0.651982 0.158590 0.643172 0.167401 0.643172 0.185022 0.629956 0.198238 0.625551 0.198238 0.621145 0.202643 0.616740 0.198238 0.599119 0.198238 0.594714 0.202643 0.590308 0.202643 0.585903 0.207048 0.581498 0.207048 0.577093 0.211454 0.577093 0.220264 0.585903 0.229075 0.590308 0.229075 0.599119 0.220264 0.603524 0.220264 0.607930 0.215859 0.612335 0.215859 0.616740 0.211454 0.621145 0.211454 0.625551 0.207048 0.629956 0.207048 0.634361 0.202643 0.638767 0.202643 0.643172 0.207048 0.647577 0.207048 0.651982 0.211454 0.660793 0.211454 0.665198 0.207048 0.665198 0.202643 0.660793 0.198238 0.660793 0.189427 0.656388 0.185022
0 0.233480 0.145374 0.229075 0.145374 0.224670 0.149780 0.224670 0.154185 0.220264 0.158590 0.220264 0.167401 0.215859 0.171806 0.224670 0.180617 0.233480 0.180617 0.242291 0.171806 0.242291 0.162996 0.237885 0.158590 0.237885 0.149780
0 0.748899 0.114537 0.740088 0.123348 0.740088 0.127753 0.735683 0.132159 0.731278 0.132159 0.726872 0.136564 0.722467 0.132159 0.718062 0.132159 0.713656 0.127753 0.709251 0.127753 0.704846 0.123348 0.700441 0.123348 0.700441 0.127753 0.696035 0.132159 0.696035 0.145374 0.700441 0.149780 0.700441 0.158590 0.696035 0.162996 0.691630 0.162996 0.687225 0.167401 0.696035 0.176211 0.696035 0.189427 0.691630 0.193833 0.691630 0.198238 0.700441 0.207048 0.704846 0.202643 0.704846 0.198238 0.696035 0.189427 0.696035 0.176211 0.704846 0.167401 0.704846 0.158590 0.722467 0.140969 0.726872 0.140969 0.731278 0.136564 0.735683 0.136564 0.740088 0.140969 0.744493 0.136564 0.748899 0.136564 0.753304 0.132159 0.753304 0.118943
0 0.356828 0.110132 0.352423 0.110132 0.348018 0.114537 0.348018 0.132159 0.343612 0.136564 0.339207 0.136564 0.330396 0.145374 0.330396 0.158590 0.339207 0.167401 0.343612 0.167401 0.352423 0.158590 0.352423 0.145374 0.348018 0.140969 0.348018 0.127753 0.352423 0.123348 0.356828 0.123348 0.361233 0.118943 0.361233 0.114537
0 0.696035 0.105727 0.691630 0.101322 0.682819 0.101322 0.678414 0.105727 0.674009 0.105727 0.669604 0.101322 0.665198 0.105727 0.665198 0.118943 0.660793 0.123348 0.660793 0.127753 0.656388 0.132159 0.660793 0.136564 0.669604 0.127753 0.669604 0.123348 0.678414 0.114537 0.682819 0.114537 0.687225 0.110132 0.691630 0.114537 0.696035 0.114537
0 0.969163 0.088106 0.964758 0.088106 0.960352 0.092511 0.960352 0.101322 0.955947 0.105727 0.955947 0.114537 0.951542 0.118943 0.951542 0.127753 0.955947 0.132159 0.964758 0.132159 0.973568 0.123348 0.973568 0.092511
0 0.176211 0.079295 0.167401 0.079295 0.162996 0.083700 0.162996 0.101322 0.158590 0.105727 0.158590 0.114537 0.154185 0.118943 0.162996 0.127753 0.171806 0.118943 0.171806 0.110132 0.180617 0.101322 0.180617 0.096916 0.185022 0.092511 0.180617 0.088106 0.180617 0.083700
0 0.418502 0.079295 0.418502 0.096916 0.422908 0.101322 0.427313 0.101322 0.431718 0.096916 0.436123 0.096916 0.440529 0.092511 0.444934 0.096916 0.449339 0.096916 0.453745 0.101322 0.453745 0.110132 0.458150 0.114537 0.462555 0.114537 0.466960 0.110132 0.466960 0.105727 0.471366 0.101322 0.466960 0.096916 0.458150 0.096916 0.453745 0.101322 0.449339 0.096916 0.444934 0.096916 0.440529 0.092511 0.440529 0.088106 0.436123 0.083700 0.436123 0.079295 0.431718 0.074890 0.422908 0.074890
0 0.374449 0.057269 0.365639 0.057269 0.356828 0.066079 0.352423 0.066079 0.343612 0.074890 0.343612 0.079295 0.352423 0.088106 0.356828 0.088106 0.365639 0.079295 0.370044 0.079295 0.378855 0.070485 0.378855 0.061674
0 0.246696 0.061674 0.237885 0.052863 0.233480 0.052863 0.229075 0.048458 0.215859 0.061674 0.215859 0.070485 0.220264 0.074890 0.237885 0.074890 0.246696 0.066079
0 0.497797 0.035242 0.493392 0.039648 0.493392 0.044053 0.488987 0.048458 0.488987 0.061674 0.506608 0.079295 0.515419 0.070485 0.515419 0.052863
0 0.066079 0.035242 0.061674 0.035242 0.052863 0.044053 0.052863 0.061674 0.057269 0.066079 0.057269 0.079295 0.044053 0.092511 0.044053 0.096916 0.048458 0.101322 0.061674 0.088106 0.061674 0.074890 0.066079 0.070485
0 0.814978 0.039648 0.810573 0.035242 0.806167 0.035242 0.801762 0.030837 0.797357 0.030837 0.788546 0.039648 0.784141 0.039648 0.775330 0.048458 0.775330 0.052863 0.766520 0.061674 0.775330 0.070485 0.779736 0.066079 0.788546 0.066079
0 0.973568 0.000000 0.947137 0.000000 0.925110 0.030837 0.898678 0.026432 0.894273 0.000000 0.845815 0.000000 0.845815 0.057269 0.744493 0.176211 0.775330 0.211454 0.792952 0.325991 0.757709 0.365639 0.704846 0.374449 0.744493 0.387665 0.748899 0.414097 0.700441 0.466960 0.629956 0.502203 0.612335 0.493392 0.568282 0.572687 0.427313 0.629956 0.352423 0.700441 0.229075 0.757709 0.171806 0.757709 0.193833 0.779736 0.145374 0.819383 0.286344 0.731278 0.303965 0.740088 0.286344 0.797357 0.303965 0.806167 0.339207 0.718062 0.392070 0.718062 0.453745 0.665198 0.458150 0.634361 0.555066 0.612335 0.568282 0.643172 0.541850 0.674009 0.515419 0.660793 0.493392 0.722467 0.414097 0.792952 0.383260 0.788546 0.405286 0.806167 0.400881 0.832599 0.325991 0.889868 0.268722 0.889868 0.233480 0.837004 0.211454 0.867841 0.176211 0.850220 0.158590 0.885463 0.171806 0.916300 0.145374 0.969163 0.114537 0.969163 0.123348 0.995595 0.149780 0.995595 0.176211 0.955947 0.215859 0.982379 0.264317 0.964758 0.259912 0.925110 0.229075 0.960352 0.207048 0.933921 0.246696 0.885463 0.295154 0.911894 0.339207 0.894273 0.374449 0.925110 0.374449 0.898678 0.348018 0.881057 0.396476 0.867841 0.440529 0.766520 0.638767 0.678414 0.638767 0.660793 0.577093 0.638767 0.634361 0.572687 0.651982 0.572687 0.660793 0.599119 0.691630 0.546256 0.700441 0.599119 0.726872 0.550661 0.779736 0.519824 0.731278 0.506608 0.766520 0.462555 0.863436 0.458150 0.832599 0.431718 0.819383 0.365639 0.841410 0.343612 0.872247 0.348018 0.889868 0.378855 0.894273 0.325991 0.938326 0.308370 0.903084 0.303965 0.867841 0.330396 0.850220 0.290749 0.876652 0.255507 0.920705 0.242291 0.876652 0.220264 0.867841 0.193833 0.907489 0.074890
0 0.405286 0.000000 0.405286 0.017621 0.409692 0.022026 0.409692 0.026432 0.414097 0.030837 0.418502 0.030837 0.422908 0.035242 0.427313 0.035242 0.431718 0.039648 0.436123 0.039648 0.440529 0.035242 0.440529 0.030837 0.431718 0.022026 0.427313 0.022026 0.418502 0.013216 0.418502 0.000000
0 0.339207 0.000000 0.317181 0.000000 0.317181 0.013216 0.303965 0.026432 0.303965 0.061674 0.299559 0.066079 0.295154 0.066079 0.290749 0.070485 0.286344 0.070485 0.281938 0.066079 0.277533 0.066079 0.273128 0.070485 0.273128 0.074890 0.277533 0.079295 0.303965 0.079295 0.312775 0.070485 0.317181 0.070485 0.321586 0.066079 0.321586 0.026432 0.325991 0.022026 0.325991 0.013216 0.330396 0.008811 0.330396 0.004405 0.334802 0.000000
