0 0.599119 0.951542 0.594714 0.955947 0.594714 0.960352 0.590308 0.964758 0.590308 0.973568 0.594714 0.977974 0.599119 0.977974 0.603524 0.982379 0.607930 0.982379 0.616740 0.973568 0.616740 0.960352 0.612335 0.955947 0.607930 0.955947 0.603524 0.951542
0 0.383260 0.951542 0.378855 0.955947 0.378855 0.973568 0.383260 0.977974 0.392070 0.977974 0.405286 0.964758 0.405286 0.960352 0.400881 0.955947 0.396476 0.955947 0.392070 0.951542
0 0.140969 0.991189 0.140969 0.995595 0.149780 0.995595 0.149780 0.991189 0.167401 0.973568 0.171806 0.973568 0.176211 0.969163 0.180617 0.973568 0.185022 0.973568 0.193833 0.982379 0.198238 0.982379 0.202643 0.986784 0.207048 0.986784 0.211454 0.991189 0.211454 0.995595 0.211454 0.991189 0.215859 0.986784 0.215859 0.973568 0.207048 0.964758 0.193833 0.964758 0.189427 0.960352 0.180617 0.960352 0.176211 0.955947 0.171806 0.955947 0.167401 0.951542 0.162996 0.951542 0.154185 0.960352 0.154185 0.964758 0.149780 0.969163 0.149780 0.977974 0.145374 0.982379 0.145374 0.986784
0 0.806167 0.947137 0.801762 0.947137 0.797357 0.951542 0.797357 0.955947 0.792952 0.960352 0.792952 0.964758 0.788546 0.969163 0.788546 0.973568 0.797357 0.982379 0.801762 0.982379 0.810573 0.973568 0.810573 0.951542
0 0.995595 0.942731 0.986784 0.942731 0.982379 0.947137 0.982379 0.964758 0.969163 0.977974 0.969163 0.982379 0.973568 0.986784 0.973568 0.995595 0.982379 0.995595 0.982379 0.982379 0.986784 0.977974 0.991189 0.977974 0.995595 0.973568
0 0.920705 0.938326 0.911894 0.938326 0.903084 0.947137 0.907489 0.951542 0.907489 0.964758 0.903084 0.969163 0.903084 0.973568 0.898678 0.977974 0.898678 0.982379 0.903084 0.986784 0.903084 0.995595 0.916300 0.995595 0.916300 0.969163 0.920705 0.964758 0.920705 0.960352 0.925110 0.955947 0.925110 0.942731
0 0.330396 0.911894 0.317181 0.911894 0.308370 0.920705 0.308370 0.925110 0.303965 0.929515 0.308370 0.933921 0.312775 0.933921 0.317181 0.938326 0.334802 0.920705 0.334802 0.916300
0 0.837004 0.907489 0.832599 0.911894 0.828194 0.911894 0.823789 0.916300 0.823789 0.925110 0.845815 0.947137 0.845815 0.955947 0.841410 0.960352 0.841410 0.973568 0.837004 0.977974 0.837004 0.982379 0.832599 0.986784 0.832599 0.995595 0.850220 0.995595 0.850220 0.982379 0.863436 0.969163 0.863436 0.960352 0.859031 0.955947 0.859031 0.951542 0.850220 0.942731 0.850220 0.920705 0.845815 0.916300 0.845815 0.911894 0.841410 0.907489
0 0.127753 0.907489 0.123348 0.907489 0.123348 0.916300 0.118943 0.920705 0.118943 0.925110 0.114537 0.929515 0.110132 0.929515 0.105727 0.933921 0.101322 0.933921 0.096916 0.929515 0.092511 0.929515 0.088106 0.933921 0.088106 0.938326 0.083700 0.942731 0.079295 0.942731 0.074890 0.947137 0.070485 0.947137 0.066079 0.942731 0.061674 0.947137 0.061674 0.977974 0.070485 0.986784 0.074890 0.982379 0.074890 0.947137 0.079295 0.942731 0.083700 0.942731 0.088106 0.938326 0.092511 0.942731 0.101322 0.942731 0.105727 0.947137 0.110132 0.942731 0.110132 0.933921 0.114537 0.929515 0.118943 0.929515 0.123348 0.925110 0.132159 0.925110 0.136564 0.920705 0.136564 0.916300
0 0.788546 0.898678 0.779736 0.889868 0.775330 0.894273 0.770925 0.894273 0.762115 0.903084 0.762115 0.911894 0.757709 0.916300 0.757709 0.920705 0.748899 0.929515 0.744493 0.929515 0.740088 0.933921 0.735683 0.929515 0.726872 0.938326 0.722467 0.938326 0.718062 0.942731 0.713656 0.938326 0.700441 0.951542 0.700441 0.955947 0.696035 0.960352 0.696035 0.964758 0.691630 0.969163 0.691630 0.977974 0.696035 0.982379 0.700441 0.982379 0.704846 0.986784 0.713656 0.977974 0.713656 0.947137 0.718062 0.942731 0.722467 0.942731 0.726872 0.938326 0.731278 0.938326 0.735683 0.942731 0.740088 0.938326 0.753304 0.938326 0.757709 0.942731 0.766520 0.942731 0.775330 0.933921 0.775330 0.929515 0.779736 0.925110 0.779736 0.916300 0.788546 0.907489
0 0.475771 0.889868 0.466960 0.898678 0.471366 0.903084 0.475771 0.903084 0.480176 0.907489 0.484582 0.907489 0.493392 0.916300 0.493392 0.929515 0.502203 0.938326 0.506608 0.938326 0.511013 0.933921 0.515419 0.933921 0.519824 0.929515 0.524229 0.933921 0.528634 0.933921 0.537445 0.942731 0.537445 0.964758 0.533040 0.969163 0.537445 0.973568 0.546256 0.973568 0.555066 0.964758 0.555066 0.947137 0.550661 0.942731 0.550661 0.920705 0.555066 0.916300 0.559471 0.916300 0.563877 0.911894 0.568282 0.916300 0.572687 0.911894 0.568282 0.907489 0.563877 0.911894 0.559471 0.911894 0.555066 0.916300 0.546256 0.916300 0.541850 0.911894 0.537445 0.916300 0.533040 0.916300 0.528634 0.920705 0.519824 0.920705 0.515419 0.916300 0.511013 0.916300 0.502203 0.907489 0.502203 0.903084 0.497797 0.898678 0.488987 0.898678 0.484582 0.894273 0.480176 0.894273
0 0.903084 0.863436 0.903084 0.876652 0.907489 0.881057 0.916300 0.881057 0.920705 0.876652 0.925110 0.881057 0.929515 0.881057 0.951542 0.903084 0.955947 0.903084 0.960352 0.898678 0.964758 0.898678 0.973568 0.889868 0.973568 0.881057 0.969163 0.876652 0.947137 0.876652 0.942731 0.881057 0.938326 0.881057 0.933921 0.885463 0.929515 0.881057 0.925110 0.881057 0.916300 0.872247 0.916300 0.863436 0.911894 0.859031 0.907489 0.859031
0 0.748899 0.867841 0.735683 0.854626 0.731278 0.859031 0.731278 0.867841 0.726872 0.872247 0.722467 0.872247 0.718062 0.876652 0.696035 0.876652 0.687225 0.885463 0.687225 0.894273 0.691630 0.898678 0.696035 0.894273 0.700441 0.898678 0.709251 0.889868 0.713656 0.889868 0.718062 0.885463 0.722467 0.885463 0.731278 0.876652 0.735683 0.876652 0.740088 0.872247 0.744493 0.876652 0.748899 0.872247
0 0.823789 0.850220 0.819383 0.850220 0.814978 0.854626 0.814978 0.859031 0.810573 0.863436 0.810573 0.867841 0.814978 0.872247 0.814978 0.876652 0.819383 0.881057 0.823789 0.876652 0.828194 0.876652 0.832599 0.872247 0.832599 0.867841 0.837004 0.863436
0 0.365639 0.859031 0.356828 0.850220 0.352423 0.850220 0.339207 0.863436 0.334802 0.863436 0.330396 0.867841 0.325991 0.863436 0.321586 0.867841 0.317181 0.863436 0.312775 0.867841 0.317181 0.872247 0.321586 0.867841 0.325991 0.872247 0.334802 0.872247 0.339207 0.876652 0.352423 0.876652 0.361233 0.867841 0.361233 0.863436
0 0.290749 0.845815 0.286344 0.841410 0.281938 0.845815 0.281938 0.850220 0.268722 0.863436 0.264317 0.863436 0.259912 0.867841 0.255507 0.863436 0.251101 0.863436 0.246696 0.867841 0.251101 0.872247 0.255507 0.872247 0.264317 0.881057 0.268722 0.881057 0.273128 0.885463 0.277533 0.881057 0.277533 0.876652 0.281938 0.872247 0.281938 0.863436 0.290749 0.854626
0 0.555066 0.841410 0.559471 0.845815 0.563877 0.845815 0.568282 0.850220 0.572687 0.850220 0.577093 0.854626 0.577093 0.859031 0.581498 0.863436 0.585903 0.863436 0.590308 0.867841 0.603524 0.867841 0.607930 0.872247 0.621145 0.872247 0.625551 0.867841 0.651982 0.867841 0.665198 0.854626 0.665198 0.850220 0.656388 0.841410 0.647577 0.841410 0.643172 0.845815 0.638767 0.845815 0.629956 0.854626 0.625551 0.854626 0.621145 0.859031 0.616740 0.859031 0.612335 0.854626 0.607930 0.854626 0.603524 0.850220 0.599119 0.850220 0.594714 0.845815 0.590308 0.845815 0.581498 0.837004 0.581498 0.832599 0.577093 0.832599 0.572687 0.837004 0.559471 0.837004
0 0.092511 0.814978 0.079295 0.828194 0.079295 0.837004 0.083700 0.841410 0.088106 0.841410 0.092511 0.845815 0.092511 0.859031 0.088106 0.863436 0.088106 0.872247 0.092511 0.876652 0.092511 0.889868 0.096916 0.894273 0.101322 0.894273 0.105727 0.898678 0.110132 0.894273 0.114537 0.898678 0.118943 0.898678 0.118943 0.894273 0.110132 0.885463 0.110132 0.881057 0.105727 0.876652 0.105727 0.867841 0.096916 0.859031 0.096916 0.845815 0.105727 0.837004 0.105727 0.819383 0.101322 0.814978
0 0.916300 0.814978 0.911894 0.810573 0.903084 0.810573 0.898678 0.806167 0.894273 0.806167 0.889868 0.810573 0.885463 0.810573 0.876652 0.819383 0.876652 0.828194 0.881057 0.832599 0.907489 0.832599 0.916300 0.823789
0 0.189427 0.806167 0.185022 0.806167 0.180617 0.810573 0.180617 0.814978 0.171806 0.823789 0.171806 0.828194 0.154185 0.845815 0.154185 0.859031 0.149780 0.863436 0.154185 0.867841 0.158590 0.867841 0.171806 0.854626 0.171806 0.850220 0.176211 0.845815 0.176211 0.837004 0.189427 0.823789 0.189427 0.819383 0.193833 0.814978 0.193833 0.810573
0 0.475771 0.792952 0.462555 0.792952 0.453745 0.801762 0.453745 0.832599 0.458150 0.837004 0.458150 0.845815 0.462555 0.850220 0.466960 0.850220 0.475771 0.841410 0.475771 0.814978 0.480176 0.810573 0.480176 0.797357
0 0.356828 0.792952 0.352423 0.797357 0.352423 0.801762 0.348018 0.806167 0.348018 0.810573 0.339207 0.819383 0.352423 0.832599 0.361233 0.832599 0.365639 0.828194 0.365639 0.806167 0.361233 0.801762 0.361233 0.797357
0 0.964758 0.788546 0.960352 0.792952 0.955947 0.792952 0.947137 0.801762 0.951542 0.806167 0.951542 0.810573 0.955947 0.814978 0.955947 0.828194 0.960352 0.832599 0.960352 0.837004 0.969163 0.845815 0.973568 0.845815 0.977974 0.841410 0.977974 0.837004 0.964758 0.823789 0.964758 0.810573 0.977974 0.797357 0.977974 0.792952 0.973568 0.788546 0.969163 0.792952
0 0.264317 0.797357 0.259912 0.797357 0.255507 0.792952 0.255507 0.788546 0.251101 0.784141 0.246696 0.784141 0.242291 0.788546 0.237885 0.788546 0.224670 0.801762 0.224670 0.806167 0.233480 0.814978 0.237885 0.814978 0.242291 0.810573 0.251101 0.810573 0.255507 0.806167 0.255507 0.801762 0.259912 0.797357
0 0.594714 0.779736 0.590308 0.779736 0.581498 0.788546 0.581498 0.806167 0.577093 0.810573 0.585903 0.819383 0.590308 0.819383 0.594714 0.814978 0.594714 0.797357 0.599119 0.792952 0.603524 0.792952 0.607930 0.788546 0.603524 0.784141 0.599119 0.784141
0 0.295154 0.779736 0.290749 0.779736 0.281938 0.788546 0.281938 0.792952 0.277533 0.797357 0.273128 0.797357 0.277533 0.797357 0.281938 0.801762 0.281938 0.819383 0.286344 0.823789 0.290749 0.819383 0.290749 0.806167 0.295154 0.801762 0.295154 0.797357 0.299559 0.792952 0.299559 0.784141
0 0.762115 0.775330 0.753304 0.784141 0.748899 0.784141 0.731278 0.801762 0.731278 0.806167 0.740088 0.814978 0.748899 0.814978 0.757709 0.806167 0.757709 0.788546 0.766520 0.779736
0 0.176211 0.748899 0.180617 0.753304 0.180617 0.766520 0.185022 0.770925 0.189427 0.766520 0.193833 0.766520 0.198238 0.762115 0.202643 0.762115 0.207048 0.757709 0.207048 0.753304 0.202643 0.748899 0.198238 0.748899 0.193833 0.744493 0.180617 0.744493
0 0.409692 0.735683 0.392070 0.753304 0.392070 0.762115 0.396476 0.766520 0.409692 0.766520 0.418502 0.757709 0.418502 0.744493
0 0.013216 0.735683 0.017621 0.740088 0.026432 0.740088 0.030837 0.744493 0.039648 0.744493 0.044053 0.748899 0.048458 0.748899 0.057269 0.740088 0.061674 0.740088 0.057269 0.740088 0.048458 0.731278 0.035242 0.731278 0.030837 0.726872 0.026432 0.726872 0.022026 0.731278 0.017621 0.731278
0 0.687225 0.722467 0.678414 0.722467 0.669604 0.731278 0.665198 0.731278 0.660793 0.735683 0.656388 0.735683 0.651982 0.731278 0.647577 0.731278 0.643172 0.735683 0.660793 0.753304 0.660793 0.788546 0.665198 0.792952 0.669604 0.792952 0.682819 0.779736 0.678414 0.775330 0.678414 0.770925 0.669604 0.762115 0.669604 0.753304 0.678414 0.744493 0.682819 0.744493 0.691630 0.735683 0.691630 0.726872
0 0.140969 0.696035 0.136564 0.691630 0.123348 0.691630 0.118943 0.696035 0.118943 0.700441 0.105727 0.713656 0.101322 0.713656 0.096916 0.718062 0.096916 0.726872 0.088106 0.735683 0.083700 0.735683 0.079295 0.740088 0.074890 0.740088 0.079295 0.740088 0.088106 0.748899 0.096916 0.740088 0.096916 0.731278 0.101322 0.726872 0.105727 0.726872 0.110132 0.722467 0.114537 0.722467 0.118943 0.718062 0.123348 0.718062 0.127753 0.713656 0.132159 0.713656 0.140969 0.704846
0 0.343612 0.682819 0.339207 0.682819 0.339207 0.691630 0.334802 0.696035 0.334802 0.704846 0.330396 0.709251 0.330396 0.718062 0.325991 0.722467 0.321586 0.722467 0.312775 0.731278 0.312775 0.735683 0.308370 0.740088 0.312775 0.744493 0.312775 0.762115 0.321586 0.770925 0.325991 0.770925 0.330396 0.775330 0.334802 0.770925 0.334802 0.748899 0.330396 0.744493 0.330396 0.718062 0.334802 0.713656 0.339207 0.713656 0.343612 0.709251 0.348018 0.709251 0.352423 0.704846 0.352423 0.691630
0 0.026432 0.687225 0.026432 0.696035 0.035242 0.704846 0.039648 0.704846 0.044053 0.700441 0.052863 0.700441 0.061674 0.691630 0.052863 0.682819 0.039648 0.682819 0.035242 0.678414
0 0.559471 0.674009 0.550661 0.674009 0.546256 0.678414 0.546256 0.682819 0.541850 0.687225 0.541850 0.704846 0.537445 0.709251 0.537445 0.722467 0.541850 0.726872 0.541850 0.731278 0.546256 0.735683 0.550661 0.735683 0.555066 0.740088 0.559471 0.735683 0.559471 0.731278 0.563877 0.726872 0.563877 0.722467 0.559471 0.718062 0.559471 0.713656 0.555066 0.709251 0.555066 0.691630 0.563877 0.682819 0.563877 0.678414
0 0.383260 0.665198 0.378855 0.669604 0.378855 0.674009 0.400881 0.696035 0.405286 0.696035 0.414097 0.687225 0.414097 0.682819 0.409692 0.678414 0.405286 0.678414 0.400881 0.674009 0.396476 0.674009 0.392070 0.669604 0.387665 0.669604
0 0.251101 0.665198 0.246696 0.669604 0.246696 0.674009 0.264317 0.691630 0.268722 0.691630 0.273128 0.696035 0.273128 0.713656 0.277533 0.718062 0.286344 0.709251 0.286344 0.704846 0.290749 0.700441 0.281938 0.691630 0.277533 0.691630 0.273128 0.687225 0.273128 0.682819 0.268722 0.678414 0.268722 0.674009 0.259912 0.665198
0 0.770925 0.651982 0.766520 0.656388 0.762115 0.656388 0.762115 0.660793 0.766520 0.660793 0.770925 0.665198 0.770925 0.682819 0.766520 0.687225 0.766520 0.709251 0.770925 0.713656 0.770925 0.726872 0.775330 0.731278 0.784141 0.731278 0.792952 0.722467 0.792952 0.709251 0.788546 0.704846 0.788546 0.696035 0.784141 0.691630 0.784141 0.656388 0.779736 0.651982
0 0.277533 0.634361 0.286344 0.643172 0.290749 0.643172 0.295154 0.647577 0.299559 0.647577 0.303965 0.651982 0.303965 0.656388 0.317181 0.669604 0.325991 0.669604 0.330396 0.674009 0.334802 0.674009 0.334802 0.665198 0.317181 0.647577 0.312775 0.647577 0.308370 0.651982 0.303965 0.647577 0.299559 0.647577 0.295154 0.643172 0.295154 0.634361 0.290749 0.629956 0.286344 0.634361 0.281938 0.629956
0 0.233480 0.612335 0.224670 0.612335 0.215859 0.621145 0.215859 0.638767 0.202643 0.651982 0.202643 0.656388 0.198238 0.660793 0.202643 0.665198 0.202643 0.674009 0.198238 0.678414 0.198238 0.709251 0.202643 0.713656 0.207048 0.713656 0.215859 0.704846 0.215859 0.669604 0.220264 0.665198 0.220264 0.660793 0.224670 0.656388 0.224670 0.643172 0.237885 0.629956 0.237885 0.625551 0.242291 0.621145
0 0.057269 0.616740 0.052863 0.612335 0.035242 0.612335 0.030837 0.616740 0.022026 0.616740 0.017621 0.621145 0.017621 0.629956 0.022026 0.634361 0.026432 0.634361 0.030837 0.638767 0.039648 0.638767 0.057269 0.621145
0 0.000000 0.559471 0.000000 0.577093 0.035242 0.577093 0.039648 0.572687 0.044053 0.572687 0.048458 0.568282 0.044053 0.563877 0.017621 0.563877 0.013216 0.559471
0 0.995595 0.528634 0.991189 0.524229 0.986784 0.524229 0.982379 0.519824 0.977974 0.519824 0.973568 0.515419 0.973568 0.502203 0.977974 0.497797 0.969163 0.488987 0.960352 0.488987 0.955947 0.493392 0.920705 0.493392 0.916300 0.497797 0.916300 0.506608 0.920705 0.511013 0.920705 0.519824 0.911894 0.528634 0.911894 0.537445 0.920705 0.546256 0.929515 0.537445 0.929515 0.524229 0.933921 0.519824 0.938326 0.519824 0.942731 0.515419 0.947137 0.515419 0.951542 0.511013 0.964758 0.511013 0.969163 0.515419 0.973568 0.515419 0.977974 0.519824 0.977974 0.533040 0.982379 0.537445 0.986784 0.533040 0.991189 0.533040
0 0.348018 0.484582 0.339207 0.493392 0.339207 0.497797 0.343612 0.502203 0.343612 0.511013 0.356828 0.524229 0.356828 0.528634 0.370044 0.541850 0.378855 0.533040 0.378855 0.524229 0.374449 0.519824 0.370044 0.519824 0.361233 0.511013 0.361233 0.493392 0.352423 0.484582
0 0.995595 0.616740 0.995595 0.577093 0.947137 0.599119 0.916300 0.594714 0.903084 0.563877 0.876652 0.594714 0.792952 0.577093 0.748899 0.541850 0.748899 0.497797 0.766520 0.484582 0.784141 0.488987 0.801762 0.471366 0.797357 0.466960 0.762115 0.488987 0.713656 0.475771 0.696035 0.497797 0.726872 0.493392 0.740088 0.502203 0.731278 0.528634 0.718062 0.537445 0.665198 0.537445 0.621145 0.550661 0.466960 0.546256 0.436123 0.550661 0.418502 0.563877 0.374449 0.563877 0.339207 0.550661 0.312775 0.519824 0.290749 0.519824 0.281938 0.497797 0.268722 0.524229 0.215859 0.541850 0.215859 0.563877 0.229075 0.581498 0.242291 0.585903 0.246696 0.572687 0.264317 0.563877 0.334802 0.599119 0.378855 0.594714 0.396476 0.603524 0.453745 0.585903 0.533040 0.590308 0.559471 0.607930 0.585903 0.607930 0.634361 0.577093 0.665198 0.577093 0.691630 0.590308 0.709251 0.585903 0.735683 0.607930 0.766520 0.599119 0.792952 0.621145 0.819383 0.616740 0.845815 0.629956 0.876652 0.669604 0.916300 0.651982 0.929515 0.660793 0.929515 0.713656 0.903084 0.744493 0.916300 0.753304 0.942731 0.726872 0.938326 0.696035 0.951542 0.674009 0.933921 0.643172
0 0.000000 0.480176 0.000000 0.502203 0.013216 0.502203 0.017621 0.506608 0.022026 0.506608 0.030837 0.515419 0.035242 0.515419 0.052863 0.533040 0.057269 0.533040 0.079295 0.555066 0.092511 0.555066 0.105727 0.563877 0.105727 0.577093 0.092511 0.585903 0.096916 0.590308 0.101322 0.585903 0.101322 0.581498 0.114537 0.572687 0.118943 0.572687 0.132159 0.581498 0.158590 0.581498 0.162996 0.577093 0.176211 0.577093 0.185022 0.568282 0.185022 0.555066 0.180617 0.550661 0.180617 0.537445 0.193833 0.528634 0.193833 0.506608 0.185022 0.493392 0.176211 0.493392 0.171806 0.497797 0.176211 0.502203 0.176211 0.515419 0.180617 0.519824 0.180617 0.537445 0.167401 0.546256 0.162996 0.541850 0.158590 0.541850 0.127753 0.511013 0.123348 0.511013 0.118943 0.506608 0.105727 0.506608 0.101322 0.511013 0.088106 0.511013 0.083700 0.506608 0.079295 0.506608 0.044053 0.471366 0.039648 0.471366 0.035242 0.466960 0.026432 0.475771 0.022026 0.475771 0.017621 0.480176
0 0.550661 0.458150 0.546256 0.453745 0.541850 0.453745 0.537445 0.458150 0.533040 0.458150 0.528634 0.462555 0.524229 0.462555 0.519824 0.466960 0.511013 0.466960 0.502203 0.475771 0.497797 0.475771 0.493392 0.480176 0.493392 0.484582 0.488987 0.488987 0.493392 0.493392 0.502203 0.493392 0.506608 0.488987 0.519824 0.488987 0.524229 0.484582 0.528634 0.484582 0.537445 0.475771 0.541850 0.475771 0.550661 0.466960
0 0.427313 0.436123 0.418502 0.436123 0.414097 0.440529 0.405286 0.440529 0.400881 0.444934 0.400881 0.458150 0.409692 0.466960 0.414097 0.462555 0.418502 0.462555 0.422908 0.458150 0.422908 0.453745 0.431718 0.444934 0.431718 0.440529
0 0.920705 0.431718 0.916300 0.427313 0.907489 0.427313 0.903084 0.431718 0.903084 0.436123 0.898678 0.440529 0.894273 0.440529 0.889868 0.444934 0.885463 0.444934 0.881057 0.440529 0.863436 0.440529 0.850220 0.453745 0.850220 0.462555 0.854626 0.466960 0.872247 0.466960 0.876652 0.462555 0.881057 0.462555 0.894273 0.449339 0.898678 0.449339 0.903084 0.444934 0.907489 0.444934 0.911894 0.440529 0.916300 0.440529 0.920705 0.436123
0 0.295154 0.422908 0.290749 0.427313 0.290749 0.431718 0.286344 0.436123 0.286344 0.440529 0.281938 0.444934 0.281938 0.449339 0.277533 0.453745 0.277533 0.462555 0.273128 0.466960 0.273128 0.471366 0.268722 0.475771 0.273128 0.480176 0.277533 0.480176 0.281938 0.475771 0.281938 0.471366 0.286344 0.466960 0.286344 0.462555 0.290749 0.458150 0.290749 0.453745 0.295154 0.449339 0.295154 0.431718 0.299559 0.427313
0 0.242291 0.422908 0.229075 0.422908 0.224670 0.427313 0.220264 0.427313 0.211454 0.436123 0.211454 0.444934 0.215859 0.449339 0.220264 0.449339 0.224670 0.453745 0.229075 0.453745 0.246696 0.436123 0.246696 0.427313
0 0.471366 0.418502 0.462555 0.427313 0.462555 0.440529 0.458150 0.444934 0.458150 0.449339 0.453745 0.453745 0.453745 0.458150 0.444934 0.466960 0.440529 0.466960 0.440529 0.480176 0.444934 0.484582 0.449339 0.484582 0.458150 0.475771 0.458150 0.466960 0.462555 0.462555 0.462555 0.458150 0.480176 0.440529 0.480176 0.427313
0 0.339207 0.418502 0.334802 0.422908 0.334802 0.462555 0.339207 0.466960 0.343612 0.466960 0.348018 0.462555 0.352423 0.462555 0.361233 0.453745 0.352423 0.444934 0.352423 0.427313 0.343612 0.418502
0 0.656388 0.409692 0.647577 0.418502 0.647577 0.427313 0.656388 0.436123 0.656388 0.444934 0.665198 0.453745 0.674009 0.453745 0.678414 0.449339 0.682819 0.449339 0.687225 0.444934 0.687225 0.440529 0.682819 0.436123 0.678414 0.436123 0.674009 0.431718 0.669604 0.431718 0.660793 0.422908 0.660793 0.414097
0 0.594714 0.392070 0.590308 0.396476 0.590308 0.414097 0.581498 0.422908 0.581498 0.436123 0.585903 0.440529 0.585903 0.453745 0.594714 0.462555 0.599119 0.458150 0.599119 0.431718 0.612335 0.418502 0.612335 0.409692
0 0.845815 0.387665 0.832599 0.374449 0.819383 0.387665 0.819383 0.392070 0.814978 0.396476 0.810573 0.396476 0.806167 0.400881 0.792952 0.400881 0.788546 0.405286 0.784141 0.405286 0.775330 0.414097 0.784141 0.422908 0.792952 0.422908 0.797357 0.418502 0.806167 0.418502 0.814978 0.409692 0.819383 0.409692 0.823789 0.405286 0.841410 0.405286 0.845815 0.400881
0 0.149780 0.374449 0.145374 0.378855 0.145374 0.392070 0.149780 0.396476 0.154185 0.396476 0.162996 0.405286 0.162996 0.414097 0.158590 0.418502 0.158590 0.422908 0.162996 0.427313 0.167401 0.427313 0.171806 0.422908 0.171806 0.405286 0.167401 0.400881 0.167401 0.387665 0.162996 0.383260 0.162996 0.378855 0.158590 0.374449
0 0.083700 0.365639 0.074890 0.374449 0.083700 0.383260 0.083700 0.387665 0.088106 0.392070 0.088106 0.414097 0.092511 0.418502 0.096916 0.418502 0.105727 0.409692 0.105727 0.396476 0.110132 0.392070 0.110132 0.387665 0.101322 0.378855 0.096916 0.378855
0 0.682819 0.352423 0.674009 0.361233 0.674009 0.370044 0.691630 0.387665 0.700441 0.387665 0.704846 0.392070 0.709251 0.387665 0.709251 0.383260 0.700441 0.374449 0.696035 0.374449 0.691630 0.370044 0.691630 0.361233
0 0.546256 0.387665 0.550661 0.387665 0.572687 0.365639 0.577093 0.365639 0.581498 0.361233 0.585903 0.361233 0.590308 0.365639 0.594714 0.365639 0.599119 0.370044 0.603524 0.365639 0.599119 0.361233 0.594714 0.365639 0.590308 0.365639 0.585903 0.361233 0.581498 0.361233 0.572687 0.352423 0.555066 0.352423 0.550661 0.356828 0.550661 0.361233 0.546256 0.365639
0 0.233480 0.334802 0.237885 0.334802 0.246696 0.343612 0.251101 0.343612 0.255507 0.348018 0.255507 0.361233 0.259912 0.365639 0.268722 0.365639 0.281938 0.352423 0.277533 0.348018 0.264317 0.348018 0.259912 0.343612 0.255507 0.343612 0.251101 0.339207 0.251101 0.334802 0.246696 0.330396 0.242291 0.330396 0.237885 0.334802
0 0.193833 0.317181 0.193833 0.330396 0.202643 0.339207 0.207048 0.339207 0.211454 0.343612 0.220264 0.334802 0.224670 0.334802 0.224670 0.330396 0.220264 0.330396 0.211454 0.321586 0.211454 0.317181 0.207048 0.312775 0.198238 0.312775
0 0.929515 0.308370 0.925110 0.312775 0.925110 0.317181 0.920705 0.321586 0.920705 0.325991 0.925110 0.330396 0.925110 0.343612 0.929515 0.348018 0.938326 0.348018 0.942731 0.343612 0.942731 0.321586 0.947137 0.317181 0.938326 0.308370
0 0.537445 0.312775 0.533040 0.312775 0.528634 0.308370 0.524229 0.308370 0.519824 0.312775 0.519824 0.317181 0.515419 0.321586 0.515419 0.325991 0.506608 0.334802 0.511013 0.339207 0.524229 0.339207 0.533040 0.330396 0.533040 0.321586 0.537445 0.317181
0 0.757709 0.299559 0.753304 0.299559 0.748899 0.303965 0.748899 0.308370 0.744493 0.312775 0.744493 0.317181 0.753304 0.325991 0.757709 0.325991 0.762115 0.330396 0.762115 0.348018 0.757709 0.352423 0.753304 0.352423 0.740088 0.365639 0.735683 0.365639 0.731278 0.370044 0.731278 0.378855 0.740088 0.387665 0.748899 0.387665 0.753304 0.383260 0.753304 0.378855 0.762115 0.370044 0.766520 0.370044 0.779736 0.356828 0.779736 0.343612 0.775330 0.339207 0.770925 0.339207 0.762115 0.330396 0.762115 0.321586 0.766520 0.317181 0.766520 0.308370
0 0.629956 0.290749 0.625551 0.295154 0.625551 0.308370 0.621145 0.312775 0.616740 0.312775 0.612335 0.317181 0.607930 0.312775 0.603524 0.317181 0.603524 0.321586 0.599119 0.325991 0.612335 0.339207 0.616740 0.339207 0.621145 0.334802 0.621145 0.317181 0.625551 0.312775 0.629956 0.312775 0.634361 0.308370 0.638767 0.308370 0.643172 0.303965 0.643172 0.299559 0.638767 0.295154 0.634361 0.295154
0 0.356828 0.286344 0.352423 0.286344 0.348018 0.290749 0.343612 0.290749 0.339207 0.295154 0.339207 0.308370 0.352423 0.321586 0.356828 0.317181 0.356828 0.312775 0.365639 0.303965 0.365639 0.295154
0 0.110132 0.273128 0.105727 0.277533 0.105727 0.286344 0.114537 0.295154 0.114537 0.330396 0.123348 0.339207 0.132159 0.330396 0.132159 0.317181 0.127753 0.312775 0.127753 0.295154 0.132159 0.290749 0.132159 0.286344 0.136564 0.281938 0.136564 0.277533 0.132159 0.273128
0 0.436123 0.255507 0.431718 0.259912 0.427313 0.259912 0.427313 0.281938 0.422908 0.286344 0.427313 0.290749 0.427313 0.295154 0.431718 0.299559 0.436123 0.299559 0.440529 0.303965 0.440529 0.308370 0.444934 0.312775 0.449339 0.308370 0.449339 0.281938 0.444934 0.277533 0.444934 0.273128 0.440529 0.268722 0.440529 0.259912
0 0.017621 0.255507 0.013216 0.259912 0.013216 0.264317 0.008811 0.268722 0.004405 0.268722 0.008811 0.268722 0.026432 0.286344 0.035242 0.277533 0.035242 0.264317 0.026432 0.255507
0 0.850220 0.246696 0.841410 0.255507 0.841410 0.281938 0.845815 0.286344 0.850220 0.286344 0.854626 0.281938 0.854626 0.273128 0.859031 0.268722 0.859031 0.255507
0 0.731278 0.246696 0.726872 0.246696 0.700441 0.273128 0.700441 0.281938 0.696035 0.286344 0.691630 0.286344 0.687225 0.290749 0.682819 0.286344 0.678414 0.290749 0.678414 0.299559 0.682819 0.303965 0.682819 0.308370 0.687225 0.312775 0.691630 0.312775 0.700441 0.303965 0.700441 0.295154 0.704846 0.290749 0.709251 0.290749 0.713656 0.286344 0.718062 0.286344 0.740088 0.264317 0.740088 0.259912 0.735683 0.255507 0.735683 0.251101
0 0.493392 0.281938 0.497797 0.286344 0.511013 0.273128 0.515419 0.273128 0.519824 0.268722 0.528634 0.268722 0.537445 0.259912 0.541850 0.259912 0.546256 0.255507 0.550661 0.255507 0.555066 0.259912 0.559471 0.259912 0.572687 0.273128 0.577093 0.268722 0.577093 0.264317 0.581498 0.259912 0.568282 0.246696 0.563877 0.246696 0.559471 0.251101 0.555066 0.251101 0.550661 0.255507 0.546256 0.251101 0.541850 0.251101 0.533040 0.242291 0.524229 0.242291 0.519824 0.246696 0.515419 0.246696 0.506608 0.255507 0.506608 0.259912 0.502203 0.264317 0.502203 0.268722 0.493392 0.277533
0 0.797357 0.224670 0.788546 0.233480 0.788546 0.246696 0.784141 0.251101 0.779736 0.251101 0.775330 0.255507 0.770925 0.255507 0.766520 0.259912 0.766520 0.268722 0.770925 0.273128 0.775330 0.273128 0.788546 0.286344 0.788546 0.290749 0.797357 0.299559 0.806167 0.290749 0.806167 0.277533 0.801762 0.273128 0.797357 0.273128 0.792952 0.268722 0.788546 0.268722 0.784141 0.264317 0.784141 0.251101 0.788546 0.246696 0.792952 0.246696 0.801762 0.237885 0.801762 0.229075
0 0.207048 0.233480 0.211454 0.237885 0.211454 0.246696 0.215859 0.251101 0.220264 0.246696 0.229075 0.246696 0.233480 0.251101 0.237885 0.251101 0.246696 0.259912 0.251101 0.259912 0.255507 0.264317 0.264317 0.255507 0.264317 0.251101 0.255507 0.242291 0.246696 0.242291 0.242291 0.246696 0.237885 0.246696 0.233480 0.242291 0.229075 0.242291 0.224670 0.237885 0.224670 0.224670 0.220264 0.220264 0.215859 0.220264 0.211454 0.224670 0.211454 0.229075
0 0.889868 0.215859 0.889868 0.224670 0.894273 0.229075 0.903084 0.229075 0.907489 0.233480 0.911894 0.233480 0.916300 0.237885 0.920705 0.237885 0.925110 0.242291 0.929515 0.242291 0.938326 0.251101 0.938326 0.259912 0.933921 0.264317 0.933921 0.268722 0.929515 0.273128 0.929515 0.277533 0.933921 0.281938 0.938326 0.277533 0.942731 0.277533 0.947137 0.273128 0.951542 0.273128 0.960352 0.264317 0.964758 0.264317 0.969163 0.259912 0.973568 0.259912 0.977974 0.264317 0.986784 0.264317 0.991189 0.268722 0.995595 0.268722 0.995595 0.246696 0.991189 0.246696 0.986784 0.242291 0.964758 0.242291 0.960352 0.246696 0.955947 0.246696 0.951542 0.251101 0.947137 0.251101 0.942731 0.246696 0.938326 0.246696 0.933921 0.242291 0.933921 0.237885 0.929515 0.233480 0.929515 0.229075 0.920705 0.220264 0.916300 0.220264 0.911894 0.215859 0.907489 0.215859 0.903084 0.211454 0.894273 0.211454
0 0.013216 0.193833 0.013216 0.211454 0.017621 0.215859 0.022026 0.215859 0.026432 0.211454 0.030837 0.211454 0.035242 0.207048 0.039648 0.211454 0.044053 0.211454 0.048458 0.215859 0.052863 0.215859 0.057269 0.211454 0.061674 0.211454 0.066079 0.215859 0.070485 0.215859 0.079295 0.224670 0.092511 0.224670 0.096916 0.220264 0.101322 0.220264 0.096916 0.220264 0.088106 0.211454 0.079295 0.211454 0.074890 0.215859 0.070485 0.215859 0.066079 0.211454 0.061674 0.211454 0.057269 0.207048 0.057269 0.202643 0.052863 0.198238 0.048458 0.202643 0.039648 0.202643 0.035242 0.198238 0.030837 0.198238 0.022026 0.189427 0.017621 0.189427
0 0.682819 0.185022 0.669604 0.185022 0.665198 0.189427 0.660793 0.189427 0.651982 0.198238 0.651982 0.202643 0.647577 0.207048 0.656388 0.215859 0.656388 0.237885 0.651982 0.242291 0.647577 0.242291 0.643172 0.246696 0.616740 0.246696 0.607930 0.255507 0.616740 0.264317 0.621145 0.264317 0.625551 0.268722 0.656388 0.268722 0.660793 0.264317 0.660793 0.251101 0.656388 0.246696 0.656388 0.237885 0.665198 0.229075 0.665198 0.224670 0.687225 0.202643 0.687225 0.189427
0 0.418502 0.162996 0.400881 0.180617 0.396476 0.180617 0.392070 0.185022 0.392070 0.189427 0.396476 0.193833 0.409692 0.193833 0.414097 0.198238 0.422908 0.198238 0.427313 0.193833 0.427313 0.185022 0.422908 0.180617 0.422908 0.167401
0 0.317181 0.162996 0.312775 0.167401 0.308370 0.167401 0.303965 0.171806 0.303965 0.176211 0.299559 0.180617 0.299559 0.189427 0.290749 0.198238 0.290749 0.211454 0.286344 0.215859 0.286344 0.233480 0.290749 0.237885 0.299559 0.237885 0.303965 0.233480 0.303965 0.229075 0.308370 0.224670 0.308370 0.215859 0.303965 0.211454 0.303965 0.202643 0.317181 0.189427 0.321586 0.189427 0.330396 0.180617 0.330396 0.171806 0.325991 0.167401 0.321586 0.167401
0 0.916300 0.185022 0.925110 0.193833 0.933921 0.185022 0.933921 0.180617 0.942731 0.171806 0.947137 0.171806 0.951542 0.167401 0.955947 0.167401 0.960352 0.171806 0.964758 0.171806 0.969163 0.176211 0.973568 0.176211 0.977974 0.180617 0.982379 0.176211 0.986784 0.176211 0.991189 0.171806 0.995595 0.171806 0.995595 0.162996 0.973568 0.162996 0.969163 0.158590 0.964758 0.158590 0.960352 0.154185 0.947137 0.154185 0.938326 0.162996 0.933921 0.162996 0.929515 0.167401 0.929515 0.171806
0 0.207048 0.171806 0.198238 0.162996 0.198238 0.158590 0.193833 0.154185 0.189427 0.158590 0.189427 0.171806 0.185022 0.176211 0.185022 0.180617 0.171806 0.193833 0.167401 0.193833 0.158590 0.202643 0.154185 0.202643 0.149780 0.207048 0.140969 0.207048 0.136564 0.211454 0.132159 0.211454 0.127753 0.215859 0.123348 0.215859 0.118943 0.220264 0.114537 0.220264 0.123348 0.229075 0.136564 0.229075 0.140969 0.224670 0.149780 0.224670 0.158590 0.215859 0.162996 0.215859 0.167401 0.211454 0.176211 0.211454 0.189427 0.198238 0.189427 0.193833 0.198238 0.185022 0.202643 0.185022 0.207048 0.180617
0 0.471366 0.145374 0.466960 0.145374 0.458150 0.154185 0.458150 0.158590 0.462555 0.162996 0.466960 0.162996 0.471366 0.167401 0.475771 0.167401 0.480176 0.171806 0.480176 0.185022 0.462555 0.202643 0.462555 0.237885 0.466960 0.242291 0.480176 0.229075 0.480176 0.215859 0.484582 0.211454 0.484582 0.207048 0.480176 0.202643 0.480176 0.193833 0.488987 0.185022 0.493392 0.185022 0.502203 0.176211 0.502203 0.171806 0.493392 0.162996 0.493392 0.158590 0.484582 0.149780 0.475771 0.149780
0 0.118943 0.140969 0.114537 0.145374 0.110132 0.145374 0.101322 0.154185 0.101322 0.162996 0.105727 0.167401 0.110132 0.167401 0.114537 0.171806 0.123348 0.171806 0.132159 0.162996 0.132159 0.158590 0.123348 0.149780 0.123348 0.145374
0 0.753304 0.127753 0.748899 0.127753 0.744493 0.132159 0.744493 0.140969 0.740088 0.145374 0.740088 0.158590 0.735683 0.162996 0.735683 0.167401 0.731278 0.171806 0.731278 0.189427 0.726872 0.193833 0.726872 0.202643 0.731278 0.207048 0.731278 0.215859 0.726872 0.220264 0.726872 0.224670 0.731278 0.229075 0.735683 0.229075 0.740088 0.224670 0.740088 0.211454 0.748899 0.202643 0.748899 0.198238 0.753304 0.193833 0.753304 0.189427 0.748899 0.185022 0.748899 0.167401 0.744493 0.162996 0.744493 0.149780 0.753304 0.140969 0.757709 0.140969 0.762115 0.136564
0 0.885463 0.110132 0.881057 0.110132 0.876652 0.114537 0.876652 0.123348 0.867841 0.132159 0.863436 0.132159 0.859031 0.136564 0.859031 0.158590 0.845815 0.171806 0.845815 0.176211 0.841410 0.180617 0.845815 0.185022 0.850220 0.180617 0.859031 0.180617 0.872247 0.167401 0.872247 0.158590 0.876652 0.154185 0.876652 0.149780 0.885463 0.140969 0.881057 0.136564 0.881057 0.123348 0.889868 0.114537
0 0.370044 0.110132 0.356828 0.110132 0.352423 0.114537 0.352423 0.118943 0.343612 0.127753 0.343612 0.132159 0.339207 0.136564 0.339207 0.145374 0.348018 0.154185 0.361233 0.140969 0.361233 0.136564 0.374449 0.123348 0.374449 0.114537
0 0.167401 0.088106 0.158590 0.096916 0.158590 0.101322 0.154185 0.105727 0.154185 0.110132 0.149780 0.114537 0.149780 0.118943 0.145374 0.123348 0.145374 0.132159 0.149780 0.136564 0.154185 0.136564 0.158590 0.140969 0.167401 0.132159 0.167401 0.118943 0.171806 0.114537 0.171806 0.092511
0 0.995595 0.070485 0.977974 0.070485 0.964758 0.083700 0.960352 0.083700 0.955947 0.088106 0.951542 0.088106 0.947137 0.092511 0.947137 0.114537 0.951542 0.118943 0.955947 0.118943 0.960352 0.114537 0.960352 0.110132 0.977974 0.092511 0.982379 0.092511 0.986784 0.088106 0.995595 0.088106
0 0.431718 0.070485 0.427313 0.070485 0.422908 0.074890 0.422908 0.088106 0.427313 0.092511 0.427313 0.110132 0.422908 0.114537 0.422908 0.118943 0.414097 0.127753 0.414097 0.136564 0.422908 0.145374 0.431718 0.136564 0.431718 0.132159 0.444934 0.118943 0.444934 0.114537 0.449339 0.110132 0.449339 0.105727 0.453745 0.101322 0.449339 0.096916 0.449339 0.092511 0.440529 0.083700 0.440529 0.079295
0 0.321586 0.061674 0.308370 0.074890 0.308370 0.079295 0.303965 0.083700 0.299559 0.083700 0.295154 0.088106 0.295154 0.092511 0.286344 0.101322 0.286344 0.118943 0.299559 0.132159 0.303965 0.127753 0.303965 0.110132 0.308370 0.105727 0.308370 0.101322 0.317181 0.092511 0.321586 0.092511 0.325991 0.088106 0.325991 0.083700 0.330396 0.079295 0.330396 0.070485
0 0.674009 0.035242 0.669604 0.039648 0.665198 0.035242 0.651982 0.048458 0.651982 0.052863 0.647577 0.057269 0.647577 0.061674 0.651982 0.066079 0.660793 0.066079 0.674009 0.052863
0 0.528634 0.035242 0.524229 0.039648 0.524229 0.061674 0.528634 0.066079 0.533040 0.066079 0.541850 0.074890 0.541850 0.083700 0.537445 0.088106 0.537445 0.105727 0.533040 0.110132 0.533040 0.114537 0.528634 0.118943 0.524229 0.118943 0.515419 0.127753 0.519824 0.132159 0.533040 0.132159 0.541850 0.123348 0.546256 0.123348 0.550661 0.118943 0.559471 0.118943 0.563877 0.123348 0.568282 0.123348 0.577093 0.132159 0.581498 0.132159 0.590308 0.140969 0.590308 0.149780 0.577093 0.162996 0.572687 0.162996 0.563877 0.176211 0.559471 0.176211 0.555066 0.180617 0.550661 0.180617 0.546256 0.176211 0.541850 0.180617 0.546256 0.185022 0.559471 0.176211 0.572687 0.185022 0.581498 0.185022 0.590308 0.176211 0.590308 0.171806 0.603524 0.158590 0.603524 0.149780 0.612335 0.140969 0.616740 0.140969 0.625551 0.132159 0.629956 0.132159 0.634361 0.127753 0.634361 0.114537 0.638767 0.110132 0.638767 0.101322 0.629956 0.092511 0.629956 0.088106 0.625551 0.083700 0.621145 0.083700 0.616740 0.079295 0.612335 0.079295 0.599119 0.066079 0.594714 0.070485 0.590308 0.066079 0.585903 0.066079 0.581498 0.061674 0.581498 0.057269 0.572687 0.048458 0.568282 0.052863 0.568282 0.070485 0.555066 0.079295 0.550661 0.074890 0.546256 0.074890 0.541850 0.070485 0.541850 0.048458 0.537445 0.044053 0.537445 0.039648 0.533040 0.035242
0 0.845815 0.000000 0.828194 0.000000 0.828194 0.030837 0.823789 0.035242 0.823789 0.048458 0.832599 0.057269 0.832599 0.066079 0.823789 0.074890 0.823789 0.079295 0.819383 0.083700 0.814978 0.083700 0.810573 0.088106 0.806167 0.088106 0.801762 0.092511 0.801762 0.101322 0.797357 0.105727 0.806167 0.114537 0.810573 0.110132 0.819383 0.110132 0.832599 0.096916 0.832599 0.092511 0.845815 0.079295 0.845815 0.074890 0.837004 0.066079 0.837004 0.057269 0.841410 0.052863 0.841410 0.048458 0.845815 0.044053 0.845815 0.035242 0.837004 0.026432 0.837004 0.013216 0.845815 0.004405
0 0.709251 0.000000 0.687225 0.000000 0.687225 0.013216 0.682819 0.017621 0.682819 0.030837 0.687225 0.026432 0.691630 0.030837 0.696035 0.026432 0.696035 0.022026 0.704846 0.013216 0.704846 0.008811 0.709251 0.004405
0 0.462555 0.000000 0.449339 0.000000 0.449339 0.008811 0.444934 0.013216 0.444934 0.022026 0.440529 0.026432 0.440529 0.035242 0.444934 0.039648 0.453745 0.030837 0.458150 0.030837 0.462555 0.026432
0 0.414097 0.000000 0.392070 0.000000 0.392070 0.004405 0.383260 0.013216 0.383260 0.017621 0.392070 0.026432 0.400881 0.026432 0.409692 0.017621 0.409692 0.008811 0.414097 0.004405
0 0.251101 0.000000 0.251101 0.013216 0.246696 0.017621 0.246696 0.026432 0.259912 0.039648 0.264317 0.039648 0.268722 0.035242 0.273128 0.035242 0.277533 0.030837 0.281938 0.030837 0.286344 0.035242 0.290749 0.035242 0.295154 0.039648 0.299559 0.039648 0.303965 0.035242 0.299559 0.030837 0.295154 0.030837 0.290749 0.035242 0.286344 0.035242 0.281938 0.030837 0.277533 0.030837 0.268722 0.022026 0.268722 0.013216 0.259912 0.004405 0.259912 0.000000
0 0.140969 0.000000 0.140969 0.022026 0.149780 0.030837 0.158590 0.030837 0.162996 0.026432 0.162996 0.022026 0.167401 0.017621 0.162996 0.013216 0.162996 0.000000
0 0.079295 0.000000 0.079295 0.039648 0.083700 0.044053 0.092511 0.044053 0.096916 0.039648 0.096916 0.000000
0 0.039648 0.000000 0.030837 0.000000 0.030837 0.004405 0.022026 0.013216 0.017621 0.013216 0.013216 0.017621 0.000000 0.017621 0.000000 0.030837 0.004405 0.035242 0.008811 0.035242 0.013216 0.039648 0.017621 0.035242 0.017621 0.030837 0.022026 0.026432 0.022026 0.022026 0.030837 0.013216 0.035242 0.013216 0.039648 0.008811
