0 0.039648 0.960352 0.035242 0.955947 0.022026 0.955947 0.017621 0.960352 0.013216 0.960352 0.008811 0.964758 0.000000 0.964758 0.000000 0.982379 0.008811 0.982379 0.013216 0.977974 0.030837 0.977974 0.039648 0.969163
0 0.894273 0.938326 0.889868 0.942731 0.889868 0.947137 0.885463 0.951542 0.885463 0.960352 0.903084 0.977974 0.911894 0.977974 0.916300 0.973568 0.907489 0.964758 0.907489 0.947137 0.898678 0.938326
0 0.475771 0.933921 0.466960 0.942731 0.466960 0.951542 0.471366 0.955947 0.475771 0.955947 0.484582 0.964758 0.484582 0.969163 0.493392 0.977974 0.497797 0.977974 0.511013 0.991189 0.511013 0.995595 0.515419 0.995595 0.515419 0.991189 0.519824 0.986784 0.519824 0.973568 0.515419 0.969163 0.511013 0.969163 0.506608 0.964758 0.497797 0.964758 0.493392 0.960352 0.488987 0.960352 0.484582 0.955947 0.484582 0.947137 0.488987 0.942731 0.488987 0.938326 0.484582 0.933921 0.480176 0.938326
0 0.361233 0.920705 0.356828 0.920705 0.352423 0.916300 0.348018 0.916300 0.325991 0.938326 0.325991 0.947137 0.330396 0.951542 0.334802 0.951542 0.339207 0.947137 0.339207 0.942731 0.348018 0.933921 0.352423 0.933921 0.361233 0.925110
0 0.048458 0.929515 0.048458 0.933921 0.052863 0.938326 0.061674 0.938326 0.066079 0.933921 0.070485 0.933921 0.074890 0.929515 0.083700 0.929515 0.088106 0.933921 0.092511 0.933921 0.105727 0.947137 0.110132 0.947137 0.118943 0.938326 0.110132 0.929515 0.105727 0.929515 0.101322 0.925110 0.096916 0.925110 0.092511 0.920705 0.092511 0.916300 0.083700 0.907489 0.074890 0.907489 0.061674 0.920705 0.057269 0.920705
0 0.828194 0.903084 0.823789 0.903084 0.797357 0.929515 0.797357 0.933921 0.792952 0.938326 0.801762 0.947137 0.801762 0.955947 0.797357 0.960352 0.801762 0.964758 0.806167 0.960352 0.806167 0.947137 0.828194 0.925110 0.828194 0.920705 0.832599 0.916300 0.832599 0.907489
0 0.105727 0.889868 0.110132 0.894273 0.118943 0.885463 0.123348 0.885463 0.127753 0.881057 0.140969 0.881057 0.145374 0.885463 0.149780 0.885463 0.154185 0.889868 0.158590 0.889868 0.162996 0.894273 0.185022 0.894273 0.189427 0.889868 0.193833 0.889868 0.198238 0.885463 0.185022 0.872247 0.158590 0.872247 0.154185 0.867841 0.149780 0.867841 0.145374 0.863436 0.132159 0.863436 0.127753 0.867841 0.123348 0.867841 0.118943 0.863436 0.114537 0.863436 0.114537 0.867841 0.110132 0.872247 0.110132 0.885463
0 0.026432 0.859031 0.022026 0.859031 0.008811 0.872247 0.004405 0.872247 0.000000 0.876652 0.004405 0.881057 0.008811 0.881057 0.017621 0.889868 0.017621 0.903084 0.013216 0.907489 0.013216 0.920705 0.017621 0.925110 0.026432 0.916300 0.026432 0.911894 0.017621 0.903084 0.017621 0.894273 0.035242 0.876652 0.035242 0.872247 0.030837 0.867841 0.030837 0.863436
0 0.770925 0.854626 0.766520 0.859031 0.762115 0.854626 0.757709 0.859031 0.748899 0.859031 0.744493 0.863436 0.744493 0.867841 0.740088 0.872247 0.744493 0.876652 0.744493 0.881057 0.766520 0.903084 0.770925 0.898678 0.766520 0.894273 0.766520 0.881057 0.762115 0.876652 0.762115 0.867841 0.766520 0.863436 0.770925 0.863436 0.775330 0.859031
0 0.814978 0.845815 0.823789 0.854626 0.828194 0.854626 0.832599 0.859031 0.837004 0.859031 0.841410 0.863436 0.841410 0.867841 0.845815 0.872247 0.850220 0.872247 0.854626 0.876652 0.859031 0.872247 0.863436 0.876652 0.867841 0.876652 0.885463 0.894273 0.885463 0.903084 0.889868 0.907489 0.903084 0.907489 0.907489 0.903084 0.907489 0.894273 0.894273 0.881057 0.894273 0.876652 0.889868 0.872247 0.885463 0.872247 0.881057 0.867841 0.881057 0.863436 0.872247 0.854626 0.867841 0.859031 0.863436 0.854626 0.859031 0.859031 0.850220 0.859031 0.845815 0.854626 0.841410 0.854626 0.837004 0.850220 0.837004 0.845815 0.832599 0.841410 0.828194 0.841410 0.823789 0.845815 0.819383 0.841410
0 0.044053 0.828194 0.052863 0.837004 0.057269 0.837004 0.066079 0.845815 0.088106 0.845815 0.092511 0.850220 0.101322 0.850220 0.105727 0.854626 0.110132 0.854626 0.110132 0.850220 0.114537 0.845815 0.114537 0.837004 0.105727 0.828194 0.088106 0.828194 0.083700 0.832599 0.079295 0.828194 0.066079 0.828194 0.061674 0.823789 0.057269 0.828194 0.052863 0.823789 0.048458 0.823789
0 0.475771 0.753304 0.466960 0.762115 0.466960 0.766520 0.480176 0.779736 0.484582 0.779736 0.488987 0.784141 0.493392 0.784141 0.497797 0.788546 0.502203 0.788546 0.506608 0.792952 0.515419 0.784141 0.511013 0.779736 0.511013 0.770925 0.506608 0.766520 0.497797 0.766520 0.493392 0.762115 0.488987 0.762115 0.484582 0.757709 0.480176 0.757709
0 0.070485 0.665198 0.074890 0.669604 0.118943 0.669604 0.123348 0.665198 0.136564 0.665198 0.140969 0.669604 0.145374 0.669604 0.149780 0.674009 0.154185 0.674009 0.162996 0.682819 0.167401 0.682819 0.171806 0.678414 0.180617 0.678414 0.185022 0.674009 0.189427 0.678414 0.193833 0.678414 0.202643 0.687225 0.202643 0.691630 0.207048 0.696035 0.211454 0.696035 0.211454 0.691630 0.207048 0.687225 0.207048 0.682819 0.202643 0.678414 0.198238 0.682819 0.193833 0.678414 0.189427 0.678414 0.180617 0.669604 0.167401 0.669604 0.162996 0.665198 0.158590 0.665198 0.149780 0.656388 0.145374 0.656388 0.140969 0.660793 0.136564 0.656388 0.123348 0.656388 0.118943 0.660793 0.074890 0.660793
0 0.229075 0.577093 0.229075 0.590308 0.237885 0.599119 0.242291 0.599119 0.246696 0.594714 0.255507 0.594714 0.259912 0.590308 0.251101 0.581498 0.246696 0.581498 0.237885 0.572687 0.233480 0.572687
0 0.070485 0.563877 0.074890 0.568282 0.083700 0.568282 0.088106 0.572687 0.092511 0.572687 0.096916 0.577093 0.101322 0.577093 0.114537 0.590308 0.123348 0.590308 0.127753 0.594714 0.145374 0.594714 0.149780 0.590308 0.145374 0.585903 0.145374 0.581498 0.140969 0.577093 0.136564 0.577093 0.132159 0.572687 0.127753 0.572687 0.123348 0.568282 0.114537 0.568282 0.110132 0.563877 0.105727 0.568282 0.101322 0.563877 0.096916 0.563877 0.083700 0.550661
0 0.303965 0.511013 0.295154 0.502203 0.290749 0.502203 0.286344 0.506608 0.281938 0.506608 0.277533 0.511013 0.273128 0.511013 0.264317 0.519824 0.264317 0.524229 0.259912 0.528634 0.259912 0.533040 0.246696 0.546256 0.251101 0.550661 0.259912 0.550661 0.268722 0.541850 0.273128 0.541850 0.277533 0.537445 0.286344 0.537445 0.299559 0.524229 0.299559 0.519824 0.303965 0.515419
0 0.140969 0.488987 0.136564 0.493392 0.136564 0.502203 0.149780 0.515419 0.154185 0.515419 0.162996 0.524229 0.167401 0.519824 0.167401 0.515419 0.171806 0.511013 0.171806 0.502203 0.167401 0.497797 0.167401 0.493392 0.162996 0.488987
0 0.995595 0.678414 0.894273 0.656388 0.863436 0.625551 0.792952 0.656388 0.784141 0.621145 0.700441 0.581498 0.713656 0.541850 0.762115 0.563877 0.898678 0.541850 0.960352 0.572687 0.938326 0.506608 0.872247 0.541850 0.832599 0.480176 0.823789 0.506608 0.784141 0.515419 0.837004 0.519824 0.797357 0.550661 0.726872 0.528634 0.634361 0.581498 0.572687 0.572687 0.603524 0.599119 0.674009 0.572687 0.700441 0.625551 0.775330 0.634361 0.766520 0.660793 0.656388 0.656388 0.607930 0.678414 0.585903 0.621145 0.546256 0.629956 0.533040 0.594714 0.511013 0.634361 0.466960 0.621145 0.458150 0.590308 0.378855 0.555066 0.308370 0.607930 0.378855 0.572687 0.405286 0.590308 0.436123 0.660793 0.370044 0.722467 0.339207 0.709251 0.330396 0.740088 0.233480 0.788546 0.215859 0.766520 0.193833 0.788546 0.083700 0.766520 0.052863 0.792952 0.000000 0.792952 0.061674 0.806167 0.154185 0.779736 0.198238 0.810573 0.185022 0.837004 0.211454 0.854626 0.207048 0.823789 0.246696 0.792952 0.281938 0.876652 0.334802 0.832599 0.374449 0.867841 0.400881 0.819383 0.303965 0.841410 0.268722 0.823789 0.295154 0.792952 0.325991 0.797357 0.308370 0.766520 0.330396 0.757709 0.383260 0.801762 0.422908 0.766520 0.383260 0.740088 0.387665 0.718062 0.471366 0.682819 0.515419 0.700441 0.550661 0.674009 0.546256 0.718062 0.568282 0.744493 0.599119 0.731278 0.603524 0.770925 0.572687 0.770925 0.519824 0.837004 0.480176 0.828194 0.466960 0.876652 0.427313 0.863436 0.374449 0.907489 0.519824 0.881057 0.603524 0.784141 0.612335 0.872247 0.669604 0.867841 0.625551 0.911894 0.643172 0.960352 0.669604 0.947137 0.643172 0.916300 0.687225 0.881057 0.647577 0.850220 0.651982 0.718062 0.687225 0.709251 0.704846 0.753304 0.735683 0.762115 0.691630 0.696035 0.806167 0.665198 0.814978 0.687225 0.762115 0.700441 0.885463 0.770925 0.828194 0.792952 0.788546 0.744493 0.779736 0.762115 0.867841 0.814978 0.911894 0.766520 0.863436 0.696035 0.964758 0.726872
0 0.691630 0.480176 0.682819 0.488987 0.682819 0.506608 0.678414 0.511013 0.687225 0.519824 0.691630 0.519824 0.700441 0.511013 0.700441 0.497797 0.704846 0.493392
0 0.414097 0.449339 0.414097 0.453745 0.418502 0.458150 0.422908 0.458150 0.427313 0.462555 0.431718 0.462555 0.436123 0.458150 0.440529 0.462555 0.444934 0.462555 0.449339 0.466960 0.453745 0.466960 0.458150 0.462555 0.462555 0.462555 0.466960 0.458150 0.466960 0.449339 0.462555 0.444934 0.453745 0.444934 0.449339 0.449339 0.427313 0.449339 0.422908 0.444934 0.418502 0.444934
0 0.590308 0.440529 0.585903 0.444934 0.585903 0.453745 0.590308 0.458150 0.590308 0.462555 0.599119 0.471366 0.603524 0.471366 0.612335 0.480176 0.612335 0.488987 0.621145 0.497797 0.625551 0.493392 0.625551 0.462555 0.621145 0.458150 0.621145 0.453745 0.612335 0.444934 0.603524 0.444934 0.599119 0.440529
0 0.039648 0.436123 0.035242 0.431718 0.030837 0.431718 0.017621 0.444934 0.013216 0.444934 0.008811 0.449339 0.004405 0.449339 0.000000 0.444934 0.000000 0.462555 0.004405 0.462555 0.013216 0.453745 0.017621 0.453745 0.022026 0.449339 0.026432 0.449339 0.030837 0.453745 0.035242 0.453745 0.039648 0.458150 0.044053 0.453745 0.044053 0.444934 0.039648 0.440529
0 0.823789 0.422908 0.819383 0.427313 0.819383 0.436123 0.832599 0.449339 0.837004 0.449339 0.841410 0.453745 0.845815 0.453745 0.854626 0.444934 0.832599 0.422908
0 0.198238 0.427313 0.193833 0.422908 0.180617 0.422908 0.176211 0.427313 0.180617 0.431718 0.180617 0.440529 0.176211 0.444934 0.171806 0.444934 0.167401 0.449339 0.162996 0.449339 0.158590 0.444934 0.154185 0.449339 0.149780 0.449339 0.145374 0.444934 0.140969 0.449339 0.149780 0.458150 0.154185 0.458150 0.158590 0.462555 0.162996 0.462555 0.167401 0.458150 0.171806 0.462555 0.185022 0.462555 0.193833 0.453745 0.193833 0.436123 0.198238 0.431718
0 0.378855 0.409692 0.370044 0.418502 0.370044 0.427313 0.374449 0.431718 0.374449 0.436123 0.378855 0.440529 0.383260 0.440529 0.387665 0.444934 0.392070 0.444934 0.396476 0.440529 0.396476 0.422908 0.383260 0.409692
0 0.709251 0.405286 0.709251 0.418502 0.713656 0.422908 0.718062 0.422908 0.722467 0.427313 0.726872 0.427313 0.731278 0.431718 0.735683 0.431718 0.748899 0.444934 0.757709 0.444934 0.762115 0.449339 0.766520 0.449339 0.770925 0.453745 0.770925 0.458150 0.775330 0.462555 0.784141 0.453745 0.784141 0.449339 0.779736 0.444934 0.779736 0.436123 0.770925 0.427313 0.766520 0.427313 0.762115 0.431718 0.757709 0.431718 0.753304 0.427313 0.748899 0.427313 0.731278 0.409692 0.731278 0.405286 0.726872 0.400881 0.713656 0.400881
0 0.096916 0.396476 0.088106 0.405286 0.088106 0.422908 0.092511 0.427313 0.092511 0.431718 0.105727 0.444934 0.105727 0.453745 0.101322 0.458150 0.101322 0.466960 0.105727 0.471366 0.110132 0.471366 0.118943 0.462555 0.118943 0.458150 0.110132 0.449339 0.110132 0.440529 0.114537 0.436123 0.105727 0.427313 0.105727 0.405286
0 0.656388 0.383260 0.647577 0.392070 0.647577 0.400881 0.656388 0.409692 0.656388 0.427313 0.665198 0.436123 0.669604 0.431718 0.669604 0.422908 0.665198 0.418502 0.665198 0.414097 0.660793 0.409692 0.660793 0.400881 0.665198 0.396476 0.665198 0.387665 0.660793 0.383260
0 0.458150 0.387665 0.458150 0.392070 0.462555 0.396476 0.466960 0.396476 0.471366 0.392070 0.475771 0.392070 0.480176 0.396476 0.484582 0.396476 0.506608 0.418502 0.511013 0.414097 0.515419 0.418502 0.519824 0.418502 0.524229 0.422908 0.524229 0.431718 0.519824 0.436123 0.519824 0.440529 0.524229 0.444934 0.528634 0.444934 0.533040 0.449339 0.537445 0.449339 0.546256 0.458150 0.546256 0.466960 0.550661 0.471366 0.555066 0.466960 0.546256 0.458150 0.546256 0.449339 0.550661 0.444934 0.550661 0.431718 0.546256 0.427313 0.541850 0.427313 0.537445 0.422908 0.533040 0.422908 0.524229 0.414097 0.524229 0.405286 0.515419 0.396476 0.511013 0.396476 0.506608 0.392070 0.493392 0.392070 0.488987 0.396476 0.484582 0.396476 0.480176 0.392070 0.475771 0.392070 0.466960 0.383260 0.462555 0.383260
0 0.964758 0.321586 0.951542 0.334802 0.955947 0.339207 0.955947 0.343612 0.964758 0.352423 0.973568 0.352423 0.977974 0.348018 0.977974 0.334802
0 0.638767 0.339207 0.643172 0.343612 0.656388 0.343612 0.660793 0.339207 0.665198 0.339207 0.669604 0.334802 0.674009 0.339207 0.682819 0.339207 0.687225 0.334802 0.700441 0.334802 0.704846 0.330396 0.696035 0.321586 0.691630 0.321586 0.687225 0.325991 0.678414 0.325991 0.674009 0.330396 0.669604 0.330396 0.665198 0.325991 0.660793 0.325991 0.656388 0.321586 0.647577 0.321586 0.638767 0.330396
0 0.546256 0.325991 0.555066 0.334802 0.555066 0.339207 0.559471 0.343612 0.559471 0.348018 0.568282 0.356828 0.577093 0.356828 0.581498 0.352423 0.590308 0.352423 0.594714 0.356828 0.599119 0.356828 0.603524 0.361233 0.607930 0.356828 0.603524 0.352423 0.599119 0.352423 0.585903 0.339207 0.577093 0.339207 0.572687 0.334802 0.568282 0.334802 0.555066 0.321586 0.550661 0.321586
0 0.255507 0.303965 0.255507 0.317181 0.259912 0.321586 0.264317 0.317181 0.268722 0.317181 0.273128 0.312775 0.281938 0.312775 0.286344 0.317181 0.290749 0.317181 0.303965 0.330396 0.308370 0.330396 0.312775 0.334802 0.317181 0.334802 0.321586 0.339207 0.330396 0.339207 0.334802 0.343612 0.343612 0.334802 0.334802 0.325991 0.330396 0.325991 0.312775 0.308370 0.290749 0.308370 0.286344 0.303965 0.281938 0.303965 0.277533 0.299559 0.259912 0.299559
0 0.396476 0.277533 0.392070 0.281938 0.392070 0.295154 0.378855 0.308370 0.378855 0.317181 0.374449 0.321586 0.374449 0.334802 0.378855 0.339207 0.387665 0.339207 0.396476 0.330396 0.396476 0.308370 0.392070 0.303965 0.392070 0.295154 0.396476 0.290749 0.400881 0.290749 0.405286 0.286344 0.414097 0.286344 0.418502 0.281938 0.422908 0.286344 0.427313 0.286344 0.431718 0.290749 0.436123 0.290749 0.449339 0.303965 0.449339 0.312775 0.444934 0.317181 0.444934 0.321586 0.440529 0.325991 0.440529 0.330396 0.453745 0.343612 0.453745 0.348018 0.458150 0.352423 0.462555 0.352423 0.466960 0.356828 0.471366 0.352423 0.471366 0.348018 0.466960 0.343612 0.466960 0.321586 0.462555 0.317181 0.462555 0.308370 0.466960 0.303965 0.466960 0.295154 0.462555 0.290749 0.462555 0.286344 0.458150 0.281938 0.453745 0.281938 0.449339 0.277533 0.436123 0.277533 0.431718 0.281938 0.418502 0.281938 0.414097 0.277533
0 0.819383 0.273128 0.814978 0.277533 0.814978 0.281938 0.801762 0.295154 0.801762 0.308370 0.806167 0.312775 0.806167 0.321586 0.810573 0.325991 0.810573 0.339207 0.806167 0.343612 0.801762 0.343612 0.797357 0.348018 0.792952 0.348018 0.788546 0.352423 0.784141 0.352423 0.779736 0.356828 0.779736 0.361233 0.788546 0.370044 0.806167 0.370044 0.814978 0.361233 0.819383 0.361233 0.823789 0.356828 0.828194 0.361233 0.832599 0.361233 0.841410 0.370044 0.845815 0.370044 0.859031 0.378855 0.867841 0.378855 0.872247 0.383260 0.876652 0.383260 0.881057 0.387665 0.881057 0.396476 0.885463 0.400881 0.885463 0.405286 0.889868 0.409692 0.894273 0.409692 0.903084 0.418502 0.907489 0.418502 0.920705 0.431718 0.920705 0.436123 0.929515 0.449339 0.929515 0.458150 0.942731 0.466960 0.947137 0.462555 0.951542 0.462555 0.955947 0.458150 0.942731 0.449339 0.942731 0.444934 0.938326 0.440529 0.938326 0.431718 0.925110 0.418502 0.925110 0.414097 0.920705 0.409692 0.916300 0.409692 0.907489 0.400881 0.907489 0.396476 0.898678 0.387665 0.885463 0.387665 0.881057 0.383260 0.876652 0.383260 0.872247 0.378855 0.872247 0.365639 0.867841 0.361233 0.863436 0.361233 0.859031 0.356828 0.854626 0.356828 0.845815 0.348018 0.841410 0.348018 0.828194 0.339207 0.828194 0.321586 0.814978 0.308370 0.814978 0.299559 0.819383 0.295154 0.819383 0.290749 0.832599 0.277533 0.828194 0.273128
0 0.585903 0.255507 0.581498 0.251101 0.568282 0.251101 0.563877 0.255507 0.563877 0.264317 0.559471 0.268722 0.555066 0.268722 0.550661 0.273128 0.546256 0.268722 0.537445 0.268722 0.533040 0.273128 0.528634 0.273128 0.524229 0.277533 0.524229 0.286344 0.528634 0.290749 0.541850 0.290749 0.546256 0.286344 0.546256 0.281938 0.550661 0.277533 0.550661 0.273128 0.555066 0.268722 0.559471 0.268722 0.563877 0.264317 0.568282 0.268722 0.572687 0.268722 0.577093 0.273128 0.581498 0.268722 0.581498 0.264317 0.585903 0.259912
0 0.185022 0.246696 0.171806 0.259912 0.171806 0.264317 0.176211 0.268722 0.180617 0.268722 0.185022 0.273128 0.185022 0.281938 0.189427 0.286344 0.189427 0.290749 0.198238 0.299559 0.207048 0.290749 0.207048 0.286344 0.193833 0.273128 0.193833 0.255507
0 0.303965 0.237885 0.303965 0.246696 0.308370 0.251101 0.308370 0.255507 0.325991 0.273128 0.343612 0.273128 0.348018 0.277533 0.352423 0.277533 0.356828 0.273128 0.374449 0.273128 0.378855 0.268722 0.378855 0.264317 0.374449 0.259912 0.352423 0.259912 0.348018 0.264317 0.343612 0.259912 0.339207 0.259912 0.325991 0.246696 0.325991 0.242291 0.321586 0.237885 0.317181 0.237885 0.312775 0.233480 0.308370 0.233480
0 0.466960 0.229075 0.462555 0.233480 0.462555 0.251101 0.466960 0.255507 0.484582 0.255507 0.488987 0.251101 0.488987 0.242291 0.484582 0.237885 0.480176 0.237885 0.475771 0.233480 0.471366 0.233480
0 0.044053 0.224670 0.039648 0.229075 0.039648 0.233480 0.044053 0.237885 0.044053 0.246696 0.026432 0.264317 0.026432 0.268722 0.035242 0.277533 0.035242 0.281938 0.039648 0.286344 0.044053 0.286344 0.052863 0.295154 0.052863 0.317181 0.057269 0.321586 0.066079 0.312775 0.066079 0.286344 0.057269 0.277533 0.057269 0.273128 0.048458 0.264317 0.048458 0.255507 0.044053 0.251101 0.044053 0.237885 0.052863 0.229075 0.048458 0.224670
0 0.629956 0.220264 0.629956 0.242291 0.638767 0.251101 0.647577 0.251101 0.651982 0.255507 0.656388 0.255507 0.660793 0.259912 0.665198 0.259912 0.669604 0.264317 0.682819 0.264317 0.687225 0.259912 0.691630 0.259912 0.700441 0.251101 0.696035 0.246696 0.687225 0.246696 0.682819 0.242291 0.678414 0.242291 0.674009 0.246696 0.669604 0.242291 0.665198 0.242291 0.660793 0.237885 0.656388 0.237885 0.643172 0.224670 0.643172 0.220264 0.638767 0.215859 0.634361 0.215859
0 0.828194 0.198238 0.819383 0.207048 0.828194 0.215859 0.828194 0.224670 0.832599 0.229075 0.832599 0.237885 0.837004 0.242291 0.837004 0.246696 0.841410 0.251101 0.845815 0.251101 0.854626 0.242291 0.859031 0.242291 0.863436 0.237885 0.859031 0.237885 0.854626 0.233480 0.854626 0.229075 0.845815 0.220264 0.845815 0.215859 0.841410 0.211454 0.841410 0.207048 0.832599 0.198238
0 0.704846 0.171806 0.700441 0.167401 0.691630 0.167401 0.687225 0.171806 0.682819 0.171806 0.678414 0.176211 0.674009 0.171806 0.669604 0.171806 0.665198 0.176211 0.660793 0.176211 0.651982 0.185022 0.651982 0.189427 0.660793 0.198238 0.665198 0.198238 0.669604 0.193833 0.674009 0.193833 0.678414 0.189427 0.687225 0.189427 0.691630 0.185022 0.691630 0.180617 0.696035 0.176211 0.700441 0.176211
0 0.048458 0.162996 0.035242 0.176211 0.035242 0.185022 0.048458 0.198238 0.057269 0.189427 0.057269 0.171806
0 0.414097 0.158590 0.409692 0.162996 0.409692 0.193833 0.414097 0.198238 0.414097 0.207048 0.418502 0.211454 0.422908 0.211454 0.431718 0.202643 0.431718 0.180617 0.427313 0.176211 0.427313 0.162996 0.422908 0.158590 0.418502 0.162996
0 0.519824 0.145374 0.524229 0.149780 0.528634 0.149780 0.533040 0.154185 0.541850 0.154185 0.546256 0.158590 0.550661 0.158590 0.555066 0.162996 0.563877 0.154185 0.555066 0.145374 0.550661 0.145374 0.546256 0.140969 0.533040 0.140969 0.528634 0.136564
0 0.264317 0.136564 0.268722 0.140969 0.273128 0.140969 0.277533 0.145374 0.277533 0.149780 0.286344 0.158590 0.290749 0.158590 0.299559 0.149780 0.299559 0.140969 0.295154 0.136564 0.290749 0.136564 0.281938 0.127753 0.277533 0.132159 0.273128 0.132159 0.268722 0.136564
0 0.925110 0.123348 0.916300 0.132159 0.916300 0.140969 0.929515 0.154185 0.929515 0.158590 0.933921 0.162996 0.933921 0.180617 0.938326 0.185022 0.947137 0.176211 0.947137 0.162996 0.942731 0.158590 0.942731 0.132159 0.933921 0.123348
0 0.189427 0.127753 0.189427 0.136564 0.198238 0.145374 0.202643 0.145374 0.207048 0.149780 0.211454 0.149780 0.215859 0.154185 0.220264 0.154185 0.224670 0.149780 0.229075 0.154185 0.233480 0.149780 0.242291 0.149780 0.251101 0.140969 0.255507 0.140969 0.251101 0.136564 0.246696 0.136564 0.242291 0.132159 0.224670 0.132159 0.220264 0.136564 0.215859 0.132159 0.211454 0.132159 0.202643 0.123348 0.193833 0.123348
0 0.343612 0.092511 0.356828 0.105727 0.361233 0.105727 0.370044 0.114537 0.378855 0.114537 0.383260 0.110132 0.383260 0.105727 0.374449 0.096916 0.370044 0.096916 0.365639 0.092511 0.361233 0.092511 0.356828 0.088106 0.356828 0.083700 0.352423 0.088106 0.348018 0.088106
0 0.682819 0.096916 0.691630 0.105727 0.696035 0.105727 0.700441 0.101322 0.704846 0.101322 0.709251 0.096916 0.713656 0.096916 0.718062 0.101322 0.722467 0.101322 0.731278 0.110132 0.740088 0.110132 0.744493 0.114537 0.753304 0.114537 0.762115 0.105727 0.762115 0.101322 0.757709 0.096916 0.753304 0.101322 0.748899 0.101322 0.744493 0.096916 0.735683 0.096916 0.731278 0.092511 0.726872 0.096916 0.722467 0.096916 0.718062 0.092511 0.713656 0.092511 0.700441 0.079295 0.696035 0.079295 0.687225 0.088106 0.687225 0.092511
0 0.572687 0.052863 0.568282 0.057269 0.568282 0.066079 0.572687 0.070485 0.572687 0.079295 0.577093 0.083700 0.577093 0.088106 0.581498 0.092511 0.581498 0.101322 0.585903 0.105727 0.585903 0.110132 0.594714 0.118943 0.594714 0.127753 0.603524 0.136564 0.612335 0.136564 0.616740 0.132159 0.616740 0.127753 0.607930 0.118943 0.607930 0.114537 0.603524 0.110132 0.603524 0.101322 0.607930 0.096916 0.603524 0.092511 0.603524 0.088106 0.585903 0.070485 0.585903 0.061674 0.577093 0.052863
0 0.458150 0.035242 0.453745 0.039648 0.453745 0.048458 0.462555 0.057269 0.466960 0.057269 0.480176 0.070485 0.480176 0.079295 0.466960 0.092511 0.466960 0.096916 0.462555 0.101322 0.462555 0.114537 0.471366 0.123348 0.475771 0.123348 0.480176 0.118943 0.480176 0.074890 0.484582 0.070485 0.488987 0.070485 0.493392 0.066079 0.493392 0.057269 0.488987 0.052863 0.484582 0.052863 0.480176 0.057269 0.475771 0.052863 0.471366 0.052863 0.466960 0.048458 0.466960 0.044053
0 0.859031 0.044053 0.850220 0.035242 0.845815 0.035242 0.841410 0.030837 0.832599 0.039648 0.828194 0.039648 0.823789 0.044053 0.819383 0.039648 0.814978 0.044053 0.806167 0.044053 0.797357 0.052863 0.797357 0.061674 0.806167 0.070485 0.810573 0.070485 0.823789 0.057269 0.823789 0.052863 0.828194 0.048458 0.832599 0.048458 0.837004 0.044053 0.850220 0.044053 0.854626 0.048458
