0 0.969163 0.955947 0.960352 0.964758 0.960352 0.969163 0.964758 0.973568 0.969163 0.969163 0.973568 0.969163 0.977974 0.973568 0.982379 0.973568 0.991189 0.982379 0.991189 0.991189 0.986784 0.995595 0.995595 0.995595 0.995595 0.960352 0.982379 0.960352 0.977974 0.955947
0 0.819383 0.942731 0.806167 0.929515 0.806167 0.920705 0.801762 0.916300 0.797357 0.916300 0.792952 0.920705 0.788546 0.920705 0.784141 0.925110 0.779736 0.925110 0.775330 0.920705 0.762115 0.920705 0.748899 0.933921 0.748899 0.955947 0.740088 0.964758 0.735683 0.964758 0.731278 0.969163 0.735683 0.973568 0.740088 0.969163 0.744493 0.973568 0.748899 0.969163 0.748899 0.964758 0.775330 0.938326 0.779736 0.938326 0.784141 0.933921 0.792952 0.933921 0.797357 0.938326 0.801762 0.938326 0.810573 0.947137 0.814978 0.947137
0 0.533040 0.933921 0.537445 0.938326 0.541850 0.938326 0.546256 0.933921 0.550661 0.933921 0.555066 0.929515 0.563877 0.929515 0.568282 0.933921 0.572687 0.929515 0.572687 0.925110 0.568282 0.920705 0.563877 0.920705 0.559471 0.916300 0.541850 0.916300 0.537445 0.920705 0.537445 0.925110 0.533040 0.929515
0 0.665198 0.911894 0.669604 0.911894 0.674009 0.916300 0.674009 0.920705 0.682819 0.929515 0.687225 0.925110 0.691630 0.925110 0.700441 0.916300 0.704846 0.916300 0.709251 0.911894 0.713656 0.916300 0.718062 0.911894 0.718062 0.903084 0.713656 0.898678 0.709251 0.898678 0.704846 0.903084 0.696035 0.903084 0.691630 0.898678 0.682819 0.898678 0.674009 0.907489 0.669604 0.907489
0 0.643172 0.894273 0.638767 0.894273 0.625551 0.907489 0.625551 0.911894 0.629956 0.916300 0.629956 0.920705 0.634361 0.925110 0.634361 0.933921 0.621145 0.947137 0.621145 0.955947 0.634361 0.969163 0.638767 0.969163 0.643172 0.964758 0.643172 0.960352 0.638767 0.955947 0.638767 0.951542 0.634361 0.947137 0.634361 0.929515 0.638767 0.925110 0.643172 0.925110 0.647577 0.920705 0.647577 0.916300 0.651982 0.911894 0.656388 0.911894 0.656388 0.907489 0.651982 0.907489 0.647577 0.903084 0.647577 0.898678
0 0.224670 0.881057 0.220264 0.885463 0.220264 0.889868 0.233480 0.903084 0.233480 0.907489 0.242291 0.916300 0.251101 0.916300 0.255507 0.911894 0.255507 0.898678 0.251101 0.894273 0.246696 0.894273 0.242291 0.889868 0.237885 0.889868 0.229075 0.881057
0 0.079295 0.872247 0.074890 0.876652 0.079295 0.881057 0.079295 0.911894 0.083700 0.916300 0.088106 0.916300 0.101322 0.929515 0.110132 0.929515 0.114537 0.925110 0.114537 0.920705 0.110132 0.916300 0.110132 0.911894 0.105727 0.907489 0.105727 0.903084 0.088106 0.885463 0.088106 0.881057
0 0.775330 0.881057 0.779736 0.885463 0.784141 0.881057 0.801762 0.881057 0.806167 0.885463 0.814978 0.885463 0.819383 0.889868 0.823789 0.889868 0.828194 0.894273 0.828194 0.907489 0.832599 0.911894 0.837004 0.911894 0.841410 0.907489 0.867841 0.907489 0.872247 0.903084 0.872247 0.889868 0.867841 0.885463 0.863436 0.885463 0.859031 0.889868 0.845815 0.889868 0.841410 0.894273 0.837004 0.889868 0.832599 0.889868 0.828194 0.885463 0.828194 0.876652 0.819383 0.867841 0.810573 0.867841 0.806167 0.872247 0.801762 0.872247 0.797357 0.876652 0.792952 0.872247 0.788546 0.876652 0.784141 0.872247
0 0.559471 0.854626 0.555066 0.850220 0.546256 0.850220 0.541850 0.854626 0.537445 0.854626 0.533040 0.859031 0.528634 0.859031 0.515419 0.872247 0.515419 0.876652 0.524229 0.885463 0.537445 0.872247 0.541850 0.872247 0.546256 0.867841 0.550661 0.867841 0.555066 0.863436 0.555066 0.859031
0 0.105727 0.841410 0.105727 0.850220 0.114537 0.859031 0.123348 0.859031 0.127753 0.854626 0.132159 0.854626 0.136564 0.850220 0.136564 0.845815 0.123348 0.832599 0.114537 0.832599
0 0.674009 0.832599 0.669604 0.828194 0.665198 0.828194 0.660793 0.823789 0.656388 0.828194 0.656388 0.832599 0.629956 0.859031 0.625551 0.859031 0.621145 0.863436 0.621145 0.867841 0.625551 0.872247 0.629956 0.872247 0.634361 0.867841 0.634361 0.863436 0.638767 0.859031 0.643172 0.859031 0.651982 0.850220 0.656388 0.850220 0.665198 0.841410 0.669604 0.841410 0.674009 0.837004
0 0.427313 0.828194 0.431718 0.832599 0.453745 0.832599 0.458150 0.828194 0.462555 0.832599 0.466960 0.832599 0.471366 0.837004 0.471366 0.845815 0.475771 0.850220 0.484582 0.850220 0.488987 0.845815 0.488987 0.841410 0.497797 0.832599 0.502203 0.832599 0.506608 0.828194 0.506608 0.823789 0.502203 0.819383 0.493392 0.819383 0.480176 0.832599 0.475771 0.832599 0.471366 0.837004 0.466960 0.832599 0.462555 0.832599 0.458150 0.828194 0.458150 0.823789 0.453745 0.819383 0.440529 0.819383 0.436123 0.823789 0.431718 0.823789
0 0.286344 0.801762 0.281938 0.801762 0.273128 0.810573 0.273128 0.814978 0.268722 0.819383 0.264317 0.819383 0.259912 0.823789 0.259912 0.837004 0.264317 0.841410 0.268722 0.841410 0.277533 0.832599 0.277533 0.828194 0.281938 0.823789 0.281938 0.819383 0.286344 0.814978 0.286344 0.810573 0.290749 0.806167
0 0.713656 0.797357 0.704846 0.806167 0.704846 0.814978 0.709251 0.819383 0.709251 0.832599 0.718062 0.841410 0.722467 0.841410 0.731278 0.832599 0.731278 0.810573 0.726872 0.806167 0.726872 0.801762 0.722467 0.797357
0 0.814978 0.784141 0.806167 0.792952 0.806167 0.797357 0.814978 0.806167 0.814978 0.823789 0.806167 0.832599 0.814978 0.841410 0.823789 0.841410 0.832599 0.832599 0.832599 0.810573 0.828194 0.806167 0.828194 0.801762 0.823789 0.797357 0.823789 0.792952
0 0.440529 0.770925 0.436123 0.766520 0.427313 0.766520 0.418502 0.775330 0.414097 0.775330 0.409692 0.779736 0.387665 0.779736 0.383260 0.784141 0.378855 0.779736 0.374449 0.784141 0.387665 0.797357 0.418502 0.797357 0.427313 0.788546 0.431718 0.788546 0.440529 0.779736
0 0.101322 0.762115 0.110132 0.770925 0.114537 0.770925 0.118943 0.775330 0.127753 0.766520 0.132159 0.766520 0.136564 0.762115 0.140969 0.762115 0.145374 0.757709 0.136564 0.748899 0.118943 0.748899 0.114537 0.753304 0.110132 0.753304
0 0.202643 0.744493 0.198238 0.744493 0.193833 0.748899 0.193833 0.779736 0.189427 0.784141 0.189427 0.792952 0.193833 0.797357 0.198238 0.797357 0.207048 0.788546 0.207048 0.779736 0.211454 0.775330 0.211454 0.770925 0.215859 0.766520 0.215859 0.762115 0.211454 0.757709 0.211454 0.753304
0 0.048458 0.735683 0.039648 0.735683 0.035242 0.740088 0.035242 0.744493 0.030837 0.748899 0.030837 0.753304 0.035242 0.757709 0.035242 0.770925 0.030837 0.775330 0.026432 0.775330 0.017621 0.784141 0.022026 0.788546 0.026432 0.788546 0.030837 0.784141 0.030837 0.775330 0.035242 0.770925 0.039648 0.770925 0.044053 0.766520 0.048458 0.766520 0.052863 0.762115 0.052863 0.757709 0.057269 0.753304 0.057269 0.748899 0.052863 0.744493 0.052863 0.740088
0 0.185022 0.709251 0.189427 0.713656 0.193833 0.713656 0.198238 0.709251 0.202643 0.709251 0.207048 0.704846 0.211454 0.709251 0.215859 0.709251 0.229075 0.722467 0.237885 0.722467 0.242291 0.726872 0.246696 0.726872 0.251101 0.731278 0.264317 0.731278 0.268722 0.726872 0.273128 0.726872 0.277533 0.722467 0.281938 0.722467 0.286344 0.718062 0.290749 0.718062 0.299559 0.709251 0.299559 0.704846 0.290749 0.696035 0.286344 0.700441 0.281938 0.700441 0.268722 0.713656 0.264317 0.713656 0.259912 0.718062 0.251101 0.718062 0.246696 0.722467 0.242291 0.718062 0.237885 0.718062 0.233480 0.713656 0.233480 0.704846 0.224670 0.696035 0.220264 0.696035 0.211454 0.704846 0.207048 0.704846 0.202643 0.709251 0.198238 0.709251 0.193833 0.704846 0.189427 0.704846
0 0.127753 0.696035 0.123348 0.691630 0.114537 0.691630 0.105727 0.700441 0.101322 0.700441 0.096916 0.704846 0.092511 0.704846 0.088106 0.709251 0.083700 0.709251 0.079295 0.713656 0.079295 0.718062 0.083700 0.722467 0.088106 0.722467 0.092511 0.726872 0.096916 0.722467 0.101322 0.722467 0.114537 0.709251 0.118943 0.709251 0.127753 0.700441
0 0.039648 0.700441 0.035242 0.696035 0.035242 0.691630 0.030837 0.687225 0.022026 0.687225 0.017621 0.691630 0.013216 0.691630 0.008811 0.696035 0.004405 0.696035 0.000000 0.691630 0.000000 0.704846 0.017621 0.704846 0.022026 0.709251 0.026432 0.704846 0.035242 0.704846
0 0.356828 0.665198 0.356828 0.678414 0.365639 0.687225 0.365639 0.696035 0.374449 0.704846 0.383260 0.704846 0.387665 0.709251 0.396476 0.709251 0.400881 0.704846 0.405286 0.709251 0.418502 0.709251 0.427313 0.700441 0.431718 0.700441 0.436123 0.696035 0.440529 0.700441 0.444934 0.700441 0.449339 0.696035 0.458150 0.696035 0.462555 0.691630 0.466960 0.691630 0.471366 0.687225 0.471366 0.682819 0.475771 0.678414 0.471366 0.674009 0.471366 0.669604 0.466960 0.665198 0.458150 0.665198 0.449339 0.674009 0.449339 0.678414 0.440529 0.687225 0.440529 0.691630 0.436123 0.696035 0.431718 0.696035 0.427313 0.700441 0.422908 0.696035 0.418502 0.696035 0.414097 0.691630 0.409692 0.696035 0.405286 0.691630 0.387665 0.691630 0.383260 0.687225 0.378855 0.691630 0.374449 0.687225 0.370044 0.687225 0.365639 0.682819 0.365639 0.665198 0.361233 0.660793
0 0.339207 0.647577 0.334802 0.643172 0.330396 0.643172 0.325991 0.647577 0.321586 0.647577 0.317181 0.651982 0.308370 0.651982 0.303965 0.656388 0.303965 0.660793 0.299559 0.665198 0.308370 0.674009 0.312775 0.669604 0.321586 0.669604 0.330396 0.660793 0.334802 0.660793 0.339207 0.656388
0 0.568282 0.621145 0.563877 0.625551 0.559471 0.625551 0.555066 0.629956 0.555066 0.634361 0.559471 0.638767 0.559471 0.643172 0.563877 0.647577 0.568282 0.647577 0.572687 0.651982 0.577093 0.651982 0.581498 0.647577 0.581498 0.629956 0.577093 0.625551 0.572687 0.625551
0 0.039648 0.625551 0.039648 0.629956 0.044053 0.634361 0.061674 0.634361 0.066079 0.638767 0.070485 0.634361 0.074890 0.634361 0.079295 0.629956 0.074890 0.625551 0.070485 0.625551 0.057269 0.612335 0.052863 0.616740 0.048458 0.616740
0 0.898678 0.607930 0.894273 0.612335 0.894273 0.621145 0.898678 0.625551 0.898678 0.634361 0.907489 0.643172 0.916300 0.643172 0.925110 0.634361 0.925110 0.625551 0.907489 0.607930
0 0.797357 0.577093 0.788546 0.585903 0.788546 0.590308 0.779736 0.599119 0.784141 0.603524 0.788546 0.603524 0.792952 0.607930 0.797357 0.607930 0.806167 0.599119 0.806167 0.590308 0.810573 0.585903 0.806167 0.585903
0 0.841410 0.568282 0.837004 0.572687 0.832599 0.572687 0.828194 0.577093 0.828194 0.581498 0.823789 0.585903 0.828194 0.585903 0.841410 0.599119 0.845815 0.599119 0.850220 0.603524 0.850220 0.634361 0.854626 0.638767 0.854626 0.643172 0.859031 0.647577 0.863436 0.643172 0.863436 0.607930 0.854626 0.599119 0.854626 0.585903 0.850220 0.581498 0.850220 0.577093 0.845815 0.572687 0.845815 0.568282
0 0.634361 0.537445 0.616740 0.537445 0.612335 0.541850 0.612335 0.546256 0.616740 0.550661 0.616740 0.555066 0.625551 0.563877 0.625551 0.572687 0.621145 0.577093 0.616740 0.577093 0.612335 0.581498 0.607930 0.581498 0.603524 0.585903 0.599119 0.585903 0.594714 0.581498 0.590308 0.581498 0.585903 0.577093 0.585903 0.568282 0.581498 0.563877 0.577093 0.568282 0.577093 0.581498 0.581498 0.585903 0.585903 0.581498 0.590308 0.581498 0.594714 0.585903 0.599119 0.585903 0.603524 0.590308 0.603524 0.594714 0.607930 0.599119 0.607930 0.612335 0.612335 0.616740 0.621145 0.616740 0.625551 0.612335 0.625551 0.607930 0.629956 0.603524 0.629956 0.590308 0.625551 0.585903 0.625551 0.577093 0.634361 0.568282 0.638767 0.568282 0.643172 0.563877 0.643172 0.546256
0 0.466960 0.528634 0.458150 0.519824 0.453745 0.519824 0.449339 0.524229 0.422908 0.524229 0.418502 0.528634 0.418502 0.537445 0.422908 0.541850 0.431718 0.541850 0.436123 0.537445 0.440529 0.537445 0.444934 0.533040 0.449339 0.537445 0.458150 0.537445
0 0.585903 0.497797 0.577093 0.488987 0.568282 0.488987 0.563877 0.493392 0.559471 0.493392 0.550661 0.502203 0.546256 0.502203 0.541850 0.506608 0.537445 0.502203 0.533040 0.502203 0.528634 0.497797 0.524229 0.502203 0.524229 0.506608 0.528634 0.511013 0.533040 0.506608 0.541850 0.506608 0.546256 0.511013 0.550661 0.511013 0.555066 0.515419 0.559471 0.515419 0.563877 0.511013 0.568282 0.511013 0.572687 0.506608 0.577093 0.506608
0 0.903084 0.488987 0.898678 0.484582 0.889868 0.484582 0.885463 0.480176 0.876652 0.480176 0.872247 0.484582 0.867841 0.484582 0.863436 0.488987 0.859031 0.488987 0.850220 0.497797 0.850220 0.502203 0.841410 0.511013 0.837004 0.511013 0.832599 0.515419 0.828194 0.511013 0.823789 0.511013 0.819383 0.506608 0.819383 0.502203 0.814978 0.497797 0.810573 0.497797 0.806167 0.493392 0.801762 0.493392 0.792952 0.502203 0.792952 0.506608 0.806167 0.519824 0.823789 0.519824 0.828194 0.524229 0.832599 0.524229 0.845815 0.537445 0.845815 0.541850 0.850220 0.546256 0.850220 0.559471 0.854626 0.559471 0.859031 0.555066 0.859031 0.541850 0.854626 0.537445 0.854626 0.519824 0.863436 0.511013 0.867841 0.511013 0.872247 0.506608 0.894273 0.506608 0.903084 0.497797
0 0.000000 0.440529 0.000000 0.484582 0.022026 0.506608 0.070485 0.497797 0.092511 0.506608 0.096916 0.524229 0.079295 0.537445 0.110132 0.546256 0.127753 0.563877 0.114537 0.581498 0.061674 0.568282 0.052863 0.581498 0.061674 0.599119 0.114537 0.590308 0.132159 0.572687 0.145374 0.581498 0.180617 0.577093 0.233480 0.603524 0.268722 0.603524 0.330396 0.577093 0.387665 0.634361 0.436123 0.612335 0.488987 0.638767 0.537445 0.726872 0.577093 0.748899 0.607930 0.748899 0.647577 0.770925 0.678414 0.762115 0.669604 0.735683 0.682819 0.726872 0.731278 0.731278 0.757709 0.744493 0.797357 0.731278 0.832599 0.744493 0.841410 0.762115 0.867841 0.753304 0.916300 0.779736 0.916300 0.801762 0.898678 0.828194 0.916300 0.859031 0.947137 0.841410 0.964758 0.850220 0.973568 0.832599 0.995595 0.823789 0.995595 0.792952 0.960352 0.770925 0.947137 0.748899 0.938326 0.753304 0.876652 0.709251 0.841410 0.700441 0.845815 0.687225 0.828194 0.674009 0.832599 0.651982 0.823789 0.643172 0.810573 0.651982 0.806167 0.678414 0.784141 0.678414 0.775330 0.651982 0.753304 0.638767 0.762115 0.621145 0.753304 0.607930 0.735683 0.634361 0.713656 0.643172 0.722467 0.651982 0.740088 0.638767 0.748899 0.643172 0.753304 0.665198 0.779736 0.691630 0.775330 0.704846 0.629956 0.704846 0.546256 0.665198 0.458150 0.568282 0.427313 0.563877 0.392070 0.577093 0.334802 0.528634 0.224670 0.541850 0.180617 0.519824 0.140969 0.515419 0.088106 0.462555 0.083700 0.444934 0.083700 0.462555 0.048458 0.480176
0 0.502203 0.405286 0.488987 0.405286 0.484582 0.409692 0.484582 0.418502 0.471366 0.431718 0.471366 0.436123 0.475771 0.440529 0.484582 0.440529 0.506608 0.418502 0.506608 0.409692
0 0.321586 0.405286 0.317181 0.409692 0.321586 0.414097 0.325991 0.414097 0.330396 0.418502 0.334802 0.414097 0.339207 0.418502 0.343612 0.418502 0.348018 0.422908 0.348018 0.427313 0.352423 0.431718 0.352423 0.440529 0.356828 0.444934 0.356828 0.458150 0.361233 0.462555 0.361233 0.466960 0.370044 0.475771 0.370044 0.493392 0.365639 0.497797 0.365639 0.519824 0.370044 0.524229 0.374449 0.519824 0.374449 0.484582 0.378855 0.480176 0.383260 0.480176 0.387665 0.475771 0.409692 0.475771 0.414097 0.471366 0.409692 0.466960 0.396476 0.466960 0.392070 0.462555 0.387665 0.462555 0.378855 0.453745 0.374449 0.453745 0.370044 0.449339 0.370044 0.440529 0.365639 0.436123 0.365639 0.409692 0.361233 0.405286 0.343612 0.405286 0.339207 0.400881 0.334802 0.400881 0.330396 0.405286
0 0.458150 0.383260 0.449339 0.383260 0.440529 0.392070 0.440529 0.396476 0.436123 0.400881 0.436123 0.405286 0.431718 0.409692 0.431718 0.414097 0.427313 0.418502 0.427313 0.449339 0.431718 0.453745 0.440529 0.453745 0.444934 0.449339 0.444934 0.414097 0.449339 0.409692 0.449339 0.405286 0.462555 0.392070 0.462555 0.387665
0 0.189427 0.378855 0.185022 0.378855 0.180617 0.374449 0.176211 0.378855 0.171806 0.374449 0.167401 0.374449 0.162996 0.378855 0.158590 0.378855 0.154185 0.383260 0.149780 0.383260 0.145374 0.387665 0.145374 0.396476 0.154185 0.405286 0.158590 0.405286 0.162996 0.400881 0.167401 0.400881
0 0.295154 0.383260 0.290749 0.383260 0.277533 0.374449 0.264317 0.374449 0.251101 0.383260 0.246696 0.378855 0.242291 0.383260 0.237885 0.378855 0.233480 0.378855 0.229075 0.374449 0.224670 0.374449 0.220264 0.370044 0.215859 0.370044 0.207048 0.378855 0.202643 0.378855 0.207048 0.378855 0.215859 0.387665 0.215859 0.405286 0.207048 0.414097 0.215859 0.422908 0.220264 0.422908 0.224670 0.427313 0.224670 0.449339 0.211454 0.458150 0.207048 0.458150 0.202643 0.453745 0.193833 0.453745 0.189427 0.458150 0.185022 0.458150 0.180617 0.453745 0.176211 0.458150 0.162996 0.449339 0.162996 0.431718 0.158590 0.427313 0.154185 0.431718 0.145374 0.431718 0.132159 0.444934 0.132159 0.453745 0.140969 0.462555 0.145374 0.462555 0.154185 0.453745 0.158590 0.453745 0.162996 0.449339 0.167401 0.453745 0.171806 0.453745 0.189427 0.471366 0.189427 0.475771 0.193833 0.480176 0.193833 0.493392 0.198238 0.497797 0.202643 0.493392 0.202643 0.475771 0.207048 0.471366 0.207048 0.462555 0.220264 0.453745 0.224670 0.453745 0.237885 0.462555 0.246696 0.453745 0.246696 0.449339 0.251101 0.444934 0.246696 0.440529 0.246696 0.436123 0.229075 0.418502 0.229075 0.409692 0.233480 0.405286 0.233480 0.400881 0.242291 0.392070 0.246696 0.392070 0.251101 0.387665 0.273128 0.387665 0.286344 0.396476 0.295154 0.396476 0.299559 0.392070 0.299559 0.387665
0 0.709251 0.339207 0.704846 0.334802 0.700441 0.334802 0.674009 0.361233 0.678414 0.365639 0.696035 0.365639 0.709251 0.352423
0 0.889868 0.330396 0.885463 0.334802 0.894273 0.343612 0.894273 0.356828 0.889868 0.361233 0.889868 0.365639 0.894273 0.370044 0.898678 0.365639 0.903084 0.370044 0.907489 0.370044 0.911894 0.374449 0.911894 0.378855 0.920705 0.387665 0.925110 0.387665 0.929515 0.392070 0.929515 0.414097 0.933921 0.418502 0.960352 0.418502 0.969163 0.409692 0.969163 0.405286 0.964758 0.400881 0.942731 0.400881 0.938326 0.396476 0.933921 0.396476 0.925110 0.387665 0.925110 0.383260 0.916300 0.374449 0.911894 0.374449 0.907489 0.370044 0.907489 0.361233 0.911894 0.356828 0.907489 0.352423 0.907489 0.348018 0.903084 0.343612 0.898678 0.343612 0.894273 0.339207 0.894273 0.334802
0 0.317181 0.303965 0.317181 0.308370 0.321586 0.312775 0.321586 0.317181 0.325991 0.321586 0.334802 0.321586 0.339207 0.317181 0.348018 0.317181 0.356828 0.308370 0.356828 0.303965 0.352423 0.299559 0.321586 0.299559
0 0.480176 0.259912 0.475771 0.255507 0.471366 0.259912 0.466960 0.259912 0.462555 0.264317 0.444934 0.264317 0.440529 0.268722 0.440529 0.273128 0.449339 0.281938 0.458150 0.281938 0.471366 0.268722 0.475771 0.268722 0.480176 0.264317
0 0.220264 0.237885 0.207048 0.237885 0.202643 0.242291 0.198238 0.242291 0.193833 0.246696 0.207048 0.259912 0.207048 0.268722 0.202643 0.273128 0.207048 0.277533 0.211454 0.273128 0.211454 0.264317 0.224670 0.251101 0.224670 0.242291
0 0.299559 0.233480 0.290749 0.233480 0.286344 0.237885 0.286344 0.246696 0.281938 0.251101 0.286344 0.255507 0.286344 0.264317 0.281938 0.268722 0.286344 0.273128 0.290749 0.273128 0.312775 0.251101 0.312775 0.246696
0 0.057269 0.233480 0.052863 0.233480 0.048458 0.237885 0.048458 0.255507 0.039648 0.264317 0.035242 0.264317 0.030837 0.268722 0.030837 0.273128 0.026432 0.277533 0.022026 0.277533 0.026432 0.281938 0.030837 0.281938 0.035242 0.286344 0.048458 0.286344 0.052863 0.281938 0.057269 0.281938 0.057269 0.273128 0.052863 0.268722 0.052863 0.259912 0.061674 0.251101 0.061674 0.237885
0 0.784141 0.233480 0.779736 0.229075 0.775330 0.229075 0.770925 0.224670 0.766520 0.224670 0.762115 0.220264 0.753304 0.220264 0.744493 0.229075 0.744493 0.233480 0.726872 0.251101 0.731278 0.255507 0.735683 0.255507 0.748899 0.242291 0.753304 0.242291 0.757709 0.237885 0.762115 0.237885 0.766520 0.242291 0.770925 0.242291 0.775330 0.246696 0.784141 0.237885
0 0.158590 0.202643 0.149780 0.202643 0.140969 0.211454 0.136564 0.211454 0.140969 0.215859 0.140969 0.229075 0.136564 0.233480 0.136564 0.237885 0.127753 0.246696 0.127753 0.251101 0.123348 0.255507 0.123348 0.259912 0.132159 0.268722 0.140969 0.259912 0.140969 0.255507 0.145374 0.251101 0.145374 0.242291 0.149780 0.237885 0.149780 0.224670 0.162996 0.211454 0.162996 0.207048
0 0.638767 0.180617 0.629956 0.180617 0.625551 0.185022 0.625551 0.202643 0.616740 0.211454 0.612335 0.211454 0.594714 0.229075 0.594714 0.237885 0.599119 0.242291 0.603524 0.237885 0.607930 0.237885 0.616740 0.229075 0.616740 0.224670 0.625551 0.215859 0.625551 0.211454 0.629956 0.207048 0.634361 0.207048 0.643172 0.198238 0.643172 0.185022
0 0.911894 0.180617 0.916300 0.180617 0.920705 0.185022 0.925110 0.185022 0.929515 0.189427 0.933921 0.185022 0.938326 0.185022 0.942731 0.180617 0.947137 0.180617 0.955947 0.171806 0.955947 0.167401 0.951542 0.162996 0.947137 0.167401 0.942731 0.162996 0.925110 0.162996 0.916300 0.171806 0.916300 0.176211
0 0.057269 0.162996 0.052863 0.162996 0.048458 0.167401 0.048458 0.171806 0.052863 0.176211 0.052863 0.189427 0.044053 0.198238 0.039648 0.198238 0.026432 0.211454 0.035242 0.220264 0.057269 0.198238 0.061674 0.198238 0.070485 0.189427 0.070485 0.176211
0 0.251101 0.096916 0.246696 0.101322 0.246696 0.105727 0.264317 0.123348 0.264317 0.127753 0.273128 0.136564 0.277533 0.132159 0.277533 0.127753 0.281938 0.123348 0.281938 0.118943 0.277533 0.114537 0.273128 0.114537 0.264317 0.105727 0.264317 0.101322 0.259912 0.096916
0 0.066079 0.101322 0.066079 0.105727 0.074890 0.114537 0.092511 0.114537 0.096916 0.118943 0.101322 0.118943 0.105727 0.123348 0.114537 0.123348 0.118943 0.127753 0.123348 0.123348 0.127753 0.127753 0.136564 0.127753 0.140969 0.123348 0.140969 0.118943 0.136564 0.114537 0.132159 0.114537 0.127753 0.110132 0.123348 0.110132 0.118943 0.105727 0.114537 0.110132 0.110132 0.105727 0.101322 0.105727 0.096916 0.101322 0.092511 0.101322 0.088106 0.096916 0.070485 0.096916
0 0.537445 0.092511 0.528634 0.101322 0.528634 0.105727 0.533040 0.110132 0.537445 0.110132 0.541850 0.114537 0.550661 0.114537 0.559471 0.105727 0.555066 0.101322 0.555066 0.096916 0.550661 0.092511
0 0.748899 0.074890 0.735683 0.088106 0.731278 0.088106 0.726872 0.092511 0.722467 0.092511 0.718062 0.096916 0.718062 0.114537 0.722467 0.118943 0.726872 0.118943 0.731278 0.123348 0.735683 0.118943 0.731278 0.114537 0.731278 0.096916 0.735683 0.092511 0.740088 0.092511 0.744493 0.088106 0.753304 0.088106 0.757709 0.083700
0 0.000000 0.066079 0.000000 0.088106 0.004405 0.088106 0.008811 0.092511 0.013216 0.092511 0.017621 0.096916 0.017621 0.105727 0.013216 0.110132 0.013216 0.114537 0.026432 0.127753 0.030837 0.127753 0.035242 0.123348 0.035242 0.114537 0.030837 0.110132 0.030837 0.092511 0.035242 0.088106 0.030837 0.083700 0.026432 0.083700 0.022026 0.079295 0.022026 0.074890 0.017621 0.070485 0.008811 0.070485 0.004405 0.066079
0 0.211454 0.048458 0.207048 0.052863 0.207048 0.061674 0.220264 0.074890 0.229075 0.074890 0.233480 0.079295 0.237885 0.079295 0.242291 0.074890 0.237885 0.070485 0.237885 0.066079 0.224670 0.052863 0.220264 0.052863 0.215859 0.048458
0 0.722467 0.035242 0.718062 0.039648 0.704846 0.039648 0.700441 0.044053 0.700441 0.061674 0.696035 0.066079 0.696035 0.070485 0.700441 0.074890 0.704846 0.074890 0.713656 0.066079 0.713656 0.057269 0.726872 0.044053 0.726872 0.039648
0 0.519824 0.030837 0.515419 0.030837 0.511013 0.035242 0.511013 0.044053 0.502203 0.052863 0.497797 0.052863 0.493392 0.057269 0.493392 0.061674 0.488987 0.066079 0.488987 0.074890 0.480176 0.083700 0.475771 0.083700 0.471366 0.088106 0.453745 0.088106 0.449339 0.092511 0.453745 0.096916 0.453745 0.110132 0.458150 0.110132 0.462555 0.105727 0.466960 0.105727 0.484582 0.088106 0.488987 0.088106 0.502203 0.074890 0.502203 0.061674 0.506608 0.057269 0.511013 0.057269 0.515419 0.052863 0.519824 0.052863 0.528634 0.044053 0.528634 0.039648
0 0.149780 0.017621 0.145374 0.013216 0.140969 0.017621 0.136564 0.017621 0.132159 0.022026 0.132159 0.026432 0.127753 0.030837 0.127753 0.035242 0.118943 0.044053 0.114537 0.044053 0.110132 0.048458 0.096916 0.048458 0.092511 0.044053 0.074890 0.044053 0.066079 0.052863 0.066079 0.057269 0.070485 0.061674 0.088106 0.061674 0.092511 0.057269 0.101322 0.057269 0.105727 0.061674 0.110132 0.061674 0.118943 0.070485 0.123348 0.070485 0.127753 0.066079 0.132159 0.066079 0.145374 0.052863 0.145374 0.026432 0.149780 0.022026
