0 0.502203 0.964758 0.502203 0.969163 0.497797 0.973568 0.497797 0.982379 0.493392 0.986784 0.493392 0.995595 0.515419 0.995595 0.515419 0.973568 0.511013 0.969163 0.506608 0.969163
0 0.176211 0.951542 0.176211 0.955947 0.180617 0.955947 0.185022 0.960352 0.189427 0.960352 0.193833 0.964758 0.198238 0.964758 0.202643 0.969163 0.211454 0.969163 0.215859 0.973568 0.220264 0.973568 0.224670 0.977974 0.224670 0.995595 0.246696 0.995595 0.242291 0.991189 0.242291 0.982379 0.233480 0.973568 0.233480 0.969163 0.215859 0.951542 0.211454 0.955947 0.207048 0.955947 0.202643 0.960352 0.198238 0.955947 0.193833 0.955947 0.185022 0.947137 0.180617 0.951542
0 0.911894 0.942731 0.907489 0.942731 0.885463 0.964758 0.885463 0.969163 0.881057 0.973568 0.885463 0.977974 0.889868 0.977974 0.894273 0.982379 0.898678 0.977974 0.903084 0.977974 0.916300 0.964758 0.916300 0.947137
0 0.484582 0.929515 0.475771 0.938326 0.475771 0.947137 0.480176 0.951542 0.488987 0.951542 0.493392 0.955947 0.497797 0.955947 0.497797 0.951542 0.502203 0.947137 0.502203 0.938326 0.493392 0.929515
0 0.321586 0.947137 0.334802 0.960352 0.339207 0.960352 0.348018 0.969163 0.352423 0.969163 0.356828 0.964758 0.361233 0.964758 0.365639 0.960352 0.370044 0.964758 0.387665 0.964758 0.392070 0.960352 0.392070 0.951542 0.387665 0.947137 0.374449 0.947137 0.370044 0.951542 0.361233 0.951542 0.356828 0.955947 0.352423 0.955947 0.348018 0.951542 0.343612 0.951542 0.339207 0.947137 0.339207 0.933921 0.334802 0.929515 0.325991 0.938326 0.325991 0.942731
0 0.616740 0.925110 0.612335 0.929515 0.607930 0.929515 0.603524 0.933921 0.603524 0.942731 0.599119 0.947137 0.599119 0.951542 0.594714 0.955947 0.594714 0.969163 0.599119 0.973568 0.603524 0.973568 0.607930 0.969163 0.607930 0.960352 0.629956 0.938326
0 0.568282 0.916300 0.563877 0.916300 0.559471 0.920705 0.559471 0.925110 0.555066 0.929515 0.550661 0.929515 0.541850 0.938326 0.541850 0.947137 0.546256 0.951542 0.550661 0.951542 0.563877 0.938326 0.568282 0.938326 0.577093 0.929515 0.577093 0.925110
0 0.770925 0.916300 0.770925 0.925110 0.775330 0.929515 0.801762 0.929515 0.806167 0.925110 0.792952 0.911894 0.775330 0.911894
0 0.140969 0.911894 0.136564 0.916300 0.136564 0.920705 0.140969 0.925110 0.140969 0.951542 0.127753 0.964758 0.127753 0.969163 0.132159 0.973568 0.136564 0.973568 0.145374 0.982379 0.145374 0.995595 0.162996 0.995595 0.162996 0.991189 0.154185 0.982379 0.154185 0.964758 0.162996 0.955947 0.167401 0.955947 0.167401 0.951542 0.162996 0.951542 0.158590 0.947137 0.158590 0.942731 0.154185 0.938326 0.154185 0.920705 0.149780 0.916300 0.145374 0.916300
0 0.696035 0.885463 0.691630 0.889868 0.691630 0.898678 0.696035 0.903084 0.700441 0.903084 0.709251 0.911894 0.713656 0.911894 0.718062 0.916300 0.718062 0.929515 0.713656 0.933921 0.713656 0.938326 0.718062 0.942731 0.722467 0.942731 0.740088 0.925110 0.740088 0.920705 0.735683 0.916300 0.731278 0.916300 0.713656 0.898678 0.713656 0.889868 0.709251 0.885463
0 0.026432 0.881057 0.030837 0.885463 0.035242 0.881057 0.039648 0.885463 0.044053 0.885463 0.048458 0.889868 0.052863 0.889868 0.057269 0.894273 0.061674 0.894273 0.066079 0.898678 0.070485 0.898678 0.079295 0.889868 0.070485 0.881057 0.066079 0.881057 0.061674 0.876652 0.048458 0.876652 0.044053 0.881057 0.035242 0.881057 0.030837 0.876652
0 0.607930 0.876652 0.616740 0.885463 0.621145 0.885463 0.625551 0.889868 0.634361 0.889868 0.638767 0.894273 0.643172 0.894273 0.651982 0.903084 0.669604 0.885463 0.669604 0.881057 0.660793 0.872247 0.656388 0.876652 0.638767 0.876652 0.634361 0.872247 0.629956 0.872247 0.621145 0.863436 0.616740 0.863436 0.612335 0.867841 0.612335 0.872247
0 0.414097 0.863436 0.409692 0.863436 0.400881 0.872247 0.400881 0.881057 0.396476 0.885463 0.396476 0.889868 0.392070 0.894273 0.387665 0.894273 0.383260 0.898678 0.378855 0.894273 0.374449 0.898678 0.383260 0.907489 0.387665 0.903084 0.392070 0.907489 0.400881 0.907489 0.422908 0.885463 0.422908 0.872247
0 0.259912 0.881057 0.264317 0.885463 0.281938 0.885463 0.286344 0.889868 0.290749 0.889868 0.303965 0.903084 0.308370 0.903084 0.317181 0.894273 0.317181 0.885463 0.312775 0.881057 0.299559 0.881057 0.295154 0.876652 0.290749 0.876652 0.277533 0.863436 0.273128 0.863436 0.268722 0.867841 0.268722 0.872247
0 0.770925 0.850220 0.762115 0.859031 0.762115 0.867841 0.779736 0.885463 0.784141 0.881057 0.788546 0.881057 0.792952 0.885463 0.797357 0.881057 0.797357 0.872247 0.784141 0.859031 0.784141 0.854626 0.779736 0.850220
0 0.480176 0.837004 0.475771 0.841410 0.475771 0.867841 0.480176 0.872247 0.480176 0.885463 0.484582 0.889868 0.484582 0.903084 0.488987 0.907489 0.493392 0.907489 0.497797 0.903084 0.497797 0.894273 0.502203 0.889868 0.502203 0.872247 0.493392 0.863436 0.493392 0.850220
0 0.229075 0.832599 0.220264 0.832599 0.211454 0.841410 0.211454 0.845815 0.207048 0.850220 0.207048 0.854626 0.202643 0.859031 0.202643 0.863436 0.198238 0.867841 0.198238 0.872247 0.211454 0.885463 0.215859 0.881057 0.220264 0.885463 0.224670 0.881057 0.224670 0.850220 0.229075 0.845815 0.229075 0.841410 0.233480 0.837004
0 0.145374 0.828194 0.140969 0.828194 0.132159 0.837004 0.132159 0.845815 0.118943 0.859031 0.114537 0.859031 0.105727 0.867841 0.105727 0.872247 0.110132 0.876652 0.110132 0.881057 0.114537 0.885463 0.118943 0.885463 0.127753 0.876652 0.132159 0.876652 0.136564 0.872247 0.140969 0.872247 0.145374 0.867841 0.145374 0.845815 0.149780 0.841410 0.149780 0.832599
0 0.929515 0.819383 0.920705 0.828194 0.920705 0.832599 0.916300 0.837004 0.911894 0.837004 0.907489 0.841410 0.907489 0.845815 0.911894 0.850220 0.916300 0.850220 0.920705 0.854626 0.920705 0.863436 0.916300 0.867841 0.916300 0.872247 0.920705 0.876652 0.920705 0.885463 0.925110 0.889868 0.925110 0.894273 0.929515 0.898678 0.933921 0.894273 0.938326 0.894273 0.942731 0.889868 0.942731 0.885463 0.947137 0.881057 0.947137 0.876652 0.942731 0.872247 0.942731 0.867841 0.938326 0.863436 0.933921 0.863436 0.929515 0.859031 0.925110 0.859031 0.920705 0.854626 0.920705 0.837004 0.933921 0.823789
0 0.753304 0.823789 0.748899 0.819383 0.731278 0.819383 0.726872 0.823789 0.726872 0.828194 0.722467 0.832599 0.718062 0.832599 0.713656 0.837004 0.709251 0.832599 0.704846 0.837004 0.700441 0.832599 0.687225 0.845815 0.691630 0.850220 0.696035 0.850220 0.704846 0.841410 0.709251 0.841410 0.713656 0.837004 0.722467 0.837004 0.726872 0.841410 0.735683 0.841410
0 0.343612 0.832599 0.348018 0.832599 0.352423 0.837004 0.374449 0.837004 0.383260 0.828194 0.387665 0.828194 0.392070 0.823789 0.396476 0.823789 0.400881 0.828194 0.405286 0.828194 0.409692 0.832599 0.409692 0.841410 0.414097 0.845815 0.418502 0.841410 0.418502 0.837004 0.414097 0.832599 0.409692 0.832599 0.400881 0.823789 0.400881 0.814978 0.396476 0.810573 0.383260 0.810573 0.378855 0.814978 0.374449 0.814978 0.370044 0.819383 0.356828 0.819383 0.352423 0.823789 0.352423 0.828194 0.348018 0.832599
0 0.788546 0.810573 0.788546 0.819383 0.792952 0.823789 0.819383 0.823789 0.823789 0.819383 0.823789 0.806167 0.819383 0.801762 0.797357 0.801762
0 0.541850 0.797357 0.541850 0.801762 0.550661 0.810573 0.559471 0.810573 0.563877 0.806167 0.568282 0.810573 0.572687 0.810573 0.577093 0.814978 0.577093 0.823789 0.585903 0.832599 0.590308 0.828194 0.594714 0.828194 0.599119 0.823789 0.607930 0.823789 0.612335 0.828194 0.616740 0.828194 0.625551 0.837004 0.629956 0.837004 0.634361 0.841410 0.651982 0.841410 0.656388 0.837004 0.656388 0.832599 0.660793 0.828194 0.660793 0.823789 0.669604 0.814978 0.660793 0.806167 0.651982 0.806167 0.647577 0.810573 0.647577 0.814978 0.643172 0.819383 0.638767 0.819383 0.634361 0.823789 0.621145 0.823789 0.616740 0.828194 0.612335 0.828194 0.607930 0.823789 0.603524 0.823789 0.590308 0.810573 0.585903 0.810573 0.581498 0.814978 0.577093 0.814978 0.572687 0.810573 0.568282 0.810573 0.563877 0.806167 0.563877 0.801762 0.550661 0.788546
0 0.519824 0.775330 0.515419 0.770925 0.511013 0.770925 0.506608 0.775330 0.502203 0.775330 0.493392 0.784141 0.488987 0.784141 0.484582 0.788546 0.480176 0.788546 0.475771 0.792952 0.475771 0.801762 0.480176 0.806167 0.484582 0.801762 0.488987 0.801762 0.497797 0.792952 0.502203 0.792952
0 0.929515 0.753304 0.916300 0.766520 0.916300 0.770925 0.911894 0.775330 0.911894 0.779736 0.916300 0.784141 0.929515 0.784141 0.938326 0.775330 0.938326 0.762115
0 0.634361 0.753304 0.634361 0.766520 0.638767 0.770925 0.651982 0.770925 0.656388 0.766520 0.665198 0.766520 0.669604 0.770925 0.674009 0.770925 0.682819 0.779736 0.682819 0.788546 0.687225 0.792952 0.687225 0.797357 0.691630 0.801762 0.700441 0.801762 0.704846 0.797357 0.704846 0.792952 0.709251 0.788546 0.700441 0.779736 0.696035 0.779736 0.687225 0.770925 0.687225 0.762115 0.691630 0.757709 0.696035 0.757709 0.709251 0.744493 0.709251 0.740088 0.704846 0.735683 0.691630 0.735683 0.678414 0.748899 0.674009 0.748899 0.669604 0.753304 0.660793 0.753304 0.656388 0.748899 0.638767 0.748899
0 0.370044 0.718062 0.365639 0.722467 0.370044 0.726872 0.370044 0.740088 0.374449 0.744493 0.374449 0.753304 0.370044 0.757709 0.370044 0.762115 0.361233 0.770925 0.365639 0.775330 0.370044 0.775330 0.374449 0.770925 0.374449 0.766520 0.378855 0.762115 0.383260 0.762115 0.387665 0.757709 0.387665 0.748899 0.392070 0.744493 0.387665 0.740088 0.387665 0.735683
0 0.859031 0.709251 0.850220 0.718062 0.850220 0.722467 0.841410 0.731278 0.845815 0.735683 0.854626 0.726872 0.859031 0.726872 0.863436 0.722467 0.867841 0.722467 0.872247 0.726872 0.876652 0.726872 0.881057 0.731278 0.881057 0.740088 0.876652 0.744493 0.881057 0.748899 0.885463 0.748899 0.889868 0.744493 0.889868 0.740088 0.894273 0.735683 0.894273 0.731278 0.898678 0.726872 0.889868 0.718062 0.885463 0.722467 0.881057 0.722467 0.876652 0.718062 0.872247 0.718062 0.867841 0.713656 0.863436 0.713656
0 0.801762 0.696035 0.788546 0.696035 0.784141 0.700441 0.779736 0.700441 0.775330 0.704846 0.757709 0.704846 0.753304 0.709251 0.753304 0.713656 0.757709 0.718062 0.762115 0.718062 0.766520 0.722467 0.766520 0.735683 0.762115 0.740088 0.762115 0.744493 0.757709 0.748899 0.757709 0.757709 0.762115 0.762115 0.766520 0.762115 0.770925 0.757709 0.770925 0.753304 0.775330 0.748899 0.775330 0.744493 0.770925 0.740088 0.770925 0.731278 0.792952 0.709251 0.797357 0.709251 0.806167 0.700441
0 0.665198 0.682819 0.665198 0.687225 0.674009 0.696035 0.678414 0.696035 0.691630 0.709251 0.696035 0.709251 0.700441 0.713656 0.713656 0.713656 0.718062 0.709251 0.722467 0.709251 0.731278 0.700441 0.726872 0.696035 0.700441 0.696035 0.696035 0.691630 0.691630 0.691630 0.682819 0.682819 0.674009 0.682819 0.669604 0.678414
0 0.704846 0.647577 0.704846 0.656388 0.709251 0.660793 0.713656 0.660793 0.718062 0.656388 0.722467 0.656388 0.726872 0.660793 0.731278 0.660793 0.740088 0.669604 0.748899 0.669604 0.757709 0.660793 0.740088 0.643172 0.709251 0.643172
0 0.132159 0.621145 0.127753 0.625551 0.123348 0.625551 0.118943 0.629956 0.118943 0.638767 0.114537 0.643172 0.114537 0.656388 0.123348 0.665198 0.136564 0.665198 0.145374 0.656388 0.145374 0.647577 0.140969 0.643172 0.140969 0.629956
0 0.955947 0.616740 0.951542 0.621145 0.951542 0.629956 0.947137 0.634361 0.947137 0.647577 0.955947 0.656388 0.969163 0.656388 0.973568 0.651982 0.973568 0.629956 0.960352 0.616740
0 0.920705 0.616740 0.911894 0.607930 0.907489 0.607930 0.898678 0.616740 0.898678 0.643172 0.889868 0.651982 0.885463 0.651982 0.881057 0.656388 0.876652 0.656388 0.872247 0.651982 0.867841 0.651982 0.859031 0.643172 0.854626 0.643172 0.850220 0.647577 0.841410 0.647577 0.832599 0.656388 0.828194 0.656388 0.819383 0.665198 0.828194 0.674009 0.837004 0.674009 0.841410 0.669604 0.850220 0.669604 0.854626 0.665198 0.859031 0.665198 0.863436 0.660793 0.867841 0.665198 0.872247 0.665198 0.881057 0.674009 0.898678 0.674009 0.903084 0.669604 0.907489 0.669604 0.911894 0.665198 0.911894 0.660793 0.916300 0.656388 0.916300 0.647577 0.911894 0.643172 0.911894 0.625551
0 0.995595 0.590308 0.995595 0.577093 0.991189 0.577093 0.986784 0.572687 0.982379 0.572687 0.973568 0.563877 0.969163 0.568282 0.969163 0.572687 0.964758 0.577093 0.960352 0.577093 0.955947 0.581498 0.951542 0.581498 0.947137 0.577093 0.942731 0.581498 0.938326 0.577093 0.933921 0.577093 0.929515 0.572687 0.925110 0.572687 0.920705 0.568282 0.911894 0.568282 0.907489 0.572687 0.907489 0.577093 0.911894 0.581498 0.925110 0.581498 0.929515 0.585903 0.933921 0.585903 0.938326 0.590308 0.942731 0.590308 0.947137 0.594714 0.951542 0.590308 0.951542 0.585903 0.955947 0.581498 0.960352 0.581498 0.964758 0.577093 0.969163 0.581498 0.973568 0.581498 0.982379 0.590308
0 0.400881 0.546256 0.392070 0.546256 0.387665 0.550661 0.387665 0.555066 0.378855 0.563877 0.378855 0.568282 0.374449 0.572687 0.378855 0.577093 0.378855 0.581498 0.383260 0.585903 0.387665 0.585903 0.396476 0.577093 0.396476 0.572687 0.400881 0.568282 0.400881 0.555066 0.405286 0.550661
0 0.202643 0.528634 0.198238 0.528634 0.189427 0.537445 0.189427 0.550661 0.180617 0.559471 0.180617 0.572687 0.185022 0.577093 0.185022 0.585903 0.189427 0.590308 0.189427 0.594714 0.193833 0.599119 0.202643 0.590308 0.202643 0.581498 0.207048 0.577093 0.207048 0.572687 0.202643 0.568282 0.202643 0.541850 0.207048 0.537445 0.207048 0.533040
0 0.427313 0.511013 0.427313 0.515419 0.431718 0.515419 0.436123 0.519824 0.453745 0.519824 0.458150 0.524229 0.466960 0.524229 0.471366 0.519824 0.471366 0.515419 0.466960 0.511013 0.458150 0.511013 0.453745 0.506608 0.449339 0.506608 0.444934 0.502203 0.440529 0.502203 0.431718 0.511013
0 0.215859 0.484582 0.211454 0.488987 0.215859 0.493392 0.215859 0.502203 0.224670 0.511013 0.233480 0.511013 0.242291 0.502203 0.242291 0.497797 0.229075 0.484582
0 0.317181 0.475771 0.312775 0.475771 0.303965 0.484582 0.303965 0.488987 0.312775 0.497797 0.312775 0.515419 0.290749 0.537445 0.286344 0.537445 0.290749 0.537445 0.299559 0.546256 0.308370 0.546256 0.312775 0.541850 0.312775 0.528634 0.321586 0.519824 0.325991 0.519824 0.325991 0.511013 0.317181 0.502203 0.317181 0.493392 0.325991 0.484582
0 0.000000 0.480176 0.000000 0.493392 0.022026 0.493392 0.026432 0.488987 0.030837 0.488987 0.035242 0.484582 0.039648 0.488987 0.044053 0.488987 0.048458 0.493392 0.048458 0.506608 0.052863 0.511013 0.057269 0.511013 0.061674 0.506608 0.061674 0.480176 0.057269 0.475771 0.048458 0.475771 0.044053 0.480176 0.039648 0.475771 0.030837 0.475771 0.026432 0.471366 0.017621 0.471366 0.013216 0.475771 0.008811 0.475771 0.004405 0.480176
0 0.533040 0.471366 0.533040 0.480176 0.537445 0.484582 0.546256 0.484582 0.550661 0.480176 0.550661 0.475771 0.555066 0.471366 0.555066 0.466960 0.559471 0.462555 0.563877 0.462555 0.568282 0.458150 0.577093 0.458150 0.581498 0.462555 0.585903 0.462555 0.590308 0.466960 0.590308 0.475771 0.612335 0.497797 0.616740 0.497797 0.621145 0.493392 0.621145 0.484582 0.616740 0.480176 0.612335 0.480176 0.594714 0.462555 0.590308 0.462555 0.581498 0.453745 0.581498 0.449339 0.577093 0.444934 0.563877 0.444934 0.559471 0.449339 0.559471 0.453745 0.550661 0.462555 0.546256 0.462555 0.541850 0.466960 0.537445 0.466960
0 0.246696 0.431718 0.242291 0.436123 0.242291 0.440529 0.246696 0.444934 0.246696 0.449339 0.251101 0.453745 0.251101 0.462555 0.255507 0.466960 0.273128 0.449339 0.273128 0.444934 0.268722 0.440529 0.264317 0.440529 0.255507 0.431718
0 0.541850 0.409692 0.533040 0.409692 0.528634 0.414097 0.519824 0.414097 0.515419 0.409692 0.502203 0.422908 0.502203 0.431718 0.506608 0.436123 0.506608 0.444934 0.497797 0.453745 0.493392 0.453745 0.488987 0.458150 0.484582 0.458150 0.471366 0.471366 0.471366 0.480176 0.480176 0.488987 0.484582 0.488987 0.488987 0.484582 0.488987 0.475771 0.493392 0.471366 0.493392 0.466960 0.497797 0.462555 0.502203 0.462555 0.511013 0.453745 0.511013 0.449339 0.515419 0.444934 0.515419 0.440529 0.524229 0.431718 0.528634 0.431718 0.533040 0.427313 0.541850 0.427313 0.546256 0.422908 0.546256 0.414097
0 0.114537 0.409692 0.101322 0.422908 0.105727 0.427313 0.105727 0.453745 0.114537 0.462555 0.114537 0.475771 0.101322 0.488987 0.110132 0.497797 0.110132 0.515419 0.101322 0.524229 0.101322 0.528634 0.096916 0.533040 0.096916 0.541850 0.088106 0.550661 0.083700 0.550661 0.079295 0.555066 0.074890 0.555066 0.070485 0.550661 0.061674 0.550661 0.057269 0.546256 0.048458 0.555066 0.052863 0.559471 0.061674 0.559471 0.066079 0.555066 0.070485 0.559471 0.074890 0.555066 0.079295 0.555066 0.083700 0.550661 0.092511 0.550661 0.096916 0.555066 0.101322 0.555066 0.127753 0.528634 0.127753 0.484582 0.118943 0.475771 0.118943 0.466960 0.123348 0.462555 0.118943 0.458150 0.118943 0.414097
0 0.775330 0.418502 0.770925 0.414097 0.770925 0.409692 0.766520 0.405286 0.762115 0.405286 0.748899 0.418502 0.748899 0.422908 0.740088 0.431718 0.735683 0.431718 0.731278 0.436123 0.726872 0.436123 0.722467 0.440529 0.718062 0.436123 0.713656 0.436123 0.704846 0.427313 0.700441 0.427313 0.696035 0.431718 0.691630 0.431718 0.678414 0.444934 0.674009 0.444934 0.665198 0.453745 0.660793 0.453745 0.656388 0.458150 0.651982 0.458150 0.647577 0.462555 0.643172 0.458150 0.638767 0.462555 0.638767 0.466960 0.643172 0.471366 0.665198 0.471366 0.669604 0.466960 0.674009 0.466960 0.678414 0.462555 0.682819 0.462555 0.696035 0.449339 0.700441 0.449339 0.704846 0.444934 0.709251 0.444934 0.713656 0.440529 0.722467 0.440529 0.726872 0.444934 0.731278 0.444934 0.735683 0.449339 0.753304 0.431718 0.757709 0.431718 0.762115 0.427313 0.766520 0.427313
0 0.321586 0.427313 0.317181 0.431718 0.317181 0.440529 0.312775 0.444934 0.317181 0.449339 0.334802 0.431718 0.339207 0.431718 0.343612 0.427313 0.352423 0.427313 0.356828 0.431718 0.361233 0.431718 0.365639 0.436123 0.365639 0.453745 0.370044 0.458150 0.374449 0.458150 0.378855 0.462555 0.378855 0.484582 0.374449 0.488987 0.374449 0.493392 0.365639 0.502203 0.370044 0.506608 0.374449 0.506608 0.378855 0.511013 0.396476 0.511013 0.400881 0.515419 0.405286 0.515419 0.409692 0.519824 0.414097 0.515419 0.418502 0.515419 0.414097 0.515419 0.409692 0.511013 0.405286 0.511013 0.392070 0.497797 0.392070 0.475771 0.387665 0.471366 0.383260 0.471366 0.378855 0.466960 0.378855 0.440529 0.383260 0.436123 0.383260 0.431718 0.387665 0.427313 0.392070 0.427313 0.396476 0.422908 0.400881 0.422908 0.405286 0.427313 0.409692 0.427313 0.414097 0.422908 0.414097 0.414097 0.418502 0.409692 0.414097 0.405286 0.405286 0.414097 0.405286 0.418502 0.400881 0.422908 0.396476 0.422908 0.392070 0.427313 0.387665 0.422908 0.383260 0.422908 0.378855 0.418502 0.378855 0.414097 0.374449 0.409692 0.365639 0.409692 0.361233 0.414097 0.348018 0.414097 0.343612 0.418502 0.339207 0.418502 0.334802 0.422908 0.330396 0.422908 0.325991 0.427313
0 0.453745 0.392070 0.449339 0.396476 0.449339 0.400881 0.453745 0.405286 0.453745 0.414097 0.444934 0.422908 0.444934 0.431718 0.449339 0.436123 0.462555 0.436123 0.471366 0.427313 0.466960 0.422908 0.466960 0.418502 0.462555 0.414097 0.462555 0.400881
0 0.176211 0.387665 0.176211 0.392070 0.180617 0.396476 0.189427 0.396476 0.193833 0.400881 0.198238 0.400881 0.207048 0.409692 0.207048 0.414097 0.211454 0.418502 0.215859 0.418502 0.220264 0.422908 0.224670 0.418502 0.229075 0.418502 0.233480 0.414097 0.233480 0.405286 0.224670 0.396476 0.220264 0.396476 0.215859 0.392070 0.207048 0.392070 0.202643 0.387665 0.198238 0.387665 0.193833 0.383260 0.180617 0.383260
0 0.894273 0.361233 0.889868 0.356828 0.885463 0.361233 0.881057 0.356828 0.876652 0.356828 0.872247 0.361233 0.872247 0.365639 0.867841 0.370044 0.863436 0.370044 0.859031 0.374449 0.854626 0.370044 0.850220 0.370044 0.845815 0.374449 0.845815 0.383260 0.837004 0.392070 0.832599 0.392070 0.828194 0.396476 0.810573 0.396476 0.806167 0.400881 0.814978 0.409692 0.819383 0.409692 0.823789 0.405286 0.837004 0.405286 0.845815 0.396476 0.850220 0.396476 0.854626 0.392070 0.854626 0.383260 0.859031 0.378855 0.859031 0.374449 0.863436 0.370044 0.867841 0.370044 0.872247 0.365639 0.876652 0.370044 0.885463 0.370044
0 0.251101 0.365639 0.264317 0.378855 0.273128 0.378855 0.277533 0.383260 0.286344 0.374449 0.290749 0.374449 0.295154 0.370044 0.295154 0.361233 0.290749 0.356828 0.281938 0.356828 0.277533 0.361233 0.273128 0.356828 0.268722 0.356828 0.264317 0.352423
0 0.000000 0.374449 0.013216 0.374449 0.017621 0.370044 0.022026 0.370044 0.026432 0.365639 0.030837 0.365639 0.035242 0.361233 0.044053 0.361233 0.048458 0.365639 0.052863 0.365639 0.061674 0.374449 0.066079 0.374449 0.074890 0.383260 0.074890 0.392070 0.079295 0.396476 0.088106 0.396476 0.110132 0.374449 0.114537 0.374449 0.123348 0.365639 0.123348 0.361233 0.118943 0.356828 0.118943 0.352423 0.114537 0.348018 0.110132 0.352423 0.105727 0.348018 0.101322 0.352423 0.101322 0.361233 0.092511 0.370044 0.088106 0.370044 0.083700 0.374449 0.079295 0.370044 0.074890 0.370044 0.066079 0.361233 0.066079 0.356828 0.057269 0.348018 0.052863 0.348018 0.048458 0.352423 0.035242 0.352423 0.030837 0.348018 0.026432 0.348018 0.022026 0.352423 0.017621 0.352423 0.013216 0.356828 0.008811 0.356828 0.004405 0.361233 0.000000 0.361233
0 0.740088 0.339207 0.735683 0.339207 0.726872 0.348018 0.726872 0.352423 0.722467 0.356828 0.722467 0.365639 0.726872 0.370044 0.735683 0.370044 0.748899 0.356828 0.748899 0.348018
0 0.823789 0.339207 0.819383 0.339207 0.814978 0.334802 0.806167 0.334802 0.801762 0.339207 0.801762 0.356828 0.792952 0.365639 0.788546 0.365639 0.779736 0.374449 0.779736 0.383260 0.788546 0.392070 0.792952 0.387665 0.792952 0.378855 0.797357 0.374449 0.797357 0.365639 0.801762 0.361233 0.806167 0.361233 0.810573 0.356828 0.814978 0.356828 0.819383 0.352423 0.823789 0.352423 0.828194 0.348018 0.828194 0.343612
0 0.233480 0.334802 0.229075 0.330396 0.211454 0.330396 0.198238 0.343612 0.198238 0.348018 0.207048 0.356828 0.211454 0.356828
0 0.995595 0.325991 0.960352 0.343612 0.947137 0.405286 0.885463 0.400881 0.841410 0.449339 0.766520 0.488987 0.726872 0.537445 0.669604 0.563877 0.528634 0.577093 0.497797 0.546256 0.484582 0.559471 0.497797 0.581498 0.308370 0.621145 0.299559 0.660793 0.215859 0.713656 0.176211 0.678414 0.154185 0.678414 0.154185 0.713656 0.207048 0.722467 0.211454 0.766520 0.198238 0.775330 0.158590 0.735683 0.110132 0.757709 0.057269 0.748899 0.057269 0.731278 0.118943 0.713656 0.070485 0.696035 0.088106 0.669604 0.000000 0.678414 0.061674 0.687225 0.052863 0.704846 0.017621 0.709251 0.026432 0.744493 0.000000 0.731278 0.000000 0.801762 0.026432 0.788546 0.052863 0.832599 0.074890 0.832599 0.026432 0.766520 0.039648 0.748899 0.123348 0.766520 0.140969 0.810573 0.171806 0.792952 0.202643 0.810573 0.229075 0.775330 0.255507 0.801762 0.290749 0.788546 0.268722 0.753304 0.348018 0.696035 0.436123 0.674009 0.458150 0.700441 0.458150 0.740088 0.480176 0.713656 0.466960 0.691630 0.480176 0.674009 0.559471 0.656388 0.577093 0.678414 0.599119 0.669604 0.625551 0.691630 0.634361 0.669604 0.616740 0.647577 0.735683 0.603524 0.788546 0.629956 0.788546 0.612335 0.775330 0.621145 0.735683 0.603524 0.762115 0.563877 0.806167 0.555066 0.797357 0.590308 0.814978 0.599119 0.823789 0.572687 0.845815 0.572687 0.876652 0.541850 0.867841 0.533040 0.828194 0.555066 0.814978 0.537445 0.876652 0.502203 0.911894 0.524229 0.947137 0.524229 0.960352 0.546256 0.955947 0.524229 0.995595 0.511013 0.920705 0.511013 0.933921 0.466960 0.832599 0.493392 0.819383 0.484582 0.828194 0.462555 0.920705 0.409692 0.951542 0.414097 0.964758 0.352423 0.995595 0.343612
0 0.607930 0.325991 0.603524 0.330396 0.603524 0.352423 0.594714 0.361233 0.590308 0.361233 0.585903 0.365639 0.585903 0.370044 0.599119 0.383260 0.603524 0.383260 0.607930 0.378855 0.603524 0.374449 0.603524 0.352423 0.607930 0.348018 0.612335 0.348018 0.616740 0.343612 0.612335 0.339207 0.612335 0.330396
0 0.696035 0.321586 0.687225 0.321586 0.682819 0.325991 0.678414 0.325991 0.669604 0.334802 0.669604 0.343612 0.674009 0.348018 0.674009 0.361233 0.669604 0.365639 0.669604 0.370044 0.665198 0.374449 0.665198 0.383260 0.660793 0.387665 0.660793 0.392070 0.656388 0.396476 0.651982 0.396476 0.647577 0.400881 0.634361 0.400881 0.629956 0.405286 0.629956 0.414097 0.634361 0.418502 0.638767 0.418502 0.643172 0.422908 0.647577 0.422908 0.651982 0.418502 0.651982 0.414097 0.656388 0.409692 0.656388 0.396476 0.660793 0.392070 0.665198 0.392070 0.674009 0.383260 0.678414 0.383260 0.682819 0.378855 0.691630 0.378855 0.696035 0.383260 0.700441 0.383260 0.704846 0.387665 0.704846 0.392070 0.709251 0.396476 0.713656 0.392070 0.709251 0.387665 0.704846 0.387665 0.696035 0.378855 0.696035 0.370044 0.691630 0.365639 0.691630 0.361233 0.687225 0.356828 0.687225 0.348018 0.696035 0.339207 0.696035 0.334802 0.700441 0.330396 0.700441 0.325991
0 0.334802 0.312775 0.321586 0.325991 0.321586 0.339207 0.330396 0.348018 0.339207 0.348018 0.343612 0.343612 0.343612 0.339207 0.348018 0.334802 0.348018 0.325991
0 0.449339 0.321586 0.458150 0.330396 0.462555 0.330396 0.466960 0.325991 0.475771 0.325991 0.480176 0.321586 0.493392 0.321586 0.497797 0.325991 0.502203 0.321586 0.497797 0.317181 0.493392 0.317181 0.488987 0.312775 0.484582 0.312775 0.475771 0.303965 0.471366 0.303965 0.462555 0.312775 0.458150 0.312775
0 0.105727 0.312775 0.101322 0.308370 0.083700 0.308370 0.079295 0.303965 0.074890 0.303965 0.074890 0.308370 0.061674 0.321586 0.061674 0.334802 0.066079 0.334802 0.074890 0.325991 0.079295 0.325991 0.083700 0.321586 0.088106 0.321586 0.092511 0.317181 0.101322 0.317181
0 0.775330 0.277533 0.766520 0.277533 0.744493 0.299559 0.744493 0.308370 0.748899 0.312775 0.762115 0.312775 0.770925 0.303965 0.770925 0.299559 0.779736 0.290749 0.779736 0.281938
0 0.903084 0.277533 0.907489 0.281938 0.907489 0.286344 0.911894 0.290749 0.916300 0.290749 0.920705 0.295154 0.925110 0.295154 0.929515 0.299559 0.938326 0.299559 0.942731 0.295154 0.942731 0.290749 0.938326 0.286344 0.933921 0.286344 0.929515 0.281938 0.925110 0.281938 0.916300 0.273128 0.907489 0.273128
0 0.396476 0.273128 0.392070 0.277533 0.387665 0.277533 0.383260 0.281938 0.383260 0.286344 0.392070 0.295154 0.392070 0.303965 0.396476 0.308370 0.396476 0.312775 0.405286 0.321586 0.405286 0.343612 0.409692 0.348018 0.409692 0.356828 0.414097 0.361233 0.414097 0.374449 0.409692 0.378855 0.418502 0.387665 0.422908 0.383260 0.414097 0.374449 0.414097 0.365639 0.427313 0.352423 0.427313 0.339207 0.422908 0.334802 0.422908 0.330396 0.418502 0.325991 0.414097 0.325991 0.409692 0.321586 0.409692 0.308370 0.414097 0.303965 0.414097 0.295154 0.409692 0.290749 0.409692 0.286344 0.405286 0.281938 0.405286 0.277533 0.400881 0.273128
0 0.660793 0.264317 0.656388 0.268722 0.656388 0.281938 0.651982 0.286344 0.656388 0.290749 0.660793 0.290749 0.674009 0.303965 0.678414 0.303965 0.682819 0.299559 0.682819 0.290749 0.674009 0.281938 0.674009 0.277533
0 0.766520 0.233480 0.757709 0.224670 0.753304 0.224670 0.744493 0.233480 0.744493 0.237885 0.740088 0.242291 0.735683 0.242291 0.731278 0.246696 0.726872 0.246696 0.722467 0.242291 0.718062 0.246696 0.718062 0.255507 0.722467 0.259912 0.726872 0.255507 0.726872 0.251101 0.731278 0.246696 0.735683 0.246696 0.740088 0.242291 0.744493 0.242291 0.748899 0.246696 0.757709 0.246696 0.766520 0.237885
0 0.625551 0.229075 0.616740 0.220264 0.607930 0.220264 0.603524 0.215859 0.594714 0.215859 0.590308 0.211454 0.585903 0.211454 0.577093 0.220264 0.577093 0.224670 0.568282 0.233480 0.563877 0.233480 0.559471 0.237885 0.550661 0.237885 0.537445 0.251101 0.541850 0.255507 0.546256 0.255507 0.550661 0.259912 0.572687 0.237885 0.577093 0.237885 0.581498 0.233480 0.585903 0.233480 0.590308 0.229075 0.603524 0.229075 0.607930 0.233480 0.621145 0.233480
0 0.140969 0.237885 0.140969 0.251101 0.149780 0.259912 0.162996 0.246696 0.167401 0.246696 0.171806 0.242291 0.176211 0.242291 0.180617 0.246696 0.198238 0.246696 0.202643 0.251101 0.207048 0.251101 0.211454 0.255507 0.215859 0.255507 0.224670 0.264317 0.224670 0.290749 0.229075 0.295154 0.237885 0.295154 0.246696 0.286344 0.246696 0.277533 0.233480 0.264317 0.229075 0.264317 0.220264 0.255507 0.220264 0.251101 0.211454 0.242291 0.207048 0.242291 0.202643 0.237885 0.198238 0.237885 0.193833 0.233480 0.193833 0.220264 0.198238 0.215859 0.193833 0.211454 0.189427 0.215859 0.185022 0.215859 0.180617 0.220264 0.180617 0.224670 0.171806 0.233480 0.167401 0.233480 0.162996 0.237885 0.158590 0.233480 0.154185 0.233480 0.149780 0.229075
0 0.105727 0.220264 0.096916 0.211454 0.092511 0.215859 0.088106 0.215859 0.083700 0.220264 0.083700 0.229075 0.074890 0.237885 0.074890 0.242291 0.070485 0.246696 0.070485 0.255507 0.061674 0.264317 0.057269 0.264317 0.052863 0.268722 0.048458 0.264317 0.044053 0.264317 0.035242 0.255507 0.026432 0.255507 0.017621 0.264317 0.022026 0.268722 0.035242 0.268722 0.039648 0.264317 0.044053 0.268722 0.048458 0.268722 0.052863 0.273128 0.052863 0.286344 0.057269 0.290749 0.061674 0.290749 0.066079 0.295154 0.070485 0.295154 0.070485 0.290749 0.074890 0.286344 0.074890 0.273128 0.070485 0.268722 0.070485 0.259912 0.074890 0.255507 0.079295 0.255507 0.083700 0.251101 0.088106 0.251101 0.105727 0.233480
0 0.911894 0.207048 0.907489 0.202643 0.885463 0.224670 0.881057 0.224670 0.876652 0.229075 0.872247 0.229075 0.867841 0.233480 0.867841 0.242291 0.863436 0.246696 0.859031 0.246696 0.854626 0.251101 0.841410 0.251101 0.837004 0.255507 0.832599 0.255507 0.828194 0.259912 0.823789 0.259912 0.814978 0.268722 0.814978 0.277533 0.823789 0.286344 0.837004 0.273128 0.841410 0.273128 0.845815 0.268722 0.854626 0.268722 0.859031 0.273128 0.863436 0.268722 0.859031 0.264317 0.859031 0.251101 0.867841 0.242291 0.872247 0.242291 0.876652 0.237885 0.881057 0.237885 0.885463 0.233480 0.889868 0.233480 0.894273 0.237885 0.903084 0.237885 0.907489 0.233480 0.907489 0.215859 0.911894 0.211454
0 0.788546 0.215859 0.792952 0.220264 0.814978 0.220264 0.819383 0.224670 0.832599 0.224670 0.837004 0.220264 0.837004 0.215859 0.841410 0.211454 0.841410 0.207048 0.837004 0.202643 0.814978 0.202643 0.810573 0.207048 0.806167 0.202643 0.801762 0.207048 0.797357 0.207048
0 0.488987 0.193833 0.480176 0.202643 0.480176 0.211454 0.488987 0.220264 0.497797 0.220264 0.506608 0.211454 0.506608 0.202643 0.497797 0.193833
0 0.317181 0.176211 0.317181 0.180617 0.321586 0.185022 0.325991 0.185022 0.334802 0.193833 0.334802 0.198238 0.339207 0.202643 0.361233 0.202643 0.365639 0.198238 0.365639 0.193833 0.356828 0.185022 0.352423 0.185022 0.348018 0.180617 0.343612 0.180617 0.334802 0.171806 0.334802 0.167401 0.330396 0.171806 0.325991 0.171806 0.321586 0.176211
0 0.396476 0.145374 0.392070 0.145374 0.387665 0.149780 0.387665 0.167401 0.383260 0.171806 0.387665 0.176211 0.387665 0.180617 0.392070 0.185022 0.400881 0.176211 0.400881 0.171806 0.405286 0.167401 0.400881 0.162996 0.400881 0.149780
0 0.000000 0.140969 0.000000 0.154185 0.004405 0.149780 0.008811 0.154185 0.013216 0.154185 0.022026 0.162996 0.022026 0.180617 0.013216 0.189427 0.013216 0.207048 0.008811 0.211454 0.004405 0.211454 0.000000 0.215859 0.000000 0.220264 0.004405 0.224670 0.013216 0.224670 0.017621 0.220264 0.022026 0.220264 0.026432 0.215859 0.026432 0.207048 0.030837 0.202643 0.030837 0.198238 0.035242 0.193833 0.035242 0.189427 0.030837 0.185022 0.030837 0.149780 0.022026 0.140969
0 0.792952 0.127753 0.788546 0.132159 0.788546 0.140969 0.806167 0.158590 0.806167 0.162996 0.814978 0.171806 0.819383 0.167401 0.814978 0.162996 0.814978 0.140969 0.801762 0.127753
0 0.903084 0.127753 0.898678 0.123348 0.894273 0.123348 0.889868 0.118943 0.885463 0.123348 0.859031 0.123348 0.850220 0.132159 0.850220 0.136564 0.859031 0.145374 0.863436 0.145374 0.872247 0.136564 0.876652 0.136564 0.881057 0.132159 0.894273 0.132159 0.898678 0.136564 0.903084 0.132159
0 0.202643 0.096916 0.198238 0.101322 0.198238 0.105727 0.202643 0.110132 0.207048 0.110132 0.215859 0.118943 0.215859 0.123348 0.220264 0.127753 0.220264 0.136564 0.224670 0.140969 0.224670 0.145374 0.237885 0.158590 0.242291 0.154185 0.242291 0.145374 0.237885 0.140969 0.237885 0.132159 0.242291 0.127753 0.242291 0.114537 0.237885 0.110132 0.233480 0.110132 0.229075 0.105727 0.224670 0.105727 0.215859 0.096916
0 0.577093 0.088106 0.572687 0.092511 0.572687 0.096916 0.568282 0.101322 0.563877 0.101322 0.559471 0.105727 0.555066 0.105727 0.546256 0.114537 0.546256 0.140969 0.550661 0.145374 0.550661 0.162996 0.541850 0.171806 0.550661 0.180617 0.555066 0.180617 0.559471 0.185022 0.563877 0.185022 0.572687 0.193833 0.577093 0.193833 0.581498 0.198238 0.585903 0.193833 0.577093 0.185022 0.572687 0.185022 0.568282 0.180617 0.563877 0.180617 0.559471 0.176211 0.559471 0.171806 0.555066 0.167401 0.555066 0.158590 0.563877 0.149780 0.568282 0.149780 0.572687 0.145374 0.563877 0.136564 0.563877 0.127753 0.568282 0.123348 0.568282 0.118943 0.581498 0.105727 0.585903 0.105727 0.590308 0.101322 0.590308 0.096916 0.585903 0.092511 0.581498 0.092511
0 0.713656 0.088106 0.709251 0.083700 0.704846 0.088106 0.691630 0.088106 0.687225 0.092511 0.682819 0.092511 0.678414 0.096916 0.674009 0.096916 0.669604 0.101322 0.665198 0.096916 0.660793 0.096916 0.656388 0.092511 0.647577 0.092511 0.643172 0.096916 0.643172 0.105727 0.629956 0.118943 0.629956 0.158590 0.634361 0.162996 0.638767 0.162996 0.643172 0.158590 0.647577 0.158590 0.651982 0.154185 0.647577 0.149780 0.647577 0.118943 0.651982 0.114537 0.656388 0.114537 0.660793 0.110132 0.709251 0.110132 0.713656 0.105727
0 0.744493 0.079295 0.740088 0.083700 0.740088 0.105727 0.748899 0.114537 0.753304 0.114537 0.762115 0.105727 0.762115 0.096916
0 0.083700 0.158590 0.079295 0.154185 0.079295 0.145374 0.092511 0.132159 0.092511 0.118943 0.088106 0.114537 0.088106 0.088106 0.092511 0.083700 0.088106 0.079295 0.079295 0.088106 0.079295 0.092511 0.070485 0.101322 0.066079 0.101322 0.061674 0.105727 0.030837 0.105727 0.026432 0.101322 0.022026 0.101322 0.017621 0.096916 0.017621 0.092511 0.013216 0.088106 0.004405 0.088106 0.000000 0.083700 0.000000 0.101322 0.004405 0.101322 0.008811 0.096916 0.013216 0.096916 0.017621 0.101322 0.022026 0.101322 0.026432 0.105727 0.026432 0.118943 0.030837 0.123348 0.039648 0.123348 0.044053 0.118943 0.052863 0.118943 0.057269 0.114537 0.061674 0.114537 0.066079 0.110132 0.070485 0.114537 0.074890 0.114537 0.079295 0.118943 0.079295 0.127753 0.074890 0.132159 0.074890 0.140969 0.070485 0.145374 0.070485 0.149780 0.066079 0.154185 0.066079 0.158590 0.074890 0.167401
0 0.392070 0.066079 0.387665 0.070485 0.383260 0.070485 0.378855 0.074890 0.378855 0.088106 0.383260 0.092511 0.383260 0.114537 0.378855 0.118943 0.383260 0.123348 0.387665 0.123348 0.392070 0.118943 0.392070 0.110132 0.396476 0.105727 0.396476 0.096916 0.400881 0.092511 0.400881 0.079295 0.396476 0.074890 0.396476 0.070485
0 0.277533 0.052863 0.281938 0.057269 0.281938 0.066079 0.286344 0.070485 0.286344 0.074890 0.290749 0.079295 0.299559 0.079295 0.303965 0.083700 0.308370 0.083700 0.312775 0.079295 0.317181 0.083700 0.321586 0.083700 0.325991 0.079295 0.325991 0.070485 0.321586 0.066079 0.312775 0.066079 0.308370 0.061674 0.303965 0.061674 0.295154 0.052863 0.290749 0.052863 0.286344 0.048458 0.281938 0.048458
0 0.493392 0.039648 0.484582 0.048458 0.488987 0.052863 0.488987 0.061674 0.493392 0.066079 0.497797 0.066079 0.502203 0.070485 0.511013 0.061674 0.511013 0.052863 0.502203 0.044053 0.497797 0.044053
0 0.682819 0.026432 0.669604 0.039648 0.669604 0.044053 0.665198 0.048458 0.660793 0.048458 0.656388 0.052863 0.656388 0.057269 0.660793 0.061674 0.674009 0.061674 0.678414 0.057269 0.682819 0.057269 0.687225 0.052863 0.691630 0.052863 0.696035 0.048458 0.696035 0.044053 0.687225 0.035242 0.687225 0.030837
0 0.969163 0.022026 0.964758 0.026432 0.964758 0.039648 0.960352 0.044053 0.960352 0.048458 0.955947 0.052863 0.951542 0.052863 0.947137 0.057269 0.938326 0.057269 0.933921 0.052863 0.929515 0.052863 0.916300 0.039648 0.911894 0.039648 0.903084 0.048458 0.907489 0.052863 0.907489 0.057269 0.920705 0.070485 0.925110 0.070485 0.929515 0.074890 0.933921 0.074890 0.938326 0.079295 0.938326 0.092511 0.933921 0.096916 0.933921 0.110132 0.969163 0.145374 0.973568 0.140969 0.973568 0.136564 0.969163 0.132159 0.969163 0.127753 0.964758 0.123348 0.960352 0.123348 0.955947 0.118943 0.955947 0.088106 0.947137 0.079295 0.947137 0.070485 0.951542 0.066079 0.951542 0.061674 0.955947 0.057269 0.960352 0.057269 0.964758 0.052863 0.969163 0.052863 0.973568 0.057269 0.977974 0.052863 0.977974 0.030837
0 0.458150 0.008811 0.444934 0.022026 0.440529 0.022026 0.431718 0.030837 0.431718 0.044053 0.436123 0.048458 0.436123 0.052863 0.449339 0.066079 0.453745 0.061674 0.453745 0.035242 0.458150 0.030837 0.458150 0.026432 0.466960 0.017621
0 0.237885 0.017621 0.233480 0.022026 0.229075 0.017621 0.224670 0.017621 0.215859 0.008811 0.207048 0.017621 0.207048 0.022026 0.198238 0.030837 0.193833 0.030837 0.189427 0.035242 0.167401 0.035242 0.158590 0.044053 0.158590 0.061674 0.149780 0.070485 0.149780 0.079295 0.154185 0.083700 0.154185 0.101322 0.149780 0.105727 0.145374 0.105727 0.136564 0.114537 0.136564 0.123348 0.132159 0.127753 0.132159 0.145374 0.136564 0.149780 0.136564 0.154185 0.145374 0.162996 0.145374 0.176211 0.136564 0.185022 0.136564 0.189427 0.140969 0.193833 0.145374 0.193833 0.154185 0.185022 0.145374 0.176211 0.145374 0.167401 0.149780 0.162996 0.154185 0.162996 0.158590 0.158590 0.167401 0.158590 0.171806 0.162996 0.176211 0.162996 0.185022 0.154185 0.180617 0.149780 0.176211 0.149780 0.162996 0.158590 0.149780 0.149780 0.149780 0.136564 0.154185 0.132159 0.154185 0.110132 0.158590 0.105727 0.162996 0.105727 0.176211 0.096916 0.176211 0.083700 0.171806 0.079295 0.171806 0.052863 0.176211 0.048458 0.180617 0.048458 0.185022 0.044053 0.189427 0.044053 0.193833 0.039648 0.198238 0.039648 0.202643 0.035242 0.202643 0.030837 0.215859 0.022026 0.220264 0.026432 0.224670 0.026432 0.237885 0.039648 0.237885 0.048458 0.242291 0.052863 0.251101 0.052863 0.255507 0.048458 0.255507 0.039648 0.246696 0.030837 0.246696 0.026432
0 0.691630 0.000000 0.696035 0.004405 0.704846 0.004405 0.709251 0.000000 0.713656 0.004405 0.718062 0.004405 0.726872 0.013216 0.726872 0.052863 0.731278 0.057269 0.740088 0.057269 0.744493 0.052863 0.744493 0.048458 0.740088 0.044053 0.740088 0.030837 0.744493 0.026432 0.744493 0.022026 0.740088 0.017621 0.740088 0.000000
0 0.634361 0.000000 0.616740 0.000000 0.616740 0.013216 0.612335 0.017621 0.607930 0.017621 0.603524 0.022026 0.599119 0.022026 0.594714 0.026432 0.594714 0.030837 0.599119 0.035242 0.599119 0.039648 0.612335 0.052863 0.616740 0.052863 0.621145 0.048458 0.621145 0.026432 0.629956 0.017621 0.629956 0.013216 0.634361 0.008811
0 0.356828 0.000000 0.361233 0.000000 0.365639 0.004405 0.365639 0.013216 0.374449 0.022026 0.378855 0.022026 0.387665 0.030837 0.392070 0.026432 0.392070 0.013216 0.383260 0.004405 0.383260 0.000000
