0 0.889868 0.942731 0.885463 0.947137 0.885463 0.951542 0.881057 0.955947 0.881057 0.964758 0.885463 0.969163 0.885463 0.995595 0.898678 0.995595 0.898678 0.982379 0.894273 0.977974 0.894273 0.964758 0.898678 0.960352 0.898678 0.951542
0 0.603524 0.942731 0.594714 0.951542 0.594714 0.960352 0.590308 0.964758 0.594714 0.969163 0.594714 0.995595 0.616740 0.995595 0.616740 0.977974 0.612335 0.973568 0.612335 0.947137 0.607930 0.942731
0 0.000000 0.920705 0.000000 0.929515 0.004405 0.933921 0.008811 0.933921 0.013216 0.938326 0.013216 0.942731 0.017621 0.947137 0.017621 0.960352 0.022026 0.960352 0.026432 0.964758 0.030837 0.964758 0.039648 0.955947 0.039648 0.942731 0.035242 0.938326 0.035242 0.933921 0.026432 0.925110 0.022026 0.925110 0.017621 0.920705
0 0.356828 0.885463 0.348018 0.894273 0.361233 0.907489 0.361233 0.933921 0.365639 0.938326 0.365639 0.942731 0.370044 0.947137 0.370044 0.951542 0.383260 0.964758 0.387665 0.964758 0.392070 0.969163 0.400881 0.969163 0.405286 0.964758 0.383260 0.942731 0.383260 0.929515 0.374449 0.920705 0.374449 0.898678 0.365639 0.889868 0.361233 0.889868
0 0.894273 0.881057 0.885463 0.889868 0.885463 0.898678 0.889868 0.903084 0.889868 0.916300 0.894273 0.920705 0.911894 0.903084 0.911894 0.889868 0.907489 0.885463 0.898678 0.885463
0 0.810573 0.881057 0.801762 0.889868 0.801762 0.911894 0.806167 0.916300 0.806167 0.920705 0.810573 0.925110 0.814978 0.920705 0.814978 0.916300 0.819383 0.911894 0.819383 0.907489 0.828194 0.898678 0.823789 0.894273 0.823789 0.889868 0.819383 0.885463 0.814978 0.885463
0 0.722467 0.872247 0.713656 0.881057 0.713656 0.889868 0.709251 0.894273 0.709251 0.898678 0.700441 0.907489 0.700441 0.929515 0.704846 0.933921 0.704846 0.938326 0.718062 0.951542 0.722467 0.947137 0.722467 0.933921 0.718062 0.929515 0.718062 0.907489 0.722467 0.903084 0.726872 0.903084 0.731278 0.898678 0.735683 0.903084 0.740088 0.903084 0.744493 0.907489 0.744493 0.911894 0.748899 0.916300 0.748899 0.920705 0.757709 0.929515 0.762115 0.925110 0.766520 0.929515 0.770925 0.929515 0.779736 0.920705 0.779736 0.916300 0.770925 0.907489 0.748899 0.907489 0.744493 0.903084 0.740088 0.903084 0.735683 0.898678 0.735683 0.894273 0.731278 0.889868 0.731278 0.881057
0 0.114537 0.850220 0.110132 0.854626 0.110132 0.859031 0.114537 0.863436 0.114537 0.889868 0.118943 0.894273 0.118943 0.911894 0.123348 0.916300 0.123348 0.920705 0.127753 0.925110 0.132159 0.925110 0.136564 0.929515 0.140969 0.929515 0.145374 0.933921 0.167401 0.933921 0.171806 0.929515 0.185022 0.929515 0.189427 0.933921 0.198238 0.925110 0.198238 0.920705 0.202643 0.916300 0.198238 0.911894 0.198238 0.907489 0.193833 0.903084 0.176211 0.920705 0.171806 0.920705 0.167401 0.925110 0.162996 0.920705 0.158590 0.920705 0.132159 0.894273 0.132159 0.889868 0.127753 0.885463 0.127753 0.876652 0.123348 0.872247 0.123348 0.854626 0.118943 0.850220
0 0.211454 0.845815 0.207048 0.850220 0.207048 0.854626 0.202643 0.859031 0.202643 0.863436 0.211454 0.872247 0.220264 0.872247 0.224670 0.876652 0.229075 0.872247 0.229075 0.867841 0.233480 0.863436 0.220264 0.850220 0.215859 0.850220
0 0.497797 0.828194 0.488987 0.837004 0.488987 0.845815 0.493392 0.850220 0.493392 0.881057 0.488987 0.885463 0.488987 0.889868 0.502203 0.903084 0.502203 0.907489 0.511013 0.916300 0.515419 0.911894 0.515419 0.907489 0.511013 0.903084 0.511013 0.872247 0.515419 0.867841 0.511013 0.863436 0.511013 0.854626 0.506608 0.850220 0.506608 0.837004
0 0.070485 0.837004 0.061674 0.828194 0.057269 0.828194 0.052863 0.832599 0.048458 0.832599 0.044053 0.837004 0.026432 0.837004 0.022026 0.841410 0.035242 0.854626 0.052863 0.854626 0.061674 0.845815 0.066079 0.845815 0.070485 0.841410
0 0.995595 0.823789 0.986784 0.832599 0.982379 0.832599 0.977974 0.837004 0.973568 0.837004 0.969163 0.832599 0.960352 0.832599 0.955947 0.837004 0.955947 0.841410 0.951542 0.845815 0.951542 0.850220 0.955947 0.854626 0.955947 0.867841 0.960352 0.872247 0.960352 0.876652 0.964758 0.881057 0.973568 0.872247 0.973568 0.859031 0.977974 0.854626 0.977974 0.850220 0.982379 0.845815 0.986784 0.845815 0.991189 0.841410 0.995595 0.841410
0 0.295154 0.801762 0.290749 0.806167 0.290749 0.810573 0.299559 0.819383 0.299559 0.828194 0.303965 0.832599 0.303965 0.837004 0.308370 0.841410 0.308370 0.850220 0.321586 0.863436 0.325991 0.859031 0.325991 0.828194 0.312775 0.814978 0.308370 0.814978
0 0.916300 0.801762 0.907489 0.792952 0.894273 0.806167 0.894273 0.814978 0.881057 0.828194 0.876652 0.828194 0.872247 0.832599 0.867841 0.832599 0.863436 0.837004 0.850220 0.837004 0.845815 0.832599 0.828194 0.832599 0.823789 0.837004 0.819383 0.832599 0.814978 0.832599 0.810573 0.828194 0.806167 0.828194 0.801762 0.823789 0.797357 0.828194 0.792952 0.828194 0.788546 0.832599 0.784141 0.828194 0.779736 0.828194 0.775330 0.823789 0.775330 0.819383 0.766520 0.810573 0.762115 0.810573 0.757709 0.814978 0.735683 0.814978 0.726872 0.823789 0.726872 0.828194 0.731278 0.832599 0.748899 0.832599 0.753304 0.837004 0.762115 0.837004 0.766520 0.832599 0.770925 0.832599 0.775330 0.828194 0.779736 0.828194 0.784141 0.832599 0.788546 0.832599 0.806167 0.850220 0.814978 0.850220 0.819383 0.845815 0.832599 0.845815 0.837004 0.850220 0.841410 0.850220 0.850220 0.859031 0.863436 0.845815 0.867841 0.845815 0.872247 0.841410 0.876652 0.841410 0.889868 0.828194 0.894273 0.828194 0.898678 0.823789 0.903084 0.823789 0.916300 0.810573
0 0.189427 0.770925 0.185022 0.775330 0.185022 0.779736 0.189427 0.784141 0.189427 0.788546 0.198238 0.797357 0.202643 0.797357 0.207048 0.801762 0.211454 0.801762 0.215859 0.806167 0.220264 0.801762 0.220264 0.792952 0.215859 0.788546 0.211454 0.788546 0.202643 0.779736 0.198238 0.779736
0 0.321586 0.784141 0.321586 0.788546 0.325991 0.792952 0.339207 0.792952 0.343612 0.797357 0.348018 0.797357 0.356828 0.806167 0.378855 0.806167 0.383260 0.801762 0.387665 0.801762 0.392070 0.797357 0.392070 0.788546 0.387665 0.784141 0.365639 0.784141 0.361233 0.788546 0.356828 0.788546 0.352423 0.784141 0.348018 0.784141 0.343612 0.779736 0.343612 0.775330 0.339207 0.770925 0.339207 0.766520 0.334802 0.762115 0.330396 0.766520 0.330396 0.770925 0.325991 0.775330 0.325991 0.779736
0 0.000000 0.735683 0.000000 0.744493 0.026432 0.744493 0.030837 0.748899 0.035242 0.748899 0.044053 0.757709 0.044053 0.770925 0.048458 0.775330 0.048458 0.779736 0.052863 0.784141 0.057269 0.779736 0.057269 0.744493 0.061674 0.740088 0.057269 0.735683 0.035242 0.735683 0.030837 0.731278 0.022026 0.731278 0.017621 0.735683
0 0.753304 0.700441 0.748899 0.704846 0.748899 0.709251 0.762115 0.722467 0.770925 0.722467 0.775330 0.718062 0.775330 0.713656 0.779736 0.709251 0.770925 0.700441
0 0.088106 0.696035 0.070485 0.713656 0.074890 0.718062 0.092511 0.718062 0.096916 0.713656 0.101322 0.713656 0.105727 0.709251 0.110132 0.713656 0.114537 0.713656 0.123348 0.722467 0.123348 0.726872 0.132159 0.735683 0.132159 0.757709 0.123348 0.766520 0.127753 0.770925 0.136564 0.770925 0.140969 0.766520 0.140969 0.753304 0.145374 0.748899 0.140969 0.744493 0.140969 0.735683 0.136564 0.731278 0.136564 0.722467 0.132159 0.718062 0.132159 0.709251 0.123348 0.700441 0.118943 0.704846 0.110132 0.704846 0.105727 0.700441 0.101322 0.700441 0.096916 0.696035
0 0.259912 0.678414 0.255507 0.682819 0.255507 0.700441 0.273128 0.718062 0.277533 0.713656 0.277533 0.709251 0.273128 0.704846 0.273128 0.687225 0.264317 0.678414
0 0.044053 0.682819 0.035242 0.674009 0.026432 0.674009 0.017621 0.682819 0.017621 0.691630 0.008811 0.700441 0.004405 0.700441 0.008811 0.700441 0.013216 0.704846 0.026432 0.704846 0.030837 0.700441 0.035242 0.700441 0.039648 0.696035 0.039648 0.691630 0.044053 0.687225
0 0.845815 0.669604 0.841410 0.669604 0.828194 0.682819 0.828194 0.696035 0.819383 0.704846 0.819383 0.709251 0.806167 0.722467 0.806167 0.726872 0.801762 0.731278 0.801762 0.744493 0.806167 0.748899 0.810573 0.748899 0.814978 0.744493 0.814978 0.726872 0.819383 0.722467 0.823789 0.722467 0.828194 0.718062 0.832599 0.718062 0.837004 0.713656 0.841410 0.713656 0.845815 0.709251 0.845815 0.704846 0.850220 0.700441 0.850220 0.687225 0.854626 0.682819 0.854626 0.678414
0 0.933921 0.665198 0.947137 0.678414 0.951542 0.678414 0.955947 0.682819 0.960352 0.682819 0.969163 0.691630 0.969163 0.700441 0.973568 0.704846 0.977974 0.700441 0.982379 0.700441 0.986784 0.696035 0.995595 0.696035 0.995595 0.674009 0.991189 0.674009 0.986784 0.678414 0.982379 0.678414 0.977974 0.682819 0.973568 0.678414 0.969163 0.678414 0.964758 0.674009 0.964758 0.665198 0.960352 0.660793 0.955947 0.660793 0.951542 0.656388 0.942731 0.656388
0 0.000000 0.577093 0.004405 0.647577 0.057269 0.656388 0.088106 0.643172 0.220264 0.638767 0.242291 0.651982 0.268722 0.647577 0.317181 0.665198 0.308370 0.691630 0.312775 0.709251 0.348018 0.700441 0.325991 0.682819 0.325991 0.656388 0.352423 0.647577 0.392070 0.651982 0.414097 0.665198 0.427313 0.687225 0.405286 0.696035 0.383260 0.682819 0.356828 0.700441 0.405286 0.704846 0.414097 0.713656 0.414097 0.735683 0.444934 0.748899 0.453745 0.762115 0.502203 0.731278 0.511013 0.735683 0.515419 0.748899 0.506608 0.757709 0.502203 0.788546 0.528634 0.766520 0.550661 0.784141 0.581498 0.784141 0.581498 0.806167 0.603524 0.819383 0.599119 0.850220 0.638767 0.872247 0.629956 0.898678 0.638767 0.911894 0.656388 0.920705 0.687225 0.872247 0.651982 0.859031 0.629956 0.832599 0.625551 0.806167 0.651982 0.792952 0.634361 0.775330 0.616740 0.779736 0.599119 0.766520 0.585903 0.770925 0.546256 0.740088 0.559471 0.722467 0.581498 0.722467 0.603524 0.744493 0.616740 0.740088 0.585903 0.722467 0.594714 0.687225 0.607930 0.674009 0.603524 0.669604 0.581498 0.687225 0.528634 0.656388 0.488987 0.678414 0.475771 0.669604 0.475771 0.656388 0.493392 0.643172 0.488987 0.629956 0.427313 0.638767 0.409692 0.625551 0.361233 0.612335 0.334802 0.616740 0.317181 0.603524 0.290749 0.607930 0.273128 0.599119 0.268722 0.585903 0.299559 0.568282 0.295154 0.563877 0.259912 0.577093 0.207048 0.568282 0.136564 0.577093 0.088106 0.563877
0 0.894273 0.506608 0.889868 0.511013 0.889868 0.533040 0.898678 0.541850 0.907489 0.541850 0.911894 0.537445 0.911894 0.524229
0 0.995595 0.621145 0.991189 0.572687 0.977974 0.577093 0.955947 0.572687 0.907489 0.599119 0.867841 0.594714 0.832599 0.599119 0.810573 0.581498 0.797357 0.590308 0.788546 0.585903 0.784141 0.559471 0.837004 0.528634 0.837004 0.506608 0.828194 0.497797 0.819383 0.502203 0.819383 0.524229 0.792952 0.541850 0.779736 0.533040 0.770925 0.537445 0.775330 0.563877 0.766520 0.572687 0.722467 0.585903 0.678414 0.590308 0.629956 0.585903 0.577093 0.559471 0.537445 0.572687 0.488987 0.546256 0.480176 0.528634 0.475771 0.533040 0.480176 0.546256 0.466960 0.555066 0.449339 0.550661 0.409692 0.559471 0.427313 0.572687 0.422908 0.585903 0.427313 0.590308 0.431718 0.585903 0.427313 0.572687 0.449339 0.559471 0.480176 0.568282 0.506608 0.563877 0.519824 0.572687 0.511013 0.590308 0.541850 0.616740 0.555066 0.612335 0.599119 0.616740 0.603524 0.629956 0.594714 0.638767 0.607930 0.647577 0.634361 0.625551 0.674009 0.621145 0.700441 0.629956 0.696035 0.651982 0.660793 0.678414 0.656388 0.709251 0.665198 0.718062 0.687225 0.713656 0.731278 0.665198 0.748899 0.678414 0.766520 0.669604 0.731278 0.656388 0.731278 0.643172 0.766520 0.621145 0.784141 0.621145 0.797357 0.629956 0.788546 0.665198 0.779736 0.669604 0.788546 0.682819 0.801762 0.647577 0.819383 0.629956 0.850220 0.625551 0.872247 0.612335 0.911894 0.612335 0.929515 0.625551 0.938326 0.621145 0.955947 0.629956
0 0.154185 0.488987 0.158590 0.493392 0.162996 0.493392 0.180617 0.511013 0.189427 0.511013 0.193833 0.506608 0.193833 0.497797 0.185022 0.488987 0.176211 0.488987 0.171806 0.484582 0.167401 0.484582 0.162996 0.480176
0 0.339207 0.466960 0.334802 0.466960 0.321586 0.480176 0.321586 0.488987 0.317181 0.493392 0.317181 0.511013 0.325991 0.519824 0.330396 0.519824 0.334802 0.515419 0.334802 0.502203 0.343612 0.493392 0.343612 0.488987 0.348018 0.484582 0.348018 0.480176 0.343612 0.475771 0.343612 0.471366
0 0.955947 0.444934 0.951542 0.444934 0.947137 0.449339 0.942731 0.449339 0.933921 0.458150 0.933921 0.462555 0.929515 0.466960 0.929515 0.471366 0.938326 0.480176 0.942731 0.480176 0.955947 0.466960 0.955947 0.462555 0.964758 0.453745
0 0.819383 0.427313 0.814978 0.431718 0.814978 0.444934 0.819383 0.449339 0.819383 0.458150 0.823789 0.462555 0.828194 0.458150 0.832599 0.458150 0.837004 0.453745 0.837004 0.449339 0.832599 0.444934 0.832599 0.440529 0.828194 0.436123 0.828194 0.431718 0.823789 0.427313
0 0.599119 0.418502 0.594714 0.422908 0.594714 0.427313 0.599119 0.431718 0.599119 0.458150 0.590308 0.466960 0.585903 0.466960 0.577093 0.475771 0.577093 0.480176 0.572687 0.484582 0.572687 0.488987 0.585903 0.502203 0.585903 0.519824 0.590308 0.524229 0.590308 0.533040 0.594714 0.537445 0.599119 0.537445 0.607930 0.528634 0.607930 0.519824 0.603524 0.515419 0.603524 0.511013 0.594714 0.502203 0.594714 0.484582 0.599119 0.480176 0.594714 0.475771 0.594714 0.466960 0.599119 0.462555 0.603524 0.462555 0.612335 0.453745 0.612335 0.431718
0 0.101322 0.400881 0.092511 0.409692 0.092511 0.414097 0.096916 0.418502 0.096916 0.422908 0.101322 0.427313 0.101322 0.440529 0.096916 0.444934 0.096916 0.462555 0.105727 0.471366 0.110132 0.466960 0.114537 0.471366 0.118943 0.466960 0.118943 0.436123 0.114537 0.431718 0.114537 0.409692 0.105727 0.400881
0 0.158590 0.400881 0.158590 0.409692 0.154185 0.414097 0.154185 0.422908 0.176211 0.444934 0.180617 0.444934 0.185022 0.449339 0.189427 0.449339 0.202643 0.462555 0.207048 0.462555 0.220264 0.475771 0.220264 0.480176 0.229075 0.488987 0.233480 0.488987 0.237885 0.484582 0.242291 0.484582 0.246696 0.480176 0.251101 0.484582 0.255507 0.484582 0.259912 0.488987 0.277533 0.471366 0.281938 0.471366 0.286344 0.466960 0.286344 0.462555 0.281938 0.458150 0.273128 0.466960 0.268722 0.466960 0.264317 0.471366 0.259912 0.471366 0.255507 0.475771 0.246696 0.475771 0.242291 0.471366 0.237885 0.471366 0.233480 0.466960 0.229075 0.466960 0.220264 0.458150 0.220264 0.449339 0.215859 0.444934 0.215859 0.440529 0.211454 0.436123 0.207048 0.436123 0.202643 0.431718 0.189427 0.431718 0.185022 0.427313 0.180617 0.427313 0.176211 0.422908 0.176211 0.400881 0.171806 0.396476 0.167401 0.400881 0.162996 0.396476
0 0.625551 0.396476 0.629956 0.400881 0.634361 0.396476 0.638767 0.400881 0.643172 0.400881 0.647577 0.405286 0.647577 0.409692 0.651982 0.414097 0.651982 0.418502 0.656388 0.422908 0.656388 0.427313 0.660793 0.431718 0.660793 0.440529 0.669604 0.449339 0.674009 0.444934 0.678414 0.444934 0.682819 0.449339 0.687225 0.449339 0.696035 0.458150 0.700441 0.458150 0.704846 0.462555 0.709251 0.462555 0.713656 0.466960 0.713656 0.475771 0.731278 0.493392 0.735683 0.493392 0.744493 0.502203 0.748899 0.497797 0.748899 0.475771 0.744493 0.471366 0.740088 0.471366 0.735683 0.466960 0.722467 0.466960 0.718062 0.462555 0.713656 0.462555 0.709251 0.458150 0.709251 0.449339 0.700441 0.440529 0.696035 0.440529 0.687225 0.431718 0.687225 0.427313 0.674009 0.414097 0.674009 0.409692 0.669604 0.405286 0.669604 0.400881 0.660793 0.392070 0.651982 0.392070 0.647577 0.396476 0.634361 0.396476 0.629956 0.392070
0 0.259912 0.392070 0.255507 0.392070 0.242291 0.405286 0.242291 0.409692 0.233480 0.418502 0.242291 0.427313 0.246696 0.427313 0.264317 0.409692 0.264317 0.405286 0.268722 0.400881
0 0.722467 0.378855 0.718062 0.383260 0.718062 0.396476 0.726872 0.405286 0.731278 0.405286 0.740088 0.414097 0.744493 0.414097 0.748899 0.418502 0.753304 0.414097 0.753304 0.405286 0.748899 0.400881 0.748899 0.392070 0.744493 0.387665 0.744493 0.383260 0.740088 0.378855
0 0.017621 0.356828 0.008811 0.365639 0.004405 0.365639 0.008811 0.365639 0.013216 0.370044 0.013216 0.374449 0.017621 0.378855 0.017621 0.405286 0.013216 0.409692 0.013216 0.414097 0.017621 0.418502 0.022026 0.418502 0.026432 0.414097 0.026432 0.405286 0.044053 0.387665 0.044053 0.378855 0.039648 0.374449 0.035242 0.374449
0 0.806167 0.352423 0.801762 0.356828 0.801762 0.370044 0.788546 0.383260 0.788546 0.392070 0.792952 0.396476 0.797357 0.396476 0.801762 0.400881 0.801762 0.405286 0.810573 0.414097 0.814978 0.414097 0.832599 0.396476 0.832599 0.387665 0.819383 0.374449 0.819383 0.365639 0.814978 0.361233 0.814978 0.356828 0.810573 0.352423
0 0.193833 0.343612 0.189427 0.339207 0.185022 0.343612 0.167401 0.343612 0.158590 0.352423 0.158590 0.361233 0.162996 0.365639 0.167401 0.361233 0.189427 0.361233 0.193833 0.356828
0 0.885463 0.308370 0.876652 0.317181 0.876652 0.321586 0.881057 0.325991 0.881057 0.330396 0.885463 0.334802 0.885463 0.352423 0.876652 0.361233 0.872247 0.361233 0.863436 0.370044 0.863436 0.378855 0.872247 0.387665 0.876652 0.383260 0.881057 0.383260 0.885463 0.387665 0.889868 0.387665 0.894273 0.392070 0.894273 0.400881 0.907489 0.414097 0.920705 0.400881 0.920705 0.392070 0.911894 0.383260 0.903084 0.383260 0.898678 0.378855 0.894273 0.378855 0.885463 0.370044 0.885463 0.356828 0.889868 0.352423 0.894273 0.352423 0.898678 0.348018 0.898678 0.343612 0.894273 0.339207 0.894273 0.317181
0 0.572687 0.295154 0.563877 0.303965 0.563877 0.308370 0.559471 0.312775 0.559471 0.317181 0.555066 0.321586 0.555066 0.325991 0.559471 0.330396 0.568282 0.330396 0.577093 0.321586 0.577093 0.317181 0.581498 0.312775 0.581498 0.303965
0 0.973568 0.290749 0.964758 0.299559 0.964758 0.303965 0.960352 0.308370 0.960352 0.312775 0.964758 0.317181 0.964758 0.321586 0.973568 0.330396 0.982379 0.330396 0.986784 0.334802 0.995595 0.334802 0.995595 0.317181 0.991189 0.312775 0.986784 0.312775 0.982379 0.308370 0.982379 0.295154 0.977974 0.290749
0 0.700441 0.286344 0.696035 0.290749 0.696035 0.334802 0.687225 0.343612 0.687225 0.352423 0.691630 0.356828 0.700441 0.348018 0.700441 0.334802 0.709251 0.325991 0.709251 0.312775 0.704846 0.308370 0.704846 0.290749
0 0.070485 0.286344 0.070485 0.290749 0.074890 0.295154 0.079295 0.295154 0.083700 0.290749 0.088106 0.295154 0.092511 0.295154 0.096916 0.299559 0.096916 0.308370 0.105727 0.317181 0.110132 0.312775 0.114537 0.312775 0.118943 0.308370 0.123348 0.312775 0.127753 0.312775 0.132159 0.317181 0.132159 0.321586 0.136564 0.325991 0.140969 0.325991 0.145374 0.321586 0.140969 0.317181 0.136564 0.317181 0.132159 0.312775 0.127753 0.312775 0.123348 0.308370 0.123348 0.299559 0.127753 0.295154 0.127753 0.290749 0.123348 0.286344 0.118943 0.286344 0.110132 0.295154 0.105727 0.295154 0.101322 0.299559 0.096916 0.299559 0.092511 0.295154 0.088106 0.295154 0.083700 0.290749 0.083700 0.286344 0.079295 0.281938 0.074890 0.281938
0 0.801762 0.259912 0.797357 0.264317 0.792952 0.264317 0.788546 0.268722 0.788546 0.290749 0.792952 0.295154 0.792952 0.303965 0.788546 0.308370 0.784141 0.308370 0.779736 0.312775 0.775330 0.312775 0.766520 0.321586 0.770925 0.325991 0.775330 0.321586 0.779736 0.321586 0.784141 0.317181 0.788546 0.321586 0.797357 0.321586 0.801762 0.325991 0.806167 0.325991 0.810573 0.330396 0.819383 0.330396 0.823789 0.325991 0.828194 0.325991 0.837004 0.317181 0.828194 0.308370 0.823789 0.312775 0.819383 0.312775 0.814978 0.308370 0.810573 0.308370 0.806167 0.303965 0.806167 0.286344 0.810573 0.281938 0.810573 0.268722
0 0.264317 0.233480 0.259912 0.237885 0.259912 0.268722 0.255507 0.273128 0.255507 0.290749 0.259912 0.295154 0.268722 0.286344 0.273128 0.286344 0.277533 0.281938 0.277533 0.277533 0.281938 0.273128 0.281938 0.268722 0.277533 0.264317 0.277533 0.251101 0.268722 0.242291 0.268722 0.237885
0 0.740088 0.229075 0.731278 0.229075 0.722467 0.237885 0.722467 0.246696 0.735683 0.259912 0.740088 0.255507 0.740088 0.251101 0.748899 0.242291 0.744493 0.237885 0.744493 0.233480
0 0.308370 0.220264 0.308370 0.242291 0.312775 0.246696 0.312775 0.251101 0.321586 0.259912 0.325991 0.259912 0.330396 0.264317 0.334802 0.264317 0.339207 0.268722 0.339207 0.277533 0.321586 0.295154 0.317181 0.295154 0.308370 0.303965 0.308370 0.312775 0.317181 0.321586 0.317181 0.325991 0.334802 0.343612 0.339207 0.343612 0.343612 0.339207 0.352423 0.339207 0.356828 0.343612 0.361233 0.343612 0.365639 0.348018 0.365639 0.361233 0.356828 0.370044 0.356828 0.374449 0.370044 0.387665 0.374449 0.387665 0.378855 0.383260 0.378855 0.378855 0.370044 0.370044 0.370044 0.365639 0.365639 0.361233 0.365639 0.352423 0.374449 0.343612 0.378855 0.343612 0.383260 0.339207 0.387665 0.339207 0.396476 0.330396 0.396476 0.321586 0.400881 0.317181 0.392070 0.308370 0.387665 0.308370 0.370044 0.325991 0.365639 0.325991 0.361233 0.330396 0.352423 0.330396 0.348018 0.325991 0.343612 0.325991 0.339207 0.321586 0.339207 0.317181 0.334802 0.312775 0.334802 0.295154 0.339207 0.290749 0.339207 0.273128 0.343612 0.268722 0.348018 0.268722 0.352423 0.264317 0.348018 0.259912 0.348018 0.255507 0.339207 0.246696 0.339207 0.242291 0.334802 0.237885 0.330396 0.237885 0.325991 0.233480 0.325991 0.229075 0.321586 0.224670 0.317181 0.224670 0.312775 0.220264
0 0.070485 0.229075 0.070485 0.237885 0.079295 0.246696 0.083700 0.246696 0.088106 0.251101 0.092511 0.251101 0.096916 0.255507 0.101322 0.251101 0.105727 0.251101 0.110132 0.246696 0.114537 0.251101 0.118943 0.251101 0.132159 0.264317 0.140969 0.255507 0.132159 0.246696 0.127753 0.246696 0.123348 0.251101 0.118943 0.246696 0.114537 0.246696 0.096916 0.229075 0.092511 0.229075 0.079295 0.215859 0.074890 0.220264 0.074890 0.224670
0 0.638767 0.207048 0.634361 0.211454 0.629956 0.211454 0.625551 0.215859 0.616740 0.215859 0.612335 0.211454 0.607930 0.211454 0.603524 0.215859 0.603524 0.251101 0.612335 0.259912 0.616740 0.259912 0.625551 0.251101 0.621145 0.246696 0.621145 0.229075 0.625551 0.224670 0.629956 0.224670 0.643172 0.211454
0 0.995595 0.202643 0.986784 0.202643 0.982379 0.207048 0.977974 0.207048 0.964758 0.220264 0.960352 0.220264 0.951542 0.229075 0.951542 0.237885 0.955947 0.242291 0.969163 0.242291 0.973568 0.237885 0.973568 0.224670 0.977974 0.220264 0.982379 0.220264 0.986784 0.215859 0.995595 0.215859
0 0.876652 0.202643 0.867841 0.202643 0.859031 0.211454 0.859031 0.233480 0.863436 0.237885 0.863436 0.242291 0.867841 0.246696 0.867841 0.251101 0.872247 0.255507 0.876652 0.251101 0.876652 0.242291 0.889868 0.229075 0.885463 0.224670 0.885463 0.211454
0 0.497797 0.198238 0.493392 0.198238 0.484582 0.211454 0.488987 0.215859 0.484582 0.251101 0.493392 0.259912 0.493392 0.268722 0.484582 0.277533 0.488987 0.277533 0.506608 0.295154 0.506608 0.303965 0.497797 0.312775 0.497797 0.330396 0.488987 0.339207 0.493392 0.383260 0.502203 0.392070 0.502203 0.409692 0.497797 0.414097 0.506608 0.418502 0.506608 0.427313 0.493392 0.436123 0.480176 0.427313 0.480176 0.418502 0.484582 0.414097 0.458150 0.400881 0.440529 0.378855 0.431718 0.378855 0.422908 0.387665 0.431718 0.396476 0.444934 0.400881 0.453745 0.409692 0.453745 0.418502 0.431718 0.431718 0.414097 0.418502 0.400881 0.418502 0.378855 0.436123 0.370044 0.436123 0.352423 0.422908 0.343612 0.422908 0.339207 0.427313 0.339207 0.436123 0.352423 0.444934 0.356828 0.440529 0.370044 0.449339 0.387665 0.449339 0.400881 0.440529 0.418502 0.453745 0.418502 0.466960 0.405286 0.475771 0.414097 0.488987 0.431718 0.497797 0.466960 0.480176 0.480176 0.488987 0.502203 0.480176 0.515419 0.466960 0.515419 0.449339 0.533040 0.431718 0.533040 0.418502 0.515419 0.405286 0.519824 0.374449 0.502203 0.361233 0.502203 0.352423 0.506608 0.348018 0.506608 0.339207 0.519824 0.321586 0.519824 0.286344 0.533040 0.277533 0.537445 0.281938 0.550661 0.281938 0.555066 0.273128 0.546256 0.259912 0.537445 0.259912 0.533040 0.264317 0.533040 0.277533 0.519824 0.286344 0.493392 0.268722 0.493392 0.259912 0.497797 0.255507 0.497797 0.233480 0.511013 0.220264 0.511013 0.211454
0 0.132159 0.193833 0.127753 0.198238 0.127753 0.207048 0.123348 0.211454 0.136564 0.224670 0.140969 0.224670 0.149780 0.215859 0.149780 0.211454 0.145374 0.207048 0.145374 0.198238 0.140969 0.193833
0 0.422908 0.189427 0.418502 0.185022 0.414097 0.189427 0.414097 0.198238 0.409692 0.202643 0.405286 0.202643 0.400881 0.207048 0.387665 0.207048 0.383260 0.202643 0.378855 0.202643 0.370044 0.211454 0.370044 0.215859 0.374449 0.220264 0.378855 0.220264 0.383260 0.224670 0.387665 0.220264 0.392070 0.220264 0.396476 0.224670 0.405286 0.224670 0.409692 0.220264 0.409692 0.215859 0.414097 0.211454 0.414097 0.202643 0.422908 0.193833
0 0.189427 0.171806 0.176211 0.185022 0.176211 0.189427 0.189427 0.202643 0.193833 0.202643 0.198238 0.207048 0.202643 0.207048 0.220264 0.224670 0.229075 0.224670 0.237885 0.215859 0.237885 0.211454 0.229075 0.202643 0.224670 0.202643 0.220264 0.198238 0.215859 0.198238
0 0.427313 0.149780 0.436123 0.158590 0.440529 0.158590 0.458150 0.176211 0.466960 0.176211 0.471366 0.171806 0.471366 0.158590 0.462555 0.149780 0.458150 0.149780 0.453745 0.145374 0.449339 0.145374 0.444934 0.149780 0.440529 0.145374 0.436123 0.149780 0.431718 0.145374
0 0.550661 0.132159 0.537445 0.145374 0.559471 0.167401 0.563877 0.167401 0.568282 0.171806 0.568282 0.193833 0.572687 0.198238 0.577093 0.198238 0.585903 0.189427 0.585903 0.185022 0.577093 0.176211 0.577093 0.167401 0.572687 0.162996 0.572687 0.158590 0.568282 0.154185 0.563877 0.154185 0.559471 0.149780 0.559471 0.140969
0 0.000000 0.154185 0.004405 0.154185 0.008811 0.149780 0.013216 0.149780 0.017621 0.145374 0.026432 0.145374 0.030837 0.140969 0.030837 0.132159 0.026432 0.127753 0.004405 0.127753 0.000000 0.132159
0 0.114537 0.123348 0.110132 0.127753 0.110132 0.132159 0.105727 0.136564 0.114537 0.145374 0.123348 0.145374 0.127753 0.149780 0.136564 0.149780 0.140969 0.145374 0.140969 0.140969 0.127753 0.127753 0.123348 0.127753 0.118943 0.123348
0 0.872247 0.127753 0.872247 0.132159 0.876652 0.132159 0.881057 0.136564 0.889868 0.136564 0.894273 0.140969 0.907489 0.140969 0.911894 0.136564 0.920705 0.136564 0.925110 0.140969 0.929515 0.140969 0.933921 0.145374 0.947137 0.145374 0.951542 0.140969 0.951542 0.127753 0.947137 0.123348 0.938326 0.123348 0.933921 0.127753 0.929515 0.127753 0.925110 0.123348 0.894273 0.123348 0.889868 0.118943 0.885463 0.118943 0.876652 0.127753
0 0.299559 0.110132 0.281938 0.127753 0.281938 0.132159 0.277533 0.136564 0.277533 0.140969 0.273128 0.145374 0.273128 0.154185 0.277533 0.158590 0.277533 0.171806 0.273128 0.176211 0.277533 0.180617 0.277533 0.185022 0.290749 0.198238 0.290749 0.202643 0.299559 0.211454 0.303965 0.211454 0.303965 0.198238 0.299559 0.193833 0.299559 0.189427 0.290749 0.180617 0.290749 0.171806 0.286344 0.167401 0.286344 0.158590 0.303965 0.140969 0.303965 0.132159 0.308370 0.127753 0.308370 0.118943
0 0.748899 0.088106 0.744493 0.092511 0.740088 0.092511 0.731278 0.101322 0.740088 0.110132 0.740088 0.114537 0.744493 0.118943 0.744493 0.127753 0.753304 0.136564 0.757709 0.132159 0.757709 0.123348 0.753304 0.118943 0.753304 0.092511
0 0.696035 0.039648 0.665198 0.070485 0.665198 0.074890 0.660793 0.079295 0.656388 0.079295 0.651982 0.083700 0.643172 0.083700 0.634361 0.092511 0.634361 0.096916 0.629956 0.101322 0.634361 0.105727 0.634361 0.118943 0.629956 0.123348 0.629956 0.136564 0.625551 0.140969 0.629956 0.145374 0.629956 0.149780 0.634361 0.154185 0.634361 0.158590 0.638767 0.162996 0.638767 0.171806 0.634361 0.176211 0.638767 0.180617 0.647577 0.171806 0.647577 0.149780 0.643172 0.145374 0.643172 0.127753 0.638767 0.123348 0.638767 0.114537 0.674009 0.079295 0.678414 0.079295 0.682819 0.074890 0.687225 0.074890 0.700441 0.061674 0.704846 0.061674 0.709251 0.057269 0.709251 0.048458 0.704846 0.044053 0.700441 0.044053
0 0.374449 0.035242 0.370044 0.030837 0.365639 0.035242 0.365639 0.039648 0.361233 0.044053 0.356828 0.044053 0.352423 0.048458 0.339207 0.048458 0.334802 0.044053 0.330396 0.044053 0.325991 0.039648 0.312775 0.052863 0.312775 0.057269 0.317181 0.061674 0.339207 0.061674 0.343612 0.066079 0.348018 0.066079 0.356828 0.074890 0.361233 0.074890 0.370044 0.066079 0.365639 0.061674 0.365639 0.057269 0.361233 0.052863 0.361233 0.044053 0.365639 0.039648 0.370044 0.039648
0 0.977974 0.013216 0.964758 0.026432 0.969163 0.030837 0.969163 0.044053 0.964758 0.048458 0.964758 0.052863 0.973568 0.061674 0.973568 0.079295 0.977974 0.083700 0.982379 0.083700 0.986784 0.088106 0.991189 0.083700 0.995595 0.083700 0.995595 0.070485 0.991189 0.070485 0.986784 0.066079 0.982379 0.066079 0.973568 0.057269 0.973568 0.035242 0.977974 0.030837 0.977974 0.026432 0.982379 0.022026 0.982379 0.017621
0 0.744493 0.000000 0.744493 0.008811 0.762115 0.026432 0.766520 0.026432 0.770925 0.030837 0.770925 0.044053 0.775330 0.048458 0.775330 0.052863 0.779736 0.057269 0.806167 0.057269 0.810573 0.052863 0.828194 0.052863 0.832599 0.048458 0.837004 0.052863 0.841410 0.048458 0.841410 0.044053 0.828194 0.030837 0.823789 0.030837 0.819383 0.035242 0.814978 0.035242 0.810573 0.039648 0.801762 0.039648 0.797357 0.044053 0.792952 0.039648 0.788546 0.039648 0.784141 0.035242 0.779736 0.035242 0.775330 0.030837 0.770925 0.030837 0.766520 0.026432 0.766520 0.022026 0.762115 0.017621 0.762115 0.000000
0 0.519824 0.000000 0.519824 0.048458 0.524229 0.052863 0.528634 0.052863 0.533040 0.057269 0.541850 0.048458 0.541850 0.000000
0 0.233480 0.000000 0.224670 0.000000 0.224670 0.013216 0.220264 0.017621 0.215859 0.017621 0.207048 0.026432 0.202643 0.026432 0.198238 0.030837 0.193833 0.030837 0.189427 0.026432 0.185022 0.026432 0.171806 0.013216 0.167401 0.013216 0.162996 0.017621 0.162996 0.022026 0.158590 0.026432 0.158590 0.030837 0.145374 0.044053 0.145374 0.048458 0.149780 0.052863 0.154185 0.052863 0.158590 0.048458 0.162996 0.048458 0.167401 0.052863 0.171806 0.048458 0.176211 0.048458 0.180617 0.044053 0.185022 0.048458 0.189427 0.048458 0.193833 0.052863 0.193833 0.066079 0.185022 0.074890 0.189427 0.079295 0.193833 0.074890 0.198238 0.079295 0.211454 0.079295 0.215859 0.074890 0.224670 0.074890 0.229075 0.079295 0.233480 0.074890 0.233480 0.070485 0.229075 0.066079 0.224670 0.066079 0.211454 0.052863 0.211454 0.039648 0.229075 0.022026 0.229075 0.017621 0.233480 0.013216
0 0.017621 0.000000 0.000000 0.000000 0.000000 0.030837 0.004405 0.035242 0.008811 0.035242 0.013216 0.030837 0.013216 0.022026 0.017621 0.017621
