0 0.651982 0.964758 0.647577 0.960352 0.638767 0.960352 0.634361 0.964758 0.625551 0.964758 0.621145 0.969163 0.621145 0.973568 0.616740 0.977974 0.625551 0.986784 0.629956 0.986784
0 0.286344 0.960352 0.281938 0.955947 0.273128 0.955947 0.268722 0.960352 0.264317 0.960352 0.259912 0.964758 0.255507 0.964758 0.251101 0.969163 0.246696 0.969163 0.242291 0.964758 0.233480 0.964758 0.229075 0.969163 0.229075 0.973568 0.233480 0.977974 0.237885 0.977974 0.242291 0.982379 0.246696 0.982379 0.255507 0.973568 0.259912 0.973568 0.264317 0.969163 0.268722 0.969163 0.273128 0.973568 0.281938 0.973568 0.286344 0.969163
0 0.911894 0.925110 0.903084 0.916300 0.894273 0.925110 0.894273 0.933921 0.889868 0.938326 0.885463 0.938326 0.881057 0.942731 0.876652 0.938326 0.872247 0.942731 0.872247 0.951542 0.867841 0.955947 0.863436 0.955947 0.859031 0.960352 0.854626 0.955947 0.850220 0.960352 0.845815 0.955947 0.841410 0.955947 0.837004 0.951542 0.832599 0.955947 0.837004 0.960352 0.841410 0.960352 0.845815 0.964758 0.850220 0.964758 0.854626 0.969163 0.854626 0.973568 0.859031 0.973568 0.863436 0.969163 0.867841 0.973568 0.872247 0.973568 0.876652 0.969163 0.876652 0.951542 0.881057 0.947137 0.885463 0.947137 0.889868 0.942731 0.889868 0.938326 0.894273 0.933921 0.898678 0.933921 0.903084 0.929515 0.907489 0.929515
0 0.242291 0.889868 0.233480 0.898678 0.233480 0.907489 0.237885 0.911894 0.242291 0.911894 0.251101 0.920705 0.255507 0.920705 0.259912 0.916300 0.259912 0.907489
0 0.149780 0.863436 0.145374 0.867841 0.145374 0.881057 0.149780 0.885463 0.154185 0.885463 0.158590 0.889868 0.162996 0.889868 0.167401 0.894273 0.171806 0.889868 0.171806 0.881057 0.154185 0.863436
0 0.088106 0.823789 0.083700 0.828194 0.079295 0.828194 0.074890 0.832599 0.074890 0.841410 0.066079 0.850220 0.061674 0.850220 0.061674 0.854626 0.070485 0.863436 0.074890 0.863436 0.079295 0.867841 0.079295 0.885463 0.074890 0.889868 0.083700 0.898678 0.083700 0.903084 0.088106 0.907489 0.088106 0.916300 0.092511 0.920705 0.096916 0.916300 0.096916 0.898678 0.101322 0.894273 0.101322 0.889868 0.088106 0.876652 0.083700 0.876652 0.079295 0.872247 0.079295 0.854626 0.083700 0.850220 0.088106 0.850220 0.096916 0.841410 0.096916 0.832599
0 0.427313 0.823789 0.431718 0.828194 0.436123 0.828194 0.440529 0.832599 0.444934 0.832599 0.449339 0.837004 0.449339 0.859031 0.444934 0.863436 0.444934 0.867841 0.449339 0.872247 0.453745 0.867841 0.453745 0.859031 0.458150 0.854626 0.462555 0.854626 0.466960 0.850220 0.471366 0.850220 0.475771 0.845815 0.480176 0.850220 0.484582 0.850220 0.506608 0.872247 0.528634 0.872247 0.533040 0.867841 0.533040 0.863436 0.524229 0.854626 0.519824 0.854626 0.502203 0.837004 0.475771 0.837004 0.471366 0.832599 0.466960 0.832599 0.462555 0.828194 0.458150 0.828194 0.449339 0.819383 0.431718 0.819383
0 0.612335 0.810573 0.607930 0.814978 0.607930 0.823789 0.612335 0.828194 0.612335 0.854626 0.607930 0.859031 0.607930 0.876652 0.612335 0.881057 0.612335 0.885463 0.621145 0.894273 0.625551 0.894273 0.629956 0.889868 0.629956 0.881057 0.625551 0.876652 0.625551 0.845815 0.629956 0.841410 0.625551 0.837004 0.625551 0.832599 0.621145 0.828194 0.621145 0.823789 0.616740 0.819383 0.616740 0.814978
0 0.832599 0.775330 0.832599 0.779736 0.837004 0.784141 0.837004 0.788546 0.859031 0.810573 0.867841 0.810573 0.872247 0.814978 0.876652 0.814978 0.894273 0.832599 0.898678 0.832599 0.903084 0.837004 0.907489 0.837004 0.911894 0.841410 0.916300 0.841410 0.925110 0.850220 0.925110 0.859031 0.933921 0.867841 0.938326 0.867841 0.942731 0.872247 0.947137 0.872247 0.955947 0.881057 0.955947 0.889868 0.960352 0.894273 0.964758 0.894273 0.969163 0.898678 0.973568 0.898678 0.977974 0.894273 0.982379 0.894273 0.986784 0.898678 0.995595 0.898678 0.995595 0.881057 0.991189 0.885463 0.982379 0.885463 0.977974 0.881057 0.973568 0.881057 0.969163 0.876652 0.969163 0.867841 0.960352 0.859031 0.951542 0.859031 0.947137 0.854626 0.942731 0.854626 0.938326 0.850220 0.938326 0.845815 0.933921 0.841410 0.933921 0.832599 0.929515 0.828194 0.925110 0.828194 0.920705 0.823789 0.916300 0.823789 0.911894 0.819383 0.911894 0.814978 0.903084 0.806167 0.898678 0.806167 0.894273 0.801762 0.889868 0.806167 0.885463 0.806167 0.881057 0.801762 0.876652 0.801762 0.854626 0.779736 0.850220 0.779736 0.841410 0.770925 0.837004 0.770925
0 0.484582 0.753304 0.484582 0.766520 0.488987 0.770925 0.493392 0.770925 0.497797 0.775330 0.502203 0.775330 0.506608 0.770925 0.511013 0.770925 0.515419 0.775330 0.519824 0.775330 0.524229 0.779736 0.528634 0.779736 0.533040 0.784141 0.541850 0.775330 0.537445 0.770925 0.533040 0.770925 0.528634 0.766520 0.524229 0.770925 0.519824 0.770925 0.515419 0.766520 0.511013 0.766520 0.502203 0.757709 0.502203 0.753304 0.493392 0.744493
0 0.136564 0.740088 0.136564 0.753304 0.140969 0.757709 0.154185 0.757709 0.158590 0.753304 0.162996 0.753304 0.167401 0.748899 0.158590 0.740088 0.154185 0.740088 0.149780 0.735683 0.140969 0.735683
0 0.669604 0.744493 0.669604 0.753304 0.674009 0.757709 0.682819 0.757709 0.687225 0.753304 0.700441 0.753304 0.704846 0.748899 0.696035 0.740088 0.691630 0.740088 0.687225 0.735683 0.682819 0.735683 0.678414 0.731278 0.674009 0.735683 0.674009 0.740088
0 0.528634 0.731278 0.541850 0.744493 0.546256 0.744493 0.550661 0.748899 0.555066 0.748899 0.559471 0.744493 0.559471 0.735683 0.546256 0.722467 0.541850 0.722467 0.537445 0.726872 0.533040 0.726872
0 0.061674 0.709251 0.057269 0.704846 0.044053 0.718062 0.039648 0.718062 0.035242 0.722467 0.030837 0.722467 0.026432 0.718062 0.022026 0.718062 0.017621 0.722467 0.008811 0.722467 0.004405 0.726872 0.000000 0.726872 0.000000 0.740088 0.017621 0.740088 0.022026 0.735683 0.022026 0.731278 0.030837 0.722467 0.035242 0.722467 0.039648 0.718062 0.048458 0.718062 0.052863 0.722467 0.057269 0.722467 0.061674 0.718062
0 0.735683 0.669604 0.735683 0.674009 0.748899 0.687225 0.757709 0.687225 0.762115 0.691630 0.766520 0.691630 0.775330 0.700441 0.784141 0.691630 0.784141 0.682819 0.779736 0.678414 0.775330 0.678414 0.770925 0.682819 0.766520 0.678414 0.762115 0.678414 0.757709 0.674009 0.757709 0.669604 0.753304 0.665198 0.740088 0.665198
0 0.092511 0.651982 0.088106 0.656388 0.092511 0.660793 0.096916 0.660793 0.101322 0.665198 0.101322 0.682819 0.105727 0.687225 0.105727 0.691630 0.110132 0.696035 0.114537 0.696035 0.123348 0.704846 0.127753 0.704846 0.136564 0.696035 0.132159 0.696035 0.118943 0.682819 0.118943 0.674009 0.105727 0.660793 0.105727 0.656388 0.101322 0.651982
0 0.814978 0.590308 0.819383 0.594714 0.819383 0.599119 0.823789 0.603524 0.828194 0.599119 0.837004 0.599119 0.841410 0.594714 0.845815 0.599119 0.854626 0.599119 0.859031 0.594714 0.859031 0.590308 0.850220 0.581498 0.845815 0.581498 0.841410 0.585903 0.832599 0.585903 0.828194 0.581498 0.823789 0.581498
0 0.942731 0.555066 0.942731 0.563877 0.947137 0.568282 0.947137 0.572687 0.960352 0.585903 0.964758 0.581498 0.969163 0.581498 0.973568 0.577093 0.977974 0.577093 0.982379 0.572687 0.986784 0.572687 0.991189 0.577093 0.995595 0.577093 0.995595 0.555066 0.991189 0.555066 0.986784 0.559471 0.982379 0.559471 0.977974 0.563877 0.973568 0.563877 0.969163 0.559471 0.964758 0.559471 0.960352 0.555066 0.951542 0.555066 0.947137 0.550661
0 0.039648 0.524229 0.044053 0.524229 0.048458 0.528634 0.052863 0.524229 0.057269 0.524229 0.061674 0.519824 0.066079 0.524229 0.070485 0.524229 0.074890 0.528634 0.074890 0.541850 0.079295 0.546256 0.083700 0.546256 0.088106 0.541850 0.088106 0.528634 0.092511 0.524229 0.096916 0.524229 0.101322 0.519824 0.105727 0.524229 0.110132 0.519824 0.101322 0.511013 0.083700 0.511013 0.079295 0.506608 0.074890 0.506608 0.070485 0.502203 0.061674 0.502203 0.057269 0.497797 0.052863 0.502203 0.052863 0.511013 0.048458 0.515419 0.044053 0.515419 0.039648 0.519824
0 0.000000 0.581498 0.000000 0.599119 0.022026 0.603524 0.259912 0.581498 0.436123 0.621145 0.458150 0.599119 0.497797 0.621145 0.511013 0.603524 0.537445 0.594714 0.559471 0.621145 0.603524 0.621145 0.638767 0.638767 0.660793 0.638767 0.660793 0.621145 0.691630 0.607930 0.709251 0.629956 0.744493 0.625551 0.819383 0.682819 0.814978 0.713656 0.850220 0.748899 0.863436 0.740088 0.881057 0.748899 0.903084 0.735683 0.925110 0.753304 0.960352 0.810573 0.973568 0.806167 0.955947 0.792952 0.955947 0.775330 0.977974 0.766520 0.973568 0.748899 0.938326 0.753304 0.894273 0.709251 0.863436 0.704846 0.731278 0.603524 0.607930 0.607930 0.572687 0.568282 0.555066 0.563877 0.537445 0.581498 0.511013 0.572687 0.475771 0.541850 0.471366 0.524229 0.453745 0.528634 0.409692 0.511013 0.330396 0.511013 0.290749 0.488987 0.281938 0.458150 0.268722 0.493392 0.149780 0.515419 0.140969 0.528634 0.193833 0.515419 0.215859 0.533040 0.229075 0.511013 0.273128 0.502203 0.299559 0.528634 0.321586 0.515419 0.374449 0.533040 0.409692 0.519824 0.484582 0.559471 0.506608 0.581498 0.493392 0.599119 0.466960 0.590308 0.449339 0.599119 0.405286 0.572687 0.286344 0.563877 0.255507 0.546256 0.220264 0.577093 0.207048 0.568282 0.189427 0.577093 0.167401 0.550661 0.118943 0.550661 0.088106 0.577093 0.039648 0.568282
0 0.123348 0.436123 0.127753 0.440529 0.127753 0.444934 0.132159 0.449339 0.158590 0.449339 0.162996 0.444934 0.162996 0.440529 0.154185 0.431718 0.127753 0.431718
0 0.074890 0.409692 0.070485 0.414097 0.070485 0.422908 0.061674 0.431718 0.057269 0.431718 0.052863 0.436123 0.052863 0.440529 0.048458 0.444934 0.057269 0.453745 0.061674 0.453745 0.066079 0.458150 0.070485 0.458150 0.083700 0.471366 0.088106 0.471366 0.092511 0.475771 0.105727 0.475771 0.110132 0.471366 0.110132 0.462555 0.101322 0.453745 0.079295 0.453745 0.074890 0.449339 0.070485 0.449339 0.061674 0.440529 0.061674 0.431718 0.070485 0.422908 0.074890 0.422908 0.079295 0.418502 0.092511 0.418502 0.096916 0.414097 0.092511 0.409692
0 0.603524 0.374449 0.603524 0.378855 0.621145 0.396476 0.625551 0.396476 0.629956 0.400881 0.634361 0.396476 0.638767 0.396476 0.647577 0.387665 0.647577 0.383260 0.643172 0.378855 0.638767 0.378855 0.634361 0.374449 0.616740 0.374449 0.612335 0.370044 0.607930 0.370044
0 0.559471 0.361233 0.550661 0.352423 0.541850 0.352423 0.537445 0.356828 0.533040 0.356828 0.528634 0.361233 0.528634 0.374449 0.515419 0.387665 0.519824 0.392070 0.533040 0.392070 0.537445 0.387665 0.537445 0.374449 0.541850 0.370044 0.546256 0.370044 0.550661 0.365639 0.555066 0.365639
0 0.881057 0.348018 0.876652 0.352423 0.876652 0.365639 0.881057 0.370044 0.885463 0.370044 0.903084 0.387665 0.911894 0.378855 0.911894 0.374449 0.898678 0.361233 0.898678 0.356828 0.894273 0.352423 0.889868 0.352423 0.885463 0.348018
0 0.616740 0.308370 0.625551 0.317181 0.629956 0.317181 0.634361 0.321586 0.656388 0.321586 0.660793 0.317181 0.665198 0.321586 0.669604 0.321586 0.678414 0.330396 0.687225 0.330396 0.691630 0.334802 0.709251 0.334802 0.713656 0.330396 0.713656 0.325991 0.709251 0.321586 0.704846 0.321586 0.700441 0.317181 0.678414 0.317181 0.674009 0.321586 0.669604 0.317181 0.665198 0.317181 0.651982 0.303965 0.638767 0.303965 0.634361 0.299559 0.625551 0.299559
0 0.466960 0.277533 0.453745 0.290749 0.458150 0.295154 0.458150 0.299559 0.462555 0.303965 0.475771 0.303965 0.488987 0.290749 0.475771 0.277533
0 0.585903 0.259912 0.581498 0.255507 0.577093 0.259912 0.568282 0.259912 0.563877 0.264317 0.559471 0.264317 0.555066 0.268722 0.546256 0.268722 0.541850 0.264317 0.533040 0.264317 0.524229 0.273128 0.528634 0.277533 0.533040 0.277533 0.537445 0.281938 0.546256 0.273128 0.550661 0.273128 0.555066 0.268722 0.563877 0.268722 0.568282 0.273128 0.581498 0.273128 0.585903 0.268722
0 0.422908 0.233480 0.422908 0.242291 0.427313 0.246696 0.444934 0.246696 0.449339 0.251101 0.453745 0.251101 0.458150 0.246696 0.440529 0.229075 0.436123 0.229075 0.431718 0.224670
0 0.026432 0.185022 0.022026 0.189427 0.022026 0.193833 0.035242 0.207048 0.039648 0.207048 0.044053 0.211454 0.044053 0.220264 0.030837 0.233480 0.030837 0.237885 0.022026 0.246696 0.026432 0.251101 0.035242 0.251101 0.044053 0.242291 0.048458 0.242291 0.057269 0.233480 0.057269 0.229075 0.061674 0.224670 0.061674 0.220264 0.057269 0.215859 0.057269 0.211454 0.048458 0.202643 0.048458 0.198238 0.039648 0.189427 0.035242 0.189427 0.030837 0.185022
0 0.255507 0.180617 0.264317 0.189427 0.277533 0.189427 0.281938 0.193833 0.286344 0.193833 0.290749 0.198238 0.295154 0.198238 0.299559 0.193833 0.299559 0.189427 0.290749 0.180617 0.273128 0.180617 0.268722 0.176211 0.259912 0.176211
0 0.145374 0.145374 0.140969 0.145374 0.136564 0.149780 0.136564 0.162996 0.127753 0.171806 0.136564 0.180617 0.140969 0.180617 0.145374 0.176211 0.145374 0.171806 0.154185 0.162996 0.149780 0.158590 0.149780 0.149780
0 0.696035 0.136564 0.722467 0.162996 0.726872 0.162996 0.731278 0.167401 0.740088 0.158590 0.740088 0.149780 0.731278 0.140969 0.722467 0.140969 0.718062 0.136564 0.713656 0.136564 0.709251 0.132159 0.700441 0.132159
0 0.185022 0.118943 0.185022 0.132159 0.189427 0.136564 0.193833 0.136564 0.202643 0.127753 0.207048 0.127753 0.211454 0.123348 0.215859 0.123348 0.220264 0.127753 0.224670 0.127753 0.229075 0.132159 0.233480 0.132159 0.237885 0.136564 0.242291 0.132159 0.246696 0.132159 0.251101 0.127753 0.237885 0.114537 0.229075 0.114537 0.224670 0.118943 0.220264 0.118943 0.215859 0.123348 0.207048 0.123348 0.202643 0.118943 0.198238 0.118943 0.193833 0.114537 0.189427 0.114537
0 0.541850 0.088106 0.537445 0.088106 0.524229 0.101322 0.524229 0.110132 0.519824 0.114537 0.528634 0.123348 0.533040 0.123348 0.546256 0.110132 0.546256 0.092511
0 0.000000 0.083700 0.000000 0.096916 0.004405 0.096916 0.008811 0.101322 0.013216 0.096916 0.017621 0.101322 0.022026 0.101322 0.026432 0.105727 0.035242 0.096916 0.022026 0.083700
0 0.951542 0.061674 0.942731 0.061674 0.933921 0.070485 0.933921 0.083700 0.938326 0.088106 0.947137 0.088106 0.955947 0.079295 0.955947 0.066079
0 0.387665 0.061674 0.387665 0.066079 0.400881 0.079295 0.405286 0.079295 0.409692 0.083700 0.414097 0.083700 0.418502 0.088106 0.422908 0.088106 0.427313 0.092511 0.436123 0.083700 0.436123 0.079295 0.431718 0.074890 0.427313 0.074890 0.422908 0.070485 0.418502 0.070485 0.409692 0.061674 0.409692 0.057269 0.405286 0.052863 0.400881 0.052863 0.396476 0.057269 0.392070 0.057269
0 0.312775 0.048458 0.308370 0.052863 0.312775 0.057269 0.312775 0.074890 0.299559 0.088106 0.308370 0.096916 0.312775 0.096916 0.325991 0.083700 0.330396 0.083700 0.339207 0.074890 0.330396 0.066079 0.325991 0.066079 0.317181 0.057269 0.317181 0.052863
0 0.863436 0.017621 0.854626 0.026432 0.854626 0.030837 0.859031 0.035242 0.859031 0.044053 0.863436 0.048458 0.863436 0.057269 0.872247 0.066079 0.876652 0.066079 0.881057 0.070485 0.889868 0.061674 0.889868 0.048458 0.885463 0.044053 0.881057 0.044053 0.872247 0.035242 0.872247 0.022026 0.867841 0.017621
