0 0.374449 0.938326 0.370044 0.938326 0.365639 0.942731 0.361233 0.942731 0.352423 0.951542 0.352423 0.964758 0.348018 0.969163 0.352423 0.973568 0.352423 0.991189 0.348018 0.995595 0.361233 0.995595 0.356828 0.991189 0.356828 0.982379 0.361233 0.977974 0.361233 0.973568 0.378855 0.955947 0.378855 0.942731
0 0.995595 0.920705 0.986784 0.920705 0.982379 0.925110 0.977974 0.925110 0.973568 0.929515 0.969163 0.929515 0.960352 0.938326 0.955947 0.938326 0.942731 0.951542 0.942731 0.955947 0.947137 0.960352 0.955947 0.960352 0.964758 0.951542 0.969163 0.951542 0.973568 0.947137 0.986784 0.947137 0.991189 0.942731 0.995595 0.942731
0 0.286344 0.929515 0.290749 0.933921 0.295154 0.933921 0.299559 0.929515 0.303965 0.929515 0.308370 0.925110 0.317181 0.925110 0.321586 0.920705 0.325991 0.925110 0.330396 0.920705 0.317181 0.907489 0.299559 0.907489 0.295154 0.911894 0.290749 0.911894 0.290749 0.925110
0 0.251101 0.837004 0.242291 0.837004 0.229075 0.850220 0.224670 0.850220 0.211454 0.863436 0.211454 0.867841 0.202643 0.876652 0.202643 0.885463 0.207048 0.889868 0.211454 0.885463 0.220264 0.885463 0.224670 0.881057 0.224670 0.876652 0.255507 0.845815 0.255507 0.841410
0 0.757709 0.823789 0.726872 0.854626 0.726872 0.859031 0.722467 0.863436 0.722467 0.881057 0.709251 0.894273 0.709251 0.903084 0.718062 0.911894 0.726872 0.903084 0.726872 0.898678 0.740088 0.885463 0.740088 0.881057 0.744493 0.876652 0.744493 0.872247 0.757709 0.859031 0.757709 0.854626 0.766520 0.845815 0.766520 0.832599
0 0.422908 0.854626 0.418502 0.850220 0.409692 0.850220 0.405286 0.854626 0.396476 0.854626 0.392070 0.850220 0.387665 0.850220 0.383260 0.845815 0.378855 0.845815 0.374449 0.841410 0.374449 0.832599 0.387665 0.819383 0.378855 0.810573 0.374449 0.814978 0.370044 0.814978 0.365639 0.819383 0.321586 0.819383 0.308370 0.832599 0.308370 0.845815 0.295154 0.859031 0.295154 0.863436 0.290749 0.867841 0.290749 0.876652 0.299559 0.885463 0.303965 0.885463 0.308370 0.881057 0.308370 0.876652 0.312775 0.872247 0.312775 0.850220 0.321586 0.841410 0.325991 0.841410 0.330396 0.837004 0.343612 0.837004 0.348018 0.841410 0.352423 0.837004 0.356828 0.837004 0.361233 0.841410 0.365639 0.841410 0.370044 0.845815 0.370044 0.854626 0.365639 0.859031 0.365639 0.863436 0.361233 0.867841 0.361233 0.885463 0.356828 0.889868 0.356828 0.894273 0.361233 0.898678 0.365639 0.894273 0.365639 0.889868 0.370044 0.885463 0.370044 0.867841 0.383260 0.854626 0.387665 0.854626 0.392070 0.850220 0.396476 0.854626 0.400881 0.854626 0.409692 0.863436 0.409692 0.872247 0.414097 0.876652 0.422908 0.867841
0 0.308370 0.784141 0.299559 0.775330 0.295154 0.779736 0.286344 0.779736 0.281938 0.784141 0.273128 0.784141 0.268722 0.788546 0.268722 0.792952 0.277533 0.801762 0.290749 0.801762 0.295154 0.797357 0.303965 0.797357 0.308370 0.792952
0 0.484582 0.762115 0.471366 0.775330 0.471366 0.784141 0.466960 0.788546 0.466960 0.792952 0.453745 0.806167 0.453745 0.819383 0.449339 0.823789 0.449339 0.828194 0.458150 0.837004 0.471366 0.823789 0.471366 0.814978 0.475771 0.810573 0.475771 0.784141 0.484582 0.775330 0.484582 0.770925 0.488987 0.766520
0 0.436123 0.762115 0.414097 0.784141 0.414097 0.788546 0.409692 0.792952 0.409692 0.801762 0.414097 0.806167 0.418502 0.806167 0.422908 0.801762 0.427313 0.801762 0.431718 0.797357 0.431718 0.788546 0.436123 0.784141 0.436123 0.779736 0.440529 0.775330 0.440529 0.766520
0 0.110132 0.748899 0.110132 0.757709 0.114537 0.762115 0.118943 0.762115 0.123348 0.766520 0.127753 0.766520 0.132159 0.770925 0.140969 0.770925 0.149780 0.762115 0.154185 0.762115 0.154185 0.757709 0.149780 0.757709 0.140969 0.748899 0.132159 0.748899 0.127753 0.744493 0.123348 0.744493 0.118943 0.740088
0 0.497797 0.700441 0.493392 0.704846 0.488987 0.700441 0.480176 0.709251 0.480176 0.722467 0.484582 0.726872 0.488987 0.726872 0.493392 0.731278 0.506608 0.718062 0.506608 0.709251
0 0.995595 0.696035 0.982379 0.700441 0.964758 0.687225 0.933921 0.682819 0.925110 0.704846 0.903084 0.726872 0.903084 0.740088 0.920705 0.753304 0.920705 0.762115 0.898678 0.779736 0.894273 0.819383 0.859031 0.845815 0.845815 0.837004 0.845815 0.814978 0.832599 0.806167 0.823789 0.823789 0.823789 0.850220 0.828194 0.854626 0.823789 0.872247 0.770925 0.903084 0.709251 0.955947 0.687225 0.933921 0.678414 0.951542 0.656388 0.960352 0.656388 0.969163 0.638767 0.995595 0.674009 0.995595 0.682819 0.982379 0.718062 0.964758 0.784141 0.907489 0.797357 0.916300 0.788546 0.947137 0.757709 0.969163 0.740088 0.995595 0.775330 0.995595 0.806167 0.964758 0.828194 0.960352 0.832599 0.933921 0.850220 0.920705 0.863436 0.925110 0.881057 0.947137 0.872247 0.973568 0.876652 0.977974 0.894273 0.964758 0.894273 0.938326 0.929515 0.911894 0.955947 0.903084 0.964758 0.894273 0.973568 0.854626 0.995595 0.841410 0.991189 0.832599 0.969163 0.819383 0.973568 0.792952 0.986784 0.784141 0.995595 0.788546 0.995595 0.762115 0.982379 0.770925 0.977974 0.788546 0.969163 0.792952 0.964758 0.788546 0.951542 0.797357 0.938326 0.788546 0.938326 0.779736 0.929515 0.770925 0.929515 0.740088 0.938326 0.726872 0.973568 0.700441 0.995595 0.722467
0 0.779736 0.665198 0.766520 0.665198 0.762115 0.669604 0.762115 0.682819 0.766520 0.687225 0.766520 0.696035 0.757709 0.704846 0.757709 0.726872 0.753304 0.731278 0.753304 0.762115 0.766520 0.775330 0.770925 0.770925 0.770925 0.748899 0.766520 0.744493 0.766520 0.726872 0.770925 0.722467 0.770925 0.704846 0.766520 0.700441 0.766520 0.691630 0.779736 0.678414 0.779736 0.674009 0.784141 0.669604
0 0.348018 0.665198 0.343612 0.669604 0.343612 0.678414 0.352423 0.687225 0.356828 0.687225 0.361233 0.691630 0.365639 0.691630 0.370044 0.687225 0.370044 0.674009 0.361233 0.665198
0 0.242291 0.651982 0.233480 0.660793 0.233480 0.669604 0.237885 0.674009 0.242291 0.674009 0.246696 0.678414 0.246696 0.687225 0.242291 0.691630 0.242291 0.696035 0.237885 0.700441 0.237885 0.704846 0.242291 0.709251 0.246696 0.709251 0.251101 0.713656 0.259912 0.713656 0.264317 0.709251 0.268722 0.709251 0.273128 0.704846 0.273128 0.700441 0.268722 0.696035 0.264317 0.696035 0.251101 0.682819 0.251101 0.660793
0 0.744493 0.651982 0.731278 0.638767 0.726872 0.638767 0.722467 0.643172 0.718062 0.643172 0.709251 0.651982 0.718062 0.660793 0.735683 0.660793
0 0.475771 0.634361 0.466960 0.643172 0.475771 0.651982 0.475771 0.665198 0.471366 0.669604 0.475771 0.674009 0.484582 0.674009 0.488987 0.669604 0.488987 0.643172 0.480176 0.634361
0 0.189427 0.621145 0.171806 0.625551 0.149780 0.647577 0.158590 0.660793 0.158590 0.678414 0.123348 0.713656 0.127753 0.718062 0.149780 0.713656 0.171806 0.735683 0.171806 0.753304 0.162996 0.757709 0.176211 0.770925 0.171806 0.792952 0.158590 0.801762 0.149780 0.797357 0.140969 0.806167 0.145374 0.814978 0.162996 0.819383 0.167401 0.832599 0.154185 0.841410 0.118943 0.837004 0.092511 0.850220 0.066079 0.854626 0.017621 0.885463 0.000000 0.867841 0.000000 0.894273 0.004405 0.889868 0.017621 0.898678 0.013216 0.911894 0.004405 0.916300 0.000000 0.911894 0.000000 0.942731 0.030837 0.929515 0.044053 0.938326 0.048458 0.951542 0.066079 0.942731 0.079295 0.951542 0.074890 0.964758 0.066079 0.969163 0.057269 0.964758 0.057269 0.977974 0.039648 0.995595 0.101322 0.995595 0.105727 0.982379 0.114537 0.977974 0.118943 0.982379 0.132159 0.973568 0.145374 0.982379 0.145374 0.995595 0.215859 0.995595 0.215859 0.986784 0.237885 0.973568 0.229075 0.964758 0.220264 0.977974 0.185022 0.991189 0.171806 0.982379 0.171806 0.969163 0.185022 0.960352 0.180617 0.938326 0.198238 0.925110 0.198238 0.916300 0.171806 0.903084 0.158590 0.876652 0.180617 0.850220 0.185022 0.832599 0.246696 0.801762 0.242291 0.792952 0.229075 0.792952 0.185022 0.814978 0.176211 0.810573 0.171806 0.797357 0.185022 0.788546 0.193833 0.770925 0.185022 0.740088 0.198238 0.731278 0.229075 0.748899 0.242291 0.766520 0.255507 0.762115 0.211454 0.718062 0.189427 0.731278 0.171806 0.722467 0.171806 0.709251 0.185022 0.696035 0.171806 0.674009 0.171806 0.656388 0.193833 0.634361
0 0.281938 0.607930 0.277533 0.612335 0.273128 0.612335 0.268722 0.616740 0.268722 0.625551 0.273128 0.629956 0.273128 0.647577 0.277533 0.651982 0.277533 0.656388 0.281938 0.660793 0.281938 0.665198 0.286344 0.669604 0.295154 0.669604 0.299559 0.665198 0.299559 0.656388 0.295154 0.651982 0.295154 0.647577 0.290749 0.643172 0.290749 0.638767 0.286344 0.634361 0.286344 0.616740 0.290749 0.612335 0.286344 0.612335
0 0.718062 0.577093 0.700441 0.590308 0.696035 0.599119 0.700441 0.612335 0.696035 0.616740 0.669604 0.625551 0.643172 0.656388 0.634361 0.660793 0.625551 0.656388 0.621145 0.660793 0.612335 0.691630 0.621145 0.731278 0.607930 0.740088 0.594714 0.735683 0.572687 0.766520 0.546256 0.775330 0.537445 0.784141 0.533040 0.801762 0.506608 0.823789 0.511013 0.837004 0.528634 0.832599 0.563877 0.788546 0.594714 0.770925 0.599119 0.757709 0.612335 0.748899 0.625551 0.757709 0.625551 0.784141 0.616740 0.792952 0.616740 0.801762 0.599119 0.819383 0.599119 0.837004 0.581498 0.867841 0.555066 0.889868 0.528634 0.925110 0.524229 0.942731 0.506608 0.960352 0.502203 0.995595 0.515419 0.995595 0.515419 0.973568 0.528634 0.960352 0.541850 0.955947 0.555066 0.938326 0.568282 0.929515 0.572687 0.907489 0.612335 0.876652 0.621145 0.854626 0.607930 0.845815 0.612335 0.819383 0.629956 0.806167 0.643172 0.810573 0.660793 0.792952 0.669604 0.762115 0.651982 0.735683 0.643172 0.740088 0.629956 0.731278 0.629956 0.718062 0.643172 0.709251 0.656388 0.718062 0.665198 0.713656 0.665198 0.709251 0.651982 0.700441 0.651982 0.678414 0.674009 0.660793 0.674009 0.647577 0.700441 0.625551 0.700441 0.612335 0.718062 0.599119 0.718062 0.585903 0.722467 0.581498
0 0.176211 0.572687 0.171806 0.577093 0.171806 0.585903 0.162996 0.594714 0.167401 0.599119 0.171806 0.594714 0.185022 0.594714 0.189427 0.599119 0.193833 0.599119 0.198238 0.603524 0.202643 0.603524 0.207048 0.599119 0.207048 0.594714 0.202643 0.590308 0.202643 0.581498 0.193833 0.572687
0 0.220264 0.528634 0.242291 0.550661 0.251101 0.550661 0.255507 0.546256 0.255507 0.533040 0.251101 0.528634 0.251101 0.524229 0.246696 0.519824 0.242291 0.519824 0.237885 0.515419 0.229075 0.524229 0.224670 0.524229
0 0.361233 0.506608 0.356828 0.511013 0.356828 0.519824 0.361233 0.524229 0.361233 0.528634 0.365639 0.533040 0.370044 0.533040 0.374449 0.537445 0.378855 0.533040 0.378855 0.528634 0.383260 0.524229 0.383260 0.511013 0.378855 0.506608
0 0.185022 0.475771 0.176211 0.475771 0.162996 0.488987 0.162996 0.493392 0.158590 0.497797 0.171806 0.511013 0.176211 0.511013 0.185022 0.502203 0.185022 0.497797 0.189427 0.493392 0.189427 0.480176
0 0.889868 0.466960 0.885463 0.471366 0.881057 0.466960 0.876652 0.471366 0.872247 0.471366 0.867841 0.475771 0.863436 0.475771 0.854626 0.484582 0.854626 0.488987 0.845815 0.497797 0.845815 0.502203 0.837004 0.511013 0.845815 0.519824 0.850220 0.519824 0.859031 0.511013 0.859031 0.506608 0.872247 0.493392 0.876652 0.493392 0.894273 0.475771 0.894273 0.471366
0 0.519824 0.458150 0.511013 0.458150 0.506608 0.462555 0.502203 0.462555 0.497797 0.466960 0.497797 0.471366 0.488987 0.480176 0.488987 0.484582 0.497797 0.493392 0.497797 0.511013 0.502203 0.515419 0.511013 0.515419 0.515419 0.511013 0.511013 0.506608 0.511013 0.488987 0.515419 0.484582 0.515419 0.480176 0.519824 0.475771 0.519824 0.471366 0.524229 0.466960 0.528634 0.466960
0 0.356828 0.471366 0.348018 0.462555 0.339207 0.462555 0.334802 0.458150 0.325991 0.466960 0.325991 0.484582 0.321586 0.488987 0.321586 0.493392 0.317181 0.497797 0.312775 0.497797 0.308370 0.502203 0.290749 0.502203 0.286344 0.506608 0.286344 0.524229 0.290749 0.528634 0.303965 0.528634 0.308370 0.524229 0.312775 0.524229 0.321586 0.515419 0.321586 0.511013 0.334802 0.497797 0.334802 0.493392
0 0.665198 0.511013 0.660793 0.506608 0.638767 0.524229 0.581498 0.555066 0.563877 0.546256 0.563877 0.533040 0.577093 0.515419 0.599119 0.502203 0.612335 0.484582 0.607930 0.462555 0.616740 0.449339 0.607930 0.440529 0.599119 0.440529 0.563877 0.466960 0.555066 0.462555 0.541850 0.466960 0.555066 0.488987 0.559471 0.484582 0.572687 0.493392 0.568282 0.515419 0.541850 0.541850 0.541850 0.555066 0.528634 0.563877 0.511013 0.550661 0.506608 0.555066 0.484582 0.550661 0.480176 0.546256 0.484582 0.528634 0.462555 0.524229 0.444934 0.511013 0.444934 0.484582 0.436123 0.471366 0.427313 0.480176 0.427313 0.493392 0.444934 0.511013 0.444934 0.524229 0.453745 0.533040 0.462555 0.528634 0.475771 0.537445 0.475771 0.550661 0.458150 0.563877 0.449339 0.559471 0.431718 0.577093 0.414097 0.572687 0.396476 0.581498 0.387665 0.577093 0.374449 0.585903 0.361233 0.577093 0.356828 0.555066 0.343612 0.568282 0.343612 0.577093 0.365639 0.603524 0.378855 0.607930 0.405286 0.603524 0.436123 0.616740 0.444934 0.607930 0.436123 0.585903 0.453745 0.572687 0.475771 0.590308 0.497797 0.563877 0.515419 0.555066 0.528634 0.563877 0.524229 0.581498 0.546256 0.599119 0.559471 0.585903 0.568282 0.563877 0.581498 0.555066 0.603524 0.568282 0.603524 0.581498 0.590308 0.599119 0.581498 0.625551 0.559471 0.651982 0.559471 0.669604 0.568282 0.682819 0.594714 0.647577 0.599119 0.616740 0.612335 0.607930 0.616740 0.594714 0.607930 0.572687 0.612335 0.555066 0.621145 0.546256 0.647577 0.537445
0 0.453745 0.422908 0.449339 0.427313 0.449339 0.444934 0.458150 0.453745 0.462555 0.453745 0.466960 0.458150 0.480176 0.458150 0.484582 0.453745 0.484582 0.444934 0.480176 0.440529 0.475771 0.440529 0.471366 0.436123 0.466960 0.436123 0.462555 0.431718 0.462555 0.427313 0.458150 0.422908
0 0.414097 0.409692 0.409692 0.409692 0.405286 0.414097 0.400881 0.414097 0.396476 0.418502 0.392070 0.418502 0.383260 0.427313 0.383260 0.431718 0.378855 0.436123 0.378855 0.440529 0.383260 0.444934 0.383260 0.449339 0.387665 0.453745 0.400881 0.440529 0.400881 0.436123 0.405286 0.431718 0.409692 0.431718 0.422908 0.418502
0 0.074890 0.400881 0.070485 0.405286 0.074890 0.431718 0.066079 0.444934 0.079295 0.458150 0.079295 0.488987 0.092511 0.511013 0.092511 0.541850 0.101322 0.555066 0.101322 0.568282 0.092511 0.590308 0.110132 0.603524 0.105727 0.616740 0.110132 0.643172 0.088106 0.656388 0.066079 0.678414 0.057269 0.682819 0.044053 0.674009 0.048458 0.651982 0.070485 0.634361 0.070485 0.625551 0.061674 0.616740 0.057269 0.581498 0.052863 0.577093 0.044053 0.581498 0.044053 0.607930 0.048458 0.612335 0.044053 0.651982 0.013216 0.678414 0.017621 0.687225 0.039648 0.691630 0.044053 0.704846 0.026432 0.744493 0.000000 0.766520 0.000000 0.814978 0.013216 0.806167 0.026432 0.806167 0.039648 0.814978 0.039648 0.828194 0.017621 0.841410 0.022026 0.845815 0.039648 0.845815 0.057269 0.832599 0.057269 0.814978 0.030837 0.784141 0.030837 0.775330 0.044053 0.766520 0.048458 0.770925 0.070485 0.740088 0.079295 0.718062 0.079295 0.687225 0.092511 0.669604 0.136564 0.647577 0.123348 0.638767 0.123348 0.607930 0.118943 0.603524 0.123348 0.585903 0.114537 0.572687 0.114537 0.559471 0.118943 0.550661 0.132159 0.541850 0.132159 0.533040 0.123348 0.524229 0.118943 0.493392 0.105727 0.475771 0.105727 0.453745 0.123348 0.431718 0.118943 0.427313 0.105727 0.431718 0.088106 0.422908
0 0.718062 0.396476 0.700441 0.414097 0.700441 0.418502 0.696035 0.422908 0.696035 0.453745 0.700441 0.458150 0.704846 0.453745 0.704846 0.449339 0.709251 0.444934 0.709251 0.440529 0.718062 0.431718 0.718062 0.422908 0.722467 0.418502 0.722467 0.414097 0.726872 0.409692 0.726872 0.405286
0 0.224670 0.392070 0.220264 0.392070 0.215859 0.396476 0.211454 0.396476 0.207048 0.400881 0.198238 0.400881 0.193833 0.396476 0.180617 0.396476 0.171806 0.405286 0.171806 0.444934 0.176211 0.449339 0.180617 0.449339 0.189427 0.440529 0.189427 0.422908 0.193833 0.418502 0.193833 0.409692 0.198238 0.405286 0.202643 0.405286 0.207048 0.400881 0.211454 0.405286 0.215859 0.405286 0.220264 0.409692 0.229075 0.400881 0.229075 0.396476
0 0.814978 0.387665 0.801762 0.400881 0.801762 0.405286 0.788546 0.418502 0.784141 0.418502 0.779736 0.422908 0.779736 0.427313 0.784141 0.431718 0.792952 0.431718 0.801762 0.422908 0.806167 0.422908 0.819383 0.409692 0.819383 0.400881 0.823789 0.396476
0 0.629956 0.365639 0.625551 0.365639 0.612335 0.352423 0.603524 0.352423 0.594714 0.361233 0.594714 0.365639 0.581498 0.378855 0.585903 0.383260 0.585903 0.387665 0.590308 0.392070 0.594714 0.392070 0.599119 0.387665 0.603524 0.387665 0.607930 0.383260 0.612335 0.383260 0.621145 0.374449 0.621145 0.370044 0.625551 0.365639
0 0.682819 0.339207 0.678414 0.343612 0.665198 0.343612 0.651982 0.356828 0.651982 0.361233 0.647577 0.365639 0.643172 0.365639 0.647577 0.365639 0.651982 0.370044 0.651982 0.374449 0.656388 0.378855 0.660793 0.378855 0.669604 0.387665 0.674009 0.383260 0.674009 0.378855 0.687225 0.365639 0.687225 0.343612
0 0.207048 0.334802 0.202643 0.334802 0.198238 0.339207 0.189427 0.339207 0.185022 0.343612 0.185022 0.374449 0.189427 0.378855 0.193833 0.374449 0.193833 0.365639 0.202643 0.356828 0.202643 0.352423 0.207048 0.348018 0.207048 0.343612 0.211454 0.339207
0 0.101322 0.334802 0.092511 0.334802 0.088106 0.339207 0.088106 0.348018 0.074890 0.361233 0.074890 0.370044 0.083700 0.378855 0.101322 0.378855 0.105727 0.374449 0.105727 0.339207
0 0.995595 0.317181 0.986784 0.325991 0.986784 0.334802 0.977974 0.343612 0.977974 0.348018 0.955947 0.361233 0.955947 0.370044 0.942731 0.387665 0.942731 0.400881 0.938326 0.405286 0.942731 0.409692 0.947137 0.405286 0.955947 0.409692 0.969163 0.422908 0.969163 0.449339 0.964758 0.453745 0.964758 0.462555 0.929515 0.493392 0.929515 0.524229 0.916300 0.533040 0.911894 0.528634 0.903084 0.537445 0.907489 0.546256 0.907489 0.559471 0.898678 0.568282 0.894273 0.577093 0.894273 0.585903 0.889868 0.590308 0.889868 0.599119 0.885463 0.603524 0.894273 0.612335 0.907489 0.590308 0.907489 0.568282 0.925110 0.555066 0.933921 0.559471 0.947137 0.572687 0.947137 0.616740 0.925110 0.634361 0.929515 0.638767 0.938326 0.638767 0.947137 0.634361 0.960352 0.643172 0.969163 0.634361 0.955947 0.616740 0.955947 0.568282 0.942731 0.550661 0.942731 0.541850 0.938326 0.537445 0.938326 0.528634 0.947137 0.524229 0.938326 0.519824 0.938326 0.497797 0.955947 0.480176 0.960352 0.480176 0.977974 0.462555 0.982379 0.453745 0.991189 0.449339 0.995595 0.453745 0.995595 0.440529 0.982379 0.431718 0.982379 0.418502 0.973568 0.409692 0.973568 0.374449 0.982379 0.356828 0.995595 0.348018
0 0.753304 0.299559 0.748899 0.299559 0.744493 0.303965 0.744493 0.308370 0.735683 0.317181 0.735683 0.321586 0.731278 0.325991 0.731278 0.330396 0.726872 0.334802 0.726872 0.339207 0.722467 0.343612 0.722467 0.356828 0.726872 0.361233 0.726872 0.365639 0.731278 0.370044 0.740088 0.361233 0.740088 0.348018 0.744493 0.343612 0.744493 0.339207 0.748899 0.334802 0.748899 0.317181 0.753304 0.312775 0.753304 0.308370 0.757709 0.303965
0 0.348018 0.286344 0.334802 0.286344 0.317181 0.303965 0.317181 0.312775 0.312775 0.317181 0.312775 0.330396 0.308370 0.334802 0.308370 0.348018 0.303965 0.352423 0.303965 0.361233 0.308370 0.361233 0.317181 0.352423 0.317181 0.339207 0.352423 0.303965 0.352423 0.290749
0 0.044053 0.251101 0.039648 0.251101 0.030837 0.259912 0.030837 0.264317 0.017621 0.277533 0.017621 0.303965 0.022026 0.308370 0.022026 0.330396 0.008811 0.343612 0.004405 0.343612 0.004405 0.348018 0.008811 0.348018 0.013216 0.352423 0.013216 0.356828 0.017621 0.361233 0.022026 0.361233 0.035242 0.348018 0.035242 0.312775 0.039648 0.308370 0.044053 0.308370 0.048458 0.303965 0.066079 0.303965 0.074890 0.295154 0.074890 0.277533 0.052863 0.255507 0.048458 0.255507
0 0.251101 0.233480 0.237885 0.246696 0.237885 0.268722 0.255507 0.286344 0.255507 0.290749 0.264317 0.299559 0.268722 0.295154 0.273128 0.295154 0.277533 0.290749 0.281938 0.290749 0.286344 0.286344 0.281938 0.281938 0.277533 0.286344 0.273128 0.281938 0.268722 0.281938 0.259912 0.273128 0.259912 0.259912 0.264317 0.255507 0.264317 0.242291 0.255507 0.233480
0 0.519824 0.229075 0.511013 0.237885 0.506608 0.237885 0.497797 0.246696 0.497797 0.251101 0.502203 0.255507 0.506608 0.255507 0.511013 0.259912 0.511013 0.277533 0.506608 0.281938 0.502203 0.281938 0.497797 0.286344 0.480176 0.286344 0.475771 0.290749 0.471366 0.290749 0.466960 0.295154 0.466960 0.303965 0.475771 0.312775 0.480176 0.312775 0.493392 0.299559 0.497797 0.299559 0.502203 0.295154 0.506608 0.295154 0.511013 0.299559 0.515419 0.299559 0.533040 0.281938 0.537445 0.281938 0.541850 0.277533 0.546256 0.277533 0.550661 0.273128 0.550661 0.268722 0.546256 0.264317 0.541850 0.264317 0.537445 0.268722 0.528634 0.268722 0.524229 0.264317 0.519824 0.264317 0.515419 0.259912 0.515419 0.251101 0.519824 0.246696 0.519824 0.237885 0.524229 0.233480
0 0.427313 0.220264 0.409692 0.220264 0.396476 0.233480 0.396476 0.242291 0.392070 0.246696 0.396476 0.251101 0.396476 0.259912 0.400881 0.264317 0.405286 0.264317 0.414097 0.273128 0.414097 0.286344 0.409692 0.290749 0.409692 0.303965 0.414097 0.308370 0.414097 0.321586 0.418502 0.325991 0.418502 0.334802 0.400881 0.352423 0.396476 0.352423 0.392070 0.356828 0.383260 0.356828 0.378855 0.361233 0.374449 0.361233 0.370044 0.365639 0.365639 0.365639 0.361233 0.370044 0.356828 0.370044 0.348018 0.378855 0.343612 0.378855 0.334802 0.387665 0.343612 0.396476 0.343612 0.405286 0.352423 0.414097 0.361233 0.414097 0.370044 0.405286 0.370044 0.392070 0.374449 0.387665 0.378855 0.387665 0.383260 0.383260 0.400881 0.383260 0.405286 0.378855 0.409692 0.378855 0.414097 0.374449 0.418502 0.374449 0.453745 0.339207 0.453745 0.325991 0.449339 0.321586 0.444934 0.321586 0.440529 0.317181 0.436123 0.317181 0.431718 0.312775 0.431718 0.303965 0.436123 0.299559 0.436123 0.295154 0.440529 0.290749 0.440529 0.273128 0.436123 0.268722 0.431718 0.268722 0.427313 0.264317 0.427313 0.255507 0.431718 0.251101 0.431718 0.246696 0.436123 0.242291 0.436123 0.237885 0.440529 0.233480
0 0.070485 0.233480 0.079295 0.242291 0.105727 0.242291 0.110132 0.237885 0.110132 0.229075 0.101322 0.220264 0.083700 0.220264
0 0.198238 0.198238 0.189427 0.198238 0.180617 0.207048 0.176211 0.207048 0.167401 0.215859 0.167401 0.220264 0.162996 0.224670 0.162996 0.233480 0.167401 0.237885 0.167401 0.251101 0.162996 0.255507 0.158590 0.255507 0.149780 0.264317 0.149780 0.268722 0.145374 0.273128 0.145374 0.277533 0.149780 0.281938 0.154185 0.281938 0.158590 0.277533 0.167401 0.277533 0.171806 0.273128 0.176211 0.273128 0.180617 0.268722 0.180617 0.255507 0.176211 0.251101 0.176211 0.237885 0.193833 0.220264 0.193833 0.215859 0.198238 0.211454 0.198238 0.207048 0.202643 0.202643
0 0.290749 0.180617 0.286344 0.176211 0.281938 0.180617 0.268722 0.180617 0.264317 0.185022 0.259912 0.180617 0.251101 0.180617 0.237885 0.193833 0.242291 0.198238 0.277533 0.198238 0.290749 0.185022
0 0.370044 0.171806 0.365639 0.176211 0.361233 0.176211 0.356828 0.180617 0.356828 0.185022 0.352423 0.189427 0.352423 0.198238 0.348018 0.202643 0.348018 0.207048 0.343612 0.211454 0.343612 0.224670 0.339207 0.229075 0.339207 0.233480 0.334802 0.237885 0.330396 0.237885 0.325991 0.242291 0.325991 0.246696 0.321586 0.251101 0.321586 0.255507 0.325991 0.259912 0.330396 0.259912 0.334802 0.255507 0.339207 0.255507 0.343612 0.251101 0.348018 0.251101 0.356828 0.242291 0.361233 0.242291 0.365639 0.237885 0.365639 0.207048 0.383260 0.189427 0.383260 0.185022 0.378855 0.180617 0.374449 0.180617 0.370044 0.176211
0 0.995595 0.154185 0.991189 0.158590 0.991189 0.162996 0.986784 0.167401 0.986784 0.171806 0.982379 0.176211 0.977974 0.176211 0.973568 0.180617 0.964758 0.180617 0.947137 0.198238 0.947137 0.215859 0.942731 0.220264 0.942731 0.229075 0.938326 0.233480 0.942731 0.237885 0.942731 0.255507 0.938326 0.259912 0.947137 0.268722 0.951542 0.264317 0.955947 0.264317 0.960352 0.259912 0.964758 0.264317 0.969163 0.264317 0.977974 0.273128 0.977974 0.277533 0.982379 0.281938 0.982379 0.286344 0.986784 0.290749 0.991189 0.286344 0.995595 0.286344 0.995595 0.273128 0.991189 0.268722 0.986784 0.268722 0.982379 0.264317 0.982379 0.255507 0.973568 0.246696 0.973568 0.224670 0.977974 0.220264 0.977974 0.211454 0.986784 0.202643 0.991189 0.202643 0.995595 0.198238
0 0.528634 0.136564 0.524229 0.132159 0.524229 0.127753 0.519824 0.123348 0.506608 0.123348 0.502203 0.127753 0.493392 0.127753 0.488987 0.132159 0.488987 0.136564 0.480176 0.145374 0.475771 0.145374 0.466960 0.154185 0.462555 0.154185 0.458150 0.158590 0.453745 0.158590 0.449339 0.154185 0.440529 0.154185 0.431718 0.162996 0.431718 0.167401 0.436123 0.171806 0.453745 0.171806 0.458150 0.167401 0.462555 0.171806 0.471366 0.171806 0.480176 0.162996 0.480176 0.158590 0.484582 0.154185 0.488987 0.154185 0.493392 0.149780 0.497797 0.154185 0.502203 0.154185 0.511013 0.162996 0.528634 0.145374
0 0.127753 0.127753 0.118943 0.118943 0.110132 0.118943 0.105727 0.123348 0.101322 0.123348 0.074890 0.149780 0.070485 0.149780 0.061674 0.158590 0.061674 0.162996 0.057269 0.167401 0.052863 0.167401 0.048458 0.171806 0.052863 0.176211 0.057269 0.176211 0.070485 0.162996 0.074890 0.162996 0.079295 0.158590 0.083700 0.158590 0.088106 0.162996 0.092511 0.162996 0.096916 0.167401 0.096916 0.176211 0.092511 0.180617 0.092511 0.185022 0.101322 0.193833 0.110132 0.193833 0.114537 0.189427 0.114537 0.171806 0.110132 0.167401 0.105727 0.167401 0.101322 0.162996 0.101322 0.149780 0.105727 0.145374 0.110132 0.145374 0.114537 0.140969 0.118943 0.140969 0.127753 0.132159
0 0.273128 0.118943 0.264317 0.110132 0.259912 0.110132 0.255507 0.114537 0.255507 0.118943 0.246696 0.127753 0.242291 0.127753 0.237885 0.132159 0.233480 0.132159 0.229075 0.127753 0.224670 0.132159 0.224670 0.136564 0.211454 0.149780 0.207048 0.149780 0.198238 0.158590 0.198238 0.162996 0.202643 0.167401 0.207048 0.162996 0.211454 0.167401 0.215859 0.167401 0.220264 0.171806 0.224670 0.171806 0.229075 0.167401 0.233480 0.167401 0.246696 0.154185 0.251101 0.154185 0.255507 0.149780 0.255507 0.145374 0.259912 0.140969 0.259912 0.132159
0 0.925110 0.101322 0.916300 0.110132 0.916300 0.127753 0.911894 0.132159 0.911894 0.136564 0.907489 0.140969 0.907489 0.145374 0.889868 0.162996 0.889868 0.176211 0.894273 0.180617 0.898678 0.180617 0.916300 0.162996 0.916300 0.154185 0.929515 0.140969 0.929515 0.105727
0 0.444934 0.066079 0.427313 0.083700 0.427313 0.088106 0.418502 0.096916 0.414097 0.096916 0.409692 0.101322 0.405286 0.101322 0.400881 0.105727 0.392070 0.105727 0.383260 0.114537 0.383260 0.118943 0.361233 0.140969 0.361233 0.145374 0.374449 0.158590 0.378855 0.158590 0.383260 0.154185 0.387665 0.154185 0.392070 0.149780 0.396476 0.149780 0.400881 0.145374 0.400881 0.140969 0.414097 0.127753 0.418502 0.127753 0.427313 0.118943 0.431718 0.118943 0.436123 0.114537 0.444934 0.114537 0.453745 0.105727 0.453745 0.092511 0.449339 0.088106 0.449339 0.070485
0 0.000000 0.127753 0.004405 0.132159 0.008811 0.132159 0.013216 0.136564 0.022026 0.136564 0.026432 0.140969 0.030837 0.136564 0.030837 0.118943 0.035242 0.114537 0.035242 0.110132 0.044053 0.101322 0.048458 0.101322 0.052863 0.096916 0.088106 0.096916 0.092511 0.092511 0.092511 0.088106 0.096916 0.083700 0.092511 0.079295 0.066079 0.079295 0.052863 0.092511 0.048458 0.092511 0.044053 0.096916 0.039648 0.092511 0.035242 0.092511 0.026432 0.083700 0.026432 0.079295 0.022026 0.074890 0.022026 0.070485 0.013216 0.061674 0.008811 0.066079 0.004405 0.066079 0.000000 0.070485
0 0.537445 0.022026 0.528634 0.030837 0.528634 0.035242 0.519824 0.044053 0.519824 0.048458 0.515419 0.052863 0.519824 0.057269 0.533040 0.057269 0.546256 0.044053 0.546256 0.030837
0 0.704846 0.013216 0.696035 0.013216 0.687225 0.022026 0.687225 0.035242 0.678414 0.048458 0.674009 0.070485 0.660793 0.079295 0.651982 0.074890 0.643172 0.074890 0.634361 0.083700 0.638767 0.092511 0.638767 0.110132 0.625551 0.123348 0.612335 0.127753 0.599119 0.118943 0.599119 0.088106 0.594714 0.083700 0.590308 0.088106 0.581498 0.088106 0.572687 0.096916 0.572687 0.110132 0.599119 0.127753 0.599119 0.149780 0.594714 0.154185 0.603524 0.171806 0.603524 0.185022 0.590308 0.193833 0.572687 0.185022 0.568282 0.189427 0.568282 0.193833 0.577093 0.202643 0.577093 0.211454 0.568282 0.220264 0.568282 0.233480 0.563877 0.237885 0.563877 0.246696 0.568282 0.251101 0.568282 0.264317 0.581498 0.268722 0.594714 0.281938 0.599119 0.277533 0.599119 0.259912 0.585903 0.242291 0.585903 0.220264 0.577093 0.211454 0.577093 0.202643 0.590308 0.193833 0.612335 0.211454 0.621145 0.211454 0.625551 0.207048 0.625551 0.198238 0.616740 0.185022 0.616740 0.140969 0.629956 0.132159 0.638767 0.136564 0.643172 0.132159 0.643172 0.110132 0.656388 0.092511 0.674009 0.083700 0.687225 0.092511 0.687225 0.114537 0.696035 0.123348 0.700441 0.118943 0.700441 0.105727 0.687225 0.092511 0.687225 0.083700 0.704846 0.052863 0.704846 0.026432 0.709251 0.022026
0 0.762115 0.008811 0.753304 0.008811 0.744493 0.017621 0.744493 0.026432 0.748899 0.030837 0.748899 0.035242 0.753304 0.039648 0.757709 0.035242 0.762115 0.035242 0.766520 0.030837 0.766520 0.013216
0 0.845815 0.000000 0.837004 0.000000 0.837004 0.008811 0.832599 0.013216 0.832599 0.039648 0.828194 0.044053 0.828194 0.048458 0.814978 0.057269 0.801762 0.052863 0.797357 0.057269 0.797357 0.070485 0.788546 0.079295 0.788546 0.083700 0.784141 0.088106 0.788546 0.092511 0.801762 0.083700 0.814978 0.092511 0.814978 0.101322 0.806167 0.110132 0.806167 0.114537 0.792952 0.127753 0.779736 0.132159 0.770925 0.140969 0.766520 0.140969 0.762115 0.145374 0.762115 0.149780 0.757709 0.154185 0.757709 0.162996 0.748899 0.171806 0.748899 0.176211 0.744493 0.180617 0.744493 0.185022 0.735683 0.198238 0.744493 0.207048 0.744493 0.237885 0.735683 0.246696 0.744493 0.255507 0.748899 0.255507 0.753304 0.251101 0.753304 0.233480 0.766520 0.220264 0.766520 0.215859 0.770925 0.211454 0.770925 0.202643 0.775330 0.198238 0.775330 0.189427 0.784141 0.180617 0.784141 0.176211 0.788546 0.171806 0.788546 0.158590 0.797357 0.149780 0.801762 0.149780 0.814978 0.136564 0.814978 0.127753 0.823789 0.118943 0.823789 0.114537 0.832599 0.101322 0.832599 0.092511 0.837004 0.088106 0.837004 0.083700 0.828194 0.074890 0.828194 0.061674 0.837004 0.052863 0.837004 0.044053 0.841410 0.039648 0.841410 0.030837 0.845815 0.026432 0.850220 0.026432 0.845815 0.026432 0.841410 0.022026 0.841410 0.013216 0.845815 0.008811
0 0.621145 0.000000 0.607930 0.000000 0.607930 0.013216 0.590308 0.030837 0.590308 0.039648 0.585903 0.044053 0.581498 0.044053 0.577093 0.048458 0.572687 0.048458 0.568282 0.052863 0.568282 0.057269 0.577093 0.066079 0.581498 0.061674 0.581498 0.057269 0.590308 0.048458 0.594714 0.048458 0.599119 0.044053 0.612335 0.044053 0.616740 0.039648 0.616740 0.030837 0.607930 0.022026 0.607930 0.013216
0 0.392070 0.000000 0.374449 0.000000 0.374449 0.008811 0.370044 0.013216 0.370044 0.022026 0.361233 0.030837 0.361233 0.035242 0.348018 0.048458 0.348018 0.052863 0.343612 0.057269 0.343612 0.066079 0.352423 0.074890 0.352423 0.092511 0.348018 0.096916 0.343612 0.096916 0.339207 0.101322 0.334802 0.101322 0.330396 0.105727 0.321586 0.105727 0.317181 0.110132 0.312775 0.110132 0.308370 0.114537 0.303965 0.114537 0.295154 0.123348 0.303965 0.132159 0.303965 0.140969 0.299559 0.145374 0.303965 0.149780 0.308370 0.149780 0.312775 0.145374 0.312775 0.136564 0.317181 0.132159 0.317181 0.127753 0.325991 0.118943 0.330396 0.118943 0.334802 0.114537 0.339207 0.114537 0.343612 0.110132 0.352423 0.110132 0.356828 0.105727 0.356828 0.096916 0.365639 0.088106 0.365639 0.083700 0.361233 0.079295 0.361233 0.061674 0.365639 0.057269 0.365639 0.052863 0.370044 0.048458 0.370044 0.030837 0.374449 0.026432 0.374449 0.022026 0.378855 0.017621 0.383260 0.017621 0.392070 0.008811
0 0.149780 0.000000 0.149780 0.004405 0.140969 0.013216 0.140969 0.035242 0.132159 0.044053 0.127753 0.044053 0.123348 0.048458 0.123348 0.057269 0.127753 0.061674 0.136564 0.052863 0.136564 0.044053 0.140969 0.039648 0.145374 0.039648 0.149780 0.035242 0.154185 0.035242 0.158590 0.030837 0.158590 0.013216 0.149780 0.004405
0 0.017621 0.000000 0.017621 0.013216 0.022026 0.017621 0.022026 0.022026 0.035242 0.035242 0.035242 0.044053 0.039648 0.048458 0.044053 0.044053 0.044053 0.017621 0.030837 0.004405 0.030837 0.000000
