0 0.088106 0.973568 0.083700 0.969163 0.070485 0.969163 0.066079 0.973568 0.061674 0.973568 0.052863 0.982379 0.057269 0.986784 0.057269 0.995595 0.074890 0.995595 0.074890 0.991189 0.079295 0.986784 0.079295 0.982379
0 0.577093 0.955947 0.572687 0.960352 0.572687 0.969163 0.568282 0.973568 0.568282 0.995595 0.590308 0.995595 0.590308 0.982379 0.594714 0.977974 0.594714 0.973568 0.599119 0.969163 0.594714 0.964758 0.594714 0.960352 0.590308 0.955947
0 0.907489 0.916300 0.903084 0.916300 0.898678 0.920705 0.894273 0.920705 0.889868 0.925110 0.889868 0.955947 0.885463 0.960352 0.885463 0.964758 0.881057 0.969163 0.881057 0.973568 0.876652 0.977974 0.876652 0.982379 0.872247 0.986784 0.872247 0.995595 0.894273 0.995595 0.894273 0.991189 0.898678 0.986784 0.898678 0.982379 0.907489 0.973568 0.907489 0.951542 0.911894 0.947137 0.911894 0.920705
0 0.519824 0.903084 0.515419 0.898678 0.511013 0.898678 0.506608 0.903084 0.502203 0.903084 0.493392 0.911894 0.493392 0.920705 0.497797 0.920705 0.502203 0.925110 0.511013 0.925110 0.515419 0.920705 0.519824 0.920705 0.524229 0.916300 0.519824 0.911894
0 0.440529 0.876652 0.436123 0.872247 0.422908 0.872247 0.405286 0.889868 0.400881 0.889868 0.396476 0.894273 0.387665 0.894273 0.383260 0.898678 0.374449 0.898678 0.370044 0.903084 0.374449 0.907489 0.378855 0.907489 0.387665 0.916300 0.400881 0.916300 0.405286 0.911894 0.409692 0.911894 0.427313 0.894273 0.431718 0.894273 0.440529 0.885463
0 0.105727 0.850220 0.101322 0.850220 0.096916 0.845815 0.083700 0.845815 0.074890 0.854626 0.074890 0.863436 0.057269 0.881057 0.052863 0.881057 0.048458 0.885463 0.044053 0.885463 0.039648 0.889868 0.039648 0.898678 0.035242 0.903084 0.035242 0.907489 0.039648 0.911894 0.044053 0.911894 0.052863 0.903084 0.057269 0.903084 0.074890 0.885463 0.079295 0.885463 0.101322 0.863436 0.101322 0.854626
0 0.198238 0.832599 0.193833 0.837004 0.193833 0.850220 0.189427 0.854626 0.185022 0.854626 0.180617 0.859031 0.180617 0.863436 0.176211 0.867841 0.176211 0.876652 0.171806 0.881057 0.171806 0.885463 0.167401 0.889868 0.162996 0.889868 0.158590 0.894273 0.158590 0.898678 0.149780 0.907489 0.145374 0.907489 0.132159 0.920705 0.132159 0.925110 0.136564 0.929515 0.145374 0.929515 0.149780 0.933921 0.158590 0.925110 0.158590 0.916300 0.171806 0.903084 0.176211 0.903084 0.180617 0.898678 0.185022 0.898678 0.198238 0.885463 0.198238 0.867841 0.202643 0.863436 0.198238 0.859031 0.198238 0.850220 0.207048 0.841410
0 0.348018 0.810573 0.343612 0.814978 0.334802 0.814978 0.325991 0.823789 0.321586 0.823789 0.312775 0.832599 0.312775 0.837004 0.308370 0.841410 0.308370 0.850220 0.312775 0.854626 0.317181 0.854626 0.321586 0.850220 0.321586 0.841410 0.330396 0.832599 0.330396 0.828194 0.334802 0.823789 0.339207 0.823789 0.343612 0.819383 0.348018 0.819383 0.352423 0.814978
0 0.286344 0.757709 0.277533 0.748899 0.264317 0.748899 0.246696 0.766520 0.242291 0.766520 0.237885 0.770925 0.237885 0.775330 0.246696 0.784141 0.259912 0.784141 0.268722 0.775330 0.273128 0.775330 0.281938 0.766520 0.281938 0.762115
0 0.621145 0.704846 0.616740 0.700441 0.612335 0.704846 0.607930 0.700441 0.590308 0.718062 0.585903 0.718062 0.581498 0.722467 0.572687 0.722467 0.568282 0.726872 0.563877 0.722467 0.559471 0.726872 0.555066 0.726872 0.541850 0.740088 0.541850 0.748899 0.546256 0.753304 0.555066 0.753304 0.559471 0.748899 0.563877 0.748899 0.572687 0.740088 0.577093 0.740088 0.581498 0.735683 0.590308 0.735683 0.594714 0.740088 0.603524 0.731278 0.603524 0.726872 0.612335 0.718062 0.612335 0.713656
0 0.903084 0.678414 0.898678 0.682819 0.898678 0.687225 0.894273 0.691630 0.898678 0.696035 0.898678 0.704846 0.911894 0.718062 0.920705 0.718062 0.925110 0.713656 0.925110 0.704846 0.920705 0.700441 0.920705 0.691630 0.907489 0.678414
0 0.792952 0.678414 0.788546 0.682819 0.792952 0.687225 0.792952 0.700441 0.810573 0.718062 0.814978 0.718062 0.819383 0.722467 0.828194 0.713656 0.828194 0.704846 0.819383 0.696035 0.814978 0.696035 0.810573 0.691630 0.806167 0.691630
0 0.233480 0.678414 0.229075 0.682819 0.224670 0.682819 0.211454 0.696035 0.211454 0.700441 0.215859 0.704846 0.233480 0.704846 0.242291 0.696035 0.242291 0.691630 0.237885 0.687225 0.237885 0.682819
0 0.546256 0.643172 0.541850 0.643172 0.537445 0.647577 0.533040 0.647577 0.502203 0.678414 0.497797 0.678414 0.493392 0.682819 0.488987 0.682819 0.484582 0.687225 0.480176 0.687225 0.471366 0.696035 0.466960 0.696035 0.462555 0.700441 0.458150 0.700441 0.453745 0.704846 0.453745 0.709251 0.466960 0.722467 0.471366 0.722467 0.475771 0.726872 0.475771 0.744493 0.471366 0.748899 0.466960 0.748899 0.462555 0.753304 0.471366 0.762115 0.475771 0.757709 0.475771 0.744493 0.480176 0.740088 0.484582 0.740088 0.493392 0.731278 0.488987 0.726872 0.484582 0.726872 0.480176 0.722467 0.480176 0.704846 0.484582 0.700441 0.488987 0.700441 0.493392 0.696035 0.497797 0.696035 0.502203 0.691630 0.506608 0.691630 0.511013 0.687225 0.515419 0.687225 0.519824 0.682819 0.524229 0.682819 0.528634 0.678414 0.533040 0.678414 0.550661 0.660793 0.550661 0.647577
0 0.229075 0.599119 0.224670 0.599119 0.198238 0.625551 0.198238 0.629956 0.207048 0.638767 0.211454 0.638767 0.215859 0.634361 0.220264 0.634361 0.229075 0.625551 0.229075 0.621145 0.233480 0.616740 0.233480 0.603524
0 0.427313 0.590308 0.418502 0.581498 0.414097 0.581498 0.392070 0.603524 0.387665 0.603524 0.383260 0.607930 0.365639 0.607930 0.361233 0.603524 0.356828 0.603524 0.352423 0.607930 0.365639 0.621145 0.370044 0.621145 0.374449 0.625551 0.378855 0.625551 0.387665 0.616740 0.392070 0.616740 0.396476 0.612335 0.414097 0.612335 0.422908 0.603524 0.422908 0.599119 0.427313 0.594714
0 0.995595 0.572687 0.982379 0.572687 0.977974 0.568282 0.973568 0.568282 0.969163 0.563877 0.964758 0.568282 0.964758 0.572687 0.969163 0.577093 0.969163 0.585903 0.964758 0.590308 0.964758 0.594714 0.960352 0.599119 0.964758 0.603524 0.973568 0.594714 0.977974 0.594714 0.982379 0.590308 0.995595 0.590308
0 0.933921 0.563877 0.925110 0.563877 0.920705 0.568282 0.907489 0.568282 0.894273 0.581498 0.894273 0.585903 0.881057 0.599119 0.881057 0.603524 0.867841 0.616740 0.867841 0.629956 0.876652 0.638767 0.876652 0.647577 0.872247 0.651982 0.872247 0.656388 0.876652 0.660793 0.881057 0.656388 0.885463 0.660793 0.889868 0.656388 0.885463 0.651982 0.881057 0.651982 0.876652 0.647577 0.876652 0.634361 0.881057 0.629956 0.881057 0.621145 0.885463 0.616740 0.885463 0.607930 0.889868 0.603524 0.894273 0.603524 0.903084 0.594714 0.907489 0.594714 0.911894 0.590308 0.916300 0.590308 0.938326 0.568282
0 0.995595 0.511013 0.982379 0.511013 0.977974 0.515419 0.960352 0.515419 0.955947 0.519824 0.955947 0.524229 0.951542 0.528634 0.955947 0.533040 0.955947 0.537445 0.964758 0.546256 0.969163 0.546256 0.973568 0.541850 0.973568 0.537445 0.977974 0.533040 0.982379 0.533040 0.986784 0.528634 0.995595 0.528634
0 0.110132 0.515419 0.118943 0.524229 0.123348 0.524229 0.127753 0.519824 0.132159 0.519824 0.136564 0.515419 0.140969 0.515419 0.145374 0.511013 0.145374 0.506608 0.140969 0.502203 0.118943 0.502203 0.110132 0.511013
0 0.048458 0.502203 0.044053 0.506608 0.048458 0.511013 0.052863 0.511013 0.061674 0.519824 0.061674 0.533040 0.057269 0.537445 0.057269 0.546256 0.052863 0.550661 0.052863 0.555066 0.048458 0.559471 0.048458 0.572687 0.044053 0.577093 0.044053 0.581498 0.030837 0.594714 0.026432 0.594714 0.017621 0.603524 0.017621 0.607930 0.008811 0.616740 0.004405 0.616740 0.000000 0.621145 0.004405 0.625551 0.013216 0.625551 0.026432 0.612335 0.030837 0.612335 0.039648 0.603524 0.044053 0.603524 0.061674 0.585903 0.061674 0.581498 0.066079 0.577093 0.066079 0.572687 0.070485 0.568282 0.070485 0.537445 0.079295 0.528634 0.070485 0.519824 0.066079 0.519824 0.061674 0.515419 0.057269 0.515419 0.052863 0.511013 0.052863 0.506608
0 0.356828 0.475771 0.343612 0.475771 0.339207 0.480176 0.339207 0.484582 0.334802 0.488987 0.334802 0.493392 0.330396 0.497797 0.330396 0.502203 0.325991 0.506608 0.325991 0.515419 0.330396 0.519824 0.334802 0.519824 0.339207 0.515419 0.339207 0.511013 0.348018 0.502203 0.348018 0.497797 0.352423 0.493392 0.352423 0.488987 0.361233 0.480176
0 0.251101 0.475771 0.233480 0.493392 0.233480 0.506608 0.237885 0.511013 0.242291 0.511013 0.255507 0.497797 0.255507 0.493392 0.259912 0.488987 0.259912 0.484582
0 0.938326 0.471366 0.933921 0.466960 0.925110 0.475771 0.920705 0.475771 0.916300 0.480176 0.916300 0.484582 0.911894 0.488987 0.907489 0.488987 0.903084 0.493392 0.898678 0.493392 0.889868 0.502203 0.889868 0.506608 0.867841 0.528634 0.863436 0.528634 0.859031 0.533040 0.850220 0.533040 0.845815 0.537445 0.841410 0.537445 0.837004 0.541850 0.837004 0.550661 0.832599 0.555066 0.828194 0.555066 0.823789 0.559471 0.819383 0.559471 0.814978 0.563877 0.814978 0.572687 0.810573 0.577093 0.806167 0.577093 0.801762 0.581498 0.797357 0.577093 0.792952 0.581498 0.788546 0.581498 0.784141 0.585903 0.775330 0.585903 0.770925 0.581498 0.753304 0.581498 0.748899 0.577093 0.744493 0.577093 0.740088 0.581498 0.731278 0.581498 0.726872 0.585903 0.731278 0.590308 0.735683 0.590308 0.740088 0.594714 0.748899 0.594714 0.753304 0.599119 0.757709 0.599119 0.762115 0.603524 0.766520 0.603524 0.770925 0.599119 0.775330 0.603524 0.779736 0.599119 0.801762 0.599119 0.806167 0.603524 0.810573 0.599119 0.810573 0.590308 0.814978 0.585903 0.819383 0.585903 0.823789 0.581498 0.828194 0.581498 0.837004 0.572687 0.837004 0.559471 0.845815 0.550661 0.850220 0.550661 0.854626 0.546256 0.859031 0.546256 0.863436 0.541850 0.863436 0.537445 0.867841 0.533040 0.872247 0.533040 0.876652 0.528634 0.881057 0.533040 0.889868 0.524229 0.894273 0.524229 0.898678 0.519824 0.903084 0.519824 0.911894 0.511013 0.916300 0.511013 0.929515 0.497797 0.933921 0.497797 0.938326 0.493392 0.938326 0.488987 0.942731 0.484582 0.942731 0.480176 0.938326 0.475771
0 0.462555 0.480176 0.449339 0.466960 0.440529 0.475771 0.436123 0.475771 0.427313 0.484582 0.422908 0.484582 0.418502 0.488987 0.418502 0.493392 0.422908 0.497797 0.427313 0.497797 0.431718 0.493392 0.440529 0.493392 0.444934 0.497797 0.453745 0.497797 0.462555 0.488987
0 0.784141 0.462555 0.775330 0.471366 0.775330 0.475771 0.779736 0.480176 0.779736 0.484582 0.788546 0.493392 0.792952 0.493392 0.797357 0.497797 0.806167 0.488987 0.806167 0.475771 0.792952 0.462555
0 0.995595 0.431718 0.991189 0.431718 0.973568 0.449339 0.977974 0.453745 0.977974 0.462555 0.982379 0.466960 0.986784 0.462555 0.991189 0.462555 0.995595 0.458150
0 0.048458 0.352423 0.039648 0.352423 0.035242 0.356828 0.035242 0.387665 0.030837 0.392070 0.030837 0.400881 0.026432 0.405286 0.026432 0.409692 0.022026 0.414097 0.017621 0.414097 0.013216 0.418502 0.000000 0.418502 0.000000 0.431718 0.008811 0.431718 0.017621 0.422908 0.017621 0.418502 0.026432 0.409692 0.030837 0.409692 0.039648 0.400881 0.039648 0.396476 0.057269 0.378855 0.057269 0.361233
0 0.876652 0.348018 0.872247 0.352423 0.872247 0.374449 0.867841 0.378855 0.872247 0.383260 0.872247 0.387665 0.876652 0.392070 0.876652 0.400881 0.881057 0.405286 0.885463 0.405286 0.889868 0.409692 0.894273 0.409692 0.898678 0.414097 0.903084 0.414097 0.907489 0.418502 0.907489 0.422908 0.911894 0.427313 0.916300 0.422908 0.911894 0.418502 0.907489 0.418502 0.898678 0.409692 0.898678 0.387665 0.894273 0.383260 0.894273 0.378855 0.889868 0.374449 0.889868 0.370044 0.885463 0.365639 0.885463 0.356828
0 0.801762 0.334802 0.775330 0.356828 0.748899 0.427313 0.660793 0.506608 0.634361 0.506608 0.603524 0.541850 0.585903 0.528634 0.577093 0.475771 0.563877 0.502203 0.541850 0.506608 0.541850 0.563877 0.528634 0.585903 0.497797 0.594714 0.378855 0.687225 0.356828 0.691630 0.392070 0.700441 0.511013 0.612335 0.541850 0.616740 0.585903 0.577093 0.612335 0.590308 0.634361 0.629956 0.660793 0.643172 0.669604 0.696035 0.647577 0.713656 0.647577 0.748899 0.616740 0.797357 0.585903 0.907489 0.621145 0.850220 0.638767 0.788546 0.656388 0.775330 0.656388 0.722467 0.669604 0.713656 0.700441 0.757709 0.700441 0.801762 0.722467 0.867841 0.704846 0.876652 0.687225 0.850220 0.665198 0.850220 0.660793 0.863436 0.691630 0.889868 0.748899 0.863436 0.810573 0.889868 0.810573 0.911894 0.770925 0.973568 0.744493 0.969163 0.757709 0.947137 0.748899 0.920705 0.731278 0.938326 0.731278 0.960352 0.762115 0.995595 0.792952 0.995595 0.863436 0.903084 0.898678 0.894273 0.933921 0.903084 0.995595 0.845815 0.991189 0.797357 0.929515 0.863436 0.938326 0.881057 0.925110 0.889868 0.894273 0.863436 0.867841 0.889868 0.845815 0.863436 0.806167 0.872247 0.806167 0.837004 0.859031 0.770925 0.841410 0.762115 0.788546 0.819383 0.766520 0.819383 0.722467 0.731278 0.770925 0.726872 0.757709 0.713656 0.731278 0.726872 0.709251 0.709251 0.691630 0.634361 0.651982 0.577093 0.660793 0.519824 0.757709 0.436123
0 0.167401 0.317181 0.167401 0.321586 0.171806 0.325991 0.176211 0.325991 0.180617 0.321586 0.189427 0.321586 0.193833 0.317181 0.198238 0.317181 0.202643 0.312775 0.207048 0.317181 0.211454 0.317181 0.215859 0.321586 0.220264 0.321586 0.224670 0.325991 0.229075 0.325991 0.237885 0.334802 0.242291 0.330396 0.246696 0.330396 0.255507 0.321586 0.246696 0.312775 0.237885 0.312775 0.233480 0.308370 0.211454 0.308370 0.207048 0.312775 0.198238 0.312775 0.193833 0.308370 0.180617 0.308370 0.176211 0.312775 0.171806 0.312775
0 0.964758 0.290749 0.955947 0.299559 0.955947 0.325991 0.951542 0.330396 0.947137 0.330396 0.942731 0.334802 0.938326 0.330396 0.933921 0.330396 0.925110 0.321586 0.916300 0.330396 0.929515 0.343612 0.938326 0.343612 0.942731 0.339207 0.947137 0.343612 0.955947 0.343612 0.960352 0.339207 0.960352 0.334802 0.964758 0.330396 0.969163 0.330396 0.973568 0.325991 0.973568 0.321586 0.969163 0.317181 0.969163 0.295154
0 0.149780 0.220264 0.145374 0.224670 0.145374 0.233480 0.149780 0.237885 0.149780 0.242291 0.154185 0.246696 0.154185 0.251101 0.158590 0.255507 0.158590 0.259912 0.167401 0.268722 0.171806 0.268722 0.176211 0.264317 0.176211 0.255507 0.171806 0.251101 0.171806 0.237885 0.167401 0.233480 0.167401 0.229075 0.162996 0.224670 0.158590 0.224670 0.154185 0.220264
0 0.356828 0.220264 0.356828 0.224670 0.361233 0.224670 0.365639 0.229075 0.374449 0.229075 0.378855 0.224670 0.387665 0.224670 0.392070 0.229075 0.396476 0.229075 0.400881 0.233480 0.405286 0.233480 0.409692 0.237885 0.414097 0.237885 0.418502 0.233480 0.427313 0.233480 0.431718 0.229075 0.431718 0.224670 0.427313 0.220264 0.422908 0.220264 0.414097 0.211454 0.409692 0.211454 0.405286 0.215859 0.400881 0.215859 0.396476 0.220264 0.392070 0.220264 0.387665 0.224670 0.383260 0.220264 0.378855 0.220264 0.370044 0.211454 0.365639 0.211454
0 0.066079 0.211454 0.061674 0.215859 0.061674 0.224670 0.057269 0.229075 0.057269 0.233480 0.066079 0.242291 0.066079 0.255507 0.057269 0.264317 0.057269 0.281938 0.061674 0.286344 0.074890 0.286344 0.079295 0.281938 0.079295 0.277533 0.083700 0.273128 0.083700 0.268722 0.079295 0.264317 0.079295 0.259912 0.070485 0.251101 0.070485 0.237885 0.074890 0.233480 0.074890 0.215859 0.070485 0.211454
0 0.911894 0.207048 0.907489 0.207048 0.898678 0.215859 0.894273 0.215859 0.889868 0.220264 0.889868 0.237885 0.885463 0.242291 0.885463 0.246696 0.876652 0.255507 0.876652 0.264317 0.872247 0.268722 0.876652 0.273128 0.876652 0.299559 0.881057 0.303965 0.889868 0.303965 0.894273 0.299559 0.894273 0.286344 0.889868 0.281938 0.889868 0.264317 0.894273 0.259912 0.894273 0.255507 0.898678 0.251101 0.898678 0.246696 0.907489 0.237885 0.907489 0.233480 0.920705 0.220264 0.916300 0.215859 0.916300 0.211454
0 0.541850 0.207048 0.537445 0.211454 0.533040 0.211454 0.528634 0.215859 0.528634 0.246696 0.524229 0.251101 0.524229 0.268722 0.537445 0.281938 0.546256 0.281938 0.550661 0.286344 0.559471 0.286344 0.572687 0.273128 0.572687 0.251101 0.563877 0.242291 0.563877 0.229075 0.559471 0.224670 0.559471 0.220264 0.550661 0.211454 0.546256 0.211454
0 0.215859 0.215859 0.215859 0.229075 0.220264 0.233480 0.220264 0.242291 0.229075 0.251101 0.233480 0.246696 0.233480 0.237885 0.237885 0.233480 0.237885 0.229075 0.251101 0.215859 0.255507 0.215859 0.259912 0.211454 0.264317 0.215859 0.268722 0.215859 0.277533 0.224670 0.277533 0.229075 0.281938 0.233480 0.281938 0.251101 0.290749 0.259912 0.303965 0.246696 0.303965 0.237885 0.295154 0.229075 0.295154 0.224670 0.290749 0.220264 0.290749 0.211454 0.286344 0.207048 0.281938 0.207048 0.277533 0.202643 0.273128 0.202643 0.268722 0.198238 0.264317 0.198238 0.259912 0.193833 0.255507 0.198238 0.251101 0.198238 0.246696 0.202643 0.233480 0.202643 0.229075 0.207048 0.224670 0.207048
0 0.845815 0.145374 0.841410 0.145374 0.837004 0.149780 0.841410 0.154185 0.841410 0.167401 0.832599 0.176211 0.832599 0.180617 0.823789 0.189427 0.823789 0.202643 0.819383 0.207048 0.819383 0.211454 0.810573 0.220264 0.810573 0.229075 0.801762 0.237885 0.801762 0.251101 0.806167 0.255507 0.810573 0.251101 0.814978 0.255507 0.819383 0.255507 0.828194 0.264317 0.828194 0.273128 0.832599 0.277533 0.837004 0.273128 0.837004 0.246696 0.841410 0.242291 0.841410 0.237885 0.845815 0.233480 0.845815 0.224670 0.850220 0.220264 0.850220 0.198238 0.845815 0.193833 0.845815 0.185022 0.850220 0.180617 0.845815 0.176211 0.845815 0.162996 0.850220 0.158590 0.850220 0.149780
0 0.995595 0.136564 0.991189 0.140969 0.991189 0.171806 0.986784 0.176211 0.986784 0.180617 0.991189 0.185022 0.991189 0.193833 0.986784 0.198238 0.986784 0.220264 0.991189 0.224670 0.995595 0.220264
0 0.185022 0.136564 0.176211 0.136564 0.158590 0.154185 0.167401 0.162996 0.171806 0.162996 0.176211 0.158590 0.180617 0.158590 0.189427 0.149780 0.189427 0.140969
0 0.621145 0.132159 0.621145 0.136564 0.629956 0.145374 0.634361 0.145374 0.638767 0.140969 0.643172 0.140969 0.647577 0.136564 0.651982 0.140969 0.656388 0.140969 0.660793 0.145374 0.660793 0.154185 0.674009 0.167401 0.678414 0.162996 0.678414 0.154185 0.682819 0.149780 0.682819 0.145374 0.687225 0.140969 0.687225 0.136564 0.691630 0.132159 0.691630 0.127753 0.687225 0.123348 0.678414 0.132159 0.674009 0.132159 0.669604 0.136564 0.665198 0.136564 0.660793 0.140969 0.656388 0.136564 0.651982 0.136564 0.638767 0.123348 0.634361 0.123348 0.629956 0.127753 0.625551 0.127753
0 0.515419 0.066079 0.502203 0.066079 0.493392 0.074890 0.493392 0.088106 0.502203 0.096916 0.506608 0.096916 0.519824 0.083700 0.519824 0.070485
0 0.180617 0.030837 0.176211 0.030837 0.171806 0.035242 0.171806 0.052863 0.167401 0.057269 0.162996 0.057269 0.145374 0.074890 0.145374 0.083700 0.149780 0.088106 0.162996 0.088106 0.180617 0.070485 0.176211 0.066079 0.176211 0.057269 0.185022 0.048458 0.189427 0.048458 0.193833 0.044053
0 0.797357 0.000000 0.757709 0.000000 0.757709 0.030837 0.753304 0.035242 0.753304 0.039648 0.757709 0.044053 0.757709 0.083700 0.753304 0.088106 0.753304 0.096916 0.748899 0.101322 0.748899 0.110132 0.744493 0.114537 0.744493 0.136564 0.740088 0.140969 0.740088 0.149780 0.735683 0.154185 0.735683 0.167401 0.726872 0.180617 0.731278 0.185022 0.731278 0.193833 0.726872 0.198238 0.726872 0.211454 0.713656 0.224670 0.713656 0.229075 0.700441 0.246696 0.700441 0.251101 0.669604 0.281938 0.669604 0.286344 0.660793 0.295154 0.660793 0.299559 0.665198 0.303965 0.700441 0.264317 0.704846 0.264317 0.709251 0.259912 0.731278 0.264317 0.744493 0.251101 0.748899 0.237885 0.757709 0.229075 0.757709 0.215859 0.762115 0.211454 0.766520 0.211454 0.770925 0.207048 0.779736 0.207048 0.784141 0.211454 0.788546 0.207048 0.788546 0.198238 0.792952 0.193833 0.792952 0.180617 0.797357 0.176211 0.797357 0.167401 0.801762 0.162996 0.801762 0.145374 0.819383 0.127753 0.823789 0.127753 0.828194 0.123348 0.837004 0.123348 0.850220 0.132159 0.863436 0.123348 0.863436 0.114537 0.859031 0.110132 0.837004 0.110132 0.828194 0.123348 0.823789 0.123348 0.819383 0.127753 0.814978 0.123348 0.801762 0.132159 0.797357 0.132159 0.784141 0.123348 0.784141 0.110132 0.788546 0.105727 0.788546 0.092511 0.792952 0.088106 0.792952 0.066079 0.797357 0.061674 0.792952 0.057269 0.792952 0.030837 0.784141 0.022026 0.784141 0.013216
0 0.678414 0.000000 0.678414 0.039648 0.682819 0.044053 0.682819 0.052863 0.687225 0.057269 0.691630 0.057269 0.696035 0.061674 0.700441 0.061674 0.709251 0.052863 0.709251 0.048458 0.700441 0.039648 0.700441 0.035242 0.696035 0.030837 0.696035 0.000000
