0 0.444934 0.938326 0.436123 0.947137 0.436123 0.951542 0.440529 0.955947 0.440529 0.973568 0.436123 0.977974 0.444934 0.986784 0.449339 0.986784 0.453745 0.991189 0.453745 0.995595 0.458150 0.995595 0.458150 0.991189 0.462555 0.986784 0.462555 0.982379 0.458150 0.977974 0.453745 0.977974 0.449339 0.973568 0.449339 0.964758 0.466960 0.947137 0.462555 0.942731 0.458150 0.942731 0.453745 0.938326
0 0.841410 0.942731 0.850220 0.951542 0.872247 0.951542 0.876652 0.955947 0.881057 0.955947 0.885463 0.960352 0.885463 0.964758 0.894273 0.973568 0.894273 0.995595 0.911894 0.995595 0.911894 0.991189 0.907489 0.986784 0.907489 0.982379 0.903084 0.977974 0.903084 0.960352 0.894273 0.951542 0.881057 0.951542 0.876652 0.947137 0.872247 0.947137 0.867841 0.942731 0.867841 0.938326 0.863436 0.933921 0.859031 0.933921 0.854626 0.938326 0.850220 0.933921
0 0.506608 0.929515 0.502203 0.933921 0.502203 0.947137 0.506608 0.951542 0.506608 0.955947 0.511013 0.960352 0.511013 0.982379 0.506608 0.986784 0.506608 0.995595 0.519824 0.995595 0.519824 0.955947 0.524229 0.951542 0.524229 0.947137 0.528634 0.942731 0.519824 0.933921 0.515419 0.933921 0.511013 0.929515
0 0.110132 0.925110 0.088106 0.947137 0.088106 0.960352 0.092511 0.964758 0.096916 0.960352 0.101322 0.960352 0.114537 0.947137 0.114537 0.942731 0.118943 0.938326 0.118943 0.933921
0 0.176211 0.916300 0.176211 0.920705 0.180617 0.925110 0.189427 0.925110 0.193833 0.929515 0.198238 0.929515 0.207048 0.938326 0.211454 0.933921 0.215859 0.938326 0.220264 0.938326 0.224670 0.942731 0.224670 0.951542 0.229075 0.955947 0.237885 0.955947 0.242291 0.951542 0.242291 0.929515 0.237885 0.925110 0.229075 0.933921 0.224670 0.933921 0.220264 0.938326 0.215859 0.933921 0.211454 0.933921 0.207048 0.929515 0.207048 0.925110 0.198238 0.916300 0.198238 0.911894 0.193833 0.907489 0.185022 0.907489
0 0.797357 0.898678 0.792952 0.898678 0.784141 0.907489 0.784141 0.925110 0.779736 0.929515 0.779736 0.933921 0.784141 0.938326 0.788546 0.938326 0.797357 0.929515 0.797357 0.911894 0.801762 0.907489 0.801762 0.903084
0 0.718062 0.894273 0.709251 0.894273 0.704846 0.898678 0.691630 0.898678 0.687225 0.894273 0.682819 0.894273 0.674009 0.885463 0.665198 0.885463 0.660793 0.889868 0.656388 0.889868 0.651982 0.894273 0.643172 0.894273 0.638767 0.898678 0.643172 0.903084 0.647577 0.898678 0.665198 0.898678 0.669604 0.903084 0.674009 0.903084 0.678414 0.907489 0.678414 0.933921 0.669604 0.942731 0.665198 0.942731 0.660793 0.947137 0.665198 0.951542 0.669604 0.951542 0.678414 0.960352 0.687225 0.951542 0.682819 0.947137 0.682819 0.933921 0.713656 0.903084 0.718062 0.903084 0.722467 0.898678
0 0.361233 0.863436 0.356828 0.867841 0.356828 0.876652 0.365639 0.885463 0.365639 0.889868 0.370044 0.894273 0.370044 0.911894 0.374449 0.916300 0.378855 0.911894 0.387665 0.911894 0.392070 0.916300 0.396476 0.916300 0.400881 0.920705 0.405286 0.920705 0.409692 0.925110 0.418502 0.925110 0.422908 0.920705 0.422908 0.916300 0.418502 0.911894 0.414097 0.911894 0.409692 0.916300 0.405286 0.911894 0.400881 0.911894 0.396476 0.916300 0.392070 0.911894 0.387665 0.911894 0.383260 0.907489 0.383260 0.898678 0.392070 0.889868 0.392070 0.881057 0.387665 0.876652 0.383260 0.876652 0.370044 0.863436
0 0.854626 0.867841 0.854626 0.876652 0.859031 0.881057 0.863436 0.881057 0.867841 0.876652 0.872247 0.876652 0.876652 0.881057 0.881057 0.881057 0.885463 0.885463 0.885463 0.903084 0.881057 0.907489 0.881057 0.911894 0.885463 0.916300 0.894273 0.916300 0.903084 0.907489 0.907489 0.907489 0.911894 0.903084 0.916300 0.903084 0.920705 0.907489 0.925110 0.907489 0.929515 0.903084 0.925110 0.898678 0.920705 0.898678 0.916300 0.903084 0.907489 0.903084 0.903084 0.898678 0.898678 0.898678 0.889868 0.889868 0.889868 0.876652 0.898678 0.867841 0.898678 0.863436 0.894273 0.859031 0.889868 0.859031 0.885463 0.863436 0.876652 0.863436 0.872247 0.867841 0.867841 0.867841 0.863436 0.863436 0.859031 0.863436
0 0.215859 0.854626 0.224670 0.863436 0.229075 0.859031 0.237885 0.859031 0.242291 0.863436 0.246696 0.863436 0.251101 0.867841 0.255507 0.867841 0.259912 0.872247 0.264317 0.872247 0.268722 0.867841 0.268722 0.863436 0.264317 0.859031 0.264317 0.854626 0.259912 0.850220 0.246696 0.850220 0.242291 0.854626 0.237885 0.850220 0.233480 0.850220 0.229075 0.845815 0.224670 0.845815
0 0.806167 0.837004 0.801762 0.841410 0.801762 0.850220 0.806167 0.854626 0.806167 0.867841 0.810573 0.872247 0.823789 0.859031 0.823789 0.850220 0.810573 0.837004
0 0.519824 0.841410 0.519824 0.859031 0.528634 0.867841 0.537445 0.867841 0.541850 0.872247 0.546256 0.872247 0.555066 0.881057 0.555066 0.885463 0.559471 0.889868 0.563877 0.889868 0.568282 0.894273 0.572687 0.894273 0.577093 0.898678 0.585903 0.898678 0.590308 0.894273 0.577093 0.881057 0.568282 0.881057 0.563877 0.876652 0.559471 0.876652 0.555066 0.872247 0.555066 0.867841 0.550661 0.863436 0.546256 0.863436 0.541850 0.859031 0.537445 0.859031 0.533040 0.854626 0.533040 0.850220 0.528634 0.845815 0.528634 0.841410 0.524229 0.837004
0 0.101322 0.832599 0.088106 0.845815 0.088106 0.854626 0.083700 0.859031 0.083700 0.863436 0.092511 0.872247 0.096916 0.872247 0.101322 0.867841 0.101322 0.863436 0.105727 0.859031 0.105727 0.837004
0 0.061674 0.814978 0.057269 0.814978 0.052863 0.819383 0.048458 0.819383 0.039648 0.828194 0.039648 0.837004 0.044053 0.841410 0.057269 0.841410 0.061674 0.837004 0.061674 0.828194 0.066079 0.823789 0.066079 0.819383
0 0.074890 0.792952 0.083700 0.801762 0.088106 0.801762 0.092511 0.797357 0.105727 0.797357 0.110132 0.792952 0.114537 0.797357 0.118943 0.797357 0.127753 0.806167 0.127753 0.814978 0.132159 0.819383 0.136564 0.819383 0.140969 0.823789 0.145374 0.819383 0.145374 0.814978 0.149780 0.810573 0.149780 0.792952 0.136564 0.779736 0.127753 0.788546 0.123348 0.788546 0.118943 0.792952 0.114537 0.792952 0.110132 0.788546 0.105727 0.788546 0.096916 0.779736 0.088106 0.779736
0 0.590308 0.770925 0.581498 0.770925 0.577093 0.775330 0.572687 0.775330 0.563877 0.784141 0.563877 0.801762 0.568282 0.806167 0.581498 0.806167 0.599119 0.788546 0.599119 0.779736
0 0.422908 0.770925 0.418502 0.775330 0.414097 0.775330 0.414097 0.779736 0.418502 0.784141 0.418502 0.792952 0.409692 0.801762 0.409692 0.806167 0.405286 0.810573 0.405286 0.823789 0.400881 0.828194 0.400881 0.832599 0.405286 0.837004 0.414097 0.828194 0.414097 0.823789 0.422908 0.814978 0.422908 0.792952 0.431718 0.784141 0.431718 0.779736
0 0.995595 0.770925 0.991189 0.775330 0.986784 0.770925 0.982379 0.770925 0.973568 0.762115 0.969163 0.762115 0.964758 0.766520 0.960352 0.766520 0.955947 0.770925 0.938326 0.770925 0.933921 0.775330 0.929515 0.775330 0.925110 0.779736 0.916300 0.779736 0.911894 0.784141 0.920705 0.792952 0.929515 0.792952 0.933921 0.788546 0.955947 0.788546 0.960352 0.792952 0.964758 0.792952 0.969163 0.788546 0.973568 0.792952 0.977974 0.788546 0.991189 0.788546 0.995595 0.792952
0 0.233480 0.770925 0.233480 0.775330 0.242291 0.784141 0.246696 0.784141 0.251101 0.788546 0.255507 0.788546 0.259912 0.792952 0.264317 0.788546 0.268722 0.788546 0.273128 0.784141 0.251101 0.762115 0.242291 0.762115
0 0.396476 0.757709 0.392070 0.753304 0.378855 0.753304 0.370044 0.762115 0.365639 0.762115 0.361233 0.766520 0.356828 0.762115 0.352423 0.762115 0.348018 0.757709 0.343612 0.762115 0.343612 0.784141 0.348018 0.788546 0.352423 0.784141 0.356828 0.784141 0.365639 0.775330 0.370044 0.775330 0.374449 0.770925 0.392070 0.770925 0.396476 0.766520
0 0.537445 0.744493 0.515419 0.744493 0.488987 0.770925 0.488987 0.788546 0.493392 0.792952 0.497797 0.792952 0.502203 0.797357 0.506608 0.792952 0.506608 0.784141 0.511013 0.779736 0.511013 0.770925 0.515419 0.766520 0.519824 0.766520 0.524229 0.762115 0.528634 0.762115 0.533040 0.757709 0.537445 0.757709 0.541850 0.753304 0.541850 0.748899
0 0.193833 0.726872 0.189427 0.731278 0.189427 0.740088 0.185022 0.744493 0.185022 0.748899 0.180617 0.753304 0.176211 0.753304 0.171806 0.757709 0.171806 0.770925 0.176211 0.775330 0.189427 0.762115 0.189427 0.757709 0.198238 0.748899 0.202643 0.748899 0.207048 0.744493 0.207048 0.740088
0 0.916300 0.691630 0.911894 0.687225 0.907489 0.691630 0.898678 0.691630 0.876652 0.713656 0.881057 0.718062 0.885463 0.718062 0.889868 0.722467 0.903084 0.709251 0.907489 0.709251 0.916300 0.700441
0 0.616740 0.687225 0.607930 0.696035 0.607930 0.700441 0.603524 0.704846 0.603524 0.722467 0.594714 0.731278 0.603524 0.740088 0.607930 0.740088 0.612335 0.735683 0.612335 0.731278 0.616740 0.726872 0.616740 0.713656 0.621145 0.709251 0.621145 0.691630
0 0.955947 0.691630 0.955947 0.696035 0.960352 0.700441 0.964758 0.700441 0.969163 0.704846 0.977974 0.704846 0.982379 0.709251 0.995595 0.709251 0.995595 0.687225 0.977974 0.687225 0.973568 0.682819 0.969163 0.682819 0.964758 0.687225 0.960352 0.687225
0 0.189427 0.696035 0.185022 0.696035 0.180617 0.691630 0.180617 0.682819 0.176211 0.678414 0.167401 0.678414 0.158590 0.687225 0.158590 0.691630 0.149780 0.700441 0.145374 0.700441 0.136564 0.709251 0.140969 0.713656 0.145374 0.713656 0.149780 0.709251 0.154185 0.709251 0.158590 0.704846 0.162996 0.704846 0.167401 0.709251 0.176211 0.709251 0.185022 0.700441 0.189427 0.700441
0 0.303965 0.682819 0.295154 0.674009 0.281938 0.674009 0.277533 0.678414 0.264317 0.678414 0.259912 0.682819 0.255507 0.682819 0.251101 0.687225 0.246696 0.687225 0.242291 0.691630 0.233480 0.691630 0.229075 0.687225 0.224670 0.687225 0.220264 0.682819 0.215859 0.682819 0.202643 0.696035 0.198238 0.696035 0.198238 0.700441 0.202643 0.700441 0.211454 0.709251 0.215859 0.704846 0.220264 0.704846 0.224670 0.700441 0.229075 0.700441 0.233480 0.696035 0.237885 0.696035 0.242291 0.700441 0.246696 0.700441 0.251101 0.704846 0.268722 0.704846 0.273128 0.700441 0.286344 0.700441 0.290749 0.696035 0.295154 0.696035 0.299559 0.691630 0.299559 0.687225
0 0.471366 0.656388 0.462555 0.665198 0.462555 0.669604 0.458150 0.674009 0.462555 0.678414 0.466960 0.678414 0.471366 0.682819 0.480176 0.682819 0.484582 0.678414 0.484582 0.660793 0.480176 0.656388
0 0.000000 0.625551 0.000000 0.643172 0.013216 0.643172 0.017621 0.647577 0.022026 0.643172 0.035242 0.643172 0.039648 0.647577 0.048458 0.647577 0.052863 0.651982 0.057269 0.647577 0.061674 0.651982 0.066079 0.651982 0.070485 0.656388 0.070485 0.660793 0.079295 0.669604 0.083700 0.669604 0.096916 0.682819 0.096916 0.700441 0.092511 0.704846 0.096916 0.709251 0.105727 0.709251 0.114537 0.700441 0.110132 0.696035 0.110132 0.687225 0.114537 0.682819 0.114537 0.674009 0.110132 0.669604 0.105727 0.669604 0.088106 0.651982 0.074890 0.651982 0.070485 0.656388 0.066079 0.651982 0.061674 0.651982 0.048458 0.638767 0.035242 0.638767 0.030837 0.634361 0.022026 0.634361 0.017621 0.629956 0.013216 0.629956 0.008811 0.625551
0 0.801762 0.599119 0.788546 0.612335 0.788546 0.621145 0.784141 0.625551 0.792952 0.634361 0.797357 0.634361 0.801762 0.638767 0.806167 0.638767 0.810573 0.643172 0.810573 0.647577 0.814978 0.651982 0.819383 0.651982 0.828194 0.643172 0.823789 0.638767 0.819383 0.638767 0.814978 0.634361 0.810573 0.634361 0.806167 0.629956 0.806167 0.625551 0.801762 0.621145 0.801762 0.607930 0.806167 0.603524
0 0.356828 0.603524 0.352423 0.603524 0.348018 0.599119 0.339207 0.599119 0.330396 0.607930 0.330396 0.612335 0.325991 0.616740 0.325991 0.621145 0.334802 0.629956 0.339207 0.629956 0.348018 0.621145 0.348018 0.607930 0.352423 0.603524
0 0.466960 0.612335 0.471366 0.616740 0.480176 0.616740 0.484582 0.612335 0.488987 0.612335 0.493392 0.607930 0.497797 0.612335 0.502203 0.607930 0.502203 0.603524 0.493392 0.594714 0.480176 0.594714 0.466960 0.607930
0 0.682819 0.546256 0.678414 0.546256 0.674009 0.550661 0.669604 0.550661 0.665198 0.555066 0.647577 0.555066 0.643172 0.559471 0.643172 0.572687 0.656388 0.585903 0.660793 0.581498 0.660793 0.577093 0.687225 0.550661
0 0.903084 0.528634 0.894273 0.519824 0.889868 0.519824 0.885463 0.524229 0.881057 0.524229 0.876652 0.528634 0.872247 0.528634 0.863436 0.537445 0.863436 0.546256 0.867841 0.550661 0.885463 0.550661 0.889868 0.546256 0.889868 0.541850
0 0.810573 0.515419 0.801762 0.515419 0.788546 0.528634 0.788546 0.533040 0.797357 0.541850 0.801762 0.541850 0.819383 0.524229
0 0.704846 0.506608 0.704846 0.519824 0.709251 0.524229 0.722467 0.524229 0.726872 0.528634 0.731278 0.528634 0.744493 0.541850 0.753304 0.541850 0.757709 0.537445 0.757709 0.528634 0.753304 0.524229 0.740088 0.524229 0.735683 0.519824 0.731278 0.519824 0.722467 0.511013 0.722467 0.506608 0.718062 0.502203 0.709251 0.502203
0 0.925110 0.444934 0.920705 0.444934 0.911894 0.436123 0.907489 0.436123 0.903084 0.440529 0.898678 0.440529 0.889868 0.449339 0.889868 0.462555 0.894273 0.466960 0.898678 0.466960 0.920705 0.444934
0 0.506608 0.343612 0.502203 0.339207 0.493392 0.339207 0.488987 0.343612 0.484582 0.343612 0.475771 0.352423 0.471366 0.352423 0.466960 0.356828 0.462555 0.356828 0.458150 0.361233 0.453745 0.361233 0.449339 0.365639 0.444934 0.365639 0.440529 0.361233 0.436123 0.365639 0.422908 0.365639 0.414097 0.374449 0.418502 0.378855 0.431718 0.378855 0.436123 0.374449 0.440529 0.374449 0.444934 0.370044 0.449339 0.370044 0.453745 0.365639 0.458150 0.370044 0.462555 0.370044 0.466960 0.374449 0.471366 0.370044 0.475771 0.370044 0.480176 0.365639 0.484582 0.365639 0.488987 0.361233 0.493392 0.361233 0.502203 0.352423 0.502203 0.348018
0 0.506608 0.299559 0.502203 0.295154 0.497797 0.295154 0.493392 0.299559 0.475771 0.299559 0.471366 0.295154 0.466960 0.299559 0.462555 0.295154 0.458150 0.299559 0.453745 0.299559 0.449339 0.303965 0.444934 0.303965 0.440529 0.308370 0.436123 0.308370 0.422908 0.321586 0.418502 0.321586 0.414097 0.325991 0.400881 0.325991 0.387665 0.339207 0.383260 0.339207 0.378855 0.343612 0.370044 0.343612 0.365639 0.348018 0.356828 0.348018 0.352423 0.352423 0.330396 0.352423 0.325991 0.356828 0.325991 0.361233 0.321586 0.365639 0.321586 0.370044 0.330396 0.378855 0.339207 0.378855 0.343612 0.374449 0.348018 0.374449 0.352423 0.370044 0.356828 0.370044 0.361233 0.365639 0.374449 0.365639 0.378855 0.361233 0.383260 0.361233 0.396476 0.348018 0.400881 0.348018 0.405286 0.343612 0.409692 0.343612 0.414097 0.339207 0.427313 0.339207 0.431718 0.334802 0.436123 0.334802 0.444934 0.325991 0.449339 0.325991 0.453745 0.321586 0.458150 0.321586 0.462555 0.317181 0.466960 0.317181 0.471366 0.312775 0.484582 0.312775 0.488987 0.317181 0.493392 0.317181 0.497797 0.312775 0.502203 0.312775 0.506608 0.308370
0 0.629956 0.295154 0.638767 0.303965 0.643172 0.303965 0.647577 0.299559 0.651982 0.303965 0.656388 0.303965 0.674009 0.321586 0.674009 0.330396 0.669604 0.334802 0.674009 0.339207 0.682819 0.339207 0.687225 0.334802 0.674009 0.321586 0.674009 0.308370 0.665198 0.299559 0.660793 0.303965 0.656388 0.299559 0.651982 0.299559 0.643172 0.290749 0.634361 0.290749
0 0.030837 0.290749 0.026432 0.286344 0.022026 0.290749 0.017621 0.290749 0.008811 0.299559 0.004405 0.299559 0.000000 0.303965 0.000000 0.312775 0.008811 0.312775 0.013216 0.308370 0.030837 0.308370 0.035242 0.303965 0.030837 0.299559
0 0.132159 0.264317 0.123348 0.255507 0.105727 0.255507 0.101322 0.259912 0.101322 0.268722 0.105727 0.273128 0.105727 0.281938 0.101322 0.286344 0.096916 0.286344 0.092511 0.290749 0.088106 0.290749 0.083700 0.295154 0.083700 0.303965 0.079295 0.308370 0.074890 0.308370 0.070485 0.312775 0.066079 0.312775 0.057269 0.321586 0.061674 0.325991 0.066079 0.325991 0.070485 0.321586 0.074890 0.321586 0.079295 0.317181 0.083700 0.317181 0.088106 0.321586 0.092511 0.321586 0.101322 0.312775 0.101322 0.308370 0.105727 0.303965 0.101322 0.299559 0.101322 0.286344 0.105727 0.281938 0.110132 0.281938 0.114537 0.277533 0.123348 0.277533 0.132159 0.268722
0 0.713656 0.255507 0.704846 0.246696 0.700441 0.251101 0.696035 0.251101 0.678414 0.268722 0.678414 0.273128 0.674009 0.277533 0.678414 0.281938 0.687225 0.281938 0.691630 0.277533 0.696035 0.281938 0.709251 0.268722 0.709251 0.259912
0 0.590308 0.224670 0.585903 0.224670 0.581498 0.220264 0.577093 0.224670 0.572687 0.224670 0.563877 0.233480 0.559471 0.233480 0.555066 0.237885 0.550661 0.237885 0.546256 0.242291 0.546256 0.246696 0.550661 0.251101 0.563877 0.251101 0.568282 0.246696 0.572687 0.246696 0.590308 0.229075
0 0.973568 0.198238 0.969163 0.193833 0.960352 0.193833 0.955947 0.189427 0.951542 0.189427 0.947137 0.193833 0.947137 0.198238 0.938326 0.207048 0.933921 0.207048 0.929515 0.211454 0.925110 0.207048 0.920705 0.211454 0.916300 0.207048 0.911894 0.207048 0.907489 0.202643 0.903084 0.202643 0.898678 0.207048 0.903084 0.211454 0.907489 0.211454 0.911894 0.215859 0.916300 0.215859 0.925110 0.224670 0.929515 0.224670 0.933921 0.220264 0.933921 0.215859 0.938326 0.211454 0.942731 0.211454 0.947137 0.207048 0.969163 0.207048 0.973568 0.202643
0 0.651982 0.198238 0.643172 0.189427 0.638767 0.189427 0.634361 0.193833 0.629956 0.193833 0.625551 0.198238 0.621145 0.198238 0.616740 0.202643 0.612335 0.202643 0.607930 0.207048 0.607930 0.215859 0.612335 0.220264 0.616740 0.215859 0.621145 0.215859 0.625551 0.211454 0.638767 0.211454
0 0.409692 0.180617 0.405286 0.176211 0.400881 0.176211 0.396476 0.180617 0.387665 0.180617 0.383260 0.176211 0.374449 0.185022 0.370044 0.185022 0.365639 0.189427 0.361233 0.189427 0.356828 0.193833 0.356828 0.202643 0.361233 0.207048 0.370044 0.207048 0.383260 0.193833 0.387665 0.193833 0.392070 0.189427 0.396476 0.189427 0.400881 0.185022 0.405286 0.189427 0.409692 0.185022
0 0.550661 0.180617 0.541850 0.171806 0.528634 0.171806 0.524229 0.176211 0.511013 0.176211 0.502203 0.185022 0.502203 0.198238 0.506608 0.202643 0.515419 0.202643 0.519824 0.198238 0.524229 0.198238 0.528634 0.193833 0.541850 0.193833 0.546256 0.189427 0.546256 0.185022
0 0.321586 0.171806 0.317181 0.176211 0.312775 0.171806 0.303965 0.180617 0.303965 0.198238 0.308370 0.202643 0.308370 0.211454 0.303965 0.215859 0.308370 0.220264 0.312775 0.220264 0.317181 0.215859 0.317181 0.202643 0.321586 0.198238 0.321586 0.193833 0.325991 0.189427 0.325991 0.176211
0 0.092511 0.167401 0.083700 0.176211 0.083700 0.180617 0.074890 0.189427 0.074890 0.207048 0.066079 0.215859 0.066079 0.224670 0.070485 0.229075 0.079295 0.229075 0.083700 0.224670 0.083700 0.220264 0.088106 0.215859 0.088106 0.207048 0.092511 0.202643 0.092511 0.193833 0.096916 0.189427 0.096916 0.185022 0.101322 0.180617 0.096916 0.176211 0.096916 0.171806
0 0.000000 0.158590 0.000000 0.180617 0.008811 0.180617 0.013216 0.176211 0.017621 0.180617 0.022026 0.180617 0.026432 0.185022 0.026432 0.198238 0.013216 0.211454 0.008811 0.211454 0.004405 0.215859 0.000000 0.215859 0.000000 0.268722 0.004405 0.264317 0.008811 0.264317 0.013216 0.259912 0.022026 0.259912 0.026432 0.264317 0.030837 0.264317 0.035242 0.268722 0.039648 0.264317 0.039648 0.259912 0.035242 0.255507 0.035242 0.237885 0.030837 0.233480 0.026432 0.233480 0.022026 0.229075 0.022026 0.215859 0.035242 0.202643 0.035242 0.198238 0.044053 0.189427 0.044053 0.180617 0.039648 0.176211 0.035242 0.180617 0.030837 0.180617 0.026432 0.176211 0.022026 0.176211 0.017621 0.171806 0.017621 0.162996 0.013216 0.158590
0 0.925110 0.158590 0.916300 0.149780 0.911894 0.149780 0.907489 0.154185 0.898678 0.154185 0.889868 0.162996 0.889868 0.167401 0.881057 0.176211 0.876652 0.176211 0.872247 0.180617 0.867841 0.180617 0.863436 0.185022 0.850220 0.185022 0.845815 0.189427 0.841410 0.189427 0.832599 0.198238 0.832599 0.207048 0.828194 0.211454 0.823789 0.211454 0.819383 0.215859 0.814978 0.215859 0.810573 0.211454 0.806167 0.211454 0.801762 0.207048 0.797357 0.211454 0.788546 0.211454 0.757709 0.242291 0.757709 0.246696 0.762115 0.251101 0.766520 0.246696 0.784141 0.246696 0.792952 0.237885 0.797357 0.237885 0.810573 0.224670 0.810573 0.220264 0.814978 0.215859 0.819383 0.215859 0.823789 0.211454 0.828194 0.211454 0.832599 0.215859 0.841410 0.215859 0.845815 0.211454 0.850220 0.211454 0.859031 0.202643 0.863436 0.202643 0.872247 0.193833 0.876652 0.193833 0.881057 0.189427 0.885463 0.189427 0.889868 0.185022 0.889868 0.180617 0.898678 0.171806 0.903084 0.171806 0.907489 0.167401 0.920705 0.167401 0.925110 0.162996
0 0.995595 0.127753 0.977974 0.127753 0.973568 0.132159 0.960352 0.132159 0.955947 0.136564 0.951542 0.136564 0.947137 0.140969 0.947137 0.149780 0.951542 0.154185 0.955947 0.149780 0.964758 0.149780 0.969163 0.145374 0.982379 0.145374 0.986784 0.149780 0.995595 0.149780
0 0.317181 0.057269 0.317181 0.066079 0.325991 0.074890 0.330396 0.070485 0.334802 0.070485 0.339207 0.066079 0.361233 0.066079 0.365639 0.061674 0.365639 0.057269 0.361233 0.052863 0.343612 0.052863 0.339207 0.048458 0.330396 0.048458 0.325991 0.052863 0.321586 0.052863
0 0.026432 0.044053 0.026432 0.048458 0.035242 0.057269 0.039648 0.057269 0.044053 0.061674 0.048458 0.061674 0.057269 0.070485 0.066079 0.070485 0.070485 0.066079 0.061674 0.057269 0.057269 0.057269 0.039648 0.039648 0.030837 0.039648
0 0.480176 0.044053 0.484582 0.044053 0.493392 0.052863 0.497797 0.052863 0.502203 0.048458 0.506608 0.048458 0.511013 0.044053 0.515419 0.048458 0.519824 0.048458 0.524229 0.052863 0.524229 0.057269 0.528634 0.061674 0.533040 0.057269 0.533040 0.052863 0.528634 0.048458 0.524229 0.052863 0.519824 0.048458 0.515419 0.048458 0.511013 0.044053 0.511013 0.035242 0.502203 0.026432 0.493392 0.026432 0.484582 0.035242 0.484582 0.039648
0 0.841410 0.022026 0.854626 0.035242 0.859031 0.035242 0.863436 0.030837 0.872247 0.030837 0.876652 0.026432 0.881057 0.030837 0.885463 0.030837 0.889868 0.035242 0.894273 0.035242 0.898678 0.039648 0.903084 0.039648 0.920705 0.057269 0.925110 0.057269 0.929515 0.061674 0.933921 0.061674 0.947137 0.074890 0.955947 0.074890 0.960352 0.079295 0.973568 0.079295 0.977974 0.083700 0.995595 0.083700 0.995595 0.066079 0.991189 0.066079 0.986784 0.061674 0.977974 0.061674 0.973568 0.057269 0.960352 0.057269 0.955947 0.052863 0.947137 0.052863 0.942731 0.048458 0.938326 0.048458 0.929515 0.039648 0.925110 0.039648 0.903084 0.017621 0.894273 0.017621 0.889868 0.022026 0.885463 0.022026 0.881057 0.017621 0.876652 0.017621 0.872247 0.013216 0.872247 0.008811 0.867841 0.004405 0.867841 0.000000 0.863436 0.000000 0.863436 0.004405 0.859031 0.008811 0.854626 0.008811
0 0.000000 0.585903 0.198238 0.625551 0.466960 0.524229 0.405286 0.546256 0.352423 0.533040 0.246696 0.603524 0.251101 0.559471 0.180617 0.528634 0.211454 0.488987 0.268722 0.528634 0.506608 0.449339 0.577093 0.458150 0.533040 0.493392 0.581498 0.506608 0.585903 0.480176 0.678414 0.431718 0.762115 0.453745 0.814978 0.431718 0.845815 0.458150 0.859031 0.418502 0.995595 0.356828 0.977974 0.334802 0.995595 0.286344 0.973568 0.277533 0.995595 0.224670 0.872247 0.308370 0.823789 0.286344 0.828194 0.321586 0.784141 0.361233 0.700441 0.370044 0.585903 0.440529 0.480176 0.422908 0.475771 0.392070 0.418502 0.409692 0.396476 0.392070 0.400881 0.418502 0.361233 0.449339 0.167401 0.466960 0.162996 0.427313 0.303965 0.387665 0.273128 0.383260 0.273128 0.352423 0.308370 0.334802 0.264317 0.334802 0.215859 0.295154 0.229075 0.330396 0.264317 0.334802 0.259912 0.383260 0.220264 0.414097 0.176211 0.405286 0.198238 0.343612 0.180617 0.299559 0.277533 0.145374 0.590308 0.140969 0.687225 0.066079 0.775330 0.035242 0.770925 0.088106 0.669604 0.154185 0.629956 0.154185 0.647577 0.176211 0.713656 0.136564 0.757709 0.171806 0.748899 0.127753 0.850220 0.088106 0.806167 0.070485 0.819383 0.000000 0.784141 0.000000 0.559471 0.101322 0.484582 0.070485 0.418502 0.118943 0.396476 0.092511 0.308370 0.110132 0.264317 0.083700 0.259912 0.000000 0.229075 0.000000 0.224670 0.057269 0.185022 0.066079 0.176211 0.022026 0.154185 0.061674 0.189427 0.092511 0.224670 0.074890 0.259912 0.127753 0.176211 0.290749 0.127753 0.330396 0.154185 0.339207 0.162996 0.400881 0.000000 0.414097 0.000000 0.431718 0.061674 0.427313 0.000000 0.488987 0.000000 0.528634 0.136564 0.537445 0.149780 0.559471 0.096916 0.590308
