0 0.722467 0.960352 0.726872 0.960352 0.731278 0.964758 0.744493 0.964758 0.748899 0.969163 0.766520 0.969163 0.770925 0.964758 0.762115 0.955947 0.757709 0.960352 0.753304 0.955947 0.744493 0.955947 0.740088 0.951542 0.731278 0.951542
0 0.709251 0.960352 0.704846 0.960352 0.696035 0.951542 0.687225 0.951542 0.678414 0.960352 0.678414 0.964758 0.674009 0.969163 0.669604 0.969163 0.665198 0.973568 0.674009 0.982379 0.678414 0.982379 0.682819 0.977974 0.687225 0.977974 0.691630 0.973568 0.696035 0.973568
0 0.942731 0.938326 0.938326 0.942731 0.938326 0.951542 0.947137 0.960352 0.955947 0.960352 0.964758 0.951542 0.964758 0.942731 0.960352 0.938326
0 0.167401 0.947137 0.180617 0.960352 0.189427 0.951542 0.193833 0.951542 0.202643 0.942731 0.207048 0.942731 0.211454 0.938326 0.207048 0.933921 0.180617 0.933921 0.176211 0.938326 0.171806 0.938326 0.167401 0.942731
0 0.792952 0.955947 0.797357 0.960352 0.806167 0.960352 0.810573 0.964758 0.814978 0.960352 0.814978 0.951542 0.819383 0.947137 0.823789 0.947137 0.828194 0.942731 0.832599 0.942731 0.837004 0.947137 0.841410 0.947137 0.845815 0.951542 0.850220 0.951542 0.854626 0.955947 0.863436 0.955947 0.867841 0.951542 0.867841 0.947137 0.863436 0.942731 0.841410 0.942731 0.837004 0.938326 0.832599 0.938326 0.819383 0.925110 0.810573 0.933921 0.810573 0.938326 0.806167 0.942731 0.801762 0.942731 0.792952 0.951542
0 0.449339 0.911894 0.444934 0.916300 0.444934 0.920705 0.440529 0.925110 0.440529 0.938326 0.449339 0.947137 0.462555 0.933921 0.462555 0.925110
0 0.088106 0.837004 0.079295 0.837004 0.066079 0.850220 0.066079 0.859031 0.083700 0.876652 0.083700 0.885463 0.079295 0.889868 0.074890 0.889868 0.070485 0.894273 0.061674 0.894273 0.057269 0.898678 0.057269 0.903084 0.061674 0.907489 0.066079 0.903084 0.070485 0.903084 0.074890 0.898678 0.079295 0.898678 0.083700 0.894273 0.088106 0.898678 0.092511 0.894273 0.083700 0.885463 0.083700 0.876652 0.088106 0.872247 0.088106 0.850220 0.092511 0.845815 0.092511 0.841410
0 0.810573 0.832599 0.801762 0.832599 0.792952 0.841410 0.788546 0.841410 0.788546 0.854626 0.792952 0.859031 0.810573 0.859031 0.814978 0.854626 0.814978 0.850220 0.819383 0.845815 0.814978 0.841410 0.814978 0.837004
0 0.740088 0.823789 0.748899 0.832599 0.748899 0.841410 0.753304 0.845815 0.762115 0.845815 0.766520 0.841410 0.770925 0.841410 0.770925 0.828194 0.766520 0.823789 0.757709 0.823789 0.753304 0.819383 0.744493 0.819383
0 0.687225 0.841410 0.678414 0.832599 0.674009 0.837004 0.665198 0.837004 0.660793 0.832599 0.656388 0.832599 0.651982 0.828194 0.651982 0.823789 0.647577 0.819383 0.643172 0.823789 0.643172 0.828194 0.638767 0.832599 0.638767 0.837004 0.634361 0.841410 0.629956 0.841410 0.625551 0.845815 0.612335 0.845815 0.607930 0.850220 0.616740 0.859031 0.629956 0.859031 0.643172 0.845815 0.647577 0.845815 0.651982 0.841410 0.656388 0.841410 0.660793 0.845815 0.665198 0.845815 0.669604 0.850220 0.682819 0.850220 0.687225 0.845815
0 0.224670 0.766520 0.215859 0.775330 0.215859 0.779736 0.224670 0.788546 0.224670 0.801762 0.202643 0.823789 0.202643 0.828194 0.207048 0.832599 0.211454 0.832599 0.215859 0.828194 0.220264 0.828194 0.233480 0.814978 0.233480 0.797357 0.229075 0.792952 0.229075 0.779736 0.233480 0.775330
0 0.647577 0.770925 0.638767 0.762115 0.621145 0.762115 0.616740 0.766520 0.616740 0.788546 0.612335 0.792952 0.607930 0.792952 0.603524 0.797357 0.594714 0.797357 0.590308 0.801762 0.594714 0.806167 0.607930 0.806167 0.612335 0.801762 0.612335 0.792952 0.621145 0.784141 0.625551 0.784141 0.629956 0.779736 0.634361 0.784141 0.638767 0.779736 0.643172 0.779736 0.647577 0.775330
0 0.127753 0.762115 0.132159 0.766520 0.140969 0.766520 0.145374 0.762115 0.149780 0.762115 0.154185 0.757709 0.158590 0.757709 0.162996 0.753304 0.162996 0.748899 0.158590 0.744493 0.154185 0.744493 0.149780 0.748899 0.140969 0.748899 0.136564 0.744493 0.127753 0.753304
0 0.396476 0.718062 0.392070 0.722467 0.387665 0.722467 0.378855 0.731278 0.374449 0.731278 0.370044 0.735683 0.365639 0.735683 0.361233 0.740088 0.361233 0.744493 0.356828 0.748899 0.356828 0.757709 0.361233 0.762115 0.374449 0.748899 0.378855 0.748899 0.400881 0.726872 0.400881 0.722467
0 0.757709 0.678414 0.744493 0.678414 0.740088 0.682819 0.740088 0.691630 0.735683 0.696035 0.735683 0.700441 0.740088 0.704846 0.748899 0.704846 0.762115 0.691630 0.762115 0.682819
0 0.484582 0.669604 0.480176 0.665198 0.466960 0.665198 0.453745 0.678414 0.449339 0.678414 0.444934 0.682819 0.444934 0.687225 0.440529 0.691630 0.436123 0.691630 0.431718 0.696035 0.422908 0.696035 0.418502 0.700441 0.418502 0.704846 0.422908 0.709251 0.427313 0.709251 0.431718 0.704846 0.436123 0.704846 0.440529 0.700441 0.444934 0.700441 0.449339 0.696035 0.458150 0.696035 0.462555 0.691630 0.466960 0.691630 0.484582 0.674009
0 0.590308 0.616740 0.585903 0.616740 0.572687 0.629956 0.568282 0.629956 0.559471 0.638767 0.555066 0.638767 0.541850 0.651982 0.541850 0.669604 0.546256 0.674009 0.550661 0.674009 0.581498 0.643172 0.581498 0.638767 0.585903 0.634361 0.585903 0.629956 0.594714 0.621145
0 0.920705 0.603524 0.916300 0.607930 0.916300 0.621145 0.907489 0.629956 0.907489 0.643172 0.916300 0.651982 0.920705 0.651982 0.925110 0.656388 0.929515 0.656388 0.933921 0.660793 0.933921 0.665198 0.938326 0.669604 0.938326 0.674009 0.942731 0.678414 0.955947 0.678414 0.960352 0.674009 0.955947 0.669604 0.955947 0.656388 0.947137 0.647577 0.942731 0.647577 0.938326 0.643172 0.933921 0.643172 0.925110 0.634361 0.925110 0.616740 0.933921 0.607930 0.929515 0.603524
0 0.004405 0.603524 0.000000 0.607930 0.000000 0.612335 0.004405 0.616740 0.008811 0.616740 0.017621 0.625551 0.017621 0.629956 0.022026 0.634361 0.022026 0.647577 0.026432 0.651982 0.035242 0.651982 0.039648 0.647577 0.039648 0.643172 0.035242 0.638767 0.035242 0.625551 0.026432 0.616740 0.026432 0.612335 0.022026 0.607930 0.022026 0.603524 0.017621 0.599119 0.013216 0.599119 0.008811 0.603524
0 0.933921 0.568282 0.933921 0.572687 0.938326 0.577093 0.951542 0.577093 0.955947 0.572687 0.960352 0.577093 0.973568 0.577093 0.977974 0.581498 0.986784 0.581498 0.991189 0.585903 0.995595 0.585903 0.995595 0.568282 0.986784 0.568282 0.982379 0.572687 0.969163 0.572687 0.964758 0.568282 0.960352 0.568282 0.955947 0.572687 0.951542 0.568282 0.947137 0.568282 0.942731 0.563877 0.938326 0.563877
0 0.356828 0.550661 0.356828 0.572687 0.352423 0.577093 0.352423 0.585903 0.356828 0.590308 0.361233 0.590308 0.365639 0.594714 0.365639 0.603524 0.356828 0.612335 0.361233 0.616740 0.361233 0.621145 0.365639 0.625551 0.370044 0.621145 0.374449 0.621145 0.378855 0.616740 0.383260 0.616740 0.387665 0.612335 0.392070 0.616740 0.396476 0.612335 0.405286 0.612335 0.409692 0.616740 0.418502 0.616740 0.422908 0.621145 0.427313 0.621145 0.431718 0.625551 0.436123 0.621145 0.440529 0.625551 0.444934 0.621145 0.444934 0.612335 0.440529 0.607930 0.431718 0.607930 0.427313 0.612335 0.422908 0.607930 0.418502 0.607930 0.409692 0.599119 0.409692 0.590308 0.414097 0.585903 0.418502 0.585903 0.422908 0.581498 0.422908 0.577093 0.418502 0.572687 0.409692 0.572687 0.405286 0.577093 0.405286 0.581498 0.409692 0.585903 0.409692 0.594714 0.405286 0.599119 0.400881 0.599119 0.396476 0.603524 0.383260 0.603524 0.378855 0.599119 0.374449 0.599119 0.365639 0.590308 0.365639 0.572687 0.378855 0.559471 0.374449 0.555066 0.374449 0.550661 0.370044 0.546256 0.361233 0.546256
0 0.524229 0.533040 0.515419 0.533040 0.506608 0.541850 0.506608 0.550661 0.502203 0.555066 0.502203 0.563877 0.506608 0.568282 0.511013 0.568282 0.519824 0.559471 0.519824 0.555066 0.524229 0.550661 0.524229 0.546256 0.528634 0.541850 0.528634 0.537445
0 0.123348 0.528634 0.118943 0.524229 0.118943 0.519824 0.114537 0.515419 0.110132 0.515419 0.105727 0.519824 0.096916 0.519824 0.083700 0.533040 0.088106 0.537445 0.118943 0.537445 0.123348 0.533040
0 0.000000 0.506608 0.000000 0.524229 0.008811 0.524229 0.013216 0.528634 0.017621 0.528634 0.022026 0.533040 0.022026 0.541850 0.026432 0.546256 0.035242 0.546256 0.039648 0.541850 0.039648 0.537445 0.035242 0.533040 0.030837 0.533040 0.026432 0.528634 0.022026 0.528634 0.017621 0.524229 0.017621 0.515419 0.013216 0.511013 0.008811 0.511013 0.004405 0.506608
0 0.356828 0.502203 0.352423 0.497797 0.317181 0.497797 0.312775 0.502203 0.312775 0.506608 0.281938 0.537445 0.281938 0.550661 0.286344 0.555066 0.286344 0.559471 0.290749 0.563877 0.295154 0.563877 0.299559 0.559471 0.299559 0.550661 0.303965 0.546256 0.303965 0.541850 0.308370 0.537445 0.308370 0.533040 0.312775 0.528634 0.312775 0.515419 0.317181 0.511013 0.321586 0.511013 0.325991 0.506608 0.330396 0.506608 0.334802 0.511013 0.343612 0.511013 0.348018 0.515419 0.352423 0.515419 0.356828 0.511013
0 0.585903 0.444934 0.581498 0.444934 0.563877 0.462555 0.559471 0.462555 0.555066 0.466960 0.555066 0.471366 0.563877 0.480176 0.568282 0.475771 0.572687 0.480176 0.581498 0.471366 0.581498 0.458150 0.590308 0.449339
0 0.074890 0.431718 0.070485 0.436123 0.074890 0.440529 0.079295 0.440529 0.096916 0.458150 0.096916 0.466960 0.101322 0.471366 0.105727 0.466960 0.105727 0.458150 0.101322 0.453745 0.101322 0.440529 0.096916 0.436123 0.092511 0.436123 0.088106 0.431718
0 0.409692 0.422908 0.400881 0.431718 0.400881 0.440529 0.405286 0.444934 0.405286 0.453745 0.400881 0.458150 0.396476 0.458150 0.392070 0.462555 0.383260 0.462555 0.378855 0.466960 0.392070 0.480176 0.409692 0.480176 0.414097 0.484582 0.418502 0.484582 0.427313 0.493392 0.436123 0.493392 0.444934 0.484582 0.440529 0.480176 0.431718 0.480176 0.427313 0.475771 0.422908 0.480176 0.418502 0.475771 0.414097 0.475771 0.405286 0.466960 0.405286 0.458150 0.409692 0.453745 0.414097 0.453745 0.418502 0.449339 0.422908 0.449339 0.431718 0.440529 0.431718 0.436123 0.427313 0.431718 0.422908 0.431718 0.418502 0.427313 0.414097 0.427313
0 0.920705 0.422908 0.907489 0.414097 0.828194 0.515419 0.779736 0.528634 0.819383 0.528634 0.841410 0.559471 0.832599 0.585903 0.806167 0.612335 0.779736 0.621145 0.740088 0.621145 0.726872 0.612335 0.696035 0.621145 0.674009 0.612335 0.660793 0.638767 0.612335 0.651982 0.581498 0.678414 0.577093 0.709251 0.524229 0.775330 0.471366 0.801762 0.436123 0.841410 0.387665 0.850220 0.365639 0.876652 0.378855 0.903084 0.343612 0.938326 0.312775 0.920705 0.281938 0.867841 0.303965 0.819383 0.321586 0.806167 0.317181 0.797357 0.251101 0.863436 0.255507 0.876652 0.229075 0.889868 0.281938 0.925110 0.299559 0.955947 0.321586 0.947137 0.339207 0.964758 0.352423 0.955947 0.365639 0.960352 0.396476 0.920705 0.392070 0.903084 0.427313 0.885463 0.414097 0.876652 0.418502 0.863436 0.453745 0.837004 0.568282 0.788546 0.612335 0.731278 0.603524 0.718062 0.607930 0.704846 0.638767 0.682819 0.660793 0.709251 0.660793 0.665198 0.762115 0.625551 0.797357 0.634361 0.810573 0.656388 0.814978 0.616740 0.867841 0.555066 0.881057 0.563877 0.885463 0.585903 0.845815 0.629956 0.850220 0.674009 0.894273 0.696035 0.903084 0.687225 0.872247 0.678414 0.863436 0.656388 0.867841 0.621145 0.889868 0.599119 0.898678 0.550661 0.889868 0.541850 0.872247 0.555066 0.854626 0.541850 0.854626 0.528634 0.903084 0.502203 0.885463 0.480176
0 0.303965 0.396476 0.299559 0.400881 0.299559 0.409692 0.286344 0.422908 0.281938 0.422908 0.277533 0.427313 0.273128 0.427313 0.264317 0.436123 0.259912 0.436123 0.255507 0.440529 0.246696 0.440529 0.242291 0.436123 0.237885 0.436123 0.233480 0.440529 0.229075 0.440529 0.220264 0.449339 0.220264 0.475771 0.215859 0.480176 0.215859 0.493392 0.207048 0.502203 0.207048 0.506608 0.202643 0.511013 0.202643 0.515419 0.198238 0.519824 0.193833 0.519824 0.185022 0.528634 0.189427 0.533040 0.193833 0.533040 0.198238 0.528634 0.198238 0.519824 0.202643 0.515419 0.207048 0.515419 0.211454 0.511013 0.215859 0.511013 0.220264 0.506608 0.220264 0.502203 0.224670 0.497797 0.229075 0.497797 0.233480 0.493392 0.237885 0.493392 0.242291 0.488987 0.242291 0.480176 0.237885 0.475771 0.237885 0.462555 0.251101 0.449339 0.255507 0.449339 0.259912 0.444934 0.281938 0.444934 0.290749 0.436123 0.290749 0.427313 0.299559 0.418502 0.299559 0.409692 0.308370 0.400881
0 0.149780 0.396476 0.140969 0.405286 0.136564 0.405286 0.132159 0.409692 0.132159 0.414097 0.123348 0.422908 0.132159 0.431718 0.140969 0.431718 0.149780 0.422908 0.149780 0.414097 0.154185 0.409692 0.154185 0.400881
0 0.537445 0.374449 0.533040 0.370044 0.524229 0.378855 0.519824 0.378855 0.515419 0.383260 0.506608 0.383260 0.502203 0.378855 0.488987 0.378855 0.484582 0.383260 0.484582 0.396476 0.488987 0.400881 0.497797 0.400881 0.502203 0.396476 0.502203 0.392070 0.511013 0.383260 0.515419 0.383260 0.519824 0.378855 0.524229 0.378855 0.528634 0.383260
0 0.519824 0.325991 0.519824 0.330396 0.524229 0.334802 0.528634 0.334802 0.533040 0.330396 0.537445 0.334802 0.541850 0.334802 0.546256 0.339207 0.550661 0.339207 0.563877 0.352423 0.581498 0.352423 0.585903 0.348018 0.572687 0.334802 0.568282 0.334802 0.563877 0.339207 0.559471 0.339207 0.555066 0.334802 0.550661 0.334802 0.546256 0.330396 0.546256 0.325991 0.537445 0.317181 0.533040 0.317181 0.528634 0.321586 0.524229 0.321586
0 0.140969 0.308370 0.136564 0.308370 0.123348 0.321586 0.123348 0.330396 0.132159 0.339207 0.140969 0.339207 0.145374 0.334802 0.145374 0.312775
0 0.621145 0.290749 0.625551 0.295154 0.634361 0.295154 0.638767 0.290749 0.643172 0.295154 0.665198 0.295154 0.669604 0.290749 0.682819 0.290749 0.687225 0.295154 0.696035 0.295154 0.700441 0.290749 0.700441 0.281938 0.696035 0.277533 0.691630 0.277533 0.687225 0.281938 0.682819 0.281938 0.678414 0.286344 0.674009 0.281938 0.669604 0.281938 0.660793 0.273128 0.647577 0.273128 0.638767 0.281938 0.634361 0.281938 0.629956 0.286344 0.625551 0.286344
0 0.074890 0.290749 0.070485 0.286344 0.070485 0.277533 0.066079 0.273128 0.061674 0.273128 0.057269 0.277533 0.048458 0.277533 0.039648 0.286344 0.039648 0.290749 0.044053 0.295154 0.070485 0.295154
0 0.409692 0.268722 0.427313 0.286344 0.431718 0.286344 0.440529 0.295154 0.440529 0.299559 0.453745 0.312775 0.466960 0.312775 0.471366 0.308370 0.475771 0.308370 0.471366 0.308370 0.453745 0.290749 0.449339 0.290749 0.444934 0.286344 0.440529 0.286344 0.431718 0.277533 0.431718 0.264317 0.436123 0.259912 0.436123 0.255507 0.431718 0.251101 0.427313 0.251101
0 0.995595 0.220264 0.986784 0.229075 0.995595 0.255507 0.960352 0.273128 0.933921 0.273128 0.907489 0.259912 0.885463 0.237885 0.863436 0.237885 0.841410 0.259912 0.832599 0.295154 0.837004 0.334802 0.797357 0.392070 0.784141 0.400881 0.757709 0.392070 0.744493 0.414097 0.704846 0.436123 0.696035 0.462555 0.678414 0.462555 0.607930 0.506608 0.581498 0.533040 0.577093 0.550661 0.541850 0.599119 0.546256 0.603524 0.577093 0.577093 0.607930 0.577093 0.625551 0.590308 0.660793 0.555066 0.678414 0.546256 0.660793 0.541850 0.612335 0.581498 0.594714 0.568282 0.590308 0.537445 0.612335 0.515419 0.638767 0.502203 0.651982 0.511013 0.674009 0.502203 0.674009 0.480176 0.687225 0.466960 0.700441 0.462555 0.718062 0.471366 0.731278 0.436123 0.753304 0.418502 0.762115 0.422908 0.784141 0.400881 0.797357 0.409692 0.797357 0.427313 0.779736 0.440529 0.762115 0.440529 0.766520 0.471366 0.735683 0.493392 0.744493 0.502203 0.757709 0.493392 0.775330 0.502203 0.801762 0.466960 0.801762 0.431718 0.832599 0.405286 0.832599 0.383260 0.863436 0.370044 0.859031 0.361233 0.854626 0.365639 0.841410 0.356828 0.841410 0.343612 0.854626 0.334802 0.876652 0.343612 0.885463 0.330396 0.876652 0.325991 0.863436 0.334802 0.841410 0.312775 0.850220 0.264317 0.867841 0.251101 0.881057 0.251101 0.929515 0.281938 0.929515 0.290749 0.916300 0.299559 0.929515 0.312775 0.955947 0.281938 0.973568 0.286344 0.986784 0.308370 0.995595 0.303965
0 0.154185 0.193833 0.145374 0.193833 0.140969 0.198238 0.140969 0.202643 0.136564 0.207048 0.136564 0.211454 0.132159 0.215859 0.127753 0.215859 0.110132 0.233480 0.110132 0.237885 0.114537 0.242291 0.132159 0.242291 0.136564 0.237885 0.136564 0.229075 0.140969 0.224670 0.140969 0.220264 0.158590 0.202643 0.158590 0.198238
0 0.026432 0.171806 0.013216 0.185022 0.008811 0.185022 0.004405 0.189427 0.000000 0.189427 0.000000 0.207048 0.013216 0.207048 0.026432 0.193833 0.026432 0.185022 0.030837 0.180617 0.030837 0.176211
0 0.753304 0.167401 0.748899 0.171806 0.748899 0.180617 0.753304 0.185022 0.757709 0.185022 0.770925 0.198238 0.775330 0.198238 0.779736 0.193833 0.779736 0.185022 0.775330 0.180617 0.770925 0.180617 0.757709 0.167401
0 0.361233 0.162996 0.356828 0.167401 0.352423 0.162996 0.348018 0.167401 0.348018 0.171806 0.343612 0.176211 0.343612 0.189427 0.348018 0.193833 0.356828 0.193833 0.365639 0.185022 0.365639 0.180617 0.370044 0.176211 0.370044 0.171806
0 0.704846 0.158590 0.696035 0.158590 0.691630 0.162996 0.691630 0.171806 0.687225 0.176211 0.687225 0.185022 0.682819 0.189427 0.691630 0.198238 0.718062 0.171806 0.718062 0.167401 0.713656 0.162996 0.709251 0.162996
0 0.837004 0.140969 0.832599 0.136564 0.828194 0.140969 0.819383 0.140969 0.814978 0.145374 0.797357 0.145374 0.792952 0.149780 0.797357 0.154185 0.806167 0.154185 0.810573 0.158590 0.823789 0.158590 0.837004 0.145374
0 0.374449 0.136564 0.378855 0.140969 0.383260 0.140969 0.392070 0.149780 0.409692 0.149780 0.414097 0.154185 0.418502 0.154185 0.431718 0.167401 0.436123 0.167401 0.440529 0.162996 0.440529 0.145374 0.436123 0.140969 0.422908 0.140969 0.418502 0.145374 0.414097 0.145374 0.409692 0.140969 0.405286 0.140969 0.400881 0.136564 0.396476 0.136564 0.392070 0.132159 0.378855 0.132159
0 0.872247 0.127753 0.876652 0.132159 0.898678 0.132159 0.903084 0.136564 0.911894 0.136564 0.916300 0.132159 0.920705 0.132159 0.929515 0.123348 0.933921 0.123348 0.938326 0.118943 0.942731 0.118943 0.947137 0.123348 0.955947 0.123348 0.960352 0.118943 0.955947 0.114537 0.947137 0.114537 0.942731 0.118943 0.938326 0.118943 0.933921 0.123348 0.929515 0.118943 0.925110 0.118943 0.920705 0.114537 0.903084 0.114537 0.898678 0.118943 0.889868 0.118943 0.885463 0.123348 0.876652 0.123348
0 0.735683 0.096916 0.726872 0.105727 0.722467 0.105727 0.718062 0.110132 0.718062 0.114537 0.722467 0.118943 0.731278 0.118943 0.735683 0.123348 0.740088 0.123348 0.753304 0.110132 0.744493 0.101322 0.740088 0.101322
0 0.048458 0.105727 0.052863 0.110132 0.057269 0.105727 0.061674 0.105727 0.066079 0.101322 0.092511 0.101322 0.101322 0.092511 0.096916 0.088106 0.066079 0.088106 0.061674 0.092511 0.052863 0.092511 0.048458 0.096916
0 0.779736 0.079295 0.775330 0.083700 0.775330 0.088106 0.770925 0.092511 0.775330 0.096916 0.775330 0.105727 0.784141 0.114537 0.788546 0.114537 0.792952 0.110132 0.797357 0.114537 0.801762 0.110132 0.801762 0.105727 0.797357 0.101322 0.797357 0.096916 0.788546 0.088106 0.788546 0.083700 0.784141 0.079295
0 0.264317 0.074890 0.264317 0.079295 0.268722 0.083700 0.273128 0.083700 0.277533 0.079295 0.281938 0.079295 0.286344 0.083700 0.290749 0.083700 0.295154 0.088106 0.295154 0.092511 0.308370 0.105727 0.317181 0.105727 0.321586 0.110132 0.325991 0.110132 0.330396 0.114537 0.330396 0.127753 0.339207 0.136564 0.343612 0.132159 0.343612 0.127753 0.348018 0.123348 0.343612 0.118943 0.343612 0.110132 0.334802 0.101322 0.330396 0.101322 0.325991 0.096916 0.325991 0.088106 0.321586 0.083700 0.317181 0.083700 0.312775 0.079295 0.308370 0.079295 0.303965 0.074890 0.295154 0.074890 0.290749 0.079295 0.281938 0.079295 0.277533 0.074890 0.273128 0.074890 0.268722 0.070485
0 0.374449 0.070485 0.374449 0.079295 0.392070 0.096916 0.405286 0.096916 0.409692 0.092511 0.414097 0.096916 0.418502 0.096916 0.422908 0.101322 0.422908 0.110132 0.431718 0.118943 0.440529 0.118943 0.444934 0.114537 0.444934 0.088106 0.440529 0.083700 0.431718 0.092511 0.427313 0.092511 0.422908 0.096916 0.418502 0.096916 0.414097 0.092511 0.409692 0.092511 0.405286 0.088106 0.400881 0.088106 0.378855 0.066079
0 0.867841 0.092511 0.872247 0.096916 0.876652 0.092511 0.876652 0.083700 0.881057 0.079295 0.885463 0.079295 0.889868 0.074890 0.894273 0.074890 0.898678 0.079295 0.903084 0.079295 0.907489 0.083700 0.911894 0.079295 0.916300 0.079295 0.920705 0.074890 0.920705 0.066079 0.916300 0.061674 0.876652 0.061674 0.872247 0.066079 0.872247 0.083700 0.867841 0.088106
0 0.550661 0.035242 0.559471 0.044053 0.563877 0.044053 0.568282 0.039648 0.572687 0.039648 0.577093 0.035242 0.581498 0.035242 0.585903 0.030837 0.590308 0.030837 0.594714 0.035242 0.599119 0.035242 0.607930 0.044053 0.612335 0.044053 0.616740 0.039648 0.616740 0.035242 0.612335 0.030837 0.607930 0.030837 0.603524 0.026432 0.599119 0.026432 0.594714 0.030837 0.590308 0.026432 0.585903 0.026432 0.581498 0.022026 0.577093 0.026432 0.559471 0.026432
0 0.281938 0.026432 0.281938 0.035242 0.286344 0.039648 0.295154 0.039648 0.299559 0.035242 0.303965 0.035242 0.308370 0.030837 0.321586 0.030837 0.325991 0.035242 0.330396 0.035242 0.339207 0.044053 0.343612 0.044053 0.352423 0.035242 0.352423 0.030837 0.348018 0.026432 0.343612 0.026432 0.339207 0.022026 0.334802 0.022026 0.330396 0.017621 0.325991 0.017621 0.321586 0.013216 0.295154 0.013216
0 0.792952 0.000000 0.792952 0.013216 0.797357 0.017621 0.801762 0.017621 0.806167 0.022026 0.806167 0.035242 0.810573 0.039648 0.810573 0.044053 0.814978 0.048458 0.819383 0.044053 0.823789 0.048458 0.828194 0.044053 0.828194 0.030837 0.823789 0.026432 0.819383 0.026432 0.814978 0.022026 0.810573 0.022026 0.806167 0.017621 0.806167 0.000000
0 0.757709 0.000000 0.757709 0.004405 0.753304 0.008811 0.748899 0.008811 0.740088 0.017621 0.740088 0.035242 0.735683 0.039648 0.731278 0.039648 0.722467 0.048458 0.726872 0.052863 0.735683 0.052863 0.740088 0.048458 0.740088 0.039648 0.748899 0.030837 0.753304 0.030837 0.757709 0.026432 0.757709 0.017621 0.762115 0.013216 0.762115 0.008811 0.757709 0.004405
0 0.211454 0.000000 0.211454 0.013216 0.215859 0.017621 0.215859 0.030837 0.211454 0.035242 0.207048 0.035242 0.211454 0.039648 0.215859 0.039648 0.220264 0.044053 0.229075 0.035242 0.229075 0.022026 0.224670 0.017621 0.224670 0.013216 0.220264 0.008811 0.220264 0.000000
0 0.123348 0.000000 0.123348 0.008811 0.118943 0.013216 0.127753 0.022026 0.140969 0.022026 0.145374 0.017621 0.149780 0.017621 0.154185 0.022026 0.158590 0.022026 0.167401 0.030837 0.171806 0.030837 0.176211 0.035242 0.180617 0.035242 0.189427 0.044053 0.193833 0.039648 0.198238 0.039648 0.198238 0.035242 0.193833 0.035242 0.185022 0.026432 0.185022 0.017621 0.180617 0.013216 0.171806 0.013216 0.167401 0.017621 0.162996 0.017621 0.158590 0.022026 0.154185 0.022026 0.149780 0.017621 0.145374 0.017621 0.140969 0.013216 0.140969 0.000000
0 0.048458 0.017621 0.035242 0.004405 0.035242 0.000000 0.026432 0.000000 0.026432 0.008811 0.022026 0.013216 0.022026 0.017621 0.017621 0.022026 0.013216 0.022026 0.008811 0.026432 0.000000 0.026432 0.000000 0.035242 0.004405 0.035242 0.008811 0.030837 0.013216 0.030837 0.017621 0.026432 0.022026 0.026432 0.026432 0.022026 0.035242 0.022026 0.039648 0.026432 0.044053 0.026432 0.048458 0.022026
