0 0.863436 0.964758 0.850220 0.951542 0.845815 0.951542 0.823789 0.973568 0.823789 0.977974 0.814978 0.986784 0.814978 0.995595 0.859031 0.995595 0.859031 0.973568 0.863436 0.969163
0 0.682819 0.854626 0.678414 0.859031 0.678414 0.876652 0.687225 0.885463 0.696035 0.885463 0.700441 0.881057 0.700441 0.867841 0.687225 0.854626
0 0.995595 0.845815 0.991189 0.845815 0.982379 0.854626 0.977974 0.854626 0.969163 0.863436 0.969163 0.872247 0.973568 0.876652 0.977974 0.876652 0.986784 0.867841 0.991189 0.867841 0.995595 0.863436
0 0.444934 0.845815 0.440529 0.841410 0.436123 0.841410 0.418502 0.859031 0.414097 0.859031 0.409692 0.863436 0.405286 0.859031 0.392070 0.859031 0.378855 0.872247 0.378855 0.876652 0.383260 0.881057 0.387665 0.881057 0.396476 0.872247 0.400881 0.872247 0.405286 0.867841 0.409692 0.867841 0.414097 0.863436 0.418502 0.863436 0.422908 0.867841 0.427313 0.867841 0.431718 0.863436 0.436123 0.863436 0.440529 0.859031 0.440529 0.850220
0 0.308370 0.828194 0.321586 0.841410 0.325991 0.841410 0.330396 0.837004 0.334802 0.837004 0.343612 0.828194 0.334802 0.819383 0.317181 0.819383
0 0.995595 0.810573 0.991189 0.810573 0.986784 0.814978 0.982379 0.814978 0.977974 0.819383 0.973568 0.819383 0.969163 0.823789 0.964758 0.823789 0.960352 0.828194 0.955947 0.828194 0.929515 0.854626 0.929515 0.872247 0.920705 0.881057 0.920705 0.885463 0.911894 0.894273 0.911894 0.898678 0.907489 0.903084 0.903084 0.903084 0.898678 0.907489 0.894273 0.903084 0.881057 0.916300 0.881057 0.925110 0.894273 0.938326 0.903084 0.938326 0.907489 0.933921 0.907489 0.929515 0.916300 0.920705 0.916300 0.911894 0.920705 0.907489 0.920705 0.903084 0.925110 0.898678 0.925110 0.894273 0.929515 0.889868 0.929515 0.885463 0.938326 0.876652 0.938326 0.872247 0.942731 0.867841 0.942731 0.854626 0.960352 0.837004 0.964758 0.837004 0.969163 0.832599 0.973568 0.832599 0.977974 0.828194 0.982379 0.828194 0.986784 0.823789 0.991189 0.823789 0.995595 0.819383
0 0.744493 0.651982 0.740088 0.656388 0.740088 0.669604 0.731278 0.678414 0.726872 0.678414 0.722467 0.682819 0.709251 0.682819 0.704846 0.687225 0.713656 0.696035 0.718062 0.696035 0.722467 0.700441 0.731278 0.700441 0.735683 0.696035 0.748899 0.696035 0.753304 0.691630 0.753304 0.678414 0.748899 0.674009 0.748899 0.656388
0 0.806167 0.647577 0.801762 0.651982 0.801762 0.656388 0.806167 0.660793 0.810573 0.660793 0.814978 0.665198 0.819383 0.665198 0.823789 0.669604 0.823789 0.678414 0.828194 0.682819 0.828194 0.687225 0.832599 0.691630 0.837004 0.691630 0.841410 0.696035 0.841410 0.704846 0.837004 0.709251 0.837004 0.718062 0.841410 0.722467 0.845815 0.722467 0.854626 0.731278 0.859031 0.731278 0.863436 0.726872 0.863436 0.718062 0.867841 0.713656 0.863436 0.709251 0.859031 0.709251 0.854626 0.704846 0.850220 0.704846 0.841410 0.696035 0.841410 0.687225 0.845815 0.682819 0.845815 0.678414 0.841410 0.674009 0.837004 0.674009 0.832599 0.669604 0.828194 0.669604 0.819383 0.660793 0.819383 0.656388 0.814978 0.651982 0.810573 0.651982
0 0.995595 0.660793 0.977974 0.656388 0.977974 0.634361 0.964758 0.629956 0.942731 0.674009 0.911894 0.696035 0.854626 0.770925 0.819383 0.788546 0.788546 0.766520 0.797357 0.797357 0.775330 0.810573 0.718062 0.806167 0.700441 0.792952 0.643172 0.797357 0.599119 0.779736 0.603524 0.757709 0.656388 0.744493 0.621145 0.731278 0.651982 0.687225 0.625551 0.709251 0.599119 0.709251 0.616740 0.731278 0.603524 0.748899 0.550661 0.718062 0.546256 0.740088 0.528634 0.753304 0.462555 0.748899 0.444934 0.762115 0.414097 0.744493 0.343612 0.731278 0.321586 0.704846 0.259912 0.731278 0.220264 0.700441 0.185022 0.709251 0.145374 0.691630 0.105727 0.704846 0.079295 0.696035 0.061674 0.713656 0.000000 0.704846 0.000000 0.748899 0.039648 0.740088 0.330396 0.748899 0.361233 0.766520 0.361233 0.784141 0.378855 0.766520 0.436123 0.792952 0.502203 0.779736 0.546256 0.806167 0.612335 0.810573 0.647577 0.828194 0.718062 0.828194 0.757709 0.863436 0.700441 0.942731 0.629956 0.969163 0.674009 0.964758 0.687225 0.973568 0.682819 0.995595 0.718062 0.995595 0.735683 0.964758 0.819383 0.889868 0.898678 0.859031 0.872247 0.845815 0.845815 0.859031 0.801762 0.845815 0.784141 0.854626 0.770925 0.845815 0.770925 0.823789 0.819383 0.801762 0.850220 0.814978 0.841410 0.788546 0.876652 0.762115 0.942731 0.678414 0.973568 0.678414
0 0.581498 0.616740 0.572687 0.625551 0.572687 0.629956 0.550661 0.651982 0.559471 0.660793 0.563877 0.660793 0.572687 0.651982 0.572687 0.643172 0.577093 0.638767 0.577093 0.629956 0.585903 0.621145
0 0.392070 0.599119 0.387665 0.599119 0.378855 0.607930 0.378855 0.616740 0.383260 0.621145 0.383260 0.625551 0.387665 0.629956 0.387665 0.638767 0.378855 0.647577 0.374449 0.647577 0.370044 0.651982 0.370044 0.656388 0.365639 0.660793 0.361233 0.660793 0.352423 0.669604 0.352423 0.682819 0.356828 0.687225 0.361233 0.682819 0.365639 0.682819 0.370044 0.687225 0.374449 0.682819 0.374449 0.678414 0.392070 0.660793 0.392070 0.651982 0.387665 0.647577 0.387665 0.638767 0.400881 0.625551 0.392070 0.616740 0.392070 0.607930 0.396476 0.603524
0 0.555066 0.577093 0.550661 0.577093 0.546256 0.581498 0.541850 0.581498 0.537445 0.585903 0.533040 0.585903 0.528634 0.590308 0.524229 0.590308 0.519824 0.585903 0.515419 0.585903 0.506608 0.594714 0.506608 0.612335 0.502203 0.616740 0.502203 0.629956 0.506608 0.634361 0.511013 0.634361 0.519824 0.625551 0.519824 0.621145 0.524229 0.616740 0.524229 0.612335 0.528634 0.607930 0.528634 0.603524 0.533040 0.599119 0.537445 0.599119 0.541850 0.594714 0.546256 0.599119 0.555066 0.590308 0.555066 0.585903 0.559471 0.581498
0 0.713656 0.594714 0.713656 0.590308 0.704846 0.581498 0.700441 0.585903 0.691630 0.585903 0.687225 0.581498 0.682819 0.581498 0.678414 0.577093 0.674009 0.577093 0.665198 0.568282 0.660793 0.572687 0.651982 0.572687 0.647577 0.577093 0.643172 0.577093 0.638767 0.581498 0.634361 0.581498 0.629956 0.577093 0.612335 0.577093 0.607930 0.572687 0.603524 0.572687 0.599119 0.577093 0.594714 0.572687 0.585903 0.581498 0.585903 0.590308 0.594714 0.599119 0.603524 0.599119 0.607930 0.594714 0.612335 0.594714 0.616740 0.590308 0.621145 0.594714 0.625551 0.590308 0.638767 0.590308 0.643172 0.594714 0.660793 0.594714 0.665198 0.590308 0.669604 0.590308 0.674009 0.585903 0.682819 0.585903 0.687225 0.590308 0.691630 0.590308 0.700441 0.599119 0.709251 0.599119
0 0.748899 0.603524 0.757709 0.612335 0.810573 0.612335 0.814978 0.607930 0.850220 0.607930 0.863436 0.594714 0.867841 0.594714 0.872247 0.590308 0.876652 0.590308 0.889868 0.599119 0.898678 0.599119 0.903084 0.594714 0.911894 0.594714 0.916300 0.590308 0.920705 0.590308 0.933921 0.599119 0.955947 0.599119 0.964758 0.590308 0.964758 0.585903 0.977974 0.577093 0.982379 0.577093 0.986784 0.581498 0.995595 0.581498 0.995595 0.546256 0.986784 0.546256 0.977974 0.555066 0.973568 0.555066 0.969163 0.559471 0.938326 0.559471 0.933921 0.555066 0.925110 0.555066 0.920705 0.550661 0.881057 0.550661 0.876652 0.546256 0.872247 0.546256 0.867841 0.541850 0.863436 0.541850 0.859031 0.537445 0.854626 0.537445 0.850220 0.541850 0.841410 0.541850 0.837004 0.546256 0.845815 0.555066 0.845815 0.559471 0.850220 0.563877 0.854626 0.563877 0.867841 0.577093 0.867841 0.585903 0.863436 0.590308 0.859031 0.590308 0.854626 0.594714 0.850220 0.590308 0.814978 0.590308 0.810573 0.594714 0.753304 0.594714 0.748899 0.599119
0 0.149780 0.524229 0.140969 0.515419 0.136564 0.519824 0.132159 0.519824 0.127753 0.524229 0.123348 0.524229 0.118943 0.528634 0.118943 0.533040 0.123348 0.537445 0.127753 0.537445 0.132159 0.541850 0.140969 0.541850 0.149780 0.533040
0 0.229075 0.462555 0.224670 0.462555 0.220264 0.466960 0.220264 0.471366 0.224670 0.475771 0.224670 0.488987 0.220264 0.493392 0.220264 0.511013 0.211454 0.519824 0.211454 0.533040 0.215859 0.537445 0.220264 0.537445 0.229075 0.528634 0.229075 0.506608 0.233480 0.502203 0.237885 0.502203 0.242291 0.497797 0.242291 0.484582 0.237885 0.480176 0.237885 0.475771 0.233480 0.471366 0.233480 0.466960
0 0.660793 0.466960 0.665198 0.471366 0.691630 0.471366 0.696035 0.466960 0.700441 0.466960 0.704846 0.462555 0.709251 0.462555 0.713656 0.458150 0.718062 0.458150 0.713656 0.458150 0.709251 0.453745 0.704846 0.458150 0.700441 0.458150 0.696035 0.453745 0.682819 0.453745 0.678414 0.458150 0.665198 0.458150 0.660793 0.462555
0 0.537445 0.449339 0.537445 0.466960 0.546256 0.475771 0.550661 0.475771 0.563877 0.462555 0.568282 0.462555 0.572687 0.458150 0.568282 0.458150 0.555066 0.444934 0.550661 0.449339 0.546256 0.444934 0.541850 0.444934
0 0.801762 0.418502 0.792952 0.427313 0.792952 0.431718 0.788546 0.436123 0.788546 0.440529 0.784141 0.444934 0.784141 0.449339 0.792952 0.458150 0.797357 0.458150 0.801762 0.453745 0.801762 0.440529 0.806167 0.436123 0.806167 0.422908
0 0.898678 0.409692 0.894273 0.414097 0.889868 0.414097 0.885463 0.418502 0.885463 0.422908 0.881057 0.427313 0.881057 0.431718 0.876652 0.436123 0.876652 0.440529 0.872247 0.444934 0.872247 0.453745 0.885463 0.466960 0.889868 0.462555 0.889868 0.458150 0.894273 0.453745 0.894273 0.440529 0.907489 0.427313 0.907489 0.418502
0 0.396476 0.400881 0.392070 0.405286 0.392070 0.409692 0.387665 0.414097 0.396476 0.422908 0.396476 0.436123 0.387665 0.444934 0.383260 0.444934 0.378855 0.449339 0.370044 0.449339 0.365639 0.444934 0.356828 0.444934 0.352423 0.449339 0.352423 0.458150 0.356828 0.462555 0.370044 0.462555 0.378855 0.453745 0.383260 0.453745 0.387665 0.449339 0.392070 0.449339 0.396476 0.453745 0.405286 0.453745 0.409692 0.449339 0.405286 0.444934 0.405286 0.440529 0.400881 0.436123 0.400881 0.422908 0.405286 0.418502 0.405286 0.414097 0.400881 0.409692 0.400881 0.405286
0 0.224670 0.396476 0.220264 0.400881 0.220264 0.418502 0.224670 0.422908 0.233480 0.422908 0.242291 0.414097 0.242291 0.400881 0.237885 0.396476
0 0.629956 0.378855 0.625551 0.383260 0.625551 0.414097 0.634361 0.422908 0.647577 0.422908 0.651982 0.418502 0.651982 0.405286 0.638767 0.392070 0.638767 0.383260 0.634361 0.378855
0 0.528634 0.365639 0.524229 0.361233 0.515419 0.361233 0.511013 0.365639 0.511013 0.370044 0.506608 0.374449 0.502203 0.374449 0.497797 0.378855 0.475771 0.378855 0.466960 0.387665 0.471366 0.392070 0.475771 0.392070 0.480176 0.396476 0.497797 0.396476 0.502203 0.392070 0.506608 0.392070 0.519824 0.378855 0.524229 0.378855 0.528634 0.374449
0 0.863436 0.334802 0.859031 0.330396 0.854626 0.330396 0.850220 0.334802 0.828194 0.334802 0.814978 0.348018 0.814978 0.352423 0.810573 0.356828 0.810573 0.361233 0.806167 0.365639 0.801762 0.365639 0.788546 0.378855 0.788546 0.387665 0.792952 0.392070 0.797357 0.392070 0.828194 0.361233 0.832599 0.361233 0.837004 0.356828 0.841410 0.356828 0.850220 0.348018 0.854626 0.348018 0.863436 0.339207
0 0.233480 0.321586 0.229075 0.325991 0.224670 0.325991 0.220264 0.330396 0.215859 0.330396 0.215859 0.334802 0.220264 0.334802 0.229075 0.343612 0.229075 0.356828 0.224670 0.361233 0.229075 0.365639 0.242291 0.365639 0.246696 0.361233 0.242291 0.356828 0.242291 0.334802 0.246696 0.330396 0.237885 0.321586
0 0.995595 0.295154 0.991189 0.299559 0.986784 0.299559 0.982379 0.303965 0.977974 0.303965 0.973568 0.308370 0.964758 0.308370 0.955947 0.317181 0.951542 0.317181 0.947137 0.321586 0.951542 0.325991 0.951542 0.330396 0.960352 0.339207 0.969163 0.330396 0.969163 0.325991 0.973568 0.321586 0.977974 0.321586 0.982379 0.317181 0.995595 0.317181
0 0.026432 0.295154 0.017621 0.303965 0.026432 0.312775 0.026432 0.317181 0.030837 0.321586 0.035242 0.321586 0.039648 0.325991 0.044053 0.321586 0.044053 0.317181 0.048458 0.312775 0.048458 0.308370 0.035242 0.295154
0 0.515419 0.281938 0.511013 0.286344 0.511013 0.290749 0.524229 0.303965 0.528634 0.303965 0.533040 0.308370 0.537445 0.308370 0.541850 0.312775 0.541850 0.317181 0.546256 0.321586 0.550661 0.321586 0.555066 0.317181 0.555066 0.312775 0.550661 0.308370 0.546256 0.308370 0.541850 0.303965 0.537445 0.303965 0.533040 0.299559 0.533040 0.290749 0.524229 0.281938
0 0.409692 0.290749 0.405286 0.286344 0.400881 0.286344 0.396476 0.281938 0.387665 0.290749 0.383260 0.290749 0.365639 0.308370 0.365639 0.312775 0.374449 0.321586 0.378855 0.321586 0.383260 0.317181 0.392070 0.317181 0.396476 0.312775 0.400881 0.312775 0.409692 0.303965
0 0.629956 0.286344 0.634361 0.290749 0.634361 0.299559 0.638767 0.303965 0.647577 0.295154 0.651982 0.295154 0.665198 0.281938 0.660793 0.277533 0.638767 0.277533
0 0.621145 0.237885 0.603524 0.237885 0.581498 0.259912 0.581498 0.264317 0.577093 0.268722 0.577093 0.286344 0.581498 0.290749 0.585903 0.290749 0.599119 0.277533 0.599119 0.273128 0.603524 0.268722 0.603524 0.264317 0.612335 0.255507 0.616740 0.255507 0.625551 0.246696 0.625551 0.242291
0 0.643172 0.171806 0.638767 0.167401 0.629956 0.167401 0.625551 0.171806 0.621145 0.171806 0.616740 0.176211 0.612335 0.176211 0.607930 0.171806 0.603524 0.176211 0.599119 0.176211 0.594714 0.180617 0.594714 0.189427 0.590308 0.193833 0.594714 0.198238 0.607930 0.185022 0.612335 0.185022 0.616740 0.180617 0.621145 0.180617 0.625551 0.176211 0.629956 0.180617 0.638767 0.180617 0.643172 0.176211
0 0.559471 0.114537 0.555066 0.118943 0.555066 0.123348 0.550661 0.127753 0.546256 0.127753 0.541850 0.132159 0.537445 0.132159 0.533040 0.136564 0.528634 0.136564 0.524229 0.140969 0.524229 0.145374 0.533040 0.154185 0.541850 0.154185 0.555066 0.140969 0.555066 0.132159 0.563877 0.123348 0.563877 0.118943
0 0.669604 0.101322 0.660793 0.092511 0.651982 0.092511 0.647577 0.096916 0.643172 0.096916 0.638767 0.101322 0.638767 0.110132 0.643172 0.114537 0.651982 0.114537 0.656388 0.110132 0.660793 0.114537 0.669604 0.105727
0 0.246696 0.096916 0.242291 0.092511 0.233480 0.092511 0.224670 0.101322 0.224670 0.114537 0.220264 0.118943 0.215859 0.118943 0.211454 0.123348 0.207048 0.123348 0.202643 0.118943 0.198238 0.123348 0.202643 0.127753 0.207048 0.123348 0.211454 0.123348 0.215859 0.127753 0.220264 0.127753 0.224670 0.123348 0.229075 0.123348 0.233480 0.118943 0.237885 0.118943 0.246696 0.110132
0 0.704846 0.079295 0.700441 0.083700 0.700441 0.088106 0.696035 0.092511 0.696035 0.096916 0.704846 0.105727 0.713656 0.105727 0.718062 0.101322 0.718062 0.096916 0.722467 0.092511 0.722467 0.083700 0.718062 0.079295
0 0.850220 0.074890 0.841410 0.083700 0.841410 0.096916 0.837004 0.101322 0.837004 0.105727 0.828194 0.114537 0.823789 0.114537 0.819383 0.118943 0.814978 0.118943 0.810573 0.123348 0.810573 0.127753 0.814978 0.132159 0.814978 0.136564 0.819383 0.140969 0.823789 0.136564 0.823789 0.127753 0.841410 0.110132 0.841410 0.105727 0.845815 0.101322 0.845815 0.092511 0.854626 0.083700 0.854626 0.079295
0 0.484582 0.079295 0.480176 0.074890 0.475771 0.074890 0.471366 0.070485 0.462555 0.079295 0.458150 0.079295 0.453745 0.083700 0.453745 0.088106 0.462555 0.096916 0.475771 0.096916 0.484582 0.088106
0 0.925110 0.066079 0.920705 0.061674 0.916300 0.066079 0.911894 0.066079 0.898678 0.079295 0.894273 0.079295 0.889868 0.083700 0.889868 0.088106 0.894273 0.092511 0.898678 0.092511 0.903084 0.088106 0.916300 0.088106 0.920705 0.083700 0.920705 0.074890 0.925110 0.070485
0 0.524229 0.039648 0.528634 0.044053 0.533040 0.044053 0.537445 0.048458 0.555066 0.048458 0.559471 0.044053 0.563877 0.044053 0.568282 0.048458 0.572687 0.048458 0.581498 0.057269 0.590308 0.057269 0.599119 0.048458 0.599119 0.039648 0.594714 0.035242 0.577093 0.035242 0.572687 0.039648 0.568282 0.035242 0.563877 0.035242 0.555066 0.026432 0.541850 0.026432 0.533040 0.035242 0.528634 0.035242
0 0.171806 0.000000 0.171806 0.004405 0.167401 0.008811 0.167401 0.017621 0.158590 0.026432 0.158590 0.035242 0.154185 0.039648 0.167401 0.052863 0.167401 0.061674 0.158590 0.070485 0.158590 0.074890 0.167401 0.083700 0.167401 0.092511 0.176211 0.101322 0.185022 0.101322 0.189427 0.096916 0.185022 0.092511 0.185022 0.088106 0.180617 0.083700 0.180617 0.079295 0.171806 0.070485 0.171806 0.066079 0.167401 0.061674 0.167401 0.048458 0.180617 0.035242 0.180617 0.030837 0.185022 0.026432 0.185022 0.000000
