0 0.960352 0.955947 0.955947 0.960352 0.955947 0.969163 0.960352 0.973568 0.960352 0.977974 0.973568 0.991189 0.973568 0.995595 0.982379 0.995595 0.982379 0.982379 0.977974 0.977974 0.977974 0.969163 0.973568 0.964758 0.969163 0.964758
0 0.806167 0.955947 0.801762 0.960352 0.797357 0.960352 0.797357 0.964758 0.806167 0.973568 0.806167 0.982379 0.814978 0.991189 0.814978 0.995595 0.814978 0.991189 0.832599 0.973568 0.823789 0.964758 0.819383 0.964758 0.814978 0.960352 0.810573 0.960352
0 0.775330 0.947137 0.766520 0.947137 0.757709 0.955947 0.757709 0.964758 0.762115 0.969163 0.762115 0.982379 0.757709 0.986784 0.757709 0.995595 0.775330 0.995595 0.770925 0.991189 0.770925 0.986784 0.762115 0.977974 0.762115 0.969163 0.766520 0.964758 0.770925 0.964758 0.775330 0.960352 0.779736 0.960352 0.779736 0.951542
0 0.594714 0.938326 0.590308 0.938326 0.585903 0.942731 0.585903 0.947137 0.581498 0.951542 0.581498 0.969163 0.577093 0.973568 0.581498 0.977974 0.585903 0.977974 0.594714 0.969163 0.594714 0.955947 0.599119 0.951542 0.599119 0.942731
0 0.700441 0.911894 0.696035 0.916300 0.696035 0.929515 0.700441 0.933921 0.700441 0.942731 0.704846 0.947137 0.704846 0.964758 0.709251 0.969163 0.713656 0.964758 0.713656 0.955947 0.718062 0.951542 0.718062 0.938326 0.713656 0.933921 0.713656 0.925110 0.709251 0.920705 0.709251 0.916300 0.704846 0.911894
0 0.052863 0.885463 0.048458 0.881057 0.039648 0.881057 0.035242 0.885463 0.035242 0.894273 0.030837 0.898678 0.026432 0.898678 0.022026 0.903084 0.013216 0.903084 0.008811 0.898678 0.004405 0.898678 0.000000 0.894273 0.000000 0.916300 0.008811 0.916300 0.013216 0.911894 0.017621 0.916300 0.022026 0.916300 0.030837 0.907489 0.030837 0.903084 0.035242 0.898678 0.039648 0.898678 0.044053 0.894273 0.048458 0.894273 0.052863 0.889868
0 0.753304 0.841410 0.744493 0.850220 0.744493 0.863436 0.766520 0.885463 0.770925 0.885463 0.775330 0.881057 0.775330 0.876652 0.766520 0.867841 0.766520 0.859031 0.770925 0.854626 0.770925 0.850220 0.766520 0.845815 0.757709 0.845815
0 0.568282 0.792952 0.559471 0.801762 0.559471 0.814978 0.563877 0.819383 0.572687 0.819383 0.577093 0.814978 0.581498 0.814978 0.585903 0.819383 0.590308 0.819383 0.599119 0.828194 0.603524 0.828194 0.607930 0.832599 0.607930 0.876652 0.603524 0.881057 0.621145 0.898678 0.621145 0.903084 0.625551 0.907489 0.625551 0.916300 0.634361 0.925110 0.634361 0.938326 0.638767 0.942731 0.638767 0.947137 0.643172 0.951542 0.651982 0.951542 0.660793 0.942731 0.647577 0.929515 0.643172 0.929515 0.634361 0.920705 0.634361 0.907489 0.621145 0.894273 0.621145 0.889868 0.616740 0.885463 0.616740 0.867841 0.625551 0.859031 0.625551 0.850220 0.616740 0.841410 0.612335 0.841410 0.607930 0.837004 0.607930 0.806167 0.603524 0.801762 0.594714 0.810573 0.590308 0.810573 0.585903 0.814978 0.581498 0.810573 0.577093 0.810573 0.572687 0.806167 0.572687 0.797357
0 0.356828 0.806167 0.339207 0.797357 0.330396 0.779736 0.321586 0.784141 0.308370 0.801762 0.303965 0.801762 0.317181 0.819383 0.317181 0.832599 0.303965 0.841410 0.299559 0.837004 0.295154 0.841410 0.299559 0.845815 0.303965 0.841410 0.321586 0.845815 0.325991 0.850220 0.325991 0.867841 0.299559 0.885463 0.290749 0.885463 0.286344 0.881057 0.264317 0.903084 0.259912 0.947137 0.220264 0.973568 0.211454 0.969163 0.193833 0.977974 0.171806 0.964758 0.162996 0.955947 0.162996 0.942731 0.180617 0.929515 0.198238 0.938326 0.202643 0.933921 0.202643 0.925110 0.198238 0.920705 0.180617 0.925110 0.171806 0.920705 0.158590 0.903084 0.149780 0.898678 0.140969 0.903084 0.132159 0.898678 0.123348 0.885463 0.110132 0.885463 0.092511 0.903084 0.083700 0.933921 0.061674 0.951542 0.061674 0.960352 0.066079 0.964758 0.074890 0.964758 0.083700 0.947137 0.096916 0.938326 0.101322 0.920705 0.127753 0.898678 0.154185 0.916300 0.154185 0.942731 0.149780 0.947137 0.149780 0.973568 0.162996 0.982379 0.185022 0.977974 0.198238 0.986784 0.198238 0.995595 0.237885 0.995595 0.233480 0.977974 0.251101 0.969163 0.268722 0.951542 0.268722 0.925110 0.277533 0.903084 0.299559 0.885463 0.308370 0.889868 0.312775 0.885463 0.317181 0.889868 0.330396 0.876652 0.339207 0.872247 0.348018 0.876652 0.365639 0.863436 0.365639 0.859031 0.356828 0.854626 0.348018 0.859031 0.330396 0.845815 0.330396 0.828194 0.356828 0.810573
0 0.938326 0.792952 0.942731 0.797357 0.951542 0.788546 0.955947 0.788546 0.960352 0.784141 0.964758 0.788546 0.973568 0.788546 0.977974 0.784141 0.982379 0.788546 0.991189 0.788546 0.995595 0.792952 0.995595 0.779736 0.977974 0.779736 0.973568 0.775330 0.969163 0.775330 0.964758 0.770925 0.947137 0.788546 0.942731 0.788546
0 0.229075 0.766520 0.224670 0.770925 0.224670 0.775330 0.229075 0.779736 0.233480 0.779736 0.237885 0.784141 0.237885 0.810573 0.229075 0.819383 0.233480 0.823789 0.233480 0.837004 0.242291 0.845815 0.251101 0.837004 0.251101 0.819383 0.255507 0.814978 0.255507 0.810573 0.259912 0.806167 0.264317 0.806167 0.268722 0.801762 0.281938 0.801762 0.286344 0.797357 0.277533 0.788546 0.268722 0.788546 0.264317 0.792952 0.259912 0.792952 0.255507 0.788546 0.251101 0.788546 0.242291 0.779736 0.242291 0.775330 0.233480 0.766520
0 0.832599 0.740088 0.823789 0.740088 0.810573 0.753304 0.810573 0.757709 0.814978 0.762115 0.814978 0.770925 0.819383 0.775330 0.828194 0.775330 0.832599 0.770925 0.832599 0.757709 0.837004 0.753304 0.837004 0.744493
0 0.061674 0.757709 0.061674 0.770925 0.066079 0.775330 0.070485 0.775330 0.079295 0.766520 0.079295 0.757709 0.083700 0.753304 0.088106 0.753304 0.092511 0.748899 0.105727 0.748899 0.110132 0.753304 0.114537 0.753304 0.118943 0.757709 0.118943 0.770925 0.123348 0.775330 0.127753 0.775330 0.132159 0.779736 0.132159 0.784141 0.136564 0.788546 0.136564 0.792952 0.145374 0.801762 0.149780 0.797357 0.154185 0.801762 0.158590 0.801762 0.162996 0.806167 0.167401 0.806167 0.171806 0.810573 0.176211 0.810573 0.180617 0.814978 0.185022 0.814978 0.189427 0.810573 0.189427 0.801762 0.180617 0.792952 0.167401 0.792952 0.162996 0.797357 0.158590 0.797357 0.154185 0.792952 0.149780 0.792952 0.136564 0.779736 0.136564 0.770925 0.145374 0.762115 0.149780 0.762115 0.162996 0.748899 0.158590 0.744493 0.154185 0.744493 0.145374 0.753304 0.140969 0.753304 0.136564 0.757709 0.132159 0.753304 0.123348 0.753304 0.118943 0.748899 0.114537 0.748899 0.110132 0.744493 0.110132 0.740088 0.105727 0.735683 0.096916 0.735683 0.092511 0.740088 0.079295 0.740088
0 0.718062 0.718062 0.713656 0.718062 0.709251 0.722467 0.704846 0.718062 0.700441 0.722467 0.704846 0.726872 0.704846 0.731278 0.709251 0.735683 0.709251 0.740088 0.713656 0.744493 0.713656 0.748899 0.718062 0.753304 0.718062 0.775330 0.704846 0.788546 0.700441 0.788546 0.696035 0.792952 0.691630 0.792952 0.687225 0.797357 0.687225 0.801762 0.691630 0.806167 0.696035 0.801762 0.700441 0.801762 0.709251 0.792952 0.713656 0.792952 0.718062 0.788546 0.726872 0.788546 0.740088 0.775330 0.740088 0.770925 0.735683 0.766520 0.735683 0.757709 0.740088 0.753304 0.735683 0.748899 0.735683 0.744493 0.731278 0.740088 0.731278 0.735683 0.726872 0.731278 0.726872 0.726872
0 0.277533 0.713656 0.273128 0.709251 0.259912 0.709251 0.255507 0.713656 0.246696 0.713656 0.237885 0.722467 0.246696 0.731278 0.264317 0.731278 0.268722 0.726872 0.273128 0.726872 0.277533 0.722467
0 0.392070 0.691630 0.387665 0.691630 0.383260 0.696035 0.378855 0.696035 0.374449 0.700441 0.370044 0.696035 0.365639 0.700441 0.361233 0.700441 0.356828 0.704846 0.356828 0.718062 0.352423 0.722467 0.348018 0.722467 0.343612 0.726872 0.343612 0.740088 0.348018 0.744493 0.352423 0.744493 0.361233 0.735683 0.356828 0.731278 0.356828 0.722467 0.361233 0.718062 0.365639 0.718062 0.370044 0.713656 0.392070 0.713656 0.396476 0.709251 0.396476 0.704846 0.392070 0.700441
0 0.850220 0.656388 0.841410 0.665198 0.841410 0.678414 0.845815 0.682819 0.845815 0.691630 0.841410 0.696035 0.837004 0.696035 0.832599 0.700441 0.832599 0.704846 0.837004 0.709251 0.841410 0.709251 0.845815 0.713656 0.845815 0.722467 0.854626 0.731278 0.859031 0.731278 0.867841 0.722467 0.863436 0.718062 0.863436 0.713656 0.845815 0.696035 0.845815 0.687225 0.854626 0.678414 0.859031 0.678414 0.863436 0.674009 0.867841 0.674009 0.876652 0.665198 0.872247 0.660793 0.867841 0.660793 0.863436 0.656388
0 0.149780 0.656388 0.145374 0.660793 0.145374 0.691630 0.136564 0.700441 0.162996 0.726872 0.167401 0.722467 0.176211 0.722467 0.180617 0.718062 0.185022 0.722467 0.189427 0.722467 0.193833 0.726872 0.193833 0.748899 0.198238 0.753304 0.202643 0.753304 0.207048 0.748899 0.207048 0.740088 0.211454 0.735683 0.207048 0.731278 0.207048 0.722467 0.198238 0.713656 0.198238 0.709251 0.193833 0.709251 0.189427 0.713656 0.185022 0.709251 0.176211 0.709251 0.171806 0.704846 0.167401 0.704846 0.158590 0.696035 0.158590 0.682819 0.162996 0.678414 0.162996 0.660793 0.158590 0.656388
0 0.317181 0.621145 0.312775 0.621145 0.303965 0.629956 0.303965 0.647577 0.299559 0.651982 0.299559 0.656388 0.308370 0.665198 0.321586 0.651982 0.321586 0.625551
0 0.123348 0.572687 0.127753 0.577093 0.132159 0.577093 0.136564 0.581498 0.140969 0.581498 0.149780 0.590308 0.158590 0.590308 0.162996 0.585903 0.162996 0.572687 0.158590 0.568282 0.149780 0.568282 0.145374 0.572687 0.136564 0.572687 0.132159 0.568282 0.127753 0.568282
0 0.185022 0.519824 0.180617 0.524229 0.176211 0.524229 0.171806 0.528634 0.171806 0.541850 0.167401 0.546256 0.176211 0.555066 0.180617 0.555066 0.193833 0.541850 0.193833 0.528634
0 0.453745 0.515419 0.444934 0.524229 0.444934 0.528634 0.449339 0.533040 0.449339 0.537445 0.453745 0.541850 0.471366 0.541850 0.475771 0.537445 0.475771 0.528634 0.462555 0.515419
0 0.070485 0.493392 0.070485 0.497797 0.074890 0.502203 0.079295 0.502203 0.083700 0.506608 0.101322 0.506608 0.105727 0.511013 0.110132 0.511013 0.114537 0.506608 0.114537 0.497797 0.110132 0.493392 0.083700 0.493392 0.079295 0.488987 0.074890 0.488987
0 0.444934 0.427313 0.440529 0.422908 0.436123 0.427313 0.431718 0.422908 0.427313 0.427313 0.427313 0.431718 0.418502 0.440529 0.414097 0.440529 0.409692 0.444934 0.405286 0.444934 0.400881 0.440529 0.396476 0.440529 0.392070 0.444934 0.387665 0.440529 0.383260 0.444934 0.396476 0.458150 0.418502 0.458150 0.422908 0.453745 0.431718 0.453745 0.436123 0.449339 0.440529 0.449339 0.444934 0.444934
0 0.158590 0.414097 0.154185 0.414097 0.149780 0.418502 0.136564 0.418502 0.132159 0.422908 0.127753 0.422908 0.123348 0.427313 0.127753 0.431718 0.127753 0.440529 0.136564 0.449339 0.140969 0.449339 0.145374 0.453745 0.145374 0.471366 0.149780 0.475771 0.149780 0.484582 0.154185 0.488987 0.158590 0.484582 0.158590 0.466960 0.149780 0.458150 0.149780 0.444934 0.154185 0.440529 0.154185 0.436123 0.162996 0.427313 0.162996 0.418502
0 0.088106 0.422908 0.079295 0.414097 0.066079 0.427313 0.061674 0.427313 0.057269 0.431718 0.048458 0.431718 0.039648 0.440529 0.035242 0.440529 0.026432 0.449339 0.026432 0.458150 0.030837 0.462555 0.030837 0.475771 0.026432 0.480176 0.022026 0.480176 0.017621 0.484582 0.013216 0.480176 0.008811 0.480176 0.004405 0.475771 0.000000 0.475771 0.000000 0.484582 0.004405 0.484582 0.008811 0.480176 0.013216 0.484582 0.017621 0.484582 0.026432 0.493392 0.035242 0.484582 0.035242 0.475771 0.044053 0.466960 0.044053 0.462555 0.048458 0.458150 0.048458 0.453745 0.052863 0.449339 0.057269 0.449339 0.061674 0.444934 0.066079 0.444934 0.074890 0.436123 0.079295 0.436123 0.088106 0.427313
0 0.533040 0.387665 0.524229 0.396476 0.524229 0.409692 0.528634 0.414097 0.528634 0.418502 0.537445 0.427313 0.550661 0.414097 0.546256 0.409692 0.546256 0.396476 0.537445 0.387665
0 0.775330 0.387665 0.775330 0.392070 0.784141 0.400881 0.814978 0.400881 0.819383 0.396476 0.819383 0.387665 0.814978 0.383260 0.810573 0.383260 0.806167 0.378855 0.792952 0.378855 0.788546 0.383260 0.779736 0.383260
0 0.211454 0.370044 0.193833 0.387665 0.193833 0.392070 0.198238 0.396476 0.198238 0.400881 0.207048 0.409692 0.207048 0.414097 0.211454 0.418502 0.215859 0.414097 0.215859 0.405286 0.220264 0.400881 0.220264 0.392070 0.215859 0.387665 0.215859 0.374449
0 0.396476 0.370044 0.387665 0.361233 0.383260 0.361233 0.378855 0.365639 0.378855 0.374449 0.374449 0.378855 0.370044 0.378855 0.365639 0.383260 0.361233 0.383260 0.356828 0.378855 0.352423 0.378855 0.348018 0.383260 0.348018 0.400881 0.343612 0.405286 0.348018 0.409692 0.352423 0.409692 0.365639 0.396476 0.365639 0.383260 0.370044 0.378855 0.374449 0.378855 0.378855 0.374449 0.383260 0.378855 0.387665 0.378855
0 0.295154 0.348018 0.290749 0.352423 0.290749 0.387665 0.299559 0.396476 0.312775 0.383260 0.312775 0.370044 0.303965 0.361233 0.303965 0.352423 0.299559 0.348018
0 0.942731 0.312775 0.933921 0.321586 0.933921 0.325991 0.929515 0.330396 0.929515 0.334802 0.955947 0.361233 0.964758 0.352423 0.964758 0.348018 0.955947 0.339207 0.955947 0.334802 0.951542 0.330396 0.951542 0.325991 0.947137 0.321586 0.947137 0.317181
0 0.110132 0.312775 0.105727 0.317181 0.101322 0.317181 0.096916 0.312775 0.079295 0.312775 0.070485 0.321586 0.070485 0.330396 0.074890 0.334802 0.074890 0.343612 0.066079 0.352423 0.061674 0.352423 0.057269 0.356828 0.048458 0.356828 0.035242 0.370044 0.035242 0.374449 0.030837 0.378855 0.035242 0.383260 0.035242 0.387665 0.039648 0.392070 0.044053 0.392070 0.061674 0.374449 0.061674 0.370044 0.066079 0.365639 0.070485 0.365639 0.074890 0.361233 0.079295 0.361233 0.083700 0.365639 0.088106 0.365639 0.092511 0.361233 0.079295 0.348018 0.079295 0.334802 0.083700 0.330396 0.088106 0.330396 0.092511 0.325991 0.101322 0.325991 0.105727 0.321586 0.110132 0.321586 0.114537 0.317181
0 0.154185 0.317181 0.154185 0.321586 0.158590 0.325991 0.167401 0.325991 0.171806 0.321586 0.185022 0.321586 0.189427 0.325991 0.193833 0.325991 0.207048 0.339207 0.215859 0.339207 0.224670 0.330396 0.229075 0.330396 0.233480 0.325991 0.237885 0.330396 0.242291 0.330396 0.255507 0.343612 0.264317 0.343612 0.268722 0.339207 0.268722 0.325991 0.264317 0.321586 0.264317 0.308370 0.268722 0.303965 0.264317 0.299559 0.255507 0.308370 0.251101 0.308370 0.246696 0.312775 0.233480 0.312775 0.229075 0.317181 0.224670 0.312775 0.202643 0.312775 0.198238 0.308370 0.193833 0.308370 0.185022 0.299559 0.176211 0.308370 0.171806 0.308370 0.167401 0.312775 0.158590 0.312775
0 0.687225 0.295154 0.678414 0.303965 0.674009 0.303965 0.669604 0.308370 0.660793 0.308370 0.656388 0.312775 0.665198 0.321586 0.665198 0.330396 0.656388 0.339207 0.656388 0.352423 0.651982 0.356828 0.651982 0.365639 0.656388 0.370044 0.669604 0.356828 0.665198 0.352423 0.665198 0.330396 0.674009 0.321586 0.678414 0.321586 0.691630 0.308370 0.691630 0.299559
0 0.361233 0.295154 0.352423 0.303965 0.348018 0.303965 0.343612 0.308370 0.339207 0.308370 0.334802 0.312775 0.334802 0.317181 0.325991 0.325991 0.325991 0.330396 0.330396 0.334802 0.334802 0.334802 0.348018 0.321586 0.352423 0.321586 0.356828 0.317181 0.361233 0.317181 0.370044 0.308370 0.365639 0.303965 0.365639 0.299559
0 0.559471 0.343612 0.563877 0.348018 0.572687 0.348018 0.577093 0.343612 0.577093 0.317181 0.581498 0.312775 0.585903 0.312775 0.590308 0.308370 0.594714 0.312775 0.603524 0.312775 0.607930 0.317181 0.612335 0.312775 0.616740 0.312775 0.625551 0.303965 0.625551 0.295154 0.621145 0.290749 0.616740 0.295154 0.607930 0.295154 0.603524 0.299559 0.599119 0.299559 0.594714 0.303965 0.585903 0.303965 0.581498 0.299559 0.577093 0.299559 0.568282 0.290749 0.563877 0.290749 0.559471 0.286344 0.555066 0.290749 0.555066 0.299559 0.559471 0.303965 0.563877 0.303965 0.568282 0.308370 0.572687 0.308370 0.577093 0.312775 0.577093 0.321586 0.568282 0.330396 0.568282 0.334802
0 0.444934 0.277533 0.431718 0.290749 0.431718 0.317181 0.427313 0.321586 0.427313 0.325991 0.431718 0.330396 0.436123 0.325991 0.440529 0.325991 0.444934 0.321586 0.444934 0.312775 0.449339 0.308370 0.449339 0.299559 0.453745 0.295154 0.453745 0.286344
0 0.947137 0.273128 0.920705 0.268722 0.876652 0.312775 0.770925 0.321586 0.748899 0.339207 0.726872 0.325991 0.731278 0.281938 0.700441 0.370044 0.660793 0.396476 0.647577 0.436123 0.550661 0.506608 0.524229 0.581498 0.440529 0.678414 0.436123 0.740088 0.374449 0.810573 0.374449 0.995595 0.409692 0.973568 0.431718 0.995595 0.449339 0.960352 0.497797 0.929515 0.519824 0.964758 0.581498 0.907489 0.563877 0.898678 0.488987 0.925110 0.471366 0.867841 0.497797 0.854626 0.488987 0.832599 0.550661 0.766520 0.585903 0.766520 0.559471 0.735683 0.590308 0.696035 0.585903 0.656388 0.629956 0.603524 0.651982 0.607930 0.656388 0.634361 0.674009 0.607930 0.696035 0.612335 0.696035 0.643172 0.634361 0.682819 0.647577 0.704846 0.625551 0.757709 0.643172 0.770925 0.665198 0.709251 0.696035 0.704846 0.762115 0.638767 0.735683 0.607930 0.792952 0.585903 0.722467 0.594714 0.713656 0.555066 0.744493 0.506608 0.819383 0.559471 0.801762 0.585903 0.819383 0.599119 0.837004 0.581498 0.823789 0.550661 0.876652 0.559471 0.907489 0.515419 0.947137 0.497797 0.907489 0.502203 0.854626 0.541850 0.837004 0.506608 0.801762 0.502203 0.806167 0.488987 0.911894 0.480176 0.960352 0.440529 0.995595 0.436123 0.964758 0.392070 0.938326 0.418502 0.942731 0.449339 0.894273 0.458150 0.898678 0.422908 0.933921 0.387665 0.920705 0.383260 0.854626 0.444934 0.762115 0.462555 0.709251 0.444934 0.687225 0.480176 0.647577 0.488987 0.674009 0.511013 0.722467 0.480176 0.740088 0.488987 0.687225 0.563877 0.665198 0.541850 0.559471 0.572687 0.546256 0.537445 0.629956 0.511013 0.612335 0.515419 0.585903 0.488987 0.678414 0.427313 0.682819 0.392070 0.744493 0.392070 0.713656 0.370044 0.722467 0.352423 0.881057 0.325991 0.951542 0.286344
0 0.286344 0.233480 0.281938 0.237885 0.281938 0.251101 0.286344 0.255507 0.290749 0.255507 0.295154 0.259912 0.295154 0.264317 0.299559 0.268722 0.303965 0.268722 0.308370 0.264317 0.303965 0.259912 0.303965 0.246696 0.290749 0.233480
0 0.176211 0.242291 0.180617 0.242291 0.193833 0.255507 0.198238 0.255507 0.202643 0.251101 0.207048 0.251101 0.211454 0.246696 0.215859 0.251101 0.220264 0.251101 0.224670 0.255507 0.229075 0.251101 0.229075 0.246696 0.224670 0.242291 0.220264 0.246696 0.211454 0.246696 0.207048 0.242291 0.202643 0.242291 0.193833 0.233480 0.185022 0.233480
0 0.854626 0.220264 0.850220 0.224670 0.845815 0.224670 0.832599 0.237885 0.828194 0.237885 0.823789 0.242291 0.819383 0.237885 0.806167 0.237885 0.801762 0.242291 0.797357 0.237885 0.792952 0.237885 0.788546 0.233480 0.788546 0.229075 0.784141 0.224670 0.779736 0.224670 0.753304 0.251101 0.748899 0.251101 0.744493 0.255507 0.748899 0.259912 0.753304 0.259912 0.757709 0.255507 0.762115 0.255507 0.779736 0.237885 0.784141 0.237885 0.788546 0.233480 0.792952 0.237885 0.797357 0.237885 0.801762 0.242291 0.801762 0.246696 0.806167 0.251101 0.814978 0.251101 0.828194 0.237885 0.832599 0.237885 0.837004 0.233480 0.841410 0.237885 0.845815 0.237885 0.854626 0.229075
0 0.312775 0.211454 0.317181 0.215859 0.325991 0.215859 0.330396 0.220264 0.334802 0.220264 0.339207 0.224670 0.339207 0.237885 0.343612 0.242291 0.348018 0.237885 0.352423 0.237885 0.356828 0.233480 0.361233 0.237885 0.365639 0.237885 0.378855 0.251101 0.383260 0.246696 0.383260 0.242291 0.374449 0.233480 0.370044 0.233480 0.356828 0.220264 0.348018 0.220264 0.343612 0.215859 0.339207 0.215859 0.334802 0.211454 0.330396 0.211454 0.325991 0.207048 0.317181 0.207048
0 0.440529 0.207048 0.436123 0.211454 0.436123 0.215859 0.444934 0.224670 0.453745 0.224670 0.458150 0.229075 0.462555 0.229075 0.466960 0.233480 0.466960 0.237885 0.471366 0.242291 0.475771 0.237885 0.475771 0.229075 0.471366 0.224670 0.471366 0.211454 0.462555 0.202643 0.458150 0.202643 0.453745 0.207048
0 0.753304 0.189427 0.748899 0.185022 0.731278 0.202643 0.726872 0.202643 0.713656 0.215859 0.709251 0.215859 0.704846 0.220264 0.700441 0.220264 0.696035 0.215859 0.691630 0.220264 0.682819 0.220264 0.669604 0.233480 0.665198 0.233480 0.656388 0.242291 0.660793 0.246696 0.665198 0.246696 0.669604 0.242291 0.700441 0.242291 0.709251 0.233480 0.713656 0.233480 0.718062 0.229075 0.722467 0.229075 0.731278 0.220264 0.731278 0.215859 0.740088 0.207048 0.740088 0.202643
0 0.995595 0.185022 0.995595 0.171806 0.986784 0.171806 0.982379 0.167401 0.964758 0.167401 0.960352 0.171806 0.951542 0.171806 0.947137 0.176211 0.933921 0.176211 0.929515 0.171806 0.925110 0.176211 0.916300 0.176211 0.911894 0.171806 0.907489 0.176211 0.911894 0.180617 0.916300 0.176211 0.925110 0.176211 0.929515 0.180617 0.933921 0.176211 0.942731 0.176211 0.947137 0.180617 0.951542 0.180617 0.955947 0.185022 0.982379 0.185022 0.986784 0.180617 0.991189 0.185022
0 0.453745 0.167401 0.449339 0.162996 0.444934 0.162996 0.440529 0.158590 0.431718 0.158590 0.427313 0.162996 0.427313 0.167401 0.418502 0.176211 0.414097 0.176211 0.405286 0.185022 0.414097 0.193833 0.418502 0.189427 0.418502 0.185022 0.422908 0.180617 0.427313 0.180617 0.431718 0.176211 0.449339 0.176211 0.453745 0.171806
0 0.607930 0.154185 0.603524 0.154185 0.599119 0.158590 0.599119 0.162996 0.594714 0.167401 0.594714 0.189427 0.599119 0.193833 0.607930 0.193833 0.616740 0.185022 0.616740 0.162996
0 0.277533 0.154185 0.273128 0.154185 0.251101 0.176211 0.251101 0.185022 0.255507 0.189427 0.259912 0.185022 0.264317 0.185022 0.281938 0.167401 0.281938 0.158590
0 0.207048 0.154185 0.198238 0.162996 0.198238 0.167401 0.189427 0.176211 0.189427 0.180617 0.193833 0.185022 0.215859 0.185022 0.224670 0.176211 0.215859 0.167401 0.215859 0.162996
0 0.048458 0.158590 0.048458 0.167401 0.052863 0.171806 0.066079 0.171806 0.070485 0.176211 0.074890 0.176211 0.079295 0.180617 0.088106 0.180617 0.092511 0.185022 0.096916 0.185022 0.101322 0.180617 0.101322 0.171806 0.092511 0.162996 0.079295 0.162996 0.074890 0.167401 0.070485 0.167401 0.066079 0.162996 0.061674 0.162996 0.052863 0.154185
0 0.136564 0.145374 0.132159 0.149780 0.132159 0.158590 0.154185 0.180617 0.158590 0.176211 0.162996 0.176211 0.167401 0.171806 0.167401 0.167401 0.162996 0.162996 0.162996 0.158590 0.154185 0.149780 0.149780 0.149780 0.145374 0.145374
0 0.634361 0.118943 0.629956 0.123348 0.647577 0.140969 0.647577 0.149780 0.651982 0.154185 0.656388 0.154185 0.660793 0.149780 0.660793 0.145374 0.656388 0.140969 0.656388 0.132159 0.651982 0.127753 0.651982 0.123348 0.647577 0.118943
0 0.114537 0.105727 0.096916 0.105727 0.092511 0.110132 0.101322 0.118943 0.101322 0.132159 0.105727 0.136564 0.118943 0.123348 0.118943 0.118943 0.123348 0.114537
0 0.748899 0.110132 0.744493 0.110132 0.735683 0.101322 0.731278 0.105727 0.722467 0.105727 0.718062 0.101322 0.713656 0.105727 0.709251 0.105727 0.704846 0.110132 0.704846 0.118943 0.691630 0.132159 0.700441 0.140969 0.709251 0.132159 0.709251 0.127753 0.713656 0.123348 0.718062 0.123348 0.722467 0.118943 0.735683 0.118943 0.744493 0.110132
0 0.462555 0.096916 0.458150 0.101322 0.458150 0.132159 0.462555 0.136564 0.462555 0.145374 0.466960 0.149780 0.471366 0.145374 0.471366 0.140969 0.475771 0.136564 0.475771 0.132159 0.484582 0.123348 0.488987 0.123348 0.497797 0.114537 0.488987 0.105727 0.475771 0.105727 0.471366 0.101322 0.466960 0.101322
0 0.427313 0.096916 0.418502 0.088106 0.414097 0.088106 0.405286 0.096916 0.400881 0.096916 0.392070 0.105727 0.392070 0.110132 0.387665 0.114537 0.383260 0.114537 0.378855 0.118943 0.374449 0.118943 0.370044 0.114537 0.365639 0.114537 0.352423 0.127753 0.348018 0.127753 0.343612 0.132159 0.339207 0.132159 0.321586 0.149780 0.330396 0.158590 0.334802 0.158590 0.343612 0.149780 0.348018 0.149780 0.356828 0.140969 0.361233 0.140969 0.370044 0.132159 0.374449 0.132159 0.378855 0.127753 0.378855 0.118943 0.383260 0.114537 0.387665 0.114537 0.392070 0.110132 0.396476 0.114537 0.414097 0.114537 0.422908 0.105727 0.422908 0.101322
0 0.268722 0.096916 0.268722 0.105727 0.273128 0.110132 0.281938 0.110132 0.286344 0.105727 0.303965 0.105727 0.308370 0.101322 0.303965 0.096916 0.290749 0.096916 0.286344 0.092511 0.281938 0.092511 0.277533 0.088106
0 0.788546 0.083700 0.784141 0.088106 0.784141 0.092511 0.779736 0.096916 0.775330 0.096916 0.770925 0.101322 0.770925 0.105727 0.766520 0.110132 0.762115 0.110132 0.770925 0.118943 0.788546 0.118943 0.792952 0.114537 0.792952 0.088106
0 0.550661 0.066079 0.528634 0.066079 0.524229 0.070485 0.519824 0.070485 0.515419 0.074890 0.506608 0.074890 0.502203 0.079295 0.511013 0.088106 0.515419 0.083700 0.528634 0.083700 0.533040 0.088106 0.537445 0.088106 0.541850 0.092511 0.541850 0.118943 0.515419 0.145374 0.515419 0.154185 0.519824 0.158590 0.533040 0.145374 0.537445 0.145374 0.555066 0.127753 0.559471 0.127753 0.563877 0.123348 0.559471 0.118943 0.559471 0.101322 0.546256 0.088106 0.546256 0.079295 0.555066 0.070485
0 0.621145 0.057269 0.616740 0.057269 0.612335 0.052863 0.603524 0.052863 0.590308 0.066079 0.590308 0.079295 0.585903 0.083700 0.590308 0.088106 0.616740 0.061674 0.621145 0.061674
0 0.770925 0.048458 0.766520 0.048458 0.762115 0.052863 0.757709 0.048458 0.753304 0.052863 0.748899 0.048458 0.744493 0.052863 0.744493 0.070485 0.748899 0.074890 0.748899 0.083700 0.753304 0.088106 0.757709 0.083700 0.757709 0.070485 0.775330 0.052863
0 0.837004 0.022026 0.832599 0.026432 0.828194 0.026432 0.806167 0.048458 0.806167 0.052863 0.814978 0.061674 0.823789 0.061674 0.828194 0.066079 0.832599 0.061674 0.832599 0.044053 0.841410 0.035242 0.841410 0.026432
0 0.237885 0.022026 0.233480 0.022026 0.224670 0.030837 0.220264 0.030837 0.215859 0.035242 0.224670 0.044053 0.224670 0.057269 0.220264 0.061674 0.220264 0.083700 0.224670 0.088106 0.224670 0.096916 0.215859 0.105727 0.215859 0.110132 0.202643 0.123348 0.211454 0.132159 0.224670 0.118943 0.224670 0.114537 0.229075 0.110132 0.229075 0.101322 0.224670 0.096916 0.224670 0.088106 0.233480 0.079295 0.237885 0.079295 0.246696 0.070485 0.251101 0.070485 0.255507 0.066079 0.259912 0.066079 0.264317 0.061674 0.268722 0.066079 0.277533 0.057269 0.281938 0.057269 0.286344 0.052863 0.281938 0.048458 0.277533 0.048458 0.273128 0.052863 0.264317 0.052863 0.255507 0.061674 0.251101 0.061674 0.246696 0.066079 0.242291 0.061674 0.237885 0.061674 0.233480 0.057269 0.233480 0.044053 0.246696 0.030837
0 0.392070 0.017621 0.387665 0.022026 0.383260 0.022026 0.370044 0.035242 0.370044 0.048458 0.374449 0.052863 0.383260 0.052863 0.400881 0.035242 0.400881 0.030837 0.396476 0.026432 0.396476 0.022026
0 0.700441 0.013216 0.696035 0.017621 0.691630 0.013216 0.687225 0.017621 0.687225 0.057269 0.678414 0.066079 0.678414 0.070485 0.682819 0.074890 0.687225 0.074890 0.691630 0.070485 0.691630 0.061674 0.700441 0.052863 0.700441 0.048458 0.704846 0.044053 0.704846 0.039648 0.709251 0.035242 0.709251 0.022026
0 0.995595 0.000000 0.973568 0.000000 0.973568 0.008811 0.960352 0.022026 0.955947 0.022026 0.947137 0.030837 0.942731 0.030837 0.938326 0.035242 0.933921 0.035242 0.929515 0.039648 0.925110 0.039648 0.907489 0.057269 0.903084 0.057269 0.898678 0.061674 0.894273 0.061674 0.889868 0.066079 0.885463 0.066079 0.881057 0.070485 0.876652 0.070485 0.872247 0.066079 0.867841 0.070485 0.863436 0.070485 0.859031 0.074890 0.859031 0.079295 0.854626 0.083700 0.854626 0.088106 0.845815 0.096916 0.850220 0.101322 0.850220 0.114537 0.845815 0.118943 0.845815 0.123348 0.841410 0.127753 0.841410 0.136564 0.845815 0.140969 0.863436 0.123348 0.863436 0.118943 0.867841 0.114537 0.872247 0.114537 0.889868 0.096916 0.894273 0.096916 0.898678 0.092511 0.903084 0.092511 0.907489 0.088106 0.916300 0.088106 0.925110 0.079295 0.929515 0.079295 0.933921 0.074890 0.951542 0.074890 0.955947 0.070485 0.947137 0.061674 0.947137 0.057269 0.942731 0.052863 0.942731 0.044053 0.947137 0.039648 0.951542 0.039648 0.960352 0.030837 0.964758 0.030837 0.977974 0.017621 0.982379 0.017621 0.986784 0.013216 0.991189 0.013216 0.995595 0.008811
0 0.550661 0.000000 0.559471 0.008811 0.559471 0.030837 0.563877 0.035242 0.568282 0.035242 0.572687 0.030837 0.572687 0.000000
