0 0.647577 0.964758 0.643172 0.969163 0.643172 0.973568 0.638767 0.977974 0.638767 0.995595 0.660793 0.995595 0.660793 0.991189 0.656388 0.986784 0.656388 0.969163 0.651982 0.964758
0 0.484582 0.969163 0.475771 0.960352 0.466960 0.969163 0.462555 0.969163 0.458150 0.973568 0.449339 0.973568 0.444934 0.969163 0.440529 0.969163 0.436123 0.973568 0.431718 0.973568 0.422908 0.982379 0.422908 0.995595 0.436123 0.995595 0.436123 0.991189 0.440529 0.986784 0.444934 0.986784 0.449339 0.982379 0.480176 0.982379 0.484582 0.977974
0 0.722467 0.955947 0.718062 0.955947 0.713656 0.951542 0.709251 0.951542 0.704846 0.955947 0.704846 0.964758 0.709251 0.969163 0.709251 0.977974 0.704846 0.982379 0.704846 0.986784 0.696035 0.995595 0.713656 0.995595 0.713656 0.991189 0.722467 0.982379 0.722467 0.977974 0.726872 0.973568 0.726872 0.969163 0.731278 0.964758
0 0.088106 0.925110 0.079295 0.933921 0.074890 0.933921 0.070485 0.938326 0.057269 0.938326 0.052863 0.933921 0.044053 0.933921 0.039648 0.938326 0.044053 0.942731 0.044053 0.947137 0.052863 0.955947 0.052863 0.964758 0.048458 0.969163 0.048458 0.973568 0.052863 0.977974 0.057269 0.973568 0.057269 0.960352 0.061674 0.955947 0.066079 0.955947 0.070485 0.951542 0.074890 0.951542 0.079295 0.947137 0.083700 0.947137 0.088106 0.942731 0.092511 0.942731 0.096916 0.938326 0.096916 0.933921
0 0.581498 0.920705 0.577093 0.925110 0.577093 0.942731 0.581498 0.947137 0.581498 0.951542 0.594714 0.964758 0.599119 0.964758 0.603524 0.960352 0.603524 0.947137 0.594714 0.938326 0.594714 0.929515 0.585903 0.920705
0 0.207048 0.920705 0.202643 0.925110 0.202643 0.933921 0.198238 0.938326 0.202643 0.942731 0.202643 0.951542 0.198238 0.955947 0.198238 0.960352 0.189427 0.969163 0.189427 0.977974 0.193833 0.982379 0.202643 0.982379 0.207048 0.977974 0.211454 0.977974 0.215859 0.973568 0.215859 0.969163 0.224670 0.960352 0.224670 0.951542 0.215859 0.942731 0.215859 0.938326 0.211454 0.933921 0.211454 0.925110
0 0.312775 0.911894 0.303965 0.920705 0.303965 0.925110 0.308370 0.929515 0.308370 0.955947 0.295154 0.969163 0.295154 0.991189 0.290749 0.995595 0.312775 0.995595 0.312775 0.982379 0.317181 0.977974 0.317181 0.969163 0.330396 0.955947 0.330396 0.942731 0.321586 0.933921 0.317181 0.933921 0.312775 0.929515 0.312775 0.920705 0.317181 0.916300
0 0.273128 0.907489 0.264317 0.916300 0.264317 0.920705 0.259912 0.925110 0.259912 0.938326 0.268722 0.947137 0.277533 0.938326 0.277533 0.920705 0.281938 0.916300
0 0.519824 0.903084 0.511013 0.911894 0.511013 0.916300 0.515419 0.920705 0.515419 0.925110 0.524229 0.933921 0.528634 0.929515 0.533040 0.929515 0.537445 0.925110 0.537445 0.916300 0.524229 0.903084
0 0.629956 0.872247 0.625551 0.872247 0.621145 0.876652 0.616740 0.876652 0.607930 0.885463 0.607930 0.898678 0.612335 0.903084 0.621145 0.903084 0.625551 0.898678 0.629956 0.898678 0.638767 0.889868 0.638767 0.881057
0 0.374449 0.863436 0.374449 0.867841 0.378855 0.872247 0.396476 0.872247 0.400881 0.876652 0.405286 0.876652 0.409692 0.881057 0.422908 0.867841 0.427313 0.867841 0.431718 0.863436 0.436123 0.867841 0.440529 0.867841 0.444934 0.872247 0.453745 0.872247 0.458150 0.867841 0.458150 0.863436 0.453745 0.859031 0.453745 0.854626 0.449339 0.850220 0.440529 0.850220 0.431718 0.859031 0.431718 0.863436 0.427313 0.867841 0.422908 0.867841 0.418502 0.872247 0.414097 0.867841 0.409692 0.867841 0.405286 0.863436 0.405286 0.854626 0.400881 0.850220 0.396476 0.850220 0.392070 0.854626 0.383260 0.854626
0 0.193833 0.837004 0.193833 0.841410 0.198238 0.845815 0.202643 0.845815 0.211454 0.854626 0.220264 0.854626 0.233480 0.841410 0.233480 0.837004 0.229075 0.837004 0.224670 0.832599 0.220264 0.837004 0.215859 0.832599 0.211454 0.837004 0.202643 0.837004 0.198238 0.832599
0 0.665198 0.828194 0.656388 0.837004 0.656388 0.841410 0.665198 0.850220 0.665198 0.863436 0.660793 0.867841 0.660793 0.872247 0.669604 0.881057 0.669604 0.885463 0.678414 0.894273 0.700441 0.894273 0.704846 0.898678 0.713656 0.889868 0.713656 0.876652 0.722467 0.867841 0.726872 0.867841 0.731278 0.863436 0.731278 0.854626 0.726872 0.850220 0.722467 0.850220 0.718062 0.845815 0.718062 0.841410 0.713656 0.837004 0.713656 0.832599 0.704846 0.823789 0.687225 0.823789 0.682819 0.828194 0.674009 0.828194 0.669604 0.832599
0 0.854626 0.819383 0.854626 0.832599 0.872247 0.850220 0.881057 0.850220 0.885463 0.854626 0.894273 0.845815 0.894273 0.837004 0.889868 0.832599 0.876652 0.832599 0.872247 0.828194 0.867841 0.828194 0.863436 0.823789 0.859031 0.823789
0 0.625551 0.823789 0.621145 0.819383 0.607930 0.819383 0.603524 0.823789 0.599119 0.823789 0.594714 0.828194 0.585903 0.828194 0.572687 0.841410 0.568282 0.841410 0.559471 0.850220 0.559471 0.854626 0.555066 0.859031 0.550661 0.859031 0.546256 0.863436 0.541850 0.863436 0.537445 0.859031 0.528634 0.859031 0.524229 0.854626 0.515419 0.854626 0.511013 0.850220 0.502203 0.850220 0.497797 0.854626 0.497797 0.859031 0.506608 0.867841 0.511013 0.867841 0.515419 0.872247 0.528634 0.872247 0.533040 0.867841 0.537445 0.872247 0.541850 0.867841 0.546256 0.867841 0.550661 0.863436 0.559471 0.863436 0.563877 0.867841 0.577093 0.867841 0.594714 0.850220 0.599119 0.850220 0.603524 0.845815 0.607930 0.845815 0.625551 0.828194
0 0.938326 0.797357 0.929515 0.806167 0.929515 0.814978 0.925110 0.819383 0.925110 0.828194 0.929515 0.832599 0.938326 0.832599 0.942731 0.837004 0.947137 0.832599 0.942731 0.828194 0.942731 0.801762
0 0.246696 0.801762 0.246696 0.806167 0.251101 0.810573 0.251101 0.837004 0.255507 0.837004 0.259912 0.841410 0.264317 0.841410 0.277533 0.854626 0.277533 0.863436 0.286344 0.872247 0.299559 0.872247 0.303965 0.867841 0.308370 0.867841 0.312775 0.872247 0.317181 0.872247 0.325991 0.881057 0.334802 0.881057 0.343612 0.872247 0.334802 0.863436 0.321586 0.863436 0.317181 0.859031 0.312775 0.859031 0.295154 0.841410 0.290749 0.841410 0.277533 0.828194 0.277533 0.823789 0.268722 0.814978 0.264317 0.814978 0.255507 0.806167 0.255507 0.801762 0.251101 0.797357
0 0.118943 0.779736 0.114537 0.779736 0.110132 0.784141 0.110132 0.801762 0.105727 0.806167 0.105727 0.814978 0.101322 0.819383 0.096916 0.819383 0.092511 0.823789 0.083700 0.823789 0.079295 0.819383 0.070485 0.828194 0.070485 0.832599 0.079295 0.841410 0.083700 0.837004 0.096916 0.837004 0.105727 0.828194 0.105727 0.823789 0.110132 0.819383 0.114537 0.819383 0.123348 0.810573 0.123348 0.784141
0 0.850220 0.806167 0.845815 0.801762 0.841410 0.801762 0.823789 0.784141 0.823789 0.779736 0.819383 0.775330 0.814978 0.779736 0.814978 0.788546 0.810573 0.792952 0.810573 0.801762 0.806167 0.806167 0.801762 0.806167 0.797357 0.810573 0.792952 0.806167 0.788546 0.806167 0.784141 0.801762 0.784141 0.792952 0.779736 0.788546 0.775330 0.788546 0.766520 0.797357 0.766520 0.801762 0.770925 0.806167 0.779736 0.806167 0.784141 0.810573 0.788546 0.810573 0.792952 0.814978 0.792952 0.823789 0.784141 0.832599 0.779736 0.832599 0.775330 0.837004 0.766520 0.837004 0.762115 0.832599 0.757709 0.837004 0.757709 0.841410 0.762115 0.845815 0.770925 0.837004 0.775330 0.837004 0.779736 0.832599 0.784141 0.832599 0.788546 0.837004 0.797357 0.837004 0.806167 0.828194 0.806167 0.823789 0.810573 0.819383 0.810573 0.814978 0.814978 0.810573 0.819383 0.810573 0.823789 0.806167 0.841410 0.806167 0.845815 0.810573 0.850220 0.810573
0 0.740088 0.753304 0.735683 0.757709 0.731278 0.757709 0.722467 0.766520 0.722467 0.770925 0.726872 0.775330 0.726872 0.784141 0.713656 0.797357 0.718062 0.801762 0.726872 0.801762 0.744493 0.784141 0.744493 0.779736 0.748899 0.775330 0.748899 0.762115
0 0.524229 0.770925 0.528634 0.775330 0.528634 0.779736 0.533040 0.784141 0.541850 0.784141 0.546256 0.779736 0.546256 0.775330 0.555066 0.766520 0.559471 0.766520 0.563877 0.762115 0.568282 0.762115 0.572687 0.766520 0.577093 0.766520 0.581498 0.770925 0.581498 0.788546 0.577093 0.792952 0.577093 0.797357 0.581498 0.801762 0.585903 0.797357 0.585903 0.792952 0.594714 0.784141 0.599119 0.784141 0.603524 0.779736 0.607930 0.779736 0.612335 0.784141 0.616740 0.784141 0.621145 0.788546 0.625551 0.788546 0.634361 0.779736 0.629956 0.775330 0.625551 0.779736 0.621145 0.779736 0.616740 0.784141 0.612335 0.779736 0.607930 0.779736 0.599119 0.770925 0.594714 0.770925 0.585903 0.762115 0.581498 0.762115 0.577093 0.757709 0.572687 0.757709 0.568282 0.762115 0.559471 0.762115 0.555066 0.757709 0.550661 0.757709 0.541850 0.748899 0.537445 0.748899 0.533040 0.753304 0.533040 0.757709 0.528634 0.762115 0.528634 0.766520
0 0.242291 0.740088 0.237885 0.744493 0.233480 0.744493 0.224670 0.753304 0.224670 0.766520 0.233480 0.775330 0.242291 0.766520 0.242291 0.762115 0.246696 0.757709 0.246696 0.753304 0.251101 0.748899
0 0.718062 0.656388 0.718062 0.647577 0.713656 0.643172 0.709251 0.643172 0.704846 0.647577 0.682819 0.647577 0.678414 0.651982 0.687225 0.660793 0.713656 0.660793
0 0.039648 0.643172 0.030837 0.634361 0.026432 0.638767 0.022026 0.638767 0.017621 0.643172 0.013216 0.643172 0.008811 0.647577 0.004405 0.643172 0.000000 0.643172 0.000000 0.660793 0.004405 0.660793 0.008811 0.656388 0.013216 0.656388 0.017621 0.660793 0.022026 0.660793 0.026432 0.665198 0.030837 0.665198 0.035242 0.660793 0.035242 0.656388 0.039648 0.651982
0 0.000000 0.748899 0.079295 0.735683 0.158590 0.744493 0.158590 0.735683 0.118943 0.731278 0.101322 0.718062 0.145374 0.669604 0.110132 0.674009 0.101322 0.638767 0.145374 0.625551 0.167401 0.634361 0.185022 0.660793 0.207048 0.638767 0.242291 0.625551 0.242291 0.603524 0.268722 0.590308 0.290749 0.599119 0.286344 0.612335 0.303965 0.638767 0.365639 0.629956 0.405286 0.651982 0.436123 0.638767 0.414097 0.616740 0.444934 0.599119 0.475771 0.616740 0.519824 0.585903 0.674009 0.581498 0.691630 0.594714 0.748899 0.599119 0.757709 0.616740 0.748899 0.643172 0.810573 0.669604 0.841410 0.651982 0.854626 0.660793 0.942731 0.651982 0.951542 0.643172 0.947137 0.616740 0.995595 0.612335 0.995595 0.603524 0.942731 0.599119 0.907489 0.621145 0.881057 0.621145 0.859031 0.607930 0.863436 0.585903 0.850220 0.612335 0.814978 0.634361 0.770925 0.594714 0.779736 0.559471 0.744493 0.585903 0.603524 0.568282 0.506608 0.585903 0.453745 0.577093 0.431718 0.594714 0.405286 0.590308 0.365639 0.563877 0.383260 0.585903 0.383260 0.607930 0.365639 0.621145 0.295154 0.607930 0.290749 0.594714 0.308370 0.572687 0.255507 0.581498 0.207048 0.607930 0.149780 0.621145 0.092511 0.603524 0.039648 0.559471 0.000000 0.550661 0.000000 0.577093 0.030837 0.594714 0.044053 0.616740 0.088106 0.638767 0.096916 0.660793 0.074890 0.691630 0.000000 0.713656
0 0.220264 0.550661 0.215859 0.546256 0.211454 0.546256 0.207048 0.541850 0.202643 0.541850 0.193833 0.533040 0.189427 0.537445 0.189427 0.546256 0.185022 0.550661 0.185022 0.563877 0.180617 0.568282 0.185022 0.572687 0.193833 0.572687 0.198238 0.568282 0.202643 0.568282
0 0.400881 0.519824 0.414097 0.533040 0.418502 0.533040 0.427313 0.541850 0.431718 0.541850 0.436123 0.537445 0.440529 0.537445 0.444934 0.541850 0.449339 0.537445 0.444934 0.533040 0.440529 0.533040 0.436123 0.528634 0.431718 0.528634 0.427313 0.524229 0.427313 0.519824 0.422908 0.515419 0.422908 0.511013 0.418502 0.506608 0.409692 0.506608 0.405286 0.511013 0.405286 0.515419
0 0.577093 0.497797 0.572687 0.493392 0.563877 0.493392 0.559471 0.497797 0.559471 0.502203 0.555066 0.506608 0.550661 0.506608 0.546256 0.511013 0.541850 0.511013 0.537445 0.515419 0.546256 0.524229 0.550661 0.524229 0.555066 0.519824 0.559471 0.519824 0.563877 0.515419 0.563877 0.511013 0.568282 0.506608 0.572687 0.506608 0.577093 0.502203
0 0.352423 0.488987 0.343612 0.497797 0.343612 0.506608 0.348018 0.511013 0.348018 0.519824 0.352423 0.524229 0.352423 0.528634 0.356828 0.533040 0.356828 0.537445 0.361233 0.541850 0.370044 0.533040 0.370044 0.528634 0.365639 0.524229 0.365639 0.497797 0.361233 0.493392 0.356828 0.493392
0 0.026432 0.497797 0.035242 0.506608 0.039648 0.502203 0.044053 0.502203 0.048458 0.497797 0.052863 0.502203 0.057269 0.502203 0.061674 0.506608 0.061674 0.511013 0.066079 0.515419 0.074890 0.515419 0.079295 0.519824 0.083700 0.519824 0.092511 0.511013 0.088106 0.506608 0.083700 0.506608 0.079295 0.502203 0.070485 0.502203 0.066079 0.506608 0.061674 0.506608 0.057269 0.502203 0.052863 0.502203 0.048458 0.497797 0.048458 0.488987 0.044053 0.484582 0.035242 0.484582 0.030837 0.488987 0.030837 0.493392
0 0.947137 0.471366 0.942731 0.475771 0.942731 0.480176 0.938326 0.484582 0.947137 0.493392 0.951542 0.493392 0.960352 0.502203 0.973568 0.502203 0.977974 0.497797 0.977974 0.493392 0.973568 0.488987 0.964758 0.488987 0.960352 0.484582 0.955947 0.484582 0.951542 0.480176 0.951542 0.475771
0 0.114537 0.471366 0.105727 0.480176 0.110132 0.484582 0.110132 0.493392 0.114537 0.497797 0.123348 0.497797 0.127753 0.502203 0.136564 0.493392 0.136564 0.488987 0.118943 0.471366
0 0.709251 0.453745 0.704846 0.458150 0.704846 0.466960 0.709251 0.471366 0.713656 0.471366 0.718062 0.475771 0.722467 0.475771 0.726872 0.480176 0.726872 0.484582 0.731278 0.488987 0.731278 0.497797 0.726872 0.502203 0.726872 0.506608 0.718062 0.515419 0.713656 0.515419 0.704846 0.524229 0.704846 0.533040 0.709251 0.537445 0.709251 0.541850 0.713656 0.546256 0.722467 0.546256 0.726872 0.541850 0.726872 0.519824 0.735683 0.511013 0.740088 0.511013 0.744493 0.506608 0.744493 0.475771 0.740088 0.471366 0.735683 0.471366 0.726872 0.462555 0.726872 0.458150 0.722467 0.453745
0 0.889868 0.431718 0.881057 0.431718 0.876652 0.436123 0.867841 0.436123 0.863436 0.431718 0.859031 0.431718 0.854626 0.427313 0.841410 0.440529 0.837004 0.440529 0.832599 0.444934 0.828194 0.444934 0.823789 0.440529 0.819383 0.440529 0.814978 0.436123 0.810573 0.440529 0.810573 0.449339 0.828194 0.466960 0.828194 0.484582 0.832599 0.488987 0.832599 0.493392 0.837004 0.497797 0.850220 0.484582 0.850220 0.475771 0.841410 0.466960 0.841410 0.444934 0.850220 0.436123 0.854626 0.436123 0.859031 0.431718 0.863436 0.431718 0.867841 0.436123 0.872247 0.436123 0.881057 0.444934 0.881057 0.449339 0.885463 0.453745 0.894273 0.444934 0.894273 0.436123
0 0.647577 0.431718 0.647577 0.440529 0.656388 0.449339 0.665198 0.440529 0.669604 0.440529 0.674009 0.436123 0.678414 0.436123 0.682819 0.440529 0.687225 0.436123 0.687225 0.431718 0.682819 0.427313 0.678414 0.427313 0.674009 0.422908 0.656388 0.422908
0 0.339207 0.422908 0.334802 0.427313 0.334802 0.440529 0.330396 0.444934 0.330396 0.453745 0.334802 0.458150 0.348018 0.458150 0.356828 0.449339 0.356828 0.444934 0.352423 0.440529 0.352423 0.431718 0.348018 0.427313 0.343612 0.427313
0 0.162996 0.422908 0.158590 0.427313 0.158590 0.431718 0.154185 0.436123 0.154185 0.453745 0.158590 0.458150 0.158590 0.462555 0.162996 0.466960 0.167401 0.466960 0.171806 0.462555 0.171806 0.449339 0.176211 0.444934 0.176211 0.431718 0.171806 0.427313 0.167401 0.427313
0 0.625551 0.418502 0.621145 0.414097 0.616740 0.418502 0.603524 0.418502 0.599119 0.414097 0.594714 0.418502 0.585903 0.418502 0.581498 0.422908 0.577093 0.422908 0.572687 0.427313 0.572687 0.449339 0.577093 0.453745 0.581498 0.449339 0.581498 0.444934 0.599119 0.427313 0.603524 0.427313 0.607930 0.422908 0.612335 0.427313 0.616740 0.427313 0.621145 0.431718 0.625551 0.427313
0 0.114537 0.405286 0.105727 0.405286 0.101322 0.409692 0.101322 0.422908 0.096916 0.427313 0.092511 0.427313 0.088106 0.431718 0.083700 0.431718 0.074890 0.440529 0.074890 0.458150 0.083700 0.466960 0.088106 0.462555 0.092511 0.462555 0.096916 0.458150 0.096916 0.453745 0.101322 0.449339 0.096916 0.444934 0.096916 0.427313 0.101322 0.422908 0.105727 0.422908 0.110132 0.418502 0.114537 0.422908 0.123348 0.422908 0.127753 0.427313 0.132159 0.422908
0 0.418502 0.475771 0.418502 0.480176 0.427313 0.488987 0.431718 0.484582 0.431718 0.475771 0.436123 0.471366 0.436123 0.466960 0.440529 0.462555 0.440529 0.458150 0.444934 0.453745 0.449339 0.453745 0.453745 0.449339 0.458150 0.453745 0.462555 0.453745 0.466960 0.449339 0.471366 0.449339 0.475771 0.453745 0.480176 0.453745 0.484582 0.458150 0.484582 0.475771 0.488987 0.480176 0.493392 0.480176 0.497797 0.475771 0.497797 0.471366 0.502203 0.466960 0.506608 0.466960 0.511013 0.462555 0.515419 0.466960 0.519824 0.466960 0.524229 0.471366 0.524229 0.475771 0.528634 0.480176 0.537445 0.480176 0.541850 0.475771 0.541850 0.471366 0.546256 0.466960 0.546256 0.458150 0.537445 0.449339 0.533040 0.449339 0.528634 0.453745 0.528634 0.458150 0.524229 0.462555 0.519824 0.462555 0.515419 0.466960 0.511013 0.462555 0.506608 0.462555 0.502203 0.458150 0.502203 0.453745 0.497797 0.449339 0.493392 0.453745 0.488987 0.453745 0.484582 0.458150 0.480176 0.453745 0.475771 0.453745 0.471366 0.449339 0.471366 0.427313 0.480176 0.418502 0.480176 0.414097 0.484582 0.409692 0.471366 0.396476 0.466960 0.400881 0.462555 0.400881 0.458150 0.405286 0.458150 0.422908 0.462555 0.427313 0.462555 0.440529 0.449339 0.453745 0.444934 0.453745 0.440529 0.458150 0.436123 0.453745 0.431718 0.453745 0.422908 0.462555 0.422908 0.471366
0 0.198238 0.370044 0.198238 0.378855 0.193833 0.383260 0.193833 0.392070 0.198238 0.396476 0.202643 0.396476 0.211454 0.405286 0.211454 0.409692 0.215859 0.414097 0.215859 0.427313 0.211454 0.431718 0.211454 0.444934 0.220264 0.453745 0.229075 0.453745 0.233480 0.449339 0.233480 0.436123 0.224670 0.427313 0.220264 0.427313 0.215859 0.422908 0.215859 0.414097 0.220264 0.409692 0.220264 0.400881 0.224670 0.396476 0.229075 0.396476 0.233480 0.392070 0.237885 0.392070 0.246696 0.383260 0.251101 0.383260 0.255507 0.378855 0.259912 0.383260 0.264317 0.383260 0.273128 0.392070 0.273128 0.405286 0.281938 0.414097 0.281938 0.418502 0.290749 0.427313 0.295154 0.422908 0.295154 0.405286 0.286344 0.396476 0.286344 0.378855 0.277533 0.370044 0.273128 0.370044 0.268722 0.374449 0.255507 0.374449 0.251101 0.370044 0.242291 0.378855 0.237885 0.378855 0.233480 0.383260 0.229075 0.383260 0.224670 0.378855 0.220264 0.378855 0.215859 0.374449 0.215859 0.370044 0.211454 0.365639 0.202643 0.365639
0 0.960352 0.378855 0.964758 0.383260 0.995595 0.383260 0.995595 0.365639 0.986784 0.365639 0.982379 0.361233 0.973568 0.361233 0.964758 0.370044 0.964758 0.374449
0 0.453745 0.361233 0.449339 0.356828 0.444934 0.361233 0.418502 0.361233 0.414097 0.365639 0.414097 0.374449 0.400881 0.387665 0.396476 0.387665 0.392070 0.392070 0.383260 0.392070 0.374449 0.400881 0.378855 0.405286 0.383260 0.405286 0.387665 0.409692 0.392070 0.405286 0.409692 0.405286 0.418502 0.396476 0.418502 0.392070 0.427313 0.383260 0.431718 0.383260 0.436123 0.378855 0.440529 0.378855 0.444934 0.374449 0.449339 0.374449 0.453745 0.370044
0 0.004405 0.365639 0.004405 0.370044 0.008811 0.370044 0.017621 0.378855 0.022026 0.374449 0.026432 0.374449 0.030837 0.378855 0.035242 0.378855 0.039648 0.374449 0.044053 0.374449 0.048458 0.370044 0.052863 0.370044 0.057269 0.365639 0.061674 0.370044 0.066079 0.370044 0.070485 0.374449 0.070485 0.383260 0.066079 0.387665 0.066079 0.392070 0.074890 0.400881 0.083700 0.400881 0.088106 0.396476 0.088106 0.392070 0.092511 0.387665 0.088106 0.383260 0.088106 0.378855 0.079295 0.370044 0.079295 0.361233 0.074890 0.356828 0.048458 0.356828 0.044053 0.352423 0.030837 0.352423 0.026432 0.356828 0.017621 0.356828 0.008811 0.365639
0 0.753304 0.339207 0.748899 0.343612 0.748899 0.374449 0.757709 0.383260 0.762115 0.383260 0.770925 0.392070 0.775330 0.392070 0.779736 0.396476 0.779736 0.400881 0.784141 0.405286 0.792952 0.405286 0.797357 0.409692 0.801762 0.409692 0.806167 0.414097 0.806167 0.418502 0.810573 0.422908 0.819383 0.414097 0.819383 0.409692 0.823789 0.405286 0.810573 0.392070 0.806167 0.392070 0.801762 0.387665 0.797357 0.387665 0.792952 0.383260 0.788546 0.383260 0.779736 0.374449 0.775330 0.378855 0.770925 0.374449 0.766520 0.374449 0.757709 0.365639 0.757709 0.356828 0.766520 0.348018 0.757709 0.339207
0 0.594714 0.339207 0.590308 0.343612 0.590308 0.356828 0.599119 0.365639 0.603524 0.365639 0.616740 0.378855 0.625551 0.378855 0.629956 0.374449 0.629956 0.370044 0.616740 0.356828 0.612335 0.356828
0 0.563877 0.374449 0.563877 0.365639 0.559471 0.361233 0.559471 0.356828 0.550661 0.348018 0.550661 0.339207 0.541850 0.330396 0.537445 0.330396 0.533040 0.334802 0.533040 0.339207 0.537445 0.343612 0.537445 0.361233 0.533040 0.365639 0.528634 0.365639 0.524229 0.370044 0.519824 0.370044 0.515419 0.365639 0.511013 0.365639 0.506608 0.361233 0.484582 0.361233 0.480176 0.365639 0.480176 0.370044 0.484582 0.374449 0.488987 0.374449 0.493392 0.378855 0.511013 0.378855 0.519824 0.370044 0.524229 0.370044 0.528634 0.365639 0.533040 0.365639 0.537445 0.370044 0.541850 0.370044 0.550661 0.378855 0.559471 0.378855
0 0.867841 0.339207 0.872247 0.343612 0.889868 0.343612 0.894273 0.339207 0.898678 0.343612 0.903084 0.343612 0.911894 0.352423 0.911894 0.365639 0.916300 0.370044 0.925110 0.361233 0.925110 0.348018 0.916300 0.339207 0.916300 0.330396 0.911894 0.325991 0.903084 0.325991 0.898678 0.330396 0.889868 0.330396 0.885463 0.334802 0.881057 0.330396 0.876652 0.330396
0 0.656388 0.325991 0.651982 0.330396 0.651982 0.339207 0.656388 0.343612 0.656388 0.356828 0.660793 0.361233 0.660793 0.383260 0.669604 0.392070 0.674009 0.387665 0.674009 0.383260 0.678414 0.378855 0.678414 0.370044 0.674009 0.365639 0.674009 0.348018 0.669604 0.343612 0.669604 0.339207
0 0.722467 0.286344 0.709251 0.299559 0.704846 0.299559 0.696035 0.308370 0.696035 0.317181 0.704846 0.325991 0.709251 0.325991 0.722467 0.312775 0.722467 0.295154 0.726872 0.290749
0 0.312775 0.273128 0.312775 0.277533 0.325991 0.290749 0.325991 0.295154 0.334802 0.303965 0.339207 0.299559 0.343612 0.299559 0.352423 0.290749 0.356828 0.290749 0.365639 0.281938 0.361233 0.277533 0.334802 0.277533 0.330396 0.273128 0.321586 0.273128 0.317181 0.268722
0 0.585903 0.268722 0.581498 0.264317 0.577093 0.268722 0.572687 0.268722 0.568282 0.264317 0.563877 0.264317 0.559471 0.259912 0.550661 0.259912 0.546256 0.264317 0.546256 0.268722 0.541850 0.273128 0.537445 0.273128 0.533040 0.277533 0.519824 0.277533 0.511013 0.286344 0.506608 0.286344 0.502203 0.290749 0.497797 0.286344 0.493392 0.286344 0.484582 0.295154 0.484582 0.299559 0.493392 0.308370 0.497797 0.308370 0.506608 0.299559 0.511013 0.299559 0.515419 0.295154 0.519824 0.295154 0.524229 0.299559 0.528634 0.299559 0.537445 0.290749 0.541850 0.290749 0.550661 0.281938 0.555066 0.281938 0.559471 0.277533 0.568282 0.277533 0.572687 0.273128 0.577093 0.277533 0.581498 0.277533 0.585903 0.273128
0 0.515419 0.233480 0.511013 0.229075 0.502203 0.237885 0.497797 0.237885 0.493392 0.242291 0.484582 0.242291 0.475771 0.251101 0.480176 0.251101 0.484582 0.255507 0.493392 0.255507 0.497797 0.251101 0.511013 0.251101 0.515419 0.246696
0 0.171806 0.224670 0.149780 0.246696 0.149780 0.251101 0.127753 0.273128 0.127753 0.277533 0.118943 0.286344 0.114537 0.286344 0.118943 0.290749 0.123348 0.290749 0.127753 0.295154 0.132159 0.295154 0.136564 0.290749 0.136564 0.273128 0.140969 0.268722 0.145374 0.268722 0.149780 0.264317 0.154185 0.264317 0.158590 0.259912 0.171806 0.259912 0.176211 0.255507 0.176211 0.229075
0 0.057269 0.224670 0.048458 0.233480 0.048458 0.246696 0.052863 0.251101 0.052863 0.264317 0.048458 0.268722 0.044053 0.268722 0.052863 0.277533 0.057269 0.277533 0.066079 0.268722 0.066079 0.233480
0 0.938326 0.202643 0.933921 0.207048 0.933921 0.211454 0.938326 0.215859 0.938326 0.224670 0.933921 0.229075 0.929515 0.229075 0.925110 0.233480 0.920705 0.233480 0.916300 0.237885 0.911894 0.237885 0.916300 0.242291 0.916300 0.246696 0.933921 0.264317 0.938326 0.264317 0.942731 0.259912 0.951542 0.259912 0.955947 0.264317 0.960352 0.264317 0.964758 0.268722 0.969163 0.268722 0.977974 0.259912 0.973568 0.255507 0.964758 0.255507 0.960352 0.259912 0.955947 0.259912 0.951542 0.255507 0.947137 0.255507 0.942731 0.251101 0.942731 0.246696 0.933921 0.237885 0.933921 0.229075 0.938326 0.224670 0.942731 0.224670 0.947137 0.220264 0.951542 0.220264 0.955947 0.215859 0.960352 0.215859 0.964758 0.211454 0.969163 0.215859 0.973568 0.215859 0.977974 0.220264 0.977974 0.224670 0.986784 0.233480 0.995595 0.233480 0.995595 0.211454 0.982379 0.211454 0.977974 0.215859 0.973568 0.215859 0.969163 0.211454 0.964758 0.211454 0.960352 0.207048 0.947137 0.207048 0.942731 0.202643
0 0.907489 0.189427 0.898678 0.189427 0.894273 0.193833 0.889868 0.193833 0.885463 0.198238 0.881057 0.193833 0.876652 0.193833 0.872247 0.198238 0.867841 0.198238 0.863436 0.202643 0.885463 0.224670 0.885463 0.233480 0.881057 0.237885 0.881057 0.242291 0.885463 0.246696 0.894273 0.237885 0.898678 0.237885 0.894273 0.233480 0.894273 0.220264 0.898678 0.215859 0.898678 0.207048 0.903084 0.202643 0.907489 0.202643 0.911894 0.198238 0.911894 0.193833
0 0.462555 0.251101 0.458150 0.251101 0.449339 0.242291 0.449339 0.233480 0.453745 0.229075 0.449339 0.224670 0.449339 0.207048 0.444934 0.202643 0.440529 0.202643 0.427313 0.189427 0.427313 0.180617 0.414097 0.171806 0.405286 0.180617 0.405286 0.189427 0.392070 0.198238 0.387665 0.193833 0.378855 0.193833 0.365639 0.202643 0.361233 0.198238 0.348018 0.193833 0.339207 0.202643 0.334802 0.202643 0.321586 0.211454 0.317181 0.207048 0.312775 0.207048 0.295154 0.229075 0.268722 0.237885 0.264317 0.242291 0.264317 0.246696 0.259912 0.251101 0.246696 0.255507 0.242291 0.259912 0.242291 0.264317 0.246696 0.268722 0.264317 0.251101 0.268722 0.251101 0.273128 0.246696 0.277533 0.246696 0.281938 0.242291 0.286344 0.242291 0.299559 0.233480 0.303965 0.233480 0.308370 0.237885 0.312775 0.233480 0.321586 0.233480 0.334802 0.220264 0.339207 0.220264 0.352423 0.211454 0.356828 0.211454 0.361233 0.215859 0.365639 0.215859 0.378855 0.224670 0.396476 0.224670 0.405286 0.215859 0.396476 0.207048 0.396476 0.198238 0.409692 0.189427 0.414097 0.193833 0.427313 0.198238 0.440529 0.211454 0.440529 0.220264 0.436123 0.224670 0.436123 0.233480 0.449339 0.242291 0.449339 0.251101 0.444934 0.255507 0.444934 0.259912 0.449339 0.264317
0 0.599119 0.202643 0.599119 0.207048 0.603524 0.211454 0.621145 0.193833 0.625551 0.193833 0.629956 0.189427 0.634361 0.193833 0.638767 0.189427 0.643172 0.193833 0.647577 0.193833 0.651982 0.198238 0.651982 0.233480 0.656388 0.237885 0.669604 0.224670 0.674009 0.224670 0.678414 0.220264 0.682819 0.220264 0.687225 0.215859 0.691630 0.215859 0.696035 0.220264 0.700441 0.220264 0.709251 0.229075 0.713656 0.229075 0.718062 0.224670 0.718062 0.215859 0.722467 0.211454 0.726872 0.211454 0.731278 0.207048 0.735683 0.211454 0.740088 0.211454 0.744493 0.215859 0.744493 0.220264 0.748899 0.224670 0.748899 0.229075 0.753304 0.233480 0.757709 0.233480 0.762115 0.229075 0.762115 0.220264 0.757709 0.215859 0.748899 0.215859 0.744493 0.211454 0.740088 0.211454 0.735683 0.207048 0.735683 0.202643 0.731278 0.198238 0.726872 0.202643 0.722467 0.202643 0.718062 0.207048 0.709251 0.207048 0.704846 0.211454 0.700441 0.211454 0.696035 0.215859 0.691630 0.211454 0.687225 0.211454 0.682819 0.207048 0.674009 0.207048 0.669604 0.202643 0.665198 0.202643 0.660793 0.198238 0.656388 0.198238 0.651982 0.193833 0.651982 0.180617 0.656388 0.176211 0.656388 0.171806 0.660793 0.167401 0.660793 0.162996 0.656388 0.158590 0.651982 0.158590 0.634361 0.176211 0.629956 0.176211 0.621145 0.185022 0.621145 0.189427 0.616740 0.193833 0.612335 0.193833 0.607930 0.198238 0.603524 0.198238
0 0.198238 0.158590 0.185022 0.158590 0.180617 0.162996 0.180617 0.167401 0.176211 0.171806 0.176211 0.180617 0.171806 0.185022 0.176211 0.189427 0.180617 0.189427 0.185022 0.185022 0.189427 0.185022 0.202643 0.171806 0.202643 0.162996
0 0.281938 0.132159 0.273128 0.140969 0.273128 0.145374 0.286344 0.158590 0.286344 0.162996 0.290749 0.167401 0.295154 0.167401 0.299559 0.171806 0.303965 0.171806 0.312775 0.162996 0.308370 0.158590 0.308370 0.154185 0.303965 0.149780 0.299559 0.149780
0 0.889868 0.123348 0.885463 0.127753 0.885463 0.149780 0.889868 0.154185 0.894273 0.154185 0.898678 0.158590 0.903084 0.154185 0.903084 0.149780 0.907489 0.145374 0.907489 0.132159 0.898678 0.123348
0 0.052863 0.110132 0.048458 0.105727 0.048458 0.101322 0.044053 0.096916 0.039648 0.101322 0.035242 0.101322 0.022026 0.114537 0.017621 0.114537 0.013216 0.118943 0.004405 0.118943 0.000000 0.114537 0.000000 0.127753 0.004405 0.127753 0.008811 0.123348 0.013216 0.123348 0.017621 0.118943 0.022026 0.123348 0.026432 0.123348 0.030837 0.127753 0.044053 0.127753 0.048458 0.123348 0.048458 0.114537
0 0.995595 0.048458 0.986784 0.048458 0.982379 0.052863 0.969163 0.052863 0.964758 0.057269 0.964758 0.061674 0.960352 0.066079 0.960352 0.070485 0.969163 0.079295 0.969163 0.092511 0.964758 0.096916 0.964758 0.110132 0.973568 0.118943 0.977974 0.114537 0.977974 0.105727 0.982379 0.101322 0.982379 0.092511 0.977974 0.088106 0.977974 0.079295 0.982379 0.074890 0.982379 0.070485 0.986784 0.066079 0.991189 0.066079 0.995595 0.061674
0 0.096916 0.048458 0.092511 0.052863 0.092511 0.057269 0.101322 0.066079 0.105727 0.066079 0.114537 0.074890 0.118943 0.074890 0.123348 0.079295 0.123348 0.101322 0.127753 0.105727 0.132159 0.105727 0.136564 0.110132 0.140969 0.105727 0.140969 0.092511 0.136564 0.088106 0.136564 0.066079 0.132159 0.061674 0.118943 0.061674 0.114537 0.057269 0.110132 0.057269 0.101322 0.048458
0 0.634361 0.039648 0.621145 0.052863 0.621145 0.070485 0.625551 0.074890 0.625551 0.083700 0.621145 0.088106 0.621145 0.114537 0.625551 0.118943 0.634361 0.118943 0.638767 0.114537 0.638767 0.110132 0.634361 0.105727 0.634361 0.074890 0.638767 0.070485 0.638767 0.044053
0 0.409692 0.035242 0.392070 0.035242 0.383260 0.044053 0.400881 0.061674 0.400881 0.066079 0.405286 0.070485 0.405286 0.079295 0.409692 0.083700 0.409692 0.096916 0.405286 0.101322 0.400881 0.101322 0.396476 0.105727 0.387665 0.105727 0.383260 0.110132 0.378855 0.110132 0.374449 0.105727 0.370044 0.105727 0.365639 0.101322 0.365639 0.092511 0.356828 0.083700 0.352423 0.088106 0.352423 0.092511 0.348018 0.096916 0.348018 0.101322 0.352423 0.105727 0.361233 0.105727 0.365639 0.101322 0.370044 0.105727 0.374449 0.105727 0.378855 0.110132 0.378855 0.127753 0.365639 0.140969 0.374449 0.149780 0.383260 0.149780 0.392070 0.140969 0.392070 0.114537 0.396476 0.110132 0.400881 0.110132 0.405286 0.105727 0.409692 0.110132 0.414097 0.105727 0.418502 0.110132 0.422908 0.110132 0.427313 0.105727 0.427313 0.101322 0.418502 0.092511 0.418502 0.079295 0.422908 0.074890 0.422908 0.057269 0.418502 0.052863 0.418502 0.048458 0.414097 0.044053 0.414097 0.039648
0 0.321586 0.035242 0.312775 0.044053 0.312775 0.048458 0.308370 0.052863 0.303965 0.052863 0.303965 0.061674 0.308370 0.066079 0.308370 0.088106 0.303965 0.092511 0.299559 0.092511 0.295154 0.096916 0.290749 0.092511 0.286344 0.092511 0.281938 0.088106 0.273128 0.088106 0.268722 0.092511 0.277533 0.101322 0.286344 0.101322 0.290749 0.105727 0.295154 0.105727 0.299559 0.101322 0.299559 0.096916 0.308370 0.088106 0.312775 0.088106 0.317181 0.083700 0.317181 0.070485 0.325991 0.061674 0.325991 0.057269 0.330396 0.052863 0.330396 0.044053
0 0.193833 0.035242 0.185022 0.035242 0.176211 0.044053 0.176211 0.061674 0.180617 0.066079 0.180617 0.083700 0.176211 0.088106 0.176211 0.092511 0.167401 0.101322 0.167401 0.105727 0.162996 0.110132 0.162996 0.114537 0.171806 0.123348 0.176211 0.123348 0.185022 0.114537 0.185022 0.088106 0.193833 0.079295 0.189427 0.074890 0.189427 0.061674 0.193833 0.057269 0.193833 0.044053 0.198238 0.039648
0 0.511013 0.017621 0.502203 0.026432 0.506608 0.030837 0.506608 0.048458 0.502203 0.052863 0.497797 0.052863 0.493392 0.057269 0.488987 0.052863 0.484582 0.057269 0.484582 0.066079 0.480176 0.070485 0.475771 0.070485 0.466960 0.079295 0.466960 0.083700 0.462555 0.088106 0.475771 0.101322 0.480176 0.101322 0.484582 0.096916 0.484582 0.066079 0.497797 0.052863 0.502203 0.052863 0.506608 0.048458 0.511013 0.052863 0.515419 0.052863 0.519824 0.057269 0.528634 0.057269 0.533040 0.052863 0.537445 0.057269 0.541850 0.057269 0.546256 0.052863 0.546256 0.048458 0.541850 0.044053 0.537445 0.044053 0.528634 0.035242 0.528634 0.030837 0.519824 0.022026 0.515419 0.022026
0 0.955947 0.000000 0.938326 0.000000 0.938326 0.008811 0.925110 0.022026 0.925110 0.026432 0.898678 0.052863 0.898678 0.057269 0.894273 0.061674 0.894273 0.066079 0.903084 0.074890 0.907489 0.070485 0.911894 0.070485 0.916300 0.066079 0.916300 0.061674 0.925110 0.052863 0.925110 0.048458 0.929515 0.044053 0.929515 0.035242 0.933921 0.030837 0.938326 0.030837 0.951542 0.017621 0.951542 0.013216 0.955947 0.008811
0 0.052863 0.000000 0.030837 0.000000 0.030837 0.004405 0.022026 0.013216 0.017621 0.013216 0.008811 0.022026 0.004405 0.022026 0.000000 0.026432 0.000000 0.039648 0.004405 0.039648 0.008811 0.044053 0.017621 0.044053 0.026432 0.035242 0.026432 0.030837 0.030837 0.026432 0.030837 0.022026 0.039648 0.013216 0.044053 0.013216 0.052863 0.004405
