0 0.132159 0.995595 0.140969 0.995595 0.140969 0.991189 0.145374 0.986784 0.149780 0.986784 0.154185 0.982379 0.158590 0.986784 0.162996 0.986784 0.167401 0.991189 0.167401 0.995595 0.171806 0.995595 0.171806 0.991189 0.176211 0.986784 0.180617 0.986784 0.185022 0.982379 0.189427 0.982379 0.193833 0.986784 0.198238 0.986784 0.202643 0.982379 0.198238 0.977974 0.193833 0.977974 0.189427 0.973568 0.180617 0.973568 0.176211 0.977974 0.158590 0.977974 0.154185 0.973568 0.149780 0.973568 0.145374 0.977974 0.140969 0.977974 0.132159 0.986784
0 0.709251 0.947137 0.704846 0.951542 0.700441 0.947137 0.687225 0.947137 0.678414 0.955947 0.678414 0.960352 0.691630 0.973568 0.696035 0.969163 0.700441 0.969163 0.709251 0.960352
0 0.784141 0.951542 0.775330 0.942731 0.770925 0.947137 0.766520 0.947137 0.762115 0.951542 0.757709 0.951542 0.748899 0.960352 0.744493 0.960352 0.740088 0.964758 0.740088 0.973568 0.735683 0.977974 0.731278 0.977974 0.726872 0.982379 0.726872 0.995595 0.748899 0.995595 0.748899 0.982379 0.744493 0.977974 0.744493 0.969163 0.748899 0.964758 0.753304 0.964758 0.757709 0.960352 0.770925 0.960352 0.775330 0.955947 0.779736 0.955947
0 0.625551 0.929515 0.621145 0.933921 0.621145 0.960352 0.625551 0.964758 0.638767 0.964758 0.643172 0.960352 0.634361 0.951542 0.634361 0.933921 0.629956 0.929515
0 0.881057 0.885463 0.872247 0.894273 0.872247 0.898678 0.867841 0.903084 0.867841 0.907489 0.863436 0.911894 0.872247 0.920705 0.876652 0.920705 0.881057 0.916300 0.885463 0.916300 0.889868 0.911894 0.894273 0.916300 0.898678 0.916300 0.903084 0.920705 0.903084 0.925110 0.907489 0.929515 0.907489 0.938326 0.911894 0.942731 0.916300 0.938326 0.916300 0.933921 0.920705 0.929515 0.920705 0.925110 0.911894 0.916300 0.907489 0.920705 0.903084 0.916300 0.898678 0.916300 0.894273 0.911894 0.894273 0.903084 0.889868 0.898678 0.889868 0.894273
0 0.118943 0.806167 0.110132 0.797357 0.105727 0.801762 0.105727 0.814978 0.101322 0.819383 0.096916 0.819383 0.092511 0.823789 0.083700 0.823789 0.079295 0.828194 0.061674 0.828194 0.057269 0.832599 0.052863 0.832599 0.048458 0.837004 0.048458 0.850220 0.052863 0.854626 0.057269 0.854626 0.061674 0.859031 0.070485 0.850220 0.074890 0.850220 0.079295 0.845815 0.088106 0.845815 0.092511 0.841410 0.096916 0.845815 0.101322 0.841410 0.105727 0.845815 0.110132 0.845815 0.114537 0.841410 0.114537 0.837004 0.110132 0.832599 0.105727 0.832599 0.101322 0.828194 0.101322 0.819383 0.110132 0.810573 0.114537 0.810573
0 0.233480 0.770925 0.229075 0.766520 0.224670 0.766520 0.215859 0.775330 0.211454 0.775330 0.207048 0.779736 0.202643 0.779736 0.198238 0.775330 0.193833 0.775330 0.189427 0.770925 0.185022 0.770925 0.180617 0.775330 0.180617 0.779736 0.189427 0.788546 0.189427 0.801762 0.193833 0.806167 0.202643 0.797357 0.202643 0.792952 0.211454 0.784141 0.215859 0.784141 0.220264 0.779736 0.224670 0.779736
0 0.281938 0.762115 0.277533 0.766520 0.277533 0.770925 0.273128 0.775330 0.273128 0.779736 0.277533 0.784141 0.286344 0.784141 0.290749 0.788546 0.295154 0.788546 0.299559 0.792952 0.303965 0.792952 0.308370 0.788546 0.308370 0.779736 0.290749 0.762115
0 0.581498 0.757709 0.581498 0.766520 0.585903 0.770925 0.590308 0.766520 0.599119 0.766520 0.603524 0.770925 0.607930 0.770925 0.612335 0.775330 0.616740 0.770925 0.621145 0.770925 0.625551 0.766520 0.625551 0.762115 0.616740 0.753304 0.607930 0.753304 0.603524 0.757709 0.590308 0.757709 0.585903 0.753304
0 0.995595 0.735683 0.903084 0.766520 0.867841 0.797357 0.814978 0.784141 0.744493 0.806167 0.731278 0.797357 0.740088 0.779736 0.726872 0.766520 0.704846 0.766520 0.696035 0.779736 0.731278 0.797357 0.709251 0.823789 0.603524 0.828194 0.585903 0.814978 0.568282 0.841410 0.546256 0.850220 0.378855 0.854626 0.334802 0.837004 0.334802 0.819383 0.321586 0.814978 0.299559 0.832599 0.281938 0.828194 0.264317 0.850220 0.211454 0.859031 0.149780 0.903084 0.136564 0.894273 0.136564 0.872247 0.193833 0.841410 0.202643 0.823789 0.132159 0.859031 0.127753 0.907489 0.110132 0.925110 0.022026 0.964758 0.000000 0.960352 0.000000 0.969163 0.017621 0.977974 0.013216 0.995595 0.035242 0.995595 0.048458 0.973568 0.061674 0.977974 0.145374 0.947137 0.185022 0.903084 0.202643 0.907489 0.303965 0.876652 0.453745 0.881057 0.497797 0.898678 0.471366 0.925110 0.414097 0.933921 0.387665 0.951542 0.334802 0.947137 0.348018 0.964758 0.418502 0.942731 0.436123 0.951542 0.405286 0.986784 0.374449 0.995595 0.480176 0.995595 0.475771 0.969163 0.541850 0.933921 0.524229 0.925110 0.537445 0.907489 0.568282 0.911894 0.550661 0.933921 0.563877 0.942731 0.577093 0.920705 0.643172 0.889868 0.704846 0.889868 0.770925 0.854626 0.797357 0.863436 0.828194 0.845815 0.889868 0.850220 0.920705 0.837004 0.995595 0.850220 0.995595 0.819383 0.920705 0.819383 0.903084 0.837004 0.881057 0.819383 0.881057 0.806167 0.907489 0.788546 0.995595 0.770925
0 0.854626 0.691630 0.850220 0.696035 0.850220 0.704846 0.854626 0.709251 0.863436 0.709251 0.867841 0.713656 0.872247 0.713656 0.885463 0.726872 0.889868 0.722467 0.889868 0.718062 0.885463 0.713656 0.885463 0.709251 0.863436 0.687225 0.859031 0.691630
0 0.753304 0.682819 0.748899 0.687225 0.753304 0.691630 0.753304 0.700441 0.757709 0.704846 0.757709 0.735683 0.753304 0.740088 0.753304 0.748899 0.757709 0.753304 0.762115 0.748899 0.766520 0.748899 0.775330 0.740088 0.775330 0.718062 0.770925 0.713656 0.770925 0.704846 0.762115 0.696035 0.762115 0.691630
0 0.405286 0.735683 0.409692 0.740088 0.409692 0.744493 0.414097 0.748899 0.422908 0.740088 0.422908 0.735683 0.427313 0.731278 0.431718 0.731278 0.436123 0.726872 0.440529 0.731278 0.444934 0.731278 0.449339 0.735683 0.449339 0.740088 0.458150 0.748899 0.466960 0.748899 0.480176 0.735683 0.480176 0.731278 0.484582 0.726872 0.488987 0.726872 0.493392 0.722467 0.497797 0.726872 0.506608 0.718062 0.506608 0.713656 0.497797 0.704846 0.484582 0.718062 0.480176 0.718062 0.475771 0.722467 0.458150 0.722467 0.453745 0.726872 0.449339 0.726872 0.444934 0.731278 0.440529 0.726872 0.436123 0.726872 0.431718 0.722467 0.431718 0.704846 0.436123 0.700441 0.436123 0.682819 0.431718 0.678414 0.427313 0.678414 0.418502 0.687225 0.418502 0.709251 0.414097 0.713656 0.414097 0.718062 0.405286 0.726872
0 0.581498 0.709251 0.581498 0.713656 0.590308 0.722467 0.594714 0.722467 0.599119 0.718062 0.603524 0.718062 0.612335 0.709251 0.616740 0.709251 0.625551 0.700441 0.629956 0.700441 0.634361 0.696035 0.638767 0.700441 0.643172 0.700441 0.647577 0.704846 0.647577 0.709251 0.656388 0.718062 0.656388 0.731278 0.660793 0.735683 0.669604 0.735683 0.678414 0.726872 0.678414 0.722467 0.674009 0.718062 0.674009 0.709251 0.665198 0.700441 0.656388 0.700441 0.651982 0.696035 0.647577 0.696035 0.643172 0.691630 0.643172 0.678414 0.638767 0.674009 0.638767 0.669604 0.634361 0.665198 0.629956 0.665198 0.621145 0.674009 0.625551 0.678414 0.625551 0.687225 0.621145 0.691630 0.616740 0.691630 0.612335 0.696035 0.594714 0.696035
0 0.722467 0.634361 0.713656 0.643172 0.709251 0.643172 0.704846 0.647577 0.700441 0.647577 0.696035 0.643172 0.691630 0.643172 0.687225 0.638767 0.678414 0.647577 0.678414 0.656388 0.687225 0.665198 0.691630 0.665198 0.700441 0.674009 0.700441 0.691630 0.709251 0.700441 0.718062 0.691630 0.718062 0.674009 0.722467 0.669604 0.722467 0.660793 0.718062 0.656388 0.718062 0.647577 0.726872 0.638767
0 0.762115 0.625551 0.753304 0.634361 0.757709 0.638767 0.757709 0.647577 0.766520 0.656388 0.766520 0.660793 0.770925 0.665198 0.770925 0.669604 0.775330 0.674009 0.784141 0.674009 0.788546 0.678414 0.792952 0.678414 0.797357 0.682819 0.806167 0.682819 0.810573 0.678414 0.810573 0.665198 0.806167 0.660793 0.788546 0.660793 0.784141 0.656388 0.779736 0.656388 0.770925 0.647577 0.770925 0.634361
0 0.123348 0.612335 0.123348 0.616740 0.132159 0.625551 0.136564 0.625551 0.140969 0.629956 0.149780 0.629956 0.154185 0.634361 0.158590 0.634361 0.167401 0.625551 0.162996 0.621145 0.162996 0.616740 0.158590 0.612335 0.154185 0.612335 0.145374 0.603524 0.132159 0.603524
0 0.325991 0.546256 0.321586 0.546256 0.317181 0.550661 0.317181 0.555066 0.312775 0.559471 0.312775 0.568282 0.303965 0.577093 0.299559 0.577093 0.295154 0.581498 0.299559 0.585903 0.299559 0.590308 0.308370 0.599119 0.317181 0.590308 0.317181 0.581498 0.330396 0.568282 0.330396 0.550661
0 0.259912 0.528634 0.255507 0.524229 0.242291 0.524229 0.237885 0.528634 0.233480 0.528634 0.229075 0.533040 0.224670 0.533040 0.220264 0.528634 0.211454 0.537445 0.211454 0.541850 0.215859 0.546256 0.224670 0.546256 0.229075 0.541850 0.233480 0.541850 0.237885 0.537445 0.242291 0.541850 0.246696 0.541850 0.251101 0.546256 0.255507 0.546256 0.259912 0.541850
0 0.995595 0.678414 0.916300 0.607930 0.881057 0.616740 0.850220 0.577093 0.819383 0.572687 0.814978 0.555066 0.837004 0.541850 0.854626 0.546256 0.854626 0.537445 0.810573 0.537445 0.784141 0.555066 0.766520 0.555066 0.731278 0.524229 0.713656 0.524229 0.674009 0.550661 0.647577 0.541850 0.647577 0.524229 0.638767 0.519824 0.616740 0.546256 0.563877 0.568282 0.550661 0.581498 0.546256 0.603524 0.528634 0.616740 0.458150 0.616740 0.414097 0.629956 0.396476 0.616740 0.348018 0.638767 0.286344 0.691630 0.237885 0.709251 0.198238 0.687225 0.189427 0.665198 0.189427 0.682819 0.176211 0.691630 0.096916 0.691630 0.048458 0.665198 0.061674 0.647577 0.052863 0.634361 0.052863 0.599119 0.026432 0.625551 0.039648 0.634361 0.044053 0.656388 0.000000 0.678414 0.000000 0.704846 0.035242 0.709251 0.035242 0.726872 0.048458 0.740088 0.070485 0.713656 0.118943 0.735683 0.149780 0.713656 0.176211 0.713656 0.220264 0.735683 0.251101 0.735683 0.268722 0.722467 0.286344 0.722467 0.343612 0.682819 0.370044 0.678414 0.396476 0.656388 0.431718 0.660793 0.533040 0.638767 0.563877 0.656388 0.577093 0.647577 0.563877 0.621145 0.590308 0.594714 0.696035 0.555066 0.722467 0.555066 0.753304 0.581498 0.841410 0.607930 0.885463 0.647577 0.947137 0.674009 0.991189 0.713656
0 0.365639 0.502203 0.370044 0.506608 0.387665 0.506608 0.392070 0.511013 0.396476 0.511013 0.400881 0.515419 0.400881 0.524229 0.409692 0.533040 0.414097 0.528634 0.418502 0.533040 0.422908 0.533040 0.431718 0.541850 0.436123 0.541850 0.444934 0.550661 0.449339 0.550661 0.458150 0.541850 0.458150 0.533040 0.453745 0.528634 0.453745 0.524229 0.449339 0.519824 0.444934 0.519824 0.440529 0.515419 0.436123 0.515419 0.431718 0.511013 0.427313 0.511013 0.422908 0.515419 0.409692 0.515419 0.405286 0.511013 0.400881 0.511013 0.387665 0.497797 0.370044 0.497797
0 0.229075 0.493392 0.237885 0.502203 0.242291 0.502203 0.246696 0.497797 0.251101 0.497797 0.255507 0.493392 0.273128 0.493392 0.277533 0.488987 0.273128 0.484582 0.259912 0.484582 0.255507 0.480176 0.251101 0.480176 0.246696 0.475771 0.242291 0.475771 0.237885 0.471366 0.233480 0.475771 0.233480 0.488987
0 0.070485 0.466960 0.066079 0.462555 0.061674 0.466960 0.057269 0.466960 0.052863 0.471366 0.052863 0.484582 0.048458 0.488987 0.044053 0.488987 0.039648 0.493392 0.035242 0.488987 0.030837 0.488987 0.022026 0.480176 0.017621 0.480176 0.008811 0.471366 0.000000 0.471366 0.000000 0.488987 0.004405 0.493392 0.008811 0.493392 0.026432 0.511013 0.044053 0.511013 0.048458 0.506608 0.052863 0.506608 0.052863 0.493392 0.061674 0.484582 0.066079 0.484582 0.070485 0.480176
0 0.158590 0.466960 0.167401 0.475771 0.185022 0.475771 0.189427 0.471366 0.189427 0.462555 0.180617 0.453745 0.176211 0.458150 0.171806 0.453745
0 0.753304 0.440529 0.740088 0.427313 0.718062 0.449339 0.722467 0.453745 0.731278 0.453745 0.735683 0.449339 0.748899 0.449339 0.753304 0.444934
0 0.057269 0.418502 0.048458 0.418502 0.044053 0.422908 0.039648 0.422908 0.035242 0.427313 0.035242 0.431718 0.048458 0.444934 0.052863 0.444934 0.061674 0.436123 0.061674 0.422908
0 0.511013 0.396476 0.502203 0.405286 0.506608 0.409692 0.506608 0.414097 0.528634 0.436123 0.533040 0.436123 0.541850 0.427313 0.537445 0.422908 0.537445 0.414097 0.533040 0.409692 0.533040 0.405286 0.528634 0.400881 0.524229 0.400881 0.519824 0.396476
0 0.995595 0.356828 0.991189 0.356828 0.986784 0.361233 0.982379 0.361233 0.977974 0.365639 0.973568 0.361233 0.964758 0.370044 0.964758 0.374449 0.969163 0.378855 0.973568 0.378855 0.977974 0.374449 0.982379 0.378855 0.995595 0.378855
0 0.911894 0.348018 0.907489 0.352423 0.907489 0.361233 0.916300 0.370044 0.920705 0.370044 0.925110 0.374449 0.925110 0.387665 0.920705 0.392070 0.916300 0.392070 0.911894 0.396476 0.911894 0.400881 0.916300 0.405286 0.920705 0.405286 0.925110 0.400881 0.929515 0.405286 0.933921 0.405286 0.938326 0.409692 0.938326 0.427313 0.942731 0.431718 0.942731 0.440529 0.947137 0.444934 0.951542 0.444934 0.960352 0.436123 0.960352 0.418502 0.951542 0.409692 0.942731 0.409692 0.938326 0.405286 0.933921 0.405286 0.929515 0.400881 0.929515 0.396476 0.925110 0.392070 0.925110 0.383260 0.929515 0.378855 0.933921 0.378855 0.938326 0.374449 0.933921 0.370044 0.933921 0.365639 0.916300 0.348018
0 0.383260 0.348018 0.378855 0.343612 0.374449 0.348018 0.374449 0.352423 0.370044 0.356828 0.365639 0.356828 0.361233 0.361233 0.348018 0.361233 0.339207 0.370044 0.339207 0.374449 0.348018 0.383260 0.352423 0.383260 0.356828 0.378855 0.365639 0.378855 0.370044 0.374449 0.370044 0.370044 0.374449 0.365639 0.374449 0.356828
0 0.000000 0.339207 0.000000 0.356828 0.004405 0.356828 0.008811 0.361233 0.022026 0.361233 0.026432 0.365639 0.052863 0.365639 0.057269 0.361233 0.066079 0.361233 0.070485 0.356828 0.070485 0.348018 0.061674 0.339207 0.057269 0.343612 0.052863 0.343612 0.048458 0.348018 0.044053 0.348018 0.039648 0.343612 0.035242 0.343612 0.030837 0.339207
0 0.770925 0.317181 0.762115 0.325991 0.770925 0.334802 0.784141 0.334802 0.788546 0.339207 0.792952 0.339207 0.797357 0.343612 0.801762 0.343612 0.810573 0.352423 0.810573 0.356828 0.814978 0.361233 0.814978 0.365639 0.819383 0.370044 0.819383 0.378855 0.814978 0.383260 0.810573 0.383260 0.806167 0.387665 0.801762 0.387665 0.797357 0.392070 0.806167 0.400881 0.819383 0.400881 0.823789 0.396476 0.823789 0.392070 0.832599 0.383260 0.837004 0.383260 0.841410 0.378855 0.841410 0.374449 0.845815 0.370044 0.841410 0.365639 0.841410 0.361233 0.837004 0.356828 0.837004 0.352423 0.828194 0.343612 0.828194 0.339207 0.823789 0.334802 0.810573 0.334802 0.806167 0.330396 0.801762 0.330396 0.797357 0.325991 0.797357 0.312775 0.792952 0.308370 0.788546 0.312775 0.784141 0.312775 0.779736 0.317181
0 0.506608 0.308370 0.506608 0.312775 0.515419 0.321586 0.528634 0.321586 0.533040 0.317181 0.537445 0.317181 0.541850 0.321586 0.546256 0.321586 0.555066 0.330396 0.563877 0.330396 0.568282 0.334802 0.572687 0.330396 0.577093 0.334802 0.581498 0.330396 0.581498 0.321586 0.577093 0.317181 0.572687 0.317181 0.568282 0.312775 0.550661 0.312775 0.546256 0.308370 0.541850 0.308370 0.537445 0.303965 0.537445 0.299559 0.533040 0.295154 0.528634 0.295154 0.524229 0.299559 0.515419 0.299559
0 0.837004 0.268722 0.832599 0.273128 0.832599 0.277533 0.845815 0.290749 0.854626 0.290749 0.859031 0.286344 0.863436 0.290749 0.867841 0.290749 0.872247 0.295154 0.872247 0.308370 0.876652 0.312775 0.876652 0.317181 0.885463 0.325991 0.889868 0.325991 0.903084 0.312775 0.898678 0.308370 0.898678 0.303965 0.885463 0.290749 0.881057 0.295154 0.876652 0.295154 0.872247 0.290749 0.867841 0.290749 0.863436 0.286344 0.863436 0.273128 0.859031 0.268722 0.854626 0.268722 0.850220 0.264317 0.845815 0.264317 0.841410 0.268722
0 0.629956 0.255507 0.629956 0.273128 0.625551 0.277533 0.678414 0.330396 0.678414 0.339207 0.682819 0.343612 0.687225 0.343612 0.691630 0.348018 0.696035 0.348018 0.700441 0.343612 0.700441 0.334802 0.709251 0.325991 0.713656 0.325991 0.718062 0.321586 0.722467 0.325991 0.726872 0.321586 0.731278 0.325991 0.735683 0.325991 0.740088 0.321586 0.740088 0.317181 0.731278 0.308370 0.726872 0.312775 0.709251 0.312775 0.704846 0.308370 0.700441 0.308370 0.696035 0.312775 0.691630 0.308370 0.687225 0.308370 0.682819 0.303965 0.682819 0.290749 0.678414 0.286344 0.674009 0.286344 0.669604 0.281938 0.669604 0.273128 0.660793 0.264317 0.656388 0.264317 0.651982 0.259912 0.647577 0.259912 0.638767 0.251101 0.634361 0.251101
0 0.330396 0.251101 0.325991 0.251101 0.321586 0.246696 0.317181 0.246696 0.308370 0.255507 0.308370 0.259912 0.303965 0.264317 0.303965 0.268722 0.290749 0.281938 0.286344 0.281938 0.273128 0.295154 0.273128 0.303965 0.259912 0.317181 0.255507 0.317181 0.251101 0.321586 0.242291 0.321586 0.237885 0.317181 0.229075 0.325991 0.229075 0.361233 0.215859 0.374449 0.211454 0.374449 0.207048 0.378855 0.202643 0.378855 0.198238 0.374449 0.193833 0.374449 0.180617 0.361233 0.167401 0.361233 0.158590 0.370044 0.162996 0.374449 0.176211 0.374449 0.180617 0.378855 0.189427 0.378855 0.193833 0.374449 0.198238 0.378855 0.202643 0.378855 0.207048 0.383260 0.207048 0.387665 0.211454 0.392070 0.211454 0.396476 0.220264 0.405286 0.224670 0.400881 0.224670 0.396476 0.237885 0.383260 0.237885 0.378855 0.242291 0.374449 0.242291 0.352423 0.237885 0.348018 0.237885 0.334802 0.251101 0.321586 0.255507 0.321586 0.259912 0.317181 0.264317 0.321586 0.273128 0.312775 0.277533 0.312775 0.281938 0.308370 0.286344 0.308370 0.295154 0.299559 0.295154 0.295154 0.299559 0.290749 0.303965 0.290749 0.312775 0.281938 0.312775 0.277533 0.317181 0.273128 0.317181 0.264317 0.325991 0.255507 0.330396 0.255507
0 0.488987 0.242291 0.466960 0.242291 0.462555 0.246696 0.458150 0.246696 0.453745 0.251101 0.449339 0.251101 0.440529 0.259912 0.440529 0.290749 0.436123 0.295154 0.436123 0.303965 0.431718 0.308370 0.427313 0.308370 0.422908 0.312775 0.427313 0.317181 0.436123 0.308370 0.440529 0.308370 0.444934 0.303965 0.449339 0.303965 0.453745 0.299559 0.458150 0.303965 0.462555 0.299559 0.462555 0.295154 0.449339 0.281938 0.449339 0.264317 0.453745 0.259912 0.458150 0.259912 0.462555 0.255507 0.475771 0.255507 0.480176 0.259912 0.488987 0.259912 0.493392 0.255507 0.493392 0.246696
0 0.378855 0.242291 0.374449 0.237885 0.361233 0.237885 0.348018 0.251101 0.343612 0.251101 0.343612 0.255507 0.348018 0.255507 0.352423 0.259912 0.365639 0.259912 0.378855 0.246696
0 0.726872 0.242291 0.726872 0.259912 0.731278 0.264317 0.748899 0.264317 0.757709 0.255507 0.762115 0.255507 0.757709 0.255507 0.753304 0.251101 0.753304 0.246696 0.744493 0.237885 0.740088 0.237885 0.735683 0.233480
0 0.995595 0.224670 0.991189 0.224670 0.986784 0.229075 0.982379 0.229075 0.977974 0.224670 0.973568 0.224670 0.969163 0.220264 0.960352 0.220264 0.951542 0.229075 0.951542 0.233480 0.933921 0.251101 0.929515 0.251101 0.925110 0.255507 0.920705 0.255507 0.916300 0.259912 0.911894 0.259912 0.907489 0.264317 0.898678 0.264317 0.894273 0.268722 0.903084 0.277533 0.907489 0.277533 0.911894 0.273128 0.938326 0.273128 0.947137 0.264317 0.951542 0.264317 0.955947 0.259912 0.960352 0.259912 0.964758 0.255507 0.964758 0.237885 0.969163 0.233480 0.973568 0.233480 0.977974 0.229075 0.982379 0.233480 0.986784 0.233480 0.991189 0.237885 0.991189 0.259912 0.995595 0.264317
0 0.220264 0.211454 0.207048 0.215859 0.189427 0.202643 0.171806 0.202643 0.167401 0.207048 0.158590 0.207048 0.145374 0.198238 0.140969 0.198238 0.136564 0.202643 0.136564 0.207048 0.140969 0.211454 0.140969 0.229075 0.132159 0.237885 0.132159 0.251101 0.149780 0.264317 0.149780 0.303965 0.136564 0.312775 0.132159 0.308370 0.118943 0.303965 0.110132 0.295154 0.110132 0.286344 0.114537 0.281938 0.110132 0.277533 0.096916 0.273128 0.083700 0.259912 0.079295 0.259912 0.074890 0.255507 0.066079 0.255507 0.061674 0.251101 0.057269 0.251101 0.052863 0.255507 0.052863 0.259912 0.057269 0.264317 0.061674 0.264317 0.079295 0.281938 0.083700 0.281938 0.088106 0.277533 0.096916 0.277533 0.110132 0.286344 0.110132 0.295154 0.105727 0.299559 0.101322 0.299559 0.088106 0.312775 0.088106 0.325991 0.101322 0.343612 0.110132 0.343612 0.114537 0.339207 0.145374 0.325991 0.154185 0.312775 0.154185 0.303965 0.158590 0.299559 0.162996 0.299559 0.176211 0.286344 0.176211 0.281938 0.167401 0.273128 0.162996 0.273128 0.149780 0.264317 0.149780 0.251101 0.154185 0.246696 0.154185 0.237885 0.149780 0.233480 0.149780 0.220264 0.154185 0.215859 0.158590 0.215859 0.162996 0.211454 0.176211 0.220264 0.185022 0.220264 0.198238 0.211454 0.202643 0.215859 0.207048 0.215859 0.211454 0.220264 0.211454 0.242291 0.224670 0.259912 0.229075 0.273128 0.233480 0.277533 0.237885 0.277533 0.246696 0.268722 0.246696 0.255507 0.233480 0.242291 0.229075 0.220264
0 0.616740 0.215859 0.621145 0.220264 0.629956 0.211454 0.634361 0.211454 0.638767 0.207048 0.643172 0.207048 0.647577 0.211454 0.651982 0.211454 0.656388 0.215859 0.656388 0.224670 0.660793 0.229075 0.674009 0.229075 0.678414 0.224670 0.682819 0.229075 0.687225 0.224670 0.696035 0.224670 0.700441 0.220264 0.700441 0.215859 0.704846 0.211454 0.709251 0.211454 0.713656 0.207048 0.731278 0.207048 0.735683 0.202643 0.731278 0.198238 0.713656 0.198238 0.709251 0.202643 0.687225 0.202643 0.682819 0.207048 0.678414 0.207048 0.674009 0.211454 0.669604 0.211454 0.665198 0.207048 0.660793 0.207048 0.656388 0.202643 0.656388 0.193833 0.647577 0.185022 0.638767 0.185022 0.629956 0.193833 0.629956 0.202643 0.625551 0.207048 0.621145 0.207048 0.616740 0.211454
0 0.321586 0.167401 0.317181 0.171806 0.321586 0.176211 0.321586 0.189427 0.312775 0.198238 0.312775 0.202643 0.321586 0.211454 0.325991 0.211454 0.334802 0.202643 0.334802 0.198238 0.339207 0.193833 0.339207 0.180617 0.334802 0.176211 0.330396 0.176211
0 0.070485 0.132159 0.061674 0.140969 0.061674 0.149780 0.074890 0.162996 0.074890 0.185022 0.079295 0.189427 0.079295 0.198238 0.088106 0.207048 0.101322 0.207048 0.105727 0.202643 0.105727 0.189427 0.101322 0.185022 0.096916 0.185022 0.079295 0.167401 0.079295 0.149780 0.083700 0.145374 0.083700 0.140969 0.074890 0.132159
0 0.911894 0.101322 0.903084 0.110132 0.903084 0.114537 0.898678 0.118943 0.907489 0.127753 0.907489 0.132159 0.916300 0.140969 0.925110 0.140969 0.929515 0.136564 0.929515 0.127753 0.925110 0.123348 0.925110 0.118943 0.920705 0.114537 0.920705 0.110132
0 0.405286 0.105727 0.400881 0.101322 0.396476 0.105727 0.392070 0.101322 0.387665 0.101322 0.383260 0.096916 0.383260 0.092511 0.378855 0.088106 0.378855 0.083700 0.374449 0.079295 0.370044 0.083700 0.361233 0.083700 0.352423 0.092511 0.348018 0.092511 0.343612 0.096916 0.339207 0.096916 0.334802 0.092511 0.330396 0.092511 0.321586 0.083700 0.308370 0.083700 0.299559 0.092511 0.295154 0.092511 0.290749 0.096916 0.286344 0.096916 0.281938 0.101322 0.277533 0.101322 0.273128 0.105727 0.273128 0.110132 0.268722 0.114537 0.277533 0.123348 0.277533 0.127753 0.281938 0.132159 0.281938 0.140969 0.290749 0.149780 0.299559 0.140969 0.299559 0.136564 0.290749 0.127753 0.290749 0.105727 0.295154 0.101322 0.299559 0.101322 0.303965 0.096916 0.308370 0.101322 0.312775 0.101322 0.317181 0.105727 0.317181 0.110132 0.325991 0.118943 0.334802 0.118943 0.348018 0.105727 0.348018 0.101322 0.352423 0.096916 0.356828 0.096916 0.361233 0.092511 0.370044 0.092511 0.374449 0.096916 0.378855 0.096916 0.383260 0.101322 0.387665 0.101322 0.392070 0.105727 0.392070 0.110132 0.396476 0.114537
0 0.577093 0.066079 0.559471 0.066079 0.550661 0.074890 0.550661 0.079295 0.546256 0.083700 0.546256 0.088106 0.555066 0.096916 0.555066 0.105727 0.550661 0.110132 0.546256 0.110132 0.541850 0.114537 0.537445 0.110132 0.533040 0.110132 0.528634 0.114537 0.528634 0.123348 0.537445 0.132159 0.541850 0.132159 0.550661 0.140969 0.550661 0.162996 0.555066 0.162996 0.559471 0.167401 0.577093 0.149780 0.577093 0.145374 0.568282 0.136564 0.563877 0.136564 0.559471 0.132159 0.555066 0.132159 0.550661 0.127753 0.550661 0.110132 0.555066 0.105727 0.559471 0.105727 0.563877 0.101322 0.568282 0.105727 0.572687 0.101322 0.577093 0.101322 0.581498 0.096916 0.585903 0.096916 0.590308 0.101322 0.594714 0.101322 0.599119 0.105727 0.599119 0.114537 0.603524 0.118943 0.607930 0.118943 0.612335 0.123348 0.616740 0.118943 0.616740 0.114537 0.621145 0.110132 0.621145 0.105727 0.625551 0.101322 0.625551 0.096916 0.621145 0.092511 0.612335 0.092511 0.607930 0.088106 0.603524 0.092511 0.599119 0.092511 0.594714 0.088106 0.590308 0.088106 0.585903 0.083700 0.585903 0.074890
0 0.735683 0.061674 0.722467 0.074890 0.722467 0.088106 0.713656 0.096916 0.713656 0.105727 0.704846 0.114537 0.700441 0.114537 0.696035 0.118943 0.678414 0.118943 0.674009 0.123348 0.687225 0.136564 0.691630 0.136564 0.696035 0.132159 0.709251 0.132159 0.713656 0.136564 0.718062 0.136564 0.722467 0.140969 0.726872 0.140969 0.731278 0.145374 0.735683 0.140969 0.735683 0.123348 0.731278 0.118943 0.731278 0.088106 0.744493 0.074890 0.740088 0.070485 0.740088 0.066079
0 0.955947 0.000000 0.920705 0.000000 0.920705 0.004405 0.916300 0.008811 0.911894 0.008811 0.907489 0.013216 0.903084 0.013216 0.898678 0.017621 0.894273 0.017621 0.881057 0.026432 0.867841 0.017621 0.867841 0.008811 0.876652 0.000000 0.823789 0.000000 0.823789 0.008811 0.828194 0.013216 0.841410 0.017621 0.845815 0.022026 0.845815 0.030837 0.832599 0.039648 0.828194 0.039648 0.823789 0.035242 0.810573 0.048458 0.810573 0.057269 0.801762 0.066079 0.797357 0.066079 0.792952 0.070485 0.792952 0.101322 0.784141 0.110132 0.779736 0.110132 0.766520 0.118943 0.766520 0.132159 0.775330 0.140969 0.779736 0.140969 0.797357 0.123348 0.797357 0.101322 0.806167 0.092511 0.806167 0.088106 0.810573 0.083700 0.810573 0.074890 0.823789 0.061674 0.828194 0.061674 0.832599 0.057269 0.837004 0.057269 0.850220 0.048458 0.854626 0.048458 0.867841 0.057269 0.872247 0.057269 0.876652 0.052863 0.881057 0.057269 0.885463 0.057269 0.898678 0.070485 0.898678 0.074890 0.903084 0.079295 0.907489 0.074890 0.907489 0.048458 0.916300 0.039648 0.920705 0.039648 0.925110 0.035242 0.929515 0.035242 0.938326 0.026432 0.942731 0.026432 0.951542 0.017621 0.951542 0.008811 0.955947 0.004405
0 0.471366 0.000000 0.471366 0.004405 0.480176 0.013216 0.480176 0.017621 0.484582 0.022026 0.484582 0.030837 0.488987 0.035242 0.497797 0.026432 0.497797 0.013216 0.493392 0.008811 0.493392 0.000000
0 0.070485 0.000000 0.070485 0.008811 0.074890 0.013216 0.079295 0.013216 0.083700 0.017621 0.092511 0.017621 0.096916 0.013216 0.101322 0.013216 0.110132 0.004405 0.110132 0.000000
