0 0.590308 0.964758 0.577093 0.977974 0.577093 0.995595 0.599119 0.995595 0.599119 0.986784 0.594714 0.982379 0.594714 0.969163
0 0.277533 0.933921 0.268722 0.942731 0.268722 0.964758 0.259912 0.973568 0.264317 0.977974 0.268722 0.977974 0.277533 0.969163 0.281938 0.969163 0.290749 0.960352 0.286344 0.955947 0.286344 0.951542 0.281938 0.947137 0.281938 0.938326
0 0.594714 0.916300 0.590308 0.920705 0.590308 0.929515 0.599119 0.938326 0.599119 0.942731 0.607930 0.951542 0.612335 0.947137 0.612335 0.920705 0.607930 0.916300
0 0.066079 0.925110 0.057269 0.916300 0.048458 0.916300 0.044053 0.920705 0.044053 0.929515 0.035242 0.938326 0.030837 0.938326 0.026432 0.942731 0.030837 0.947137 0.039648 0.938326 0.044053 0.938326 0.048458 0.933921 0.052863 0.933921 0.057269 0.938326 0.061674 0.938326 0.066079 0.933921
0 0.792952 0.916300 0.797357 0.920705 0.801762 0.920705 0.806167 0.925110 0.810573 0.925110 0.814978 0.929515 0.814978 0.938326 0.823789 0.947137 0.828194 0.947137 0.837004 0.955947 0.837004 0.960352 0.841410 0.964758 0.854626 0.951542 0.854626 0.947137 0.850220 0.942731 0.845815 0.942731 0.841410 0.938326 0.837004 0.938326 0.832599 0.933921 0.828194 0.933921 0.823789 0.929515 0.819383 0.929515 0.801762 0.911894 0.797357 0.911894
0 0.414097 0.911894 0.409692 0.916300 0.409692 0.925110 0.405286 0.929515 0.405286 0.938326 0.409692 0.942731 0.409692 0.947137 0.414097 0.951542 0.422908 0.942731 0.422908 0.933921 0.427313 0.929515 0.422908 0.925110 0.422908 0.920705
0 0.493392 0.916300 0.497797 0.920705 0.519824 0.920705 0.524229 0.925110 0.528634 0.925110 0.546256 0.942731 0.550661 0.942731 0.555066 0.938326 0.550661 0.933921 0.550661 0.929515 0.541850 0.920705 0.537445 0.920705 0.528634 0.911894 0.528634 0.903084 0.524229 0.903084 0.519824 0.907489 0.506608 0.907489 0.502203 0.903084 0.497797 0.907489 0.497797 0.911894
0 0.290749 0.863436 0.286344 0.867841 0.277533 0.867841 0.273128 0.872247 0.273128 0.876652 0.268722 0.881057 0.281938 0.894273 0.290749 0.894273 0.295154 0.889868 0.295154 0.885463 0.299559 0.881057 0.299559 0.872247
0 0.907489 0.828194 0.920705 0.841410 0.938326 0.841410 0.942731 0.845815 0.947137 0.845815 0.951542 0.850220 0.955947 0.850220 0.964758 0.859031 0.969163 0.859031 0.973568 0.854626 0.973568 0.841410 0.960352 0.828194 0.942731 0.828194 0.938326 0.823789 0.911894 0.823789
0 0.339207 0.823789 0.325991 0.823789 0.317181 0.832599 0.317181 0.841410 0.321586 0.845815 0.321586 0.850220 0.325991 0.854626 0.343612 0.837004 0.343612 0.828194
0 0.189427 0.814978 0.180617 0.814978 0.162996 0.832599 0.162996 0.859031 0.167401 0.863436 0.171806 0.863436 0.180617 0.872247 0.185022 0.867841 0.180617 0.863436 0.180617 0.854626 0.176211 0.850220 0.176211 0.841410 0.185022 0.832599 0.189427 0.832599 0.193833 0.828194 0.207048 0.828194 0.211454 0.832599 0.215859 0.828194 0.211454 0.823789 0.207048 0.828194 0.202643 0.823789 0.198238 0.823789
0 0.828194 0.801762 0.823789 0.806167 0.823789 0.810573 0.819383 0.814978 0.819383 0.819383 0.828194 0.828194 0.828194 0.832599 0.832599 0.837004 0.832599 0.850220 0.828194 0.854626 0.828194 0.859031 0.832599 0.863436 0.832599 0.867841 0.837004 0.872247 0.850220 0.859031 0.850220 0.854626 0.845815 0.850220 0.845815 0.841410 0.850220 0.837004 0.850220 0.823789
0 0.070485 0.788546 0.052863 0.788546 0.048458 0.792952 0.044053 0.792952 0.035242 0.801762 0.035242 0.806167 0.030837 0.810573 0.026432 0.810573 0.022026 0.814978 0.017621 0.810573 0.013216 0.814978 0.000000 0.814978 0.000000 0.828194 0.004405 0.823789 0.008811 0.828194 0.013216 0.828194 0.030837 0.845815 0.035242 0.845815 0.039648 0.850220 0.039648 0.863436 0.035242 0.867841 0.035242 0.872247 0.039648 0.876652 0.044053 0.876652 0.048458 0.881057 0.057269 0.881057 0.061674 0.876652 0.061674 0.872247 0.052863 0.863436 0.052863 0.859031 0.048458 0.854626 0.044053 0.854626 0.035242 0.845815 0.035242 0.823789 0.039648 0.819383 0.044053 0.819383 0.048458 0.814978 0.052863 0.814978 0.057269 0.810573 0.061674 0.810573 0.066079 0.806167 0.074890 0.806167 0.079295 0.801762 0.079295 0.797357
0 0.312775 0.775330 0.303965 0.775330 0.299559 0.779736 0.295154 0.779736 0.290749 0.784141 0.286344 0.784141 0.281938 0.788546 0.277533 0.788546 0.264317 0.801762 0.268722 0.806167 0.268722 0.810573 0.277533 0.819383 0.277533 0.832599 0.281938 0.837004 0.286344 0.832599 0.286344 0.828194 0.281938 0.823789 0.281938 0.814978 0.286344 0.810573 0.286344 0.806167 0.290749 0.801762 0.290749 0.797357 0.295154 0.792952 0.299559 0.792952 0.303965 0.788546 0.308370 0.788546 0.317181 0.779736
0 0.726872 0.770925 0.726872 0.775330 0.735683 0.784141 0.744493 0.784141 0.748899 0.788546 0.757709 0.788546 0.770925 0.775330 0.766520 0.770925 0.762115 0.770925 0.757709 0.766520 0.731278 0.766520
0 0.995595 0.731278 0.995595 0.704846 0.991189 0.704846 0.982379 0.713656 0.977974 0.713656 0.973568 0.718062 0.969163 0.713656 0.964758 0.713656 0.960352 0.709251 0.955947 0.713656 0.955947 0.718062 0.969163 0.731278
0 0.925110 0.687225 0.920705 0.682819 0.911894 0.682819 0.907489 0.687225 0.907489 0.696035 0.894273 0.709251 0.889868 0.709251 0.885463 0.713656 0.872247 0.713656 0.863436 0.722467 0.863436 0.726872 0.859031 0.731278 0.854626 0.731278 0.850220 0.735683 0.845815 0.735683 0.841410 0.731278 0.837004 0.731278 0.819383 0.748899 0.819383 0.766520 0.814978 0.770925 0.810573 0.770925 0.801762 0.779736 0.801762 0.784141 0.806167 0.788546 0.810573 0.788546 0.814978 0.784141 0.814978 0.770925 0.819383 0.766520 0.823789 0.766520 0.828194 0.762115 0.832599 0.762115 0.837004 0.757709 0.841410 0.757709 0.845815 0.753304 0.850220 0.753304 0.854626 0.748899 0.859031 0.748899 0.872247 0.735683 0.876652 0.735683 0.881057 0.731278 0.885463 0.735683 0.889868 0.735683 0.898678 0.744493 0.898678 0.753304 0.916300 0.770925 0.925110 0.770925 0.929515 0.766520 0.925110 0.762115 0.920705 0.762115 0.907489 0.748899 0.907489 0.744493 0.903084 0.740088 0.903084 0.731278 0.911894 0.722467 0.916300 0.722467 0.920705 0.718062 0.925110 0.718062 0.933921 0.709251 0.925110 0.700441
0 0.753304 0.669604 0.744493 0.678414 0.748899 0.682819 0.748899 0.687225 0.770925 0.709251 0.775330 0.704846 0.775330 0.700441 0.779736 0.696035 0.775330 0.691630 0.775330 0.682819 0.762115 0.669604
0 0.083700 0.669604 0.074890 0.678414 0.074890 0.691630 0.083700 0.700441 0.088106 0.696035 0.092511 0.700441 0.096916 0.696035 0.096916 0.691630 0.101322 0.687225 0.101322 0.682819 0.096916 0.678414 0.092511 0.678414
0 0.193833 0.651982 0.185022 0.643172 0.176211 0.643172 0.162996 0.656388 0.158590 0.656388 0.154185 0.660793 0.140969 0.660793 0.136564 0.656388 0.127753 0.665198 0.127753 0.669604 0.136564 0.678414 0.145374 0.678414 0.149780 0.674009 0.154185 0.674009 0.162996 0.665198 0.167401 0.665198 0.171806 0.660793 0.189427 0.660793 0.193833 0.656388
0 0.863436 0.638767 0.859031 0.638767 0.850220 0.647577 0.850220 0.678414 0.845815 0.682819 0.841410 0.682819 0.837004 0.687225 0.837004 0.691630 0.841410 0.696035 0.845815 0.696035 0.854626 0.687225 0.854626 0.674009 0.859031 0.669604 0.859031 0.660793 0.863436 0.656388 0.867841 0.656388 0.872247 0.651982 0.872247 0.647577
0 0.299559 0.594714 0.290749 0.603524 0.299559 0.612335 0.303965 0.612335 0.308370 0.616740 0.308370 0.621145 0.312775 0.625551 0.312775 0.643172 0.308370 0.647577 0.303965 0.647577 0.299559 0.651982 0.273128 0.651982 0.268722 0.656388 0.264317 0.651982 0.264317 0.665198 0.259912 0.669604 0.259912 0.674009 0.264317 0.678414 0.273128 0.669604 0.277533 0.669604 0.281938 0.665198 0.286344 0.665198 0.290749 0.669604 0.295154 0.669604 0.299559 0.674009 0.303965 0.674009 0.308370 0.678414 0.317181 0.669604 0.317181 0.651982 0.321586 0.647577 0.321586 0.638767 0.325991 0.634361 0.321586 0.629956 0.321586 0.621145 0.317181 0.616740 0.317181 0.607930 0.308370 0.599119 0.303965 0.599119
0 0.907489 0.585903 0.903084 0.590308 0.903084 0.594714 0.898678 0.599119 0.898678 0.603524 0.903084 0.607930 0.903084 0.612335 0.907489 0.616740 0.907489 0.634361 0.903084 0.638767 0.898678 0.638767 0.894273 0.643172 0.898678 0.647577 0.907489 0.647577 0.911894 0.643172 0.916300 0.643172 0.920705 0.638767 0.920705 0.634361 0.925110 0.629956 0.925110 0.625551 0.929515 0.621145 0.929515 0.607930 0.920705 0.599119 0.916300 0.599119 0.911894 0.594714 0.911894 0.590308
0 0.198238 0.585903 0.193833 0.590308 0.193833 0.599119 0.220264 0.625551 0.224670 0.625551 0.233480 0.634361 0.233480 0.643172 0.237885 0.647577 0.242291 0.643172 0.246696 0.647577 0.251101 0.643172 0.255507 0.647577 0.255507 0.638767 0.251101 0.634361 0.251101 0.629956 0.237885 0.616740 0.233480 0.616740 0.229075 0.612335 0.229075 0.607930 0.220264 0.599119 0.215859 0.599119 0.202643 0.585903
0 0.700441 0.568282 0.700441 0.577093 0.713656 0.590308 0.713656 0.594714 0.722467 0.603524 0.722467 0.607930 0.726872 0.612335 0.726872 0.621145 0.713656 0.634361 0.713656 0.647577 0.718062 0.651982 0.722467 0.651982 0.726872 0.647577 0.722467 0.643172 0.722467 0.634361 0.726872 0.629956 0.726872 0.616740 0.731278 0.612335 0.735683 0.612335 0.740088 0.607930 0.744493 0.607930 0.748899 0.612335 0.753304 0.612335 0.762115 0.621145 0.766520 0.621145 0.779736 0.634361 0.784141 0.634361 0.788546 0.629956 0.788546 0.625551 0.784141 0.621145 0.775330 0.621145 0.770925 0.616740 0.766520 0.616740 0.762115 0.612335 0.757709 0.616740 0.753304 0.612335 0.748899 0.612335 0.744493 0.607930 0.744493 0.599119 0.735683 0.590308 0.735683 0.585903 0.731278 0.581498 0.731278 0.577093 0.726872 0.572687 0.726872 0.568282 0.722467 0.563877 0.718062 0.563877 0.713656 0.559471 0.709251 0.559471
0 0.030837 0.550661 0.026432 0.555066 0.026432 0.559471 0.022026 0.563877 0.022026 0.577093 0.030837 0.585903 0.030837 0.594714 0.035242 0.599119 0.035242 0.629956 0.039648 0.634361 0.039648 0.638767 0.044053 0.643172 0.066079 0.643172 0.070485 0.638767 0.052863 0.621145 0.052863 0.603524 0.048458 0.599119 0.048458 0.581498 0.052863 0.577093 0.052863 0.572687 0.048458 0.568282 0.048458 0.563877 0.039648 0.555066 0.035242 0.555066
0 0.859031 0.524229 0.854626 0.528634 0.850220 0.524229 0.845815 0.528634 0.841410 0.528634 0.837004 0.533040 0.832599 0.533040 0.823789 0.541850 0.823789 0.563877 0.832599 0.572687 0.837004 0.572687 0.841410 0.577093 0.845815 0.572687 0.845815 0.559471 0.850220 0.555066 0.850220 0.546256 0.863436 0.533040 0.863436 0.528634
0 0.057269 0.480176 0.057269 0.488987 0.061674 0.493392 0.070485 0.493392 0.074890 0.488987 0.079295 0.488987 0.083700 0.484582 0.088106 0.488987 0.092511 0.488987 0.101322 0.497797 0.101322 0.506608 0.105727 0.511013 0.105727 0.519824 0.118943 0.533040 0.123348 0.533040 0.132159 0.524229 0.132159 0.519824 0.127753 0.515419 0.127753 0.511013 0.110132 0.493392 0.105727 0.493392 0.096916 0.484582 0.092511 0.488987 0.088106 0.484582 0.083700 0.484582 0.079295 0.480176 0.074890 0.480176 0.070485 0.475771 0.061674 0.475771
0 0.722467 0.480176 0.731278 0.488987 0.735683 0.484582 0.740088 0.484582 0.744493 0.488987 0.748899 0.488987 0.762115 0.502203 0.766520 0.502203 0.775330 0.493392 0.762115 0.480176 0.757709 0.480176 0.753304 0.475771 0.735683 0.475771 0.731278 0.471366
0 0.854626 0.475771 0.854626 0.480176 0.859031 0.484582 0.863436 0.484582 0.867841 0.488987 0.872247 0.488987 0.889868 0.506608 0.894273 0.506608 0.898678 0.502203 0.894273 0.497797 0.894273 0.488987 0.876652 0.471366 0.872247 0.471366 0.867841 0.466960 0.863436 0.471366 0.859031 0.471366
0 0.533040 0.475771 0.537445 0.480176 0.537445 0.484582 0.541850 0.488987 0.541850 0.493392 0.546256 0.497797 0.550661 0.497797 0.555066 0.493392 0.559471 0.493392 0.563877 0.488987 0.568282 0.488987 0.572687 0.493392 0.599119 0.493392 0.603524 0.497797 0.607930 0.497797 0.612335 0.502203 0.612335 0.506608 0.629956 0.524229 0.634361 0.524229 0.638767 0.528634 0.638767 0.550661 0.643172 0.555066 0.647577 0.555066 0.651982 0.559471 0.656388 0.559471 0.660793 0.563877 0.660793 0.568282 0.669604 0.577093 0.674009 0.572687 0.674009 0.550661 0.660793 0.537445 0.651982 0.537445 0.647577 0.533040 0.643172 0.533040 0.634361 0.524229 0.634361 0.511013 0.629956 0.506608 0.629956 0.502203 0.612335 0.484582 0.607930 0.484582 0.603524 0.480176 0.599119 0.480176 0.594714 0.475771 0.590308 0.475771 0.577093 0.462555 0.572687 0.466960 0.572687 0.480176 0.568282 0.484582 0.563877 0.484582 0.559471 0.488987 0.555066 0.484582 0.550661 0.484582 0.546256 0.480176 0.546256 0.475771 0.541850 0.471366 0.537445 0.471366
0 0.806167 0.436123 0.801762 0.440529 0.814978 0.453745 0.814978 0.458150 0.823789 0.466960 0.823789 0.471366 0.828194 0.475771 0.832599 0.471366 0.837004 0.471366 0.837004 0.462555 0.810573 0.436123
0 0.022026 0.431718 0.008811 0.444934 0.004405 0.444934 0.000000 0.449339 0.004405 0.453745 0.008811 0.453745 0.013216 0.458150 0.013216 0.466960 0.022026 0.475771 0.026432 0.475771 0.030837 0.471366 0.030837 0.462555 0.026432 0.458150 0.026432 0.449339 0.030837 0.444934 0.030837 0.436123 0.026432 0.431718
0 0.621145 0.409692 0.616740 0.414097 0.616740 0.431718 0.621145 0.436123 0.621145 0.444934 0.629956 0.453745 0.638767 0.444934 0.638767 0.422908 0.625551 0.409692
0 0.396476 0.405286 0.392070 0.409692 0.392070 0.418502 0.396476 0.422908 0.396476 0.427313 0.409692 0.440529 0.414097 0.436123 0.414097 0.431718 0.418502 0.427313 0.414097 0.422908 0.414097 0.409692 0.409692 0.405286
0 0.458150 0.396476 0.453745 0.400881 0.453745 0.409692 0.458150 0.414097 0.462555 0.414097 0.475771 0.427313 0.480176 0.427313 0.488987 0.418502 0.488987 0.414097 0.484582 0.409692 0.484582 0.405286 0.475771 0.396476
0 0.951542 0.392070 0.947137 0.392070 0.942731 0.396476 0.942731 0.414097 0.938326 0.418502 0.933921 0.418502 0.929515 0.422908 0.925110 0.418502 0.920705 0.418502 0.911894 0.427313 0.920705 0.436123 0.933921 0.436123 0.955947 0.414097 0.955947 0.409692 0.960352 0.405286 0.960352 0.400881
0 0.726872 0.365639 0.718062 0.374449 0.718062 0.378855 0.726872 0.387665 0.726872 0.392070 0.735683 0.400881 0.735683 0.409692 0.740088 0.414097 0.740088 0.427313 0.748899 0.436123 0.757709 0.427313 0.757709 0.405286 0.748899 0.396476 0.748899 0.392070 0.740088 0.383260 0.740088 0.374449 0.731278 0.365639
0 0.568282 0.361233 0.568282 0.374449 0.572687 0.378855 0.581498 0.378855 0.594714 0.365639 0.599119 0.365639 0.603524 0.361233 0.607930 0.365639 0.612335 0.361233 0.621145 0.361233 0.625551 0.365639 0.629956 0.365639 0.634361 0.370044 0.634361 0.374449 0.643172 0.383260 0.651982 0.383260 0.656388 0.387665 0.660793 0.387665 0.665198 0.392070 0.678414 0.392070 0.682819 0.387665 0.678414 0.383260 0.678414 0.378855 0.674009 0.374449 0.669604 0.374449 0.665198 0.378855 0.660793 0.374449 0.656388 0.374449 0.638767 0.356828 0.634361 0.356828 0.629956 0.361233 0.625551 0.361233 0.621145 0.356828 0.616740 0.356828 0.607930 0.348018 0.603524 0.352423 0.603524 0.356828 0.599119 0.361233 0.594714 0.361233 0.590308 0.365639 0.585903 0.361233 0.581498 0.361233 0.577093 0.356828 0.572687 0.356828
0 0.453745 0.365639 0.458150 0.370044 0.466960 0.370044 0.484582 0.352423 0.488987 0.352423 0.493392 0.348018 0.502203 0.348018 0.506608 0.352423 0.515419 0.352423 0.519824 0.356828 0.524229 0.356828 0.528634 0.361233 0.533040 0.361233 0.537445 0.356828 0.537445 0.352423 0.533040 0.348018 0.524229 0.348018 0.519824 0.343612 0.511013 0.343612 0.506608 0.339207 0.502203 0.339207 0.497797 0.334802 0.475771 0.334802 0.471366 0.339207 0.471366 0.343612 0.466960 0.348018 0.462555 0.348018 0.458150 0.352423 0.458150 0.356828 0.453745 0.361233
0 0.920705 0.273128 0.916300 0.277533 0.916300 0.286344 0.920705 0.290749 0.925110 0.290749 0.933921 0.299559 0.933921 0.308370 0.929515 0.312775 0.929515 0.317181 0.933921 0.321586 0.942731 0.321586 0.947137 0.325991 0.951542 0.325991 0.955947 0.330396 0.955947 0.334802 0.960352 0.339207 0.960352 0.348018 0.969163 0.356828 0.973568 0.356828 0.977974 0.361233 0.982379 0.361233 0.986784 0.356828 0.991189 0.356828 0.995595 0.352423 0.995595 0.334802 0.969163 0.334802 0.964758 0.330396 0.960352 0.330396 0.955947 0.325991 0.951542 0.325991 0.947137 0.321586 0.947137 0.312775 0.942731 0.308370 0.938326 0.308370 0.933921 0.303965 0.933921 0.290749 0.942731 0.281938 0.942731 0.277533 0.938326 0.273128
0 0.000000 0.281938 0.000000 0.299559 0.022026 0.317181 0.017621 0.330396 0.000000 0.330396 0.000000 0.352423 0.026432 0.330396 0.061674 0.361233 0.070485 0.387665 0.048458 0.431718 0.074890 0.436123 0.074890 0.414097 0.101322 0.409692 0.145374 0.440529 0.127753 0.480176 0.246696 0.559471 0.330396 0.585903 0.365639 0.625551 0.409692 0.713656 0.444934 0.726872 0.528634 0.828194 0.612335 0.872247 0.704846 0.995595 0.744493 0.995595 0.682819 0.933921 0.687225 0.898678 0.625551 0.854626 0.656388 0.806167 0.643172 0.797357 0.625551 0.845815 0.603524 0.850220 0.577093 0.810573 0.563877 0.814978 0.511013 0.784141 0.515419 0.757709 0.484582 0.735683 0.471366 0.696035 0.506608 0.669604 0.541850 0.678414 0.546256 0.700441 0.581498 0.726872 0.568282 0.779736 0.581498 0.792952 0.585903 0.748899 0.607930 0.726872 0.660793 0.722467 0.704846 0.757709 0.718062 0.744493 0.704846 0.691630 0.656388 0.726872 0.616740 0.713656 0.590308 0.669604 0.572687 0.674009 0.537445 0.625551 0.550661 0.603524 0.466960 0.546256 0.409692 0.466960 0.431718 0.511013 0.418502 0.528634 0.396476 0.519824 0.374449 0.537445 0.348018 0.502203 0.317181 0.515419 0.299559 0.506608 0.286344 0.471366 0.312775 0.453745 0.303965 0.431718 0.339207 0.414097 0.321586 0.387665 0.281938 0.370044 0.299559 0.418502 0.277533 0.427313 0.233480 0.378855 0.202643 0.365639 0.286344 0.440529 0.281938 0.466960 0.264317 0.475771 0.242291 0.453745 0.202643 0.449339 0.185022 0.418502 0.162996 0.427313 0.140969 0.396476 0.074890 0.374449 0.070485 0.356828 0.092511 0.330396 0.048458 0.330396 0.057269 0.299559 0.030837 0.273128
0 0.533040 0.255507 0.528634 0.259912 0.528634 0.264317 0.537445 0.273128 0.537445 0.281938 0.546256 0.290749 0.546256 0.295154 0.555066 0.303965 0.563877 0.303965 0.568282 0.299559 0.568282 0.286344 0.541850 0.259912 0.537445 0.259912
0 0.607930 0.233480 0.607930 0.255507 0.594714 0.264317 0.594714 0.273128 0.603524 0.281938 0.616740 0.268722 0.629956 0.264317 0.651982 0.277533 0.660793 0.273128 0.709251 0.295154 0.726872 0.295154 0.744493 0.286344 0.779736 0.308370 0.779736 0.330396 0.762115 0.339207 0.748899 0.352423 0.762115 0.356828 0.779736 0.348018 0.801762 0.361233 0.806167 0.405286 0.810573 0.409692 0.819383 0.409692 0.837004 0.396476 0.859031 0.414097 0.859031 0.431718 0.867841 0.440529 0.876652 0.431718 0.881057 0.418502 0.872247 0.405286 0.872247 0.396476 0.885463 0.387665 0.889868 0.370044 0.881057 0.361233 0.872247 0.361233 0.867841 0.365639 0.867841 0.387665 0.854626 0.396476 0.806167 0.352423 0.806167 0.339207 0.832599 0.321586 0.863436 0.343612 0.876652 0.334802 0.881057 0.321586 0.850220 0.281938 0.841410 0.281938 0.832599 0.295154 0.819383 0.299559 0.797357 0.286344 0.779736 0.295154 0.762115 0.281938 0.748899 0.286344 0.735683 0.277533 0.718062 0.277533 0.704846 0.268722 0.691630 0.268722 0.669604 0.259912 0.651982 0.259912 0.634361 0.251101 0.629956 0.237885 0.643172 0.229075 0.651982 0.233480 0.656388 0.229075 0.660793 0.233480 0.665198 0.229075 0.682819 0.229075 0.691630 0.233480 0.696035 0.224670 0.682819 0.211454 0.674009 0.215859 0.643172 0.211454 0.634361 0.224670
0 0.810573 0.215859 0.823789 0.229075 0.837004 0.229075 0.841410 0.224670 0.854626 0.224670 0.859031 0.229075 0.881057 0.229075 0.885463 0.224670 0.889868 0.229075 0.898678 0.220264 0.903084 0.220264 0.907489 0.215859 0.907489 0.211454 0.898678 0.202643 0.889868 0.202643 0.885463 0.207048 0.867841 0.207048 0.859031 0.215859 0.854626 0.215859 0.850220 0.220264 0.845815 0.220264 0.841410 0.215859 0.837004 0.215859 0.823789 0.202643
0 0.550661 0.202643 0.541850 0.193833 0.537445 0.193833 0.528634 0.185022 0.528634 0.180617 0.524229 0.176211 0.515419 0.185022 0.511013 0.185022 0.506608 0.189427 0.480176 0.189427 0.475771 0.185022 0.471366 0.185022 0.458150 0.171806 0.449339 0.171806 0.436123 0.185022 0.436123 0.193833 0.431718 0.198238 0.427313 0.198238 0.422908 0.202643 0.414097 0.202643 0.405286 0.211454 0.400881 0.211454 0.396476 0.215859 0.392070 0.215859 0.387665 0.220264 0.387665 0.229075 0.392070 0.233480 0.392070 0.237885 0.396476 0.242291 0.396476 0.251101 0.387665 0.259912 0.387665 0.264317 0.392070 0.268722 0.396476 0.268722 0.400881 0.264317 0.405286 0.264317 0.414097 0.255507 0.409692 0.251101 0.409692 0.237885 0.418502 0.229075 0.418502 0.224670 0.427313 0.215859 0.427313 0.202643 0.436123 0.193833 0.440529 0.193833 0.444934 0.189427 0.462555 0.189427 0.466960 0.193833 0.471366 0.193833 0.480176 0.202643 0.484582 0.202643 0.488987 0.207048 0.493392 0.207048 0.497797 0.202643 0.502203 0.202643 0.506608 0.207048 0.546256 0.207048
0 0.629956 0.158590 0.625551 0.158590 0.607930 0.176211 0.603524 0.176211 0.599119 0.180617 0.585903 0.180617 0.581498 0.185022 0.581498 0.198238 0.577093 0.202643 0.577093 0.207048 0.585903 0.215859 0.590308 0.211454 0.590308 0.207048 0.594714 0.202643 0.594714 0.198238 0.612335 0.180617 0.616740 0.180617 0.621145 0.176211 0.629956 0.176211 0.634361 0.171806 0.634361 0.162996
0 0.140969 0.158590 0.136564 0.162996 0.136564 0.171806 0.123348 0.180617 0.123348 0.193833 0.114537 0.202643 0.118943 0.207048 0.118943 0.215859 0.123348 0.220264 0.123348 0.233480 0.110132 0.242291 0.110132 0.251101 0.118943 0.259912 0.123348 0.259912 0.136564 0.273128 0.140969 0.268722 0.145374 0.273128 0.149780 0.273128 0.154185 0.277533 0.167401 0.281938 0.176211 0.290749 0.189427 0.295154 0.198238 0.303965 0.202643 0.317181 0.215859 0.330396 0.220264 0.330396 0.229075 0.339207 0.237885 0.339207 0.251101 0.348018 0.264317 0.348018 0.268722 0.343612 0.268722 0.334802 0.259912 0.325991 0.233480 0.317181 0.215859 0.299559 0.211454 0.299559 0.202643 0.290749 0.198238 0.290749 0.167401 0.264317 0.162996 0.268722 0.158590 0.268722 0.154185 0.264317 0.149780 0.264317 0.140969 0.255507 0.140969 0.251101 0.136564 0.246696 0.136564 0.237885 0.149780 0.229075 0.154185 0.233480 0.158590 0.229075 0.149780 0.220264 0.140969 0.220264 0.136564 0.215859 0.132159 0.215859 0.127753 0.211454 0.127753 0.202643 0.140969 0.193833 0.145374 0.198238 0.149780 0.193833 0.158590 0.193833 0.180617 0.180617 0.189427 0.180617 0.202643 0.189427 0.207048 0.185022 0.202643 0.180617 0.198238 0.180617 0.189427 0.171806 0.189427 0.167401 0.185022 0.162996 0.176211 0.162996 0.171806 0.167401 0.167401 0.167401 0.154185 0.158590
0 0.035242 0.154185 0.026432 0.154185 0.022026 0.158590 0.022026 0.167401 0.017621 0.171806 0.017621 0.176211 0.022026 0.180617 0.030837 0.180617 0.035242 0.176211 0.039648 0.176211 0.044053 0.171806 0.044053 0.167401 0.039648 0.162996 0.039648 0.158590
0 0.687225 0.140969 0.674009 0.154185 0.674009 0.158590 0.669604 0.162996 0.669604 0.167401 0.678414 0.176211 0.682819 0.176211 0.691630 0.167401 0.696035 0.167401 0.700441 0.162996 0.696035 0.158590 0.696035 0.154185 0.691630 0.149780 0.691630 0.145374
0 0.484582 0.123348 0.480176 0.127753 0.480176 0.132159 0.471366 0.140969 0.471366 0.154185 0.475771 0.158590 0.484582 0.158590 0.488987 0.154185 0.488987 0.136564 0.493392 0.132159
0 0.286344 0.092511 0.281938 0.092511 0.277533 0.096916 0.281938 0.101322 0.281938 0.105727 0.290749 0.114537 0.290749 0.127753 0.286344 0.132159 0.281938 0.132159 0.277533 0.136564 0.273128 0.136564 0.268722 0.140969 0.259912 0.140969 0.255507 0.136564 0.251101 0.136564 0.246696 0.132159 0.246696 0.118943 0.242291 0.114537 0.242291 0.110132 0.233480 0.101322 0.224670 0.110132 0.224670 0.118943 0.233480 0.127753 0.237885 0.127753 0.246696 0.136564 0.246696 0.154185 0.251101 0.158590 0.255507 0.158590 0.259912 0.154185 0.264317 0.154185 0.268722 0.149780 0.281938 0.149780 0.286344 0.154185 0.290749 0.154185 0.295154 0.158590 0.303965 0.149780 0.303965 0.136564 0.290749 0.123348 0.290749 0.114537 0.295154 0.110132 0.295154 0.101322
0 0.475771 0.061674 0.466960 0.070485 0.466960 0.074890 0.458150 0.083700 0.453745 0.083700 0.444934 0.092511 0.449339 0.096916 0.458150 0.096916 0.471366 0.083700 0.475771 0.083700 0.484582 0.074890 0.480176 0.070485 0.480176 0.066079
0 0.612335 0.057269 0.607930 0.052863 0.599119 0.052863 0.594714 0.057269 0.590308 0.057269 0.585903 0.061674 0.577093 0.061674 0.568282 0.070485 0.568282 0.079295 0.572687 0.083700 0.585903 0.083700 0.603524 0.066079 0.607930 0.066079 0.612335 0.061674
0 0.867841 0.000000 0.867841 0.017621 0.872247 0.022026 0.876652 0.022026 0.889868 0.035242 0.889868 0.039648 0.894273 0.044053 0.898678 0.044053 0.903084 0.048458 0.907489 0.048458 0.911894 0.052863 0.916300 0.052863 0.925110 0.061674 0.925110 0.066079 0.933921 0.074890 0.938326 0.074890 0.942731 0.079295 0.947137 0.079295 0.951542 0.083700 0.955947 0.083700 0.960352 0.088106 0.960352 0.101322 0.964758 0.105727 0.969163 0.105727 0.973568 0.101322 0.986784 0.101322 0.991189 0.105727 0.995595 0.105727 0.995595 0.083700 0.986784 0.083700 0.982379 0.088106 0.969163 0.088106 0.964758 0.083700 0.960352 0.083700 0.955947 0.079295 0.955947 0.066079 0.938326 0.048458 0.933921 0.048458 0.929515 0.044053 0.925110 0.044053 0.920705 0.039648 0.916300 0.039648 0.911894 0.035242 0.907489 0.035242 0.898678 0.026432 0.898678 0.022026 0.885463 0.008811 0.885463 0.000000
0 0.722467 0.000000 0.722467 0.004405 0.713656 0.013216 0.713656 0.022026 0.718062 0.026432 0.726872 0.026432 0.731278 0.030837 0.740088 0.030837 0.744493 0.026432 0.744493 0.022026 0.740088 0.017621 0.740088 0.013216 0.735683 0.008811 0.731278 0.008811 0.726872 0.004405 0.726872 0.000000
0 0.502203 0.000000 0.506608 0.004405 0.506608 0.008811 0.511013 0.013216 0.511013 0.017621 0.515419 0.022026 0.515419 0.035242 0.502203 0.048458 0.502203 0.052863 0.515419 0.066079 0.519824 0.061674 0.519824 0.057269 0.524229 0.052863 0.519824 0.048458 0.519824 0.039648 0.515419 0.035242 0.515419 0.022026 0.524229 0.013216 0.524229 0.008811 0.519824 0.004405 0.519824 0.000000
0 0.392070 0.000000 0.365639 0.000000 0.365639 0.004405 0.374449 0.013216 0.378855 0.013216 0.383260 0.017621 0.387665 0.017621 0.392070 0.022026 0.392070 0.035242 0.387665 0.039648 0.383260 0.039648 0.374449 0.048458 0.370044 0.048458 0.348018 0.070485 0.348018 0.074890 0.343612 0.079295 0.339207 0.079295 0.334802 0.083700 0.330396 0.083700 0.317181 0.096916 0.325991 0.105727 0.330396 0.101322 0.339207 0.101322 0.343612 0.096916 0.348018 0.096916 0.352423 0.092511 0.352423 0.088106 0.378855 0.061674 0.383260 0.061674 0.396476 0.048458 0.400881 0.048458 0.405286 0.044053 0.409692 0.044053 0.414097 0.039648 0.414097 0.035242 0.409692 0.030837 0.409692 0.022026 0.405286 0.017621 0.400881 0.017621 0.392070 0.008811
0 0.242291 0.017621 0.237885 0.022026 0.233480 0.022026 0.220264 0.035242 0.215859 0.035242 0.211454 0.039648 0.211454 0.057269 0.207048 0.061674 0.202643 0.061674 0.198238 0.066079 0.193833 0.061674 0.189427 0.061674 0.185022 0.057269 0.180617 0.057269 0.171806 0.048458 0.167401 0.048458 0.162996 0.044053 0.158590 0.044053 0.145374 0.030837 0.145374 0.022026 0.158590 0.008811 0.158590 0.000000 0.136564 0.000000 0.136564 0.008811 0.140969 0.013216 0.140969 0.017621 0.145374 0.022026 0.145374 0.035242 0.132159 0.048458 0.132159 0.052863 0.136564 0.057269 0.140969 0.057269 0.149780 0.066079 0.149780 0.074890 0.154185 0.079295 0.154185 0.096916 0.149780 0.101322 0.154185 0.105727 0.154185 0.114537 0.149780 0.118943 0.154185 0.123348 0.154185 0.127753 0.162996 0.136564 0.167401 0.132159 0.167401 0.123348 0.171806 0.118943 0.171806 0.114537 0.180617 0.105727 0.185022 0.105727 0.193833 0.096916 0.193833 0.079295 0.198238 0.074890 0.202643 0.074890 0.207048 0.070485 0.211454 0.070485 0.215859 0.066079 0.215859 0.061674 0.220264 0.057269 0.224670 0.057269 0.229075 0.052863 0.229075 0.048458 0.246696 0.030837 0.246696 0.022026
