0 0.136564 0.938326 0.132159 0.938326 0.127753 0.933921 0.123348 0.938326 0.123348 0.947137 0.114537 0.955947 0.110132 0.955947 0.105727 0.960352 0.092511 0.960352 0.083700 0.969163 0.083700 0.973568 0.096916 0.986784 0.101322 0.986784 0.110132 0.977974 0.114537 0.977974 0.123348 0.969163 0.123348 0.964758 0.127753 0.960352 0.127753 0.955947 0.140969 0.942731
0 0.185022 0.907489 0.171806 0.920705 0.171806 0.933921 0.167401 0.938326 0.167401 0.942731 0.162996 0.947137 0.162996 0.951542 0.167401 0.955947 0.180617 0.955947 0.185022 0.960352 0.189427 0.960352 0.198238 0.969163 0.198238 0.982379 0.189427 0.991189 0.189427 0.995595 0.198238 0.995595 0.198238 0.991189 0.202643 0.986784 0.202643 0.982379 0.207048 0.977974 0.202643 0.973568 0.202643 0.955947 0.198238 0.951542 0.193833 0.955947 0.189427 0.951542 0.185022 0.951542 0.176211 0.942731 0.176211 0.933921 0.189427 0.920705 0.189427 0.911894
0 0.079295 0.903084 0.074890 0.898678 0.066079 0.907489 0.061674 0.907489 0.057269 0.911894 0.052863 0.907489 0.035242 0.907489 0.030837 0.911894 0.030837 0.916300 0.052863 0.938326 0.061674 0.929515 0.061674 0.920705 0.066079 0.916300 0.066079 0.911894 0.070485 0.907489 0.074890 0.907489
0 0.713656 0.889868 0.713656 0.898678 0.718062 0.903084 0.726872 0.903084 0.731278 0.907489 0.735683 0.907489 0.748899 0.898678 0.753304 0.903084 0.757709 0.903084 0.766520 0.911894 0.775330 0.911894 0.779736 0.907489 0.784141 0.911894 0.792952 0.911894 0.806167 0.920705 0.814978 0.920705 0.828194 0.911894 0.832599 0.911894 0.837004 0.916300 0.845815 0.916300 0.867841 0.929515 0.876652 0.929515 0.881057 0.933921 0.885463 0.933921 0.889868 0.938326 0.889868 0.951542 0.903084 0.960352 0.911894 0.960352 0.925110 0.951542 0.938326 0.951542 0.942731 0.955947 0.951542 0.955947 0.955947 0.960352 0.964758 0.960352 0.969163 0.964758 0.973568 0.964758 0.982379 0.973568 0.982379 0.982379 0.977974 0.986784 0.982379 0.991189 0.982379 0.995595 0.995595 0.995595 0.995595 0.964758 0.973568 0.955947 0.964758 0.947137 0.964758 0.933921 0.960352 0.929515 0.960352 0.920705 0.955947 0.916300 0.955947 0.911894 0.942731 0.903084 0.938326 0.903084 0.933921 0.907489 0.933921 0.911894 0.947137 0.925110 0.947137 0.933921 0.942731 0.938326 0.929515 0.942731 0.916300 0.933921 0.903084 0.933921 0.898678 0.929515 0.889868 0.929515 0.885463 0.925110 0.881057 0.925110 0.850220 0.907489 0.841410 0.907489 0.837004 0.903084 0.828194 0.903084 0.823789 0.907489 0.810573 0.911894 0.806167 0.907489 0.797357 0.907489 0.792952 0.903084 0.788546 0.907489 0.784141 0.903084 0.775330 0.903084 0.762115 0.894273 0.757709 0.898678 0.748899 0.898678 0.744493 0.894273 0.740088 0.894273 0.731278 0.885463 0.718062 0.885463
0 0.251101 0.881057 0.246696 0.885463 0.246696 0.894273 0.255507 0.903084 0.255507 0.907489 0.273128 0.925110 0.273128 0.933921 0.277533 0.938326 0.299559 0.938326 0.303965 0.933921 0.303965 0.925110 0.299559 0.920705 0.295154 0.920705 0.290749 0.916300 0.286344 0.916300 0.277533 0.907489 0.277533 0.903084 0.273128 0.898678 0.273128 0.889868 0.264317 0.881057
0 0.273128 0.814978 0.264317 0.823789 0.264317 0.828194 0.277533 0.841410 0.281938 0.841410 0.295154 0.854626 0.295154 0.872247 0.299559 0.876652 0.308370 0.876652 0.312775 0.872247 0.312775 0.863436 0.303965 0.854626 0.303965 0.832599 0.299559 0.828194 0.295154 0.828194 0.290749 0.823789 0.286344 0.823789 0.277533 0.814978
0 0.052863 0.806167 0.048458 0.810573 0.052863 0.814978 0.052863 0.823789 0.061674 0.832599 0.061674 0.854626 0.074890 0.867841 0.074890 0.872247 0.079295 0.876652 0.083700 0.876652 0.092511 0.867841 0.092511 0.863436 0.088106 0.859031 0.088106 0.854626 0.074890 0.841410 0.070485 0.841410 0.066079 0.837004 0.066079 0.828194 0.070485 0.823789 0.066079 0.819383 0.066079 0.814978 0.057269 0.806167
0 0.960352 0.788546 0.955947 0.792952 0.951542 0.792952 0.947137 0.797357 0.947137 0.810573 0.960352 0.823789 0.960352 0.828194 0.964758 0.832599 0.964758 0.841410 0.977974 0.854626 0.977974 0.867841 0.982379 0.872247 0.995595 0.872247 0.995595 0.845815 0.991189 0.845815 0.986784 0.841410 0.982379 0.841410 0.964758 0.823789 0.964758 0.814978 0.973568 0.806167 0.977974 0.806167 0.982379 0.801762 0.986784 0.806167 0.995595 0.806167 0.995595 0.788546 0.986784 0.788546 0.982379 0.792952 0.969163 0.792952 0.964758 0.788546
0 0.070485 0.784141 0.070485 0.788546 0.074890 0.792952 0.079295 0.792952 0.083700 0.788546 0.088106 0.788546 0.092511 0.784141 0.096916 0.788546 0.101322 0.788546 0.105727 0.792952 0.105727 0.806167 0.110132 0.810573 0.110132 0.814978 0.114537 0.819383 0.118943 0.819383 0.123348 0.823789 0.123348 0.828194 0.132159 0.837004 0.145374 0.837004 0.149780 0.841410 0.154185 0.841410 0.158590 0.845815 0.171806 0.845815 0.176211 0.850220 0.180617 0.850220 0.185022 0.854626 0.185022 0.863436 0.180617 0.867841 0.176211 0.867841 0.171806 0.872247 0.162996 0.872247 0.158590 0.876652 0.154185 0.876652 0.136564 0.894273 0.145374 0.903084 0.149780 0.903084 0.154185 0.898678 0.154185 0.894273 0.158590 0.889868 0.162996 0.889868 0.167401 0.885463 0.180617 0.885463 0.185022 0.881057 0.185022 0.876652 0.189427 0.872247 0.193833 0.872247 0.198238 0.867841 0.202643 0.867841 0.207048 0.863436 0.207048 0.845815 0.198238 0.837004 0.189427 0.837004 0.185022 0.832599 0.176211 0.832599 0.171806 0.828194 0.158590 0.828194 0.154185 0.832599 0.145374 0.832599 0.140969 0.828194 0.136564 0.828194 0.132159 0.823789 0.132159 0.806167 0.127753 0.801762 0.123348 0.801762 0.118943 0.797357 0.118943 0.792952 0.114537 0.788546 0.110132 0.788546 0.105727 0.792952 0.101322 0.788546 0.096916 0.788546 0.092511 0.784141 0.092511 0.775330 0.083700 0.766520 0.079295 0.770925 0.079295 0.775330
0 0.713656 0.753304 0.709251 0.753304 0.696035 0.766520 0.691630 0.766520 0.687225 0.770925 0.687225 0.775330 0.696035 0.784141 0.704846 0.784141 0.709251 0.779736 0.709251 0.766520 0.718062 0.757709
0 0.220264 0.740088 0.215859 0.744493 0.215859 0.748899 0.220264 0.753304 0.220264 0.766520 0.215859 0.770925 0.220264 0.775330 0.220264 0.779736 0.224670 0.784141 0.229075 0.779736 0.233480 0.784141 0.246696 0.770925 0.242291 0.766520 0.237885 0.766520 0.229075 0.757709 0.229075 0.744493 0.224670 0.740088
0 0.374449 0.709251 0.374449 0.722467 0.365639 0.735683 0.370044 0.740088 0.370044 0.775330 0.374449 0.779736 0.374449 0.806167 0.370044 0.810573 0.374449 0.819383 0.374449 0.850220 0.361233 0.859031 0.356828 0.854626 0.343612 0.854626 0.339207 0.859031 0.343612 0.867841 0.370044 0.863436 0.400881 0.881057 0.414097 0.876652 0.427313 0.885463 0.422908 0.903084 0.449339 0.920705 0.462555 0.920705 0.466960 0.916300 0.449339 0.903084 0.449339 0.894273 0.462555 0.885463 0.497797 0.903084 0.515419 0.903084 0.528634 0.911894 0.563877 0.916300 0.581498 0.925110 0.594714 0.938326 0.594714 0.951542 0.581498 0.960352 0.607930 0.973568 0.625551 0.995595 0.651982 0.995595 0.647577 0.973568 0.660793 0.964758 0.696035 0.977974 0.709251 0.995595 0.731278 0.995595 0.722467 0.982379 0.704846 0.973568 0.704846 0.960352 0.691630 0.947137 0.678414 0.951542 0.660793 0.947137 0.651982 0.938326 0.656388 0.925110 0.651982 0.916300 0.634361 0.925110 0.612335 0.911894 0.599119 0.920705 0.590308 0.920705 0.568282 0.907489 0.568282 0.894273 0.559471 0.885463 0.546256 0.889868 0.528634 0.876652 0.515419 0.881057 0.497797 0.867841 0.484582 0.867841 0.466960 0.881057 0.444934 0.872247 0.440529 0.859031 0.422908 0.850220 0.418502 0.859031 0.405286 0.867841 0.392070 0.863436 0.383260 0.850220 0.383260 0.792952 0.409692 0.779736 0.414097 0.784141 0.418502 0.779736 0.405286 0.740088 0.396476 0.735683 0.387665 0.722467 0.387665 0.709251 0.383260 0.704846
0 0.696035 0.718062 0.700441 0.722467 0.704846 0.718062 0.718062 0.722467 0.722467 0.726872 0.722467 0.731278 0.731278 0.740088 0.735683 0.735683 0.735683 0.731278 0.748899 0.722467 0.757709 0.722467 0.762115 0.726872 0.766520 0.726872 0.770925 0.731278 0.770925 0.740088 0.766520 0.744493 0.766520 0.753304 0.762115 0.757709 0.766520 0.762115 0.770925 0.757709 0.775330 0.762115 0.779736 0.762115 0.788546 0.770925 0.788546 0.784141 0.797357 0.792952 0.797357 0.814978 0.814978 0.832599 0.819383 0.828194 0.814978 0.823789 0.814978 0.814978 0.806167 0.806167 0.806167 0.801762 0.801762 0.797357 0.801762 0.788546 0.810573 0.779736 0.814978 0.779736 0.819383 0.775330 0.850220 0.792952 0.859031 0.784141 0.863436 0.784141 0.867841 0.779736 0.872247 0.779736 0.894273 0.792952 0.907489 0.792952 0.911894 0.797357 0.916300 0.792952 0.911894 0.788546 0.903084 0.788546 0.898678 0.784141 0.894273 0.784141 0.881057 0.770925 0.872247 0.770925 0.867841 0.775330 0.863436 0.775330 0.859031 0.770925 0.854626 0.770925 0.837004 0.753304 0.832599 0.757709 0.828194 0.770925 0.814978 0.779736 0.810573 0.779736 0.806167 0.775330 0.801762 0.775330 0.792952 0.766520 0.788546 0.766520 0.775330 0.753304 0.775330 0.744493 0.770925 0.740088 0.770925 0.731278 0.788546 0.713656 0.801762 0.709251 0.810573 0.700441 0.810573 0.696035 0.806167 0.691630 0.797357 0.700441 0.792952 0.700441 0.779736 0.709251 0.770925 0.709251 0.766520 0.704846 0.757709 0.704846 0.753304 0.709251 0.753304 0.713656 0.740088 0.722467 0.735683 0.718062 0.726872 0.718062 0.722467 0.722467 0.713656 0.722467 0.700441 0.713656
0 0.427313 0.656388 0.427313 0.669604 0.422908 0.674009 0.422908 0.691630 0.431718 0.700441 0.431718 0.713656 0.440529 0.722467 0.449339 0.722467 0.458150 0.713656 0.462555 0.713656 0.466960 0.709251 0.471366 0.709251 0.475771 0.713656 0.488987 0.713656 0.493392 0.709251 0.497797 0.713656 0.502203 0.713656 0.506608 0.718062 0.511013 0.718062 0.515419 0.722467 0.524229 0.722467 0.528634 0.726872 0.537445 0.726872 0.541850 0.731278 0.555066 0.731278 0.559471 0.735683 0.563877 0.735683 0.568282 0.740088 0.577093 0.740088 0.581498 0.744493 0.599119 0.744493 0.607930 0.735683 0.599119 0.726872 0.594714 0.726872 0.590308 0.722467 0.585903 0.722467 0.581498 0.718062 0.577093 0.718062 0.572687 0.713656 0.563877 0.713656 0.559471 0.709251 0.555066 0.713656 0.541850 0.713656 0.537445 0.709251 0.533040 0.713656 0.511013 0.713656 0.506608 0.709251 0.502203 0.713656 0.497797 0.709251 0.493392 0.709251 0.488987 0.704846 0.484582 0.704846 0.480176 0.700441 0.480176 0.691630 0.471366 0.682819 0.466960 0.687225 0.466960 0.700441 0.462555 0.704846 0.458150 0.704846 0.453745 0.709251 0.444934 0.709251 0.440529 0.704846 0.436123 0.704846 0.431718 0.700441 0.431718 0.687225 0.436123 0.682819 0.436123 0.669604 0.444934 0.660793 0.444934 0.651982 0.440529 0.647577 0.436123 0.647577
0 0.647577 0.621145 0.638767 0.629956 0.638767 0.634361 0.647577 0.643172 0.651982 0.643172 0.656388 0.647577 0.656388 0.665198 0.651982 0.669604 0.651982 0.678414 0.656388 0.682819 0.656388 0.691630 0.651982 0.696035 0.647577 0.696035 0.643172 0.700441 0.638767 0.700441 0.634361 0.704846 0.634361 0.718062 0.629956 0.722467 0.629956 0.726872 0.638767 0.735683 0.638767 0.748899 0.647577 0.757709 0.651982 0.753304 0.647577 0.748899 0.647577 0.726872 0.651982 0.722467 0.651982 0.718062 0.656388 0.713656 0.656388 0.709251 0.651982 0.704846 0.651982 0.696035 0.660793 0.687225 0.665198 0.687225 0.669604 0.682819 0.665198 0.678414 0.665198 0.656388 0.656388 0.647577 0.656388 0.629956
0 0.810573 0.607930 0.806167 0.612335 0.806167 0.621145 0.810573 0.621145 0.814978 0.625551 0.819383 0.625551 0.823789 0.629956 0.823789 0.643172 0.819383 0.647577 0.823789 0.647577 0.828194 0.651982 0.828194 0.656388 0.841410 0.669604 0.845815 0.669604 0.859031 0.656388 0.859031 0.651982 0.850220 0.643172 0.845815 0.643172 0.828194 0.625551 0.828194 0.621145 0.814978 0.607930
0 0.713656 0.590308 0.713656 0.612335 0.709251 0.616740 0.713656 0.621145 0.731278 0.603524 0.735683 0.603524 0.740088 0.599119 0.744493 0.603524 0.748899 0.603524 0.766520 0.621145 0.766520 0.638767 0.784141 0.656388 0.792952 0.656388 0.801762 0.647577 0.806167 0.647577 0.801762 0.647577 0.788546 0.634361 0.788546 0.625551 0.784141 0.625551 0.770925 0.612335 0.770925 0.599119 0.762115 0.590308 0.748899 0.590308 0.744493 0.594714 0.740088 0.594714 0.735683 0.590308 0.731278 0.590308 0.726872 0.585903 0.718062 0.585903
0 0.960352 0.577093 0.942731 0.577093 0.938326 0.581498 0.929515 0.581498 0.925110 0.585903 0.920705 0.585903 0.907489 0.599119 0.907489 0.607930 0.903084 0.612335 0.907489 0.616740 0.907489 0.621145 0.911894 0.625551 0.911894 0.643172 0.907489 0.647577 0.907489 0.669604 0.903084 0.674009 0.898678 0.674009 0.894273 0.678414 0.889868 0.678414 0.885463 0.682819 0.881057 0.682819 0.872247 0.691630 0.881057 0.700441 0.885463 0.700441 0.889868 0.696035 0.894273 0.696035 0.898678 0.691630 0.903084 0.691630 0.907489 0.687225 0.911894 0.687225 0.916300 0.682819 0.911894 0.678414 0.911894 0.669604 0.920705 0.660793 0.925110 0.660793 0.933921 0.651982 0.933921 0.643172 0.929515 0.638767 0.925110 0.638767 0.920705 0.634361 0.920705 0.616740 0.925110 0.612335 0.925110 0.607930 0.933921 0.599119 0.938326 0.599119 0.942731 0.594714 0.947137 0.599119 0.951542 0.599119 0.960352 0.607930 0.964758 0.607930 0.969163 0.612335 0.973568 0.612335 0.977974 0.616740 0.982379 0.616740 0.986784 0.621145 0.986784 0.625551 0.991189 0.629956 0.991189 0.643172 0.995595 0.647577 0.995595 0.621145 0.991189 0.616740 0.986784 0.616740 0.982379 0.612335 0.982379 0.603524 0.973568 0.594714 0.969163 0.594714 0.964758 0.590308 0.964758 0.581498
0 0.555066 0.559471 0.541850 0.559471 0.537445 0.563877 0.537445 0.572687 0.528634 0.581498 0.524229 0.581498 0.519824 0.585903 0.515419 0.585903 0.511013 0.581498 0.506608 0.585903 0.502203 0.585903 0.497797 0.590308 0.497797 0.603524 0.502203 0.607930 0.506608 0.607930 0.519824 0.621145 0.519824 0.629956 0.515419 0.634361 0.515419 0.643172 0.524229 0.651982 0.533040 0.651982 0.537445 0.656388 0.546256 0.656388 0.555066 0.647577 0.550661 0.643172 0.541850 0.643172 0.537445 0.638767 0.533040 0.638767 0.528634 0.634361 0.528634 0.621145 0.537445 0.612335 0.541850 0.612335 0.546256 0.607930 0.550661 0.607930 0.555066 0.612335 0.559471 0.612335 0.563877 0.616740 0.563877 0.625551 0.568282 0.629956 0.572687 0.629956 0.577093 0.625551 0.577093 0.621145 0.581498 0.616740 0.581498 0.612335 0.585903 0.607930 0.585903 0.603524 0.581498 0.599119 0.577093 0.603524 0.572687 0.603524 0.568282 0.607930 0.563877 0.603524 0.559471 0.603524 0.555066 0.599119 0.555066 0.585903 0.559471 0.581498 0.559471 0.563877
0 0.370044 0.555066 0.383260 0.568282 0.392070 0.568282 0.396476 0.572687 0.405286 0.572687 0.409692 0.577093 0.414097 0.577093 0.418502 0.581498 0.422908 0.581498 0.427313 0.585903 0.436123 0.585903 0.440529 0.590308 0.449339 0.590308 0.453745 0.594714 0.458150 0.594714 0.462555 0.590308 0.462555 0.585903 0.449339 0.572687 0.431718 0.572687 0.427313 0.568282 0.422908 0.568282 0.418502 0.563877 0.409692 0.563877 0.405286 0.568282 0.400881 0.563877 0.396476 0.563877 0.392070 0.559471 0.392070 0.555066 0.387665 0.550661 0.374449 0.550661
0 0.396476 0.488987 0.392070 0.493392 0.392070 0.506608 0.414097 0.528634 0.418502 0.528634 0.422908 0.533040 0.427313 0.533040 0.436123 0.541850 0.440529 0.541850 0.449339 0.550661 0.453745 0.546256 0.449339 0.541850 0.444934 0.541850 0.427313 0.524229 0.427313 0.519824 0.414097 0.506608 0.414097 0.502203 0.400881 0.488987
0 0.779736 0.466960 0.770925 0.466960 0.762115 0.475771 0.762115 0.480176 0.748899 0.493392 0.744493 0.493392 0.740088 0.497797 0.735683 0.497797 0.731278 0.502203 0.731278 0.519824 0.735683 0.524229 0.740088 0.524229 0.757709 0.506608 0.762115 0.506608 0.779736 0.488987 0.779736 0.484582 0.784141 0.480176 0.784141 0.471366
0 0.013216 0.466960 0.026432 0.480176 0.052863 0.480176 0.057269 0.484582 0.061674 0.484582 0.066079 0.488987 0.079295 0.475771 0.066079 0.462555 0.061674 0.466960 0.057269 0.466960 0.052863 0.471366 0.048458 0.466960 0.044053 0.466960 0.039648 0.462555 0.030837 0.462555 0.026432 0.458150 0.022026 0.458150
0 0.511013 0.462555 0.511013 0.466960 0.515419 0.471366 0.528634 0.462555 0.541850 0.471366 0.541850 0.484582 0.546256 0.488987 0.546256 0.502203 0.550661 0.506608 0.550661 0.519824 0.541850 0.528634 0.541850 0.533040 0.546256 0.537445 0.555066 0.537445 0.563877 0.524229 0.568282 0.524229 0.577093 0.515419 0.581498 0.515419 0.585903 0.511013 0.594714 0.511013 0.607930 0.519824 0.607930 0.533040 0.599119 0.541850 0.603524 0.546256 0.603524 0.555066 0.616740 0.568282 0.634361 0.568282 0.647577 0.559471 0.651982 0.563877 0.656388 0.563877 0.665198 0.572687 0.678414 0.572687 0.687225 0.563877 0.691630 0.563877 0.696035 0.559471 0.709251 0.568282 0.722467 0.555066 0.726872 0.555066 0.722467 0.555066 0.713656 0.546256 0.709251 0.546256 0.700441 0.555066 0.696035 0.555066 0.691630 0.559471 0.687225 0.555066 0.674009 0.550661 0.665198 0.541850 0.665198 0.528634 0.660793 0.524229 0.656388 0.524229 0.651982 0.528634 0.665198 0.541850 0.665198 0.555066 0.651982 0.563877 0.647577 0.559471 0.643172 0.559471 0.634361 0.550661 0.629956 0.550661 0.616740 0.541850 0.616740 0.528634 0.625551 0.519824 0.629956 0.519824 0.634361 0.515419 0.634361 0.511013 0.629956 0.506608 0.625551 0.511013 0.603524 0.511013 0.590308 0.502203 0.585903 0.506608 0.577093 0.506608 0.563877 0.497797 0.563877 0.471366 0.559471 0.466960 0.546256 0.466960 0.541850 0.471366 0.537445 0.466960 0.533040 0.466960 0.524229 0.453745 0.519824 0.453745
0 0.995595 0.484582 0.973568 0.484582 0.969163 0.480176 0.955947 0.475771 0.951542 0.471366 0.951542 0.453745 0.947137 0.449339 0.938326 0.449339 0.929515 0.462555 0.925110 0.462555 0.920705 0.466960 0.903084 0.466960 0.894273 0.475771 0.881057 0.480176 0.841410 0.515419 0.837004 0.515419 0.828194 0.524229 0.828194 0.528634 0.823789 0.533040 0.823789 0.541850 0.814978 0.550661 0.810573 0.550661 0.806167 0.555066 0.801762 0.568282 0.788546 0.577093 0.792952 0.581498 0.801762 0.572687 0.806167 0.572687 0.810573 0.568282 0.823789 0.577093 0.828194 0.572687 0.828194 0.550661 0.841410 0.541850 0.841410 0.533040 0.845815 0.528634 0.845815 0.519824 0.859031 0.511013 0.872247 0.519824 0.872247 0.541850 0.881057 0.550661 0.885463 0.550661 0.898678 0.563877 0.903084 0.559471 0.898678 0.555066 0.898678 0.528634 0.894273 0.524229 0.889868 0.524229 0.885463 0.519824 0.872247 0.515419 0.867841 0.511013 0.867841 0.497797 0.881057 0.488987 0.885463 0.493392 0.889868 0.493392 0.894273 0.488987 0.916300 0.488987 0.920705 0.484582 0.925110 0.471366 0.938326 0.462555 0.942731 0.466960 0.947137 0.466960 0.951542 0.471366 0.951542 0.480176 0.973568 0.497797 0.982379 0.497797 0.986784 0.493392 0.995595 0.493392
0 0.264317 0.440529 0.233480 0.458150 0.264317 0.484582 0.273128 0.502203 0.290749 0.493392 0.303965 0.502203 0.303965 0.515419 0.281938 0.528634 0.277533 0.524229 0.255507 0.533040 0.246696 0.528634 0.233480 0.502203 0.215859 0.511013 0.189427 0.497797 0.176211 0.502203 0.158590 0.488987 0.114537 0.497797 0.127753 0.506608 0.149780 0.506608 0.180617 0.524229 0.229075 0.528634 0.237885 0.550661 0.259912 0.577093 0.264317 0.607930 0.273128 0.612335 0.286344 0.603524 0.303965 0.616740 0.299559 0.638767 0.290749 0.643172 0.273128 0.629956 0.242291 0.647577 0.229075 0.643172 0.198238 0.647577 0.176211 0.665198 0.149780 0.656388 0.118943 0.656388 0.092511 0.638767 0.083700 0.643172 0.070485 0.634361 0.057269 0.638767 0.039648 0.634361 0.030837 0.643172 0.039648 0.651982 0.066079 0.656388 0.083700 0.651982 0.096916 0.660793 0.101322 0.656388 0.158590 0.682819 0.180617 0.674009 0.207048 0.674009 0.224670 0.660793 0.237885 0.665198 0.264317 0.687225 0.264317 0.709251 0.281938 0.722467 0.286344 0.748899 0.268722 0.766520 0.308370 0.788546 0.317181 0.770925 0.330396 0.762115 0.299559 0.744493 0.277533 0.682819 0.286344 0.669604 0.295154 0.665198 0.317181 0.682819 0.317181 0.704846 0.325991 0.722467 0.334802 0.726872 0.348018 0.718062 0.343612 0.696035 0.374449 0.682819 0.370044 0.669604 0.374449 0.647577 0.361233 0.625551 0.361233 0.603524 0.330396 0.572687 0.330396 0.550661 0.352423 0.533040 0.312775 0.502203 0.286344 0.449339 0.277533 0.440529
0 0.638767 0.449339 0.651982 0.462555 0.660793 0.462555 0.665198 0.458150 0.669604 0.458150 0.674009 0.453745 0.678414 0.458150 0.682819 0.458150 0.687225 0.462555 0.691630 0.462555 0.696035 0.466960 0.700441 0.466960 0.713656 0.480176 0.718062 0.475771 0.718062 0.466960 0.713656 0.462555 0.713656 0.458150 0.704846 0.449339 0.704846 0.427313 0.700441 0.422908 0.696035 0.422908 0.691630 0.418502 0.687225 0.422908 0.687225 0.436123 0.678414 0.444934 0.674009 0.444934 0.669604 0.449339 0.665198 0.444934 0.660793 0.444934 0.656388 0.440529 0.651982 0.440529 0.647577 0.436123 0.643172 0.440529 0.643172 0.444934
0 0.281938 0.409692 0.273128 0.400881 0.268722 0.405286 0.264317 0.405286 0.259912 0.400881 0.255507 0.400881 0.251101 0.396476 0.246696 0.400881 0.242291 0.400881 0.237885 0.405286 0.233480 0.400881 0.229075 0.405286 0.224670 0.405286 0.220264 0.409692 0.220264 0.418502 0.224670 0.422908 0.237885 0.422908 0.242291 0.418502 0.251101 0.418502 0.255507 0.414097 0.264317 0.414097 0.268722 0.418502 0.273128 0.418502 0.277533 0.422908 0.281938 0.418502
0 0.638767 0.405286 0.634361 0.400881 0.629956 0.400881 0.625551 0.396476 0.621145 0.396476 0.616740 0.392070 0.607930 0.392070 0.603524 0.396476 0.603524 0.409692 0.599119 0.414097 0.594714 0.414097 0.590308 0.418502 0.585903 0.414097 0.581498 0.414097 0.563877 0.431718 0.563877 0.436123 0.572687 0.444934 0.577093 0.444934 0.581498 0.449339 0.585903 0.449339 0.590308 0.444934 0.594714 0.444934 0.603524 0.436123 0.603524 0.427313 0.607930 0.422908 0.612335 0.422908 0.616740 0.418502 0.621145 0.422908 0.625551 0.422908 0.629956 0.418502 0.634361 0.418502 0.638767 0.414097
0 0.035242 0.396476 0.035242 0.405286 0.044053 0.414097 0.079295 0.414097 0.083700 0.418502 0.088106 0.414097 0.088106 0.409692 0.096916 0.400881 0.088106 0.392070 0.083700 0.392070 0.079295 0.396476 0.074890 0.396476 0.070485 0.400881 0.066079 0.400881 0.061674 0.396476 0.057269 0.396476 0.048458 0.387665 0.044053 0.387665
0 0.995595 0.383260 0.991189 0.387665 0.991189 0.392070 0.986784 0.396476 0.986784 0.400881 0.982379 0.405286 0.977974 0.405286 0.973568 0.409692 0.969163 0.409692 0.960352 0.418502 0.969163 0.427313 0.973568 0.427313 0.977974 0.422908 0.977974 0.418502 0.982379 0.414097 0.986784 0.414097 0.991189 0.409692 0.995595 0.409692
0 0.801762 0.387665 0.801762 0.400881 0.810573 0.409692 0.814978 0.409692 0.819383 0.414097 0.823789 0.414097 0.832599 0.422908 0.837004 0.422908 0.841410 0.427313 0.850220 0.427313 0.854626 0.422908 0.854626 0.418502 0.850220 0.414097 0.850220 0.409692 0.841410 0.400881 0.832599 0.400881 0.828194 0.396476 0.823789 0.396476 0.810573 0.383260 0.806167 0.383260
0 0.704846 0.387665 0.704846 0.396476 0.713656 0.405286 0.718062 0.405286 0.722467 0.409692 0.726872 0.409692 0.731278 0.414097 0.731278 0.418502 0.740088 0.427313 0.753304 0.427313 0.757709 0.431718 0.762115 0.431718 0.775330 0.444934 0.779736 0.444934 0.792952 0.431718 0.792952 0.422908 0.788546 0.418502 0.757709 0.418502 0.753304 0.414097 0.748899 0.414097 0.744493 0.409692 0.740088 0.409692 0.735683 0.405286 0.731278 0.405286 0.726872 0.400881 0.726872 0.392070 0.718062 0.383260 0.709251 0.383260
0 0.511013 0.374449 0.497797 0.387665 0.493392 0.387665 0.488987 0.392070 0.484582 0.387665 0.480176 0.387665 0.475771 0.392070 0.471366 0.392070 0.462555 0.400881 0.458150 0.400881 0.453745 0.405286 0.453745 0.409692 0.449339 0.414097 0.449339 0.418502 0.444934 0.422908 0.444934 0.427313 0.440529 0.431718 0.440529 0.444934 0.444934 0.449339 0.444934 0.453745 0.453745 0.462555 0.471366 0.462555 0.475771 0.458150 0.475771 0.453745 0.462555 0.440529 0.462555 0.422908 0.484582 0.400881 0.488987 0.400881 0.493392 0.396476 0.511013 0.396476 0.515419 0.392070 0.515419 0.378855
0 0.969163 0.356828 0.960352 0.348018 0.951542 0.356828 0.947137 0.356828 0.942731 0.361233 0.938326 0.356828 0.933921 0.361233 0.929515 0.361233 0.925110 0.365639 0.925110 0.374449 0.933921 0.383260 0.938326 0.383260 0.942731 0.378855 0.942731 0.370044 0.951542 0.361233 0.955947 0.361233 0.960352 0.356828 0.964758 0.361233
0 0.303965 0.348018 0.295154 0.356828 0.295154 0.374449 0.299559 0.378855 0.299559 0.387665 0.303965 0.392070 0.308370 0.392070 0.312775 0.396476 0.317181 0.396476 0.321586 0.400881 0.325991 0.400881 0.330396 0.405286 0.330396 0.427313 0.334802 0.431718 0.334802 0.444934 0.330396 0.449339 0.325991 0.449339 0.317181 0.458150 0.321586 0.462555 0.321586 0.466960 0.325991 0.471366 0.325991 0.475771 0.330396 0.480176 0.330396 0.484582 0.334802 0.488987 0.339207 0.488987 0.348018 0.497797 0.352423 0.497797 0.356828 0.493392 0.356828 0.484582 0.348018 0.475771 0.348018 0.471366 0.343612 0.466960 0.343612 0.462555 0.339207 0.458150 0.339207 0.449339 0.334802 0.444934 0.334802 0.436123 0.339207 0.431718 0.343612 0.431718 0.348018 0.427313 0.348018 0.409692 0.352423 0.405286 0.356828 0.405286 0.352423 0.405286 0.348018 0.400881 0.343612 0.400881 0.334802 0.392070 0.334802 0.383260 0.343612 0.374449 0.343612 0.370044 0.321586 0.348018
0 0.850220 0.334802 0.845815 0.339207 0.841410 0.339207 0.837004 0.343612 0.837004 0.348018 0.832599 0.352423 0.832599 0.356828 0.837004 0.361233 0.841410 0.361233 0.845815 0.365639 0.850220 0.365639 0.854626 0.370044 0.859031 0.365639 0.859031 0.343612
0 0.074890 0.334802 0.070485 0.339207 0.070485 0.343612 0.074890 0.348018 0.083700 0.348018 0.088106 0.352423 0.092511 0.352423 0.101322 0.361233 0.101322 0.374449 0.105727 0.378855 0.110132 0.378855 0.123348 0.392070 0.127753 0.387665 0.140969 0.387665 0.145374 0.392070 0.149780 0.392070 0.158590 0.400881 0.158590 0.414097 0.154185 0.418502 0.154185 0.422908 0.145374 0.431718 0.145374 0.436123 0.140969 0.440529 0.145374 0.444934 0.145374 0.453745 0.158590 0.466960 0.162996 0.466960 0.167401 0.471366 0.176211 0.471366 0.180617 0.475771 0.185022 0.475771 0.189427 0.480176 0.193833 0.480176 0.198238 0.484582 0.202643 0.480176 0.202643 0.475771 0.198238 0.471366 0.198238 0.458150 0.202643 0.453745 0.202643 0.449339 0.198238 0.444934 0.189427 0.444934 0.185022 0.440529 0.176211 0.440529 0.171806 0.436123 0.167401 0.436123 0.162996 0.431718 0.162996 0.422908 0.167401 0.418502 0.167401 0.414097 0.171806 0.409692 0.176211 0.409692 0.180617 0.405286 0.185022 0.409692 0.189427 0.405286 0.189427 0.392070 0.185022 0.387665 0.185022 0.383260 0.176211 0.374449 0.176211 0.370044 0.171806 0.365639 0.140969 0.365639 0.136564 0.361233 0.123348 0.361233 0.118943 0.365639 0.114537 0.361233 0.110132 0.361233 0.101322 0.352423 0.101322 0.343612 0.092511 0.334802
0 0.775330 0.317181 0.766520 0.325991 0.766520 0.334802 0.770925 0.339207 0.770925 0.343612 0.775330 0.348018 0.775330 0.352423 0.779736 0.356828 0.779736 0.365639 0.784141 0.370044 0.788546 0.370044 0.792952 0.365639 0.792952 0.339207 0.788546 0.334802 0.788546 0.330396
0 0.229075 0.299559 0.220264 0.308370 0.233480 0.321586 0.233480 0.325991 0.242291 0.334802 0.246696 0.334802 0.255507 0.325991 0.255507 0.321586 0.251101 0.317181 0.251101 0.312775 0.246696 0.308370 0.242291 0.308370 0.233480 0.299559
0 0.823789 0.290749 0.819383 0.290749 0.814978 0.295154 0.806167 0.295154 0.801762 0.299559 0.806167 0.303965 0.806167 0.312775 0.810573 0.317181 0.823789 0.317181 0.828194 0.312775 0.828194 0.299559 0.823789 0.295154
0 0.524229 0.299559 0.515419 0.290749 0.511013 0.290749 0.506608 0.295154 0.506608 0.303965 0.502203 0.308370 0.497797 0.308370 0.493392 0.312775 0.488987 0.308370 0.484582 0.308370 0.471366 0.295154 0.466960 0.295154 0.458150 0.303965 0.453745 0.303965 0.449339 0.308370 0.436123 0.308370 0.431718 0.312775 0.436123 0.317181 0.444934 0.317181 0.449339 0.312775 0.475771 0.312775 0.480176 0.308370 0.484582 0.312775 0.488987 0.312775 0.493392 0.317181 0.493392 0.330396 0.488987 0.334802 0.488987 0.339207 0.497797 0.348018 0.502203 0.343612 0.502203 0.325991 0.506608 0.321586 0.511013 0.321586 0.515419 0.317181 0.519824 0.317181 0.524229 0.312775
0 0.577093 0.277533 0.577093 0.281938 0.590308 0.295154 0.590308 0.317181 0.599119 0.325991 0.603524 0.325991 0.607930 0.330396 0.612335 0.330396 0.616740 0.334802 0.621145 0.334802 0.625551 0.339207 0.643172 0.339207 0.647577 0.343612 0.656388 0.343612 0.660793 0.348018 0.669604 0.348018 0.674009 0.352423 0.678414 0.352423 0.678414 0.348018 0.682819 0.343612 0.687225 0.343612 0.691630 0.339207 0.696035 0.343612 0.700441 0.339207 0.709251 0.339207 0.718062 0.330396 0.718062 0.321586 0.709251 0.312775 0.700441 0.312775 0.691630 0.321586 0.691630 0.325991 0.687225 0.330396 0.682819 0.330396 0.678414 0.334802 0.674009 0.334802 0.669604 0.330396 0.665198 0.330396 0.656388 0.321586 0.651982 0.321586 0.647577 0.317181 0.612335 0.317181 0.607930 0.312775 0.603524 0.312775 0.594714 0.303965 0.594714 0.295154 0.599119 0.290749 0.599119 0.286344 0.603524 0.281938 0.594714 0.273128 0.581498 0.273128
0 0.955947 0.286344 0.951542 0.281938 0.947137 0.286344 0.942731 0.281938 0.938326 0.281938 0.916300 0.259912 0.911894 0.264317 0.911894 0.277533 0.907489 0.281938 0.903084 0.281938 0.898678 0.286344 0.894273 0.286344 0.889868 0.290749 0.885463 0.290749 0.881057 0.295154 0.867841 0.295154 0.863436 0.299559 0.863436 0.303965 0.867841 0.308370 0.876652 0.308370 0.881057 0.312775 0.885463 0.312775 0.903084 0.295154 0.907489 0.295154 0.911894 0.290749 0.916300 0.290749 0.920705 0.295154 0.925110 0.295154 0.933921 0.303965 0.942731 0.303965 0.955947 0.290749
0 0.678414 0.242291 0.674009 0.246696 0.674009 0.255507 0.669604 0.259912 0.669604 0.273128 0.674009 0.277533 0.674009 0.281938 0.678414 0.286344 0.682819 0.286344 0.687225 0.281938 0.687225 0.264317 0.691630 0.259912 0.691630 0.251101 0.682819 0.242291
0 0.374449 0.246696 0.378855 0.251101 0.392070 0.251101 0.396476 0.255507 0.400881 0.255507 0.405286 0.251101 0.409692 0.251101 0.414097 0.255507 0.418502 0.255507 0.422908 0.259912 0.422908 0.264317 0.427313 0.268722 0.444934 0.268722 0.449339 0.264317 0.449339 0.259912 0.453745 0.255507 0.453745 0.251101 0.449339 0.246696 0.431718 0.246696 0.427313 0.251101 0.422908 0.251101 0.418502 0.255507 0.414097 0.255507 0.409692 0.251101 0.405286 0.251101 0.400881 0.246696 0.396476 0.246696 0.392070 0.242291 0.378855 0.242291
0 0.480176 0.242291 0.480176 0.246696 0.484582 0.251101 0.484582 0.259912 0.488987 0.264317 0.493392 0.259912 0.497797 0.259912 0.502203 0.255507 0.506608 0.259912 0.511013 0.259912 0.519824 0.268722 0.524229 0.268722 0.528634 0.264317 0.515419 0.251101 0.506608 0.251101 0.502203 0.246696 0.497797 0.246696 0.493392 0.242291 0.488987 0.242291 0.484582 0.237885
0 0.810573 0.237885 0.806167 0.233480 0.797357 0.233480 0.792952 0.237885 0.788546 0.237885 0.784141 0.242291 0.779736 0.242291 0.770925 0.251101 0.770925 0.255507 0.779736 0.264317 0.779736 0.273128 0.770925 0.281938 0.766520 0.281938 0.762115 0.286344 0.757709 0.281938 0.740088 0.281938 0.735683 0.277533 0.726872 0.277533 0.722467 0.281938 0.722467 0.286344 0.735683 0.299559 0.753304 0.299559 0.757709 0.295154 0.762115 0.295154 0.766520 0.290749 0.770925 0.295154 0.779736 0.286344 0.784141 0.286344 0.788546 0.281938 0.788546 0.273128 0.801762 0.259912 0.801762 0.255507 0.806167 0.251101 0.806167 0.246696 0.810573 0.242291
0 0.079295 0.220264 0.079295 0.224670 0.083700 0.229075 0.088106 0.229075 0.092511 0.233480 0.092511 0.246696 0.088106 0.251101 0.083700 0.251101 0.079295 0.255507 0.083700 0.259912 0.092511 0.259912 0.096916 0.264317 0.101322 0.264317 0.114537 0.277533 0.123348 0.277533 0.132159 0.268722 0.136564 0.268722 0.140969 0.264317 0.167401 0.264317 0.171806 0.259912 0.176211 0.264317 0.180617 0.264317 0.185022 0.259912 0.185022 0.251101 0.189427 0.246696 0.193833 0.246696 0.198238 0.242291 0.198238 0.233480 0.193833 0.229075 0.185022 0.237885 0.185022 0.242291 0.180617 0.246696 0.176211 0.246696 0.171806 0.251101 0.167401 0.251101 0.162996 0.255507 0.132159 0.255507 0.127753 0.251101 0.123348 0.251101 0.092511 0.220264 0.088106 0.220264 0.083700 0.215859
0 0.704846 0.207048 0.704846 0.211454 0.709251 0.215859 0.718062 0.215859 0.722467 0.220264 0.726872 0.220264 0.744493 0.237885 0.748899 0.237885 0.753304 0.233480 0.753304 0.215859 0.740088 0.202643 0.735683 0.202643 0.731278 0.198238 0.726872 0.202643 0.709251 0.202643
0 0.669604 0.211454 0.656388 0.198238 0.651982 0.198238 0.647577 0.202643 0.638767 0.202643 0.634361 0.207048 0.612335 0.207048 0.599119 0.220264 0.599119 0.224670 0.594714 0.229075 0.599119 0.229075 0.607930 0.237885 0.616740 0.237885 0.621145 0.233480 0.621145 0.229075 0.625551 0.224670 0.629956 0.224670 0.634361 0.220264 0.643172 0.220264 0.647577 0.224670 0.665198 0.224670 0.669604 0.220264
0 0.396476 0.154185 0.400881 0.158590 0.400881 0.162996 0.405286 0.167401 0.409692 0.167401 0.414097 0.171806 0.414097 0.180617 0.409692 0.185022 0.405286 0.185022 0.400881 0.189427 0.400881 0.198238 0.387665 0.211454 0.392070 0.215859 0.396476 0.215859 0.400881 0.220264 0.405286 0.215859 0.405286 0.211454 0.409692 0.207048 0.414097 0.207048 0.418502 0.202643 0.422908 0.202643 0.427313 0.207048 0.431718 0.207048 0.436123 0.211454 0.440529 0.211454 0.444934 0.215859 0.466960 0.215859 0.471366 0.211454 0.462555 0.202643 0.449339 0.202643 0.444934 0.198238 0.440529 0.198238 0.436123 0.193833 0.436123 0.189427 0.427313 0.180617 0.422908 0.180617 0.414097 0.171806 0.414097 0.158590 0.405286 0.149780 0.400881 0.149780
0 0.691630 0.154185 0.691630 0.162996 0.696035 0.167401 0.696035 0.171806 0.700441 0.176211 0.704846 0.171806 0.709251 0.176211 0.718062 0.167401 0.722467 0.167401 0.726872 0.162996 0.735683 0.162996 0.740088 0.158590 0.744493 0.162996 0.748899 0.162996 0.753304 0.167401 0.757709 0.162996 0.757709 0.158590 0.744493 0.145374 0.740088 0.149780 0.735683 0.149780 0.731278 0.154185 0.718062 0.154185 0.713656 0.149780 0.709251 0.149780 0.704846 0.145374 0.700441 0.145374
0 0.466960 0.149780 0.466960 0.154185 0.471366 0.158590 0.484582 0.158590 0.488987 0.162996 0.493392 0.162996 0.497797 0.167401 0.497797 0.171806 0.502203 0.176211 0.502203 0.180617 0.511013 0.189427 0.515419 0.189427 0.519824 0.193833 0.519824 0.202643 0.533040 0.215859 0.541850 0.215859 0.546256 0.220264 0.550661 0.220264 0.559471 0.229075 0.563877 0.229075 0.568282 0.233480 0.572687 0.233480 0.577093 0.229075 0.581498 0.229075 0.577093 0.229075 0.572687 0.224670 0.572687 0.220264 0.563877 0.211454 0.563877 0.198238 0.572687 0.189427 0.572687 0.185022 0.581498 0.176211 0.585903 0.176211 0.590308 0.171806 0.585903 0.167401 0.577093 0.167401 0.555066 0.189427 0.550661 0.189427 0.546256 0.193833 0.537445 0.193833 0.533040 0.189427 0.528634 0.189427 0.524229 0.185022 0.524229 0.176211 0.515419 0.167401 0.506608 0.167401 0.502203 0.162996 0.497797 0.162996 0.493392 0.158590 0.493392 0.154185 0.484582 0.145374 0.471366 0.145374
0 0.973568 0.145374 0.964758 0.136564 0.960352 0.136564 0.947137 0.123348 0.942731 0.123348 0.938326 0.118943 0.933921 0.123348 0.942731 0.132159 0.942731 0.136564 0.947137 0.140969 0.947137 0.149780 0.938326 0.158590 0.933921 0.158590 0.929515 0.162996 0.925110 0.158590 0.920705 0.158590 0.916300 0.154185 0.916300 0.145374 0.911894 0.140969 0.885463 0.140969 0.881057 0.136564 0.876652 0.136564 0.863436 0.149780 0.859031 0.149780 0.854626 0.154185 0.850220 0.154185 0.845815 0.158590 0.850220 0.162996 0.854626 0.162996 0.859031 0.167401 0.863436 0.167401 0.867841 0.171806 0.867841 0.202643 0.863436 0.207048 0.863436 0.211454 0.859031 0.215859 0.859031 0.220264 0.854626 0.224670 0.854626 0.229075 0.863436 0.237885 0.872247 0.237885 0.876652 0.233480 0.876652 0.229075 0.881057 0.224670 0.881057 0.185022 0.876652 0.180617 0.872247 0.180617 0.867841 0.176211 0.867841 0.162996 0.876652 0.154185 0.881057 0.154185 0.885463 0.149780 0.889868 0.154185 0.894273 0.154185 0.898678 0.158590 0.911894 0.158590 0.916300 0.154185 0.920705 0.158590 0.925110 0.158590 0.933921 0.167401 0.938326 0.167401 0.942731 0.171806 0.947137 0.171806 0.955947 0.162996 0.955947 0.158590 0.964758 0.149780 0.969163 0.149780
0 0.638767 0.118943 0.634361 0.123348 0.634361 0.127753 0.629956 0.132159 0.629956 0.145374 0.643172 0.158590 0.647577 0.158590 0.651982 0.162996 0.660793 0.154185 0.660793 0.149780 0.656388 0.145374 0.656388 0.140969 0.651982 0.136564 0.651982 0.127753 0.647577 0.123348 0.643172 0.123348
0 0.211454 0.114537 0.207048 0.118943 0.207048 0.136564 0.233480 0.158590 0.237885 0.180617 0.220264 0.189427 0.211454 0.185022 0.202643 0.171806 0.193833 0.185022 0.193833 0.193833 0.198238 0.198238 0.211454 0.193833 0.224670 0.202643 0.246696 0.202643 0.259912 0.211454 0.259912 0.220264 0.264317 0.224670 0.264317 0.242291 0.268722 0.246696 0.273128 0.246696 0.290749 0.259912 0.303965 0.255507 0.330396 0.273128 0.334802 0.264317 0.325991 0.255507 0.317181 0.259912 0.308370 0.255507 0.295154 0.237885 0.286344 0.237885 0.273128 0.229075 0.273128 0.220264 0.277533 0.215859 0.273128 0.207048 0.273128 0.185022 0.286344 0.176211 0.295154 0.176211 0.299559 0.180617 0.321586 0.180617 0.334802 0.189427 0.334802 0.202643 0.325991 0.211454 0.325991 0.215859 0.339207 0.224670 0.361233 0.229075 0.365639 0.220264 0.343612 0.207048 0.343612 0.198238 0.339207 0.193833 0.339207 0.176211 0.352423 0.167401 0.365639 0.176211 0.374449 0.171806 0.361233 0.162996 0.361233 0.154185 0.374449 0.136564 0.370044 0.132159 0.370044 0.123348 0.352423 0.110132 0.330396 0.110132 0.312775 0.123348 0.299559 0.114537 0.295154 0.118943 0.303965 0.127753 0.317181 0.132159 0.334802 0.145374 0.334802 0.158590 0.321586 0.167401 0.317181 0.162996 0.303965 0.162996 0.286344 0.171806 0.273128 0.162996 0.273128 0.154185 0.259912 0.140969 0.246696 0.140969 0.229075 0.132159
0 0.823789 0.105727 0.819383 0.110132 0.814978 0.110132 0.810573 0.114537 0.810573 0.123348 0.819383 0.132159 0.828194 0.132159 0.832599 0.136564 0.837004 0.132159 0.837004 0.123348 0.841410 0.118943 0.832599 0.110132 0.828194 0.110132
0 0.669604 0.083700 0.665198 0.088106 0.665198 0.092511 0.660793 0.096916 0.660793 0.101322 0.665198 0.105727 0.669604 0.105727 0.674009 0.110132 0.687225 0.110132 0.696035 0.101322 0.682819 0.088106 0.678414 0.088106 0.674009 0.083700
0 0.462555 0.079295 0.462555 0.083700 0.475771 0.096916 0.480176 0.096916 0.484582 0.101322 0.484582 0.105727 0.488987 0.110132 0.493392 0.110132 0.497797 0.114537 0.502203 0.114537 0.511013 0.123348 0.511013 0.127753 0.519824 0.136564 0.524229 0.136564 0.528634 0.140969 0.537445 0.132159 0.537445 0.118943 0.541850 0.114537 0.546256 0.114537 0.550661 0.110132 0.555066 0.114537 0.563877 0.114537 0.572687 0.105727 0.563877 0.096916 0.555066 0.096916 0.550661 0.101322 0.550661 0.110132 0.546256 0.114537 0.541850 0.114537 0.537445 0.118943 0.533040 0.114537 0.528634 0.114537 0.519824 0.105727 0.502203 0.105727 0.497797 0.101322 0.493392 0.101322 0.488987 0.096916 0.488987 0.088106 0.493392 0.083700 0.493392 0.079295 0.484582 0.070485 0.484582 0.066079 0.480176 0.066079 0.475771 0.070485 0.471366 0.070485
0 0.947137 0.044053 0.942731 0.048458 0.942731 0.057269 0.938326 0.061674 0.942731 0.066079 0.947137 0.066079 0.951542 0.070485 0.955947 0.070485 0.960352 0.074890 0.964758 0.074890 0.973568 0.083700 0.977974 0.079295 0.969163 0.070485 0.969163 0.052863 0.960352 0.044053
0 0.193833 0.039648 0.189427 0.039648 0.180617 0.048458 0.180617 0.052863 0.167401 0.061674 0.158590 0.061674 0.154185 0.057269 0.149780 0.057269 0.140969 0.048458 0.132159 0.048458 0.127753 0.044053 0.123348 0.048458 0.114537 0.048458 0.110132 0.052863 0.110132 0.057269 0.096916 0.070485 0.096916 0.074890 0.092511 0.079295 0.092511 0.092511 0.096916 0.096916 0.096916 0.105727 0.083700 0.114537 0.057269 0.114537 0.052863 0.118943 0.052863 0.123348 0.061674 0.132159 0.066079 0.127753 0.088106 0.127753 0.092511 0.123348 0.105727 0.123348 0.110132 0.127753 0.114537 0.127753 0.118943 0.132159 0.118943 0.136564 0.123348 0.140969 0.123348 0.145374 0.132159 0.158590 0.132159 0.189427 0.140969 0.198238 0.145374 0.198238 0.154185 0.189427 0.154185 0.180617 0.145374 0.171806 0.145374 0.162996 0.149780 0.158590 0.149780 0.149780 0.154185 0.145374 0.154185 0.136564 0.149780 0.132159 0.149780 0.118943 0.145374 0.114537 0.145374 0.110132 0.136564 0.101322 0.132159 0.101322 0.123348 0.092511 0.123348 0.083700 0.136564 0.074890 0.158590 0.074890 0.162996 0.079295 0.167401 0.079295 0.171806 0.083700 0.176211 0.083700 0.185022 0.092511 0.189427 0.092511 0.198238 0.083700 0.202643 0.083700 0.207048 0.079295 0.207048 0.074890 0.202643 0.070485 0.202643 0.048458
0 0.030837 0.039648 0.017621 0.039648 0.013216 0.044053 0.008811 0.044053 0.004405 0.048458 0.000000 0.048458 0.000000 0.070485 0.004405 0.070485 0.008811 0.066079 0.017621 0.066079 0.022026 0.061674 0.026432 0.061674 0.030837 0.066079 0.035242 0.066079 0.039648 0.070485 0.039648 0.088106 0.035242 0.092511 0.030837 0.092511 0.026432 0.096916 0.022026 0.096916 0.017621 0.101322 0.013216 0.096916 0.008811 0.096916 0.000000 0.088106 0.000000 0.101322 0.004405 0.101322 0.008811 0.105727 0.017621 0.105727 0.022026 0.110132 0.030837 0.101322 0.035242 0.101322 0.044053 0.092511 0.048458 0.092511 0.057269 0.083700 0.057269 0.079295 0.052863 0.074890 0.052863 0.070485 0.044053 0.061674 0.044053 0.052863
0 0.819383 0.030837 0.837004 0.048458 0.837004 0.052863 0.841410 0.057269 0.841410 0.070485 0.837004 0.074890 0.841410 0.079295 0.850220 0.079295 0.854626 0.083700 0.863436 0.074890 0.867841 0.074890 0.872247 0.070485 0.876652 0.070485 0.885463 0.061674 0.881057 0.057269 0.876652 0.061674 0.867841 0.061674 0.863436 0.057269 0.859031 0.057269 0.850220 0.048458 0.850220 0.039648 0.837004 0.026432 0.823789 0.026432
0 0.533040 0.000000 0.533040 0.004405 0.537445 0.008811 0.541850 0.004405 0.546256 0.008811 0.550661 0.008811 0.559471 0.017621 0.559471 0.022026 0.563877 0.026432 0.563877 0.044053 0.572687 0.052863 0.577093 0.052863 0.581498 0.057269 0.585903 0.057269 0.590308 0.052863 0.594714 0.052863 0.599119 0.048458 0.603524 0.048458 0.599119 0.048458 0.594714 0.044053 0.590308 0.044053 0.577093 0.030837 0.577093 0.017621 0.572687 0.013216 0.568282 0.013216 0.563877 0.008811 0.559471 0.008811 0.555066 0.004405 0.555066 0.000000
0 0.211454 0.017621 0.211454 0.022026 0.220264 0.030837 0.224670 0.030837 0.229075 0.035242 0.229075 0.044053 0.251101 0.061674 0.251101 0.070485 0.255507 0.074890 0.281938 0.074890 0.290749 0.066079 0.295154 0.066079 0.299559 0.061674 0.303965 0.061674 0.317181 0.070485 0.330396 0.070485 0.343612 0.061674 0.348018 0.066079 0.352423 0.066079 0.365639 0.079295 0.370044 0.074890 0.392070 0.074890 0.396476 0.079295 0.405286 0.079295 0.418502 0.070485 0.422908 0.070485 0.427313 0.074890 0.436123 0.074890 0.440529 0.070485 0.436123 0.066079 0.431718 0.066079 0.427313 0.061674 0.427313 0.052863 0.422908 0.048458 0.418502 0.048458 0.414097 0.044053 0.414097 0.039648 0.405286 0.030837 0.400881 0.030837 0.392070 0.022026 0.392070 0.017621 0.387665 0.013216 0.383260 0.013216 0.378855 0.008811 0.378855 0.000000 0.370044 0.000000 0.365639 0.013216 0.387665 0.030837 0.387665 0.044053 0.374449 0.052863 0.370044 0.052863 0.365639 0.048458 0.348018 0.048458 0.334802 0.057269 0.330396 0.052863 0.317181 0.052863 0.303965 0.044053 0.303965 0.030837 0.312775 0.022026 0.312775 0.008811 0.317181 0.004405 0.317181 0.000000 0.299559 0.000000 0.299559 0.004405 0.303965 0.008811 0.303965 0.022026 0.299559 0.026432 0.303965 0.030837 0.303965 0.039648 0.277533 0.057269 0.264317 0.057269 0.259912 0.052863 0.255507 0.052863 0.251101 0.048458 0.246696 0.035242 0.229075 0.017621 0.220264 0.017621 0.215859 0.013216
0 0.066079 0.000000 0.066079 0.008811 0.061674 0.013216 0.061674 0.026432 0.066079 0.030837 0.070485 0.030837 0.079295 0.039648 0.088106 0.030837 0.088106 0.026432 0.083700 0.022026 0.083700 0.008811 0.088106 0.004405 0.088106 0.000000
