0 0.502203 0.960352 0.497797 0.955947 0.488987 0.955947 0.484582 0.960352 0.480176 0.960352 0.475771 0.964758 0.462555 0.964758 0.458150 0.969163 0.458150 0.977974 0.453745 0.982379 0.453745 0.986784 0.449339 0.991189 0.449339 0.995595 0.471366 0.995595 0.471366 0.982379 0.475771 0.977974 0.480176 0.977974 0.484582 0.973568 0.493392 0.973568 0.502203 0.964758
0 0.022026 0.942731 0.017621 0.947137 0.017621 0.951542 0.013216 0.955947 0.013216 0.960352 0.030837 0.977974 0.035242 0.973568 0.035242 0.960352 0.039648 0.955947 0.035242 0.951542 0.035242 0.947137 0.030837 0.942731
0 0.325991 0.911894 0.317181 0.920705 0.317181 0.929515 0.321586 0.933921 0.321586 0.938326 0.325991 0.942731 0.325991 0.960352 0.330396 0.964758 0.339207 0.955947 0.334802 0.951542 0.334802 0.938326 0.339207 0.933921 0.339207 0.920705 0.334802 0.916300 0.330396 0.916300
0 0.392070 0.898678 0.387665 0.903084 0.405286 0.920705 0.405286 0.925110 0.414097 0.933921 0.418502 0.933921 0.422908 0.938326 0.427313 0.933921 0.427313 0.929515 0.431718 0.925110 0.427313 0.920705 0.427313 0.916300 0.422908 0.911894 0.414097 0.911894 0.409692 0.907489 0.405286 0.907489 0.400881 0.903084 0.396476 0.903084
0 0.572687 0.881057 0.568282 0.885463 0.568282 0.903084 0.550661 0.920705 0.550661 0.925110 0.546256 0.929515 0.546256 0.938326 0.550661 0.942731 0.550661 0.947137 0.563877 0.960352 0.568282 0.955947 0.568282 0.942731 0.572687 0.938326 0.572687 0.916300 0.568282 0.911894 0.568282 0.903084 0.577093 0.894273 0.577093 0.885463
0 0.105727 0.775330 0.096916 0.775330 0.088106 0.784141 0.088106 0.806167 0.092511 0.810573 0.096916 0.810573 0.101322 0.814978 0.110132 0.806167 0.110132 0.779736
0 0.629956 0.722467 0.625551 0.726872 0.621145 0.726872 0.616740 0.731278 0.616740 0.740088 0.621145 0.744493 0.625551 0.744493 0.634361 0.753304 0.634361 0.762115 0.638767 0.766520 0.638767 0.770925 0.647577 0.779736 0.651982 0.779736 0.660793 0.770925 0.660793 0.757709 0.643172 0.740088 0.643172 0.735683
0 0.211454 0.766520 0.211454 0.753304 0.207048 0.748899 0.207048 0.744493 0.198238 0.735683 0.198238 0.726872 0.202643 0.722467 0.202643 0.713656 0.198238 0.709251 0.193833 0.709251 0.189427 0.704846 0.185022 0.709251 0.171806 0.709251 0.167401 0.713656 0.140969 0.713656 0.136564 0.718062 0.132159 0.718062 0.127753 0.722467 0.123348 0.718062 0.118943 0.718062 0.110132 0.709251 0.105727 0.713656 0.105727 0.718062 0.101322 0.722467 0.101322 0.740088 0.105727 0.744493 0.105727 0.748899 0.110132 0.753304 0.123348 0.740088 0.123348 0.735683 0.127753 0.731278 0.132159 0.731278 0.136564 0.726872 0.140969 0.731278 0.158590 0.731278 0.162996 0.726872 0.185022 0.726872 0.189427 0.731278 0.193833 0.731278 0.198238 0.735683 0.198238 0.744493 0.193833 0.748899 0.193833 0.766520 0.198238 0.770925 0.207048 0.770925
0 0.872247 0.638767 0.859031 0.651982 0.859031 0.656388 0.854626 0.660793 0.854626 0.665198 0.859031 0.669604 0.859031 0.678414 0.863436 0.682819 0.863436 0.687225 0.867841 0.691630 0.867841 0.704846 0.876652 0.713656 0.885463 0.713656 0.889868 0.709251 0.894273 0.713656 0.898678 0.713656 0.903084 0.718062 0.903084 0.722467 0.907489 0.726872 0.911894 0.726872 0.929515 0.744493 0.929515 0.748899 0.933921 0.753304 0.938326 0.753304 0.960352 0.775330 0.960352 0.784141 0.964758 0.788546 0.969163 0.788546 0.973568 0.792952 0.977974 0.792952 0.982379 0.797357 0.982379 0.823789 0.986784 0.828194 0.986784 0.841410 0.991189 0.845815 0.995595 0.845815 0.995595 0.792952 0.991189 0.788546 0.986784 0.788546 0.982379 0.784141 0.982379 0.775330 0.977974 0.770925 0.977974 0.766520 0.969163 0.757709 0.969163 0.753304 0.960352 0.744493 0.960352 0.740088 0.955947 0.735683 0.951542 0.735683 0.942731 0.726872 0.938326 0.726872 0.925110 0.713656 0.920705 0.713656 0.916300 0.709251 0.911894 0.709251 0.907489 0.713656 0.903084 0.713656 0.898678 0.709251 0.894273 0.709251 0.889868 0.704846 0.889868 0.700441 0.881057 0.691630 0.881057 0.647577
0 0.039648 0.638767 0.035242 0.643172 0.035242 0.660793 0.039648 0.665198 0.039648 0.669604 0.048458 0.678414 0.052863 0.678414 0.057269 0.674009 0.057269 0.660793 0.052863 0.656388 0.052863 0.643172 0.048458 0.638767
0 0.427313 0.638767 0.431718 0.643172 0.431718 0.651982 0.436123 0.656388 0.436123 0.669604 0.440529 0.674009 0.440529 0.682819 0.444934 0.687225 0.444934 0.691630 0.449339 0.696035 0.458150 0.696035 0.462555 0.700441 0.466960 0.700441 0.471366 0.704846 0.471366 0.709251 0.475771 0.713656 0.484582 0.713656 0.488987 0.718062 0.493392 0.718062 0.497797 0.722467 0.497797 0.731278 0.506608 0.740088 0.511013 0.735683 0.515419 0.735683 0.519824 0.731278 0.519824 0.722467 0.524229 0.718062 0.528634 0.718062 0.533040 0.713656 0.537445 0.718062 0.550661 0.718062 0.555066 0.713656 0.555066 0.700441 0.559471 0.696035 0.559471 0.687225 0.563877 0.682819 0.563877 0.678414 0.555066 0.669604 0.537445 0.687225 0.537445 0.696035 0.533040 0.700441 0.533040 0.713656 0.528634 0.718062 0.524229 0.718062 0.519824 0.722467 0.515419 0.722467 0.511013 0.718062 0.506608 0.718062 0.502203 0.713656 0.497797 0.713656 0.480176 0.696035 0.475771 0.696035 0.462555 0.682819 0.462555 0.678414 0.458150 0.674009 0.458150 0.665198 0.453745 0.660793 0.453745 0.647577 0.449339 0.643172 0.449339 0.638767 0.440529 0.629956 0.436123 0.629956
0 0.735683 0.625551 0.740088 0.629956 0.753304 0.629956 0.757709 0.625551 0.757709 0.621145 0.762115 0.616740 0.762115 0.612335 0.766520 0.607930 0.770925 0.607930 0.775330 0.603524 0.788546 0.603524 0.792952 0.607930 0.810573 0.607930 0.814978 0.612335 0.819383 0.607930 0.837004 0.607930 0.841410 0.612335 0.854626 0.612335 0.859031 0.616740 0.867841 0.616740 0.881057 0.603524 0.872247 0.594714 0.854626 0.594714 0.850220 0.590308 0.810573 0.590308 0.806167 0.585903 0.792952 0.585903 0.788546 0.581498 0.770925 0.581498 0.766520 0.585903 0.762115 0.585903 0.757709 0.590308 0.753304 0.590308 0.744493 0.599119 0.744493 0.603524 0.740088 0.607930 0.740088 0.612335 0.735683 0.616740
0 0.590308 0.577093 0.563877 0.625551 0.563877 0.643172 0.577093 0.651982 0.581498 0.647577 0.590308 0.651982 0.603524 0.669604 0.629956 0.669604 0.656388 0.682819 0.704846 0.726872 0.735683 0.779736 0.757709 0.797357 0.762115 0.819383 0.770925 0.832599 0.770925 0.845815 0.757709 0.854626 0.744493 0.850220 0.740088 0.863436 0.744493 0.867841 0.770925 0.845815 0.819383 0.894273 0.819383 0.907489 0.806167 0.916300 0.775330 0.907489 0.770925 0.911894 0.784141 0.925110 0.801762 0.929515 0.810573 0.916300 0.819383 0.911894 0.828194 0.916300 0.872247 0.960352 0.881057 0.977974 0.881057 0.995595 0.911894 0.995595 0.916300 0.969163 0.898678 0.938326 0.872247 0.916300 0.867841 0.898678 0.881057 0.889868 0.898678 0.903084 0.903084 0.885463 0.920705 0.872247 0.925110 0.850220 0.920705 0.845815 0.911894 0.854626 0.907489 0.872247 0.889868 0.881057 0.872247 0.867841 0.850220 0.819383 0.850220 0.810573 0.863436 0.801762 0.876652 0.810573 0.881057 0.806167 0.889868 0.775330 0.881057 0.766520 0.872247 0.766520 0.859031 0.806167 0.850220 0.810573 0.823789 0.792952 0.828194 0.779736 0.797357 0.726872 0.770925 0.704846 0.766520 0.687225 0.722467 0.643172 0.718062 0.647577 0.682819 0.638767 0.665198 0.625551 0.638767 0.616740 0.603524 0.577093
0 0.370044 0.572687 0.365639 0.577093 0.365639 0.585903 0.370044 0.590308 0.370044 0.603524 0.378855 0.612335 0.387665 0.612335 0.392070 0.607930 0.392070 0.603524 0.387665 0.599119 0.387665 0.594714 0.383260 0.590308 0.383260 0.585903
0 0.735683 0.506608 0.726872 0.515419 0.726872 0.519824 0.740088 0.533040 0.740088 0.537445 0.744493 0.541850 0.744493 0.546256 0.748899 0.550661 0.753304 0.550661 0.757709 0.546256 0.757709 0.541850 0.762115 0.537445 0.762115 0.524229 0.748899 0.511013 0.740088 0.511013
0 0.026432 0.502203 0.017621 0.511013 0.017621 0.519824 0.013216 0.524229 0.017621 0.528634 0.017621 0.541850 0.022026 0.546256 0.022026 0.559471 0.017621 0.563877 0.017621 0.568282 0.013216 0.572687 0.017621 0.577093 0.022026 0.577093 0.026432 0.572687 0.026432 0.550661 0.030837 0.546256 0.030837 0.541850 0.035242 0.537445 0.035242 0.524229 0.039648 0.519824 0.039648 0.515419
0 0.295154 0.511013 0.299559 0.515419 0.317181 0.515419 0.321586 0.519824 0.330396 0.519824 0.334802 0.524229 0.339207 0.524229 0.352423 0.511013 0.352423 0.502203 0.348018 0.497797 0.343612 0.497797 0.339207 0.493392 0.321586 0.493392 0.317181 0.497797 0.312775 0.497797 0.303965 0.506608 0.299559 0.506608
0 0.594714 0.462555 0.590308 0.466960 0.590308 0.471366 0.594714 0.475771 0.594714 0.480176 0.599119 0.484582 0.599119 0.511013 0.603524 0.515419 0.607930 0.515419 0.612335 0.511013 0.612335 0.493392 0.607930 0.488987 0.607930 0.484582 0.603524 0.480176 0.603524 0.471366
0 0.872247 0.453745 0.867841 0.458150 0.867841 0.462555 0.863436 0.466960 0.867841 0.471366 0.867841 0.480176 0.872247 0.484582 0.872247 0.488987 0.881057 0.497797 0.881057 0.502203 0.885463 0.506608 0.894273 0.497797 0.894273 0.493392 0.898678 0.488987 0.898678 0.484582 0.889868 0.475771 0.889868 0.466960 0.881057 0.458150 0.876652 0.458150
0 0.493392 0.422908 0.488987 0.422908 0.484582 0.427313 0.484582 0.436123 0.493392 0.444934 0.493392 0.458150 0.497797 0.462555 0.497797 0.471366 0.480176 0.488987 0.480176 0.497797 0.475771 0.502203 0.480176 0.506608 0.480176 0.515419 0.471366 0.524229 0.471366 0.537445 0.462555 0.546256 0.458150 0.546256 0.453745 0.550661 0.440529 0.546256 0.436123 0.541850 0.436123 0.537445 0.431718 0.533040 0.427313 0.533040 0.422908 0.528634 0.422908 0.524229 0.414097 0.515419 0.400881 0.515419 0.396476 0.519824 0.387665 0.519824 0.383260 0.515419 0.378855 0.519824 0.383260 0.524229 0.387665 0.524229 0.396476 0.537445 0.414097 0.537445 0.418502 0.541850 0.422908 0.541850 0.431718 0.550661 0.436123 0.550661 0.449339 0.563877 0.449339 0.568282 0.462555 0.577093 0.462555 0.581498 0.466960 0.585903 0.466960 0.594714 0.471366 0.599119 0.471366 0.616740 0.475771 0.621145 0.480176 0.616740 0.480176 0.612335 0.493392 0.603524 0.493392 0.594714 0.497797 0.590308 0.497797 0.585903 0.488987 0.572687 0.488987 0.537445 0.484582 0.533040 0.484582 0.524229 0.480176 0.519824 0.480176 0.511013 0.484582 0.506608 0.488987 0.506608 0.502203 0.493392 0.515419 0.488987 0.519824 0.493392 0.524229 0.493392 0.537445 0.506608 0.537445 0.511013 0.555066 0.528634 0.555066 0.537445 0.559471 0.541850 0.563877 0.541850 0.568282 0.546256 0.577093 0.537445 0.572687 0.515419 0.555066 0.497797 0.550661 0.497797 0.537445 0.488987 0.533040 0.493392 0.502203 0.471366 0.502203 0.458150 0.497797 0.453745 0.497797 0.427313
0 0.136564 0.422908 0.127753 0.422908 0.118943 0.431718 0.118943 0.440529 0.123348 0.444934 0.123348 0.449339 0.127753 0.453745 0.140969 0.440529 0.140969 0.427313
0 0.563877 0.405286 0.559471 0.405286 0.550661 0.414097 0.550661 0.427313 0.559471 0.436123 0.577093 0.418502
0 0.925110 0.392070 0.916300 0.400881 0.916300 0.409692 0.920705 0.414097 0.920705 0.418502 0.929515 0.427313 0.929515 0.449339 0.925110 0.453745 0.925110 0.480176 0.929515 0.484582 0.933921 0.480176 0.933921 0.475771 0.938326 0.471366 0.938326 0.453745 0.942731 0.449339 0.938326 0.444934 0.938326 0.409692 0.933921 0.405286 0.933921 0.396476 0.929515 0.392070
0 0.638767 0.365639 0.634361 0.370044 0.634361 0.392070 0.638767 0.396476 0.638767 0.400881 0.643172 0.405286 0.651982 0.405286 0.656388 0.409692 0.660793 0.409692 0.665198 0.414097 0.669604 0.414097 0.674009 0.418502 0.678414 0.418502 0.682819 0.422908 0.691630 0.414097 0.691630 0.409692 0.687225 0.405286 0.669604 0.405286 0.665198 0.400881 0.660793 0.400881 0.656388 0.396476 0.656388 0.392070 0.651982 0.387665 0.651982 0.378855
0 0.519824 0.352423 0.524229 0.356828 0.533040 0.356828 0.537445 0.361233 0.541850 0.361233 0.559471 0.378855 0.563877 0.374449 0.563877 0.365639 0.555066 0.356828 0.546256 0.356828 0.541850 0.352423 0.537445 0.352423 0.528634 0.343612
0 0.233480 0.339207 0.229075 0.343612 0.229075 0.352423 0.233480 0.356828 0.233480 0.361233 0.237885 0.365639 0.237885 0.370044 0.246696 0.378855 0.246696 0.396476 0.255507 0.405286 0.255507 0.431718 0.264317 0.440529 0.268722 0.436123 0.268722 0.418502 0.259912 0.409692 0.259912 0.370044 0.255507 0.365639 0.255507 0.361233 0.251101 0.356828 0.251101 0.352423 0.246696 0.348018 0.246696 0.343612 0.242291 0.339207
0 0.682819 0.330396 0.674009 0.339207 0.674009 0.343612 0.678414 0.348018 0.678414 0.361233 0.687225 0.370044 0.691630 0.370044 0.696035 0.365639 0.696035 0.352423 0.691630 0.348018 0.691630 0.343612 0.687225 0.339207 0.687225 0.334802
0 0.925110 0.330396 0.911894 0.317181 0.907489 0.317181 0.903084 0.321586 0.898678 0.321586 0.889868 0.330396 0.894273 0.334802 0.894273 0.348018 0.898678 0.348018 0.903084 0.343612 0.911894 0.343612
0 0.352423 0.325991 0.352423 0.374449 0.356828 0.378855 0.356828 0.387665 0.361233 0.392070 0.361233 0.400881 0.365639 0.405286 0.365639 0.409692 0.370044 0.414097 0.374449 0.409692 0.378855 0.409692 0.383260 0.414097 0.387665 0.414097 0.392070 0.418502 0.392070 0.422908 0.396476 0.427313 0.405286 0.427313 0.414097 0.418502 0.418502 0.418502 0.422908 0.414097 0.427313 0.414097 0.431718 0.418502 0.436123 0.418502 0.440529 0.414097 0.444934 0.414097 0.449339 0.409692 0.453745 0.409692 0.458150 0.414097 0.466960 0.405286 0.466960 0.396476 0.462555 0.400881 0.458150 0.400881 0.449339 0.409692 0.444934 0.409692 0.440529 0.414097 0.436123 0.409692 0.431718 0.409692 0.427313 0.414097 0.422908 0.414097 0.418502 0.418502 0.409692 0.418502 0.405286 0.414097 0.396476 0.414097 0.392070 0.409692 0.387665 0.409692 0.383260 0.405286 0.383260 0.392070 0.374449 0.383260 0.374449 0.356828 0.370044 0.352423 0.370044 0.330396 0.383260 0.317181 0.383260 0.312775 0.378855 0.308370 0.374449 0.312775 0.370044 0.312775 0.365639 0.317181 0.361233 0.317181
0 0.493392 0.290749 0.488987 0.295154 0.488987 0.312775 0.484582 0.317181 0.484582 0.325991 0.480176 0.330396 0.475771 0.330396 0.471366 0.334802 0.466960 0.334802 0.458150 0.343612 0.458150 0.352423 0.462555 0.356828 0.466960 0.356828 0.471366 0.361233 0.471366 0.387665 0.475771 0.387665 0.480176 0.383260 0.480176 0.374449 0.471366 0.365639 0.471366 0.356828 0.480176 0.348018 0.480176 0.343612 0.493392 0.330396 0.497797 0.330396 0.506608 0.321586 0.506608 0.317181 0.502203 0.312775 0.502203 0.299559
0 0.867841 0.268722 0.854626 0.281938 0.854626 0.295154 0.867841 0.308370 0.872247 0.308370 0.876652 0.303965 0.876652 0.281938 0.872247 0.277533 0.872247 0.273128
0 0.660793 0.264317 0.656388 0.264317 0.643172 0.277533 0.643172 0.290749 0.638767 0.295154 0.638767 0.317181 0.634361 0.321586 0.638767 0.325991 0.643172 0.325991 0.647577 0.321586 0.647577 0.312775 0.651982 0.308370 0.651982 0.295154 0.656388 0.290749 0.656388 0.286344 0.660793 0.281938 0.660793 0.273128 0.665198 0.268722
0 0.801762 0.229075 0.801762 0.246696 0.810573 0.255507 0.814978 0.255507 0.823789 0.264317 0.828194 0.259912 0.828194 0.255507 0.832599 0.251101 0.832599 0.237885 0.828194 0.233480 0.810573 0.233480 0.806167 0.229075
0 0.286344 0.176211 0.281938 0.180617 0.281938 0.215859 0.290749 0.224670 0.295154 0.224670 0.299559 0.229075 0.299559 0.237885 0.295154 0.242291 0.295154 0.255507 0.299559 0.259912 0.312775 0.259912 0.317181 0.255507 0.317181 0.233480 0.303965 0.220264 0.303965 0.215859 0.299559 0.211454 0.299559 0.202643 0.295154 0.198238 0.295154 0.185022
0 0.444934 0.167401 0.436123 0.176211 0.436123 0.180617 0.440529 0.185022 0.440529 0.189427 0.444934 0.193833 0.444934 0.198238 0.449339 0.202643 0.449339 0.215859 0.453745 0.220264 0.458150 0.215859 0.458150 0.180617 0.453745 0.176211 0.453745 0.171806 0.449339 0.167401
0 0.185022 0.167401 0.189427 0.171806 0.189427 0.176211 0.193833 0.180617 0.198238 0.180617 0.202643 0.185022 0.207048 0.185022 0.220264 0.198238 0.242291 0.198238 0.246696 0.193833 0.246696 0.189427 0.233480 0.176211 0.229075 0.180617 0.224670 0.176211 0.220264 0.176211 0.202643 0.158590 0.193833 0.158590
0 0.044053 0.145374 0.039648 0.149780 0.044053 0.154185 0.044053 0.167401 0.013216 0.198238 0.008811 0.198238 0.004405 0.202643 0.000000 0.202643 0.000000 0.237885 0.004405 0.242291 0.008811 0.242291 0.013216 0.246696 0.013216 0.268722 0.008811 0.273128 0.004405 0.273128 0.000000 0.277533 0.000000 0.299559 0.004405 0.303965 0.008811 0.303965 0.013216 0.308370 0.017621 0.308370 0.022026 0.312775 0.026432 0.308370 0.030837 0.308370 0.035242 0.312775 0.039648 0.312775 0.061674 0.334802 0.066079 0.330396 0.066079 0.308370 0.052863 0.295154 0.052863 0.286344 0.044053 0.277533 0.039648 0.277533 0.030837 0.268722 0.030837 0.255507 0.035242 0.251101 0.035242 0.224670 0.022026 0.211454 0.022026 0.202643 0.044053 0.180617 0.048458 0.180617 0.052863 0.176211 0.057269 0.180617 0.061674 0.180617 0.074890 0.193833 0.079295 0.189427 0.079295 0.171806 0.074890 0.167401 0.070485 0.167401 0.066079 0.171806 0.061674 0.167401 0.057269 0.167401 0.052863 0.162996 0.052863 0.154185
0 0.105727 0.123348 0.101322 0.127753 0.118943 0.167401 0.118943 0.185022 0.105727 0.193833 0.114537 0.202643 0.114537 0.211454 0.140969 0.233480 0.140969 0.299559 0.132159 0.317181 0.140969 0.325991 0.145374 0.321586 0.154185 0.325991 0.167401 0.352423 0.167401 0.365639 0.149780 0.378855 0.171806 0.383260 0.189427 0.400881 0.207048 0.427313 0.211454 0.449339 0.185022 0.466960 0.189427 0.480176 0.176211 0.488987 0.101322 0.471366 0.083700 0.475771 0.048458 0.471366 0.044053 0.466960 0.048458 0.431718 0.061674 0.418502 0.044053 0.387665 0.035242 0.392070 0.017621 0.378855 0.022026 0.343612 0.000000 0.330396 0.000000 0.374449 0.013216 0.383260 0.013216 0.436123 0.022026 0.444934 0.026432 0.471366 0.044053 0.484582 0.101322 0.480176 0.198238 0.502203 0.224670 0.497797 0.259912 0.515419 0.264317 0.511013 0.255507 0.502203 0.259912 0.484582 0.229075 0.458150 0.215859 0.422908 0.185022 0.383260 0.162996 0.308370 0.162996 0.281938 0.185022 0.273128 0.198238 0.281938 0.193833 0.295154 0.198238 0.299559 0.211454 0.281938 0.211454 0.273128 0.224670 0.264317 0.224670 0.246696 0.215859 0.237885 0.207048 0.251101 0.189427 0.259912 0.176211 0.251101 0.171806 0.229075 0.154185 0.211454
0 0.189427 0.096916 0.185022 0.101322 0.180617 0.101322 0.176211 0.105727 0.176211 0.127753 0.180617 0.132159 0.185022 0.127753 0.189427 0.127753 0.193833 0.123348 0.193833 0.110132 0.198238 0.105727
0 0.845815 0.052863 0.841410 0.057269 0.841410 0.066079 0.845815 0.070485 0.850220 0.070485 0.854626 0.074890 0.859031 0.074890 0.863436 0.079295 0.867841 0.079295 0.872247 0.083700 0.872247 0.088106 0.876652 0.092511 0.876652 0.101322 0.881057 0.105727 0.881057 0.110132 0.889868 0.118943 0.894273 0.114537 0.889868 0.110132 0.889868 0.092511 0.876652 0.079295 0.872247 0.079295 0.863436 0.070485 0.863436 0.066079 0.859031 0.061674 0.859031 0.057269 0.854626 0.052863
0 0.044053 0.052863 0.039648 0.057269 0.039648 0.061674 0.035242 0.066079 0.035242 0.074890 0.030837 0.079295 0.035242 0.083700 0.035242 0.088106 0.039648 0.092511 0.052863 0.079295 0.052863 0.070485 0.057269 0.066079
0 0.140969 0.039648 0.136564 0.044053 0.136564 0.052863 0.140969 0.057269 0.140969 0.061674 0.154185 0.074890 0.158590 0.074890 0.162996 0.070485 0.162996 0.061674 0.167401 0.057269 0.154185 0.044053 0.145374 0.044053
0 0.735683 0.035242 0.731278 0.039648 0.731278 0.052863 0.735683 0.057269 0.735683 0.061674 0.740088 0.066079 0.744493 0.066079 0.757709 0.079295 0.762115 0.074890 0.762115 0.066079 0.757709 0.061674 0.753304 0.061674 0.748899 0.057269 0.748899 0.052863 0.744493 0.048458 0.744493 0.044053
