0 0.744493 0.916300 0.744493 0.933921 0.748899 0.938326 0.753304 0.933921 0.757709 0.933921 0.762115 0.929515 0.770925 0.929515 0.775330 0.933921 0.779736 0.929515 0.784141 0.933921 0.788546 0.933921 0.801762 0.947137 0.810573 0.947137 0.814978 0.942731 0.814978 0.938326 0.806167 0.929515 0.797357 0.929515 0.792952 0.933921 0.788546 0.933921 0.784141 0.929515 0.779736 0.929515 0.766520 0.916300 0.757709 0.916300 0.753304 0.911894 0.748899 0.911894
0 0.220264 0.872247 0.211454 0.872247 0.207048 0.876652 0.211454 0.881057 0.215859 0.881057 0.220264 0.885463 0.220264 0.889868 0.229075 0.898678 0.229075 0.911894 0.220264 0.920705 0.220264 0.951542 0.215859 0.955947 0.211454 0.955947 0.202643 0.964758 0.207048 0.969163 0.211454 0.969163 0.215859 0.964758 0.215859 0.955947 0.220264 0.951542 0.224670 0.951542 0.229075 0.947137 0.233480 0.947137 0.237885 0.942731 0.237885 0.916300 0.233480 0.911894 0.233480 0.903084 0.237885 0.898678 0.237885 0.885463 0.233480 0.881057 0.229075 0.881057
0 0.158590 0.872247 0.149780 0.872247 0.140969 0.881057 0.140969 0.894273 0.132159 0.903084 0.132159 0.907489 0.127753 0.911894 0.127753 0.916300 0.123348 0.920705 0.123348 0.925110 0.127753 0.929515 0.132159 0.929515 0.140969 0.920705 0.140969 0.916300 0.149780 0.907489 0.149780 0.894273 0.162996 0.881057 0.162996 0.876652
0 0.035242 0.867841 0.026432 0.876652 0.026432 0.894273 0.030837 0.898678 0.039648 0.898678 0.044053 0.903084 0.048458 0.898678 0.048458 0.881057 0.044053 0.876652 0.044053 0.872247 0.039648 0.867841
0 0.920705 0.859031 0.916300 0.854626 0.907489 0.854626 0.903084 0.859031 0.898678 0.859031 0.894273 0.863436 0.889868 0.863436 0.885463 0.867841 0.885463 0.881057 0.889868 0.885463 0.894273 0.885463 0.898678 0.881057 0.898678 0.876652 0.911894 0.863436 0.916300 0.863436
0 0.709251 0.832599 0.700441 0.832599 0.691630 0.841410 0.691630 0.845815 0.687225 0.850220 0.687225 0.867841 0.691630 0.872247 0.700441 0.863436 0.700441 0.854626 0.709251 0.845815 0.709251 0.841410 0.713656 0.837004
0 0.136564 0.814978 0.132159 0.814978 0.127753 0.819383 0.123348 0.819383 0.118943 0.823789 0.118943 0.837004 0.123348 0.841410 0.136564 0.841410 0.145374 0.832599 0.145374 0.828194 0.140969 0.823789 0.140969 0.819383
0 0.748899 0.766520 0.753304 0.770925 0.757709 0.770925 0.762115 0.775330 0.766520 0.775330 0.770925 0.779736 0.775330 0.779736 0.779736 0.784141 0.784141 0.784141 0.788546 0.779736 0.792952 0.779736 0.797357 0.775330 0.810573 0.775330 0.814978 0.770925 0.810573 0.766520 0.801762 0.766520 0.797357 0.762115 0.779736 0.762115 0.775330 0.766520 0.766520 0.766520 0.762115 0.762115 0.753304 0.762115
0 0.696035 0.726872 0.691630 0.722467 0.687225 0.722467 0.682819 0.718062 0.669604 0.731278 0.665198 0.731278 0.660793 0.735683 0.656388 0.735683 0.647577 0.744493 0.647577 0.748899 0.651982 0.748899 0.656388 0.753304 0.665198 0.753304 0.669604 0.748899 0.674009 0.748899 0.678414 0.744493 0.687225 0.744493 0.696035 0.735683
0 0.171806 0.691630 0.162996 0.691630 0.158590 0.696035 0.154185 0.696035 0.149780 0.700441 0.145374 0.700441 0.136564 0.709251 0.136564 0.718062 0.149780 0.731278 0.154185 0.726872 0.158590 0.731278 0.162996 0.726872 0.158590 0.722467 0.158590 0.713656 0.167401 0.704846 0.171806 0.704846 0.176211 0.700441 0.176211 0.696035
0 0.083700 0.638767 0.079295 0.638767 0.074890 0.643172 0.074890 0.647577 0.070485 0.651982 0.070485 0.660793 0.061674 0.669604 0.066079 0.674009 0.066079 0.682819 0.061674 0.687225 0.061674 0.722467 0.066079 0.726872 0.070485 0.726872 0.074890 0.722467 0.074890 0.700441 0.079295 0.696035 0.079295 0.669604 0.096916 0.651982
0 0.784141 0.629956 0.784141 0.634361 0.779736 0.638767 0.779736 0.647577 0.797357 0.665198 0.801762 0.660793 0.801762 0.638767 0.797357 0.634361 0.792952 0.634361 0.788546 0.629956
0 0.436123 0.634361 0.431718 0.629956 0.427313 0.634361 0.422908 0.634361 0.409692 0.647577 0.405286 0.647577 0.400881 0.651982 0.400881 0.656388 0.396476 0.660793 0.392070 0.660793 0.387665 0.665198 0.383260 0.665198 0.378855 0.669604 0.378855 0.678414 0.383260 0.682819 0.396476 0.669604 0.400881 0.669604 0.405286 0.665198 0.409692 0.665198 0.414097 0.669604 0.422908 0.660793 0.422908 0.656388 0.427313 0.651982 0.427313 0.647577 0.436123 0.638767
0 0.255507 0.629956 0.251101 0.634361 0.251101 0.638767 0.259912 0.647577 0.268722 0.647577 0.273128 0.643172 0.277533 0.643172 0.281938 0.638767 0.286344 0.643172 0.290749 0.643172 0.295154 0.647577 0.295154 0.660793 0.290749 0.665198 0.290749 0.678414 0.295154 0.682819 0.299559 0.682819 0.303965 0.687225 0.308370 0.687225 0.312775 0.691630 0.312775 0.709251 0.317181 0.713656 0.321586 0.713656 0.325991 0.718062 0.330396 0.713656 0.330396 0.704846 0.321586 0.696035 0.321586 0.678414 0.312775 0.669604 0.312775 0.665198 0.308370 0.660793 0.308370 0.634361 0.303965 0.629956 0.286344 0.629956 0.281938 0.634361 0.268722 0.634361 0.264317 0.629956
0 0.713656 0.612335 0.709251 0.616740 0.709251 0.625551 0.718062 0.634361 0.722467 0.634361 0.731278 0.643172 0.731278 0.665198 0.735683 0.669604 0.735683 0.678414 0.740088 0.682819 0.753304 0.669604 0.744493 0.660793 0.744493 0.656388 0.740088 0.651982 0.740088 0.625551 0.726872 0.612335
0 0.894273 0.612335 0.889868 0.607930 0.885463 0.607930 0.876652 0.616740 0.876652 0.621145 0.872247 0.625551 0.867841 0.625551 0.863436 0.629956 0.859031 0.625551 0.854626 0.625551 0.850220 0.621145 0.845815 0.625551 0.845815 0.643172 0.841410 0.647577 0.841410 0.651982 0.837004 0.656388 0.841410 0.660793 0.845815 0.656388 0.845815 0.651982 0.854626 0.643172 0.854626 0.634361 0.859031 0.629956 0.863436 0.629956 0.867841 0.625551 0.872247 0.629956 0.876652 0.629956 0.881057 0.634361 0.881057 0.643172 0.885463 0.647577 0.889868 0.647577 0.894273 0.643172 0.894273 0.638767 0.898678 0.634361 0.898678 0.621145 0.894273 0.616740
0 0.775330 0.585903 0.766520 0.594714 0.766520 0.612335 0.775330 0.621145 0.779736 0.621145 0.779736 0.616740 0.784141 0.612335 0.784141 0.590308 0.779736 0.585903
0 0.154185 0.577093 0.149780 0.577093 0.132159 0.594714 0.127753 0.594714 0.123348 0.599119 0.118943 0.599119 0.114537 0.603524 0.114537 0.616740 0.118943 0.621145 0.127753 0.621145 0.132159 0.616740 0.136564 0.616740 0.158590 0.594714 0.158590 0.581498
0 0.048458 0.577093 0.052863 0.581498 0.061674 0.581498 0.066079 0.585903 0.070485 0.585903 0.074890 0.590308 0.079295 0.585903 0.083700 0.590308 0.092511 0.581498 0.092511 0.568282 0.083700 0.559471 0.074890 0.559471 0.066079 0.568282 0.061674 0.568282 0.057269 0.572687 0.052863 0.572687
0 0.286344 0.546256 0.277533 0.555066 0.277533 0.559471 0.281938 0.563877 0.286344 0.563877 0.295154 0.572687 0.299559 0.572687 0.303965 0.577093 0.303965 0.590308 0.299559 0.594714 0.303965 0.599119 0.308370 0.599119 0.312775 0.594714 0.303965 0.585903 0.303965 0.577093 0.308370 0.572687 0.312775 0.572687 0.317181 0.568282 0.317181 0.563877 0.308370 0.555066 0.303965 0.555066 0.299559 0.550661 0.295154 0.550661 0.290749 0.546256
0 0.211454 0.528634 0.207048 0.528634 0.202643 0.533040 0.202643 0.559471 0.198238 0.563877 0.193833 0.563877 0.189427 0.568282 0.193833 0.572687 0.198238 0.568282 0.198238 0.563877 0.202643 0.559471 0.207048 0.559471 0.211454 0.555066 0.215859 0.559471 0.224670 0.550661 0.224670 0.541850
0 0.903084 0.493392 0.898678 0.493392 0.889868 0.502203 0.889868 0.511013 0.885463 0.515419 0.885463 0.533040 0.889868 0.537445 0.903084 0.524229 0.903084 0.506608 0.907489 0.502203 0.907489 0.497797
0 0.330396 0.488987 0.325991 0.484582 0.317181 0.493392 0.312775 0.493392 0.299559 0.506608 0.295154 0.506608 0.290749 0.511013 0.264317 0.511013 0.259912 0.515419 0.259912 0.519824 0.264317 0.524229 0.281938 0.524229 0.286344 0.528634 0.290749 0.524229 0.295154 0.524229 0.299559 0.519824 0.308370 0.519824 0.330396 0.497797
0 0.105727 0.462555 0.101322 0.462555 0.092511 0.471366 0.092511 0.480176 0.083700 0.488987 0.083700 0.502203 0.079295 0.506608 0.083700 0.511013 0.083700 0.519824 0.088106 0.524229 0.096916 0.515419 0.096916 0.502203 0.101322 0.497797 0.101322 0.488987 0.114537 0.475771 0.110132 0.471366 0.110132 0.466960
0 0.048458 0.444934 0.044053 0.449339 0.039648 0.449339 0.035242 0.453745 0.035242 0.471366 0.030837 0.475771 0.030837 0.480176 0.026432 0.484582 0.022026 0.484582 0.017621 0.488987 0.022026 0.488987 0.030837 0.497797 0.039648 0.497797 0.044053 0.493392 0.044053 0.475771 0.048458 0.471366 0.048458 0.462555 0.052863 0.458150 0.052863 0.449339
0 0.383260 0.440529 0.378855 0.444934 0.374449 0.444934 0.370044 0.449339 0.370044 0.453745 0.374449 0.458150 0.378855 0.458150 0.383260 0.462555 0.387665 0.462555 0.392070 0.458150 0.396476 0.458150 0.400881 0.462555 0.405286 0.462555 0.409692 0.466960 0.409692 0.475771 0.418502 0.484582 0.418502 0.493392 0.409692 0.502203 0.409692 0.506608 0.405286 0.511013 0.405286 0.515419 0.409692 0.519824 0.414097 0.519824 0.418502 0.524229 0.422908 0.524229 0.427313 0.528634 0.427313 0.546256 0.414097 0.559471 0.409692 0.559471 0.405286 0.563877 0.409692 0.568282 0.414097 0.563877 0.418502 0.563877 0.422908 0.559471 0.431718 0.559471 0.436123 0.555066 0.440529 0.555066 0.444934 0.550661 0.444934 0.546256 0.449339 0.541850 0.440529 0.533040 0.436123 0.533040 0.431718 0.528634 0.427313 0.528634 0.422908 0.524229 0.422908 0.484582 0.431718 0.475771 0.431718 0.471366 0.436123 0.466960 0.436123 0.458150 0.427313 0.449339 0.422908 0.449339 0.414097 0.458150 0.409692 0.458150 0.405286 0.462555 0.400881 0.458150 0.396476 0.458150 0.392070 0.453745 0.392070 0.444934 0.387665 0.440529
0 0.502203 0.436123 0.497797 0.440529 0.497797 0.444934 0.493392 0.449339 0.493392 0.471366 0.488987 0.475771 0.488987 0.480176 0.484582 0.484582 0.497797 0.497797 0.497797 0.506608 0.502203 0.511013 0.502203 0.528634 0.506608 0.533040 0.511013 0.533040 0.515419 0.528634 0.515419 0.519824 0.511013 0.515419 0.511013 0.502203 0.497797 0.488987 0.497797 0.475771 0.502203 0.471366 0.506608 0.471366 0.511013 0.466960 0.511013 0.444934 0.515419 0.440529 0.511013 0.436123
0 0.255507 0.436123 0.229075 0.462555 0.233480 0.466960 0.233480 0.471366 0.242291 0.480176 0.246696 0.475771 0.251101 0.475771 0.259912 0.466960 0.259912 0.458150 0.264317 0.453745 0.264317 0.444934
0 0.995595 0.427313 0.991189 0.427313 0.986784 0.431718 0.986784 0.440529 0.982379 0.444934 0.977974 0.444934 0.973568 0.449339 0.969163 0.444934 0.960352 0.453745 0.955947 0.453745 0.955947 0.462555 0.964758 0.471366 0.969163 0.471366 0.977974 0.462555 0.977974 0.449339 0.982379 0.444934 0.986784 0.444934 0.991189 0.440529 0.995595 0.440529
0 0.920705 0.418502 0.916300 0.422908 0.916300 0.436123 0.920705 0.440529 0.920705 0.449339 0.925110 0.453745 0.933921 0.453745 0.938326 0.449339 0.933921 0.444934 0.933921 0.436123 0.938326 0.431718 0.938326 0.422908 0.933921 0.418502
0 0.740088 0.414097 0.731278 0.414097 0.718062 0.427313 0.718062 0.440529 0.722467 0.444934 0.726872 0.440529 0.731278 0.440529 0.735683 0.436123 0.740088 0.436123 0.744493 0.431718 0.744493 0.418502
0 0.000000 0.409692 0.000000 0.431718 0.026432 0.431718 0.035242 0.422908 0.035242 0.414097 0.030837 0.409692 0.013216 0.409692 0.008811 0.414097 0.004405 0.409692
0 0.431718 0.361233 0.427313 0.365639 0.427313 0.370044 0.422908 0.374449 0.427313 0.378855 0.427313 0.383260 0.431718 0.387665 0.431718 0.396476 0.427313 0.400881 0.427313 0.414097 0.431718 0.418502 0.436123 0.418502 0.444934 0.409692 0.444934 0.400881 0.436123 0.392070 0.436123 0.378855 0.440529 0.374449 0.440529 0.365639 0.436123 0.361233
0 0.775330 0.334802 0.766520 0.343612 0.770925 0.348018 0.770925 0.361233 0.766520 0.365639 0.770925 0.370044 0.770925 0.378855 0.762115 0.387665 0.762115 0.396476 0.770925 0.405286 0.775330 0.405286 0.779736 0.409692 0.779736 0.418502 0.775330 0.422908 0.788546 0.436123 0.792952 0.436123 0.797357 0.440529 0.806167 0.440529 0.810573 0.436123 0.814978 0.436123 0.819383 0.431718 0.823789 0.431718 0.828194 0.427313 0.832599 0.431718 0.837004 0.431718 0.845815 0.440529 0.854626 0.440529 0.876652 0.418502 0.876652 0.392070 0.872247 0.387665 0.867841 0.387665 0.863436 0.392070 0.863436 0.405286 0.859031 0.409692 0.859031 0.414097 0.854626 0.418502 0.850220 0.418502 0.845815 0.422908 0.841410 0.422908 0.837004 0.427313 0.832599 0.422908 0.828194 0.422908 0.823789 0.418502 0.823789 0.414097 0.810573 0.400881 0.806167 0.405286 0.801762 0.400881 0.797357 0.400881 0.784141 0.387665 0.784141 0.370044 0.788546 0.365639 0.788546 0.348018 0.792952 0.343612 0.792952 0.339207 0.788546 0.334802
0 0.030837 0.339207 0.035242 0.343612 0.039648 0.343612 0.044053 0.339207 0.057269 0.339207 0.061674 0.343612 0.066079 0.343612 0.070485 0.348018 0.079295 0.348018 0.083700 0.343612 0.088106 0.343612 0.092511 0.339207 0.088106 0.334802 0.083700 0.334802 0.079295 0.330396 0.074890 0.330396 0.066079 0.321586 0.048458 0.321586
0 0.881057 0.312775 0.872247 0.321586 0.867841 0.321586 0.863436 0.325991 0.859031 0.321586 0.850220 0.330396 0.850220 0.348018 0.845815 0.352423 0.850220 0.356828 0.854626 0.352423 0.854626 0.343612 0.863436 0.334802 0.867841 0.334802 0.872247 0.330396 0.876652 0.330396 0.885463 0.321586 0.885463 0.317181
0 0.515419 0.308370 0.511013 0.308370 0.502203 0.317181 0.497797 0.317181 0.493392 0.321586 0.493392 0.325991 0.484582 0.334802 0.484582 0.339207 0.493392 0.348018 0.511013 0.330396 0.515419 0.330396 0.524229 0.321586 0.524229 0.317181
0 0.158590 0.268722 0.140969 0.286344 0.140969 0.290749 0.132159 0.299559 0.132159 0.308370 0.140969 0.317181 0.140969 0.325991 0.149780 0.334802 0.154185 0.330396 0.158590 0.330396 0.162996 0.325991 0.162996 0.321586 0.149780 0.308370 0.149780 0.299559 0.162996 0.286344 0.167401 0.286344 0.171806 0.281938 0.171806 0.277533 0.167401 0.273128 0.162996 0.273128
0 0.259912 0.242291 0.251101 0.251101 0.251101 0.264317 0.259912 0.273128 0.268722 0.273128 0.273128 0.268722 0.273128 0.264317 0.268722 0.259912 0.268722 0.246696 0.264317 0.242291
0 0.933921 0.202643 0.920705 0.215859 0.925110 0.220264 0.925110 0.224670 0.929515 0.229075 0.933921 0.229075 0.942731 0.237885 0.942731 0.251101 0.938326 0.255507 0.947137 0.264317 0.960352 0.264317 0.964758 0.259912 0.964758 0.242291 0.947137 0.224670 0.947137 0.215859 0.942731 0.211454 0.942731 0.207048 0.938326 0.202643
0 0.026432 0.220264 0.026432 0.224670 0.030837 0.229075 0.035242 0.224670 0.039648 0.229075 0.044053 0.229075 0.057269 0.242291 0.057269 0.246696 0.061674 0.251101 0.079295 0.251101 0.088106 0.242291 0.079295 0.233480 0.074890 0.233480 0.070485 0.229075 0.070485 0.224670 0.061674 0.215859 0.061674 0.207048 0.057269 0.202643 0.048458 0.202643 0.035242 0.215859 0.030837 0.215859
0 0.418502 0.180617 0.414097 0.180617 0.405286 0.189427 0.405286 0.193833 0.400881 0.198238 0.400881 0.215859 0.396476 0.220264 0.396476 0.224670 0.400881 0.229075 0.405286 0.224670 0.405286 0.215859 0.427313 0.193833 0.427313 0.189427
0 0.572687 0.176211 0.568282 0.176211 0.555066 0.189427 0.550661 0.189427 0.555066 0.189427 0.559471 0.193833 0.559471 0.211454 0.555066 0.215859 0.550661 0.215859 0.546256 0.220264 0.546256 0.229075 0.550661 0.233480 0.563877 0.233480 0.568282 0.229075 0.568282 0.211454 0.577093 0.202643 0.577093 0.180617
0 0.837004 0.189427 0.837004 0.193833 0.832599 0.198238 0.832599 0.202643 0.837004 0.207048 0.841410 0.207048 0.845815 0.211454 0.854626 0.211454 0.859031 0.207048 0.863436 0.211454 0.867841 0.211454 0.872247 0.215859 0.872247 0.220264 0.876652 0.224670 0.894273 0.224670 0.898678 0.220264 0.894273 0.215859 0.889868 0.215859 0.885463 0.211454 0.881057 0.211454 0.876652 0.215859 0.872247 0.215859 0.867841 0.211454 0.863436 0.211454 0.859031 0.207048 0.859031 0.193833 0.863436 0.189427 0.863436 0.185022 0.867841 0.180617 0.872247 0.180617 0.876652 0.176211 0.876652 0.167401 0.872247 0.162996 0.867841 0.162996 0.859031 0.171806 0.859031 0.176211 0.854626 0.180617 0.850220 0.180617 0.845815 0.185022 0.841410 0.185022
0 0.202643 0.162996 0.198238 0.162996 0.193833 0.167401 0.189427 0.167401 0.180617 0.176211 0.180617 0.180617 0.193833 0.193833 0.198238 0.193833 0.202643 0.189427 0.202643 0.185022 0.207048 0.180617 0.207048 0.167401
0 0.995595 0.110132 0.991189 0.110132 0.986784 0.114537 0.982379 0.114537 0.977974 0.118943 0.973568 0.118943 0.969163 0.123348 0.964758 0.118943 0.955947 0.118943 0.942731 0.132159 0.938326 0.132159 0.933921 0.136564 0.929515 0.136564 0.925110 0.140969 0.916300 0.140969 0.911894 0.145374 0.925110 0.158590 0.929515 0.154185 0.933921 0.158590 0.938326 0.154185 0.942731 0.154185 0.951542 0.145374 0.955947 0.145374 0.960352 0.140969 0.964758 0.140969 0.969163 0.136564 0.973568 0.136564 0.977974 0.132159 0.982379 0.132159 0.986784 0.127753 0.995595 0.127753
0 0.898678 0.074890 0.889868 0.074890 0.885463 0.079295 0.885463 0.083700 0.881057 0.088106 0.881057 0.092511 0.876652 0.096916 0.876652 0.101322 0.872247 0.105727 0.876652 0.110132 0.885463 0.110132 0.903084 0.092511 0.903084 0.088106 0.907489 0.083700
0 0.145374 0.057269 0.140969 0.061674 0.140969 0.083700 0.136564 0.088106 0.140969 0.092511 0.149780 0.092511 0.158590 0.083700 0.158590 0.074890 0.154185 0.070485 0.154185 0.066079
0 0.211454 0.026432 0.202643 0.035242 0.202643 0.039648 0.198238 0.044053 0.198238 0.048458 0.202643 0.052863 0.202643 0.061674 0.207048 0.066079 0.211454 0.066079 0.220264 0.057269 0.220264 0.035242
0 0.942731 0.030837 0.951542 0.039648 0.955947 0.039648 0.960352 0.044053 0.964758 0.039648 0.969163 0.039648 0.973568 0.035242 0.977974 0.035242 0.982379 0.030837 0.995595 0.030837 0.995595 0.022026 0.951542 0.022026
0 0.819383 0.000000 0.828194 0.008811 0.828194 0.030837 0.823789 0.035242 0.823789 0.044053 0.828194 0.048458 0.828194 0.057269 0.837004 0.066079 0.845815 0.057269 0.845815 0.044053 0.850220 0.039648 0.845815 0.035242 0.845815 0.026432 0.841410 0.022026 0.837004 0.022026 0.832599 0.017621 0.832599 0.000000
0 0.731278 0.000000 0.687225 0.000000 0.674009 0.092511 0.704846 0.132159 0.696035 0.176211 0.612335 0.277533 0.603524 0.317181 0.585903 0.330396 0.568282 0.299559 0.559471 0.312775 0.577093 0.334802 0.533040 0.356828 0.555066 0.374449 0.559471 0.414097 0.546256 0.427313 0.559471 0.440529 0.568282 0.497797 0.533040 0.533040 0.533040 0.568282 0.506608 0.629956 0.480176 0.656388 0.453745 0.744493 0.436123 0.757709 0.418502 0.748899 0.392070 0.757709 0.396476 0.770925 0.422908 0.766520 0.436123 0.784141 0.400881 0.845815 0.370044 0.837004 0.392070 0.863436 0.356828 0.920705 0.374449 0.938326 0.400881 0.933921 0.405286 0.947137 0.387665 0.969163 0.365639 0.951542 0.343612 0.995595 0.414097 0.995595 0.431718 0.973568 0.453745 0.995595 0.484582 0.916300 0.528634 0.876652 0.475771 0.911894 0.462555 0.903084 0.462555 0.867841 0.511013 0.792952 0.506608 0.757709 0.528634 0.713656 0.537445 0.625551 0.559471 0.603524 0.572687 0.612335 0.568282 0.700441 0.585903 0.722467 0.603524 0.718062 0.612335 0.700441 0.581498 0.691630 0.590308 0.616740 0.581498 0.603524 0.607930 0.541850 0.651982 0.493392 0.696035 0.533040 0.718062 0.533040 0.762115 0.480176 0.748899 0.462555 0.696035 0.497797 0.669604 0.458150 0.651982 0.488987 0.629956 0.475771 0.625551 0.440529 0.674009 0.356828 0.669604 0.334802 0.634361 0.374449 0.629956 0.422908 0.607930 0.440529 0.594714 0.431718 0.603524 0.356828 0.651982 0.308370 0.656388 0.286344 0.696035 0.255507 0.709251 0.264317 0.770925 0.180617 0.819383 0.171806 0.837004 0.145374 0.823789 0.132159 0.784141 0.149780 0.744493 0.096916 0.753304 0.057269
0 0.612335 0.000000 0.612335 0.013216 0.607930 0.017621 0.603524 0.017621 0.599119 0.022026 0.599119 0.026432 0.603524 0.030837 0.603524 0.039648 0.621145 0.057269 0.625551 0.057269 0.629956 0.061674 0.638767 0.052863 0.634361 0.048458 0.629956 0.048458 0.625551 0.044053 0.621145 0.044053 0.616740 0.039648 0.616740 0.035242 0.612335 0.030837 0.612335 0.013216 0.616740 0.008811 0.621145 0.008811 0.625551 0.004405 0.625551 0.000000
0 0.440529 0.000000 0.422908 0.000000 0.422908 0.017621 0.414097 0.026432 0.409692 0.026432 0.405286 0.030837 0.400881 0.030837 0.396476 0.035242 0.392070 0.030837 0.383260 0.030837 0.378855 0.035242 0.383260 0.039648 0.392070 0.039648 0.396476 0.035242 0.400881 0.035242 0.405286 0.039648 0.418502 0.039648 0.422908 0.044053 0.427313 0.039648 0.427313 0.017621 0.440529 0.004405
0 0.070485 0.048458 0.074890 0.052863 0.079295 0.048458 0.083700 0.052863 0.088106 0.048458 0.092511 0.048458 0.096916 0.044053 0.092511 0.039648 0.092511 0.035242 0.088106 0.030837 0.088106 0.022026 0.092511 0.017621 0.092511 0.013216 0.096916 0.008811 0.101322 0.008811 0.105727 0.004405 0.110132 0.004405 0.114537 0.008811 0.118943 0.008811 0.123348 0.013216 0.123348 0.017621 0.132159 0.026432 0.136564 0.022026 0.136564 0.000000 0.083700 0.000000 0.083700 0.004405 0.079295 0.008811 0.079295 0.013216 0.074890 0.017621 0.074890 0.035242 0.070485 0.039648
