0 0.612335 0.955947 0.607930 0.955947 0.599119 0.964758 0.599119 0.973568 0.590308 0.982379 0.590308 0.995595 0.612335 0.995595 0.612335 0.969163 0.616740 0.964758 0.616740 0.960352
0 0.497797 0.929515 0.493392 0.933921 0.488987 0.933921 0.480176 0.942731 0.480176 0.955947 0.484582 0.960352 0.484582 0.964758 0.488987 0.969163 0.502203 0.955947 0.502203 0.951542 0.506608 0.947137 0.506608 0.938326
0 0.162996 0.894273 0.158590 0.898678 0.158590 0.903084 0.162996 0.907489 0.162996 0.911894 0.171806 0.920705 0.171806 0.925110 0.176211 0.929515 0.176211 0.942731 0.180617 0.947137 0.189427 0.938326 0.189427 0.929515 0.193833 0.925110 0.185022 0.916300 0.180617 0.916300 0.176211 0.911894 0.176211 0.903084 0.167401 0.894273
0 0.268722 0.872247 0.268722 0.876652 0.273128 0.881057 0.277533 0.876652 0.281938 0.881057 0.286344 0.881057 0.290749 0.885463 0.312775 0.885463 0.317181 0.881057 0.321586 0.885463 0.325991 0.885463 0.330396 0.889868 0.348018 0.889868 0.356828 0.881057 0.356828 0.876652 0.352423 0.872247 0.348018 0.876652 0.339207 0.876652 0.334802 0.872247 0.325991 0.872247 0.321586 0.867841 0.303965 0.867841 0.299559 0.872247 0.277533 0.872247 0.273128 0.867841
0 0.198238 0.810573 0.189427 0.819383 0.193833 0.823789 0.198238 0.823789 0.215859 0.841410 0.215859 0.850220 0.220264 0.854626 0.233480 0.854626 0.237885 0.850220 0.237885 0.845815 0.229075 0.837004 0.229075 0.832599 0.224670 0.828194 0.220264 0.828194 0.202643 0.810573
0 0.312775 0.788546 0.308370 0.784141 0.295154 0.784141 0.281938 0.797357 0.277533 0.797357 0.273128 0.801762 0.264317 0.801762 0.259912 0.806167 0.259912 0.814978 0.268722 0.823789 0.277533 0.823789 0.281938 0.819383 0.286344 0.819383 0.308370 0.797357 0.308370 0.792952
0 0.519824 0.770925 0.515419 0.775330 0.515419 0.779736 0.511013 0.784141 0.511013 0.788546 0.519824 0.797357 0.519824 0.806167 0.524229 0.810573 0.524229 0.819383 0.528634 0.823789 0.528634 0.832599 0.533040 0.837004 0.533040 0.850220 0.528634 0.854626 0.528634 0.859031 0.524229 0.863436 0.524229 0.876652 0.528634 0.881057 0.528634 0.898678 0.533040 0.903084 0.537445 0.903084 0.546256 0.894273 0.546256 0.885463 0.550661 0.881057 0.550661 0.876652 0.546256 0.872247 0.546256 0.867841 0.541850 0.863436 0.541850 0.854626 0.533040 0.845815 0.533040 0.837004 0.537445 0.832599 0.537445 0.823789 0.541850 0.819383 0.541850 0.810573 0.537445 0.806167 0.537445 0.788546 0.533040 0.784141 0.533040 0.775330 0.528634 0.770925
0 0.017621 0.748899 0.026432 0.757709 0.030837 0.757709 0.035242 0.762115 0.039648 0.762115 0.044053 0.766520 0.044053 0.770925 0.052863 0.779736 0.061674 0.779736 0.066079 0.775330 0.048458 0.757709 0.044053 0.757709 0.035242 0.748899 0.030837 0.748899 0.026432 0.744493 0.022026 0.744493
0 0.211454 0.709251 0.207048 0.713656 0.207048 0.726872 0.211454 0.731278 0.211454 0.753304 0.207048 0.757709 0.215859 0.766520 0.220264 0.762115 0.224670 0.762115 0.229075 0.757709 0.229075 0.722467 0.224670 0.718062 0.220264 0.718062
0 0.000000 0.691630 0.000000 0.704846 0.004405 0.700441 0.008811 0.700441 0.013216 0.696035 0.026432 0.696035 0.030837 0.700441 0.035242 0.700441 0.039648 0.704846 0.044053 0.704846 0.048458 0.709251 0.052863 0.709251 0.061674 0.700441 0.061674 0.696035 0.052863 0.687225 0.044053 0.687225 0.039648 0.682819 0.035242 0.682819 0.030837 0.678414 0.022026 0.678414 0.017621 0.682819 0.013216 0.682819 0.008811 0.687225 0.004405 0.687225
0 0.207048 0.682819 0.202643 0.678414 0.198238 0.682819 0.193833 0.678414 0.189427 0.678414 0.180617 0.669604 0.167401 0.669604 0.162996 0.674009 0.162996 0.678414 0.158590 0.682819 0.154185 0.682819 0.149780 0.687225 0.127753 0.687225 0.118943 0.696035 0.127753 0.704846 0.140969 0.704846 0.145374 0.709251 0.149780 0.709251 0.154185 0.704846 0.154185 0.691630 0.158590 0.687225 0.162996 0.687225 0.167401 0.682819 0.180617 0.682819 0.185022 0.678414 0.189427 0.682819 0.193833 0.682819 0.202643 0.691630 0.207048 0.687225
0 0.506608 0.634361 0.524229 0.651982 0.537445 0.656388 0.541850 0.669604 0.506608 0.704846 0.502203 0.722467 0.533040 0.731278 0.555066 0.744493 0.585903 0.784141 0.590308 0.779736 0.599119 0.784141 0.616740 0.806167 0.638767 0.797357 0.678414 0.801762 0.779736 0.854626 0.784141 0.850220 0.823789 0.867841 0.837004 0.881057 0.885463 0.903084 0.907489 0.920705 0.916300 0.907489 0.925110 0.903084 0.947137 0.920705 0.947137 0.933921 0.929515 0.947137 0.929515 0.960352 0.947137 0.986784 0.947137 0.995595 0.995595 0.995595 0.995595 0.942731 0.977974 0.938326 0.951542 0.916300 0.929515 0.872247 0.894273 0.837004 0.898678 0.806167 0.889868 0.792952 0.872247 0.810573 0.859031 0.814978 0.841410 0.801762 0.841410 0.792952 0.832599 0.784141 0.806167 0.775330 0.801762 0.784141 0.788546 0.788546 0.757709 0.775330 0.744493 0.762115 0.718062 0.757709 0.665198 0.726872 0.665198 0.718062 0.674009 0.709251 0.709251 0.696035 0.704846 0.682819 0.669604 0.691630 0.647577 0.713656 0.625551 0.696035 0.625551 0.682819 0.643172 0.669604 0.634361 0.660793 0.629956 0.665198 0.590308 0.647577 0.559471 0.660793 0.546256 0.651982 0.550661 0.638767 0.546256 0.625551 0.515419 0.612335
0 0.925110 0.599119 0.933921 0.607930 0.951542 0.607930 0.964758 0.594714 0.960352 0.590308 0.955947 0.590308 0.951542 0.585903 0.933921 0.585903 0.925110 0.594714
0 0.079295 0.599119 0.079295 0.607930 0.083700 0.612335 0.083700 0.616740 0.088106 0.621145 0.118943 0.621145 0.123348 0.616740 0.136564 0.616740 0.140969 0.621145 0.145374 0.621145 0.154185 0.629956 0.162996 0.629956 0.167401 0.634361 0.171806 0.629956 0.176211 0.629956 0.180617 0.634361 0.185022 0.634361 0.189427 0.629956 0.189427 0.625551 0.180617 0.616740 0.167401 0.616740 0.162996 0.612335 0.158590 0.612335 0.154185 0.607930 0.154185 0.603524 0.149780 0.599119 0.145374 0.599119 0.140969 0.594714 0.136564 0.594714 0.127753 0.585903 0.114537 0.585903 0.110132 0.590308 0.096916 0.590308 0.092511 0.594714 0.088106 0.594714 0.083700 0.599119
0 0.061674 0.577093 0.052863 0.577093 0.048458 0.581498 0.044053 0.577093 0.030837 0.577093 0.017621 0.590308 0.013216 0.590308 0.008811 0.594714 0.000000 0.594714 0.000000 0.647577 0.013216 0.647577 0.017621 0.643172 0.008811 0.634361 0.008811 0.629956 0.004405 0.625551 0.004405 0.607930 0.008811 0.603524 0.013216 0.603524 0.017621 0.599119 0.022026 0.599119 0.026432 0.594714 0.057269 0.594714 0.061674 0.590308 0.061674 0.585903 0.066079 0.581498
0 0.145374 0.568282 0.149780 0.572687 0.162996 0.572687 0.167401 0.577093 0.193833 0.577093 0.198238 0.572687 0.211454 0.572687 0.215859 0.577093 0.224670 0.577093 0.251101 0.590308 0.255507 0.594714 0.255507 0.603524 0.242291 0.612335 0.229075 0.612335 0.224670 0.616740 0.233480 0.621145 0.246696 0.638767 0.273128 0.651982 0.273128 0.669604 0.281938 0.678414 0.295154 0.678414 0.299559 0.669604 0.290749 0.660793 0.290749 0.651982 0.303965 0.643172 0.317181 0.647577 0.330396 0.660793 0.330396 0.669604 0.321586 0.678414 0.325991 0.687225 0.339207 0.700441 0.352423 0.700441 0.361233 0.704846 0.387665 0.731278 0.400881 0.731278 0.418502 0.722467 0.449339 0.740088 0.475771 0.740088 0.488987 0.722467 0.484582 0.722467 0.471366 0.709251 0.444934 0.696035 0.444934 0.669604 0.431718 0.651982 0.414097 0.665198 0.396476 0.660793 0.392070 0.656388 0.392070 0.647577 0.396476 0.643172 0.392070 0.638767 0.392070 0.629956 0.370044 0.607930 0.348018 0.599119 0.334802 0.585903 0.317181 0.581498 0.308370 0.568282 0.299559 0.568282 0.295154 0.577093 0.277533 0.590308 0.255507 0.581498 0.242291 0.563877 0.220264 0.563877 0.202643 0.572687 0.185022 0.559471 0.180617 0.563877 0.171806 0.559471 0.167401 0.563877 0.162996 0.559471 0.154185 0.559471
0 0.916300 0.493392 0.911894 0.493392 0.903084 0.502203 0.903084 0.506608 0.894273 0.515419 0.889868 0.515419 0.885463 0.519824 0.894273 0.528634 0.898678 0.528634 0.907489 0.519824 0.907489 0.515419 0.920705 0.502203 0.920705 0.497797
0 0.092511 0.471366 0.083700 0.471366 0.074890 0.480176 0.074890 0.493392 0.070485 0.497797 0.088106 0.515419 0.092511 0.511013 0.092511 0.488987 0.096916 0.484582 0.096916 0.475771
0 0.114537 0.444934 0.110132 0.449339 0.118943 0.458150 0.118943 0.466960 0.123348 0.471366 0.123348 0.475771 0.127753 0.480176 0.127753 0.484582 0.136564 0.493392 0.140969 0.488987 0.136564 0.484582 0.136564 0.471366 0.132159 0.466960 0.132159 0.462555 0.123348 0.453745 0.123348 0.449339 0.118943 0.444934
0 0.969163 0.431718 0.964758 0.431718 0.960352 0.436123 0.960352 0.453745 0.951542 0.462555 0.947137 0.462555 0.933921 0.475771 0.938326 0.480176 0.942731 0.480176 0.951542 0.471366 0.951542 0.462555 0.955947 0.458150 0.960352 0.458150 0.964758 0.453745 0.969163 0.453745 0.977974 0.444934 0.977974 0.440529
0 0.088106 0.378855 0.088106 0.374449 0.074890 0.361233 0.070485 0.361233 0.066079 0.356828 0.057269 0.356828 0.044053 0.370044 0.039648 0.370044 0.035242 0.374449 0.026432 0.374449 0.022026 0.370044 0.017621 0.370044 0.013216 0.365639 0.008811 0.370044 0.004405 0.370044 0.008811 0.370044 0.013216 0.374449 0.013216 0.378855 0.022026 0.387665 0.026432 0.383260 0.030837 0.383260 0.035242 0.378855 0.044053 0.378855 0.048458 0.383260 0.052863 0.378855 0.079295 0.378855 0.083700 0.383260
0 0.458150 0.299559 0.449339 0.308370 0.466960 0.325991 0.466960 0.334802 0.471366 0.339207 0.475771 0.339207 0.480176 0.343612 0.484582 0.339207 0.480176 0.334802 0.480176 0.325991 0.484582 0.321586 0.484582 0.317181 0.488987 0.312775 0.480176 0.303965 0.471366 0.303965 0.466960 0.299559
0 0.405286 0.229075 0.396476 0.237885 0.396476 0.242291 0.400881 0.246696 0.405286 0.242291 0.409692 0.242291 0.414097 0.237885 0.418502 0.237885 0.422908 0.242291 0.427313 0.242291 0.436123 0.251101 0.436123 0.273128 0.440529 0.277533 0.444934 0.277533 0.449339 0.273128 0.449339 0.246696 0.440529 0.237885 0.436123 0.237885 0.427313 0.229075
0 0.669604 0.211454 0.660793 0.220264 0.665198 0.224670 0.665198 0.242291 0.674009 0.251101 0.682819 0.251101 0.687225 0.246696 0.687225 0.242291 0.674009 0.229075 0.674009 0.215859
0 0.198238 0.215859 0.224670 0.242291 0.229075 0.237885 0.233480 0.237885 0.237885 0.242291 0.255507 0.242291 0.259912 0.237885 0.259912 0.233480 0.264317 0.229075 0.264317 0.220264 0.259912 0.215859 0.255507 0.220264 0.251101 0.220264 0.246696 0.224670 0.242291 0.224670 0.237885 0.229075 0.233480 0.229075 0.229075 0.224670 0.224670 0.224670 0.215859 0.215859 0.211454 0.215859 0.207048 0.211454 0.202643 0.211454
0 0.810573 0.162996 0.806167 0.167401 0.806167 0.185022 0.810573 0.189427 0.814978 0.189427 0.819383 0.193833 0.823789 0.193833 0.828194 0.198238 0.841410 0.198238 0.845815 0.193833 0.841410 0.189427 0.837004 0.189427 0.832599 0.185022 0.828194 0.185022 0.814978 0.171806 0.814978 0.167401
0 0.696035 0.140969 0.682819 0.154185 0.696035 0.167401 0.704846 0.167401 0.713656 0.158590 0.713656 0.149780 0.709251 0.145374 0.704846 0.145374 0.700441 0.140969
0 0.140969 0.127753 0.136564 0.132159 0.136564 0.140969 0.140969 0.145374 0.140969 0.154185 0.145374 0.158590 0.145374 0.162996 0.149780 0.167401 0.154185 0.162996 0.158590 0.162996 0.162996 0.167401 0.167401 0.167401 0.171806 0.171806 0.171806 0.189427 0.176211 0.193833 0.180617 0.189427 0.189427 0.189427 0.193833 0.185022 0.193833 0.176211 0.189427 0.171806 0.189427 0.167401 0.185022 0.162996 0.176211 0.162996 0.171806 0.167401 0.167401 0.162996 0.162996 0.162996 0.149780 0.149780 0.149780 0.132159 0.145374 0.127753
0 0.453745 0.101322 0.453745 0.105727 0.458150 0.110132 0.462555 0.110132 0.466960 0.114537 0.471366 0.114537 0.484582 0.127753 0.488987 0.123348 0.493392 0.123348 0.497797 0.118943 0.480176 0.101322 0.471366 0.101322 0.466960 0.096916 0.458150 0.096916
0 0.325991 0.096916 0.321586 0.101322 0.321586 0.118943 0.325991 0.123348 0.325991 0.154185 0.330396 0.158590 0.343612 0.158590 0.348018 0.154185 0.348018 0.145374 0.339207 0.136564 0.339207 0.132159 0.334802 0.127753 0.334802 0.110132 0.339207 0.105727 0.330396 0.096916
0 0.806167 0.070485 0.806167 0.074890 0.801762 0.079295 0.810573 0.088106 0.819383 0.088106 0.823789 0.083700 0.828194 0.083700 0.832599 0.088106 0.837004 0.088106 0.841410 0.092511 0.841410 0.096916 0.845815 0.101322 0.850220 0.101322 0.854626 0.105727 0.854626 0.123348 0.850220 0.127753 0.854626 0.132159 0.863436 0.132159 0.867841 0.127753 0.876652 0.127753 0.881057 0.132159 0.885463 0.132159 0.889868 0.136564 0.894273 0.136564 0.898678 0.140969 0.903084 0.136564 0.903084 0.127753 0.894273 0.118943 0.876652 0.118943 0.872247 0.114537 0.867841 0.114537 0.863436 0.110132 0.859031 0.110132 0.850220 0.101322 0.850220 0.092511 0.845815 0.088106 0.841410 0.088106 0.832599 0.079295 0.832599 0.074890 0.828194 0.070485 0.828194 0.066079 0.823789 0.061674 0.819383 0.061674 0.814978 0.066079 0.810573 0.066079
0 0.171806 0.048458 0.167401 0.052863 0.167401 0.083700 0.171806 0.088106 0.176211 0.088106 0.180617 0.083700 0.180617 0.052863 0.176211 0.048458
0 0.013216 0.030837 0.035242 0.048458 0.035242 0.061674 0.000000 0.074890 0.000000 0.114537 0.022026 0.123348 0.017621 0.162996 0.052863 0.180617 0.066079 0.202643 0.061674 0.215859 0.030837 0.229075 0.136564 0.277533 0.171806 0.334802 0.176211 0.387665 0.198238 0.370044 0.211454 0.374449 0.273128 0.458150 0.281938 0.453745 0.308370 0.475771 0.325991 0.471366 0.370044 0.502203 0.383260 0.493392 0.427313 0.519824 0.440529 0.541850 0.422908 0.555066 0.414097 0.581498 0.462555 0.629956 0.466960 0.612335 0.444934 0.585903 0.458150 0.577093 0.493392 0.599119 0.497797 0.585903 0.471366 0.572687 0.475771 0.559471 0.524229 0.563877 0.563877 0.555066 0.590308 0.528634 0.572687 0.524229 0.568282 0.511013 0.607930 0.458150 0.625551 0.466960 0.656388 0.444934 0.691630 0.444934 0.722467 0.422908 0.744493 0.431718 0.806167 0.422908 0.828194 0.409692 0.828194 0.387665 0.854626 0.378855 0.995595 0.374449 0.995595 0.317181 0.977974 0.325991 0.850220 0.321586 0.814978 0.339207 0.775330 0.343612 0.731278 0.370044 0.700441 0.405286 0.651982 0.427313 0.546256 0.383260 0.475771 0.383260 0.414097 0.365639 0.387665 0.343612 0.374449 0.352423 0.334802 0.343612 0.211454 0.290749 0.180617 0.264317 0.118943 0.176211 0.052863 0.145374 0.013216 0.092511 0.030837 0.088106 0.035242 0.070485 0.057269 0.061674 0.061674 0.048458 0.048458 0.017621
0 0.722467 0.000000 0.722467 0.008811 0.740088 0.026432 0.744493 0.026432 0.748899 0.030837 0.753304 0.030837 0.757709 0.026432 0.757709 0.022026 0.748899 0.013216 0.748899 0.008811 0.744493 0.004405 0.744493 0.000000
0 0.414097 0.000000 0.396476 0.000000 0.396476 0.030837 0.392070 0.035242 0.392070 0.039648 0.387665 0.044053 0.383260 0.044053 0.378855 0.048458 0.383260 0.052863 0.392070 0.052863 0.405286 0.039648 0.405286 0.030837 0.414097 0.022026
0 0.162996 0.000000 0.145374 0.000000 0.145374 0.013216 0.136564 0.022026 0.145374 0.030837 0.149780 0.026432 0.154185 0.026432 0.162996 0.017621
