0 0.969163 0.964758 0.964758 0.960352 0.960352 0.964758 0.951542 0.964758 0.947137 0.960352 0.942731 0.960352 0.938326 0.955947 0.916300 0.977974 0.920705 0.982379 0.920705 0.986784 0.925110 0.991189 0.925110 0.995595 0.929515 0.995595 0.929515 0.991189 0.933921 0.986784 0.933921 0.982379 0.938326 0.977974 0.942731 0.977974 0.947137 0.973568 0.951542 0.973568 0.955947 0.969163 0.960352 0.969163 0.964758 0.973568 0.969163 0.969163
0 0.687225 0.955947 0.682819 0.955947 0.674009 0.964758 0.669604 0.964758 0.665198 0.969163 0.660793 0.969163 0.651982 0.977974 0.656388 0.982379 0.656388 0.995595 0.674009 0.995595 0.674009 0.973568 0.682819 0.964758 0.687225 0.964758 0.691630 0.960352
0 0.524229 0.951542 0.506608 0.951542 0.497797 0.960352 0.502203 0.964758 0.502203 0.969163 0.511013 0.977974 0.515419 0.977974 0.519824 0.973568 0.519824 0.969163 0.524229 0.964758 0.524229 0.960352 0.528634 0.955947
0 0.881057 0.925110 0.872247 0.933921 0.876652 0.938326 0.876652 0.942731 0.885463 0.951542 0.889868 0.951542 0.903084 0.938326 0.903084 0.933921 0.894273 0.925110
0 0.770925 0.916300 0.779736 0.925110 0.784141 0.925110 0.788546 0.920705 0.810573 0.920705 0.819383 0.911894 0.814978 0.907489 0.801762 0.907489 0.797357 0.911894 0.788546 0.911894 0.784141 0.907489 0.779736 0.907489
0 0.555066 0.911894 0.563877 0.920705 0.572687 0.920705 0.577093 0.925110 0.585903 0.925110 0.590308 0.920705 0.590308 0.911894 0.585903 0.907489 0.577093 0.907489 0.572687 0.903084 0.563877 0.903084
0 0.365639 0.881057 0.361233 0.881057 0.356828 0.885463 0.356828 0.898678 0.352423 0.903084 0.352423 0.907489 0.356828 0.911894 0.356828 0.916300 0.361233 0.920705 0.374449 0.907489 0.374449 0.903084 0.378855 0.898678 0.374449 0.894273 0.374449 0.889868
0 0.546256 0.876652 0.537445 0.867841 0.533040 0.867841 0.506608 0.894273 0.502203 0.894273 0.493392 0.903084 0.497797 0.907489 0.515419 0.889868 0.519824 0.889868 0.524229 0.885463 0.528634 0.889868 0.533040 0.885463 0.537445 0.885463
0 0.171806 0.841410 0.162996 0.850220 0.167401 0.854626 0.167401 0.859031 0.176211 0.867841 0.176211 0.876652 0.171806 0.881057 0.185022 0.894273 0.185022 0.907489 0.180617 0.911894 0.185022 0.916300 0.193833 0.916300 0.198238 0.920705 0.202643 0.916300 0.207048 0.916300 0.202643 0.911894 0.198238 0.911894 0.193833 0.907489 0.189427 0.907489 0.185022 0.903084 0.185022 0.894273 0.189427 0.889868 0.189427 0.881057 0.176211 0.867841 0.176211 0.845815
0 0.722467 0.832599 0.722467 0.859031 0.731278 0.867841 0.740088 0.867841 0.744493 0.863436 0.748899 0.863436 0.753304 0.859031 0.762115 0.859031 0.766520 0.863436 0.770925 0.863436 0.779736 0.854626 0.779736 0.850220 0.775330 0.845815 0.770925 0.845815 0.766520 0.850220 0.762115 0.850220 0.757709 0.854626 0.753304 0.854626 0.748899 0.850220 0.744493 0.850220 0.740088 0.845815 0.740088 0.841410 0.726872 0.828194
0 0.629956 0.797357 0.625551 0.801762 0.625551 0.819383 0.629956 0.823789 0.634361 0.823789 0.638767 0.828194 0.643172 0.823789 0.651982 0.823789 0.656388 0.819383 0.647577 0.810573 0.647577 0.806167 0.638767 0.797357
0 0.422908 0.757709 0.418502 0.757709 0.414097 0.762115 0.414097 0.770925 0.409692 0.775330 0.409692 0.779736 0.405286 0.784141 0.400881 0.784141 0.396476 0.788546 0.392070 0.784141 0.387665 0.784141 0.383260 0.788546 0.383260 0.814978 0.387665 0.819383 0.387665 0.823789 0.396476 0.832599 0.400881 0.828194 0.400881 0.819383 0.405286 0.814978 0.405286 0.806167 0.400881 0.801762 0.400881 0.792952 0.405286 0.788546 0.409692 0.788546 0.414097 0.784141 0.418502 0.784141 0.422908 0.788546 0.427313 0.788546 0.431718 0.784141 0.431718 0.770925 0.427313 0.766520 0.427313 0.762115
0 0.361233 0.735683 0.356828 0.740088 0.356828 0.748899 0.365639 0.757709 0.370044 0.757709 0.374449 0.762115 0.383260 0.762115 0.387665 0.757709 0.383260 0.753304 0.383260 0.748899 0.370044 0.735683
0 0.242291 0.740088 0.242291 0.744493 0.251101 0.753304 0.255507 0.748899 0.259912 0.748899 0.264317 0.753304 0.268722 0.753304 0.273128 0.757709 0.273128 0.762115 0.277533 0.766520 0.286344 0.766520 0.290749 0.770925 0.299559 0.770925 0.303965 0.766520 0.308370 0.766520 0.312775 0.762115 0.317181 0.766520 0.321586 0.762115 0.330396 0.762115 0.334802 0.757709 0.334802 0.753304 0.330396 0.748899 0.325991 0.748899 0.321586 0.744493 0.317181 0.744493 0.308370 0.753304 0.303965 0.753304 0.299559 0.757709 0.295154 0.757709 0.290749 0.753304 0.286344 0.753304 0.264317 0.731278 0.251101 0.731278
0 0.960352 0.691630 0.955947 0.696035 0.964758 0.704846 0.964758 0.713656 0.960352 0.718062 0.960352 0.722467 0.973568 0.735683 0.977974 0.731278 0.977974 0.726872 0.982379 0.722467 0.977974 0.718062 0.977974 0.713656 0.969163 0.704846 0.969163 0.696035 0.964758 0.691630
0 0.814978 0.651982 0.819383 0.656388 0.823789 0.656388 0.828194 0.660793 0.832599 0.656388 0.845815 0.656388 0.850220 0.651982 0.854626 0.656388 0.863436 0.656388 0.867841 0.651982 0.859031 0.643172 0.854626 0.647577 0.850220 0.643172 0.845815 0.647577 0.841410 0.643172 0.837004 0.643172 0.832599 0.647577 0.828194 0.647577 0.823789 0.643172
0 0.647577 0.616740 0.643172 0.621145 0.643172 0.638767 0.647577 0.643172 0.647577 0.651982 0.643172 0.656388 0.643172 0.669604 0.647577 0.674009 0.647577 0.687225 0.651982 0.691630 0.656388 0.687225 0.656388 0.682819 0.651982 0.678414 0.651982 0.656388 0.647577 0.651982 0.647577 0.643172 0.660793 0.629956 0.660793 0.625551 0.656388 0.621145 0.651982 0.621145
0 0.096916 0.612335 0.092511 0.607930 0.083700 0.607930 0.079295 0.612335 0.079295 0.616740 0.074890 0.621145 0.074890 0.625551 0.070485 0.629956 0.070485 0.634361 0.057269 0.647577 0.052863 0.647577 0.048458 0.651982 0.044053 0.651982 0.039648 0.656388 0.035242 0.656388 0.030837 0.660793 0.026432 0.660793 0.022026 0.665198 0.013216 0.665198 0.008811 0.660793 0.004405 0.660793 0.000000 0.656388 0.000000 0.678414 0.008811 0.678414 0.013216 0.682819 0.017621 0.682819 0.022026 0.687225 0.026432 0.687225 0.035242 0.678414 0.039648 0.678414 0.044053 0.674009 0.052863 0.674009 0.057269 0.669604 0.061674 0.669604 0.066079 0.665198 0.066079 0.660793 0.070485 0.656388 0.074890 0.656388 0.079295 0.651982 0.083700 0.651982 0.088106 0.647577 0.088106 0.643172 0.092511 0.638767 0.088106 0.634361 0.088106 0.625551 0.092511 0.621145 0.092511 0.616740
0 0.581498 0.607930 0.577093 0.607930 0.572687 0.603524 0.568282 0.603524 0.563877 0.607930 0.563877 0.612335 0.559471 0.616740 0.555066 0.616740 0.550661 0.621145 0.528634 0.621145 0.515419 0.634361 0.528634 0.647577 0.533040 0.643172 0.537445 0.643172 0.541850 0.638767 0.550661 0.638767 0.555066 0.634361 0.559471 0.638767 0.568282 0.629956 0.568282 0.625551 0.572687 0.621145 0.572687 0.616740
0 0.198238 0.568282 0.193833 0.563877 0.189427 0.563877 0.185022 0.559471 0.180617 0.559471 0.176211 0.563877 0.167401 0.563877 0.149780 0.581498 0.145374 0.581498 0.140969 0.585903 0.140969 0.590308 0.136564 0.594714 0.140969 0.599119 0.149780 0.599119 0.158590 0.590308 0.158590 0.585903 0.167401 0.577093 0.171806 0.577093 0.176211 0.572687 0.180617 0.572687 0.185022 0.577093 0.189427 0.572687 0.193833 0.577093 0.198238 0.572687
0 0.546256 0.559471 0.555066 0.568282 0.563877 0.568282 0.568282 0.572687 0.577093 0.572687 0.581498 0.568282 0.581498 0.559471 0.568282 0.546256 0.559471 0.546256
0 0.753304 0.528634 0.748899 0.533040 0.744493 0.533040 0.740088 0.537445 0.744493 0.537445 0.753304 0.546256 0.753304 0.555066 0.744493 0.563877 0.744493 0.568282 0.757709 0.581498 0.762115 0.581498 0.766520 0.577093 0.766520 0.568282 0.762115 0.563877 0.762115 0.559471 0.753304 0.550661 0.753304 0.541850 0.757709 0.537445 0.757709 0.533040
0 0.925110 0.466960 0.920705 0.462555 0.907489 0.462555 0.903084 0.466960 0.898678 0.466960 0.894273 0.462555 0.889868 0.466960 0.867841 0.466960 0.863436 0.471366 0.863436 0.480176 0.867841 0.484582 0.881057 0.484582 0.885463 0.480176 0.889868 0.480176 0.894273 0.475771 0.907489 0.475771 0.911894 0.480176 0.920705 0.480176 0.925110 0.475771
0 0.665198 0.436123 0.656388 0.444934 0.656388 0.449339 0.651982 0.453745 0.651982 0.458150 0.647577 0.462555 0.643172 0.462555 0.643172 0.475771 0.647577 0.480176 0.656388 0.480176 0.660793 0.475771 0.660793 0.471366 0.665198 0.466960 0.665198 0.462555 0.669604 0.458150 0.669604 0.440529
0 0.136564 0.466960 0.140969 0.471366 0.154185 0.458150 0.158590 0.458150 0.162996 0.453745 0.167401 0.458150 0.171806 0.458150 0.176211 0.462555 0.185022 0.453745 0.180617 0.449339 0.176211 0.449339 0.171806 0.444934 0.167401 0.444934 0.162996 0.440529 0.158590 0.440529 0.154185 0.436123 0.149780 0.436123 0.140969 0.444934 0.140969 0.453745 0.136564 0.458150
0 0.854626 0.352423 0.859031 0.356828 0.859031 0.361233 0.867841 0.370044 0.872247 0.370044 0.881057 0.378855 0.885463 0.378855 0.894273 0.370044 0.898678 0.370044 0.907489 0.361233 0.898678 0.352423 0.894273 0.356828 0.889868 0.356828 0.885463 0.361233 0.881057 0.356828 0.876652 0.356828 0.872247 0.352423 0.863436 0.352423 0.859031 0.348018
0 0.136564 0.348018 0.140969 0.352423 0.149780 0.352423 0.154185 0.356828 0.162996 0.356828 0.167401 0.361233 0.176211 0.361233 0.180617 0.365639 0.189427 0.365639 0.193833 0.370044 0.224670 0.370044 0.229075 0.374449 0.233480 0.374449 0.242291 0.365639 0.242291 0.361233 0.237885 0.356828 0.202643 0.356828 0.198238 0.352423 0.189427 0.352423 0.185022 0.348018 0.171806 0.348018 0.167401 0.343612 0.154185 0.343612 0.149780 0.339207 0.145374 0.343612 0.140969 0.343612
0 0.167401 0.273128 0.167401 0.281938 0.180617 0.290749 0.202643 0.290749 0.207048 0.295154 0.237885 0.295154 0.251101 0.303965 0.277533 0.303965 0.281938 0.308370 0.286344 0.308370 0.290749 0.312775 0.295154 0.325991 0.308370 0.334802 0.312775 0.334802 0.317181 0.330396 0.325991 0.330396 0.343612 0.312775 0.348018 0.312775 0.361233 0.303965 0.365639 0.308370 0.370044 0.303965 0.378855 0.303965 0.392070 0.312775 0.418502 0.312775 0.422908 0.317181 0.431718 0.317181 0.436123 0.321586 0.440529 0.321586 0.453745 0.334802 0.453745 0.339207 0.458150 0.343612 0.466960 0.334802 0.462555 0.330396 0.462555 0.308370 0.458150 0.303965 0.458150 0.299559 0.453745 0.299559 0.449339 0.303965 0.436123 0.303965 0.422908 0.295154 0.396476 0.295154 0.392070 0.290749 0.378855 0.286344 0.370044 0.277533 0.361233 0.286344 0.361233 0.290749 0.356828 0.295154 0.352423 0.295154 0.348018 0.299559 0.339207 0.299559 0.325991 0.308370 0.308370 0.308370 0.303965 0.303965 0.295154 0.303965 0.290749 0.299559 0.286344 0.299559 0.277533 0.290749 0.255507 0.290749 0.251101 0.286344 0.246696 0.286344 0.237885 0.277533 0.229075 0.277533 0.224670 0.273128 0.211454 0.273128 0.207048 0.277533 0.202643 0.273128 0.189427 0.273128 0.185022 0.268722 0.171806 0.268722
0 0.995595 0.251101 0.885463 0.281938 0.806167 0.277533 0.775330 0.295154 0.744493 0.281938 0.709251 0.303965 0.665198 0.312775 0.629956 0.303965 0.590308 0.273128 0.577093 0.273128 0.568282 0.312775 0.484582 0.374449 0.471366 0.422908 0.453745 0.444934 0.396476 0.466960 0.321586 0.524229 0.303965 0.519824 0.255507 0.546256 0.242291 0.572687 0.264317 0.563877 0.281938 0.585903 0.255507 0.607930 0.233480 0.599119 0.207048 0.629956 0.189427 0.634361 0.185022 0.651982 0.207048 0.669604 0.202643 0.687225 0.167401 0.700441 0.140969 0.682819 0.149780 0.665198 0.123348 0.651982 0.118943 0.682819 0.035242 0.731278 0.022026 0.726872 0.000000 0.740088 0.000000 0.762115 0.026432 0.744493 0.066079 0.753304 0.083700 0.735683 0.123348 0.726872 0.149780 0.704846 0.198238 0.704846 0.255507 0.625551 0.286344 0.607930 0.295154 0.612335 0.325991 0.572687 0.392070 0.519824 0.409692 0.515419 0.431718 0.484582 0.462555 0.475771 0.497797 0.440529 0.497797 0.427313 0.528634 0.387665 0.590308 0.334802 0.612335 0.330396 0.643172 0.343612 0.647577 0.356828 0.629956 0.370044 0.647577 0.374449 0.731278 0.343612 0.792952 0.299559 0.845815 0.321586 0.889868 0.325991 0.938326 0.312775 0.955947 0.295154 0.995595 0.295154
0 0.140969 0.264317 0.132159 0.255507 0.123348 0.255507 0.118943 0.251101 0.114537 0.255507 0.105727 0.255507 0.101322 0.259912 0.096916 0.259912 0.092511 0.255507 0.088106 0.255507 0.083700 0.251101 0.079295 0.251101 0.074890 0.246696 0.070485 0.251101 0.061674 0.251101 0.057269 0.255507 0.052863 0.255507 0.048458 0.259912 0.039648 0.259912 0.035242 0.264317 0.035242 0.268722 0.022026 0.281938 0.022026 0.286344 0.017621 0.290749 0.013216 0.290749 0.008811 0.295154 0.000000 0.295154 0.000000 0.308370 0.008811 0.308370 0.013216 0.303965 0.013216 0.295154 0.022026 0.286344 0.026432 0.286344 0.030837 0.281938 0.048458 0.281938 0.052863 0.277533 0.057269 0.277533 0.061674 0.273128 0.066079 0.273128 0.070485 0.268722 0.074890 0.268722 0.079295 0.264317 0.083700 0.264317 0.088106 0.259912 0.096916 0.259912 0.101322 0.264317 0.105727 0.264317 0.110132 0.268722 0.127753 0.268722 0.132159 0.273128
0 0.414097 0.237885 0.414097 0.242291 0.418502 0.246696 0.422908 0.246696 0.462555 0.286344 0.466960 0.286344 0.471366 0.281938 0.475771 0.281938 0.484582 0.273128 0.475771 0.264317 0.471366 0.264317 0.466960 0.259912 0.462555 0.259912 0.458150 0.255507 0.458150 0.251101 0.453745 0.246696 0.453745 0.242291 0.449339 0.237885 0.449339 0.233480 0.444934 0.229075 0.422908 0.229075
0 0.268722 0.180617 0.259912 0.189427 0.259912 0.198238 0.264317 0.202643 0.264317 0.211454 0.255507 0.220264 0.264317 0.229075 0.264317 0.233480 0.268722 0.237885 0.268722 0.242291 0.286344 0.259912 0.290749 0.255507 0.295154 0.259912 0.299559 0.259912 0.308370 0.268722 0.317181 0.259912 0.317181 0.255507 0.312775 0.251101 0.312775 0.242291 0.317181 0.237885 0.317181 0.229075 0.312775 0.224670 0.312775 0.207048 0.317181 0.202643 0.317181 0.193833 0.308370 0.185022 0.295154 0.185022 0.290749 0.180617 0.286344 0.185022 0.281938 0.185022 0.277533 0.180617
0 0.995595 0.202643 0.995595 0.185022 0.991189 0.180617 0.986784 0.180617 0.982379 0.176211 0.977974 0.176211 0.969163 0.167401 0.964758 0.167401 0.960352 0.162996 0.960352 0.154185 0.955947 0.149780 0.951542 0.154185 0.947137 0.154185 0.933921 0.167401 0.933921 0.189427 0.929515 0.193833 0.925110 0.193833 0.920705 0.198238 0.916300 0.198238 0.911894 0.193833 0.894273 0.193833 0.889868 0.189427 0.885463 0.189427 0.881057 0.193833 0.885463 0.198238 0.898678 0.198238 0.903084 0.202643 0.911894 0.202643 0.916300 0.198238 0.920705 0.198238 0.925110 0.193833 0.929515 0.198238 0.933921 0.198238 0.942731 0.207048 0.947137 0.207048 0.951542 0.211454 0.973568 0.211454 0.977974 0.207048 0.991189 0.207048
0 0.414097 0.145374 0.414097 0.154185 0.422908 0.162996 0.422908 0.171806 0.436123 0.185022 0.444934 0.185022 0.449339 0.189427 0.453745 0.189427 0.458150 0.193833 0.458150 0.198238 0.462555 0.202643 0.466960 0.202643 0.471366 0.207048 0.480176 0.207048 0.488987 0.198238 0.488987 0.193833 0.480176 0.185022 0.475771 0.185022 0.471366 0.180617 0.458150 0.180617 0.453745 0.176211 0.449339 0.176211 0.436123 0.162996 0.431718 0.162996 0.427313 0.158590 0.427313 0.154185 0.422908 0.149780 0.422908 0.145374 0.418502 0.140969
0 0.541850 0.123348 0.537445 0.123348 0.524229 0.136564 0.524229 0.145374 0.519824 0.149780 0.519824 0.154185 0.515419 0.158590 0.515419 0.167401 0.511013 0.171806 0.515419 0.176211 0.519824 0.176211 0.541850 0.154185 0.541850 0.149780 0.546256 0.145374 0.546256 0.127753
0 0.074890 0.118943 0.079295 0.123348 0.083700 0.123348 0.092511 0.132159 0.096916 0.132159 0.101322 0.136564 0.101322 0.140969 0.105727 0.145374 0.114537 0.145374 0.118943 0.149780 0.123348 0.149780 0.132159 0.140969 0.123348 0.132159 0.118943 0.132159 0.114537 0.127753 0.105727 0.127753 0.101322 0.123348 0.096916 0.123348 0.092511 0.118943 0.088106 0.118943 0.083700 0.114537 0.079295 0.114537
0 0.101322 0.079295 0.105727 0.079295 0.110132 0.083700 0.114537 0.083700 0.118943 0.088106 0.123348 0.083700 0.127753 0.083700 0.132159 0.079295 0.136564 0.083700 0.140969 0.083700 0.145374 0.088106 0.145374 0.101322 0.140969 0.105727 0.140969 0.114537 0.145374 0.118943 0.149780 0.114537 0.149780 0.105727 0.145374 0.101322 0.145374 0.088106 0.149780 0.083700 0.149780 0.079295 0.145374 0.074890 0.140969 0.079295 0.136564 0.074890 0.132159 0.074890 0.123348 0.066079 0.118943 0.070485 0.114537 0.070485 0.105727 0.079295
0 0.643172 0.044053 0.634361 0.044053 0.629956 0.048458 0.629956 0.061674 0.621145 0.070485 0.616740 0.070485 0.612335 0.074890 0.607930 0.074890 0.603524 0.079295 0.603524 0.083700 0.599119 0.088106 0.599119 0.092511 0.603524 0.096916 0.607930 0.096916 0.616740 0.088106 0.616740 0.083700 0.634361 0.066079 0.638767 0.066079 0.643172 0.061674 0.643172 0.057269 0.647577 0.052863 0.647577 0.048458
0 0.207048 0.048458 0.202643 0.044053 0.193833 0.044053 0.185022 0.052863 0.180617 0.052863 0.176211 0.057269 0.171806 0.057269 0.167401 0.052863 0.162996 0.052863 0.158590 0.057269 0.162996 0.061674 0.162996 0.066079 0.167401 0.070485 0.171806 0.066079 0.176211 0.066079 0.180617 0.061674 0.189427 0.061674 0.193833 0.066079 0.198238 0.066079 0.207048 0.057269
0 0.995595 0.044053 0.969163 0.048458 0.942731 0.035242 0.942731 0.026432 0.960352 0.017621 0.969163 0.000000 0.955947 0.000000 0.942731 0.017621 0.942731 0.026432 0.929515 0.035242 0.898678 0.030837 0.872247 0.017621 0.850220 0.030837 0.832599 0.017621 0.837004 0.000000 0.819383 0.000000 0.819383 0.008811 0.832599 0.017621 0.832599 0.026432 0.762115 0.083700 0.740088 0.096916 0.735683 0.092511 0.731278 0.110132 0.709251 0.136564 0.700441 0.140969 0.669604 0.118943 0.674009 0.096916 0.665198 0.092511 0.656388 0.101322 0.656388 0.123348 0.643172 0.132159 0.638767 0.127753 0.612335 0.145374 0.524229 0.233480 0.546256 0.255507 0.559471 0.233480 0.577093 0.229075 0.634361 0.176211 0.651982 0.167401 0.696035 0.162996 0.704846 0.154185 0.704846 0.145374 0.718062 0.136564 0.731278 0.145374 0.740088 0.140969 0.744493 0.145374 0.775330 0.123348 0.792952 0.127753 0.819383 0.149780 0.823789 0.171806 0.841410 0.198238 0.850220 0.167401 0.823789 0.132159 0.814978 0.132159 0.788546 0.114537 0.788546 0.105727 0.801762 0.096916 0.810573 0.096916 0.837004 0.114537 0.854626 0.092511 0.845815 0.083700 0.823789 0.092511 0.810573 0.083700 0.819383 0.057269 0.828194 0.048458 0.845815 0.044053 0.872247 0.066079 0.907489 0.079295 0.938326 0.079295 0.942731 0.083700 0.955947 0.079295 0.969163 0.088106 0.977974 0.083700 0.995595 0.088106
0 0.735683 0.000000 0.735683 0.030837 0.744493 0.039648 0.748899 0.039648 0.757709 0.030837 0.757709 0.000000
0 0.678414 0.000000 0.678414 0.008811 0.674009 0.013216 0.674009 0.022026 0.669604 0.026432 0.674009 0.030837 0.674009 0.039648 0.678414 0.044053 0.678414 0.048458 0.687225 0.057269 0.696035 0.057269 0.700441 0.061674 0.704846 0.057269 0.700441 0.052863 0.700441 0.048458 0.696035 0.044053 0.696035 0.000000
0 0.519824 0.000000 0.493392 0.000000 0.493392 0.017621 0.488987 0.022026 0.488987 0.057269 0.484582 0.061674 0.484582 0.074890 0.471366 0.088106 0.471366 0.092511 0.475771 0.096916 0.488987 0.083700 0.493392 0.083700 0.497797 0.079295 0.502203 0.083700 0.511013 0.083700 0.519824 0.074890 0.519824 0.048458 0.506608 0.035242 0.502203 0.035242 0.497797 0.030837 0.497797 0.022026 0.502203 0.017621 0.502203 0.013216 0.511013 0.004405 0.515419 0.004405
