0 0.872247 0.995595 0.885463 0.995595 0.885463 0.986784 0.889868 0.982379 0.894273 0.982379 0.898678 0.977974 0.911894 0.977974 0.916300 0.982379 0.920705 0.982379 0.933921 0.969163 0.933921 0.960352 0.929515 0.955947 0.925110 0.960352 0.920705 0.960352 0.916300 0.964758 0.911894 0.964758 0.907489 0.969163 0.903084 0.969163 0.898678 0.964758 0.894273 0.964758 0.889868 0.960352 0.889868 0.947137 0.881057 0.938326 0.872247 0.947137 0.872247 0.964758 0.876652 0.969163 0.876652 0.973568 0.881057 0.977974 0.881057 0.986784
0 0.066079 0.960352 0.070485 0.964758 0.074890 0.964758 0.079295 0.969163 0.083700 0.964758 0.088106 0.964758 0.092511 0.960352 0.096916 0.960352 0.101322 0.964758 0.105727 0.964758 0.110132 0.969163 0.110132 0.973568 0.118943 0.982379 0.123348 0.977974 0.123348 0.969163 0.127753 0.964758 0.127753 0.955947 0.123348 0.951542 0.118943 0.951542 0.110132 0.942731 0.096916 0.942731 0.092511 0.938326 0.074890 0.955947 0.070485 0.955947
0 0.568282 0.898678 0.563877 0.903084 0.563877 0.907489 0.568282 0.911894 0.568282 0.929515 0.563877 0.933921 0.568282 0.938326 0.572687 0.938326 0.590308 0.920705 0.590308 0.911894 0.581498 0.903084 0.577093 0.903084 0.572687 0.898678
0 0.885463 0.894273 0.881057 0.898678 0.876652 0.898678 0.872247 0.903084 0.876652 0.907489 0.876652 0.911894 0.889868 0.925110 0.894273 0.920705 0.898678 0.920705 0.907489 0.911894 0.907489 0.903084 0.903084 0.898678 0.894273 0.898678 0.889868 0.894273
0 0.753304 0.889868 0.748899 0.894273 0.748899 0.920705 0.744493 0.925110 0.740088 0.925110 0.735683 0.929515 0.722467 0.929515 0.718062 0.933921 0.722467 0.938326 0.722467 0.960352 0.718062 0.964758 0.722467 0.969163 0.731278 0.969163 0.735683 0.964758 0.740088 0.969163 0.744493 0.969163 0.748899 0.973568 0.748899 0.995595 0.770925 0.995595 0.770925 0.991189 0.766520 0.986784 0.766520 0.960352 0.775330 0.951542 0.775330 0.947137 0.770925 0.947137 0.766520 0.951542 0.766520 0.955947 0.757709 0.964758 0.753304 0.964758 0.748899 0.969163 0.744493 0.964758 0.740088 0.964758 0.735683 0.960352 0.735683 0.938326 0.740088 0.933921 0.740088 0.929515 0.744493 0.925110 0.748899 0.925110 0.753304 0.920705 0.762115 0.920705 0.766520 0.925110 0.770925 0.925110 0.779736 0.933921 0.779736 0.938326 0.784141 0.933921 0.788546 0.933921 0.792952 0.929515 0.792952 0.925110 0.788546 0.920705 0.784141 0.920705 0.779736 0.916300 0.775330 0.916300 0.770925 0.911894 0.770925 0.894273 0.766520 0.889868
0 0.453745 0.872247 0.449339 0.876652 0.449339 0.889868 0.462555 0.903084 0.462555 0.916300 0.466960 0.920705 0.471366 0.916300 0.471366 0.907489 0.466960 0.903084 0.466960 0.881057 0.462555 0.876652 0.458150 0.876652
0 0.638767 0.823789 0.634361 0.828194 0.638767 0.832599 0.638767 0.850220 0.634361 0.854626 0.629956 0.854626 0.616740 0.867841 0.616740 0.872247 0.621145 0.876652 0.625551 0.876652 0.634361 0.867841 0.638767 0.867841 0.643172 0.863436 0.647577 0.867841 0.651982 0.867841 0.656388 0.872247 0.656388 0.876652 0.660793 0.881057 0.660793 0.889868 0.665198 0.894273 0.669604 0.894273 0.674009 0.898678 0.696035 0.898678 0.704846 0.889868 0.704846 0.885463 0.700441 0.881057 0.687225 0.881057 0.682819 0.876652 0.678414 0.876652 0.674009 0.872247 0.669604 0.872247 0.665198 0.867841 0.660793 0.867841 0.656388 0.863436 0.651982 0.863436 0.643172 0.854626 0.643172 0.845815 0.651982 0.837004 0.651982 0.828194 0.647577 0.823789
0 0.515419 0.832599 0.502203 0.819383 0.497797 0.819383 0.480176 0.837004 0.475771 0.837004 0.471366 0.841410 0.471366 0.850220 0.475771 0.854626 0.484582 0.854626 0.488987 0.850220 0.493392 0.850220 0.497797 0.845815 0.502203 0.845815 0.506608 0.841410 0.511013 0.841410 0.515419 0.837004
0 0.920705 0.814978 0.916300 0.814978 0.911894 0.819383 0.911894 0.832599 0.907489 0.837004 0.907489 0.841410 0.903084 0.845815 0.898678 0.845815 0.894273 0.850220 0.889868 0.845815 0.885463 0.845815 0.881057 0.841410 0.876652 0.845815 0.876652 0.854626 0.885463 0.863436 0.894273 0.854626 0.898678 0.854626 0.903084 0.850220 0.907489 0.850220 0.911894 0.854626 0.916300 0.854626 0.920705 0.859031 0.925110 0.859031 0.929515 0.854626 0.929515 0.845815 0.925110 0.841410 0.925110 0.819383
0 0.400881 0.779736 0.387665 0.779736 0.378855 0.788546 0.378855 0.797357 0.374449 0.801762 0.374449 0.828194 0.370044 0.832599 0.370044 0.837004 0.365639 0.841410 0.365639 0.854626 0.361233 0.859031 0.361233 0.867841 0.356828 0.872247 0.356828 0.903084 0.352423 0.907489 0.348018 0.907489 0.343612 0.911894 0.325991 0.911894 0.321586 0.916300 0.312775 0.916300 0.303965 0.925110 0.308370 0.929515 0.312775 0.929515 0.321586 0.938326 0.325991 0.938326 0.330396 0.933921 0.334802 0.933921 0.339207 0.929515 0.343612 0.929515 0.348018 0.925110 0.352423 0.929515 0.356828 0.929515 0.361233 0.933921 0.361233 0.947137 0.370044 0.955947 0.374449 0.955947 0.378855 0.951542 0.378855 0.947137 0.374449 0.942731 0.374449 0.938326 0.370044 0.933921 0.365639 0.933921 0.361233 0.929515 0.361233 0.920705 0.365639 0.916300 0.365639 0.911894 0.370044 0.907489 0.370044 0.889868 0.374449 0.885463 0.374449 0.881057 0.378855 0.876652 0.378855 0.841410 0.383260 0.837004 0.383260 0.832599 0.387665 0.828194 0.387665 0.810573 0.405286 0.792952 0.405286 0.784141
0 0.572687 0.766520 0.568282 0.770925 0.568282 0.779736 0.581498 0.792952 0.581498 0.797357 0.594714 0.810573 0.599119 0.810573 0.603524 0.814978 0.607930 0.810573 0.607930 0.801762 0.612335 0.797357 0.607930 0.792952 0.607930 0.784141 0.603524 0.779736 0.599119 0.779736 0.590308 0.770925 0.585903 0.770925 0.581498 0.766520
0 0.493392 0.775330 0.484582 0.766520 0.480176 0.766520 0.475771 0.762115 0.471366 0.762115 0.471366 0.766520 0.458150 0.779736 0.458150 0.788546 0.462555 0.792952 0.466960 0.788546 0.471366 0.792952 0.475771 0.788546 0.480176 0.788546
0 0.017621 0.748899 0.017621 0.757709 0.022026 0.762115 0.035242 0.762115 0.039648 0.766520 0.044053 0.766520 0.052863 0.775330 0.061674 0.775330 0.066079 0.770925 0.066079 0.766520 0.061674 0.762115 0.052863 0.762115 0.048458 0.757709 0.044053 0.757709 0.030837 0.744493 0.022026 0.744493
0 0.735683 0.726872 0.731278 0.722467 0.722467 0.722467 0.718062 0.718062 0.704846 0.731278 0.704846 0.735683 0.713656 0.744493 0.722467 0.744493 0.726872 0.740088 0.731278 0.740088 0.735683 0.735683
0 0.903084 0.696035 0.898678 0.700441 0.894273 0.700441 0.885463 0.709251 0.881057 0.709251 0.876652 0.713656 0.867841 0.713656 0.863436 0.709251 0.859031 0.709251 0.854626 0.713656 0.854626 0.726872 0.859031 0.731278 0.859031 0.757709 0.863436 0.762115 0.863436 0.766520 0.867841 0.770925 0.872247 0.770925 0.876652 0.775330 0.876652 0.788546 0.872247 0.792952 0.867841 0.792952 0.863436 0.797357 0.854626 0.797357 0.850220 0.801762 0.850220 0.819383 0.854626 0.823789 0.854626 0.828194 0.859031 0.832599 0.863436 0.828194 0.863436 0.819383 0.885463 0.797357 0.889868 0.797357 0.894273 0.792952 0.898678 0.792952 0.903084 0.788546 0.916300 0.788546 0.920705 0.792952 0.925110 0.792952 0.929515 0.788546 0.925110 0.784141 0.920705 0.784141 0.916300 0.788546 0.907489 0.788546 0.903084 0.784141 0.898678 0.784141 0.885463 0.770925 0.881057 0.770925 0.872247 0.762115 0.872247 0.753304 0.876652 0.748899 0.872247 0.744493 0.872247 0.735683 0.876652 0.731278 0.876652 0.726872 0.881057 0.722467 0.885463 0.722467 0.889868 0.718062 0.903084 0.718062 0.907489 0.713656 0.907489 0.709251 0.911894 0.704846
0 0.132159 0.700441 0.127753 0.696035 0.123348 0.700441 0.118943 0.700441 0.114537 0.704846 0.092511 0.704846 0.083700 0.713656 0.083700 0.718062 0.088106 0.722467 0.105727 0.722467 0.123348 0.704846 0.127753 0.704846
0 0.762115 0.647577 0.757709 0.651982 0.757709 0.687225 0.770925 0.700441 0.775330 0.696035 0.775330 0.651982 0.770925 0.647577
0 0.713656 0.638767 0.696035 0.656388 0.691630 0.656388 0.682819 0.665198 0.682819 0.669604 0.687225 0.674009 0.691630 0.674009 0.696035 0.669604 0.700441 0.669604 0.704846 0.674009 0.709251 0.674009 0.718062 0.682819 0.718062 0.691630 0.722467 0.696035 0.726872 0.691630 0.726872 0.687225 0.722467 0.682819 0.722467 0.674009 0.718062 0.669604 0.718062 0.643172
0 0.933921 0.612335 0.929515 0.612335 0.925110 0.616740 0.925110 0.625551 0.920705 0.629956 0.920705 0.651982 0.916300 0.656388 0.911894 0.656388 0.907489 0.660793 0.903084 0.656388 0.894273 0.665198 0.898678 0.669604 0.907489 0.669604 0.916300 0.660793 0.916300 0.656388 0.925110 0.647577 0.929515 0.647577 0.933921 0.643172 0.933921 0.621145 0.938326 0.616740
0 0.185022 0.621145 0.167401 0.603524 0.162996 0.607930 0.158590 0.603524 0.154185 0.603524 0.145374 0.594714 0.140969 0.599119 0.136564 0.599119 0.132159 0.603524 0.127753 0.603524 0.123348 0.607930 0.123348 0.612335 0.118943 0.616740 0.114537 0.616740 0.110132 0.621145 0.105727 0.616740 0.101322 0.621145 0.092511 0.621145 0.083700 0.629956 0.083700 0.634361 0.074890 0.643172 0.079295 0.647577 0.092511 0.634361 0.096916 0.634361 0.114537 0.616740 0.118943 0.616740 0.123348 0.612335 0.127753 0.616740 0.132159 0.616740 0.158590 0.643172 0.162996 0.638767 0.167401 0.638767 0.171806 0.634361 0.176211 0.634361 0.185022 0.625551
0 0.784141 0.590308 0.779736 0.585903 0.775330 0.585903 0.770925 0.590308 0.762115 0.590308 0.753304 0.599119 0.753304 0.603524 0.757709 0.607930 0.775330 0.607930 0.784141 0.599119
0 0.832599 0.563877 0.828194 0.563877 0.819383 0.572687 0.819383 0.603524 0.814978 0.607930 0.814978 0.612335 0.819383 0.616740 0.823789 0.616740 0.832599 0.607930 0.832599 0.599119 0.837004 0.594714 0.837004 0.585903 0.841410 0.581498 0.841410 0.577093 0.832599 0.568282
0 0.484582 0.559471 0.475771 0.559471 0.466960 0.568282 0.466960 0.572687 0.458150 0.581498 0.453745 0.581498 0.453745 0.590308 0.458150 0.594714 0.458150 0.603524 0.462555 0.607930 0.466960 0.603524 0.471366 0.603524 0.475771 0.599119 0.475771 0.594714 0.480176 0.590308 0.480176 0.572687 0.488987 0.563877
0 0.352423 0.541850 0.343612 0.550661 0.343612 0.555066 0.361233 0.572687 0.365639 0.572687 0.370044 0.577093 0.370044 0.581498 0.374449 0.585903 0.378855 0.585903 0.387665 0.577093 0.387665 0.568282 0.370044 0.550661 0.365639 0.550661 0.361233 0.546256 0.356828 0.546256
0 0.832599 0.546256 0.837004 0.550661 0.837004 0.555066 0.841410 0.550661 0.845815 0.550661 0.850220 0.546256 0.854626 0.546256 0.859031 0.541850 0.867841 0.541850 0.872247 0.546256 0.881057 0.546256 0.889868 0.537445 0.894273 0.537445 0.889868 0.537445 0.881057 0.528634 0.859031 0.528634 0.854626 0.533040 0.850220 0.528634 0.841410 0.528634 0.832599 0.537445
0 0.052863 0.528634 0.052863 0.533040 0.061674 0.541850 0.070485 0.541850 0.074890 0.537445 0.079295 0.541850 0.083700 0.541850 0.088106 0.546256 0.088106 0.568282 0.092511 0.572687 0.101322 0.572687 0.105727 0.577093 0.110132 0.577093 0.114537 0.572687 0.123348 0.572687 0.127753 0.568282 0.132159 0.568282 0.136564 0.563877 0.145374 0.563877 0.149780 0.568282 0.154185 0.563877 0.158590 0.563877 0.162996 0.559471 0.158590 0.555066 0.158590 0.546256 0.149780 0.537445 0.145374 0.541850 0.145374 0.550661 0.136564 0.559471 0.132159 0.559471 0.127753 0.563877 0.123348 0.559471 0.118943 0.559471 0.101322 0.541850 0.096916 0.541850 0.092511 0.546256 0.088106 0.541850 0.083700 0.541850 0.079295 0.537445 0.079295 0.533040 0.074890 0.528634 0.070485 0.528634 0.066079 0.524229 0.057269 0.524229
0 0.215859 0.515419 0.207048 0.524229 0.207048 0.537445 0.211454 0.541850 0.224670 0.541850 0.229075 0.537445 0.229075 0.519824 0.224670 0.515419
0 0.933921 0.502203 0.929515 0.502203 0.925110 0.506608 0.925110 0.511013 0.920705 0.515419 0.920705 0.519824 0.916300 0.524229 0.916300 0.533040 0.911894 0.537445 0.907489 0.537445 0.916300 0.546256 0.916300 0.550661 0.929515 0.563877 0.933921 0.559471 0.933921 0.555066 0.938326 0.550661 0.933921 0.546256 0.933921 0.519824 0.942731 0.511013
0 0.268722 0.493392 0.264317 0.497797 0.264317 0.506608 0.268722 0.511013 0.273128 0.511013 0.281938 0.519824 0.281938 0.524229 0.286344 0.528634 0.286344 0.537445 0.281938 0.541850 0.281938 0.546256 0.286344 0.550661 0.290749 0.546256 0.290749 0.541850 0.286344 0.537445 0.286344 0.528634 0.290749 0.524229 0.290749 0.515419 0.286344 0.511013 0.286344 0.502203 0.277533 0.493392
0 0.444934 0.488987 0.449339 0.493392 0.449339 0.506608 0.453745 0.511013 0.453745 0.515419 0.466960 0.528634 0.475771 0.519824 0.480176 0.519824 0.484582 0.515419 0.488987 0.519824 0.493392 0.515419 0.488987 0.511013 0.484582 0.515419 0.475771 0.515419 0.471366 0.511013 0.466960 0.511013 0.462555 0.506608 0.462555 0.497797 0.458150 0.493392 0.458150 0.488987 0.453745 0.484582 0.449339 0.484582
0 0.872247 0.484582 0.867841 0.480176 0.863436 0.480176 0.859031 0.484582 0.854626 0.480176 0.850220 0.480176 0.845815 0.484582 0.841410 0.484582 0.837004 0.488987 0.837004 0.493392 0.832599 0.497797 0.837004 0.502203 0.841410 0.502203 0.845815 0.506608 0.854626 0.506608 0.863436 0.497797 0.867841 0.497797 0.872247 0.493392
0 0.145374 0.493392 0.136564 0.484582 0.132159 0.484582 0.127753 0.480176 0.123348 0.480176 0.105727 0.497797 0.101322 0.497797 0.096916 0.502203 0.096916 0.506608 0.101322 0.511013 0.105727 0.511013 0.110132 0.506608 0.127753 0.506608 0.132159 0.502203 0.136564 0.502203
0 0.656388 0.458150 0.651982 0.453745 0.647577 0.458150 0.643172 0.453745 0.638767 0.453745 0.621145 0.471366 0.621145 0.484582 0.616740 0.488987 0.616740 0.493392 0.612335 0.497797 0.607930 0.497797 0.603524 0.502203 0.599119 0.497797 0.594714 0.502203 0.581498 0.502203 0.577093 0.497797 0.559471 0.497797 0.546256 0.511013 0.546256 0.519824 0.550661 0.524229 0.555066 0.524229 0.559471 0.519824 0.563877 0.519824 0.568282 0.515419 0.572687 0.515419 0.577093 0.511013 0.581498 0.511013 0.585903 0.515419 0.594714 0.515419 0.603524 0.506608 0.603524 0.502203 0.607930 0.497797 0.612335 0.497797 0.616740 0.493392 0.621145 0.493392 0.625551 0.497797 0.629956 0.493392 0.629956 0.480176 0.638767 0.471366 0.643172 0.471366
0 0.193833 0.427313 0.189427 0.431718 0.189427 0.444934 0.207048 0.462555 0.211454 0.462555 0.220264 0.453745 0.211454 0.444934 0.211454 0.440529 0.207048 0.436123 0.207048 0.431718 0.202643 0.427313
0 0.497797 0.418502 0.493392 0.422908 0.493392 0.431718 0.497797 0.436123 0.497797 0.449339 0.493392 0.453745 0.493392 0.462555 0.502203 0.471366 0.519824 0.471366 0.524229 0.466960 0.519824 0.462555 0.515419 0.462555 0.502203 0.449339 0.502203 0.436123 0.506608 0.431718 0.506608 0.422908 0.502203 0.418502
0 0.387665 0.444934 0.392070 0.449339 0.396476 0.444934 0.400881 0.444934 0.405286 0.440529 0.414097 0.440529 0.418502 0.444934 0.431718 0.444934 0.436123 0.449339 0.444934 0.449339 0.449339 0.444934 0.449339 0.440529 0.440529 0.431718 0.436123 0.431718 0.431718 0.427313 0.427313 0.427313 0.422908 0.422908 0.418502 0.422908 0.414097 0.418502 0.409692 0.418502 0.405286 0.422908 0.405286 0.431718 0.396476 0.440529 0.392070 0.440529
0 0.123348 0.418502 0.118943 0.414097 0.114537 0.418502 0.110132 0.418502 0.105727 0.422908 0.101322 0.422908 0.092511 0.431718 0.088106 0.431718 0.083700 0.436123 0.092511 0.444934 0.101322 0.444934 0.118943 0.427313 0.123348 0.427313
0 0.096916 0.378855 0.092511 0.378855 0.074890 0.396476 0.074890 0.400881 0.070485 0.405286 0.070485 0.409692 0.074890 0.414097 0.079295 0.414097 0.088106 0.405286 0.088106 0.400881 0.096916 0.392070 0.096916 0.387665 0.101322 0.383260
0 0.493392 0.365639 0.497797 0.370044 0.497797 0.374449 0.502203 0.378855 0.506608 0.378855 0.511013 0.374449 0.515419 0.374449 0.519824 0.370044 0.528634 0.370044 0.533040 0.365639 0.537445 0.370044 0.541850 0.370044 0.546256 0.374449 0.550661 0.374449 0.555066 0.378855 0.555066 0.383260 0.568282 0.396476 0.572687 0.396476 0.585903 0.383260 0.585903 0.378855 0.590308 0.374449 0.585903 0.370044 0.581498 0.370044 0.577093 0.374449 0.572687 0.370044 0.568282 0.374449 0.563877 0.370044 0.559471 0.370044 0.550661 0.361233 0.546256 0.365639 0.541850 0.361233 0.537445 0.361233 0.533040 0.356828 0.528634 0.356828 0.524229 0.361233 0.497797 0.361233
0 0.977974 0.352423 0.973568 0.356828 0.969163 0.356828 0.964758 0.361233 0.960352 0.361233 0.955947 0.365639 0.942731 0.365639 0.938326 0.361233 0.933921 0.365639 0.933921 0.370044 0.938326 0.374449 0.938326 0.387665 0.933921 0.392070 0.933921 0.396476 0.925110 0.405286 0.920705 0.405286 0.916300 0.409692 0.916300 0.418502 0.929515 0.431718 0.929515 0.449339 0.925110 0.453745 0.920705 0.453745 0.916300 0.458150 0.911894 0.458150 0.907489 0.453745 0.903084 0.453745 0.898678 0.458150 0.907489 0.466960 0.916300 0.458150 0.920705 0.458150 0.925110 0.453745 0.929515 0.458150 0.933921 0.458150 0.938326 0.462555 0.942731 0.458150 0.947137 0.458150 0.951542 0.453745 0.955947 0.458150 0.960352 0.453745 0.960352 0.449339 0.969163 0.440529 0.973568 0.440529 0.969163 0.440529 0.964758 0.436123 0.964758 0.422908 0.960352 0.418502 0.960352 0.409692 0.964758 0.405286 0.964758 0.400881 0.969163 0.396476 0.969163 0.392070 0.973568 0.387665 0.973568 0.378855 0.977974 0.374449 0.977974 0.370044 0.982379 0.365639 0.982379 0.356828
0 0.286344 0.348018 0.277533 0.356828 0.277533 0.370044 0.281938 0.374449 0.281938 0.383260 0.273128 0.392070 0.268722 0.392070 0.264317 0.396476 0.264317 0.405286 0.268722 0.409692 0.273128 0.405286 0.277533 0.405286 0.281938 0.400881 0.277533 0.396476 0.277533 0.387665 0.281938 0.383260 0.286344 0.383260 0.290749 0.378855 0.295154 0.378855 0.303965 0.370044 0.303965 0.361233 0.295154 0.352423 0.290749 0.352423
0 0.255507 0.321586 0.246696 0.312775 0.237885 0.312775 0.233480 0.317181 0.233480 0.321586 0.224670 0.330396 0.220264 0.330396 0.215859 0.334802 0.207048 0.334802 0.202643 0.339207 0.198238 0.339207 0.193833 0.343612 0.189427 0.339207 0.185022 0.339207 0.176211 0.330396 0.171806 0.330396 0.167401 0.334802 0.162996 0.334802 0.149780 0.348018 0.149780 0.352423 0.145374 0.356828 0.140969 0.356828 0.136564 0.361233 0.132159 0.361233 0.127753 0.365639 0.127753 0.378855 0.132159 0.383260 0.136564 0.383260 0.140969 0.378855 0.140969 0.361233 0.145374 0.356828 0.149780 0.356828 0.154185 0.352423 0.198238 0.352423 0.202643 0.356828 0.220264 0.356828 0.224670 0.352423 0.224670 0.343612 0.229075 0.339207 0.233480 0.339207 0.237885 0.334802 0.242291 0.334802 0.246696 0.330396 0.251101 0.330396 0.255507 0.325991
0 0.044053 0.308370 0.039648 0.308370 0.030837 0.299559 0.026432 0.299559 0.017621 0.308370 0.013216 0.308370 0.008811 0.312775 0.004405 0.312775 0.004405 0.317181 0.008811 0.317181 0.013216 0.321586 0.017621 0.321586 0.022026 0.325991 0.026432 0.325991 0.039648 0.312775 0.044053 0.312775
0 0.660793 0.295154 0.651982 0.295154 0.647577 0.299559 0.647577 0.334802 0.643172 0.339207 0.643172 0.343612 0.638767 0.348018 0.634361 0.348018 0.629956 0.352423 0.616740 0.352423 0.612335 0.356828 0.621145 0.365639 0.625551 0.365639 0.634361 0.356828 0.638767 0.356828 0.643172 0.352423 0.651982 0.352423 0.656388 0.348018 0.656388 0.343612 0.660793 0.339207 0.660793 0.321586 0.656388 0.317181 0.656388 0.308370 0.665198 0.299559
0 0.722467 0.290749 0.718062 0.295154 0.718062 0.330396 0.722467 0.334802 0.726872 0.334802 0.735683 0.343612 0.735683 0.352423 0.726872 0.361233 0.726872 0.383260 0.722467 0.387665 0.722467 0.392070 0.726872 0.396476 0.726872 0.409692 0.731278 0.414097 0.735683 0.414097 0.740088 0.409692 0.740088 0.383260 0.753304 0.370044 0.757709 0.370044 0.753304 0.370044 0.748899 0.365639 0.748899 0.352423 0.753304 0.348018 0.748899 0.343612 0.744493 0.343612 0.740088 0.339207 0.735683 0.339207 0.731278 0.334802 0.731278 0.312775 0.735683 0.308370 0.740088 0.308370 0.744493 0.303965 0.748899 0.303965 0.753304 0.308370 0.757709 0.308370 0.762115 0.303965 0.753304 0.295154 0.748899 0.299559 0.744493 0.299559 0.740088 0.303965 0.735683 0.299559 0.731278 0.299559
0 0.955947 0.281938 0.951542 0.286344 0.951542 0.308370 0.947137 0.312775 0.947137 0.317181 0.942731 0.321586 0.942731 0.325991 0.947137 0.330396 0.955947 0.321586 0.960352 0.321586 0.964758 0.317181 0.964758 0.312775 0.969163 0.308370 0.964758 0.303965 0.964758 0.290749
0 0.370044 0.273128 0.365639 0.273128 0.356828 0.281938 0.356828 0.295154 0.348018 0.303965 0.348018 0.330396 0.343612 0.334802 0.348018 0.339207 0.352423 0.334802 0.352423 0.325991 0.361233 0.317181 0.361233 0.295154 0.370044 0.286344 0.370044 0.281938 0.374449 0.277533
0 0.286344 0.264317 0.281938 0.268722 0.281938 0.273128 0.277533 0.277533 0.277533 0.286344 0.281938 0.290749 0.281938 0.295154 0.286344 0.299559 0.295154 0.299559 0.299559 0.295154 0.295154 0.290749 0.295154 0.268722 0.290749 0.264317
0 0.453745 0.255507 0.449339 0.255507 0.444934 0.251101 0.427313 0.251101 0.422908 0.255507 0.422908 0.259912 0.427313 0.264317 0.427313 0.273128 0.422908 0.277533 0.418502 0.277533 0.409692 0.286344 0.414097 0.290749 0.414097 0.299559 0.409692 0.303965 0.405286 0.303965 0.400881 0.308370 0.396476 0.308370 0.387665 0.317181 0.387665 0.352423 0.383260 0.356828 0.378855 0.356828 0.365639 0.370044 0.370044 0.374449 0.374449 0.374449 0.378855 0.378855 0.383260 0.378855 0.392070 0.370044 0.392070 0.348018 0.396476 0.343612 0.396476 0.334802 0.409692 0.321586 0.409692 0.317181 0.414097 0.312775 0.414097 0.303965 0.422908 0.295154 0.427313 0.295154 0.431718 0.290749 0.431718 0.286344 0.440529 0.277533 0.440529 0.273128 0.449339 0.264317 0.453745 0.264317 0.458150 0.259912
0 0.180617 0.251101 0.176211 0.246696 0.171806 0.246696 0.167401 0.242291 0.162996 0.246696 0.162996 0.259912 0.154185 0.268722 0.149780 0.268722 0.145374 0.273128 0.140969 0.273128 0.136564 0.277533 0.110132 0.277533 0.101322 0.286344 0.096916 0.286344 0.092511 0.290749 0.092511 0.295154 0.096916 0.299559 0.105727 0.299559 0.110132 0.295154 0.114537 0.295154 0.118943 0.290749 0.149780 0.290749 0.154185 0.286344 0.162996 0.286344 0.171806 0.277533 0.171806 0.273128 0.176211 0.268722 0.176211 0.255507
0 0.991189 0.233480 0.986784 0.233480 0.977974 0.224670 0.973568 0.229075 0.969163 0.224670 0.964758 0.229075 0.960352 0.229075 0.955947 0.233480 0.955947 0.251101 0.960352 0.255507 0.964758 0.255507 0.986784 0.233480
0 0.726872 0.215859 0.713656 0.215859 0.709251 0.220264 0.709251 0.233480 0.704846 0.237885 0.709251 0.242291 0.709251 0.264317 0.704846 0.268722 0.709251 0.273128 0.718062 0.264317 0.718062 0.259912 0.722467 0.255507 0.722467 0.251101 0.726872 0.246696 0.726872 0.242291 0.731278 0.237885 0.731278 0.233480 0.735683 0.229075 0.731278 0.224670 0.731278 0.220264
0 0.563877 0.198238 0.563877 0.207048 0.568282 0.211454 0.568282 0.215859 0.577093 0.224670 0.577093 0.229075 0.585903 0.237885 0.585903 0.242291 0.594714 0.251101 0.616740 0.251101 0.621145 0.246696 0.625551 0.246696 0.634361 0.237885 0.634361 0.220264 0.629956 0.215859 0.625551 0.220264 0.621145 0.220264 0.616740 0.224670 0.616740 0.229075 0.612335 0.233480 0.607930 0.233480 0.603524 0.237885 0.599119 0.237885 0.594714 0.233480 0.590308 0.233480 0.585903 0.229075 0.585903 0.220264 0.590308 0.215859 0.590308 0.207048 0.585903 0.202643 0.581498 0.202643 0.577093 0.198238 0.572687 0.198238 0.568282 0.193833
0 0.427313 0.211454 0.431718 0.215859 0.449339 0.215859 0.453745 0.211454 0.458150 0.215859 0.462555 0.215859 0.471366 0.207048 0.466960 0.202643 0.458150 0.202643 0.453745 0.198238 0.449339 0.198238 0.444934 0.193833 0.440529 0.198238 0.436123 0.198238 0.427313 0.207048
0 0.303965 0.176211 0.317181 0.189427 0.321586 0.185022 0.352423 0.185022 0.356828 0.180617 0.356828 0.176211 0.348018 0.167401 0.343612 0.167401 0.339207 0.162996 0.334802 0.167401 0.325991 0.167401 0.321586 0.162996 0.317181 0.162996
0 0.237885 0.149780 0.233480 0.154185 0.233480 0.158590 0.242291 0.167401 0.242291 0.171806 0.251101 0.180617 0.251101 0.202643 0.242291 0.211454 0.242291 0.220264 0.259912 0.237885 0.259912 0.242291 0.268722 0.251101 0.273128 0.246696 0.273128 0.233480 0.268722 0.229075 0.268722 0.224670 0.255507 0.211454 0.255507 0.198238 0.259912 0.193833 0.259912 0.185022 0.264317 0.180617 0.264317 0.176211 0.268722 0.171806 0.268722 0.167401 0.259912 0.158590 0.255507 0.158590 0.246696 0.149780
0 0.057269 0.132159 0.057269 0.136564 0.061674 0.140969 0.074890 0.140969 0.079295 0.136564 0.083700 0.136564 0.088106 0.140969 0.092511 0.140969 0.101322 0.149780 0.118943 0.149780 0.123348 0.154185 0.127753 0.154185 0.132159 0.158590 0.136564 0.158590 0.140969 0.154185 0.145374 0.154185 0.149780 0.149780 0.162996 0.149780 0.167401 0.154185 0.180617 0.154185 0.189427 0.145374 0.189427 0.140969 0.185022 0.136564 0.149780 0.136564 0.145374 0.132159 0.127753 0.132159 0.123348 0.136564 0.118943 0.136564 0.114537 0.132159 0.105727 0.132159 0.101322 0.136564 0.096916 0.136564 0.092511 0.140969 0.088106 0.136564 0.083700 0.136564 0.070485 0.123348 0.066079 0.123348
0 0.440529 0.110132 0.440529 0.118943 0.444934 0.123348 0.449339 0.118943 0.453745 0.118943 0.458150 0.123348 0.462555 0.123348 0.466960 0.127753 0.466960 0.136564 0.471366 0.140969 0.475771 0.140969 0.480176 0.136564 0.484582 0.136564 0.488987 0.132159 0.506608 0.132159 0.511013 0.136564 0.515419 0.136564 0.519824 0.140969 0.528634 0.140969 0.533040 0.136564 0.537445 0.136564 0.541850 0.132159 0.537445 0.127753 0.519824 0.127753 0.515419 0.123348 0.511013 0.123348 0.506608 0.118943 0.502203 0.123348 0.497797 0.123348 0.493392 0.118943 0.475771 0.118943 0.471366 0.123348 0.466960 0.123348 0.462555 0.118943 0.458150 0.118943 0.453745 0.114537 0.453745 0.110132 0.449339 0.105727 0.444934 0.105727
0 0.770925 0.083700 0.766520 0.088106 0.762115 0.088106 0.757709 0.092511 0.762115 0.096916 0.762115 0.123348 0.766520 0.127753 0.775330 0.127753 0.784141 0.118943 0.784141 0.092511 0.779736 0.088106 0.775330 0.088106
0 0.744493 0.149780 0.744493 0.145374 0.740088 0.140969 0.735683 0.140969 0.731278 0.136564 0.726872 0.136564 0.722467 0.132159 0.718062 0.132159 0.709251 0.123348 0.709251 0.110132 0.718062 0.101322 0.722467 0.101322 0.726872 0.096916 0.726872 0.088106 0.722467 0.083700 0.709251 0.096916 0.709251 0.101322 0.704846 0.105727 0.704846 0.110132 0.696035 0.118943 0.696035 0.123348 0.687225 0.132159 0.682819 0.132159 0.678414 0.136564 0.674009 0.132159 0.669604 0.132159 0.660793 0.123348 0.656388 0.123348 0.651982 0.127753 0.651982 0.136564 0.665198 0.149780 0.674009 0.149780 0.682819 0.140969 0.687225 0.140969 0.691630 0.136564 0.696035 0.136564 0.700441 0.140969 0.704846 0.140969 0.722467 0.158590 0.735683 0.158590
0 0.519824 0.088106 0.524229 0.092511 0.533040 0.092511 0.537445 0.096916 0.546256 0.096916 0.559471 0.083700 0.563877 0.083700 0.559471 0.083700 0.546256 0.070485 0.537445 0.070485 0.533040 0.074890 0.528634 0.074890 0.524229 0.079295 0.524229 0.083700
0 0.171806 0.057269 0.167401 0.061674 0.162996 0.061674 0.158590 0.066079 0.158590 0.070485 0.154185 0.074890 0.154185 0.079295 0.149780 0.083700 0.149780 0.092511 0.158590 0.101322 0.162996 0.096916 0.167401 0.096916 0.171806 0.092511 0.171806 0.088106 0.180617 0.079295 0.180617 0.070485 0.176211 0.066079 0.176211 0.061674
0 0.096916 0.026432 0.088106 0.035242 0.088106 0.044053 0.105727 0.061674 0.114537 0.052863 0.114537 0.039648 0.105727 0.030837 0.101322 0.030837
0 0.938326 0.000000 0.907489 0.000000 0.903084 0.022026 0.876652 0.026432 0.889868 0.048458 0.859031 0.066079 0.850220 0.127753 0.828194 0.145374 0.863436 0.140969 0.876652 0.162996 0.850220 0.211454 0.806167 0.211454 0.814978 0.264317 0.837004 0.290749 0.766520 0.370044 0.797357 0.396476 0.792952 0.431718 0.766520 0.484582 0.722467 0.528634 0.700441 0.528634 0.638767 0.577093 0.577093 0.585903 0.528634 0.577093 0.537445 0.541850 0.524229 0.537445 0.511013 0.550661 0.524229 0.599119 0.493392 0.651982 0.436123 0.691630 0.312775 0.713656 0.224670 0.753304 0.202643 0.740088 0.193833 0.704846 0.140969 0.762115 0.154185 0.770925 0.202643 0.744493 0.211454 0.784141 0.198238 0.810573 0.136564 0.837004 0.057269 0.841410 0.000000 0.788546 0.000000 0.845815 0.070485 0.889868 0.202643 0.872247 0.189427 0.903084 0.198238 0.951542 0.215859 0.907489 0.268722 0.903084 0.259912 0.881057 0.290749 0.850220 0.286344 0.828194 0.251101 0.885463 0.202643 0.872247 0.246696 0.788546 0.339207 0.753304 0.466960 0.753304 0.502203 0.718062 0.528634 0.744493 0.515419 0.682819 0.555066 0.634361 0.656388 0.621145 0.700441 0.581498 0.770925 0.563877 0.819383 0.453745 0.801762 0.422908 0.806167 0.378855 0.850220 0.330396 0.885463 0.334802 0.850220 0.255507 0.881057 0.237885 0.903084 0.193833 0.995595 0.198238 0.995595 0.149780 0.969163 0.136564 0.977974 0.118943 0.898678 0.066079 0.911894 0.048458 0.938326 0.057269
0 0.704846 0.000000 0.704846 0.004405 0.713656 0.013216 0.713656 0.026432 0.700441 0.039648 0.700441 0.052863 0.704846 0.057269 0.704846 0.061674 0.709251 0.066079 0.718062 0.066079 0.722467 0.061674 0.726872 0.061674 0.731278 0.057269 0.726872 0.057269 0.722467 0.052863 0.722467 0.030837 0.726872 0.026432 0.726872 0.000000
0 0.656388 0.000000 0.643172 0.000000 0.643172 0.013216 0.634361 0.022026 0.634361 0.026432 0.629956 0.030837 0.625551 0.030837 0.621145 0.035242 0.616740 0.035242 0.612335 0.039648 0.607930 0.039648 0.603524 0.035242 0.599119 0.035242 0.594714 0.030837 0.590308 0.030837 0.585903 0.035242 0.585903 0.044053 0.590308 0.048458 0.594714 0.048458 0.603524 0.057269 0.621145 0.057269 0.638767 0.039648 0.643172 0.039648 0.647577 0.035242 0.651982 0.035242 0.660793 0.026432 0.656388 0.022026
0 0.511013 0.000000 0.506608 0.000000 0.506608 0.004405 0.502203 0.008811 0.497797 0.008811 0.493392 0.013216 0.488987 0.013216 0.480176 0.022026 0.480176 0.026432 0.488987 0.035242 0.493392 0.035242 0.515419 0.013216 0.515419 0.008811 0.511013 0.004405
0 0.436123 0.000000 0.422908 0.000000 0.422908 0.022026 0.418502 0.026432 0.414097 0.026432 0.409692 0.030837 0.405286 0.026432 0.400881 0.026432 0.392070 0.017621 0.392070 0.013216 0.383260 0.004405 0.383260 0.000000 0.370044 0.000000 0.370044 0.013216 0.383260 0.026432 0.383260 0.030837 0.387665 0.035242 0.387665 0.048458 0.383260 0.052863 0.383260 0.057269 0.356828 0.083700 0.352423 0.083700 0.348018 0.088106 0.343612 0.088106 0.334802 0.096916 0.334802 0.101322 0.330396 0.105727 0.330396 0.114537 0.339207 0.123348 0.348018 0.123348 0.352423 0.118943 0.352423 0.105727 0.356828 0.101322 0.356828 0.092511 0.361233 0.088106 0.365639 0.088106 0.370044 0.083700 0.378855 0.083700 0.383260 0.079295 0.387665 0.079295 0.400881 0.066079 0.400881 0.057269 0.396476 0.052863 0.396476 0.039648 0.400881 0.035242 0.405286 0.035242 0.409692 0.030837 0.414097 0.030837 0.418502 0.035242 0.422908 0.035242 0.427313 0.039648 0.427313 0.048458 0.436123 0.057269 0.440529 0.057269 0.449339 0.066079 0.449339 0.070485 0.458150 0.079295 0.462555 0.074890 0.458150 0.070485 0.458150 0.052863 0.444934 0.039648 0.440529 0.039648 0.436123 0.035242 0.436123 0.030837 0.431718 0.026432 0.431718 0.013216 0.436123 0.008811
