0 0.533040 0.947137 0.541850 0.955947 0.577093 0.955947 0.581498 0.951542 0.572687 0.942731 0.568282 0.942731 0.563877 0.938326 0.541850 0.938326
0 0.418502 0.947137 0.414097 0.942731 0.409692 0.942731 0.405286 0.938326 0.400881 0.938326 0.396476 0.942731 0.387665 0.942731 0.383260 0.947137 0.383260 0.955947 0.392070 0.964758 0.409692 0.964758 0.418502 0.955947
0 0.493392 0.933921 0.475771 0.933921 0.471366 0.938326 0.471366 0.942731 0.466960 0.947137 0.466960 0.951542 0.471366 0.955947 0.484582 0.955947 0.497797 0.942731 0.497797 0.938326
0 0.960352 0.920705 0.955947 0.916300 0.951542 0.916300 0.947137 0.911894 0.942731 0.916300 0.916300 0.916300 0.907489 0.925110 0.907489 0.929515 0.911894 0.933921 0.916300 0.933921 0.920705 0.929515 0.951542 0.929515
0 0.674009 0.920705 0.665198 0.911894 0.660793 0.911894 0.656388 0.916300 0.647577 0.916300 0.643172 0.920705 0.638767 0.920705 0.629956 0.929515 0.643172 0.942731 0.647577 0.938326 0.660793 0.938326 0.665198 0.933921 0.669604 0.933921 0.674009 0.929515
0 0.321586 0.903084 0.317181 0.907489 0.317181 0.920705 0.321586 0.925110 0.325991 0.925110 0.330396 0.929515 0.334802 0.929515 0.343612 0.938326 0.348018 0.938326 0.356828 0.929515 0.352423 0.925110 0.352423 0.920705 0.348018 0.916300 0.348018 0.911894 0.343612 0.907489 0.330396 0.907489 0.325991 0.903084
0 0.264317 0.872247 0.273128 0.881057 0.286344 0.881057 0.290749 0.876652 0.303965 0.876652 0.312775 0.867841 0.312775 0.863436 0.308370 0.859031 0.295154 0.859031 0.290749 0.863436 0.281938 0.863436 0.277533 0.859031 0.273128 0.863436 0.268722 0.863436 0.264317 0.867841
0 0.453745 0.837004 0.449339 0.832599 0.444934 0.837004 0.440529 0.837004 0.436123 0.841410 0.431718 0.841410 0.427313 0.845815 0.414097 0.845815 0.409692 0.841410 0.396476 0.841410 0.387665 0.850220 0.387665 0.854626 0.383260 0.859031 0.383260 0.863436 0.392070 0.872247 0.396476 0.867841 0.400881 0.867841 0.405286 0.863436 0.409692 0.863436 0.414097 0.859031 0.418502 0.859031 0.422908 0.854626 0.436123 0.854626 0.440529 0.850220 0.449339 0.850220 0.453745 0.845815
0 0.524229 0.814978 0.519824 0.819383 0.515419 0.819383 0.511013 0.823789 0.506608 0.823789 0.502203 0.828194 0.502203 0.845815 0.506608 0.850220 0.515419 0.850220 0.519824 0.845815 0.524229 0.845815 0.533040 0.837004 0.533040 0.823789
0 0.550661 0.740088 0.546256 0.735683 0.541850 0.735683 0.537445 0.731278 0.533040 0.731278 0.519824 0.744493 0.519824 0.748899 0.515419 0.753304 0.519824 0.757709 0.541850 0.757709 0.546256 0.753304 0.546256 0.744493
0 0.466960 0.709251 0.462555 0.704846 0.458150 0.704846 0.431718 0.731278 0.427313 0.731278 0.422908 0.735683 0.418502 0.735683 0.414097 0.740088 0.422908 0.748899 0.436123 0.735683 0.436123 0.731278 0.440529 0.726872 0.444934 0.726872 0.449339 0.722467 0.458150 0.722467 0.462555 0.718062 0.462555 0.713656
0 0.691630 0.651982 0.687225 0.647577 0.682819 0.647577 0.678414 0.643172 0.674009 0.643172 0.669604 0.647577 0.665198 0.647577 0.651982 0.660793 0.656388 0.665198 0.660793 0.665198 0.665198 0.660793 0.669604 0.665198 0.674009 0.660793 0.687225 0.660793 0.691630 0.656388
0 0.995595 0.629956 0.986784 0.629956 0.982379 0.625551 0.973568 0.625551 0.969163 0.629956 0.964758 0.629956 0.960352 0.625551 0.938326 0.625551 0.933921 0.629956 0.872247 0.629956 0.867841 0.634361 0.854626 0.634361 0.850220 0.638767 0.841410 0.638767 0.819383 0.660793 0.819383 0.669604 0.814978 0.674009 0.810573 0.674009 0.788546 0.696035 0.788546 0.700441 0.779736 0.709251 0.775330 0.709251 0.766520 0.718062 0.753304 0.722467 0.726872 0.753304 0.722467 0.753304 0.718062 0.757709 0.713656 0.753304 0.709251 0.757709 0.704846 0.757709 0.682819 0.779736 0.678414 0.779736 0.674009 0.784141 0.665198 0.784141 0.660793 0.788546 0.651982 0.788546 0.634361 0.801762 0.629956 0.797357 0.625551 0.801762 0.625551 0.806167 0.643172 0.819383 0.660793 0.819383 0.700441 0.797357 0.704846 0.801762 0.726872 0.779736 0.726872 0.770925 0.735683 0.762115 0.740088 0.748899 0.757709 0.731278 0.762115 0.731278 0.779736 0.718062 0.784141 0.718062 0.797357 0.704846 0.797357 0.700441 0.828194 0.674009 0.828194 0.665198 0.845815 0.647577 0.850220 0.647577 0.854626 0.643172 0.867841 0.643172 0.872247 0.638767 0.933921 0.638767 0.938326 0.634361 0.960352 0.634361 0.964758 0.638767 0.969163 0.638767 0.973568 0.634361 0.982379 0.634361 0.986784 0.638767 0.995595 0.638767
0 0.484582 0.616740 0.488987 0.621145 0.493392 0.621145 0.519824 0.647577 0.528634 0.647577 0.533040 0.651982 0.537445 0.651982 0.541850 0.656388 0.546256 0.656388 0.555066 0.665198 0.559471 0.665198 0.563877 0.669604 0.568282 0.669604 0.572687 0.674009 0.581498 0.674009 0.585903 0.678414 0.590308 0.678414 0.594714 0.674009 0.603524 0.674009 0.607930 0.678414 0.612335 0.678414 0.621145 0.687225 0.629956 0.687225 0.634361 0.682819 0.634361 0.678414 0.638767 0.674009 0.634361 0.669604 0.616740 0.669604 0.612335 0.674009 0.607930 0.669604 0.603524 0.669604 0.594714 0.660793 0.590308 0.660793 0.581498 0.651982 0.577093 0.651982 0.572687 0.647577 0.568282 0.647577 0.563877 0.643172 0.559471 0.643172 0.550661 0.634361 0.546256 0.634361 0.528634 0.616740 0.519824 0.616740 0.515419 0.612335 0.511013 0.612335 0.506608 0.607930 0.502203 0.612335 0.488987 0.612335
0 0.268722 0.612335 0.264317 0.607930 0.242291 0.607930 0.237885 0.612335 0.220264 0.612335 0.215859 0.616740 0.207048 0.616740 0.202643 0.621145 0.189427 0.621145 0.176211 0.629956 0.162996 0.629956 0.158590 0.625551 0.145374 0.634361 0.136564 0.634361 0.132159 0.638767 0.132159 0.643172 0.123348 0.651982 0.118943 0.651982 0.105727 0.665198 0.101322 0.665198 0.096916 0.669604 0.083700 0.665198 0.079295 0.669604 0.074890 0.669604 0.066079 0.678414 0.061674 0.678414 0.057269 0.682819 0.052863 0.682819 0.048458 0.687225 0.044053 0.687225 0.030837 0.696035 0.022026 0.696035 0.008811 0.704846 0.000000 0.704846 0.000000 0.757709 0.004405 0.762115 0.008811 0.757709 0.013216 0.744493 0.026432 0.731278 0.030837 0.731278 0.039648 0.722467 0.044053 0.722467 0.048458 0.718062 0.052863 0.718062 0.057269 0.713656 0.061674 0.713656 0.074890 0.704846 0.083700 0.704846 0.088106 0.700441 0.092511 0.700441 0.101322 0.691630 0.105727 0.691630 0.118943 0.682819 0.127753 0.682819 0.132159 0.678414 0.136564 0.678414 0.149780 0.669604 0.158590 0.669604 0.167401 0.660793 0.171806 0.660793 0.176211 0.656388 0.189427 0.651982 0.193833 0.647577 0.193833 0.643172 0.207048 0.634361 0.251101 0.634361 0.255507 0.629956 0.259912 0.629956 0.268722 0.621145
0 0.713656 0.546256 0.704846 0.537445 0.700441 0.541850 0.687225 0.541850 0.678414 0.550661 0.678414 0.555066 0.682819 0.559471 0.687225 0.559471 0.691630 0.563877 0.700441 0.563877 0.713656 0.550661
0 0.259912 0.515419 0.251101 0.515419 0.233480 0.533040 0.237885 0.537445 0.242291 0.537445 0.246696 0.541850 0.251101 0.541850 0.259912 0.533040 0.259912 0.528634 0.264317 0.524229 0.264317 0.519824
0 0.735683 0.493392 0.740088 0.493392 0.744493 0.497797 0.762115 0.497797 0.766520 0.502203 0.770925 0.502203 0.775330 0.497797 0.775330 0.493392 0.757709 0.475771 0.740088 0.493392
0 0.167401 0.515419 0.162996 0.511013 0.162996 0.506608 0.158590 0.502203 0.154185 0.502203 0.149780 0.497797 0.149780 0.488987 0.154185 0.484582 0.154185 0.471366 0.149780 0.466960 0.145374 0.466960 0.140969 0.471366 0.118943 0.471366 0.114537 0.466960 0.110132 0.466960 0.101322 0.475771 0.096916 0.475771 0.092511 0.480176 0.074890 0.480176 0.070485 0.484582 0.066079 0.480176 0.061674 0.484582 0.044053 0.484582 0.039648 0.488987 0.035242 0.488987 0.030837 0.493392 0.026432 0.493392 0.017621 0.502203 0.013216 0.502203 0.008811 0.506608 0.000000 0.506608 0.000000 0.537445 0.013216 0.537445 0.017621 0.533040 0.026432 0.533040 0.030837 0.528634 0.035242 0.528634 0.044053 0.519824 0.048458 0.519824 0.052863 0.515419 0.057269 0.515419 0.061674 0.511013 0.066079 0.511013 0.070485 0.506608 0.088106 0.506608 0.092511 0.502203 0.114537 0.502203 0.118943 0.497797 0.127753 0.497797 0.132159 0.502203 0.136564 0.497797 0.140969 0.502203 0.145374 0.502203 0.149780 0.506608 0.149780 0.515419 0.158590 0.524229
0 0.621145 0.462555 0.621145 0.471366 0.625551 0.475771 0.629956 0.475771 0.634361 0.480176 0.638767 0.480176 0.643172 0.475771 0.656388 0.475771 0.660793 0.480176 0.665198 0.475771 0.669604 0.475771 0.674009 0.471366 0.682819 0.471366 0.687225 0.475771 0.691630 0.475771 0.696035 0.480176 0.696035 0.484582 0.700441 0.488987 0.700441 0.493392 0.704846 0.497797 0.713656 0.497797 0.718062 0.493392 0.722467 0.493392 0.718062 0.493392 0.713656 0.488987 0.713656 0.480176 0.700441 0.466960 0.691630 0.466960 0.687225 0.471366 0.674009 0.471366 0.669604 0.466960 0.660793 0.466960 0.656388 0.471366 0.651982 0.466960 0.647577 0.466960 0.643172 0.462555 0.638767 0.462555 0.629956 0.453745
0 0.400881 0.440529 0.378855 0.462555 0.374449 0.462555 0.370044 0.466960 0.370044 0.471366 0.356828 0.484582 0.356828 0.488987 0.348018 0.497797 0.348018 0.502203 0.352423 0.506608 0.356828 0.506608 0.374449 0.488987 0.374449 0.484582 0.378855 0.480176 0.383260 0.480176 0.387665 0.475771 0.392070 0.475771 0.400881 0.466960 0.405286 0.466960 0.409692 0.462555 0.409692 0.453745 0.405286 0.449339 0.405286 0.444934
0 0.841410 0.422908 0.837004 0.422908 0.832599 0.427313 0.832599 0.431718 0.828194 0.436123 0.828194 0.444934 0.823789 0.449339 0.823789 0.453745 0.819383 0.458150 0.819383 0.462555 0.823789 0.466960 0.823789 0.471366 0.828194 0.475771 0.832599 0.475771 0.837004 0.471366 0.841410 0.471366 0.845815 0.466960 0.845815 0.462555 0.841410 0.458150 0.841410 0.444934 0.845815 0.440529 0.845815 0.436123 0.850220 0.431718
0 0.378855 0.422908 0.370044 0.414097 0.361233 0.414097 0.352423 0.422908 0.348018 0.422908 0.343612 0.427313 0.339207 0.427313 0.334802 0.422908 0.330396 0.422908 0.325991 0.418502 0.317181 0.418502 0.312775 0.422908 0.312775 0.427313 0.308370 0.431718 0.303965 0.431718 0.299559 0.436123 0.295154 0.431718 0.290749 0.431718 0.286344 0.436123 0.281938 0.436123 0.277533 0.440529 0.273128 0.440529 0.268722 0.444934 0.264317 0.440529 0.259912 0.440529 0.255507 0.436123 0.251101 0.436123 0.237885 0.422908 0.211454 0.422908 0.202643 0.431718 0.202643 0.453745 0.207048 0.458150 0.215859 0.449339 0.220264 0.449339 0.229075 0.440529 0.233480 0.440529 0.237885 0.436123 0.242291 0.436123 0.246696 0.440529 0.251101 0.440529 0.255507 0.444934 0.259912 0.440529 0.264317 0.440529 0.268722 0.444934 0.273128 0.444934 0.281938 0.453745 0.299559 0.453745 0.303965 0.449339 0.303965 0.444934 0.308370 0.440529 0.312775 0.440529 0.317181 0.436123 0.334802 0.436123 0.339207 0.431718 0.343612 0.436123 0.352423 0.436123 0.356828 0.440529 0.361233 0.436123 0.365639 0.436123
0 0.577093 0.405286 0.585903 0.414097 0.590308 0.414097 0.594714 0.418502 0.599119 0.418502 0.603524 0.414097 0.638767 0.414097 0.651982 0.400881 0.647577 0.396476 0.612335 0.396476 0.607930 0.400881 0.581498 0.400881
0 0.436123 0.405286 0.436123 0.414097 0.440529 0.418502 0.444934 0.418502 0.449339 0.422908 0.453745 0.422908 0.458150 0.427313 0.471366 0.427313 0.475771 0.422908 0.475771 0.414097 0.466960 0.405286 0.462555 0.405286 0.458150 0.400881 0.453745 0.400881 0.449339 0.396476 0.444934 0.400881 0.440529 0.400881
0 0.797357 0.396476 0.792952 0.392070 0.788546 0.392070 0.784141 0.387665 0.775330 0.387665 0.762115 0.400881 0.757709 0.400881 0.753304 0.405286 0.753304 0.409692 0.748899 0.414097 0.744493 0.414097 0.748899 0.418502 0.753304 0.418502 0.757709 0.422908 0.762115 0.422908 0.770925 0.414097 0.775330 0.414097 0.779736 0.409692 0.788546 0.409692 0.797357 0.400881
0 0.938326 0.383260 0.951542 0.396476 0.960352 0.396476 0.964758 0.400881 0.969163 0.400881 0.973568 0.396476 0.977974 0.400881 0.995595 0.400881 0.995595 0.387665 0.991189 0.392070 0.986784 0.387665 0.982379 0.387665 0.973568 0.378855 0.969163 0.383260 0.964758 0.378855 0.942731 0.378855
0 0.907489 0.365639 0.898678 0.356828 0.894273 0.361233 0.881057 0.361233 0.872247 0.370044 0.867841 0.370044 0.863436 0.374449 0.872247 0.383260 0.876652 0.383260 0.881057 0.378855 0.885463 0.378855 0.889868 0.374449 0.898678 0.374449
0 0.713656 0.303965 0.709251 0.299559 0.704846 0.303965 0.700441 0.303965 0.696035 0.308370 0.691630 0.308370 0.687225 0.312775 0.678414 0.312775 0.674009 0.317181 0.669604 0.317181 0.660793 0.325991 0.669604 0.334802 0.674009 0.330396 0.682819 0.330396 0.687225 0.325991 0.691630 0.330396 0.696035 0.330396 0.700441 0.325991 0.704846 0.325991 0.709251 0.321586 0.709251 0.308370
0 0.982379 0.295154 0.977974 0.290749 0.969163 0.290749 0.951542 0.308370 0.947137 0.308370 0.942731 0.312775 0.938326 0.308370 0.933921 0.308370 0.929515 0.303965 0.920705 0.303965 0.916300 0.308370 0.907489 0.308370 0.903084 0.312775 0.911894 0.321586 0.916300 0.321586 0.929515 0.334802 0.938326 0.334802 0.942731 0.330396 0.942731 0.325991 0.947137 0.321586 0.947137 0.317181 0.951542 0.312775 0.955947 0.312775 0.960352 0.308370 0.964758 0.312775 0.969163 0.308370 0.973568 0.308370 0.982379 0.299559
0 0.669604 0.268722 0.665198 0.264317 0.660793 0.264317 0.656388 0.268722 0.629956 0.268722 0.621145 0.277533 0.616740 0.277533 0.599119 0.295154 0.594714 0.295154 0.590308 0.299559 0.581498 0.299559 0.577093 0.303965 0.572687 0.303965 0.568282 0.308370 0.563877 0.303965 0.559471 0.303965 0.546256 0.317181 0.546256 0.321586 0.541850 0.325991 0.537445 0.325991 0.528634 0.334802 0.533040 0.339207 0.550661 0.321586 0.555066 0.321586 0.559471 0.317181 0.594714 0.317181 0.599119 0.312775 0.603524 0.312775 0.616740 0.299559 0.621145 0.299559 0.625551 0.295154 0.629956 0.295154 0.634361 0.290749 0.643172 0.290749 0.647577 0.286344 0.651982 0.286344 0.660793 0.277533 0.665198 0.277533 0.669604 0.273128
0 0.524229 0.259912 0.519824 0.259912 0.515419 0.255507 0.511013 0.255507 0.506608 0.251101 0.502203 0.251101 0.497797 0.255507 0.497797 0.259912 0.484582 0.273128 0.480176 0.273128 0.475771 0.277533 0.475771 0.281938 0.480176 0.286344 0.484582 0.286344 0.493392 0.277533 0.497797 0.277533 0.502203 0.273128 0.506608 0.273128 0.511013 0.268722 0.515419 0.268722
0 0.215859 0.268722 0.215859 0.273128 0.220264 0.277533 0.224670 0.277533 0.229075 0.273128 0.233480 0.273128 0.237885 0.268722 0.251101 0.268722 0.255507 0.273128 0.259912 0.273128 0.273128 0.286344 0.277533 0.281938 0.281938 0.286344 0.286344 0.286344 0.290749 0.281938 0.295154 0.281938 0.299559 0.277533 0.299559 0.268722 0.290749 0.259912 0.268722 0.259912 0.264317 0.264317 0.259912 0.259912 0.255507 0.259912 0.246696 0.251101 0.242291 0.251101 0.237885 0.255507 0.229075 0.255507
0 0.889868 0.233480 0.885463 0.233480 0.881057 0.237885 0.881057 0.255507 0.876652 0.259912 0.872247 0.259912 0.863436 0.268722 0.863436 0.273128 0.867841 0.277533 0.867841 0.286344 0.859031 0.295154 0.854626 0.295154 0.845815 0.303965 0.841410 0.303965 0.837004 0.308370 0.832599 0.308370 0.828194 0.312775 0.819383 0.312775 0.814978 0.317181 0.810573 0.317181 0.806167 0.312775 0.801762 0.312775 0.792952 0.303965 0.784141 0.312775 0.788546 0.317181 0.792952 0.317181 0.797357 0.312775 0.801762 0.317181 0.806167 0.317181 0.814978 0.325991 0.814978 0.343612 0.810573 0.348018 0.810573 0.352423 0.806167 0.356828 0.806167 0.361233 0.810573 0.365639 0.823789 0.352423 0.823789 0.339207 0.828194 0.334802 0.832599 0.334802 0.837004 0.330396 0.841410 0.330396 0.845815 0.325991 0.850220 0.325991 0.854626 0.321586 0.859031 0.321586 0.863436 0.317181 0.863436 0.312775 0.867841 0.308370 0.867841 0.295154 0.872247 0.290749 0.876652 0.290749 0.881057 0.286344 0.881057 0.281938 0.885463 0.277533 0.885463 0.268722 0.881057 0.264317 0.881057 0.255507 0.889868 0.246696 0.889868 0.242291 0.894273 0.237885
0 0.392070 0.229075 0.383260 0.220264 0.378855 0.220264 0.374449 0.215859 0.361233 0.215859 0.356828 0.211454 0.352423 0.215859 0.348018 0.215859 0.343612 0.220264 0.325991 0.220264 0.317181 0.229075 0.312775 0.229075 0.308370 0.233480 0.312775 0.237885 0.321586 0.237885 0.325991 0.233480 0.334802 0.233480 0.339207 0.229075 0.352423 0.229075 0.356828 0.224670 0.365639 0.224670 0.370044 0.229075 0.378855 0.229075 0.383260 0.233480 0.387665 0.233480
0 0.000000 0.224670 0.008811 0.224670 0.013216 0.220264 0.017621 0.220264 0.022026 0.215859 0.026432 0.215859 0.030837 0.211454 0.035242 0.211454 0.039648 0.215859 0.044053 0.211454 0.070485 0.211454 0.074890 0.215859 0.079295 0.211454 0.079295 0.207048 0.074890 0.202643 0.039648 0.202643 0.035242 0.198238 0.030837 0.202643 0.022026 0.202643 0.017621 0.207048 0.000000 0.207048
0 0.612335 0.176211 0.607930 0.180617 0.603524 0.180617 0.599119 0.185022 0.599119 0.193833 0.594714 0.198238 0.594714 0.207048 0.603524 0.215859 0.607930 0.211454 0.607930 0.207048 0.612335 0.202643 0.612335 0.189427 0.616740 0.185022 0.616740 0.180617
0 0.674009 0.176211 0.691630 0.193833 0.704846 0.193833 0.709251 0.189427 0.709251 0.185022 0.696035 0.171806 0.691630 0.176211 0.687225 0.171806 0.678414 0.171806
0 0.925110 0.176211 0.929515 0.180617 0.929515 0.185022 0.933921 0.189427 0.938326 0.189427 0.942731 0.185022 0.947137 0.185022 0.960352 0.171806 0.955947 0.167401 0.942731 0.167401 0.938326 0.162996 0.933921 0.162996 0.929515 0.167401 0.929515 0.171806
0 0.334802 0.154185 0.330396 0.154185 0.325991 0.149780 0.321586 0.154185 0.317181 0.154185 0.312775 0.158590 0.312775 0.162996 0.303965 0.171806 0.299559 0.171806 0.295154 0.176211 0.290749 0.176211 0.286344 0.180617 0.281938 0.180617 0.277533 0.185022 0.268722 0.185022 0.264317 0.189427 0.242291 0.189427 0.237885 0.193833 0.233480 0.193833 0.224670 0.202643 0.224670 0.207048 0.229075 0.211454 0.233480 0.207048 0.237885 0.211454 0.246696 0.211454 0.251101 0.207048 0.259912 0.207048 0.264317 0.202643 0.268722 0.202643 0.273128 0.198238 0.281938 0.198238 0.286344 0.193833 0.290749 0.193833 0.299559 0.185022 0.303965 0.185022 0.308370 0.180617 0.317181 0.180617 0.334802 0.162996
0 0.810573 0.140969 0.792952 0.158590 0.788546 0.158590 0.784141 0.162996 0.784141 0.167401 0.788546 0.171806 0.801762 0.171806 0.806167 0.167401 0.806167 0.162996 0.814978 0.154185 0.814978 0.145374
0 0.502203 0.140969 0.497797 0.136564 0.493392 0.140969 0.480176 0.140969 0.466960 0.154185 0.466960 0.158590 0.462555 0.162996 0.458150 0.162996 0.453745 0.167401 0.458150 0.171806 0.466960 0.162996 0.471366 0.162996 0.475771 0.158590 0.488987 0.158590 0.502203 0.145374
0 0.577093 0.132159 0.577093 0.136564 0.585903 0.145374 0.612335 0.145374 0.616740 0.140969 0.621145 0.140969 0.625551 0.136564 0.625551 0.132159 0.616740 0.123348 0.603524 0.123348 0.599119 0.118943 0.590308 0.118943
0 0.259912 0.114537 0.251101 0.105727 0.246696 0.105727 0.242291 0.110132 0.237885 0.110132 0.233480 0.114537 0.224670 0.114537 0.220264 0.118943 0.185022 0.118943 0.180617 0.114537 0.176211 0.114537 0.167401 0.123348 0.162996 0.123348 0.154185 0.132159 0.154185 0.136564 0.162996 0.145374 0.167401 0.140969 0.171806 0.140969 0.176211 0.136564 0.185022 0.136564 0.189427 0.132159 0.193833 0.136564 0.202643 0.136564 0.207048 0.140969 0.211454 0.140969 0.215859 0.136564 0.220264 0.136564 0.224670 0.132159 0.233480 0.132159 0.242291 0.123348 0.246696 0.123348 0.251101 0.118943 0.255507 0.118943
0 0.709251 0.118943 0.713656 0.123348 0.718062 0.118943 0.726872 0.118943 0.731278 0.123348 0.735683 0.123348 0.740088 0.127753 0.744493 0.127753 0.748899 0.123348 0.757709 0.123348 0.762115 0.118943 0.770925 0.118943 0.775330 0.123348 0.779736 0.123348 0.784141 0.127753 0.788546 0.123348 0.784141 0.118943 0.779736 0.123348 0.775330 0.123348 0.770925 0.118943 0.766520 0.118943 0.762115 0.114537 0.762115 0.105727 0.757709 0.101322 0.744493 0.101322 0.731278 0.114537 0.726872 0.114537 0.722467 0.118943 0.718062 0.118943 0.713656 0.114537
0 0.480176 0.101322 0.475771 0.096916 0.466960 0.096916 0.462555 0.092511 0.458150 0.096916 0.453745 0.096916 0.449339 0.092511 0.444934 0.096916 0.418502 0.096916 0.414097 0.101322 0.392070 0.101322 0.387665 0.105727 0.387665 0.110132 0.383260 0.114537 0.387665 0.118943 0.392070 0.118943 0.396476 0.114537 0.400881 0.118943 0.431718 0.118943 0.436123 0.114537 0.440529 0.114537 0.444934 0.110132 0.449339 0.110132 0.453745 0.105727 0.466960 0.105727 0.471366 0.101322 0.475771 0.105727
0 0.321586 0.039648 0.317181 0.035242 0.308370 0.035242 0.295154 0.048458 0.290749 0.048458 0.281938 0.057269 0.277533 0.057269 0.273128 0.061674 0.268722 0.057269 0.264317 0.061674 0.264317 0.066079 0.268722 0.070485 0.273128 0.070485 0.277533 0.066079 0.290749 0.066079 0.295154 0.061674 0.303965 0.061674 0.317181 0.048458 0.317181 0.044053
0 0.700441 0.035242 0.696035 0.030837 0.691630 0.030837 0.687225 0.035242 0.678414 0.035242 0.669604 0.044053 0.665198 0.044053 0.660793 0.048458 0.656388 0.048458 0.651982 0.052863 0.647577 0.048458 0.643172 0.052863 0.634361 0.052863 0.629956 0.057269 0.629956 0.061674 0.625551 0.066079 0.625551 0.074890 0.621145 0.079295 0.616740 0.079295 0.612335 0.083700 0.607930 0.079295 0.599119 0.088106 0.603524 0.092511 0.612335 0.092511 0.621145 0.083700 0.625551 0.083700 0.629956 0.079295 0.638767 0.079295 0.643172 0.074890 0.647577 0.074890 0.651982 0.070485 0.651982 0.066079 0.660793 0.057269 0.665198 0.057269 0.669604 0.052863 0.674009 0.052863 0.678414 0.048458 0.687225 0.048458
0 0.193833 0.039648 0.189427 0.035242 0.185022 0.035242 0.180617 0.030837 0.171806 0.030837 0.167401 0.035242 0.167401 0.039648 0.162996 0.044053 0.162996 0.057269 0.154185 0.066079 0.149780 0.066079 0.145374 0.070485 0.140969 0.070485 0.136564 0.074890 0.136564 0.079295 0.132159 0.083700 0.127753 0.083700 0.123348 0.088106 0.118943 0.083700 0.114537 0.088106 0.110132 0.083700 0.101322 0.083700 0.096916 0.088106 0.096916 0.101322 0.092511 0.105727 0.088106 0.105727 0.083700 0.110132 0.079295 0.110132 0.074890 0.114537 0.074890 0.123348 0.079295 0.127753 0.092511 0.127753 0.096916 0.123348 0.096916 0.101322 0.105727 0.092511 0.110132 0.092511 0.114537 0.088106 0.118943 0.092511 0.123348 0.088106 0.127753 0.088106 0.132159 0.083700 0.136564 0.088106 0.149780 0.088106 0.154185 0.083700 0.154185 0.074890 0.158590 0.070485 0.158590 0.066079 0.162996 0.061674 0.167401 0.061674 0.171806 0.057269 0.176211 0.057269 0.180617 0.052863 0.185022 0.052863 0.193833 0.044053
0 0.110132 0.030837 0.101322 0.030837 0.079295 0.052863 0.079295 0.057269 0.088106 0.066079 0.114537 0.039648 0.114537 0.035242
0 0.722467 0.026432 0.726872 0.030837 0.731278 0.030837 0.735683 0.035242 0.735683 0.039648 0.740088 0.044053 0.740088 0.048458 0.744493 0.052863 0.757709 0.052863 0.762115 0.057269 0.766520 0.052863 0.770925 0.057269 0.775330 0.052863 0.784141 0.052863 0.792952 0.044053 0.792952 0.039648 0.788546 0.035242 0.770925 0.035242 0.766520 0.039648 0.757709 0.039648 0.753304 0.044053 0.748899 0.039648 0.744493 0.039648 0.740088 0.035242 0.740088 0.030837 0.735683 0.026432 0.731278 0.026432 0.726872 0.022026
0 0.524229 0.013216 0.524229 0.022026 0.528634 0.026432 0.533040 0.026432 0.537445 0.030837 0.550661 0.030837 0.555066 0.035242 0.559471 0.035242 0.563877 0.039648 0.577093 0.039648 0.581498 0.035242 0.594714 0.035242 0.599119 0.039648 0.603524 0.035242 0.607930 0.035242 0.625551 0.017621 0.616740 0.008811 0.612335 0.008811 0.607930 0.013216 0.603524 0.013216 0.599119 0.017621 0.594714 0.017621 0.585903 0.026432 0.581498 0.026432 0.577093 0.030837 0.572687 0.026432 0.568282 0.026432 0.563877 0.022026 0.559471 0.022026 0.555066 0.017621 0.550661 0.017621 0.541850 0.008811 0.528634 0.008811
