0 0.748899 0.969163 0.753304 0.973568 0.757709 0.973568 0.762115 0.977974 0.766520 0.977974 0.775330 0.986784 0.784141 0.986784 0.788546 0.982379 0.792952 0.982379 0.797357 0.977974 0.797357 0.973568 0.792952 0.969163 0.770925 0.969163 0.766520 0.973568 0.762115 0.969163 0.757709 0.969163 0.753304 0.964758
0 0.383260 0.964758 0.387665 0.969163 0.392070 0.969163 0.396476 0.973568 0.405286 0.973568 0.409692 0.977974 0.414097 0.977974 0.422908 0.986784 0.422908 0.995595 0.436123 0.995595 0.436123 0.986784 0.444934 0.977974 0.449339 0.977974 0.444934 0.977974 0.440529 0.973568 0.422908 0.973568 0.418502 0.969163 0.414097 0.969163 0.409692 0.964758 0.409692 0.960352 0.400881 0.951542 0.396476 0.955947 0.392070 0.955947
0 0.348018 0.960352 0.334802 0.947137 0.330396 0.947137 0.321586 0.955947 0.317181 0.955947 0.312775 0.960352 0.308370 0.955947 0.303965 0.960352 0.299559 0.960352 0.295154 0.964758 0.295154 0.969163 0.299559 0.973568 0.308370 0.973568 0.312775 0.969163 0.317181 0.969163 0.321586 0.964758 0.343612 0.964758
0 0.488987 0.942731 0.480176 0.951542 0.480176 0.955947 0.462555 0.973568 0.458150 0.973568 0.462555 0.977974 0.466960 0.977974 0.471366 0.982379 0.471366 0.995595 0.488987 0.995595 0.488987 0.991189 0.484582 0.986784 0.484582 0.973568 0.497797 0.960352 0.497797 0.951542
0 0.955947 0.933921 0.951542 0.938326 0.951542 0.947137 0.947137 0.951542 0.947137 0.955947 0.951542 0.955947 0.955947 0.960352 0.969163 0.960352 0.973568 0.955947 0.973568 0.947137 0.969163 0.942731 0.969163 0.938326 0.964758 0.933921
0 0.555066 0.920705 0.550661 0.925110 0.550661 0.933921 0.555066 0.938326 0.559471 0.938326 0.563877 0.942731 0.568282 0.942731 0.572687 0.947137 0.572687 0.955947 0.577093 0.960352 0.585903 0.960352 0.594714 0.951542 0.585903 0.942731 0.581498 0.942731 0.577093 0.938326 0.577093 0.929515 0.568282 0.920705
0 0.678414 0.907489 0.674009 0.903084 0.656388 0.903084 0.651982 0.907489 0.647577 0.907489 0.638767 0.916300 0.638767 0.920705 0.643172 0.925110 0.647577 0.925110 0.651982 0.929515 0.656388 0.925110 0.665198 0.925110 0.674009 0.916300 0.674009 0.911894
0 0.396476 0.898678 0.392070 0.898678 0.378855 0.911894 0.374449 0.911894 0.370044 0.916300 0.370044 0.925110 0.374449 0.929515 0.392070 0.929515 0.400881 0.920705 0.400881 0.903084
0 0.907489 0.894273 0.903084 0.898678 0.903084 0.916300 0.898678 0.920705 0.898678 0.951542 0.894273 0.955947 0.894273 0.964758 0.898678 0.969163 0.920705 0.969163 0.929515 0.960352 0.925110 0.955947 0.920705 0.955947 0.911894 0.947137 0.911894 0.916300 0.916300 0.911894 0.916300 0.907489 0.920705 0.903084 0.911894 0.894273
0 0.810573 0.898678 0.810573 0.907489 0.814978 0.911894 0.819383 0.911894 0.823789 0.907489 0.832599 0.907489 0.837004 0.903084 0.841410 0.907489 0.845815 0.907489 0.850220 0.911894 0.850220 0.933921 0.854626 0.938326 0.859031 0.933921 0.863436 0.933921 0.867841 0.929515 0.867841 0.925110 0.859031 0.916300 0.854626 0.916300 0.845815 0.907489 0.845815 0.889868 0.841410 0.885463 0.828194 0.885463 0.819383 0.894273 0.814978 0.894273
0 0.387665 0.859031 0.383260 0.854626 0.378855 0.854626 0.365639 0.867841 0.361233 0.867841 0.348018 0.876652 0.339207 0.876652 0.334802 0.881057 0.325991 0.881057 0.321586 0.885463 0.312775 0.885463 0.308370 0.881057 0.303965 0.881057 0.299559 0.876652 0.299559 0.872247 0.295154 0.867841 0.290749 0.867841 0.281938 0.876652 0.290749 0.885463 0.290749 0.894273 0.286344 0.898678 0.281938 0.898678 0.277533 0.903084 0.273128 0.903084 0.268722 0.907489 0.264317 0.907489 0.259912 0.911894 0.255507 0.911894 0.251101 0.916300 0.246696 0.916300 0.233480 0.925110 0.224670 0.925110 0.220264 0.929515 0.211454 0.929515 0.207048 0.933921 0.202643 0.933921 0.193833 0.942731 0.189427 0.942731 0.185022 0.947137 0.180617 0.947137 0.158590 0.964758 0.154185 0.964758 0.149780 0.969163 0.136564 0.969163 0.123348 0.982379 0.132159 0.991189 0.132159 0.995595 0.136564 0.995595 0.136564 0.991189 0.140969 0.986784 0.145374 0.986784 0.158590 0.973568 0.162996 0.973568 0.171806 0.964758 0.176211 0.964758 0.180617 0.960352 0.185022 0.960352 0.189427 0.955947 0.193833 0.955947 0.198238 0.951542 0.202643 0.951542 0.215859 0.938326 0.220264 0.938326 0.224670 0.933921 0.229075 0.938326 0.233480 0.938326 0.242291 0.929515 0.246696 0.929515 0.251101 0.925110 0.255507 0.925110 0.259912 0.920705 0.264317 0.920705 0.268722 0.916300 0.273128 0.916300 0.277533 0.911894 0.281938 0.911894 0.286344 0.907489 0.290749 0.907489 0.299559 0.898678 0.303965 0.898678 0.308370 0.894273 0.325991 0.894273 0.330396 0.889868 0.339207 0.889868 0.352423 0.881057 0.361233 0.881057 0.365639 0.876652 0.370044 0.876652
0 0.753304 0.850220 0.748899 0.854626 0.748899 0.859031 0.744493 0.863436 0.744493 0.867841 0.740088 0.872247 0.740088 0.876652 0.731278 0.885463 0.731278 0.911894 0.726872 0.916300 0.722467 0.916300 0.718062 0.920705 0.713656 0.920705 0.709251 0.925110 0.704846 0.920705 0.700441 0.925110 0.700441 0.929515 0.709251 0.938326 0.726872 0.938326 0.735683 0.929515 0.740088 0.929515 0.748899 0.920705 0.748899 0.916300 0.744493 0.911894 0.744493 0.885463 0.748899 0.881057 0.748899 0.876652 0.757709 0.867841 0.757709 0.863436 0.762115 0.859031 0.766520 0.859031 0.762115 0.859031
0 0.427313 0.867841 0.427313 0.876652 0.431718 0.881057 0.436123 0.881057 0.440529 0.885463 0.449339 0.876652 0.449339 0.872247 0.458150 0.863436 0.462555 0.863436 0.466960 0.859031 0.471366 0.863436 0.475771 0.863436 0.484582 0.872247 0.484582 0.876652 0.488987 0.881057 0.493392 0.881057 0.497797 0.876652 0.497797 0.872247 0.502203 0.867841 0.502203 0.854626 0.497797 0.850220 0.484582 0.850220 0.480176 0.854626 0.475771 0.854626 0.471366 0.859031 0.466960 0.854626 0.462555 0.854626 0.458150 0.850220 0.453745 0.854626 0.449339 0.854626 0.444934 0.859031 0.436123 0.859031
0 0.537445 0.841410 0.533040 0.845815 0.533040 0.859031 0.537445 0.863436 0.537445 0.867841 0.541850 0.872247 0.546256 0.867841 0.555066 0.867841 0.559471 0.863436 0.559471 0.854626 0.546256 0.841410
0 0.814978 0.819383 0.814978 0.828194 0.819383 0.832599 0.823789 0.832599 0.828194 0.837004 0.837004 0.837004 0.841410 0.832599 0.845815 0.832599 0.850220 0.828194 0.854626 0.828194 0.859031 0.823789 0.854626 0.819383 0.850220 0.823789 0.845815 0.823789 0.841410 0.819383 0.837004 0.819383 0.832599 0.814978 0.819383 0.814978
0 0.422908 0.806167 0.414097 0.814978 0.409692 0.814978 0.405286 0.819383 0.400881 0.819383 0.396476 0.814978 0.392070 0.819383 0.396476 0.823789 0.396476 0.837004 0.400881 0.841410 0.427313 0.814978 0.427313 0.810573
0 0.691630 0.779736 0.687225 0.784141 0.678414 0.784141 0.674009 0.788546 0.674009 0.797357 0.669604 0.801762 0.669604 0.819383 0.665198 0.823789 0.660793 0.823789 0.656388 0.828194 0.656388 0.841410 0.660793 0.845815 0.660793 0.863436 0.665198 0.867841 0.669604 0.867841 0.678414 0.859031 0.678414 0.845815 0.674009 0.841410 0.674009 0.837004 0.669604 0.832599 0.669604 0.823789 0.674009 0.819383 0.678414 0.819383 0.682819 0.814978 0.687225 0.819383 0.696035 0.810573 0.696035 0.806167 0.700441 0.801762 0.700441 0.788546
0 0.572687 0.775330 0.568282 0.775330 0.559471 0.784141 0.559471 0.788546 0.550661 0.797357 0.550661 0.814978 0.559471 0.823789 0.568282 0.814978 0.568282 0.810573 0.572687 0.806167 0.572687 0.801762 0.577093 0.797357 0.577093 0.792952 0.581498 0.788546 0.581498 0.784141
0 0.229075 0.735683 0.224670 0.740088 0.224670 0.753304 0.220264 0.757709 0.224670 0.762115 0.229075 0.762115 0.237885 0.770925 0.242291 0.766520 0.242291 0.762115 0.246696 0.757709 0.246696 0.748899 0.242291 0.744493 0.242291 0.740088 0.237885 0.735683
0 0.167401 0.678414 0.162996 0.682819 0.162996 0.687225 0.167401 0.691630 0.167401 0.704846 0.171806 0.709251 0.171806 0.718062 0.158590 0.731278 0.154185 0.731278 0.149780 0.735683 0.145374 0.731278 0.132159 0.731278 0.127753 0.735683 0.127753 0.748899 0.136564 0.757709 0.140969 0.757709 0.145374 0.753304 0.149780 0.753304 0.154185 0.748899 0.162996 0.748899 0.167401 0.753304 0.176211 0.744493 0.176211 0.722467 0.185022 0.713656 0.185022 0.709251 0.189427 0.704846 0.185022 0.700441 0.185022 0.696035
0 0.687225 0.665198 0.687225 0.674009 0.691630 0.678414 0.700441 0.678414 0.704846 0.682819 0.709251 0.682819 0.713656 0.678414 0.718062 0.678414 0.722467 0.682819 0.726872 0.682819 0.735683 0.691630 0.740088 0.691630 0.744493 0.687225 0.735683 0.678414 0.731278 0.682819 0.726872 0.678414 0.722467 0.678414 0.718062 0.674009 0.718062 0.669604 0.704846 0.656388 0.696035 0.656388
0 0.748899 0.651982 0.753304 0.656388 0.757709 0.656388 0.762115 0.660793 0.775330 0.660793 0.779736 0.665198 0.788546 0.665198 0.797357 0.656388 0.792952 0.651982 0.784141 0.651982 0.779736 0.647577 0.775330 0.647577 0.766520 0.638767 0.757709 0.638767 0.753304 0.643172 0.753304 0.647577
0 0.061674 0.638767 0.052863 0.647577 0.052863 0.651982 0.061674 0.660793 0.066079 0.660793 0.070485 0.665198 0.070485 0.674009 0.066079 0.678414 0.061674 0.678414 0.057269 0.682819 0.052863 0.678414 0.048458 0.678414 0.044053 0.682819 0.030837 0.682819 0.008811 0.704846 0.004405 0.704846 0.000000 0.709251 0.004405 0.713656 0.008811 0.713656 0.013216 0.718062 0.013216 0.726872 0.022026 0.735683 0.026432 0.731278 0.030837 0.731278 0.035242 0.726872 0.039648 0.731278 0.044053 0.731278 0.057269 0.744493 0.057269 0.748899 0.061674 0.753304 0.074890 0.753304 0.079295 0.748899 0.088106 0.748899 0.092511 0.753304 0.101322 0.744493 0.101322 0.740088 0.096916 0.735683 0.092511 0.735683 0.088106 0.740088 0.079295 0.740088 0.074890 0.735683 0.070485 0.735683 0.061674 0.726872 0.057269 0.726872 0.048458 0.718062 0.048458 0.709251 0.052863 0.704846 0.057269 0.704846 0.061674 0.700441 0.066079 0.700441 0.074890 0.691630 0.079295 0.691630 0.083700 0.687225 0.088106 0.687225 0.092511 0.691630 0.101322 0.691630 0.105727 0.687225 0.118943 0.687225 0.123348 0.691630 0.132159 0.682819 0.123348 0.674009 0.118943 0.678414 0.105727 0.678414 0.101322 0.674009 0.096916 0.674009 0.092511 0.669604 0.083700 0.669604 0.079295 0.665198 0.074890 0.665198 0.070485 0.660793 0.070485 0.647577 0.074890 0.643172 0.070485 0.638767
0 0.903084 0.629956 0.885463 0.638767 0.889868 0.643172 0.889868 0.660793 0.894273 0.665198 0.894273 0.678414 0.872247 0.691630 0.859031 0.682819 0.859031 0.674009 0.850220 0.656388 0.828194 0.669604 0.823789 0.687225 0.814978 0.696035 0.814978 0.700441 0.797357 0.713656 0.797357 0.718062 0.801762 0.722467 0.841410 0.722467 0.859031 0.713656 0.872247 0.722467 0.872247 0.735683 0.885463 0.748899 0.885463 0.757709 0.872247 0.766520 0.859031 0.762115 0.850220 0.770925 0.832599 0.779736 0.845815 0.788546 0.854626 0.788546 0.867841 0.775330 0.867841 0.770925 0.881057 0.762115 0.903084 0.775330 0.903084 0.788546 0.898678 0.797357 0.903084 0.801762 0.916300 0.801762 0.929515 0.810573 0.929515 0.823789 0.925110 0.828194 0.929515 0.850220 0.911894 0.867841 0.916300 0.872247 0.925110 0.872247 0.938326 0.859031 0.942731 0.850220 0.942731 0.837004 0.947137 0.832599 0.942731 0.828194 0.947137 0.810573 0.925110 0.797357 0.929515 0.779736 0.964758 0.757709 0.982379 0.766520 0.995595 0.779736 0.995595 0.757709 0.982379 0.757709 0.969163 0.748899 0.955947 0.753304 0.942731 0.744493 0.942731 0.726872 0.947137 0.722467 0.947137 0.704846 0.951542 0.700441 0.947137 0.678414 0.942731 0.674009 0.920705 0.669604 0.907489 0.660793 0.911894 0.638767
0 0.330396 0.629956 0.325991 0.625551 0.312775 0.625551 0.308370 0.629956 0.308370 0.634361 0.303965 0.638767 0.303965 0.647577 0.290749 0.660793 0.290749 0.665198 0.281938 0.674009 0.277533 0.674009 0.273128 0.678414 0.268722 0.674009 0.264317 0.674009 0.255507 0.665198 0.251101 0.665198 0.246696 0.660793 0.242291 0.665198 0.237885 0.660793 0.233480 0.660793 0.229075 0.656388 0.224670 0.656388 0.220264 0.651982 0.211454 0.651982 0.207048 0.656388 0.207048 0.660793 0.211454 0.665198 0.224670 0.665198 0.229075 0.669604 0.233480 0.669604 0.251101 0.687225 0.255507 0.687225 0.259912 0.691630 0.277533 0.691630 0.281938 0.696035 0.286344 0.696035 0.290749 0.700441 0.290749 0.709251 0.286344 0.713656 0.286344 0.722467 0.299559 0.735683 0.308370 0.726872 0.308370 0.722467 0.303965 0.718062 0.303965 0.713656 0.290749 0.700441 0.290749 0.691630 0.308370 0.674009 0.308370 0.665198 0.317181 0.656388 0.317181 0.651982 0.330396 0.638767
0 0.171806 0.590308 0.167401 0.585903 0.162996 0.585903 0.149780 0.599119 0.149780 0.603524 0.145374 0.607930 0.145374 0.612335 0.140969 0.616740 0.136564 0.616740 0.132159 0.621145 0.114537 0.621145 0.105727 0.629956 0.105727 0.634361 0.110132 0.638767 0.118943 0.638767 0.123348 0.634361 0.132159 0.634361 0.136564 0.629956 0.140969 0.629956 0.145374 0.625551 0.149780 0.629956 0.158590 0.629956 0.167401 0.621145 0.167401 0.603524 0.171806 0.599119
0 0.352423 0.563877 0.339207 0.577093 0.339207 0.585903 0.343612 0.590308 0.356828 0.590308 0.361233 0.594714 0.370044 0.594714 0.374449 0.590308 0.374449 0.572687 0.365639 0.563877
0 0.136564 0.568282 0.132159 0.563877 0.118943 0.563877 0.114537 0.568282 0.110132 0.568282 0.096916 0.581498 0.096916 0.585903 0.101322 0.590308 0.105727 0.585903 0.127753 0.585903 0.136564 0.577093
0 0.295154 0.599119 0.290749 0.594714 0.281938 0.594714 0.277533 0.590308 0.273128 0.590308 0.268722 0.594714 0.264317 0.590308 0.259912 0.590308 0.255507 0.585903 0.255507 0.577093 0.259912 0.572687 0.259912 0.555066 0.251101 0.546256 0.242291 0.555066 0.246696 0.559471 0.246696 0.568282 0.251101 0.572687 0.251101 0.581498 0.246696 0.585903 0.242291 0.585903 0.237885 0.590308 0.233480 0.590308 0.229075 0.594714 0.224670 0.594714 0.220264 0.599119 0.215859 0.599119 0.211454 0.603524 0.198238 0.603524 0.193833 0.607930 0.193833 0.621145 0.198238 0.625551 0.211454 0.625551 0.215859 0.621145 0.220264 0.621145 0.224670 0.616740 0.233480 0.616740 0.237885 0.612335 0.246696 0.612335 0.251101 0.607930 0.251101 0.603524 0.255507 0.599119 0.259912 0.599119 0.264317 0.594714 0.268722 0.594714 0.273128 0.599119 0.277533 0.599119 0.281938 0.603524 0.290749 0.603524
0 0.995595 0.541850 0.986784 0.541850 0.982379 0.546256 0.960352 0.546256 0.951542 0.555066 0.951542 0.559471 0.942731 0.568282 0.938326 0.568282 0.933921 0.572687 0.947137 0.585903 0.960352 0.585903 0.964758 0.590308 0.969163 0.590308 0.969163 0.585903 0.977974 0.577093 0.982379 0.577093 0.986784 0.572687 0.995595 0.572687
0 0.189427 0.524229 0.180617 0.515419 0.158590 0.515419 0.154185 0.519824 0.149780 0.519824 0.145374 0.524229 0.127753 0.524229 0.123348 0.519824 0.101322 0.519824 0.096916 0.524229 0.096916 0.528634 0.101322 0.533040 0.118943 0.533040 0.123348 0.537445 0.158590 0.537445 0.162996 0.533040 0.171806 0.533040 0.176211 0.528634 0.185022 0.528634
0 0.321586 0.511013 0.312775 0.502203 0.308370 0.502203 0.295154 0.515419 0.290749 0.515419 0.286344 0.519824 0.277533 0.519824 0.273128 0.524229 0.277533 0.528634 0.290749 0.528634 0.295154 0.533040 0.299559 0.533040 0.303965 0.537445 0.308370 0.533040 0.312775 0.533040 0.317181 0.528634 0.317181 0.519824 0.321586 0.515419
0 0.277533 0.475771 0.268722 0.466960 0.259912 0.466960 0.255507 0.471366 0.255507 0.480176 0.251101 0.484582 0.251101 0.493392 0.246696 0.497797 0.242291 0.497797 0.237885 0.502203 0.233480 0.502203 0.220264 0.515419 0.224670 0.519824 0.246696 0.519824 0.251101 0.515419 0.255507 0.515419 0.255507 0.506608 0.251101 0.502203 0.251101 0.493392 0.255507 0.488987 0.259912 0.488987 0.264317 0.484582 0.268722 0.484582
0 0.409692 0.484582 0.418502 0.493392 0.431718 0.480176 0.436123 0.480176 0.440529 0.475771 0.444934 0.475771 0.449339 0.480176 0.453745 0.480176 0.458150 0.484582 0.466960 0.475771 0.466960 0.471366 0.462555 0.471366 0.458150 0.466960 0.444934 0.466960 0.440529 0.462555 0.431718 0.462555 0.427313 0.466960 0.422908 0.466960 0.418502 0.471366 0.414097 0.471366 0.409692 0.475771
0 0.052863 0.471366 0.052863 0.480176 0.057269 0.484582 0.083700 0.484582 0.088106 0.480176 0.096916 0.480176 0.101322 0.484582 0.105727 0.480176 0.123348 0.480176 0.127753 0.475771 0.136564 0.475771 0.140969 0.480176 0.145374 0.480176 0.158590 0.493392 0.162996 0.488987 0.145374 0.471366 0.140969 0.475771 0.132159 0.475771 0.127753 0.471366 0.123348 0.471366 0.118943 0.466960 0.114537 0.466960 0.110132 0.462555 0.096916 0.462555 0.092511 0.466960 0.057269 0.466960
0 0.621145 0.484582 0.599119 0.462555 0.590308 0.462555 0.585903 0.458150 0.581498 0.458150 0.577093 0.453745 0.572687 0.453745 0.568282 0.449339 0.550661 0.449339 0.533040 0.466960 0.533040 0.497797 0.528634 0.502203 0.524229 0.502203 0.519824 0.506608 0.515419 0.506608 0.511013 0.511013 0.511013 0.515419 0.506608 0.519824 0.506608 0.528634 0.497797 0.537445 0.493392 0.537445 0.488987 0.541850 0.484582 0.537445 0.475771 0.546256 0.475771 0.559471 0.480176 0.563877 0.480176 0.577093 0.475771 0.581498 0.475771 0.590308 0.480176 0.594714 0.497797 0.577093 0.502203 0.577093 0.497797 0.577093 0.493392 0.572687 0.493392 0.555066 0.502203 0.546256 0.506608 0.546256 0.511013 0.541850 0.519824 0.541850 0.524229 0.537445 0.519824 0.533040 0.519824 0.524229 0.524229 0.519824 0.528634 0.519824 0.533040 0.515419 0.541850 0.515419 0.546256 0.511013 0.546256 0.502203 0.541850 0.497797 0.541850 0.484582 0.555066 0.471366 0.559471 0.471366 0.563877 0.466960 0.568282 0.471366 0.572687 0.471366 0.577093 0.475771 0.577093 0.480176 0.581498 0.484582 0.603524 0.484582 0.607930 0.488987 0.616740 0.488987
0 0.995595 0.427313 0.942731 0.449339 0.929515 0.449339 0.885463 0.493392 0.863436 0.502203 0.850220 0.515419 0.788546 0.550661 0.744493 0.585903 0.726872 0.590308 0.700441 0.612335 0.687225 0.603524 0.691630 0.581498 0.678414 0.577093 0.665198 0.599119 0.678414 0.607930 0.678414 0.621145 0.651982 0.634361 0.634361 0.651982 0.607930 0.660793 0.581498 0.682819 0.568282 0.687225 0.546256 0.718062 0.550661 0.722467 0.555066 0.718062 0.568282 0.722467 0.581498 0.753304 0.594714 0.744493 0.594714 0.726872 0.577093 0.718062 0.577093 0.704846 0.599119 0.678414 0.621145 0.665198 0.634361 0.665198 0.656388 0.643172 0.713656 0.616740 0.726872 0.603524 0.823789 0.541850 0.841410 0.550661 0.841410 0.568282 0.828194 0.581498 0.845815 0.594714 0.850220 0.616740 0.828194 0.629956 0.845815 0.634361 0.872247 0.599119 0.881057 0.594714 0.898678 0.599119 0.907489 0.581498 0.903084 0.577093 0.885463 0.581498 0.867841 0.594714 0.850220 0.581498 0.850220 0.563877 0.859031 0.550661 0.845815 0.537445 0.845815 0.528634 0.907489 0.488987 0.929515 0.462555 0.947137 0.453745 0.960352 0.458150 0.991189 0.440529
0 0.061674 0.427313 0.070485 0.436123 0.083700 0.436123 0.088106 0.431718 0.101322 0.431718 0.105727 0.436123 0.110132 0.436123 0.114537 0.431718 0.114537 0.422908 0.110132 0.418502 0.101322 0.418502 0.096916 0.422908 0.092511 0.422908 0.088106 0.418502 0.083700 0.418502 0.079295 0.414097 0.070485 0.414097 0.066079 0.418502 0.066079 0.422908
0 0.229075 0.387665 0.215859 0.387665 0.211454 0.392070 0.211454 0.418502 0.198238 0.431718 0.202643 0.436123 0.211454 0.436123 0.220264 0.427313 0.224670 0.427313 0.229075 0.422908 0.233480 0.422908 0.242291 0.414097 0.242291 0.409692 0.237885 0.405286 0.237885 0.400881 0.233480 0.396476 0.233480 0.392070
0 0.634361 0.383260 0.629956 0.387665 0.625551 0.387665 0.621145 0.392070 0.625551 0.392070 0.629956 0.396476 0.629956 0.405286 0.638767 0.414097 0.638767 0.427313 0.634361 0.431718 0.634361 0.436123 0.638767 0.440529 0.638767 0.449339 0.643172 0.453745 0.647577 0.449339 0.651982 0.449339 0.656388 0.444934 0.660793 0.444934 0.665198 0.440529 0.669604 0.440529 0.674009 0.436123 0.660793 0.422908 0.656388 0.422908 0.651982 0.418502 0.647577 0.418502 0.643172 0.414097 0.643172 0.400881 0.647577 0.396476 0.651982 0.396476 0.647577 0.392070 0.643172 0.392070
0 0.933921 0.396476 0.938326 0.400881 0.942731 0.396476 0.947137 0.396476 0.951542 0.392070 0.973568 0.392070 0.977974 0.387665 0.973568 0.383260 0.960352 0.383260 0.955947 0.378855 0.947137 0.378855 0.942731 0.383260 0.938326 0.383260 0.933921 0.387665
0 0.140969 0.361233 0.132159 0.370044 0.132159 0.378855 0.136564 0.383260 0.136564 0.387665 0.145374 0.396476 0.149780 0.396476 0.154185 0.400881 0.158590 0.400881 0.162996 0.405286 0.176211 0.405286 0.180617 0.400881 0.176211 0.396476 0.171806 0.396476 0.167401 0.392070 0.162996 0.392070 0.158590 0.387665 0.158590 0.370044 0.149780 0.361233
0 0.422908 0.409692 0.414097 0.400881 0.414097 0.396476 0.405286 0.387665 0.400881 0.392070 0.396476 0.387665 0.392070 0.387665 0.387665 0.383260 0.383260 0.383260 0.378855 0.387665 0.370044 0.387665 0.365639 0.383260 0.361233 0.383260 0.356828 0.378855 0.356828 0.361233 0.352423 0.356828 0.343612 0.356828 0.339207 0.361233 0.339207 0.365639 0.352423 0.378855 0.356828 0.378855 0.365639 0.387665 0.365639 0.400881 0.361233 0.405286 0.356828 0.405286 0.352423 0.409692 0.334802 0.409692 0.317181 0.427313 0.312775 0.427313 0.308370 0.431718 0.303965 0.431718 0.299559 0.427313 0.295154 0.427313 0.290749 0.422908 0.273128 0.422908 0.268722 0.427313 0.268722 0.431718 0.277533 0.440529 0.295154 0.440529 0.299559 0.444934 0.303965 0.444934 0.312775 0.453745 0.317181 0.449339 0.321586 0.449339 0.339207 0.431718 0.343612 0.431718 0.348018 0.427313 0.361233 0.427313 0.365639 0.422908 0.365639 0.414097 0.374449 0.405286 0.378855 0.405286 0.383260 0.400881 0.392070 0.400881 0.396476 0.405286 0.400881 0.405286 0.409692 0.414097 0.418502 0.414097
0 0.612335 0.348018 0.612335 0.356828 0.616740 0.361233 0.625551 0.361233 0.629956 0.356828 0.634361 0.356828 0.638767 0.352423 0.643172 0.356828 0.656388 0.356828 0.660793 0.361233 0.665198 0.361233 0.674009 0.370044 0.674009 0.378855 0.669604 0.383260 0.669604 0.387665 0.665198 0.392070 0.660793 0.392070 0.660793 0.396476 0.665198 0.396476 0.674009 0.405286 0.678414 0.405286 0.682819 0.400881 0.682819 0.387665 0.674009 0.378855 0.674009 0.365639 0.682819 0.356828 0.687225 0.356828 0.691630 0.352423 0.691630 0.343612 0.687225 0.339207 0.674009 0.339207 0.669604 0.343612 0.647577 0.343612 0.643172 0.339207 0.638767 0.343612 0.616740 0.343612
0 0.444934 0.383260 0.444934 0.387665 0.449339 0.392070 0.453745 0.392070 0.458150 0.387665 0.466960 0.387665 0.471366 0.392070 0.480176 0.392070 0.484582 0.387665 0.488987 0.392070 0.493392 0.392070 0.497797 0.396476 0.497797 0.405286 0.506608 0.414097 0.511013 0.414097 0.515419 0.418502 0.524229 0.418502 0.533040 0.409692 0.533040 0.405286 0.537445 0.400881 0.541850 0.400881 0.546256 0.396476 0.550661 0.400881 0.585903 0.400881 0.590308 0.396476 0.599119 0.396476 0.603524 0.392070 0.607930 0.392070 0.612335 0.387665 0.607930 0.387665 0.603524 0.383260 0.590308 0.383260 0.585903 0.378855 0.577093 0.378855 0.572687 0.374449 0.568282 0.378855 0.563877 0.378855 0.546256 0.396476 0.541850 0.396476 0.537445 0.400881 0.533040 0.396476 0.528634 0.396476 0.524229 0.392070 0.502203 0.392070 0.497797 0.396476 0.493392 0.392070 0.488987 0.392070 0.484582 0.387665 0.484582 0.378855 0.488987 0.374449 0.484582 0.370044 0.484582 0.361233 0.493392 0.352423 0.497797 0.352423 0.502203 0.348018 0.497797 0.343612 0.493392 0.343612 0.488987 0.339207 0.480176 0.339207 0.475771 0.343612 0.475771 0.348018 0.471366 0.352423 0.471366 0.365639 0.466960 0.370044 0.462555 0.370044 0.458150 0.374449 0.453745 0.374449
0 0.035242 0.343612 0.035242 0.356828 0.039648 0.361233 0.070485 0.361233 0.074890 0.365639 0.083700 0.365639 0.088106 0.361233 0.088106 0.356828 0.079295 0.348018 0.074890 0.352423 0.070485 0.352423 0.066079 0.348018 0.061674 0.348018 0.052863 0.339207 0.048458 0.339207 0.044053 0.334802
0 0.933921 0.321586 0.929515 0.317181 0.916300 0.339207 0.828194 0.409692 0.801762 0.422908 0.779736 0.418502 0.757709 0.453745 0.647577 0.515419 0.594714 0.563877 0.563877 0.572687 0.524229 0.612335 0.466960 0.638767 0.453745 0.634361 0.440529 0.660793 0.400881 0.687225 0.378855 0.748899 0.361233 0.748899 0.348018 0.731278 0.264317 0.792952 0.215859 0.801762 0.198238 0.823789 0.162996 0.837004 0.149780 0.828194 0.158590 0.797357 0.132159 0.797357 0.110132 0.779736 0.074890 0.784141 0.066079 0.797357 0.074890 0.801762 0.132159 0.797357 0.136564 0.819383 0.114537 0.863436 0.074890 0.889868 0.057269 0.881057 0.048458 0.859031 0.030837 0.854626 0.017621 0.867841 0.035242 0.881057 0.035242 0.894273 0.000000 0.916300 0.000000 0.951542 0.083700 0.920705 0.092511 0.907489 0.088106 0.894273 0.101322 0.885463 0.132159 0.898678 0.145374 0.894273 0.149780 0.876652 0.140969 0.859031 0.171806 0.841410 0.189427 0.854626 0.193833 0.837004 0.229075 0.806167 0.264317 0.801762 0.290749 0.823789 0.321586 0.797357 0.312775 0.779736 0.321586 0.762115 0.339207 0.762115 0.352423 0.779736 0.506608 0.647577 0.546256 0.647577 0.555066 0.621145 0.572687 0.621145 0.590308 0.594714 0.638767 0.572687 0.660793 0.541850 0.696035 0.537445 0.726872 0.502203 0.766520 0.484582 0.762115 0.462555 0.775330 0.444934 0.828194 0.444934 0.841410 0.431718 0.837004 0.414097 0.881057 0.383260
0 0.246696 0.321586 0.255507 0.330396 0.273128 0.330396 0.277533 0.334802 0.281938 0.334802 0.286344 0.339207 0.295154 0.339207 0.299559 0.343612 0.303965 0.339207 0.308370 0.343612 0.312775 0.343612 0.317181 0.339207 0.317181 0.325991 0.312775 0.325991 0.308370 0.330396 0.303965 0.325991 0.299559 0.325991 0.295154 0.321586 0.290749 0.325991 0.286344 0.321586 0.281938 0.321586 0.277533 0.317181 0.277533 0.312775 0.268722 0.303965 0.264317 0.303965 0.259912 0.308370 0.255507 0.308370 0.251101 0.312775 0.251101 0.317181
0 0.352423 0.286344 0.348018 0.281938 0.343612 0.281938 0.334802 0.290749 0.330396 0.290749 0.325991 0.295154 0.321586 0.295154 0.312775 0.303965 0.321586 0.312775 0.325991 0.312775
0 0.140969 0.295154 0.145374 0.299559 0.145374 0.303965 0.149780 0.308370 0.158590 0.308370 0.162996 0.303965 0.167401 0.303965 0.176211 0.295154 0.176211 0.290749 0.167401 0.281938 0.149780 0.281938 0.145374 0.286344 0.145374 0.290749
0 0.766520 0.286344 0.766520 0.290749 0.762115 0.295154 0.762115 0.312775 0.770925 0.321586 0.770925 0.325991 0.779736 0.334802 0.784141 0.330396 0.784141 0.321586 0.788546 0.317181 0.788546 0.312775 0.792952 0.308370 0.797357 0.308370 0.801762 0.303965 0.806167 0.308370 0.810573 0.308370 0.814978 0.312775 0.814978 0.321586 0.823789 0.330396 0.823789 0.352423 0.828194 0.356828 0.845815 0.356828 0.850220 0.361233 0.859031 0.352423 0.859031 0.348018 0.845815 0.334802 0.841410 0.334802 0.837004 0.330396 0.832599 0.330396 0.828194 0.325991 0.828194 0.312775 0.819383 0.303965 0.814978 0.308370 0.810573 0.303965 0.806167 0.303965 0.801762 0.299559 0.801762 0.295154 0.788546 0.281938 0.784141 0.281938 0.779736 0.277533 0.775330 0.281938 0.770925 0.281938
0 0.678414 0.277533 0.669604 0.286344 0.669604 0.290749 0.665198 0.295154 0.665198 0.299559 0.669604 0.303965 0.678414 0.303965 0.682819 0.299559 0.691630 0.299559 0.696035 0.295154 0.700441 0.295154 0.704846 0.299559 0.709251 0.299559 0.713656 0.303965 0.713656 0.330396 0.718062 0.334802 0.726872 0.334802 0.731278 0.330396 0.731278 0.321586 0.726872 0.317181 0.726872 0.312775 0.722467 0.308370 0.718062 0.308370 0.713656 0.303965 0.713656 0.295154 0.718062 0.290749 0.718062 0.286344 0.713656 0.281938 0.709251 0.281938 0.704846 0.277533 0.700441 0.277533 0.696035 0.281938 0.682819 0.281938
0 0.828194 0.268722 0.828194 0.273128 0.832599 0.277533 0.841410 0.277533 0.845815 0.281938 0.850220 0.281938 0.859031 0.290749 0.859031 0.295154 0.872247 0.308370 0.876652 0.308370 0.881057 0.303965 0.889868 0.303965 0.894273 0.299559 0.894273 0.295154 0.889868 0.290749 0.872247 0.290749 0.867841 0.286344 0.863436 0.286344 0.845815 0.268722 0.845815 0.264317 0.841410 0.259912 0.837004 0.259912
0 0.581498 0.259912 0.581498 0.264317 0.577093 0.268722 0.577093 0.277533 0.572687 0.281938 0.572687 0.286344 0.568282 0.290749 0.577093 0.299559 0.581498 0.299559 0.585903 0.303965 0.594714 0.303965 0.599119 0.299559 0.599119 0.295154 0.594714 0.290749 0.594714 0.268722 0.590308 0.264317 0.585903 0.264317
0 0.207048 0.259912 0.211454 0.264317 0.215859 0.264317 0.224670 0.273128 0.233480 0.273128 0.242291 0.264317 0.242291 0.259912 0.233480 0.251101 0.224670 0.251101 0.220264 0.255507 0.215859 0.251101
0 0.118943 0.229075 0.110132 0.220264 0.105727 0.220264 0.101322 0.215859 0.092511 0.215859 0.088106 0.220264 0.074890 0.220264 0.070485 0.224670 0.066079 0.224670 0.061674 0.229075 0.052863 0.229075 0.048458 0.233480 0.044053 0.229075 0.030837 0.242291 0.030837 0.246696 0.035242 0.251101 0.039648 0.251101 0.044053 0.246696 0.057269 0.246696 0.061674 0.242291 0.066079 0.242291 0.070485 0.237885 0.079295 0.237885 0.083700 0.233480 0.114537 0.233480
0 0.555066 0.211454 0.550661 0.215859 0.550661 0.224670 0.559471 0.233480 0.559471 0.237885 0.572687 0.251101 0.577093 0.251101 0.577093 0.237885 0.581498 0.233480 0.577093 0.229075 0.577093 0.220264 0.568282 0.211454
0 0.995595 0.202643 0.991189 0.207048 0.977974 0.207048 0.973568 0.202643 0.969163 0.202643 0.955947 0.215859 0.951542 0.215859 0.947137 0.220264 0.942731 0.220264 0.938326 0.215859 0.925110 0.215859 0.920705 0.220264 0.920705 0.233480 0.925110 0.237885 0.925110 0.255507 0.916300 0.264317 0.916300 0.273128 0.925110 0.281938 0.929515 0.281938 0.933921 0.277533 0.933921 0.268722 0.938326 0.264317 0.938326 0.259912 0.933921 0.255507 0.933921 0.246696 0.947137 0.233480 0.947137 0.224670 0.951542 0.220264 0.955947 0.220264 0.960352 0.215859 0.964758 0.220264 0.986784 0.220264 0.991189 0.224670 0.995595 0.224670
0 0.885463 0.198238 0.876652 0.207048 0.872247 0.207048 0.863436 0.215859 0.863436 0.233480 0.867841 0.237885 0.876652 0.237885 0.881057 0.242291 0.889868 0.233480 0.889868 0.220264 0.885463 0.215859 0.885463 0.207048 0.889868 0.202643
0 0.770925 0.198238 0.757709 0.211454 0.757709 0.215859 0.775330 0.233480 0.779736 0.233480 0.788546 0.224670 0.788546 0.215859
0 0.621145 0.246696 0.629956 0.255507 0.634361 0.255507 0.638767 0.259912 0.643172 0.255507 0.656388 0.255507 0.660793 0.259912 0.665198 0.255507 0.656388 0.246696 0.656388 0.242291 0.651982 0.237885 0.651982 0.229075 0.656388 0.224670 0.660793 0.224670 0.669604 0.215859 0.674009 0.215859 0.678414 0.211454 0.682819 0.211454 0.687225 0.215859 0.691630 0.215859 0.696035 0.220264 0.696035 0.233480 0.691630 0.237885 0.691630 0.251101 0.700441 0.259912 0.709251 0.259912 0.713656 0.255507 0.713656 0.251101 0.718062 0.246696 0.718062 0.237885 0.722467 0.233480 0.722467 0.229075 0.713656 0.220264 0.704846 0.220264 0.700441 0.215859 0.696035 0.215859 0.691630 0.211454 0.691630 0.202643 0.687225 0.198238 0.674009 0.198238 0.669604 0.193833 0.660793 0.193833 0.651982 0.202643 0.647577 0.202643 0.647577 0.229075 0.643172 0.233480 0.638767 0.233480 0.634361 0.237885 0.629956 0.237885
0 0.281938 0.189427 0.259912 0.189427 0.255507 0.193833 0.251101 0.193833 0.246696 0.198238 0.246696 0.202643 0.242291 0.207048 0.237885 0.207048 0.237885 0.211454 0.242291 0.211454 0.246696 0.215859 0.246696 0.229075 0.251101 0.233480 0.255507 0.233480 0.259912 0.229075 0.255507 0.224670 0.255507 0.211454 0.259912 0.207048 0.264317 0.207048 0.268722 0.202643 0.273128 0.202643 0.277533 0.198238 0.281938 0.198238 0.286344 0.193833
0 0.506608 0.185022 0.502203 0.189427 0.502203 0.193833 0.484582 0.211454 0.480176 0.211454 0.475771 0.215859 0.475771 0.224670 0.480176 0.229075 0.480176 0.242291 0.475771 0.246696 0.475771 0.251101 0.462555 0.264317 0.458150 0.264317 0.453745 0.268722 0.453745 0.273128 0.462555 0.281938 0.466960 0.281938 0.480176 0.268722 0.484582 0.268722 0.488987 0.264317 0.493392 0.264317 0.497797 0.268722 0.502203 0.268722 0.506608 0.273128 0.506608 0.286344 0.515419 0.295154 0.528634 0.295154 0.533040 0.290749 0.533040 0.281938 0.519824 0.268722 0.511013 0.268722 0.506608 0.273128 0.502203 0.268722 0.497797 0.268722 0.493392 0.264317 0.493392 0.255507 0.497797 0.251101 0.497797 0.246696 0.502203 0.242291 0.502203 0.237885 0.497797 0.233480 0.497797 0.220264 0.511013 0.207048 0.511013 0.202643 0.515419 0.198238 0.515419 0.189427 0.511013 0.185022
0 0.603524 0.167401 0.599119 0.171806 0.599119 0.176211 0.607930 0.185022 0.607930 0.198238 0.612335 0.202643 0.625551 0.202643 0.629956 0.198238 0.629956 0.189427 0.621145 0.180617 0.616740 0.180617
0 0.960352 0.162996 0.964758 0.167401 0.969163 0.167401 0.973568 0.171806 0.977974 0.171806 0.986784 0.180617 0.991189 0.180617 0.995595 0.185022 0.995595 0.162996 0.991189 0.158590 0.986784 0.158590 0.982379 0.154185 0.977974 0.154185 0.973568 0.158590 0.964758 0.158590
0 0.916300 0.140969 0.907489 0.140969 0.903084 0.145374 0.903084 0.167401 0.898678 0.171806 0.898678 0.176211 0.903084 0.180617 0.907489 0.176211 0.911894 0.176211 0.916300 0.171806 0.925110 0.171806 0.929515 0.167401 0.929515 0.158590 0.920705 0.149780 0.920705 0.145374
0 0.374449 0.140969 0.370044 0.145374 0.365639 0.140969 0.361233 0.145374 0.361233 0.154185 0.339207 0.176211 0.334802 0.176211 0.330396 0.180617 0.330396 0.185022 0.334802 0.189427 0.352423 0.189427 0.356828 0.185022 0.361233 0.185022 0.370044 0.176211 0.370044 0.171806 0.374449 0.167401 0.374449 0.162996 0.378855 0.158590 0.378855 0.145374
0 0.180617 0.140969 0.171806 0.140969 0.149780 0.162996 0.162996 0.176211 0.162996 0.189427 0.171806 0.198238 0.180617 0.189427 0.176211 0.185022 0.176211 0.167401 0.180617 0.162996 0.180617 0.158590 0.185022 0.154185 0.185022 0.145374
0 0.515419 0.149780 0.519824 0.154185 0.519824 0.158590 0.524229 0.162996 0.537445 0.162996 0.541850 0.158590 0.546256 0.158590 0.550661 0.162996 0.555066 0.162996 0.559471 0.167401 0.568282 0.167401 0.577093 0.158590 0.577093 0.154185 0.572687 0.149780 0.559471 0.149780 0.555066 0.145374 0.550661 0.145374 0.546256 0.140969 0.541850 0.140969 0.537445 0.136564 0.533040 0.136564 0.528634 0.140969 0.524229 0.140969
0 0.872247 0.136564 0.867841 0.132159 0.859031 0.132159 0.854626 0.127753 0.850220 0.127753 0.845815 0.123348 0.841410 0.123348 0.832599 0.132159 0.828194 0.132159 0.819383 0.140969 0.819383 0.145374 0.814978 0.149780 0.819383 0.154185 0.823789 0.149780 0.828194 0.154185 0.837004 0.154185 0.841410 0.149780 0.845815 0.149780 0.850220 0.145374 0.859031 0.145374 0.863436 0.149780 0.872247 0.140969
0 0.577093 0.114537 0.577093 0.118943 0.581498 0.123348 0.585903 0.123348 0.590308 0.127753 0.603524 0.127753 0.607930 0.123348 0.612335 0.123348 0.616740 0.127753 0.629956 0.127753 0.638767 0.118943 0.643172 0.118943 0.647577 0.114537 0.651982 0.118943 0.656388 0.118943 0.674009 0.136564 0.696035 0.136564 0.700441 0.140969 0.704846 0.140969 0.713656 0.149780 0.713656 0.158590 0.709251 0.162996 0.709251 0.167401 0.713656 0.171806 0.722467 0.162996 0.726872 0.162996 0.731278 0.158590 0.735683 0.158590 0.740088 0.154185 0.740088 0.149780 0.744493 0.145374 0.748899 0.145374 0.753304 0.140969 0.757709 0.145374 0.766520 0.136564 0.757709 0.127753 0.753304 0.132159 0.753304 0.136564 0.748899 0.140969 0.744493 0.140969 0.740088 0.145374 0.735683 0.140969 0.731278 0.140969 0.726872 0.136564 0.722467 0.136564 0.713656 0.127753 0.713656 0.123348 0.704846 0.114537 0.696035 0.114537 0.691630 0.118943 0.678414 0.118943 0.674009 0.114537 0.660793 0.114537 0.656388 0.118943 0.651982 0.114537 0.647577 0.114537 0.638767 0.105727 0.634361 0.105727 0.629956 0.110132 0.621145 0.110132 0.616740 0.114537 0.612335 0.114537 0.607930 0.110132 0.603524 0.110132 0.599119 0.105727 0.585903 0.105727
0 0.035242 0.114537 0.026432 0.105727 0.022026 0.110132 0.000000 0.110132 0.000000 0.132159 0.004405 0.132159 0.008811 0.127753 0.013216 0.127753 0.017621 0.123348 0.030837 0.123348 0.035242 0.118943
0 0.933921 0.114537 0.938326 0.118943 0.955947 0.118943 0.960352 0.114537 0.973568 0.114537 0.977974 0.118943 0.982379 0.118943 0.986784 0.123348 0.986784 0.127753 0.991189 0.132159 0.995595 0.127753 0.995595 0.114537 0.991189 0.114537 0.986784 0.110132 0.982379 0.110132 0.964758 0.092511 0.955947 0.092511 0.951542 0.096916 0.947137 0.096916 0.938326 0.105727 0.938326 0.110132
0 0.290749 0.083700 0.281938 0.092511 0.290749 0.101322 0.290749 0.110132 0.281938 0.118943 0.281938 0.123348 0.273128 0.132159 0.273128 0.136564 0.268722 0.140969 0.264317 0.140969 0.255507 0.149780 0.255507 0.154185 0.259912 0.158590 0.268722 0.149780 0.273128 0.149780 0.277533 0.145374 0.286344 0.145374 0.299559 0.132159 0.299559 0.127753 0.303965 0.123348 0.303965 0.114537 0.295154 0.105727 0.295154 0.088106
0 0.757709 0.074890 0.753304 0.079295 0.748899 0.079295 0.744493 0.083700 0.744493 0.092511 0.762115 0.110132 0.766520 0.105727 0.766520 0.101322 0.770925 0.096916 0.770925 0.083700 0.762115 0.074890
0 0.427313 0.061674 0.422908 0.061674 0.418502 0.066079 0.418502 0.070485 0.400881 0.088106 0.400881 0.092511 0.405286 0.096916 0.414097 0.096916 0.431718 0.079295 0.431718 0.074890 0.436123 0.070485
0 0.555066 0.057269 0.550661 0.052863 0.537445 0.052863 0.528634 0.061674 0.528634 0.066079 0.524229 0.070485 0.519824 0.070485 0.515419 0.074890 0.511013 0.074890 0.506608 0.079295 0.506608 0.083700 0.502203 0.088106 0.497797 0.088106 0.493392 0.092511 0.502203 0.101322 0.519824 0.083700 0.524229 0.083700 0.528634 0.079295 0.537445 0.079295 0.541850 0.074890 0.546256 0.074890 0.555066 0.066079
0 0.378855 0.061674 0.374449 0.057269 0.374449 0.052863 0.370044 0.048458 0.361233 0.048458 0.356828 0.052863 0.352423 0.052863 0.348018 0.057269 0.339207 0.057269 0.325991 0.070485 0.330396 0.074890 0.343612 0.074890 0.348018 0.070485 0.352423 0.070485 0.356828 0.074890 0.370044 0.074890 0.378855 0.066079
0 0.110132 0.048458 0.101322 0.057269 0.101322 0.061674 0.105727 0.066079 0.105727 0.079295 0.088106 0.096916 0.083700 0.096916 0.079295 0.101322 0.070485 0.101322 0.066079 0.105727 0.079295 0.118943 0.083700 0.114537 0.092511 0.114537 0.096916 0.110132 0.101322 0.110132 0.105727 0.105727 0.105727 0.101322 0.110132 0.096916 0.110132 0.083700 0.118943 0.074890 0.118943 0.070485 0.123348 0.066079 0.123348 0.061674
0 0.180617 0.030837 0.176211 0.035242 0.176211 0.039648 0.171806 0.044053 0.171806 0.048458 0.180617 0.057269 0.185022 0.057269 0.193833 0.066079 0.198238 0.066079 0.202643 0.061674 0.207048 0.061674 0.211454 0.057269 0.211454 0.052863 0.189427 0.030837
0 0.660793 0.017621 0.656388 0.017621 0.638767 0.035242 0.638767 0.070485 0.643172 0.074890 0.643172 0.083700 0.647577 0.088106 0.651982 0.088106 0.656388 0.083700 0.656388 0.079295 0.651982 0.074890 0.651982 0.044053 0.665198 0.030837 0.665198 0.022026
0 0.960352 0.013216 0.955947 0.013216 0.942731 0.022026 0.938326 0.017621 0.933921 0.022026 0.929515 0.022026 0.916300 0.013216 0.916300 0.000000 0.876652 0.000000 0.876652 0.013216 0.863436 0.026432 0.863436 0.030837 0.859031 0.035242 0.854626 0.035242 0.850220 0.039648 0.845815 0.039648 0.841410 0.035242 0.810573 0.035242 0.801762 0.044053 0.801762 0.048458 0.792952 0.061674 0.801762 0.070485 0.810573 0.070485 0.828194 0.052863 0.832599 0.052863 0.845815 0.039648 0.850220 0.039648 0.854626 0.035242 0.867841 0.039648 0.876652 0.048458 0.876652 0.057269 0.859031 0.074890 0.845815 0.079295 0.837004 0.088106 0.837004 0.092511 0.841410 0.096916 0.850220 0.096916 0.863436 0.088106 0.876652 0.092511 0.889868 0.105727 0.889868 0.118943 0.894273 0.123348 0.907489 0.114537 0.903084 0.110132 0.903084 0.096916 0.898678 0.092511 0.894273 0.092511 0.881057 0.083700 0.881057 0.070485 0.876652 0.066079 0.876652 0.057269 0.881057 0.052863 0.885463 0.052863 0.898678 0.039648 0.903084 0.039648 0.907489 0.035242 0.911894 0.035242 0.916300 0.039648 0.933921 0.039648 0.947137 0.026432 0.951542 0.026432 0.955947 0.022026 0.960352 0.022026 0.964758 0.026432 0.969163 0.022026
0 0.414097 0.000000 0.414097 0.008811 0.409692 0.013216 0.409692 0.017621 0.414097 0.022026 0.414097 0.026432 0.418502 0.030837 0.418502 0.035242 0.427313 0.044053 0.436123 0.035242 0.436123 0.030837 0.440529 0.026432 0.440529 0.022026 0.436123 0.017621 0.436123 0.013216 0.431718 0.008811 0.431718 0.000000
0 0.035242 0.000000 0.035242 0.004405 0.044053 0.013216 0.048458 0.013216 0.052863 0.017621 0.057269 0.017621 0.061674 0.022026 0.066079 0.022026 0.070485 0.026432 0.079295 0.026432 0.083700 0.030837 0.088106 0.030837 0.092511 0.026432 0.105727 0.026432 0.110132 0.022026 0.114537 0.022026 0.118943 0.017621 0.123348 0.017621 0.132159 0.008811 0.127753 0.004405 0.127753 0.000000 0.079295 0.000000 0.079295 0.004405 0.074890 0.008811 0.070485 0.008811 0.066079 0.013216 0.061674 0.008811 0.057269 0.008811 0.052863 0.004405 0.052863 0.000000
