0 0.264317 0.947137 0.255507 0.947137 0.246696 0.955947 0.246696 0.960352 0.242291 0.964758 0.237885 0.964758 0.233480 0.969163 0.233480 0.977974 0.237885 0.982379 0.242291 0.982379 0.246696 0.977974 0.246696 0.973568 0.268722 0.951542
0 0.052863 0.942731 0.052863 0.947137 0.061674 0.955947 0.066079 0.955947 0.070485 0.960352 0.074890 0.960352 0.079295 0.964758 0.083700 0.964758 0.088106 0.969163 0.096916 0.969163 0.101322 0.973568 0.110132 0.964758 0.105727 0.960352 0.101322 0.964758 0.096916 0.960352 0.092511 0.960352 0.088106 0.955947 0.083700 0.955947 0.079295 0.951542 0.079295 0.942731 0.074890 0.938326 0.070485 0.938326 0.066079 0.933921 0.061674 0.938326 0.057269 0.938326
0 0.841410 0.929515 0.832599 0.938326 0.832599 0.973568 0.841410 0.982379 0.845815 0.982379 0.854626 0.973568 0.854626 0.960352 0.850220 0.955947 0.850220 0.938326
0 0.493392 0.916300 0.488987 0.911894 0.484582 0.916300 0.484582 0.920705 0.480176 0.925110 0.475771 0.925110 0.471366 0.929515 0.458150 0.929515 0.453745 0.933921 0.453745 0.938326 0.449339 0.942731 0.444934 0.942731 0.440529 0.947137 0.436123 0.942731 0.431718 0.942731 0.427313 0.938326 0.414097 0.938326 0.409692 0.942731 0.409692 0.951542 0.405286 0.955947 0.400881 0.955947 0.396476 0.960352 0.392070 0.955947 0.387665 0.960352 0.387665 0.964758 0.392070 0.969163 0.396476 0.969163 0.400881 0.964758 0.400881 0.960352 0.405286 0.955947 0.409692 0.955947 0.414097 0.951542 0.418502 0.955947 0.422908 0.955947 0.431718 0.964758 0.436123 0.964758 0.440529 0.960352 0.444934 0.960352 0.449339 0.955947 0.466960 0.955947 0.480176 0.942731 0.480176 0.933921 0.484582 0.929515 0.488987 0.929515 0.493392 0.925110
0 0.198238 0.881057 0.189427 0.889868 0.189427 0.903084 0.185022 0.907489 0.185022 0.920705 0.176211 0.929515 0.180617 0.933921 0.189427 0.933921 0.193833 0.929515 0.193833 0.920705 0.207048 0.907489 0.207048 0.898678 0.202643 0.894273 0.202643 0.885463
0 0.603524 0.828194 0.599119 0.832599 0.594714 0.832599 0.590308 0.837004 0.590308 0.850220 0.594714 0.854626 0.594714 0.863436 0.599119 0.867841 0.599119 0.872247 0.603524 0.876652 0.607930 0.876652 0.612335 0.872247 0.612335 0.867841 0.607930 0.863436 0.607930 0.832599
0 0.832599 0.823789 0.828194 0.828194 0.828194 0.837004 0.850220 0.859031 0.850220 0.863436 0.859031 0.872247 0.859031 0.876652 0.863436 0.881057 0.863436 0.885463 0.867841 0.889868 0.876652 0.889868 0.881057 0.885463 0.881057 0.876652 0.876652 0.872247 0.876652 0.867841 0.863436 0.854626 0.863436 0.850220 0.859031 0.845815 0.859031 0.841410 0.850220 0.832599 0.845815 0.832599 0.837004 0.823789
0 0.422908 0.837004 0.427313 0.841410 0.427313 0.845815 0.431718 0.850220 0.436123 0.850220 0.440529 0.845815 0.444934 0.845815 0.449339 0.841410 0.453745 0.841410 0.458150 0.837004 0.462555 0.841410 0.466960 0.841410 0.471366 0.837004 0.475771 0.837004 0.471366 0.837004 0.466960 0.832599 0.462555 0.832599 0.458150 0.837004 0.453745 0.832599 0.449339 0.832599 0.444934 0.828194 0.436123 0.828194 0.431718 0.823789 0.427313 0.828194 0.427313 0.832599
0 0.955947 0.806167 0.947137 0.806167 0.925110 0.828194 0.925110 0.841410 0.929515 0.845815 0.933921 0.845815 0.942731 0.854626 0.942731 0.867841 0.951542 0.876652 0.955947 0.872247 0.955947 0.867841 0.960352 0.863436 0.951542 0.854626 0.947137 0.854626 0.942731 0.850220 0.942731 0.832599 0.960352 0.814978 0.960352 0.810573
0 0.740088 0.797357 0.740088 0.801762 0.748899 0.810573 0.762115 0.810573 0.766520 0.814978 0.779736 0.814978 0.788546 0.806167 0.788546 0.797357 0.784141 0.792952 0.779736 0.792952 0.775330 0.797357 0.766520 0.797357 0.762115 0.792952 0.753304 0.792952 0.748899 0.788546
0 0.110132 0.770925 0.105727 0.766520 0.088106 0.766520 0.083700 0.770925 0.079295 0.766520 0.074890 0.766520 0.070485 0.770925 0.061674 0.770925 0.057269 0.775330 0.048458 0.775330 0.044053 0.779736 0.039648 0.775330 0.035242 0.779736 0.030837 0.779736 0.026432 0.784141 0.008811 0.784141 0.004405 0.788546 0.000000 0.788546 0.000000 0.806167 0.022026 0.806167 0.030837 0.797357 0.035242 0.797357 0.039648 0.792952 0.074890 0.792952 0.079295 0.788546 0.083700 0.788546 0.088106 0.784141 0.092511 0.784141 0.096916 0.779736 0.101322 0.779736
0 0.863436 0.757709 0.859031 0.753304 0.859031 0.748899 0.854626 0.744493 0.845815 0.744493 0.832599 0.757709 0.828194 0.757709 0.819383 0.766520 0.823789 0.770925 0.828194 0.766520 0.832599 0.770925 0.845815 0.770925 0.850220 0.766520 0.854626 0.770925 0.859031 0.766520 0.859031 0.762115
0 0.356828 0.753304 0.370044 0.766520 0.392070 0.766520 0.396476 0.762115 0.396476 0.748899 0.392070 0.744493 0.370044 0.744493 0.365639 0.748899 0.361233 0.748899
0 0.731278 0.700441 0.722467 0.700441 0.709251 0.713656 0.709251 0.718062 0.713656 0.722467 0.713656 0.726872 0.722467 0.735683 0.726872 0.735683 0.735683 0.726872 0.735683 0.722467 0.740088 0.718062 0.740088 0.709251
0 0.995595 0.682819 0.986784 0.682819 0.969163 0.700441 0.973568 0.704846 0.973568 0.713656 0.969163 0.718062 0.964758 0.718062 0.951542 0.731278 0.951542 0.744493 0.960352 0.753304 0.964758 0.753304 0.969163 0.757709 0.973568 0.753304 0.973568 0.748899 0.977974 0.744493 0.977974 0.731278 0.973568 0.726872 0.973568 0.709251 0.977974 0.704846 0.982379 0.704846 0.986784 0.700441 0.991189 0.700441 0.995595 0.696035
0 0.691630 0.669604 0.682819 0.660793 0.678414 0.660793 0.674009 0.665198 0.669604 0.665198 0.660793 0.674009 0.656388 0.674009 0.651982 0.678414 0.647577 0.674009 0.643172 0.678414 0.638767 0.678414 0.634361 0.682819 0.634361 0.687225 0.643172 0.696035 0.647577 0.691630 0.651982 0.691630 0.656388 0.696035 0.660793 0.691630 0.669604 0.691630 0.682819 0.678414 0.687225 0.678414 0.691630 0.674009
0 0.766520 0.638767 0.757709 0.647577 0.775330 0.665198 0.779736 0.665198 0.784141 0.669604 0.784141 0.691630 0.792952 0.700441 0.797357 0.700441 0.801762 0.704846 0.814978 0.704846 0.823789 0.696035 0.823789 0.691630 0.814978 0.682819 0.810573 0.682819 0.806167 0.678414 0.797357 0.678414 0.792952 0.674009 0.788546 0.674009 0.784141 0.669604 0.784141 0.660793 0.788546 0.656388 0.770925 0.638767
0 0.484582 0.585903 0.488987 0.590308 0.493392 0.590308 0.497797 0.594714 0.497797 0.599119 0.502203 0.603524 0.506608 0.603524 0.511013 0.607930 0.515419 0.607930 0.524229 0.599119 0.524229 0.590308 0.519824 0.585903 0.515419 0.590308 0.511013 0.585903 0.493392 0.585903 0.488987 0.581498
0 0.933921 0.559471 0.925110 0.559471 0.911894 0.572687 0.920705 0.581498 0.925110 0.581498 0.929515 0.585903 0.942731 0.572687 0.942731 0.568282
0 0.273128 0.528634 0.268722 0.533040 0.268722 0.541850 0.273128 0.546256 0.273128 0.585903 0.277533 0.590308 0.281938 0.590308 0.286344 0.585903 0.286344 0.581498 0.281938 0.577093 0.281938 0.555066 0.290749 0.546256 0.290749 0.537445 0.286344 0.533040 0.277533 0.533040
0 0.185022 0.480176 0.171806 0.466960 0.154185 0.484582 0.149780 0.484582 0.145374 0.488987 0.140969 0.488987 0.136564 0.484582 0.132159 0.488987 0.132159 0.493392 0.140969 0.502203 0.149780 0.493392 0.154185 0.493392 0.158590 0.488987 0.162996 0.488987 0.167401 0.493392 0.176211 0.493392 0.185022 0.484582
0 0.383260 0.449339 0.378855 0.444934 0.374449 0.444934 0.370044 0.440529 0.361233 0.449339 0.361233 0.453745 0.356828 0.458150 0.356828 0.471366 0.352423 0.475771 0.352423 0.480176 0.348018 0.484582 0.343612 0.484582 0.339207 0.488987 0.334802 0.484582 0.330396 0.488987 0.325991 0.484582 0.317181 0.484582 0.312775 0.488987 0.308370 0.488987 0.303965 0.493392 0.299559 0.493392 0.295154 0.497797 0.290749 0.497797 0.286344 0.502203 0.290749 0.506608 0.299559 0.506608 0.303965 0.502203 0.308370 0.502203 0.312775 0.497797 0.317181 0.497797 0.321586 0.502203 0.330396 0.502203 0.334802 0.497797 0.361233 0.497797 0.370044 0.488987 0.370044 0.484582 0.374449 0.480176 0.374449 0.466960 0.378855 0.462555 0.378855 0.458150 0.383260 0.453745
0 0.000000 0.436123 0.000000 0.466960 0.013216 0.466960 0.017621 0.462555 0.026432 0.462555 0.030837 0.466960 0.035242 0.466960 0.044053 0.475771 0.048458 0.471366 0.052863 0.471366 0.057269 0.475771 0.066079 0.466960 0.070485 0.466960 0.074890 0.462555 0.079295 0.462555 0.083700 0.466960 0.092511 0.466960 0.101322 0.458150 0.096916 0.453745 0.096916 0.449339 0.092511 0.444934 0.088106 0.444934 0.074890 0.458150 0.070485 0.458150 0.066079 0.462555 0.061674 0.462555 0.057269 0.458150 0.052863 0.458150 0.048458 0.462555 0.044053 0.462555 0.039648 0.458150 0.035242 0.458150 0.022026 0.444934 0.017621 0.444934 0.013216 0.440529 0.008811 0.440529 0.004405 0.436123
0 0.352423 0.361233 0.352423 0.370044 0.361233 0.378855 0.365639 0.378855 0.370044 0.383260 0.370044 0.387665 0.378855 0.396476 0.383260 0.392070 0.387665 0.392070 0.392070 0.396476 0.396476 0.396476 0.405286 0.405286 0.409692 0.405286 0.422908 0.418502 0.440529 0.418502 0.444934 0.414097 0.453745 0.414097 0.458150 0.409692 0.458150 0.400881 0.453745 0.396476 0.444934 0.396476 0.440529 0.400881 0.422908 0.400881 0.418502 0.396476 0.414097 0.396476 0.405286 0.387665 0.400881 0.392070 0.396476 0.387665 0.392070 0.387665 0.383260 0.378855 0.383260 0.374449 0.374449 0.365639 0.374449 0.361233 0.370044 0.356828 0.356828 0.356828
0 0.678414 0.268722 0.687225 0.277533 0.691630 0.277533 0.696035 0.281938 0.700441 0.281938 0.713656 0.295154 0.718062 0.295154 0.726872 0.286344 0.722467 0.281938 0.722467 0.273128 0.718062 0.268722 0.691630 0.268722 0.687225 0.264317 0.682819 0.264317
0 0.453745 0.229075 0.444934 0.220264 0.440529 0.224670 0.436123 0.220264 0.427313 0.220264 0.418502 0.229075 0.418502 0.242291 0.409692 0.251101 0.414097 0.255507 0.418502 0.255507 0.436123 0.237885 0.440529 0.237885 0.444934 0.233480 0.449339 0.233480
0 0.955947 0.215859 0.942731 0.215859 0.938326 0.220264 0.938326 0.246696 0.933921 0.251101 0.929515 0.251101 0.925110 0.255507 0.920705 0.255507 0.916300 0.251101 0.907489 0.259912 0.911894 0.264317 0.911894 0.268722 0.916300 0.268722 0.925110 0.259912 0.925110 0.255507 0.929515 0.251101 0.933921 0.251101 0.938326 0.246696 0.942731 0.246696 0.947137 0.251101 0.955947 0.242291 0.951542 0.237885 0.951542 0.229075 0.960352 0.220264
0 0.515419 0.207048 0.519824 0.211454 0.519824 0.215859 0.524229 0.220264 0.528634 0.220264 0.533040 0.224670 0.537445 0.224670 0.541850 0.229075 0.546256 0.229075 0.550661 0.233480 0.555066 0.229075 0.555066 0.224670 0.559471 0.220264 0.550661 0.211454 0.546256 0.211454 0.541850 0.207048 0.524229 0.207048 0.519824 0.202643
0 0.881057 0.207048 0.872247 0.198238 0.867841 0.202643 0.867841 0.207048 0.863436 0.211454 0.863436 0.215859 0.859031 0.220264 0.854626 0.220264 0.850220 0.224670 0.845815 0.224670 0.841410 0.220264 0.832599 0.229075 0.832599 0.237885 0.837004 0.242291 0.841410 0.242291 0.845815 0.246696 0.850220 0.242291 0.850220 0.233480 0.854626 0.229075 0.859031 0.229075 0.863436 0.224670 0.872247 0.224670 0.881057 0.215859
0 0.348018 0.189427 0.343612 0.189427 0.334802 0.180617 0.321586 0.180617 0.312775 0.189427 0.317181 0.193833 0.317181 0.207048 0.312775 0.211454 0.317181 0.215859 0.321586 0.211454 0.321586 0.207048 0.330396 0.198238 0.334802 0.198238 0.339207 0.193833 0.343612 0.193833
0 0.000000 0.700441 0.052863 0.726872 0.088106 0.713656 0.088106 0.682819 0.299559 0.704846 0.317181 0.726872 0.268722 0.735683 0.299559 0.762115 0.325991 0.753304 0.330396 0.722467 0.418502 0.704846 0.533040 0.748899 0.581498 0.744493 0.594714 0.709251 0.550661 0.735683 0.511013 0.687225 0.563877 0.678414 0.599119 0.643172 0.616740 0.669604 0.656388 0.638767 0.779736 0.612335 0.832599 0.550661 0.841410 0.484582 0.947137 0.436123 0.995595 0.365639 0.995595 0.343612 0.947137 0.343612 0.995595 0.268722 0.960352 0.281938 0.920705 0.361233 0.828194 0.378855 0.797357 0.418502 0.704846 0.383260 0.660793 0.405286 0.555066 0.365639 0.537445 0.334802 0.744493 0.370044 0.797357 0.334802 0.863436 0.325991 0.907489 0.277533 0.837004 0.308370 0.744493 0.312775 0.757709 0.348018 0.735683 0.361233 0.682819 0.339207 0.669604 0.308370 0.546256 0.308370 0.480176 0.273128 0.392070 0.303965 0.365639 0.259912 0.259912 0.251101 0.220264 0.229075 0.224670 0.189427 0.140969 0.162996 0.123348 0.211454 0.074890 0.224670 0.083700 0.281938 0.039648 0.251101 0.000000 0.264317 0.044053 0.273128 0.044053 0.303965 0.088106 0.321586 0.070485 0.348018 0.000000 0.370044 0.000000 0.400881 0.092511 0.378855 0.127753 0.273128 0.189427 0.299559 0.211454 0.268722 0.290749 0.295154 0.295154 0.325991 0.339207 0.303965 0.484582 0.383260 0.665198 0.444934 0.770925 0.440529 0.841410 0.488987 0.762115 0.581498 0.616740 0.590308 0.480176 0.674009 0.405286 0.656388 0.348018 0.704846 0.074890 0.665198 0.000000 0.621145 0.044053 0.660793 0.030837 0.678414 0.004405 0.669604
0 0.052863 0.149780 0.052863 0.154185 0.070485 0.171806 0.074890 0.171806 0.079295 0.176211 0.083700 0.171806 0.088106 0.171806 0.092511 0.167401 0.096916 0.167401 0.101322 0.162996 0.105727 0.162996 0.110132 0.158590 0.110132 0.154185 0.105727 0.149780 0.101322 0.154185 0.096916 0.154185 0.092511 0.158590 0.074890 0.158590 0.070485 0.154185 0.066079 0.154185 0.057269 0.145374
0 0.889868 0.136564 0.881057 0.145374 0.881057 0.149780 0.876652 0.154185 0.876652 0.171806 0.885463 0.180617 0.889868 0.176211 0.889868 0.158590 0.898678 0.149780 0.898678 0.145374
0 0.484582 0.110132 0.480176 0.114537 0.480176 0.123348 0.466960 0.136564 0.462555 0.136564 0.458150 0.140969 0.453745 0.136564 0.449339 0.136564 0.444934 0.132159 0.440529 0.136564 0.444934 0.140969 0.449339 0.136564 0.453745 0.140969 0.458150 0.140969 0.480176 0.162996 0.484582 0.162996 0.488987 0.167401 0.493392 0.162996 0.488987 0.158590 0.488987 0.140969 0.493392 0.136564 0.493392 0.118943
0 0.806167 0.096916 0.792952 0.096916 0.788546 0.101322 0.779736 0.101322 0.770925 0.110132 0.770925 0.114537 0.757709 0.127753 0.757709 0.132159 0.762115 0.136564 0.766520 0.136564 0.770925 0.140969 0.775330 0.140969 0.779736 0.145374 0.779736 0.154185 0.784141 0.158590 0.788546 0.158590 0.792952 0.154185 0.797357 0.154185 0.792952 0.154185 0.784141 0.145374 0.779736 0.145374 0.775330 0.140969 0.775330 0.132159 0.788546 0.118943 0.792952 0.118943 0.797357 0.114537 0.806167 0.114537 0.810573 0.118943 0.814978 0.118943 0.814978 0.114537 0.819383 0.110132 0.819383 0.105727 0.814978 0.101322 0.810573 0.101322
0 0.317181 0.092511 0.312775 0.096916 0.312775 0.118943 0.308370 0.123348 0.317181 0.132159 0.325991 0.132159 0.330396 0.127753 0.330396 0.105727 0.321586 0.096916 0.321586 0.092511
0 0.977974 0.088106 0.969163 0.079295 0.964758 0.079295 0.960352 0.074890 0.955947 0.074890 0.951542 0.079295 0.947137 0.079295 0.933921 0.092511 0.938326 0.096916 0.973568 0.096916 0.977974 0.092511
0 0.449339 0.066079 0.444934 0.066079 0.440529 0.070485 0.436123 0.070485 0.431718 0.074890 0.431718 0.079295 0.414097 0.096916 0.414097 0.101322 0.418502 0.105727 0.431718 0.092511 0.436123 0.092511 0.440529 0.088106 0.444934 0.088106 0.453745 0.079295 0.458150 0.079295 0.453745 0.074890 0.453745 0.070485
0 0.559471 0.070485 0.568282 0.079295 0.581498 0.079295 0.590308 0.070485 0.594714 0.070485 0.599119 0.066079 0.594714 0.061674 0.590308 0.066079 0.585903 0.061674 0.563877 0.061674 0.559471 0.066079
0 0.334802 0.052863 0.325991 0.061674 0.325991 0.083700 0.330396 0.083700 0.334802 0.079295 0.339207 0.079295 0.343612 0.074890 0.348018 0.074890 0.352423 0.070485 0.352423 0.066079 0.343612 0.057269 0.339207 0.057269
0 0.819383 0.026432 0.819383 0.030837 0.823789 0.030837 0.832599 0.039648 0.837004 0.039648 0.841410 0.044053 0.845815 0.044053 0.850220 0.048458 0.850220 0.066079 0.841410 0.074890 0.837004 0.074890 0.832599 0.079295 0.837004 0.083700 0.841410 0.079295 0.841410 0.074890 0.845815 0.070485 0.850220 0.070485 0.854626 0.066079 0.859031 0.070485 0.863436 0.070485 0.867841 0.074890 0.867841 0.079295 0.876652 0.088106 0.881057 0.088106 0.889868 0.096916 0.889868 0.101322 0.898678 0.110132 0.907489 0.110132 0.911894 0.105727 0.907489 0.101322 0.903084 0.101322 0.898678 0.096916 0.894273 0.096916 0.885463 0.088106 0.885463 0.074890 0.889868 0.070485 0.889868 0.066079 0.885463 0.061674 0.872247 0.061674 0.867841 0.057269 0.863436 0.057269 0.854626 0.048458 0.850220 0.048458 0.845815 0.044053 0.845815 0.035242 0.832599 0.022026 0.828194 0.022026 0.823789 0.026432
0 0.074890 0.022026 0.070485 0.022026 0.066079 0.026432 0.066079 0.030837 0.061674 0.035242 0.061674 0.039648 0.048458 0.052863 0.048458 0.061674 0.052863 0.066079 0.061674 0.066079 0.074890 0.052863 0.074890 0.039648 0.079295 0.035242 0.079295 0.026432
0 0.784141 0.013216 0.779736 0.017621 0.779736 0.030837 0.775330 0.035242 0.775330 0.039648 0.770925 0.044053 0.766520 0.044053 0.762115 0.048458 0.757709 0.048458 0.753304 0.044053 0.748899 0.044053 0.744493 0.039648 0.740088 0.039648 0.735683 0.044053 0.740088 0.048458 0.744493 0.048458 0.748899 0.044053 0.753304 0.048458 0.757709 0.048458 0.762115 0.052863 0.762115 0.061674 0.770925 0.070485 0.775330 0.070485 0.779736 0.066079 0.779736 0.061674 0.784141 0.057269 0.784141 0.048458 0.801762 0.030837 0.806167 0.030837 0.806167 0.026432 0.801762 0.026432 0.792952 0.017621 0.788546 0.017621
0 0.462555 0.000000 0.462555 0.004405 0.444934 0.022026 0.440529 0.022026 0.436123 0.026432 0.440529 0.030837 0.444934 0.030837 0.449339 0.035242 0.458150 0.035242 0.466960 0.026432 0.466960 0.008811 0.462555 0.004405
