0 0.264317 0.973568 0.255507 0.982379 0.255507 0.995595 0.277533 0.995595 0.277533 0.986784 0.281938 0.982379 0.281938 0.977974 0.277533 0.973568
0 0.317181 0.951542 0.312775 0.955947 0.312775 0.960352 0.308370 0.964758 0.312775 0.969163 0.312775 0.977974 0.317181 0.982379 0.330396 0.982379 0.334802 0.977974 0.334802 0.973568 0.339207 0.969163 0.334802 0.964758 0.334802 0.960352 0.325991 0.951542
0 0.744493 0.955947 0.735683 0.947137 0.722467 0.947137 0.709251 0.960352 0.704846 0.960352 0.700441 0.964758 0.696035 0.960352 0.691630 0.964758 0.687225 0.964758 0.682819 0.969163 0.687225 0.973568 0.687225 0.982379 0.678414 0.991189 0.678414 0.995595 0.691630 0.995595 0.691630 0.982379 0.700441 0.973568 0.700441 0.969163 0.704846 0.964758 0.709251 0.964758 0.713656 0.960352 0.718062 0.960352 0.722467 0.964758 0.726872 0.964758 0.735683 0.973568 0.735683 0.982379 0.731278 0.986784 0.731278 0.995595 0.748899 0.995595 0.748899 0.986784 0.740088 0.977974 0.740088 0.964758 0.744493 0.960352
0 0.000000 0.947137 0.000000 0.964758 0.022026 0.964758 0.030837 0.955947 0.035242 0.955947 0.039648 0.951542 0.044053 0.951542 0.048458 0.955947 0.061674 0.955947 0.066079 0.960352 0.074890 0.960352 0.079295 0.964758 0.083700 0.960352 0.083700 0.951542 0.074890 0.942731 0.052863 0.942731 0.048458 0.947137 0.044053 0.947137 0.039648 0.951542 0.035242 0.951542 0.030837 0.947137 0.026432 0.947137 0.022026 0.942731 0.013216 0.942731 0.008811 0.947137
0 0.964758 0.942731 0.955947 0.933921 0.951542 0.938326 0.947137 0.938326 0.942731 0.942731 0.942731 0.947137 0.938326 0.951542 0.933921 0.951542 0.929515 0.955947 0.925110 0.955947 0.916300 0.964758 0.916300 0.977974 0.911894 0.982379 0.907489 0.982379 0.903084 0.986784 0.898678 0.986784 0.894273 0.991189 0.894273 0.995595 0.907489 0.995595 0.907489 0.986784 0.911894 0.982379 0.916300 0.982379 0.920705 0.977974 0.929515 0.977974 0.933921 0.973568 0.933921 0.964758 0.938326 0.960352 0.942731 0.960352 0.947137 0.955947 0.951542 0.960352 0.955947 0.960352 0.964758 0.969163 0.964758 0.973568 0.969163 0.977974 0.973568 0.977974 0.977974 0.973568 0.969163 0.964758 0.969163 0.951542 0.964758 0.947137
0 0.651982 0.920705 0.638767 0.920705 0.625551 0.933921 0.625551 0.938326 0.616740 0.947137 0.612335 0.947137 0.594714 0.964758 0.594714 0.969163 0.590308 0.973568 0.590308 0.986784 0.585903 0.991189 0.585903 0.995595 0.603524 0.995595 0.603524 0.982379 0.625551 0.960352 0.625551 0.955947 0.656388 0.925110
0 0.572687 0.903084 0.563877 0.894273 0.555066 0.894273 0.550661 0.898678 0.546256 0.898678 0.541850 0.903084 0.537445 0.903084 0.533040 0.898678 0.528634 0.898678 0.524229 0.903084 0.519824 0.903084 0.515419 0.907489 0.515419 0.920705 0.511013 0.925110 0.511013 0.933921 0.515419 0.938326 0.519824 0.933921 0.519824 0.920705 0.524229 0.916300 0.528634 0.916300 0.533040 0.911894 0.550661 0.911894 0.555066 0.916300 0.563877 0.916300 0.568282 0.911894 0.568282 0.907489
0 0.889868 0.889868 0.885463 0.889868 0.881057 0.885463 0.872247 0.894273 0.872247 0.898678 0.867841 0.903084 0.867841 0.907489 0.859031 0.916300 0.859031 0.920705 0.863436 0.925110 0.872247 0.925110 0.885463 0.911894 0.889868 0.911894 0.894273 0.907489 0.894273 0.894273
0 0.718062 0.885463 0.709251 0.894273 0.709251 0.898678 0.704846 0.903084 0.704846 0.916300 0.713656 0.925110 0.726872 0.925110 0.731278 0.920705 0.731278 0.916300 0.726872 0.911894 0.726872 0.889868 0.722467 0.885463
0 0.801762 0.889868 0.801762 0.894273 0.810573 0.903084 0.823789 0.903084 0.832599 0.894273 0.828194 0.889868 0.828194 0.885463 0.823789 0.881057 0.814978 0.881057 0.810573 0.885463 0.806167 0.885463
0 0.352423 0.841410 0.356828 0.845815 0.374449 0.845815 0.378855 0.841410 0.383260 0.841410 0.387665 0.837004 0.392070 0.841410 0.396476 0.841410 0.405286 0.850220 0.405286 0.854626 0.409692 0.859031 0.418502 0.859031 0.422908 0.854626 0.436123 0.854626 0.440529 0.859031 0.444934 0.859031 0.453745 0.867841 0.453745 0.876652 0.458150 0.881057 0.458150 0.885463 0.462555 0.889868 0.466960 0.889868 0.471366 0.894273 0.480176 0.894273 0.484582 0.889868 0.484582 0.885463 0.488987 0.881057 0.475771 0.867841 0.471366 0.867841 0.466960 0.863436 0.462555 0.863436 0.453745 0.854626 0.453745 0.850220 0.449339 0.845815 0.449339 0.841410 0.444934 0.837004 0.440529 0.837004 0.436123 0.841410 0.409692 0.841410 0.405286 0.837004 0.400881 0.837004 0.396476 0.832599 0.396476 0.828194 0.392070 0.823789 0.383260 0.823789 0.378855 0.828194 0.370044 0.828194 0.361233 0.837004 0.356828 0.837004
0 0.656388 0.819383 0.669604 0.832599 0.674009 0.832599 0.678414 0.837004 0.687225 0.837004 0.691630 0.841410 0.696035 0.841410 0.704846 0.850220 0.722467 0.850220 0.726872 0.845815 0.731278 0.850220 0.735683 0.850220 0.740088 0.854626 0.740088 0.859031 0.744493 0.863436 0.744493 0.867841 0.748899 0.872247 0.757709 0.863436 0.757709 0.854626 0.753304 0.850220 0.748899 0.850220 0.740088 0.841410 0.740088 0.828194 0.744493 0.823789 0.740088 0.819383 0.735683 0.823789 0.726872 0.823789 0.722467 0.819383 0.718062 0.819383 0.700441 0.801762 0.691630 0.801762 0.682819 0.810573 0.678414 0.810573 0.674009 0.814978 0.660793 0.814978
0 0.083700 0.801762 0.079295 0.797357 0.074890 0.797357 0.070485 0.792952 0.070485 0.784141 0.061674 0.775330 0.057269 0.779736 0.057269 0.784141 0.061674 0.788546 0.066079 0.788546 0.070485 0.792952 0.070485 0.801762 0.066079 0.806167 0.061674 0.806167 0.057269 0.810573 0.052863 0.810573 0.048458 0.814978 0.039648 0.814978 0.035242 0.819383 0.013216 0.819383 0.008811 0.814978 0.004405 0.814978 0.000000 0.819383 0.000000 0.837004 0.004405 0.841410 0.008811 0.841410 0.013216 0.845815 0.017621 0.845815 0.026432 0.837004 0.030837 0.837004 0.039648 0.828194 0.044053 0.828194 0.048458 0.823789 0.057269 0.823789 0.061674 0.819383 0.066079 0.819383
0 0.995595 0.775330 0.991189 0.775330 0.986784 0.770925 0.955947 0.770925 0.951542 0.766520 0.947137 0.766520 0.933921 0.775330 0.907489 0.775330 0.903084 0.770925 0.894273 0.770925 0.889868 0.775330 0.881057 0.775330 0.876652 0.770925 0.872247 0.770925 0.867841 0.775330 0.854626 0.775330 0.841410 0.784141 0.832599 0.784141 0.810573 0.801762 0.819383 0.814978 0.841410 0.792952 0.845815 0.792952 0.859031 0.784141 0.863436 0.788546 0.867841 0.788546 0.872247 0.784141 0.885463 0.784141 0.898678 0.792952 0.898678 0.801762 0.889868 0.810573 0.885463 0.810573 0.881057 0.814978 0.876652 0.810573 0.863436 0.806167 0.859031 0.810573 0.859031 0.819383 0.863436 0.823789 0.876652 0.823789 0.881057 0.819383 0.885463 0.819383 0.898678 0.828194 0.907489 0.828194 0.911894 0.832599 0.916300 0.832599 0.925110 0.841410 0.929515 0.837004 0.916300 0.828194 0.916300 0.806167 0.911894 0.801762 0.911894 0.792952 0.916300 0.788546 0.920705 0.788546 0.925110 0.784141 0.933921 0.784141 0.938326 0.779736 0.951542 0.784141 0.955947 0.788546 0.955947 0.797357 0.951542 0.801762 0.951542 0.810573 0.960352 0.819383 0.964758 0.814978 0.964758 0.806167 0.955947 0.797357 0.955947 0.788546 0.969163 0.779736 0.986784 0.779736 0.991189 0.784141 0.995595 0.784141
0 0.466960 0.797357 0.466960 0.810573 0.471366 0.814978 0.484582 0.814978 0.488987 0.819383 0.506608 0.819383 0.511013 0.814978 0.515419 0.819383 0.519824 0.819383 0.537445 0.837004 0.541850 0.837004 0.546256 0.841410 0.546256 0.854626 0.555066 0.863436 0.559471 0.859031 0.577093 0.859031 0.581498 0.863436 0.585903 0.863436 0.594714 0.872247 0.599119 0.872247 0.603524 0.867841 0.607930 0.872247 0.616740 0.863436 0.616740 0.859031 0.607930 0.850220 0.607930 0.841410 0.612335 0.837004 0.612335 0.828194 0.607930 0.823789 0.603524 0.828194 0.599119 0.823789 0.594714 0.823789 0.590308 0.819383 0.585903 0.819383 0.581498 0.814978 0.581498 0.806167 0.585903 0.801762 0.581498 0.797357 0.581498 0.784141 0.577093 0.779736 0.572687 0.779736 0.563877 0.770925 0.563877 0.766520 0.559471 0.762115 0.546256 0.762115 0.541850 0.766520 0.541850 0.770925 0.533040 0.779736 0.533040 0.784141 0.546256 0.797357 0.546256 0.806167 0.537445 0.814978 0.533040 0.814978 0.528634 0.819383 0.524229 0.814978 0.519824 0.814978 0.506608 0.801762 0.493392 0.801762 0.488987 0.797357 0.475771 0.797357 0.471366 0.792952
0 0.136564 0.792952 0.140969 0.797357 0.140969 0.801762 0.154185 0.814978 0.176211 0.814978 0.180617 0.819383 0.189427 0.819383 0.193833 0.814978 0.198238 0.814978 0.202643 0.810573 0.233480 0.810573 0.237885 0.806167 0.251101 0.806167 0.259912 0.797357 0.264317 0.797357 0.268722 0.792952 0.277533 0.792952 0.281938 0.788546 0.277533 0.784141 0.259912 0.784141 0.251101 0.792952 0.246696 0.792952 0.242291 0.797357 0.237885 0.797357 0.233480 0.801762 0.229075 0.797357 0.224670 0.801762 0.202643 0.801762 0.198238 0.806167 0.193833 0.806167 0.189427 0.810573 0.180617 0.810573 0.176211 0.806167 0.171806 0.806167 0.167401 0.801762 0.167401 0.792952 0.176211 0.784141 0.171806 0.779736 0.171806 0.770925 0.176211 0.766520 0.171806 0.762115 0.167401 0.766520 0.167401 0.770925 0.162996 0.775330 0.162996 0.779736 0.158590 0.784141 0.154185 0.784141 0.149780 0.788546 0.145374 0.784141
0 0.127753 0.678414 0.123348 0.678414 0.118943 0.682819 0.118943 0.700441 0.132159 0.713656 0.132159 0.722467 0.123348 0.731278 0.118943 0.731278 0.114537 0.735683 0.114537 0.744493 0.110132 0.748899 0.110132 0.766520 0.105727 0.770925 0.105727 0.779736 0.110132 0.784141 0.114537 0.779736 0.114537 0.775330 0.123348 0.766520 0.127753 0.766520 0.136564 0.757709 0.136564 0.753304 0.140969 0.748899 0.140969 0.731278 0.136564 0.726872 0.136564 0.713656 0.140969 0.709251 0.140969 0.700441 0.136564 0.696035 0.136564 0.691630 0.132159 0.687225 0.132159 0.682819
0 0.387665 0.665198 0.378855 0.656388 0.370044 0.656388 0.352423 0.674009 0.348018 0.674009 0.343612 0.678414 0.334802 0.678414 0.325991 0.687225 0.325991 0.696035 0.330396 0.700441 0.334802 0.700441 0.343612 0.691630 0.343612 0.687225 0.352423 0.678414 0.356828 0.678414 0.361233 0.674009 0.378855 0.674009
0 0.528634 0.647577 0.524229 0.643172 0.519824 0.643172 0.506608 0.656388 0.502203 0.656388 0.488987 0.665198 0.480176 0.665198 0.475771 0.669604 0.466960 0.669604 0.462555 0.674009 0.453745 0.674009 0.449339 0.669604 0.444934 0.669604 0.440529 0.665198 0.436123 0.665198 0.431718 0.669604 0.427313 0.669604 0.422908 0.674009 0.418502 0.674009 0.414097 0.678414 0.409692 0.678414 0.396476 0.691630 0.396476 0.696035 0.378855 0.713656 0.374449 0.713656 0.370044 0.718062 0.361233 0.718062 0.356828 0.722467 0.348018 0.722467 0.343612 0.726872 0.330396 0.726872 0.325991 0.731278 0.321586 0.731278 0.317181 0.726872 0.312775 0.726872 0.303965 0.718062 0.303965 0.704846 0.299559 0.700441 0.295154 0.700441 0.290749 0.704846 0.290749 0.713656 0.299559 0.722467 0.299559 0.726872 0.308370 0.740088 0.321586 0.731278 0.325991 0.731278 0.330396 0.735683 0.343612 0.735683 0.348018 0.731278 0.370044 0.731278 0.374449 0.726872 0.378855 0.726872 0.405286 0.700441 0.405286 0.696035 0.414097 0.687225 0.418502 0.687225 0.422908 0.682819 0.431718 0.682819 0.436123 0.678414 0.440529 0.682819 0.444934 0.682819 0.449339 0.687225 0.453745 0.687225 0.466960 0.678414 0.475771 0.678414 0.480176 0.674009 0.493392 0.674009 0.497797 0.669604 0.502203 0.669604 0.506608 0.665198 0.511013 0.665198
0 0.088106 0.647577 0.083700 0.643172 0.074890 0.643172 0.070485 0.638767 0.066079 0.638767 0.066079 0.643172 0.044053 0.665198 0.044053 0.669604 0.039648 0.674009 0.039648 0.691630 0.035242 0.696035 0.030837 0.696035 0.022026 0.704846 0.017621 0.704846 0.013216 0.709251 0.000000 0.709251 0.000000 0.731278 0.004405 0.731278 0.013216 0.722467 0.017621 0.722467 0.022026 0.718062 0.026432 0.722467 0.030837 0.722467 0.039648 0.731278 0.044053 0.726872 0.044053 0.713656 0.048458 0.709251 0.048458 0.704846 0.057269 0.696035 0.057269 0.687225 0.061674 0.682819 0.061674 0.674009 0.066079 0.669604 0.066079 0.665198 0.074890 0.656388 0.079295 0.656388
0 0.339207 0.621145 0.343612 0.625551 0.352423 0.625551 0.356828 0.629956 0.361233 0.629956 0.370044 0.638767 0.374449 0.638767 0.383260 0.629956 0.383260 0.625551 0.378855 0.621145 0.374449 0.621145 0.370044 0.616740 0.365639 0.616740 0.361233 0.612335 0.352423 0.612335 0.348018 0.616740 0.343612 0.616740
0 0.246696 0.603524 0.237885 0.603524 0.224670 0.612335 0.220264 0.612335 0.215859 0.607930 0.211454 0.612335 0.207048 0.612335 0.193833 0.625551 0.193833 0.638767 0.180617 0.651982 0.176211 0.651982 0.171806 0.656388 0.171806 0.669604 0.180617 0.678414 0.180617 0.682819 0.185022 0.687225 0.189427 0.687225 0.198238 0.696035 0.198238 0.700441 0.211454 0.713656 0.215859 0.713656 0.220264 0.718062 0.229075 0.718062 0.242291 0.726872 0.246696 0.722467 0.246696 0.713656 0.237885 0.704846 0.237885 0.696035 0.251101 0.687225 0.255507 0.691630 0.259912 0.687225 0.277533 0.687225 0.286344 0.674009 0.286344 0.665198 0.290749 0.660793 0.295154 0.660793 0.308370 0.647577 0.308370 0.629956 0.299559 0.621145 0.295154 0.625551 0.295154 0.634361 0.290749 0.638767 0.290749 0.643172 0.281938 0.651982 0.281938 0.660793 0.268722 0.669604 0.255507 0.669604 0.251101 0.674009 0.246696 0.674009 0.242291 0.678414 0.242291 0.691630 0.237885 0.696035 0.233480 0.696035 0.229075 0.700441 0.224670 0.696035 0.220264 0.696035 0.211454 0.687225 0.207048 0.687225 0.198238 0.674009 0.198238 0.643172 0.207048 0.634361 0.211454 0.634361 0.224670 0.621145 0.229075 0.621145 0.233480 0.616740 0.242291 0.616740 0.246696 0.621145 0.255507 0.621145 0.259912 0.625551 0.273128 0.612335 0.268722 0.607930 0.264317 0.612335 0.259912 0.607930 0.251101 0.607930
0 0.995595 0.700441 0.920705 0.704846 0.889868 0.682819 0.841410 0.669604 0.792952 0.674009 0.740088 0.647577 0.713656 0.616740 0.682819 0.607930 0.651982 0.577093 0.621145 0.634361 0.550661 0.669604 0.572687 0.696035 0.533040 0.726872 0.515419 0.709251 0.462555 0.726872 0.444934 0.722467 0.409692 0.744493 0.400881 0.740088 0.392070 0.757709 0.325991 0.784141 0.286344 0.823789 0.229075 0.854626 0.202643 0.850220 0.180617 0.867841 0.154185 0.872247 0.070485 0.859031 0.035242 0.885463 0.017621 0.872247 0.000000 0.885463 0.000000 0.920705 0.083700 0.889868 0.114537 0.903084 0.101322 0.929515 0.114537 0.942731 0.140969 0.903084 0.198238 0.894273 0.215859 0.916300 0.224670 0.907489 0.220264 0.894273 0.255507 0.876652 0.268722 0.885463 0.264317 0.920705 0.251101 0.929515 0.237885 0.925110 0.189427 0.964758 0.215859 0.973568 0.246696 0.933921 0.281938 0.929515 0.290749 0.898678 0.277533 0.881057 0.281938 0.863436 0.330396 0.823789 0.475771 0.744493 0.563877 0.731278 0.629956 0.779736 0.656388 0.779736 0.696035 0.753304 0.775330 0.731278 0.775330 0.713656 0.801762 0.682819 0.819383 0.704846 0.832599 0.700441 0.867841 0.718062 0.894273 0.718062 0.920705 0.735683 0.973568 0.731278 0.995595 0.740088
0 0.004405 0.568282 0.000000 0.572687 0.000000 0.590308 0.008811 0.590308 0.013216 0.585903 0.017621 0.585903 0.022026 0.590308 0.026432 0.590308 0.030837 0.594714 0.030837 0.603524 0.035242 0.607930 0.039648 0.607930 0.048458 0.616740 0.048458 0.621145 0.057269 0.629956 0.061674 0.629956 0.061674 0.625551 0.057269 0.621145 0.057269 0.612335 0.048458 0.603524 0.044053 0.603524 0.039648 0.599119 0.039648 0.594714 0.035242 0.590308 0.030837 0.590308 0.026432 0.585903 0.026432 0.577093 0.022026 0.572687 0.022026 0.568282 0.017621 0.563877 0.013216 0.568282
0 0.995595 0.559471 0.986784 0.559471 0.982379 0.563877 0.973568 0.563877 0.964758 0.572687 0.960352 0.572687 0.955947 0.577093 0.955947 0.581498 0.951542 0.585903 0.947137 0.585903 0.942731 0.590308 0.938326 0.590308 0.933921 0.594714 0.933921 0.599119 0.942731 0.607930 0.942731 0.625551 0.955947 0.638767 0.955947 0.647577 0.960352 0.651982 0.964758 0.651982 0.969163 0.647577 0.960352 0.638767 0.960352 0.616740 0.955947 0.612335 0.951542 0.612335 0.947137 0.607930 0.947137 0.599119 0.951542 0.594714 0.955947 0.594714 0.960352 0.590308 0.969163 0.590308 0.973568 0.585903 0.973568 0.581498 0.982379 0.572687 0.986784 0.572687 0.991189 0.568282 0.995595 0.568282
0 0.083700 0.559471 0.079295 0.563877 0.079295 0.572687 0.074890 0.577093 0.074890 0.585903 0.079295 0.590308 0.083700 0.590308 0.088106 0.594714 0.092511 0.594714 0.096916 0.599119 0.096916 0.603524 0.105727 0.612335 0.105727 0.621145 0.110132 0.625551 0.114537 0.625551 0.118943 0.629956 0.123348 0.625551 0.123348 0.616740 0.118943 0.612335 0.118943 0.603524 0.105727 0.590308 0.105727 0.585903 0.101322 0.581498 0.101322 0.577093 0.096916 0.572687 0.096916 0.568282 0.092511 0.563877 0.088106 0.563877
0 0.378855 0.563877 0.383260 0.563877 0.387665 0.568282 0.392070 0.568282 0.400881 0.577093 0.405286 0.577093 0.414097 0.585903 0.414097 0.590308 0.418502 0.594714 0.418502 0.599119 0.431718 0.612335 0.431718 0.621145 0.427313 0.625551 0.422908 0.625551 0.418502 0.629956 0.418502 0.634361 0.422908 0.638767 0.427313 0.638767 0.431718 0.634361 0.431718 0.621145 0.436123 0.616740 0.440529 0.616740 0.444934 0.612335 0.449339 0.612335 0.453745 0.616740 0.462555 0.616740 0.466960 0.621145 0.471366 0.621145 0.484582 0.634361 0.493392 0.625551 0.493392 0.612335 0.497797 0.607930 0.502203 0.607930 0.506608 0.603524 0.511013 0.603524 0.515419 0.607930 0.519824 0.607930 0.524229 0.603524 0.533040 0.603524 0.537445 0.599119 0.541850 0.603524 0.550661 0.603524 0.555066 0.607930 0.563877 0.599119 0.555066 0.590308 0.546256 0.590308 0.541850 0.585903 0.537445 0.585903 0.533040 0.581498 0.533040 0.577093 0.528634 0.572687 0.519824 0.572687 0.515419 0.577093 0.506608 0.577093 0.502203 0.581498 0.497797 0.581498 0.493392 0.585903 0.488987 0.585903 0.484582 0.590308 0.480176 0.590308 0.475771 0.594714 0.471366 0.590308 0.466960 0.590308 0.453745 0.577093 0.449339 0.577093 0.444934 0.581498 0.427313 0.581498 0.422908 0.577093 0.418502 0.577093 0.414097 0.572687 0.414097 0.559471 0.409692 0.555066 0.396476 0.555066 0.392070 0.559471 0.387665 0.559471 0.383260 0.563877
0 0.841410 0.537445 0.837004 0.541850 0.837004 0.546256 0.832599 0.550661 0.837004 0.555066 0.837004 0.559471 0.841410 0.563877 0.845815 0.563877 0.854626 0.572687 0.854626 0.581498 0.859031 0.585903 0.859031 0.590308 0.863436 0.594714 0.867841 0.594714 0.872247 0.599119 0.885463 0.585903 0.885463 0.577093 0.876652 0.568282 0.872247 0.568282 0.867841 0.563877 0.863436 0.563877 0.854626 0.555066 0.854626 0.546256 0.850220 0.541850 0.845815 0.541850
0 0.788546 0.533040 0.788546 0.559471 0.792952 0.563877 0.792952 0.572687 0.801762 0.581498 0.806167 0.581498 0.814978 0.590308 0.814978 0.594714 0.819383 0.599119 0.823789 0.594714 0.823789 0.590308 0.814978 0.581498 0.814978 0.572687 0.810573 0.568282 0.810573 0.563877 0.806167 0.559471 0.806167 0.550661 0.801762 0.546256 0.801762 0.541850 0.792952 0.533040
0 0.444934 0.537445 0.449339 0.541850 0.458150 0.541850 0.462555 0.546256 0.466960 0.541850 0.484582 0.541850 0.488987 0.537445 0.493392 0.537445 0.497797 0.533040 0.493392 0.528634 0.480176 0.528634 0.475771 0.524229 0.458150 0.524229
0 0.784141 0.515419 0.779736 0.511013 0.779736 0.506608 0.770925 0.497797 0.766520 0.497797 0.762115 0.502203 0.762115 0.511013 0.748899 0.524229 0.744493 0.524229 0.731278 0.537445 0.726872 0.537445 0.722467 0.541850 0.718062 0.541850 0.713656 0.537445 0.709251 0.537445 0.704846 0.533040 0.700441 0.533040 0.696035 0.528634 0.696035 0.533040 0.691630 0.537445 0.691630 0.541850 0.696035 0.546256 0.696035 0.550661 0.700441 0.555066 0.709251 0.546256 0.713656 0.546256 0.718062 0.541850 0.722467 0.546256 0.726872 0.546256 0.731278 0.550661 0.731278 0.572687 0.735683 0.577093 0.744493 0.577093 0.748899 0.572687 0.753304 0.572687 0.757709 0.577093 0.762115 0.577093 0.766520 0.581498 0.770925 0.577093 0.766520 0.572687 0.762115 0.577093 0.757709 0.572687 0.753304 0.572687 0.748899 0.568282 0.748899 0.541850 0.757709 0.533040 0.757709 0.528634 0.762115 0.524229 0.766520 0.524229 0.770925 0.519824 0.775330 0.519824 0.779736 0.524229 0.784141 0.524229
0 0.819383 0.466960 0.810573 0.475771 0.810573 0.480176 0.806167 0.484582 0.806167 0.488987 0.810573 0.493392 0.810573 0.502203 0.814978 0.506608 0.819383 0.506608 0.828194 0.497797 0.828194 0.475771
0 0.960352 0.515419 0.951542 0.506608 0.942731 0.506608 0.938326 0.502203 0.933921 0.506608 0.929515 0.506608 0.925110 0.502203 0.920705 0.502203 0.916300 0.497797 0.916300 0.484582 0.920705 0.480176 0.920705 0.475771 0.925110 0.471366 0.925110 0.466960 0.920705 0.462555 0.907489 0.462555 0.898678 0.471366 0.898678 0.488987 0.894273 0.493392 0.889868 0.493392 0.885463 0.497797 0.876652 0.497797 0.872247 0.502203 0.867841 0.497797 0.859031 0.497797 0.850220 0.506608 0.850220 0.515419 0.854626 0.519824 0.859031 0.519824 0.863436 0.524229 0.867841 0.524229 0.876652 0.533040 0.881057 0.528634 0.885463 0.528634 0.889868 0.524229 0.907489 0.524229 0.911894 0.519824 0.916300 0.519824 0.920705 0.515419 0.925110 0.515419 0.929515 0.511013 0.933921 0.515419 0.951542 0.515419 0.955947 0.519824
0 0.726872 0.462555 0.722467 0.458150 0.718062 0.458150 0.704846 0.471366 0.704846 0.475771 0.696035 0.484582 0.696035 0.493392 0.691630 0.497797 0.687225 0.497797 0.682819 0.502203 0.678414 0.502203 0.674009 0.497797 0.669604 0.497797 0.665198 0.493392 0.660793 0.493392 0.651982 0.484582 0.651982 0.475771 0.656388 0.471366 0.656388 0.466960 0.651982 0.462555 0.643172 0.462555 0.638767 0.466960 0.638767 0.480176 0.634361 0.484582 0.634361 0.488987 0.625551 0.497797 0.629956 0.502203 0.634361 0.497797 0.643172 0.497797 0.647577 0.493392 0.651982 0.493392 0.656388 0.497797 0.660793 0.497797 0.665198 0.502203 0.669604 0.502203 0.682819 0.515419 0.687225 0.515419 0.691630 0.519824 0.691630 0.515419 0.722467 0.484582 0.722467 0.480176 0.726872 0.475771
0 0.431718 0.458150 0.427313 0.462555 0.427313 0.471366 0.436123 0.480176 0.444934 0.480176 0.449339 0.484582 0.453745 0.484582 0.458150 0.480176 0.458150 0.471366 0.453745 0.466960 0.449339 0.466960 0.444934 0.462555 0.440529 0.462555 0.436123 0.458150
0 0.594714 0.453745 0.585903 0.453745 0.581498 0.458150 0.577093 0.458150 0.568282 0.466960 0.563877 0.466960 0.559471 0.471366 0.546256 0.471366 0.528634 0.488987 0.533040 0.493392 0.537445 0.493392 0.541850 0.497797 0.541850 0.515419 0.537445 0.519824 0.537445 0.533040 0.533040 0.537445 0.528634 0.537445 0.524229 0.541850 0.519824 0.541850 0.515419 0.546256 0.515419 0.550661 0.519824 0.555066 0.524229 0.555066 0.537445 0.541850 0.541850 0.541850 0.546256 0.537445 0.550661 0.537445 0.555066 0.541850 0.559471 0.541850 0.563877 0.546256 0.581498 0.546256 0.585903 0.541850 0.590308 0.541850 0.594714 0.537445 0.603524 0.537445 0.607930 0.541850 0.612335 0.537445 0.621145 0.537445 0.625551 0.541850 0.629956 0.537445 0.629956 0.528634 0.625551 0.524229 0.616740 0.524229 0.612335 0.519824 0.607930 0.519824 0.599119 0.511013 0.594714 0.511013 0.581498 0.497797 0.581498 0.493392 0.577093 0.488987 0.577093 0.475771 0.581498 0.471366 0.585903 0.471366 0.590308 0.466960 0.594714 0.466960 0.599119 0.462555 0.599119 0.458150
0 0.960352 0.449339 0.951542 0.458150 0.951542 0.466960 0.960352 0.475771 0.969163 0.475771 0.973568 0.471366 0.977974 0.475771 0.982379 0.475771 0.986784 0.480176 0.986784 0.488987 0.995595 0.497797 0.995595 0.484582 0.991189 0.480176 0.986784 0.480176 0.977974 0.471366 0.977974 0.462555 0.964758 0.449339
0 0.136564 0.449339 0.132159 0.449339 0.127753 0.453745 0.127753 0.462555 0.123348 0.466960 0.123348 0.475771 0.110132 0.488987 0.110132 0.519824 0.105727 0.524229 0.101322 0.524229 0.092511 0.533040 0.092511 0.537445 0.096916 0.541850 0.101322 0.541850 0.110132 0.533040 0.110132 0.524229 0.118943 0.515419 0.123348 0.515419 0.132159 0.506608 0.132159 0.484582 0.145374 0.471366 0.145374 0.458150
0 0.872247 0.436123 0.863436 0.427313 0.850220 0.427313 0.837004 0.440529 0.837004 0.449339 0.841410 0.453745 0.854626 0.453745 0.863436 0.444934 0.867841 0.444934 0.872247 0.440529
0 0.519824 0.414097 0.515419 0.418502 0.515419 0.422908 0.511013 0.427313 0.511013 0.431718 0.506608 0.436123 0.502203 0.436123 0.506608 0.436123 0.519824 0.449339 0.533040 0.436123 0.533040 0.431718 0.537445 0.427313 0.528634 0.418502 0.524229 0.418502
0 0.700441 0.414097 0.700441 0.427313 0.704846 0.431718 0.718062 0.431718 0.722467 0.427313 0.731278 0.427313 0.735683 0.422908 0.735683 0.414097 0.731278 0.409692 0.704846 0.409692
0 0.215859 0.392070 0.211454 0.396476 0.215859 0.418502 0.207048 0.427313 0.189427 0.436123 0.180617 0.436123 0.162996 0.427313 0.158590 0.431718 0.162996 0.440529 0.176211 0.440529 0.185022 0.436123 0.198238 0.444934 0.198238 0.462555 0.215859 0.475771 0.211454 0.502203 0.198238 0.511013 0.171806 0.488987 0.162996 0.497797 0.162996 0.502203 0.185022 0.519824 0.180617 0.555066 0.167401 0.563877 0.162996 0.559471 0.136564 0.559471 0.132159 0.563877 0.132159 0.577093 0.136564 0.581498 0.158590 0.581498 0.171806 0.563877 0.180617 0.559471 0.189427 0.563877 0.202643 0.563877 0.224670 0.546256 0.246696 0.559471 0.259912 0.572687 0.290749 0.568282 0.303965 0.559471 0.317181 0.568282 0.317181 0.577093 0.308370 0.581498 0.299559 0.590308 0.299559 0.594714 0.308370 0.603524 0.317181 0.603524 0.334802 0.581498 0.370044 0.568282 0.356828 0.559471 0.325991 0.559471 0.317181 0.555066 0.308370 0.537445 0.281938 0.511013 0.277533 0.497797 0.251101 0.471366 0.251101 0.466960 0.246696 0.462555 0.233480 0.466960 0.220264 0.458150 0.220264 0.436123 0.233480 0.427313 0.246696 0.436123 0.255507 0.427313 0.255507 0.414097 0.233480 0.427313 0.220264 0.422908 0.215859 0.418502 0.215859 0.409692 0.224670 0.400881
0 0.057269 0.400881 0.066079 0.409692 0.070485 0.409692 0.074890 0.414097 0.074890 0.418502 0.079295 0.418502 0.083700 0.414097 0.088106 0.418502 0.096916 0.418502 0.101322 0.414097 0.105727 0.414097 0.110132 0.418502 0.114537 0.418502 0.118943 0.422908 0.123348 0.422908 0.132159 0.431718 0.136564 0.427313 0.132159 0.422908 0.132159 0.418502 0.127753 0.414097 0.127753 0.400881 0.123348 0.396476 0.118943 0.400881 0.101322 0.400881 0.096916 0.396476 0.079295 0.396476 0.074890 0.392070 0.066079 0.392070
0 0.000000 0.383260 0.000000 0.449339 0.004405 0.449339 0.008811 0.444934 0.013216 0.444934 0.017621 0.440529 0.022026 0.444934 0.030837 0.444934 0.035242 0.440529 0.039648 0.440529 0.044053 0.436123 0.048458 0.436123 0.052863 0.440529 0.057269 0.440529 0.061674 0.444934 0.061674 0.449339 0.066079 0.453745 0.066079 0.462555 0.061674 0.466960 0.057269 0.466960 0.048458 0.475771 0.048458 0.493392 0.044053 0.497797 0.039648 0.497797 0.035242 0.502203 0.030837 0.497797 0.022026 0.497797 0.017621 0.493392 0.013216 0.493392 0.008811 0.488987 0.000000 0.488987 0.000000 0.511013 0.026432 0.511013 0.030837 0.515419 0.035242 0.515419 0.039648 0.511013 0.044053 0.511013 0.048458 0.506608 0.066079 0.506608 0.070485 0.502203 0.070485 0.488987 0.074890 0.484582 0.074890 0.475771 0.066079 0.466960 0.066079 0.458150 0.074890 0.449339 0.074890 0.436123 0.070485 0.431718 0.070485 0.427313 0.066079 0.427313 0.061674 0.431718 0.052863 0.431718 0.048458 0.427313 0.044053 0.427313 0.030837 0.414097 0.030837 0.405286 0.026432 0.400881 0.026432 0.396476 0.017621 0.387665 0.008811 0.387665 0.004405 0.383260
0 0.964758 0.383260 0.955947 0.374449 0.951542 0.378855 0.947137 0.378855 0.942731 0.383260 0.938326 0.378855 0.933921 0.383260 0.920705 0.383260 0.916300 0.378855 0.911894 0.378855 0.911894 0.383260 0.903084 0.392070 0.898678 0.392070 0.894273 0.396476 0.889868 0.396476 0.885463 0.392070 0.881057 0.396476 0.881057 0.400881 0.885463 0.405286 0.889868 0.400881 0.894273 0.400881 0.898678 0.396476 0.907489 0.396476 0.911894 0.400881 0.933921 0.400881 0.938326 0.396476 0.942731 0.396476 0.947137 0.392070 0.955947 0.392070
0 0.224670 0.370044 0.237885 0.383260 0.242291 0.383260 0.246696 0.387665 0.251101 0.387665 0.259912 0.396476 0.259912 0.405286 0.264317 0.405286 0.268722 0.400881 0.273128 0.405286 0.277533 0.400881 0.277533 0.396476 0.268722 0.387665 0.264317 0.387665 0.255507 0.378855 0.255507 0.370044 0.251101 0.365639 0.246696 0.365639 0.242291 0.361233 0.237885 0.365639 0.229075 0.365639
0 0.466960 0.378855 0.462555 0.374449 0.458150 0.378855 0.458150 0.396476 0.444934 0.409692 0.436123 0.414097 0.422908 0.409692 0.405286 0.422908 0.392070 0.414097 0.378855 0.427313 0.370044 0.431718 0.361233 0.427313 0.343612 0.405286 0.343612 0.396476 0.348018 0.392070 0.348018 0.374449 0.361233 0.365639 0.365639 0.352423 0.356828 0.348018 0.348018 0.356828 0.348018 0.365639 0.334802 0.374449 0.325991 0.374449 0.317181 0.370044 0.308370 0.378855 0.317181 0.387665 0.325991 0.387665 0.334802 0.392070 0.343612 0.400881 0.343612 0.409692 0.334802 0.418502 0.325991 0.422908 0.312775 0.422908 0.308370 0.427313 0.308370 0.436123 0.299559 0.453745 0.303965 0.458150 0.303965 0.471366 0.308370 0.475771 0.308370 0.488987 0.312775 0.493392 0.312775 0.502203 0.317181 0.506608 0.334802 0.493392 0.348018 0.497797 0.356828 0.506608 0.365639 0.502203 0.361233 0.493392 0.365639 0.471366 0.361233 0.466960 0.356828 0.466960 0.352423 0.475771 0.334802 0.488987 0.321586 0.480176 0.321586 0.440529 0.334802 0.431718 0.352423 0.440529 0.361233 0.440529 0.374449 0.431718 0.392070 0.440529 0.409692 0.427313 0.418502 0.431718 0.431718 0.431718 0.444934 0.422908 0.453745 0.422908 0.462555 0.427313 0.471366 0.440529 0.480176 0.436123 0.484582 0.440529 0.493392 0.436123 0.488987 0.436123 0.466960 0.418502 0.466960 0.409692 0.471366 0.405286 0.471366 0.392070 0.466960 0.387665
0 0.863436 0.339207 0.859031 0.334802 0.850220 0.334802 0.837004 0.348018 0.832599 0.348018 0.828194 0.352423 0.823789 0.352423 0.814978 0.361233 0.810573 0.361233 0.806167 0.365639 0.801762 0.361233 0.797357 0.365639 0.801762 0.370044 0.806167 0.365639 0.810573 0.370044 0.814978 0.370044 0.819383 0.374449 0.832599 0.374449 0.841410 0.365639 0.845815 0.365639 0.850220 0.361233 0.859031 0.361233 0.863436 0.356828
0 0.167401 0.330396 0.162996 0.325991 0.149780 0.325991 0.145374 0.330396 0.140969 0.330396 0.140969 0.348018 0.132159 0.356828 0.127753 0.356828 0.118943 0.365639 0.123348 0.370044 0.132159 0.361233 0.132159 0.356828 0.136564 0.352423 0.140969 0.352423 0.145374 0.348018 0.154185 0.348018 0.158590 0.352423 0.167401 0.343612
0 0.951542 0.312775 0.951542 0.321586 0.955947 0.321586 0.960352 0.325991 0.986784 0.325991 0.991189 0.330396 0.995595 0.325991 0.995595 0.303965 0.982379 0.303965 0.977974 0.308370 0.964758 0.308370 0.960352 0.303965
0 0.264317 0.295154 0.259912 0.299559 0.259912 0.303965 0.255507 0.308370 0.259912 0.312775 0.259912 0.321586 0.264317 0.325991 0.264317 0.343612 0.268722 0.348018 0.273128 0.348018 0.277533 0.343612 0.277533 0.334802 0.273128 0.330396 0.273128 0.312775 0.277533 0.308370 0.277533 0.299559 0.273128 0.295154
0 0.198238 0.295154 0.193833 0.299559 0.193833 0.308370 0.189427 0.312775 0.189427 0.317181 0.193833 0.321586 0.202643 0.321586 0.207048 0.325991 0.211454 0.325991 0.215859 0.321586 0.220264 0.325991 0.224670 0.321586 0.220264 0.317181 0.220264 0.308370 0.215859 0.303965 0.211454 0.303965 0.207048 0.299559 0.202643 0.299559
0 0.533040 0.290749 0.528634 0.295154 0.528634 0.299559 0.519824 0.308370 0.515419 0.308370 0.506608 0.317181 0.506608 0.334802 0.511013 0.339207 0.511013 0.343612 0.519824 0.352423 0.524229 0.348018 0.528634 0.352423 0.533040 0.352423 0.541850 0.361233 0.546256 0.356828 0.550661 0.361233 0.563877 0.361233 0.572687 0.352423 0.572687 0.343612 0.577093 0.339207 0.572687 0.334802 0.568282 0.339207 0.559471 0.339207 0.546256 0.352423 0.541850 0.352423 0.537445 0.356828 0.533040 0.352423 0.528634 0.352423 0.524229 0.348018 0.524229 0.317181 0.533040 0.308370 0.537445 0.308370 0.541850 0.303965 0.541850 0.295154 0.537445 0.290749
0 0.383260 0.277533 0.365639 0.295154 0.365639 0.299559 0.361233 0.303965 0.361233 0.308370 0.370044 0.317181 0.378855 0.317181 0.383260 0.312775 0.383260 0.290749 0.387665 0.286344 0.387665 0.281938
0 0.044053 0.277533 0.039648 0.281938 0.044053 0.286344 0.048458 0.286344 0.057269 0.295154 0.057269 0.321586 0.052863 0.325991 0.048458 0.325991 0.044053 0.330396 0.039648 0.330396 0.035242 0.325991 0.030837 0.330396 0.035242 0.334802 0.039648 0.330396 0.044053 0.330396 0.048458 0.325991 0.052863 0.325991 0.057269 0.330396 0.061674 0.330396 0.066079 0.334802 0.070485 0.330396 0.070485 0.325991 0.074890 0.321586 0.074890 0.317181 0.070485 0.312775 0.070485 0.303965 0.079295 0.295154 0.083700 0.295154 0.092511 0.286344 0.088106 0.281938 0.061674 0.281938 0.057269 0.277533 0.052863 0.281938 0.048458 0.277533
0 0.995595 0.242291 0.991189 0.246696 0.986784 0.246696 0.977974 0.255507 0.973568 0.255507 0.969163 0.259912 0.964758 0.255507 0.960352 0.259912 0.955947 0.259912 0.947137 0.268722 0.942731 0.268722 0.938326 0.273128 0.933921 0.268722 0.929515 0.273128 0.929515 0.277533 0.925110 0.281938 0.920705 0.281938 0.916300 0.286344 0.907489 0.286344 0.903084 0.290749 0.903084 0.295154 0.911894 0.303965 0.916300 0.303965 0.920705 0.299559 0.920705 0.286344 0.929515 0.277533 0.933921 0.277533 0.938326 0.273128 0.942731 0.277533 0.951542 0.277533 0.955947 0.281938 0.960352 0.277533 0.964758 0.277533 0.969163 0.273128 0.969163 0.268722 0.973568 0.264317 0.977974 0.264317 0.982379 0.259912 0.986784 0.259912 0.991189 0.264317 0.995595 0.264317
0 0.907489 0.220264 0.898678 0.229075 0.898678 0.237885 0.889868 0.246696 0.885463 0.246696 0.881057 0.251101 0.876652 0.251101 0.867841 0.259912 0.863436 0.259912 0.867841 0.264317 0.867841 0.268722 0.872247 0.273128 0.876652 0.273128 0.889868 0.259912 0.894273 0.259912 0.898678 0.255507 0.903084 0.255507 0.907489 0.259912 0.920705 0.246696 0.920705 0.237885 0.916300 0.233480 0.916300 0.229075
0 0.458150 0.220264 0.453745 0.224670 0.449339 0.224670 0.444934 0.229075 0.444934 0.242291 0.440529 0.246696 0.440529 0.251101 0.458150 0.268722 0.462555 0.268722 0.466960 0.273128 0.466960 0.286344 0.462555 0.290749 0.462555 0.299559 0.466960 0.303965 0.480176 0.303965 0.484582 0.299559 0.484582 0.295154 0.466960 0.277533 0.466960 0.268722 0.471366 0.264317 0.471366 0.255507 0.466960 0.251101 0.462555 0.251101 0.458150 0.246696 0.458150 0.229075 0.462555 0.224670
0 0.312775 0.220264 0.308370 0.220264 0.299559 0.229075 0.299559 0.246696 0.308370 0.255507 0.308370 0.264317 0.303965 0.268722 0.299559 0.268722 0.290749 0.277533 0.290749 0.286344 0.295154 0.286344 0.299559 0.290749 0.312775 0.290749 0.317181 0.286344 0.317181 0.277533 0.312775 0.273128 0.312775 0.264317 0.317181 0.259912 0.321586 0.259912 0.325991 0.255507 0.325991 0.242291 0.321586 0.237885 0.321586 0.229075
0 0.823789 0.215859 0.814978 0.237885 0.801762 0.246696 0.784141 0.242291 0.779736 0.246696 0.784141 0.264317 0.753304 0.286344 0.740088 0.277533 0.740088 0.268722 0.726872 0.251101 0.726872 0.242291 0.735683 0.233480 0.735683 0.224670 0.748899 0.211454 0.744493 0.202643 0.735683 0.202643 0.731278 0.198238 0.713656 0.211454 0.722467 0.251101 0.704846 0.264317 0.696035 0.259912 0.687225 0.246696 0.678414 0.246696 0.660793 0.268722 0.660793 0.277533 0.678414 0.290749 0.678414 0.317181 0.674009 0.325991 0.660793 0.334802 0.647577 0.325991 0.647577 0.303965 0.625551 0.295154 0.607930 0.321586 0.612335 0.339207 0.625551 0.348018 0.638767 0.348018 0.643172 0.343612 0.656388 0.348018 0.660793 0.352423 0.660793 0.374449 0.669604 0.392070 0.682819 0.392070 0.687225 0.387665 0.687225 0.378855 0.682819 0.374449 0.682819 0.330396 0.700441 0.317181 0.709251 0.321586 0.722467 0.334802 0.722467 0.343612 0.731278 0.348018 0.748899 0.325991 0.744493 0.321586 0.744493 0.312775 0.762115 0.303965 0.775330 0.312775 0.775330 0.325991 0.770925 0.330396 0.770925 0.343612 0.775330 0.348018 0.792952 0.330396 0.792952 0.321586 0.779736 0.312775 0.779736 0.295154 0.788546 0.281938 0.788546 0.259912 0.797357 0.246696 0.806167 0.242291 0.814978 0.246696 0.828194 0.268722 0.828194 0.286344 0.814978 0.312775 0.823789 0.317181 0.845815 0.295154 0.837004 0.281938 0.837004 0.268722 0.850220 0.259912 0.845815 0.259912 0.823789 0.233480 0.823789 0.224670 0.828194 0.220264
0 0.079295 0.189427 0.070485 0.180617 0.061674 0.180617 0.057269 0.176211 0.048458 0.176211 0.044053 0.180617 0.017621 0.180617 0.008811 0.189427 0.004405 0.189427 0.000000 0.193833 0.000000 0.220264 0.017621 0.202643 0.022026 0.202643 0.026432 0.198238 0.030837 0.198238 0.035242 0.193833 0.052863 0.193833 0.057269 0.198238 0.061674 0.193833 0.066079 0.198238 0.074890 0.198238 0.079295 0.193833
0 0.797357 0.162996 0.784141 0.176211 0.784141 0.185022 0.779736 0.189427 0.779736 0.193833 0.784141 0.198238 0.788546 0.198238 0.792952 0.202643 0.801762 0.193833 0.801762 0.189427 0.806167 0.185022 0.806167 0.171806
0 0.929515 0.158590 0.925110 0.158590 0.925110 0.176211 0.916300 0.185022 0.916300 0.189427 0.920705 0.193833 0.929515 0.193833 0.938326 0.185022 0.938326 0.167401
0 0.612335 0.145374 0.607930 0.145374 0.594714 0.158590 0.590308 0.158590 0.581498 0.167401 0.581498 0.171806 0.585903 0.176211 0.585903 0.189427 0.581498 0.193833 0.577093 0.193833 0.568282 0.202643 0.568282 0.211454 0.572687 0.215859 0.581498 0.215859 0.594714 0.202643 0.585903 0.193833 0.585903 0.185022 0.594714 0.176211 0.599119 0.176211 0.607930 0.167401 0.607930 0.162996 0.616740 0.154185 0.616740 0.149780
0 0.638767 0.136564 0.634361 0.140969 0.634361 0.145374 0.638767 0.145374 0.647577 0.154185 0.647577 0.180617 0.638767 0.189427 0.634361 0.189427 0.629956 0.193833 0.629956 0.215859 0.634361 0.220264 0.656388 0.220264 0.660793 0.215859 0.660793 0.211454 0.647577 0.198238 0.647577 0.180617 0.651982 0.176211 0.656388 0.176211 0.660793 0.171806 0.660793 0.149780 0.656388 0.145374 0.651982 0.145374 0.647577 0.140969 0.643172 0.140969
0 0.748899 0.132159 0.744493 0.127753 0.740088 0.132159 0.735683 0.127753 0.731278 0.132159 0.726872 0.132159 0.722467 0.136564 0.718062 0.136564 0.709251 0.145374 0.709251 0.149780 0.713656 0.154185 0.735683 0.154185 0.744493 0.145374 0.744493 0.140969 0.748899 0.136564
0 0.590308 0.114537 0.581498 0.105727 0.577093 0.105727 0.572687 0.110132 0.563877 0.110132 0.555066 0.118943 0.559471 0.123348 0.563877 0.123348 0.568282 0.127753 0.581498 0.127753 0.585903 0.123348 0.585903 0.118943
0 0.603524 0.074890 0.603524 0.079295 0.621145 0.096916 0.625551 0.096916 0.629956 0.101322 0.643172 0.101322 0.647577 0.096916 0.647577 0.088106 0.643172 0.083700 0.634361 0.083700 0.629956 0.079295 0.625551 0.079295 0.616740 0.070485 0.607930 0.070485
0 0.431718 0.061674 0.422908 0.061674 0.409692 0.074890 0.405286 0.074890 0.400881 0.079295 0.392070 0.079295 0.383260 0.088106 0.383260 0.092511 0.374449 0.101322 0.370044 0.101322 0.361233 0.110132 0.361233 0.123348 0.365639 0.127753 0.370044 0.127753 0.374449 0.132159 0.378855 0.132159 0.383260 0.136564 0.383260 0.145374 0.387665 0.149780 0.387665 0.158590 0.383260 0.162996 0.383260 0.176211 0.378855 0.180617 0.378855 0.193833 0.383260 0.198238 0.383260 0.202643 0.387665 0.207048 0.392070 0.207048 0.400881 0.198238 0.400881 0.180617 0.405286 0.176211 0.409692 0.176211 0.414097 0.171806 0.418502 0.176211 0.422908 0.176211 0.431718 0.185022 0.436123 0.185022 0.440529 0.180617 0.444934 0.180617 0.449339 0.176211 0.453745 0.176211 0.458150 0.171806 0.458150 0.158590 0.449339 0.149780 0.440529 0.158590 0.436123 0.158590 0.427313 0.167401 0.422908 0.167401 0.418502 0.171806 0.414097 0.171806 0.409692 0.167401 0.405286 0.167401 0.400881 0.162996 0.400881 0.136564 0.396476 0.132159 0.392070 0.132159 0.383260 0.123348 0.383260 0.105727 0.387665 0.101322 0.392070 0.101322 0.396476 0.096916 0.400881 0.096916 0.405286 0.092511 0.409692 0.092511 0.414097 0.096916 0.418502 0.096916 0.436123 0.079295 0.436123 0.074890 0.440529 0.070485
0 0.211454 0.088106 0.211454 0.096916 0.215859 0.101322 0.215859 0.105727 0.224670 0.114537 0.224670 0.118943 0.233480 0.127753 0.237885 0.123348 0.242291 0.127753 0.246696 0.127753 0.251101 0.132159 0.259912 0.132159 0.264317 0.136564 0.273128 0.136564 0.277533 0.132159 0.281938 0.132159 0.286344 0.127753 0.290749 0.132159 0.295154 0.132159 0.299559 0.127753 0.295154 0.123348 0.281938 0.123348 0.277533 0.118943 0.273128 0.118943 0.268722 0.114537 0.255507 0.114537 0.251101 0.118943 0.246696 0.118943 0.242291 0.114537 0.237885 0.114537 0.233480 0.110132 0.233480 0.079295 0.237885 0.074890 0.237885 0.066079 0.233480 0.061674 0.229075 0.066079 0.229075 0.070485
0 0.189427 0.061674 0.176211 0.061674 0.158590 0.079295 0.149780 0.105727 0.132159 0.118943 0.118943 0.123348 0.110132 0.118943 0.101322 0.105727 0.088106 0.110132 0.092511 0.114537 0.096916 0.110132 0.105727 0.114537 0.123348 0.136564 0.123348 0.149780 0.110132 0.158590 0.083700 0.140969 0.061674 0.136564 0.052863 0.127753 0.039648 0.127753 0.035242 0.132159 0.039648 0.145374 0.052863 0.145374 0.088106 0.162996 0.105727 0.158590 0.118943 0.167401 0.132159 0.189427 0.136564 0.233480 0.123348 0.242291 0.101322 0.229075 0.088106 0.237885 0.088106 0.246696 0.096916 0.255507 0.110132 0.255507 0.140969 0.277533 0.154185 0.277533 0.158590 0.281938 0.167401 0.255507 0.180617 0.251101 0.198238 0.259912 0.202643 0.255507 0.215859 0.255507 0.233480 0.242291 0.237885 0.246696 0.246696 0.237885 0.237885 0.229075 0.229075 0.202643 0.229075 0.189427 0.233480 0.185022 0.229075 0.167401 0.237885 0.158590 0.233480 0.145374 0.198238 0.167401 0.180617 0.167401 0.171806 0.171806 0.180617 0.185022 0.189427 0.185022 0.207048 0.171806 0.220264 0.180617 0.220264 0.202643 0.229075 0.224670 0.229075 0.237885 0.215859 0.246696 0.207048 0.242291 0.198238 0.229075 0.189427 0.237885 0.176211 0.242291 0.154185 0.233480 0.140969 0.215859 0.145374 0.180617 0.158590 0.171806 0.136564 0.154185 0.136564 0.140969 0.149780 0.132159 0.149780 0.110132 0.171806 0.092511 0.171806 0.083700 0.193833 0.066079
0 0.801762 0.061674 0.797357 0.057269 0.788546 0.066079 0.784141 0.066079 0.779736 0.070485 0.775330 0.070485 0.770925 0.074890 0.766520 0.070485 0.762115 0.070485 0.757709 0.066079 0.753304 0.066079 0.744493 0.074890 0.744493 0.079295 0.740088 0.083700 0.735683 0.083700 0.731278 0.088106 0.726872 0.083700 0.722467 0.083700 0.700441 0.105727 0.696035 0.105727 0.687225 0.114537 0.696035 0.123348 0.704846 0.114537 0.709251 0.114537 0.718062 0.105727 0.718062 0.101322 0.735683 0.083700 0.740088 0.083700 0.744493 0.079295 0.748899 0.083700 0.753304 0.083700 0.757709 0.079295 0.762115 0.079295 0.766520 0.074890 0.770925 0.079295 0.775330 0.079295 0.779736 0.083700 0.792952 0.083700 0.801762 0.074890
0 0.096916 0.079295 0.096916 0.070485 0.092511 0.066079 0.092511 0.061674 0.088106 0.057269 0.079295 0.066079 0.079295 0.074890 0.074890 0.079295 0.070485 0.079295 0.066079 0.083700 0.061674 0.079295 0.057269 0.079295 0.052863 0.074890 0.039648 0.074890 0.035242 0.070485 0.030837 0.070485 0.026432 0.066079 0.022026 0.066079 0.013216 0.074890 0.017621 0.079295 0.017621 0.083700 0.026432 0.092511 0.057269 0.092511 0.061674 0.088106 0.066079 0.088106 0.070485 0.083700 0.079295 0.083700 0.083700 0.088106 0.088106 0.088106
0 0.850220 0.052863 0.845815 0.057269 0.845815 0.074890 0.841410 0.079295 0.841410 0.092511 0.850220 0.101322 0.854626 0.101322 0.859031 0.105727 0.863436 0.105727 0.872247 0.114537 0.872247 0.127753 0.867841 0.132159 0.863436 0.132159 0.850220 0.145374 0.850220 0.158590 0.854626 0.162996 0.859031 0.162996 0.863436 0.158590 0.867841 0.158590 0.876652 0.149780 0.876652 0.145374 0.881057 0.140969 0.881057 0.132159 0.876652 0.127753 0.876652 0.114537 0.881057 0.110132 0.881057 0.105727 0.876652 0.101322 0.872247 0.101322 0.867841 0.096916 0.867841 0.088106 0.863436 0.083700 0.863436 0.057269 0.859031 0.052863
0 0.502203 0.052863 0.493392 0.061674 0.497797 0.066079 0.497797 0.074890 0.493392 0.079295 0.493392 0.083700 0.488987 0.088106 0.488987 0.096916 0.493392 0.101322 0.493392 0.110132 0.497797 0.114537 0.497797 0.118943 0.502203 0.123348 0.506608 0.123348 0.511013 0.118943 0.511013 0.096916 0.515419 0.092511 0.519824 0.092511 0.524229 0.088106 0.528634 0.088106 0.533040 0.092511 0.537445 0.092511 0.546256 0.083700 0.546256 0.079295 0.537445 0.070485 0.533040 0.070485 0.528634 0.074890 0.524229 0.074890 0.519824 0.079295 0.515419 0.074890 0.511013 0.074890 0.506608 0.070485 0.506608 0.061674 0.511013 0.057269 0.506608 0.052863
0 0.964758 0.052863 0.955947 0.044053 0.951542 0.048458 0.947137 0.048458 0.942731 0.052863 0.929515 0.052863 0.925110 0.048458 0.903084 0.048458 0.898678 0.052863 0.898678 0.070485 0.903084 0.074890 0.907489 0.074890 0.920705 0.061674 0.925110 0.061674 0.929515 0.057269 0.938326 0.057269 0.942731 0.061674 0.960352 0.061674 0.964758 0.057269
0 0.590308 0.039648 0.590308 0.044053 0.594714 0.048458 0.599119 0.048458 0.603524 0.044053 0.607930 0.048458 0.612335 0.044053 0.616740 0.044053 0.621145 0.039648 0.625551 0.044053 0.629956 0.044053 0.647577 0.061674 0.651982 0.061674 0.656388 0.066079 0.669604 0.066079 0.674009 0.061674 0.669604 0.057269 0.660793 0.057269 0.656388 0.052863 0.651982 0.052863 0.643172 0.044053 0.643172 0.035242 0.638767 0.030837 0.634361 0.030837 0.629956 0.035242 0.616740 0.035242 0.612335 0.030837 0.603524 0.030837 0.599119 0.035242 0.594714 0.035242
0 0.000000 0.026432 0.000000 0.044053 0.017621 0.044053 0.022026 0.039648 0.026432 0.039648 0.030837 0.035242 0.030837 0.030837 0.022026 0.022026 0.008811 0.022026 0.004405 0.026432
0 0.127753 0.026432 0.132159 0.030837 0.136564 0.030837 0.149780 0.044053 0.162996 0.044053 0.171806 0.035242 0.171806 0.026432 0.167401 0.022026 0.162996 0.022026 0.158590 0.017621 0.149780 0.017621 0.145374 0.022026 0.132159 0.022026
0 0.475771 0.008811 0.471366 0.013216 0.466960 0.013216 0.462555 0.017621 0.458150 0.017621 0.466960 0.026432 0.466960 0.030837 0.471366 0.035242 0.475771 0.035242 0.480176 0.039648 0.484582 0.035242 0.488987 0.035242 0.493392 0.030837 0.493392 0.022026 0.484582 0.013216 0.480176 0.013216
0 0.810573 0.000000 0.810573 0.017621 0.819383 0.026432 0.828194 0.026432 0.832599 0.030837 0.841410 0.022026 0.841410 0.017621 0.832599 0.008811 0.832599 0.000000
0 0.396476 0.000000 0.378855 0.000000 0.378855 0.008811 0.361233 0.026432 0.356828 0.026432 0.352423 0.030837 0.348018 0.026432 0.343612 0.026432 0.334802 0.017621 0.330396 0.022026 0.330396 0.026432 0.334802 0.030837 0.339207 0.030837 0.343612 0.026432 0.348018 0.026432 0.352423 0.030837 0.356828 0.030837 0.370044 0.044053 0.374449 0.039648 0.378855 0.039648 0.387665 0.030837 0.387665 0.026432 0.392070 0.022026 0.392070 0.004405
0 0.286344 0.000000 0.286344 0.013216 0.281938 0.017621 0.281938 0.026432 0.268722 0.039648 0.264317 0.039648 0.259912 0.044053 0.255507 0.039648 0.251101 0.044053 0.255507 0.048458 0.264317 0.039648 0.268722 0.039648 0.273128 0.035242 0.277533 0.039648 0.281938 0.039648 0.290749 0.048458 0.290749 0.057269 0.286344 0.061674 0.281938 0.061674 0.268722 0.074890 0.268722 0.079295 0.277533 0.088106 0.281938 0.083700 0.286344 0.088106 0.299559 0.074890 0.303965 0.074890 0.308370 0.070485 0.312775 0.074890 0.317181 0.074890 0.325991 0.083700 0.325991 0.092511 0.321586 0.096916 0.321586 0.101322 0.317181 0.105727 0.321586 0.110132 0.325991 0.110132 0.334802 0.101322 0.334802 0.096916 0.339207 0.092511 0.334802 0.088106 0.334802 0.070485 0.330396 0.066079 0.321586 0.066079 0.317181 0.070485 0.308370 0.070485 0.303965 0.066079 0.299559 0.066079 0.290749 0.057269 0.290749 0.048458 0.295154 0.044053 0.295154 0.039648 0.299559 0.035242 0.299559 0.030837 0.303965 0.026432 0.299559 0.022026 0.299559 0.017621 0.295154 0.013216 0.295154 0.000000
