0 0.537445 0.951542 0.533040 0.955947 0.528634 0.955947 0.524229 0.960352 0.524229 0.964758 0.528634 0.969163 0.528634 0.973568 0.541850 0.986784 0.550661 0.977974 0.550661 0.960352 0.541850 0.951542
0 0.788546 0.920705 0.784141 0.925110 0.784141 0.929515 0.788546 0.933921 0.788546 0.942731 0.784141 0.947137 0.779736 0.947137 0.784141 0.947137 0.788546 0.951542 0.788546 0.960352 0.792952 0.964758 0.792952 0.969163 0.797357 0.973568 0.810573 0.960352 0.810573 0.951542 0.792952 0.933921 0.792952 0.925110
0 0.722467 0.929515 0.713656 0.920705 0.700441 0.920705 0.687225 0.933921 0.687225 0.942731 0.691630 0.947137 0.700441 0.947137 0.704846 0.942731 0.709251 0.942731 0.713656 0.938326 0.718062 0.938326 0.722467 0.933921
0 0.903084 0.916300 0.889868 0.929515 0.889868 0.933921 0.894273 0.938326 0.894273 0.951542 0.898678 0.955947 0.903084 0.955947 0.907489 0.960352 0.916300 0.960352 0.920705 0.955947 0.920705 0.951542 0.911894 0.942731 0.911894 0.938326 0.907489 0.933921 0.907489 0.920705
0 0.255507 0.916300 0.251101 0.916300 0.242291 0.907489 0.233480 0.916300 0.229075 0.916300 0.224670 0.920705 0.220264 0.920705 0.207048 0.933921 0.202643 0.933921 0.198238 0.938326 0.193833 0.933921 0.189427 0.938326 0.189427 0.942731 0.193833 0.947137 0.198238 0.947137 0.202643 0.942731 0.207048 0.942731 0.211454 0.938326 0.220264 0.938326 0.224670 0.942731 0.237885 0.942731 0.246696 0.933921 0.246696 0.920705 0.251101 0.916300
0 0.118943 0.911894 0.118943 0.916300 0.123348 0.916300 0.127753 0.920705 0.158590 0.920705 0.162996 0.916300 0.158590 0.911894 0.158590 0.907489 0.154185 0.903084 0.136564 0.903084 0.132159 0.907489 0.127753 0.907489 0.123348 0.911894
0 0.828194 0.894273 0.819383 0.903084 0.823789 0.907489 0.823789 0.911894 0.828194 0.916300 0.837004 0.916300 0.841410 0.920705 0.845815 0.920705 0.854626 0.911894 0.854626 0.907489 0.850220 0.903084 0.841410 0.903084 0.837004 0.898678 0.832599 0.898678
0 0.400881 0.903084 0.396476 0.898678 0.392070 0.898678 0.387665 0.894273 0.383260 0.894273 0.370044 0.907489 0.370044 0.911894 0.365639 0.916300 0.365639 0.925110 0.370044 0.929515 0.374449 0.925110 0.383260 0.925110 0.400881 0.907489
0 0.110132 0.916300 0.105727 0.916300 0.101322 0.911894 0.096916 0.916300 0.088106 0.916300 0.083700 0.911894 0.079295 0.911894 0.074890 0.907489 0.074890 0.903084 0.066079 0.894273 0.061674 0.898678 0.061674 0.903084 0.066079 0.907489 0.066079 0.933921 0.061674 0.938326 0.057269 0.938326 0.052863 0.942731 0.035242 0.942731 0.030837 0.947137 0.030837 0.951542 0.039648 0.960352 0.044053 0.955947 0.048458 0.960352 0.061674 0.960352 0.079295 0.942731 0.079295 0.938326 0.083700 0.933921 0.083700 0.929515 0.088106 0.925110 0.092511 0.925110 0.096916 0.920705 0.101322 0.920705 0.105727 0.916300
0 0.541850 0.898678 0.537445 0.898678 0.528634 0.889868 0.524229 0.889868 0.506608 0.907489 0.502203 0.907489 0.493392 0.916300 0.488987 0.916300 0.484582 0.920705 0.462555 0.920705 0.458150 0.925110 0.462555 0.929515 0.462555 0.942731 0.458150 0.947137 0.453745 0.947137 0.449339 0.951542 0.444934 0.951542 0.440529 0.955947 0.436123 0.955947 0.427313 0.964758 0.427313 0.986784 0.431718 0.991189 0.431718 0.995595 0.431718 0.991189 0.436123 0.986784 0.436123 0.977974 0.440529 0.973568 0.440529 0.969163 0.444934 0.964758 0.449339 0.964758 0.458150 0.955947 0.458150 0.947137 0.466960 0.938326 0.471366 0.938326 0.475771 0.933921 0.484582 0.933921 0.488987 0.938326 0.497797 0.938326 0.506608 0.929515 0.506608 0.911894 0.511013 0.907489 0.515419 0.907489 0.519824 0.903084 0.524229 0.907489 0.533040 0.907489
0 0.925110 0.885463 0.920705 0.881057 0.907489 0.881057 0.903084 0.885463 0.898678 0.885463 0.894273 0.889868 0.885463 0.889868 0.881057 0.885463 0.872247 0.885463 0.867841 0.889868 0.867841 0.894273 0.872247 0.894273 0.876652 0.898678 0.881057 0.898678 0.885463 0.894273 0.889868 0.894273 0.894273 0.889868 0.898678 0.889868 0.903084 0.894273 0.907489 0.894273 0.911894 0.898678 0.916300 0.898678 0.925110 0.889868
0 0.995595 0.863436 0.986784 0.863436 0.982379 0.867841 0.977974 0.863436 0.973568 0.867841 0.955947 0.867841 0.947137 0.876652 0.947137 0.881057 0.955947 0.889868 0.955947 0.907489 0.960352 0.911894 0.964758 0.911894 0.969163 0.907489 0.969163 0.885463 0.977974 0.876652 0.982379 0.876652 0.986784 0.872247 0.995595 0.872247
0 0.070485 0.867841 0.074890 0.872247 0.079295 0.867841 0.083700 0.872247 0.088106 0.872247 0.092511 0.876652 0.096916 0.876652 0.101322 0.881057 0.118943 0.881057 0.123348 0.876652 0.123348 0.867841 0.118943 0.863436 0.101322 0.863436 0.096916 0.867841 0.092511 0.867841 0.088106 0.872247 0.083700 0.867841 0.079295 0.867841 0.074890 0.863436
0 0.414097 0.867841 0.418502 0.872247 0.440529 0.872247 0.444934 0.876652 0.449339 0.876652 0.462555 0.889868 0.466960 0.885463 0.462555 0.881057 0.462555 0.876652 0.440529 0.854626 0.427313 0.854626
0 0.264317 0.854626 0.264317 0.859031 0.268722 0.863436 0.273128 0.863436 0.277533 0.859031 0.281938 0.859031 0.286344 0.854626 0.290749 0.859031 0.295154 0.859031 0.299559 0.863436 0.303965 0.863436 0.308370 0.867841 0.317181 0.859031 0.317181 0.850220 0.312775 0.845815 0.299559 0.845815 0.295154 0.850220 0.290749 0.850220 0.286344 0.854626 0.281938 0.850220 0.277533 0.850220 0.273128 0.845815
0 0.572687 0.837004 0.568282 0.841410 0.568282 0.859031 0.572687 0.863436 0.572687 0.876652 0.559471 0.889868 0.559471 0.894273 0.555066 0.898678 0.559471 0.898678 0.568282 0.907489 0.572687 0.907489 0.581498 0.898678 0.581498 0.889868 0.585903 0.885463 0.590308 0.885463 0.594714 0.881057 0.599119 0.885463 0.616740 0.885463 0.621145 0.881057 0.612335 0.872247 0.607930 0.872247 0.603524 0.876652 0.599119 0.876652 0.594714 0.881057 0.590308 0.881057 0.585903 0.876652 0.581498 0.876652 0.577093 0.872247 0.577093 0.863436 0.581498 0.859031 0.581498 0.845815
0 0.480176 0.823789 0.480176 0.828194 0.488987 0.837004 0.493392 0.837004 0.506608 0.850220 0.511013 0.845815 0.515419 0.845815 0.519824 0.841410 0.515419 0.837004 0.511013 0.837004 0.497797 0.823789 0.488987 0.823789 0.484582 0.819383
0 0.110132 0.810573 0.114537 0.814978 0.114537 0.823789 0.118943 0.828194 0.118943 0.832599 0.132159 0.845815 0.136564 0.845815 0.140969 0.850220 0.149780 0.850220 0.154185 0.845815 0.154185 0.837004 0.158590 0.832599 0.162996 0.832599 0.167401 0.828194 0.171806 0.832599 0.176211 0.832599 0.180617 0.837004 0.180617 0.854626 0.176211 0.859031 0.176211 0.867841 0.180617 0.872247 0.193833 0.872247 0.202643 0.863436 0.207048 0.863436 0.211454 0.859031 0.220264 0.859031 0.224670 0.863436 0.229075 0.859031 0.233480 0.863436 0.237885 0.859031 0.237885 0.845815 0.224670 0.832599 0.220264 0.837004 0.220264 0.854626 0.215859 0.859031 0.211454 0.859031 0.207048 0.863436 0.202643 0.859031 0.198238 0.859031 0.193833 0.854626 0.193833 0.850220 0.189427 0.845815 0.189427 0.832599 0.193833 0.828194 0.193833 0.823789 0.189427 0.819383 0.189427 0.814978 0.180617 0.806167 0.171806 0.814978 0.171806 0.823789 0.167401 0.828194 0.162996 0.828194 0.158590 0.832599 0.154185 0.828194 0.149780 0.828194 0.136564 0.814978 0.132159 0.814978 0.127753 0.810573 0.123348 0.810573 0.118943 0.806167 0.114537 0.810573
0 0.814978 0.801762 0.806167 0.801762 0.797357 0.810573 0.797357 0.837004 0.801762 0.841410 0.810573 0.841410 0.814978 0.837004 0.814978 0.823789 0.819383 0.819383 0.819383 0.806167
0 0.629956 0.806167 0.629956 0.814978 0.634361 0.819383 0.643172 0.819383 0.647577 0.823789 0.651982 0.823789 0.656388 0.828194 0.674009 0.828194 0.678414 0.832599 0.682819 0.832599 0.691630 0.841410 0.696035 0.841410 0.700441 0.845815 0.704846 0.845815 0.709251 0.850220 0.709251 0.854626 0.713656 0.859031 0.722467 0.859031 0.726872 0.854626 0.726872 0.850220 0.718062 0.841410 0.713656 0.841410 0.709251 0.837004 0.704846 0.837004 0.691630 0.823789 0.691630 0.819383 0.687225 0.814978 0.687225 0.810573 0.682819 0.806167 0.669604 0.806167 0.665198 0.810573 0.651982 0.810573 0.647577 0.806167 0.643172 0.806167 0.638767 0.801762 0.634361 0.801762
0 0.096916 0.810573 0.088106 0.801762 0.083700 0.801762 0.079295 0.806167 0.074890 0.806167 0.070485 0.810573 0.066079 0.810573 0.061674 0.814978 0.057269 0.814978 0.048458 0.823789 0.048458 0.828194 0.052863 0.832599 0.061674 0.832599 0.066079 0.828194 0.070485 0.828194 0.083700 0.814978 0.088106 0.814978 0.092511 0.810573
0 0.325991 0.779736 0.321586 0.775330 0.321586 0.770925 0.317181 0.775330 0.312775 0.775330 0.308370 0.779736 0.303965 0.779736 0.299559 0.784141 0.295154 0.779736 0.290749 0.779736 0.286344 0.784141 0.281938 0.779736 0.277533 0.779736 0.273128 0.784141 0.277533 0.788546 0.281938 0.788546 0.286344 0.784141 0.290749 0.788546 0.295154 0.788546 0.299559 0.792952 0.317181 0.792952 0.325991 0.784141
0 0.837004 0.770925 0.832599 0.775330 0.832599 0.784141 0.837004 0.788546 0.841410 0.788546 0.850220 0.797357 0.859031 0.797357 0.863436 0.792952 0.854626 0.784141 0.854626 0.775330 0.845815 0.766520 0.841410 0.770925
0 0.607930 0.731278 0.629956 0.753304 0.634361 0.748899 0.638767 0.748899 0.643172 0.744493 0.638767 0.740088 0.638767 0.735683 0.629956 0.726872 0.621145 0.726872 0.616740 0.731278 0.612335 0.726872
0 0.418502 0.726872 0.414097 0.731278 0.409692 0.731278 0.400881 0.740088 0.400881 0.744493 0.409692 0.753304 0.414097 0.748899 0.418502 0.748899 0.422908 0.744493 0.427313 0.744493 0.431718 0.740088 0.436123 0.744493 0.440529 0.744493 0.444934 0.748899 0.449339 0.748899 0.453745 0.753304 0.458150 0.753304 0.462555 0.757709 0.462555 0.770925 0.458150 0.775330 0.458150 0.792952 0.444934 0.806167 0.440529 0.806167 0.436123 0.810573 0.436123 0.819383 0.440529 0.823789 0.444934 0.823789 0.453745 0.814978 0.458150 0.814978 0.462555 0.810573 0.466960 0.810573 0.466960 0.792952 0.480176 0.779736 0.480176 0.753304 0.462555 0.735683 0.453745 0.735683 0.449339 0.740088 0.444934 0.740088 0.440529 0.744493 0.436123 0.744493 0.431718 0.740088 0.427313 0.740088 0.422908 0.735683 0.422908 0.731278
0 0.070485 0.740088 0.070485 0.731278 0.066079 0.726872 0.066079 0.722467 0.057269 0.713656 0.052863 0.713656 0.048458 0.718062 0.044053 0.718062 0.039648 0.722467 0.035242 0.722467 0.030837 0.726872 0.026432 0.726872 0.022026 0.731278 0.008811 0.731278 0.004405 0.735683 0.000000 0.735683 0.004405 0.740088 0.008811 0.740088 0.013216 0.744493 0.013216 0.748899 0.017621 0.753304 0.026432 0.753304 0.030837 0.757709 0.035242 0.753304 0.048458 0.753304 0.052863 0.748899 0.061674 0.748899
0 0.881057 0.713656 0.894273 0.726872 0.898678 0.726872 0.903084 0.722467 0.907489 0.722467 0.911894 0.718062 0.916300 0.718062 0.925110 0.709251 0.920705 0.704846 0.889868 0.704846
0 0.237885 0.696035 0.233480 0.691630 0.220264 0.691630 0.215859 0.696035 0.211454 0.696035 0.207048 0.700441 0.198238 0.700441 0.193833 0.704846 0.193833 0.709251 0.185022 0.718062 0.180617 0.718062 0.176211 0.722467 0.158590 0.722467 0.132159 0.748899 0.136564 0.753304 0.145374 0.744493 0.149780 0.744493 0.154185 0.740088 0.180617 0.740088 0.193833 0.726872 0.198238 0.726872 0.207048 0.718062 0.211454 0.718062 0.215859 0.713656 0.220264 0.713656 0.224670 0.709251 0.229075 0.709251 0.237885 0.700441
0 0.502203 0.660793 0.484582 0.638767 0.480176 0.638767 0.480176 0.647577 0.466960 0.656388 0.462555 0.651982 0.458150 0.651982 0.449339 0.643172 0.431718 0.643172 0.427313 0.647577 0.422908 0.647577 0.418502 0.651982 0.405286 0.656388 0.392070 0.669604 0.387665 0.669604 0.383260 0.674009 0.374449 0.674009 0.370044 0.678414 0.348018 0.678414 0.343612 0.682819 0.343612 0.691630 0.330396 0.700441 0.308370 0.700441 0.295154 0.713656 0.290749 0.713656 0.286344 0.718062 0.281938 0.718062 0.277533 0.713656 0.273128 0.718062 0.259912 0.722467 0.255507 0.726872 0.255507 0.735683 0.251101 0.740088 0.246696 0.740088 0.237885 0.748899 0.233480 0.748899 0.220264 0.757709 0.224670 0.762115 0.233480 0.762115 0.237885 0.757709 0.251101 0.753304 0.268722 0.731278 0.273128 0.731278 0.286344 0.718062 0.290749 0.718062 0.295154 0.713656 0.299559 0.713656 0.303965 0.718062 0.321586 0.718062 0.325991 0.713656 0.330396 0.713656 0.334802 0.709251 0.334802 0.700441 0.348018 0.691630 0.352423 0.691630 0.365639 0.700441 0.374449 0.700441 0.378855 0.696035 0.383260 0.696035 0.387665 0.700441 0.396476 0.700441 0.400881 0.696035 0.405286 0.696035 0.409692 0.691630 0.414097 0.691630 0.418502 0.687225 0.422908 0.687225 0.427313 0.682819 0.431718 0.682819 0.444934 0.674009 0.449339 0.678414 0.453745 0.678414 0.462555 0.691630 0.475771 0.691630 0.484582 0.682819 0.484582 0.678414
0 0.101322 0.634361 0.096916 0.638767 0.096916 0.643172 0.101322 0.647577 0.101322 0.656388 0.096916 0.660793 0.092511 0.660793 0.088106 0.665198 0.083700 0.665198 0.074890 0.674009 0.074890 0.687225 0.079295 0.691630 0.079295 0.696035 0.088106 0.704846 0.110132 0.704846 0.114537 0.709251 0.132159 0.709251 0.140969 0.700441 0.140969 0.696035 0.145374 0.691630 0.136564 0.682819 0.132159 0.682819 0.105727 0.656388 0.105727 0.647577 0.110132 0.643172 0.114537 0.643172 0.114537 0.638767 0.110132 0.638767 0.105727 0.634361
0 0.916300 0.616740 0.907489 0.616740 0.903084 0.621145 0.898678 0.621145 0.889868 0.629956 0.889868 0.651982 0.894273 0.656388 0.903084 0.656388 0.907489 0.651982 0.907489 0.647577 0.903084 0.643172 0.903084 0.634361 0.911894 0.625551 0.916300 0.625551 0.920705 0.621145
0 0.325991 0.621145 0.317181 0.612335 0.312775 0.612335 0.303965 0.621145 0.303965 0.625551 0.299559 0.629956 0.295154 0.629956 0.290749 0.634361 0.286344 0.634361 0.281938 0.638767 0.273128 0.638767 0.264317 0.647577 0.264317 0.651982 0.259912 0.656388 0.255507 0.656388 0.251101 0.660793 0.246696 0.656388 0.242291 0.656388 0.237885 0.651982 0.229075 0.651982 0.224670 0.656388 0.224670 0.660793 0.229075 0.665198 0.251101 0.665198 0.255507 0.669604 0.259912 0.669604 0.264317 0.674009 0.273128 0.674009 0.277533 0.669604 0.277533 0.660793 0.281938 0.656388 0.281938 0.651982 0.286344 0.647577 0.290749 0.647577 0.295154 0.643172 0.303965 0.643172 0.308370 0.638767 0.312775 0.638767 0.317181 0.634361 0.321586 0.634361 0.325991 0.629956
0 0.132159 0.612335 0.127753 0.616740 0.132159 0.621145 0.132159 0.634361 0.127753 0.638767 0.123348 0.638767 0.127753 0.643172 0.132159 0.643172 0.136564 0.647577 0.140969 0.643172 0.149780 0.643172 0.162996 0.629956 0.158590 0.625551 0.154185 0.625551 0.149780 0.621145 0.145374 0.621145 0.136564 0.612335
0 0.030837 0.612335 0.026432 0.616740 0.026432 0.634361 0.030837 0.638767 0.048458 0.638767 0.057269 0.629956 0.057269 0.621145 0.048458 0.612335
0 0.110132 0.563877 0.105727 0.559471 0.088106 0.559471 0.083700 0.563877 0.079295 0.563877 0.074890 0.568282 0.070485 0.568282 0.061674 0.577093 0.066079 0.581498 0.070485 0.581498 0.074890 0.577093 0.079295 0.577093 0.083700 0.572687 0.101322 0.572687
0 0.709251 0.555066 0.704846 0.555066 0.700441 0.559471 0.700441 0.563877 0.696035 0.568282 0.696035 0.577093 0.704846 0.585903 0.704846 0.594714 0.687225 0.612335 0.687225 0.634361 0.696035 0.643172 0.696035 0.651982 0.691630 0.656388 0.691630 0.660793 0.682819 0.669604 0.678414 0.669604 0.674009 0.674009 0.669604 0.674009 0.660793 0.682819 0.660793 0.709251 0.665198 0.713656 0.669604 0.713656 0.674009 0.709251 0.674009 0.696035 0.682819 0.687225 0.687225 0.687225 0.700441 0.674009 0.700441 0.656388 0.696035 0.651982 0.696035 0.638767 0.704846 0.629956 0.704846 0.625551 0.709251 0.621145 0.709251 0.616740 0.713656 0.612335 0.709251 0.607930 0.709251 0.603524 0.704846 0.599119 0.704846 0.590308 0.713656 0.581498 0.713656 0.572687 0.718062 0.568282 0.713656 0.563877 0.713656 0.559471
0 0.665198 0.555066 0.660793 0.555066 0.651982 0.563877 0.651982 0.572687 0.643172 0.581498 0.638767 0.581498 0.629956 0.590308 0.629956 0.621145 0.625551 0.625551 0.625551 0.629956 0.621145 0.634361 0.621145 0.643172 0.616740 0.647577 0.621145 0.651982 0.621145 0.656388 0.625551 0.660793 0.634361 0.660793 0.643172 0.651982 0.643172 0.634361 0.647577 0.629956 0.647577 0.625551 0.643172 0.621145 0.643172 0.603524 0.647577 0.599119 0.647577 0.594714 0.651982 0.590308 0.651982 0.581498 0.660793 0.572687 0.665198 0.572687 0.669604 0.568282 0.669604 0.559471
0 0.916300 0.550661 0.911894 0.546256 0.907489 0.546256 0.903084 0.541850 0.898678 0.546256 0.889868 0.546256 0.881057 0.555066 0.881057 0.559471 0.889868 0.568282 0.903084 0.568282 0.907489 0.563877 0.907489 0.559471
0 0.207048 0.537445 0.193833 0.537445 0.189427 0.541850 0.189427 0.550661 0.202643 0.563877 0.202643 0.572687 0.193833 0.581498 0.193833 0.585903 0.198238 0.590308 0.198238 0.599119 0.202643 0.603524 0.202643 0.616740 0.198238 0.621145 0.193833 0.621145 0.189427 0.625551 0.189427 0.638767 0.193833 0.643172 0.198238 0.643172 0.202643 0.638767 0.202643 0.625551 0.207048 0.621145 0.211454 0.621145 0.215859 0.616740 0.220264 0.616740 0.229075 0.607930 0.229075 0.603524 0.220264 0.594714 0.220264 0.585903 0.207048 0.572687 0.207048 0.559471 0.215859 0.550661 0.215859 0.546256
0 0.449339 0.528634 0.444934 0.524229 0.436123 0.524229 0.431718 0.528634 0.427313 0.528634 0.422908 0.533040 0.422908 0.537445 0.414097 0.546256 0.409692 0.546256 0.405286 0.550661 0.400881 0.550661 0.396476 0.555066 0.392070 0.555066 0.387665 0.559471 0.383260 0.559471 0.378855 0.563877 0.378855 0.568282 0.374449 0.572687 0.374449 0.577093 0.378855 0.581498 0.396476 0.581498 0.400881 0.577093 0.400881 0.572687 0.405286 0.568282 0.409692 0.568282 0.414097 0.563877 0.418502 0.568282 0.422908 0.568282 0.427313 0.572687 0.427313 0.581498 0.431718 0.585903 0.444934 0.585903 0.449339 0.581498 0.449339 0.572687 0.444934 0.568282 0.440529 0.568282 0.436123 0.563877 0.431718 0.568282 0.427313 0.563877 0.422908 0.563877 0.418502 0.559471 0.418502 0.550661 0.422908 0.546256 0.427313 0.546256 0.431718 0.541850 0.436123 0.541850 0.440529 0.537445 0.444934 0.537445 0.449339 0.533040
0 0.220264 0.493392 0.220264 0.502203 0.224670 0.506608 0.233480 0.506608 0.237885 0.511013 0.246696 0.511013 0.251101 0.506608 0.251101 0.497797 0.246696 0.493392 0.237885 0.493392 0.233480 0.488987 0.229075 0.488987 0.224670 0.493392
0 0.374449 0.480176 0.365639 0.471366 0.361233 0.471366 0.356828 0.475771 0.352423 0.475771 0.348018 0.480176 0.343612 0.475771 0.339207 0.475771 0.334802 0.471366 0.330396 0.471366 0.317181 0.484582 0.317181 0.493392 0.308370 0.502203 0.303965 0.502203 0.299559 0.506608 0.299559 0.515419 0.303965 0.519824 0.312775 0.511013 0.312775 0.497797 0.317181 0.493392 0.321586 0.493392 0.325991 0.488987 0.334802 0.488987 0.339207 0.484582 0.343612 0.484582 0.348018 0.480176 0.352423 0.484582 0.356828 0.484582 0.361233 0.488987 0.365639 0.488987
0 0.202643 0.449339 0.198238 0.453745 0.198238 0.466960 0.193833 0.471366 0.189427 0.471366 0.185022 0.475771 0.167401 0.475771 0.162996 0.480176 0.162996 0.484582 0.171806 0.493392 0.176211 0.493392 0.180617 0.497797 0.193833 0.497797 0.198238 0.493392 0.202643 0.493392 0.202643 0.466960 0.211454 0.458150
0 0.942731 0.440529 0.933921 0.440529 0.929515 0.444934 0.929515 0.458150 0.925110 0.462555 0.920705 0.462555 0.916300 0.466960 0.907489 0.466960 0.903084 0.471366 0.898678 0.471366 0.894273 0.475771 0.894273 0.480176 0.903084 0.488987 0.925110 0.488987 0.933921 0.480176 0.933921 0.475771 0.938326 0.471366 0.938326 0.466960 0.942731 0.462555 0.942731 0.449339 0.947137 0.444934
0 0.563877 0.431718 0.559471 0.436123 0.550661 0.436123 0.541850 0.444934 0.537445 0.444934 0.533040 0.449339 0.528634 0.449339 0.506608 0.471366 0.506608 0.480176 0.497797 0.488987 0.493392 0.488987 0.484582 0.497797 0.484582 0.502203 0.488987 0.506608 0.488987 0.511013 0.497797 0.519824 0.502203 0.515419 0.502203 0.484582 0.511013 0.475771 0.515419 0.475771 0.524229 0.466960 0.524229 0.462555 0.533040 0.453745 0.537445 0.453745 0.541850 0.449339 0.559471 0.449339 0.568282 0.440529 0.568282 0.436123
0 0.365639 0.427313 0.356828 0.418502 0.348018 0.418502 0.343612 0.422908 0.339207 0.422908 0.334802 0.427313 0.317181 0.427313 0.312775 0.431718 0.317181 0.436123 0.321586 0.436123 0.325991 0.440529 0.330396 0.436123 0.334802 0.436123 0.339207 0.431718 0.348018 0.431718 0.352423 0.436123 0.361233 0.436123 0.365639 0.431718
0 0.784141 0.414097 0.775330 0.422908 0.788546 0.436123 0.788546 0.444934 0.784141 0.449339 0.779736 0.449339 0.775330 0.453745 0.775330 0.471366 0.762115 0.484582 0.766520 0.488987 0.775330 0.488987 0.779736 0.493392 0.792952 0.480176 0.797357 0.480176 0.806167 0.471366 0.810573 0.471366 0.814978 0.466960 0.819383 0.471366 0.823789 0.471366 0.828194 0.475771 0.828194 0.488987 0.837004 0.497797 0.841410 0.497797 0.845815 0.493392 0.845815 0.488987 0.850220 0.484582 0.850220 0.480176 0.841410 0.471366 0.837004 0.471366 0.832599 0.475771 0.828194 0.475771 0.823789 0.471366 0.819383 0.471366 0.814978 0.466960 0.814978 0.453745 0.801762 0.440529 0.801762 0.422908 0.797357 0.418502 0.788546 0.418502
0 0.920705 0.418502 0.916300 0.414097 0.911894 0.414097 0.907489 0.409692 0.903084 0.409692 0.898678 0.414097 0.894273 0.414097 0.889868 0.418502 0.889868 0.431718 0.894273 0.436123 0.903084 0.436123 0.907489 0.431718 0.911894 0.431718 0.920705 0.422908
0 0.497797 0.396476 0.484582 0.383260 0.480176 0.383260 0.475771 0.387665 0.471366 0.387665 0.466960 0.392070 0.462555 0.392070 0.458150 0.396476 0.453745 0.392070 0.449339 0.396476 0.458150 0.405286 0.488987 0.405286
0 0.074890 0.387665 0.066079 0.378855 0.061674 0.378855 0.057269 0.383260 0.044053 0.383260 0.039648 0.387665 0.030837 0.387665 0.026432 0.392070 0.035242 0.400881 0.061674 0.400881 0.066079 0.396476 0.070485 0.396476 0.074890 0.392070
0 0.096916 0.365639 0.096916 0.374449 0.114537 0.392070 0.118943 0.392070 0.123348 0.387665 0.132159 0.387665 0.140969 0.378855 0.136564 0.374449 0.127753 0.374449 0.123348 0.370044 0.118943 0.370044 0.110132 0.361233 0.101322 0.361233
0 0.925110 0.334802 0.920705 0.334802 0.916300 0.339207 0.916300 0.352423 0.907489 0.361233 0.903084 0.361233 0.898678 0.365639 0.903084 0.370044 0.903084 0.378855 0.898678 0.383260 0.898678 0.387665 0.903084 0.392070 0.911894 0.392070 0.920705 0.383260 0.920705 0.378855 0.925110 0.374449 0.920705 0.370044 0.916300 0.370044 0.911894 0.365639 0.911894 0.356828 0.920705 0.348018 0.925110 0.348018 0.929515 0.343612 0.929515 0.339207
0 0.026432 0.356828 0.030837 0.361233 0.035242 0.361233 0.044053 0.352423 0.044053 0.343612 0.048458 0.339207 0.052863 0.339207 0.057269 0.334802 0.061674 0.339207 0.066079 0.339207 0.070485 0.343612 0.074890 0.343612 0.079295 0.348018 0.083700 0.343612 0.083700 0.330396 0.088106 0.325991 0.092511 0.325991 0.096916 0.321586 0.101322 0.325991 0.105727 0.325991 0.110132 0.321586 0.114537 0.321586 0.105727 0.312775 0.096916 0.312775 0.088106 0.321586 0.083700 0.321586 0.079295 0.325991 0.074890 0.325991 0.070485 0.321586 0.066079 0.321586 0.057269 0.312775 0.052863 0.312775 0.048458 0.317181 0.052863 0.321586 0.052863 0.334802 0.048458 0.339207 0.044053 0.339207 0.039648 0.343612 0.035242 0.339207 0.026432 0.348018
0 0.330396 0.308370 0.325991 0.303965 0.317181 0.303965 0.308370 0.312775 0.308370 0.317181 0.312775 0.321586 0.312775 0.330396 0.308370 0.334802 0.308370 0.339207 0.303965 0.343612 0.299559 0.343612 0.295154 0.348018 0.281938 0.348018 0.277533 0.352423 0.273128 0.352423 0.268722 0.356828 0.268722 0.361233 0.264317 0.365639 0.259912 0.365639 0.255507 0.370044 0.251101 0.370044 0.242291 0.378855 0.237885 0.378855 0.233480 0.383260 0.229075 0.378855 0.224670 0.378855 0.220264 0.374449 0.215859 0.378855 0.211454 0.378855 0.207048 0.383260 0.207048 0.392070 0.215859 0.400881 0.220264 0.396476 0.224670 0.396476 0.229075 0.392070 0.229075 0.387665 0.233480 0.383260 0.237885 0.383260 0.242291 0.378855 0.246696 0.383260 0.251101 0.383260 0.255507 0.387665 0.259912 0.387665 0.268722 0.396476 0.277533 0.387665 0.277533 0.374449 0.281938 0.370044 0.286344 0.370044 0.290749 0.365639 0.303965 0.365639 0.312775 0.356828 0.312775 0.352423 0.317181 0.348018 0.321586 0.348018 0.325991 0.343612 0.330396 0.343612
0 0.365639 0.277533 0.361233 0.281938 0.361233 0.286344 0.383260 0.308370 0.387665 0.308370 0.396476 0.299559 0.396476 0.290749 0.383260 0.277533
0 0.700441 0.290749 0.704846 0.295154 0.704846 0.299559 0.709251 0.303965 0.713656 0.299559 0.718062 0.299559 0.722467 0.295154 0.726872 0.295154 0.731278 0.290749 0.735683 0.290749 0.740088 0.286344 0.744493 0.286344 0.748899 0.281938 0.748899 0.277533 0.744493 0.273128 0.713656 0.273128 0.704846 0.281938 0.704846 0.286344
0 0.563877 0.242291 0.563877 0.246696 0.559471 0.251101 0.563877 0.255507 0.563877 0.264317 0.541850 0.281938 0.541850 0.286344 0.546256 0.290749 0.550661 0.290749 0.559471 0.299559 0.568282 0.299559 0.572687 0.295154 0.572687 0.286344 0.563877 0.273128 0.563877 0.259912 0.577093 0.251101 0.585903 0.251101 0.590308 0.255507 0.594714 0.255507 0.603524 0.264317 0.621145 0.264317 0.625551 0.259912 0.629956 0.264317 0.634361 0.264317 0.643172 0.273128 0.643172 0.295154 0.638767 0.299559 0.638767 0.303965 0.625551 0.312775 0.621145 0.308370 0.616740 0.308370 0.603524 0.299559 0.599119 0.303965 0.599119 0.321586 0.603524 0.325991 0.612335 0.325991 0.625551 0.312775 0.629956 0.312775 0.634361 0.308370 0.638767 0.312775 0.643172 0.312775 0.660793 0.330396 0.665198 0.330396 0.674009 0.321586 0.674009 0.317181 0.660793 0.303965 0.660793 0.299559 0.656388 0.295154 0.656388 0.268722 0.669604 0.259912 0.682819 0.259912 0.687225 0.255507 0.687225 0.246696 0.682819 0.242291 0.669604 0.242291 0.660793 0.251101 0.660793 0.255507 0.656388 0.259912 0.651982 0.259912 0.638767 0.268722 0.634361 0.264317 0.629956 0.264317 0.612335 0.242291 0.603524 0.242291 0.599119 0.246696 0.594714 0.246696 0.590308 0.242291 0.585903 0.242291 0.577093 0.233480
0 0.995595 0.070485 0.986784 0.070485 0.982379 0.074890 0.973568 0.074890 0.969163 0.070485 0.964758 0.070485 0.960352 0.066079 0.947137 0.066079 0.933921 0.079295 0.929515 0.079295 0.925110 0.083700 0.916300 0.083700 0.911894 0.079295 0.903084 0.079295 0.894273 0.088106 0.907489 0.101322 0.911894 0.101322 0.925110 0.088106 0.929515 0.088106 0.933921 0.083700 0.960352 0.083700 0.964758 0.079295 0.969163 0.079295 0.973568 0.083700 0.977974 0.083700 0.982379 0.088106 0.986784 0.088106 0.991189 0.092511 0.995595 0.092511
0 0.629956 0.066079 0.629956 0.070485 0.634361 0.074890 0.634361 0.096916 0.629956 0.101322 0.629956 0.105727 0.634361 0.110132 0.643172 0.110132 0.647577 0.105727 0.651982 0.105727 0.656388 0.101322 0.656388 0.096916 0.651982 0.092511 0.651982 0.088106 0.643172 0.079295 0.643172 0.074890 0.634361 0.066079
0 0.242291 0.066079 0.233480 0.066079 0.229075 0.070485 0.224670 0.070485 0.215859 0.079295 0.229075 0.092511 0.233480 0.092511 0.237885 0.088106 0.237885 0.083700 0.246696 0.074890 0.246696 0.070485
0 0.140969 0.066079 0.136564 0.061674 0.123348 0.061674 0.118943 0.066079 0.110132 0.066079 0.101322 0.074890 0.101322 0.079295 0.096916 0.083700 0.096916 0.096916 0.101322 0.101322 0.118943 0.083700 0.123348 0.083700 0.127753 0.079295 0.132159 0.079295 0.136564 0.074890 0.136564 0.070485
0 0.568282 0.048458 0.559471 0.048458 0.555066 0.052863 0.555066 0.057269 0.550661 0.061674 0.550661 0.070485 0.555066 0.074890 0.555066 0.088106 0.546256 0.096916 0.546256 0.101322 0.550661 0.105727 0.555066 0.101322 0.555066 0.096916 0.559471 0.092511 0.559471 0.083700 0.568282 0.074890 0.572687 0.074890 0.581498 0.066079 0.577093 0.061674 0.577093 0.057269
0 0.000000 0.083700 0.000000 0.101322 0.039648 0.114537 0.000000 0.154185 0.000000 0.220264 0.044053 0.215859 0.013216 0.193833 0.026432 0.176211 0.092511 0.202643 0.211454 0.211454 0.264317 0.193833 0.334802 0.220264 0.321586 0.255507 0.198238 0.246696 0.185022 0.286344 0.140969 0.242291 0.000000 0.242291 0.000000 0.264317 0.123348 0.268722 0.140969 0.303965 0.127753 0.343612 0.154185 0.334802 0.171806 0.361233 0.211454 0.330396 0.189427 0.295154 0.281938 0.259912 0.321586 0.268722 0.356828 0.242291 0.387665 0.255507 0.405286 0.207048 0.502203 0.224670 0.515419 0.198238 0.568282 0.193833 0.629956 0.220264 0.797357 0.224670 0.850220 0.255507 0.845815 0.295154 0.784141 0.325991 0.709251 0.405286 0.669604 0.422908 0.638767 0.396476 0.647577 0.436123 0.594714 0.458150 0.484582 0.568282 0.480176 0.590308 0.555066 0.660793 0.546256 0.713656 0.585903 0.713656 0.590308 0.696035 0.511013 0.594714 0.546256 0.572687 0.581498 0.590308 0.559471 0.559471 0.572687 0.533040 0.612335 0.533040 0.594714 0.511013 0.607930 0.488987 0.806167 0.383260 0.819383 0.343612 0.867841 0.334802 0.925110 0.290749 0.995595 0.281938 0.995595 0.171806 0.845815 0.193833 0.792952 0.162996 0.801762 0.132159 0.779736 0.162996 0.638767 0.154185 0.621145 0.198238 0.594714 0.180617 0.594714 0.145374 0.488987 0.114537 0.471366 0.088106 0.480176 0.052863 0.427313 0.101322 0.400881 0.057269 0.374449 0.079295 0.356828 0.048458 0.303965 0.092511 0.273128 0.088106 0.273128 0.110132 0.414097 0.092511 0.431718 0.132159 0.493392 0.127753 0.519824 0.145374 0.462555 0.167401 0.449339 0.193833 0.387665 0.162996 0.343612 0.211454 0.308370 0.185022 0.198238 0.193833 0.176211 0.162996 0.035242 0.167401 0.022026 0.149780 0.061674 0.114537
0 0.000000 0.048458 0.004405 0.052863 0.008811 0.052863 0.013216 0.057269 0.017621 0.057269 0.022026 0.052863 0.030837 0.052863 0.035242 0.057269 0.039648 0.057269 0.048458 0.066079 0.052863 0.066079 0.057269 0.061674 0.057269 0.048458 0.052863 0.044053 0.048458 0.044053 0.044053 0.048458 0.035242 0.048458 0.030837 0.044053 0.026432 0.044053 0.022026 0.039648 0.017621 0.039648 0.013216 0.044053 0.004405 0.044053
0 0.828194 0.030837 0.823789 0.035242 0.819383 0.035242 0.814978 0.039648 0.814978 0.048458 0.810573 0.052863 0.810573 0.057269 0.801762 0.066079 0.797357 0.066079 0.792952 0.070485 0.784141 0.070485 0.757709 0.096916 0.757709 0.105727 0.753304 0.110132 0.753304 0.118943 0.757709 0.123348 0.762115 0.123348 0.779736 0.105727 0.779736 0.096916 0.784141 0.092511 0.788546 0.092511 0.792952 0.088106 0.801762 0.088106 0.806167 0.083700 0.810573 0.083700 0.828194 0.066079 0.828194 0.052863 0.832599 0.048458 0.832599 0.035242
0 0.682819 0.000000 0.682819 0.004405 0.674009 0.013216 0.674009 0.022026 0.678414 0.026432 0.682819 0.022026 0.687225 0.022026 0.691630 0.026432 0.696035 0.026432 0.700441 0.030837 0.700441 0.039648 0.704846 0.044053 0.713656 0.035242 0.718062 0.035242 0.718062 0.026432 0.713656 0.022026 0.704846 0.022026 0.700441 0.026432 0.696035 0.022026 0.691630 0.022026 0.687225 0.017621 0.687225 0.008811 0.682819 0.004405
0 0.643172 0.000000 0.625551 0.000000 0.625551 0.008811 0.616740 0.017621 0.616740 0.030837 0.603524 0.044053 0.603524 0.048458 0.607930 0.052863 0.616740 0.052863 0.621145 0.057269 0.625551 0.057269 0.625551 0.039648 0.621145 0.035242 0.621145 0.022026
