0 0.070485 0.986784 0.070485 0.995595 0.127753 0.995595 0.127753 0.991189 0.123348 0.986784 0.110132 0.986784 0.105727 0.982379 0.101322 0.982379 0.096916 0.977974 0.079295 0.977974
0 0.392070 0.960352 0.387665 0.964758 0.387665 0.995595 0.409692 0.995595 0.409692 0.986784 0.405286 0.982379 0.405286 0.973568
0 0.273128 0.964758 0.273128 0.973568 0.277533 0.977974 0.281938 0.973568 0.286344 0.977974 0.290749 0.973568 0.295154 0.977974 0.303965 0.977974 0.308370 0.973568 0.308370 0.969163 0.299559 0.960352 0.295154 0.960352 0.290749 0.955947 0.281938 0.955947
0 0.480176 0.955947 0.475771 0.951542 0.471366 0.955947 0.466960 0.955947 0.462555 0.960352 0.458150 0.960352 0.453745 0.964758 0.436123 0.964758 0.431718 0.969163 0.436123 0.973568 0.466960 0.973568 0.471366 0.977974 0.475771 0.973568 0.475771 0.969163 0.480176 0.964758
0 0.726872 0.964758 0.726872 0.955947 0.722467 0.951542 0.718062 0.951542 0.713656 0.947137 0.709251 0.947137 0.704846 0.942731 0.700441 0.942731 0.696035 0.938326 0.696035 0.933921 0.691630 0.929515 0.687225 0.929515 0.682819 0.933921 0.678414 0.933921 0.674009 0.938326 0.656388 0.938326 0.651982 0.933921 0.647577 0.933921 0.643172 0.938326 0.638767 0.938326 0.634361 0.942731 0.625551 0.942731 0.621145 0.947137 0.625551 0.951542 0.629956 0.951542 0.634361 0.955947 0.647577 0.955947 0.651982 0.951542 0.656388 0.951542 0.660793 0.955947 0.665198 0.955947 0.669604 0.960352 0.678414 0.960352 0.682819 0.964758 0.687225 0.964758 0.700441 0.977974 0.709251 0.977974 0.718062 0.969163 0.722467 0.969163
0 0.603524 0.920705 0.594714 0.911894 0.577093 0.911894 0.568282 0.920705 0.563877 0.920705 0.559471 0.925110 0.555066 0.925110 0.550661 0.929515 0.546256 0.925110 0.541850 0.925110 0.537445 0.920705 0.528634 0.920705 0.524229 0.925110 0.524229 0.933921 0.519824 0.938326 0.519824 0.942731 0.528634 0.951542 0.528634 0.960352 0.524229 0.964758 0.519824 0.964758 0.515419 0.969163 0.515419 0.977974 0.519824 0.982379 0.528634 0.982379 0.533040 0.977974 0.533040 0.973568 0.528634 0.969163 0.528634 0.960352 0.533040 0.955947 0.537445 0.955947 0.541850 0.951542 0.546256 0.955947 0.550661 0.951542 0.555066 0.951542 0.559471 0.955947 0.563877 0.951542 0.568282 0.951542 0.572687 0.947137 0.577093 0.947137 0.590308 0.933921 0.594714 0.933921 0.603524 0.925110
0 0.057269 0.920705 0.061674 0.925110 0.070485 0.925110 0.074890 0.929515 0.079295 0.929515 0.083700 0.933921 0.083700 0.938326 0.092511 0.947137 0.096916 0.947137 0.105727 0.955947 0.110132 0.955947 0.123348 0.942731 0.123348 0.933921 0.105727 0.916300 0.096916 0.916300 0.092511 0.911894 0.074890 0.911894 0.070485 0.916300 0.066079 0.911894 0.061674 0.911894 0.061674 0.916300
0 0.797357 0.903084 0.806167 0.911894 0.806167 0.920705 0.819383 0.933921 0.823789 0.933921 0.832599 0.942731 0.832599 0.951542 0.828194 0.955947 0.823789 0.955947 0.810573 0.969163 0.814978 0.973568 0.819383 0.973568 0.823789 0.977974 0.832599 0.977974 0.837004 0.973568 0.837004 0.964758 0.841410 0.960352 0.845815 0.960352 0.850220 0.955947 0.854626 0.955947 0.859031 0.960352 0.863436 0.960352 0.867841 0.964758 0.876652 0.955947 0.872247 0.951542 0.872247 0.942731 0.867841 0.938326 0.863436 0.938326 0.859031 0.933921 0.854626 0.933921 0.845815 0.925110 0.845815 0.920705 0.832599 0.907489 0.828194 0.907489 0.823789 0.903084 0.814978 0.903084 0.810573 0.898678 0.801762 0.898678
0 0.378855 0.867841 0.383260 0.872247 0.387665 0.872247 0.392070 0.876652 0.396476 0.876652 0.400881 0.881057 0.405286 0.876652 0.409692 0.881057 0.414097 0.881057 0.422908 0.872247 0.414097 0.863436 0.405286 0.863436 0.400881 0.867841 0.396476 0.863436 0.383260 0.863436
0 0.788546 0.859031 0.779736 0.859031 0.775330 0.863436 0.762115 0.863436 0.757709 0.867841 0.748899 0.867841 0.744493 0.872247 0.744493 0.889868 0.748899 0.894273 0.748899 0.898678 0.753304 0.903084 0.757709 0.898678 0.757709 0.894273 0.770925 0.881057 0.775330 0.881057 0.779736 0.876652 0.788546 0.876652 0.792952 0.872247 0.792952 0.863436
0 0.101322 0.841410 0.096916 0.845815 0.096916 0.850220 0.110132 0.863436 0.110132 0.876652 0.114537 0.881057 0.118943 0.881057 0.123348 0.885463 0.127753 0.885463 0.132159 0.889868 0.136564 0.889868 0.140969 0.885463 0.140969 0.881057 0.127753 0.867841 0.123348 0.867841 0.118943 0.863436 0.118943 0.854626 0.123348 0.850220 0.118943 0.845815 0.114537 0.845815 0.110132 0.841410
0 0.603524 0.819383 0.634361 0.850220 0.647577 0.850220 0.651982 0.854626 0.660793 0.854626 0.665198 0.850220 0.660793 0.845815 0.660793 0.841410 0.656388 0.837004 0.651982 0.837004 0.647577 0.832599 0.638767 0.832599 0.634361 0.828194 0.629956 0.828194 0.625551 0.823789 0.621145 0.823789 0.612335 0.814978 0.607930 0.814978
0 0.925110 0.819383 0.925110 0.828194 0.929515 0.832599 0.942731 0.832599 0.947137 0.828194 0.964758 0.828194 0.969163 0.832599 0.973568 0.832599 0.982379 0.841410 0.995595 0.841410 0.995595 0.828194 0.991189 0.828194 0.986784 0.823789 0.982379 0.823789 0.977974 0.819383 0.964758 0.819383 0.960352 0.814978 0.947137 0.814978 0.942731 0.810573 0.938326 0.810573 0.933921 0.814978 0.929515 0.814978
0 0.559471 0.806167 0.555066 0.810573 0.555066 0.819383 0.563877 0.828194 0.563877 0.837004 0.559471 0.841410 0.563877 0.845815 0.563877 0.850220 0.568282 0.854626 0.572687 0.854626 0.585903 0.867841 0.585903 0.872247 0.594714 0.881057 0.599119 0.881057 0.603524 0.885463 0.607930 0.881057 0.612335 0.881057 0.616740 0.876652 0.607930 0.867841 0.607930 0.863436 0.594714 0.850220 0.590308 0.850220 0.585903 0.845815 0.581498 0.845815 0.577093 0.841410 0.577093 0.837004 0.568282 0.828194 0.568282 0.819383 0.572687 0.814978 0.572687 0.810573 0.568282 0.806167
0 0.083700 0.806167 0.074890 0.806167 0.066079 0.814978 0.061674 0.814978 0.057269 0.819383 0.052863 0.814978 0.048458 0.814978 0.039648 0.806167 0.030837 0.806167 0.026432 0.810573 0.026432 0.823789 0.030837 0.828194 0.035242 0.828194 0.039648 0.832599 0.039648 0.845815 0.035242 0.850220 0.030837 0.850220 0.026432 0.854626 0.022026 0.854626 0.017621 0.859031 0.017621 0.863436 0.008811 0.872247 0.004405 0.872247 0.000000 0.876652 0.004405 0.881057 0.013216 0.881057 0.017621 0.885463 0.022026 0.885463 0.026432 0.889868 0.030837 0.889868 0.039648 0.898678 0.048458 0.898678 0.052863 0.903084 0.057269 0.903084 0.057269 0.898678 0.070485 0.885463 0.070485 0.876652 0.039648 0.845815 0.039648 0.832599 0.044053 0.828194 0.048458 0.828194 0.057269 0.819383 0.061674 0.819383 0.066079 0.814978 0.070485 0.814978 0.074890 0.819383 0.079295 0.819383 0.083700 0.823789 0.092511 0.814978
0 0.885463 0.819383 0.881057 0.814978 0.881057 0.801762 0.876652 0.797357 0.872247 0.801762 0.872247 0.806167 0.863436 0.814978 0.859031 0.814978 0.854626 0.819383 0.841410 0.819383 0.837004 0.823789 0.828194 0.823789 0.823789 0.819383 0.819383 0.819383 0.810573 0.810573 0.806167 0.810573 0.801762 0.814978 0.810573 0.823789 0.810573 0.828194 0.814978 0.832599 0.814978 0.837004 0.819383 0.841410 0.837004 0.841410 0.841410 0.837004 0.845815 0.837004 0.859031 0.823789 0.863436 0.823789 0.867841 0.819383 0.872247 0.823789 0.881057 0.823789
0 0.083700 0.770925 0.088106 0.770925 0.096916 0.784141 0.105727 0.784141 0.110132 0.779736 0.123348 0.784141 0.127753 0.788546 0.127753 0.797357 0.136564 0.806167 0.154185 0.814978 0.154185 0.828194 0.145374 0.837004 0.149780 0.845815 0.162996 0.859031 0.171806 0.863436 0.211454 0.863436 0.215859 0.867841 0.220264 0.863436 0.242291 0.863436 0.268722 0.876652 0.277533 0.885463 0.281938 0.881057 0.290749 0.885463 0.295154 0.894273 0.312775 0.907489 0.312775 0.920705 0.317181 0.925110 0.325991 0.925110 0.339207 0.911894 0.348018 0.907489 0.365639 0.916300 0.374449 0.916300 0.387665 0.903084 0.374449 0.894273 0.361233 0.894273 0.343612 0.907489 0.330396 0.898678 0.325991 0.903084 0.317181 0.898678 0.308370 0.885463 0.299559 0.889868 0.286344 0.881057 0.286344 0.859031 0.273128 0.850220 0.259912 0.850220 0.246696 0.841410 0.229075 0.841410 0.224670 0.837004 0.215859 0.837004 0.198238 0.845815 0.189427 0.845815 0.176211 0.837004 0.176211 0.814978 0.185022 0.810573 0.207048 0.784141 0.207048 0.775330 0.202643 0.770925 0.185022 0.770925 0.180617 0.775330 0.180617 0.806167 0.167401 0.814978 0.149780 0.806167 0.149780 0.792952 0.136564 0.784141 0.132159 0.788546 0.118943 0.784141 0.110132 0.766520 0.092511 0.766520
0 0.942731 0.775330 0.942731 0.779736 0.947137 0.779736 0.955947 0.788546 0.969163 0.788546 0.973568 0.784141 0.977974 0.784141 0.982379 0.779736 0.982379 0.770925 0.973568 0.762115 0.955947 0.762115 0.951542 0.766520 0.951542 0.770925 0.947137 0.775330
0 0.303965 0.762115 0.290749 0.775330 0.299559 0.784141 0.303965 0.784141 0.308370 0.788546 0.312775 0.788546 0.321586 0.797357 0.321586 0.810573 0.325991 0.814978 0.325991 0.832599 0.321586 0.837004 0.317181 0.837004 0.312775 0.841410 0.312775 0.845815 0.321586 0.854626 0.330396 0.854626 0.334802 0.859031 0.339207 0.859031 0.343612 0.854626 0.343612 0.841410 0.339207 0.837004 0.339207 0.806167 0.343612 0.801762 0.343612 0.797357 0.348018 0.792952 0.348018 0.788546 0.343612 0.788546 0.339207 0.784141 0.325991 0.784141 0.321586 0.779736 0.317181 0.779736 0.312775 0.775330 0.312775 0.766520 0.308370 0.762115
0 0.515419 0.753304 0.511013 0.753304 0.506608 0.757709 0.506608 0.766520 0.493392 0.779736 0.493392 0.788546 0.497797 0.792952 0.502203 0.792952 0.519824 0.775330 0.519824 0.770925 0.524229 0.766520 0.524229 0.762115
0 0.013216 0.757709 0.013216 0.766520 0.017621 0.770925 0.026432 0.770925 0.030837 0.775330 0.035242 0.775330 0.039648 0.770925 0.048458 0.770925 0.052863 0.775330 0.057269 0.775330 0.061674 0.779736 0.070485 0.770925 0.066079 0.770925 0.061674 0.766520 0.057269 0.770925 0.052863 0.766520 0.048458 0.766520 0.039648 0.757709 0.035242 0.757709 0.030837 0.753304 0.017621 0.753304
0 0.898678 0.696035 0.894273 0.696035 0.885463 0.687225 0.881057 0.687225 0.876652 0.691630 0.876652 0.696035 0.863436 0.709251 0.872247 0.718062 0.876652 0.718062 0.894273 0.700441 0.898678 0.700441
0 0.907489 0.696035 0.907489 0.700441 0.911894 0.700441 0.916300 0.704846 0.933921 0.704846 0.938326 0.709251 0.942731 0.709251 0.947137 0.704846 0.955947 0.704846 0.960352 0.700441 0.955947 0.696035 0.951542 0.696035 0.942731 0.687225 0.933921 0.687225 0.929515 0.682819 0.925110 0.682819 0.911894 0.696035
0 0.330396 0.678414 0.325991 0.674009 0.317181 0.682819 0.317181 0.687225 0.308370 0.696035 0.303965 0.696035 0.299559 0.700441 0.281938 0.700441 0.273128 0.709251 0.268722 0.709251 0.264317 0.713656 0.264317 0.722467 0.268722 0.726872 0.273128 0.722467 0.277533 0.722467 0.281938 0.718062 0.299559 0.718062 0.308370 0.709251 0.312775 0.709251 0.317181 0.704846 0.321586 0.704846 0.330396 0.696035
0 0.568282 0.669604 0.572687 0.674009 0.577093 0.674009 0.581498 0.678414 0.585903 0.674009 0.590308 0.678414 0.599119 0.678414 0.603524 0.674009 0.603524 0.669604 0.594714 0.660793 0.590308 0.660793 0.585903 0.656388 0.577093 0.656388 0.572687 0.660793 0.572687 0.665198
0 0.453745 0.660793 0.453745 0.669604 0.458150 0.674009 0.475771 0.674009 0.480176 0.678414 0.488987 0.678414 0.497797 0.669604 0.493392 0.665198 0.484582 0.665198 0.480176 0.660793 0.475771 0.660793 0.471366 0.656388 0.466960 0.656388 0.462555 0.651982
0 0.044053 0.651982 0.030837 0.651982 0.022026 0.660793 0.017621 0.660793 0.013216 0.665198 0.013216 0.704846 0.017621 0.709251 0.026432 0.709251 0.030837 0.704846 0.030837 0.696035 0.026432 0.691630 0.026432 0.682819 0.030837 0.678414 0.035242 0.678414 0.039648 0.674009 0.048458 0.674009 0.052863 0.669604 0.052863 0.660793
0 0.621145 0.643172 0.621145 0.647577 0.629956 0.656388 0.638767 0.656388 0.643172 0.660793 0.656388 0.660793 0.660793 0.656388 0.660793 0.647577 0.656388 0.643172 0.647577 0.643172 0.643172 0.638767 0.634361 0.638767 0.629956 0.634361
0 0.127753 0.625551 0.105727 0.647577 0.105727 0.651982 0.101322 0.656388 0.101322 0.665198 0.096916 0.669604 0.096916 0.674009 0.092511 0.678414 0.092511 0.682819 0.096916 0.687225 0.101322 0.687225 0.110132 0.696035 0.110132 0.713656 0.114537 0.718062 0.123348 0.709251 0.127753 0.709251 0.132159 0.704846 0.140969 0.704846 0.145374 0.709251 0.149780 0.709251 0.154185 0.713656 0.158590 0.713656 0.162996 0.718062 0.176211 0.704846 0.167401 0.696035 0.154185 0.696035 0.149780 0.691630 0.145374 0.691630 0.140969 0.696035 0.127753 0.696035 0.123348 0.691630 0.118943 0.691630 0.114537 0.687225 0.114537 0.678414 0.110132 0.674009 0.110132 0.665198 0.114537 0.660793 0.118943 0.660793 0.123348 0.656388 0.127753 0.656388 0.132159 0.651982 0.136564 0.656388 0.140969 0.656388 0.149780 0.665198 0.158590 0.656388 0.154185 0.651982 0.149780 0.651982 0.145374 0.647577 0.140969 0.647577 0.136564 0.643172 0.136564 0.634361
0 0.096916 0.590308 0.088106 0.590308 0.083700 0.594714 0.083700 0.616740 0.092511 0.625551 0.101322 0.616740 0.101322 0.594714
0 0.493392 0.550661 0.488987 0.555066 0.488987 0.568282 0.493392 0.572687 0.493392 0.577093 0.497797 0.581498 0.497797 0.594714 0.506608 0.603524 0.506608 0.616740 0.511013 0.621145 0.511013 0.625551 0.524229 0.638767 0.528634 0.638767 0.533040 0.643172 0.537445 0.643172 0.541850 0.647577 0.546256 0.643172 0.550661 0.643172 0.568282 0.625551 0.559471 0.616740 0.555066 0.621145 0.550661 0.621145 0.546256 0.625551 0.537445 0.625551 0.533040 0.621145 0.528634 0.621145 0.524229 0.616740 0.524229 0.612335 0.519824 0.607930 0.515419 0.607930 0.511013 0.603524 0.511013 0.594714 0.515419 0.590308 0.515419 0.581498 0.511013 0.577093 0.511013 0.555066 0.506608 0.550661
0 0.933921 0.550661 0.933921 0.555066 0.938326 0.559471 0.942731 0.559471 0.947137 0.555066 0.951542 0.555066 0.955947 0.559471 0.960352 0.559471 0.969163 0.568282 0.977974 0.568282 0.982379 0.563877 0.982379 0.559471 0.969163 0.546256 0.951542 0.546256 0.947137 0.550661 0.942731 0.546256 0.938326 0.546256
0 0.339207 0.546256 0.356828 0.563877 0.365639 0.563877 0.370044 0.559471 0.387665 0.559471 0.396476 0.550661 0.400881 0.550661 0.405286 0.546256 0.409692 0.550661 0.440529 0.550661 0.444934 0.546256 0.436123 0.537445 0.431718 0.541850 0.427313 0.541850 0.422908 0.537445 0.409692 0.537445 0.400881 0.546256 0.396476 0.546256 0.392070 0.550661 0.387665 0.546256 0.370044 0.546256 0.365639 0.541850 0.361233 0.541850 0.356828 0.537445 0.352423 0.537445 0.343612 0.546256
0 0.277533 0.537445 0.277533 0.546256 0.281938 0.550661 0.317181 0.550661 0.321586 0.546256 0.325991 0.546256 0.321586 0.546256 0.308370 0.533040 0.308370 0.528634 0.303965 0.528634 0.299559 0.533040 0.295154 0.533040 0.290749 0.528634 0.286344 0.528634
0 0.903084 0.480176 0.894273 0.488987 0.894273 0.493392 0.907489 0.506608 0.916300 0.506608 0.920705 0.502203 0.920705 0.493392 0.916300 0.488987 0.916300 0.484582 0.911894 0.480176
0 0.854626 0.462555 0.850220 0.458150 0.841410 0.466960 0.841410 0.475771 0.832599 0.484582 0.832599 0.488987 0.823789 0.497797 0.819383 0.497797 0.814978 0.502203 0.806167 0.502203 0.801762 0.497797 0.797357 0.502203 0.792952 0.497797 0.784141 0.506608 0.788546 0.511013 0.801762 0.511013 0.806167 0.515419 0.819383 0.515419 0.823789 0.511013 0.828194 0.511013 0.832599 0.506608 0.837004 0.506608 0.841410 0.502203 0.845815 0.502203 0.850220 0.497797 0.845815 0.493392 0.845815 0.480176 0.854626 0.471366
0 0.070485 0.462555 0.070485 0.466960 0.074890 0.471366 0.079295 0.466960 0.083700 0.466960 0.088106 0.471366 0.092511 0.471366 0.105727 0.484582 0.114537 0.475771 0.114537 0.466960 0.110132 0.462555 0.105727 0.462555 0.101322 0.458150 0.096916 0.462555 0.088106 0.462555 0.083700 0.458150 0.074890 0.458150
0 0.370044 0.480176 0.378855 0.493392 0.378855 0.502203 0.370044 0.511013 0.374449 0.515419 0.387665 0.515419 0.405286 0.502203 0.422908 0.511013 0.449339 0.511013 0.453745 0.506608 0.458150 0.511013 0.506608 0.511013 0.519824 0.519824 0.533040 0.519824 0.563877 0.533040 0.581498 0.533040 0.599119 0.546256 0.629956 0.519824 0.674009 0.550661 0.669604 0.568282 0.704846 0.594714 0.726872 0.581498 0.753304 0.590308 0.762115 0.612335 0.762115 0.629956 0.784141 0.651982 0.797357 0.656388 0.810573 0.647577 0.828194 0.656388 0.841410 0.651982 0.859031 0.656388 0.863436 0.647577 0.850220 0.638767 0.854626 0.625551 0.850220 0.612335 0.867841 0.603524 0.942731 0.638767 0.960352 0.651982 0.995595 0.660793 0.995595 0.625551 0.933921 0.594714 0.911894 0.577093 0.907489 0.581498 0.850220 0.559471 0.841410 0.563877 0.823789 0.555066 0.744493 0.550661 0.726872 0.537445 0.709251 0.537445 0.687225 0.528634 0.660793 0.502203 0.638767 0.488987 0.599119 0.488987 0.590308 0.502203 0.577093 0.506608 0.541850 0.493392 0.519824 0.466960 0.493392 0.480176 0.462555 0.475771 0.449339 0.484582 0.405286 0.453745 0.383260 0.458150
0 0.691630 0.440529 0.696035 0.444934 0.696035 0.449339 0.700441 0.453745 0.709251 0.453745 0.713656 0.458150 0.726872 0.458150 0.731278 0.453745 0.740088 0.453745 0.744493 0.449339 0.744493 0.444934 0.740088 0.440529 0.731278 0.440529 0.726872 0.436123 0.722467 0.440529 0.718062 0.440529 0.713656 0.444934 0.709251 0.444934 0.704846 0.440529 0.700441 0.440529 0.696035 0.436123
0 0.352423 0.409692 0.348018 0.414097 0.348018 0.418502 0.343612 0.422908 0.343612 0.427313 0.348018 0.431718 0.370044 0.431718 0.374449 0.427313 0.374449 0.418502 0.365639 0.409692
0 0.969163 0.400881 0.964758 0.405286 0.973568 0.414097 0.973568 0.427313 0.964758 0.436123 0.960352 0.436123 0.955947 0.440529 0.951542 0.436123 0.947137 0.436123 0.942731 0.440529 0.942731 0.444934 0.947137 0.449339 0.955947 0.449339 0.960352 0.444934 0.986784 0.444934 0.991189 0.449339 0.995595 0.449339 0.995595 0.436123 0.991189 0.436123 0.986784 0.431718 0.982379 0.431718 0.973568 0.422908 0.973568 0.414097 0.977974 0.409692
0 0.123348 0.396476 0.118943 0.396476 0.114537 0.400881 0.114537 0.418502 0.110132 0.422908 0.110132 0.431718 0.114537 0.436123 0.123348 0.436123 0.127753 0.431718 0.127753 0.427313 0.132159 0.422908 0.132159 0.405286
0 0.171806 0.418502 0.176211 0.422908 0.176211 0.440529 0.167401 0.453745 0.162996 0.453745 0.149780 0.462555 0.149780 0.466960 0.162996 0.480176 0.167401 0.480176 0.180617 0.488987 0.185022 0.488987 0.189427 0.484582 0.193833 0.488987 0.198238 0.488987 0.202643 0.484582 0.215859 0.484582 0.220264 0.480176 0.233480 0.484582 0.242291 0.497797 0.242291 0.511013 0.233480 0.519824 0.229075 0.519824 0.233480 0.519824 0.237885 0.524229 0.242291 0.524229 0.259912 0.506608 0.259912 0.493392 0.273128 0.484582 0.277533 0.488987 0.281938 0.488987 0.290749 0.497797 0.290749 0.502203 0.295154 0.506608 0.308370 0.511013 0.312775 0.515419 0.312775 0.519824 0.317181 0.519824 0.321586 0.515419 0.321586 0.511013 0.317181 0.506608 0.317181 0.493392 0.321586 0.488987 0.317181 0.484582 0.317181 0.480176 0.299559 0.462555 0.295154 0.462555 0.290749 0.458150 0.290749 0.449339 0.303965 0.440529 0.312775 0.440529 0.325991 0.449339 0.330396 0.444934 0.330396 0.440529 0.325991 0.436123 0.321586 0.436123 0.303965 0.414097 0.299559 0.414097 0.290749 0.422908 0.290749 0.440529 0.277533 0.449339 0.273128 0.444934 0.268722 0.449339 0.268722 0.458150 0.255507 0.466960 0.251101 0.466960 0.246696 0.462555 0.237885 0.462555 0.233480 0.458150 0.229075 0.458150 0.220264 0.449339 0.220264 0.440529 0.211454 0.431718 0.211454 0.409692 0.215859 0.405286 0.211454 0.400881 0.207048 0.400881 0.198238 0.392070 0.193833 0.396476 0.193833 0.405286
0 0.484582 0.405286 0.488987 0.409692 0.511013 0.409692 0.515419 0.414097 0.528634 0.414097 0.537445 0.405286 0.541850 0.405286 0.546256 0.400881 0.550661 0.405286 0.555066 0.400881 0.555066 0.396476 0.550661 0.392070 0.546256 0.396476 0.541850 0.396476 0.537445 0.400881 0.533040 0.396476 0.528634 0.396476 0.519824 0.387665 0.506608 0.387665 0.502203 0.392070 0.493392 0.392070 0.484582 0.400881
0 0.766520 0.361233 0.779736 0.374449 0.784141 0.374449 0.788546 0.378855 0.801762 0.378855 0.806167 0.383260 0.810573 0.383260 0.814978 0.387665 0.819383 0.387665 0.823789 0.392070 0.828194 0.392070 0.832599 0.387665 0.837004 0.392070 0.841410 0.392070 0.863436 0.414097 0.867841 0.414097 0.876652 0.422908 0.876652 0.436123 0.881057 0.440529 0.885463 0.436123 0.889868 0.440529 0.907489 0.440529 0.911894 0.436123 0.911894 0.427313 0.907489 0.422908 0.889868 0.422908 0.885463 0.427313 0.881057 0.422908 0.876652 0.422908 0.872247 0.418502 0.872247 0.400881 0.859031 0.387665 0.854626 0.387665 0.850220 0.392070 0.845815 0.392070 0.841410 0.387665 0.837004 0.387665 0.828194 0.378855 0.828194 0.370044 0.819383 0.361233 0.792952 0.361233 0.788546 0.356828 0.784141 0.356828 0.779736 0.361233 0.775330 0.356828 0.770925 0.356828
0 0.422908 0.356828 0.418502 0.361233 0.418502 0.365639 0.422908 0.370044 0.427313 0.370044 0.431718 0.374449 0.436123 0.374449 0.440529 0.378855 0.440529 0.392070 0.444934 0.396476 0.453745 0.387665 0.453745 0.374449 0.444934 0.365639 0.440529 0.365639 0.436123 0.361233 0.431718 0.361233 0.427313 0.356828
0 0.484582 0.356828 0.488987 0.361233 0.493392 0.356828 0.502203 0.356828 0.506608 0.352423 0.519824 0.352423 0.524229 0.356828 0.528634 0.356828 0.537445 0.365639 0.546256 0.365639 0.550661 0.361233 0.550661 0.356828 0.541850 0.348018 0.524229 0.348018 0.519824 0.352423 0.506608 0.352423 0.502203 0.348018 0.493392 0.348018
0 0.162996 0.330396 0.167401 0.334802 0.167401 0.361233 0.171806 0.365639 0.180617 0.365639 0.185022 0.361233 0.189427 0.361233 0.193833 0.356828 0.202643 0.356828 0.207048 0.361233 0.211454 0.361233 0.215859 0.365639 0.220264 0.365639 0.242291 0.387665 0.251101 0.378855 0.251101 0.365639 0.246696 0.365639 0.242291 0.361233 0.237885 0.361233 0.233480 0.356828 0.229075 0.356828 0.215859 0.343612 0.207048 0.352423 0.202643 0.352423 0.198238 0.356828 0.193833 0.352423 0.189427 0.352423 0.185022 0.348018 0.185022 0.343612 0.180617 0.339207 0.180617 0.330396 0.176211 0.325991 0.167401 0.325991
0 0.396476 0.321586 0.392070 0.317181 0.383260 0.317181 0.374449 0.325991 0.370044 0.325991 0.361233 0.334802 0.356828 0.334802 0.352423 0.339207 0.348018 0.339207 0.343612 0.334802 0.339207 0.334802 0.334802 0.330396 0.330396 0.330396 0.325991 0.325991 0.312775 0.325991 0.308370 0.321586 0.290749 0.339207 0.286344 0.339207 0.281938 0.343612 0.277533 0.343612 0.268722 0.352423 0.268722 0.361233 0.273128 0.365639 0.281938 0.365639 0.286344 0.370044 0.290749 0.365639 0.295154 0.365639 0.299559 0.361233 0.299559 0.356828 0.303965 0.352423 0.303965 0.348018 0.308370 0.343612 0.312775 0.343612 0.317181 0.339207 0.325991 0.339207 0.330396 0.343612 0.334802 0.343612 0.339207 0.339207 0.348018 0.339207 0.352423 0.343612 0.356828 0.343612 0.365639 0.352423 0.370044 0.352423 0.383260 0.339207 0.387665 0.339207 0.396476 0.330396
0 0.881057 0.312775 0.872247 0.321586 0.872247 0.339207 0.881057 0.348018 0.885463 0.348018 0.889868 0.352423 0.894273 0.352423 0.903084 0.361233 0.911894 0.361233 0.916300 0.365639 0.925110 0.365639 0.929515 0.361233 0.933921 0.361233 0.942731 0.352423 0.942731 0.339207 0.929515 0.325991 0.929515 0.321586 0.920705 0.312775 0.916300 0.312775 0.911894 0.308370 0.907489 0.308370 0.903084 0.312775
0 0.572687 0.317181 0.577093 0.321586 0.581498 0.321586 0.590308 0.330396 0.594714 0.330396 0.599119 0.334802 0.603524 0.334802 0.607930 0.339207 0.621145 0.339207 0.625551 0.334802 0.625551 0.321586 0.621145 0.317181 0.616740 0.317181 0.612335 0.312775 0.594714 0.312775 0.590308 0.308370 0.581498 0.308370
0 0.722467 0.339207 0.722467 0.334802 0.713656 0.325991 0.709251 0.325991 0.704846 0.321586 0.704846 0.312775 0.696035 0.303965 0.691630 0.308370 0.687225 0.308370 0.674009 0.321586 0.669604 0.321586 0.665198 0.325991 0.656388 0.325991 0.651982 0.330396 0.656388 0.334802 0.660793 0.334802 0.669604 0.343612 0.678414 0.343612 0.682819 0.348018 0.691630 0.348018 0.696035 0.352423 0.700441 0.348018 0.713656 0.348018
0 0.000000 0.281938 0.000000 0.286344 0.004405 0.286344 0.008811 0.290749 0.013216 0.290749 0.017621 0.295154 0.017621 0.299559 0.022026 0.303965 0.026432 0.303965 0.030837 0.308370 0.035242 0.308370 0.039648 0.303965 0.048458 0.303965 0.052863 0.308370 0.057269 0.308370 0.061674 0.312775 0.066079 0.308370 0.070485 0.312775 0.074890 0.312775 0.088106 0.325991 0.096916 0.325991 0.101322 0.330396 0.105727 0.325991 0.110132 0.325991 0.114537 0.321586 0.123348 0.321586 0.127753 0.317181 0.136564 0.317181 0.140969 0.312775 0.136564 0.308370 0.118943 0.308370 0.114537 0.312775 0.105727 0.312775 0.101322 0.308370 0.092511 0.308370 0.088106 0.303965 0.083700 0.308370 0.079295 0.303965 0.074890 0.303965 0.061674 0.290749 0.057269 0.295154 0.044053 0.295154 0.039648 0.290749 0.035242 0.290749 0.030837 0.286344 0.030837 0.281938 0.026432 0.277533 0.008811 0.277533 0.004405 0.281938
0 0.925110 0.290749 0.929515 0.295154 0.933921 0.295154 0.942731 0.286344 0.947137 0.286344 0.951542 0.281938 0.969163 0.281938 0.973568 0.286344 0.982379 0.277533 0.982379 0.273128 0.973568 0.264317 0.969163 0.264317 0.964758 0.268722 0.960352 0.268722 0.955947 0.264317 0.942731 0.264317 0.933921 0.273128 0.929515 0.273128 0.925110 0.277533
0 0.903084 0.268722 0.903084 0.264317 0.894273 0.255507 0.889868 0.255507 0.881057 0.246696 0.876652 0.246696 0.872247 0.242291 0.859031 0.255507 0.854626 0.255507 0.850220 0.259912 0.841410 0.259912 0.837004 0.264317 0.845815 0.273128 0.850220 0.268722 0.854626 0.268722 0.859031 0.264317 0.867841 0.264317 0.872247 0.268722 0.876652 0.268722 0.881057 0.273128 0.885463 0.273128 0.889868 0.277533 0.894273 0.277533
0 0.361233 0.123348 0.356828 0.118943 0.352423 0.118943 0.348018 0.123348 0.348018 0.127753 0.343612 0.132159 0.339207 0.132159 0.334802 0.136564 0.330396 0.136564 0.325991 0.132159 0.308370 0.132159 0.303965 0.136564 0.312775 0.145374 0.325991 0.145374 0.330396 0.140969 0.334802 0.140969 0.339207 0.136564 0.348018 0.136564 0.352423 0.140969 0.356828 0.140969 0.361233 0.136564
0 0.000000 0.127753 0.000000 0.193833 0.030837 0.202643 0.030837 0.215859 0.017621 0.224670 0.026432 0.237885 0.088106 0.242291 0.185022 0.303965 0.193833 0.295154 0.180617 0.277533 0.211454 0.268722 0.233480 0.290749 0.229075 0.317181 0.273128 0.303965 0.277533 0.281938 0.290749 0.273128 0.365639 0.286344 0.466960 0.273128 0.519824 0.246696 0.577093 0.259912 0.643172 0.220264 0.709251 0.220264 0.722467 0.229075 0.713656 0.251101 0.744493 0.259912 0.753304 0.251101 0.731278 0.233480 0.744493 0.215859 0.801762 0.229075 0.920705 0.202643 0.995595 0.207048 0.995595 0.171806 0.929515 0.167401 0.894273 0.176211 0.867841 0.162996 0.837004 0.185022 0.770925 0.180617 0.757709 0.171806 0.744493 0.180617 0.700441 0.180617 0.651982 0.167401 0.616740 0.176211 0.607930 0.193833 0.585903 0.198238 0.572687 0.189427 0.572687 0.176211 0.585903 0.167401 0.577093 0.158590 0.533040 0.145374 0.524229 0.118943 0.493392 0.114537 0.488987 0.118943 0.515419 0.136564 0.528634 0.158590 0.572687 0.176211 0.563877 0.193833 0.462555 0.215859 0.444934 0.229075 0.343612 0.211454 0.325991 0.198238 0.268722 0.229075 0.176211 0.198238 0.154185 0.202643 0.070485 0.149780
0 0.779736 0.088106 0.788546 0.096916 0.792952 0.096916 0.801762 0.105727 0.806167 0.105727 0.810573 0.101322 0.814978 0.101322 0.819383 0.096916 0.832599 0.096916 0.837004 0.092511 0.832599 0.088106 0.814978 0.088106 0.810573 0.083700 0.797357 0.083700 0.792952 0.079295 0.788546 0.079295
0 0.251101 0.066079 0.242291 0.074890 0.242291 0.083700 0.251101 0.092511 0.255507 0.092511 0.259912 0.096916 0.268722 0.088106 0.268722 0.079295 0.259912 0.070485 0.255507 0.070485
0 0.713656 0.052863 0.704846 0.061674 0.704846 0.074890 0.722467 0.092511 0.722467 0.096916 0.726872 0.101322 0.731278 0.101322 0.735683 0.096916 0.735683 0.083700 0.731278 0.079295 0.731278 0.074890 0.726872 0.070485 0.726872 0.066079
0 0.599119 0.074890 0.594714 0.070485 0.581498 0.070485 0.577093 0.066079 0.572687 0.066079 0.559471 0.052863 0.555066 0.057269 0.550661 0.057269 0.546256 0.061674 0.537445 0.061674 0.533040 0.057269 0.524229 0.057269 0.515419 0.066079 0.515419 0.070485 0.519824 0.074890 0.533040 0.074890 0.537445 0.079295 0.541850 0.079295 0.546256 0.083700 0.546256 0.092511 0.550661 0.096916 0.555066 0.096916 0.559471 0.092511 0.563877 0.092511 0.568282 0.088106 0.590308 0.088106 0.594714 0.083700 0.594714 0.079295
0 0.352423 0.048458 0.352423 0.057269 0.361233 0.066079 0.370044 0.066079 0.374449 0.070485 0.378855 0.070485 0.383260 0.074890 0.387665 0.074890 0.392070 0.079295 0.400881 0.079295 0.405286 0.074890 0.405286 0.070485 0.400881 0.066079 0.396476 0.066079 0.392070 0.061674 0.392070 0.057269 0.378855 0.044053 0.374449 0.044053 0.370044 0.039648 0.365639 0.039648 0.361233 0.044053 0.356828 0.044053
0 0.837004 0.035242 0.841410 0.039648 0.841410 0.044053 0.850220 0.052863 0.854626 0.052863 0.859031 0.048458 0.863436 0.052863 0.867841 0.052863 0.876652 0.061674 0.881057 0.061674 0.885463 0.057269 0.889868 0.061674 0.894273 0.061674 0.911894 0.079295 0.920705 0.079295 0.925110 0.074890 0.925110 0.070485 0.929515 0.066079 0.933921 0.066079 0.938326 0.061674 0.942731 0.066079 0.947137 0.066079 0.951542 0.070485 0.955947 0.070485 0.960352 0.074890 0.969163 0.066079 0.964758 0.061674 0.955947 0.061674 0.951542 0.057269 0.947137 0.057269 0.942731 0.061674 0.938326 0.061674 0.933921 0.066079 0.929515 0.061674 0.925110 0.061674 0.916300 0.052863 0.907489 0.052863 0.903084 0.048458 0.898678 0.052863 0.894273 0.052863 0.889868 0.057269 0.885463 0.057269 0.881057 0.052863 0.876652 0.052863 0.872247 0.057269 0.867841 0.052863 0.863436 0.052863 0.859031 0.048458 0.859031 0.044053 0.845815 0.030837 0.841410 0.030837
0 0.797357 0.017621 0.788546 0.017621 0.770925 0.035242 0.779736 0.044053 0.784141 0.044053 0.792952 0.035242 0.797357 0.035242 0.801762 0.030837 0.801762 0.022026
0 0.515419 0.013216 0.511013 0.013216 0.497797 0.026432 0.493392 0.026432 0.488987 0.030837 0.484582 0.030837 0.480176 0.035242 0.475771 0.035242 0.471366 0.039648 0.471366 0.057269 0.466960 0.061674 0.466960 0.066079 0.471366 0.070485 0.471366 0.074890 0.475771 0.079295 0.480176 0.074890 0.480176 0.052863 0.488987 0.044053 0.493392 0.044053 0.497797 0.039648 0.502203 0.039648 0.506608 0.035242 0.511013 0.035242 0.519824 0.026432 0.519824 0.017621
0 0.942731 0.000000 0.942731 0.004405 0.947137 0.008811 0.947137 0.013216 0.960352 0.026432 0.969163 0.026432 0.973568 0.030837 0.977974 0.030837 0.982379 0.035242 0.982379 0.039648 0.991189 0.048458 0.995595 0.044053 0.995595 0.026432 0.991189 0.030837 0.986784 0.026432 0.982379 0.026432 0.977974 0.022026 0.973568 0.022026 0.960352 0.008811 0.960352 0.000000
0 0.224670 0.000000 0.207048 0.000000 0.207048 0.004405 0.202643 0.008811 0.202643 0.026432 0.189427 0.039648 0.189427 0.048458 0.193833 0.052863 0.198238 0.052863 0.207048 0.044053 0.207048 0.030837 0.220264 0.017621 0.220264 0.013216 0.224670 0.008811
0 0.167401 0.000000 0.149780 0.000000 0.149780 0.004405 0.154185 0.008811 0.154185 0.022026 0.149780 0.026432 0.145374 0.026432 0.140969 0.030837 0.136564 0.026432 0.132159 0.026432 0.123348 0.035242 0.123348 0.039648 0.127753 0.044053 0.140969 0.044053 0.149780 0.035242 0.154185 0.035242 0.158590 0.030837 0.158590 0.017621 0.167401 0.008811
