0 0.114537 0.977974 0.118943 0.982379 0.123348 0.982379 0.132159 0.991189 0.132159 0.995595 0.167401 0.995595 0.158590 0.986784 0.149780 0.986784 0.145374 0.982379 0.140969 0.982379 0.132159 0.973568 0.127753 0.977974 0.123348 0.973568 0.118943 0.973568
0 0.039648 0.951542 0.044053 0.955947 0.044053 0.960352 0.048458 0.964758 0.052863 0.964758 0.057269 0.969163 0.061674 0.969163 0.066079 0.973568 0.079295 0.973568 0.083700 0.969163 0.083700 0.960352 0.070485 0.947137 0.044053 0.947137
0 0.317181 0.933921 0.312775 0.933921 0.308370 0.938326 0.303965 0.938326 0.295154 0.947137 0.290749 0.947137 0.286344 0.951542 0.273128 0.951542 0.268722 0.955947 0.273128 0.960352 0.273128 0.964758 0.277533 0.969163 0.277533 0.973568 0.281938 0.977974 0.295154 0.977974 0.299559 0.973568 0.299559 0.969163 0.303965 0.964758 0.303965 0.960352 0.321586 0.942731 0.321586 0.938326
0 0.220264 0.933921 0.215859 0.938326 0.215859 0.951542 0.202643 0.964758 0.211454 0.973568 0.211454 0.977974 0.215859 0.982379 0.220264 0.982379 0.224670 0.986784 0.229075 0.986784 0.233480 0.991189 0.233480 0.995595 0.233480 0.991189 0.237885 0.986784 0.242291 0.986784 0.246696 0.982379 0.246696 0.977974 0.242291 0.973568 0.237885 0.973568 0.233480 0.969163 0.229075 0.969163 0.220264 0.960352 0.220264 0.947137 0.229075 0.938326 0.224670 0.933921
0 0.378855 0.925110 0.374449 0.929515 0.374449 0.942731 0.370044 0.947137 0.374449 0.951542 0.387665 0.951542 0.392070 0.955947 0.409692 0.955947 0.414097 0.960352 0.418502 0.960352 0.427313 0.969163 0.427313 0.982379 0.422908 0.986784 0.418502 0.986784 0.414097 0.991189 0.409692 0.986784 0.405286 0.986784 0.400881 0.982379 0.396476 0.986784 0.392070 0.986784 0.387665 0.991189 0.387665 0.995595 0.440529 0.995595 0.440529 0.973568 0.444934 0.969163 0.444934 0.964758 0.440529 0.960352 0.440529 0.955947 0.436123 0.951542 0.431718 0.951542 0.427313 0.947137 0.422908 0.947137 0.405286 0.929515 0.392070 0.929515 0.387665 0.925110
0 0.797357 0.911894 0.788546 0.920705 0.788546 0.933921 0.792952 0.938326 0.792952 0.947137 0.797357 0.951542 0.797357 0.955947 0.801762 0.960352 0.814978 0.947137 0.819383 0.947137 0.823789 0.942731 0.828194 0.947137 0.832599 0.947137 0.837004 0.951542 0.837004 0.969163 0.845815 0.977974 0.854626 0.977974 0.859031 0.982379 0.863436 0.977974 0.850220 0.964758 0.850220 0.960352 0.845815 0.955947 0.845815 0.951542 0.841410 0.947137 0.841410 0.938326 0.837004 0.933921 0.832599 0.938326 0.828194 0.938326 0.823789 0.942731 0.819383 0.938326 0.814978 0.938326 0.810573 0.933921 0.810573 0.925110 0.806167 0.920705 0.806167 0.916300 0.801762 0.911894
0 0.872247 0.911894 0.872247 0.916300 0.876652 0.920705 0.876652 0.947137 0.872247 0.951542 0.881057 0.960352 0.889868 0.960352 0.894273 0.955947 0.894273 0.938326 0.898678 0.933921 0.903084 0.933921 0.907489 0.929515 0.911894 0.929515 0.916300 0.933921 0.920705 0.929515 0.925110 0.929515 0.929515 0.925110 0.933921 0.925110 0.938326 0.929515 0.942731 0.929515 0.947137 0.933921 0.951542 0.933921 0.955947 0.938326 0.960352 0.938326 0.964758 0.942731 0.964758 0.964758 0.955947 0.973568 0.964758 0.982379 0.977974 0.969163 0.977974 0.964758 0.982379 0.960352 0.982379 0.951542 0.977974 0.947137 0.977974 0.925110 0.973568 0.920705 0.969163 0.920705 0.964758 0.916300 0.955947 0.916300 0.951542 0.911894 0.947137 0.916300 0.938326 0.916300 0.933921 0.920705 0.920705 0.920705 0.916300 0.916300 0.911894 0.920705 0.898678 0.920705 0.894273 0.916300 0.889868 0.916300 0.885463 0.911894 0.885463 0.907489 0.881057 0.903084
0 0.057269 0.898678 0.048458 0.889868 0.039648 0.898678 0.035242 0.898678 0.030837 0.903084 0.022026 0.903084 0.017621 0.898678 0.013216 0.898678 0.008811 0.894273 0.000000 0.894273 0.000000 0.911894 0.004405 0.911894 0.008811 0.916300 0.013216 0.916300 0.017621 0.920705 0.026432 0.920705 0.039648 0.907489 0.044053 0.907489 0.048458 0.903084 0.052863 0.903084
0 0.480176 0.881057 0.475771 0.885463 0.475771 0.889868 0.488987 0.903084 0.488987 0.933921 0.484582 0.938326 0.488987 0.942731 0.488987 0.951542 0.493392 0.955947 0.497797 0.955947 0.502203 0.960352 0.506608 0.960352 0.506608 0.951542 0.502203 0.947137 0.502203 0.942731 0.497797 0.938326 0.497797 0.894273 0.484582 0.881057
0 0.000000 0.814978 0.000000 0.832599 0.008811 0.832599 0.013216 0.837004 0.017621 0.837004 0.022026 0.841410 0.026432 0.841410 0.030837 0.845815 0.035242 0.841410 0.039648 0.841410 0.044053 0.837004 0.048458 0.841410 0.052863 0.837004 0.048458 0.832599 0.044053 0.837004 0.039648 0.832599 0.035242 0.832599 0.030837 0.828194 0.022026 0.828194 0.017621 0.823789 0.013216 0.823789 0.004405 0.814978
0 0.955947 0.814978 0.955947 0.819383 0.960352 0.823789 0.960352 0.828194 0.977974 0.845815 0.982379 0.845815 0.986784 0.841410 0.991189 0.841410 0.995595 0.837004 0.995595 0.832599 0.991189 0.828194 0.986784 0.828194 0.977974 0.819383 0.977974 0.814978 0.973568 0.810573 0.960352 0.810573
0 0.911894 0.797357 0.907489 0.801762 0.907489 0.810573 0.911894 0.814978 0.911894 0.819383 0.916300 0.823789 0.916300 0.832599 0.920705 0.837004 0.925110 0.832599 0.925110 0.819383 0.929515 0.814978 0.929515 0.810573 0.933921 0.806167 0.925110 0.797357 0.920705 0.801762 0.916300 0.797357
0 0.167401 0.788546 0.167401 0.801762 0.180617 0.814978 0.180617 0.819383 0.185022 0.823789 0.198238 0.823789 0.202643 0.828194 0.207048 0.828194 0.215859 0.837004 0.237885 0.837004 0.242291 0.841410 0.246696 0.841410 0.264317 0.859031 0.264317 0.872247 0.273128 0.885463 0.277533 0.885463 0.281938 0.889868 0.290749 0.889868 0.295154 0.885463 0.303965 0.885463 0.308370 0.881057 0.312775 0.885463 0.321586 0.885463 0.325991 0.889868 0.330396 0.889868 0.339207 0.898678 0.348018 0.898678 0.352423 0.903084 0.356828 0.898678 0.361233 0.903084 0.365639 0.903084 0.374449 0.894273 0.370044 0.889868 0.352423 0.889868 0.348018 0.885463 0.343612 0.885463 0.339207 0.881057 0.334802 0.881057 0.321586 0.872247 0.317181 0.872247 0.312775 0.876652 0.308370 0.872247 0.303965 0.876652 0.299559 0.872247 0.295154 0.872247 0.286344 0.863436 0.286344 0.859031 0.259912 0.832599 0.259912 0.823789 0.264317 0.819383 0.268722 0.819383 0.281938 0.810573 0.281938 0.806167 0.277533 0.801762 0.268722 0.801762 0.264317 0.806167 0.264317 0.819383 0.255507 0.828194 0.251101 0.828194 0.246696 0.832599 0.242291 0.828194 0.233480 0.828194 0.229075 0.823789 0.224670 0.823789 0.215859 0.814978 0.211454 0.814978 0.207048 0.810573 0.202643 0.810573 0.193833 0.801762 0.193833 0.788546 0.185022 0.779736 0.180617 0.784141 0.176211 0.779736
0 0.687225 0.735683 0.682819 0.740088 0.687225 0.744493 0.687225 0.748899 0.696035 0.757709 0.696035 0.766520 0.704846 0.775330 0.718062 0.775330 0.722467 0.770925 0.722467 0.766520 0.718062 0.762115 0.713656 0.762115 0.709251 0.757709 0.704846 0.757709 0.700441 0.753304 0.700441 0.744493 0.691630 0.735683
0 0.321586 0.726872 0.317181 0.731278 0.321586 0.735683 0.321586 0.757709 0.325991 0.762115 0.330396 0.762115 0.334802 0.766520 0.348018 0.766520 0.352423 0.770925 0.356828 0.766520 0.356828 0.762115 0.334802 0.740088 0.334802 0.731278 0.330396 0.726872
0 0.083700 0.726872 0.074890 0.735683 0.074890 0.744493 0.092511 0.762115 0.096916 0.762115 0.101322 0.757709 0.101322 0.748899 0.096916 0.744493 0.096916 0.735683 0.088106 0.726872
0 0.964758 0.669604 0.960352 0.669604 0.947137 0.682819 0.942731 0.682819 0.942731 0.687225 0.947137 0.687225 0.951542 0.691630 0.951542 0.709251 0.955947 0.713656 0.960352 0.713656 0.969163 0.704846 0.964758 0.700441
0 0.625551 0.665198 0.625551 0.674009 0.634361 0.682819 0.638767 0.678414 0.643172 0.678414 0.647577 0.674009 0.651982 0.674009 0.656388 0.678414 0.660793 0.678414 0.660793 0.665198 0.656388 0.660793 0.629956 0.660793
0 0.048458 0.660793 0.044053 0.660793 0.039648 0.665198 0.039648 0.691630 0.044053 0.696035 0.044053 0.704846 0.035242 0.713656 0.030837 0.713656 0.022026 0.722467 0.022026 0.731278 0.026432 0.735683 0.026432 0.744493 0.013216 0.757709 0.013216 0.766520 0.017621 0.770925 0.017621 0.775330 0.022026 0.779736 0.030837 0.779736 0.039648 0.770925 0.044053 0.770925 0.048458 0.766520 0.044053 0.762115 0.039648 0.762115 0.030837 0.753304 0.030837 0.744493 0.044053 0.731278 0.039648 0.726872 0.039648 0.709251 0.048458 0.700441 0.052863 0.700441 0.057269 0.696035 0.057269 0.669604
0 0.911894 0.638767 0.907489 0.643172 0.903084 0.643172 0.898678 0.647577 0.898678 0.665198 0.903084 0.669604 0.903084 0.678414 0.916300 0.691630 0.925110 0.691630 0.929515 0.687225 0.933921 0.687225 0.933921 0.682819 0.929515 0.682819 0.916300 0.669604 0.916300 0.665198 0.911894 0.660793 0.911894 0.647577 0.916300 0.643172
0 0.092511 0.647577 0.096916 0.651982 0.096916 0.656388 0.101322 0.660793 0.110132 0.660793 0.114537 0.656388 0.118943 0.660793 0.123348 0.660793 0.140969 0.678414 0.145374 0.678414 0.149780 0.682819 0.154185 0.682819 0.158590 0.687225 0.158590 0.691630 0.162996 0.696035 0.162996 0.709251 0.167401 0.713656 0.171806 0.713656 0.180617 0.704846 0.176211 0.700441 0.176211 0.696035 0.167401 0.687225 0.167401 0.678414 0.158590 0.669604 0.149780 0.669604 0.145374 0.665198 0.140969 0.665198 0.127753 0.651982 0.123348 0.651982 0.110132 0.638767 0.105727 0.638767 0.101322 0.643172 0.096916 0.643172
0 0.845815 0.612335 0.841410 0.616740 0.841410 0.625551 0.832599 0.634361 0.832599 0.638767 0.828194 0.643172 0.828194 0.651982 0.832599 0.656388 0.837004 0.656388 0.845815 0.665198 0.854626 0.656388 0.854626 0.629956 0.859031 0.625551 0.859031 0.621145 0.854626 0.616740 0.850220 0.616740
0 0.193833 0.599119 0.185022 0.607930 0.185022 0.616740 0.193833 0.625551 0.198238 0.621145 0.202643 0.625551 0.211454 0.616740 0.211454 0.603524 0.207048 0.603524 0.202643 0.599119
0 0.647577 0.594714 0.638767 0.594714 0.629956 0.603524 0.629956 0.607930 0.625551 0.612335 0.629956 0.612335 0.634361 0.616740 0.634361 0.625551 0.638767 0.629956 0.643172 0.629956 0.647577 0.625551 0.647577 0.607930 0.651982 0.603524 0.651982 0.599119
0 0.052863 0.585903 0.048458 0.590308 0.048458 0.594714 0.044053 0.599119 0.048458 0.603524 0.048458 0.607930 0.057269 0.616740 0.061674 0.616740 0.066079 0.612335 0.066079 0.607930 0.070485 0.603524 0.070485 0.599119 0.057269 0.585903
0 0.964758 0.563877 0.960352 0.559471 0.955947 0.559471 0.951542 0.555066 0.942731 0.563877 0.942731 0.568282 0.938326 0.572687 0.933921 0.572687 0.929515 0.577093 0.916300 0.577093 0.911894 0.581498 0.911894 0.590308 0.920705 0.599119 0.929515 0.599119 0.938326 0.590308 0.942731 0.590308 0.947137 0.585903 0.951542 0.585903 0.964758 0.572687
0 0.074890 0.537445 0.070485 0.541850 0.070485 0.555066 0.074890 0.559471 0.079295 0.559471 0.083700 0.563877 0.088106 0.563877 0.092511 0.568282 0.092511 0.585903 0.096916 0.590308 0.101322 0.590308 0.110132 0.599119 0.110132 0.616740 0.114537 0.621145 0.118943 0.616740 0.123348 0.616740 0.127753 0.612335 0.118943 0.603524 0.118943 0.594714 0.127753 0.585903 0.132159 0.585903 0.136564 0.581498 0.140969 0.585903 0.145374 0.585903 0.149780 0.581498 0.149780 0.577093 0.145374 0.572687 0.140969 0.572687 0.140969 0.577093 0.136564 0.581498 0.132159 0.581498 0.127753 0.585903 0.118943 0.585903 0.114537 0.581498 0.110132 0.581498 0.092511 0.563877 0.092511 0.555066 0.096916 0.550661 0.101322 0.550661 0.105727 0.546256 0.110132 0.550661 0.114537 0.550661 0.118943 0.555066 0.123348 0.555066 0.127753 0.559471 0.132159 0.559471 0.136564 0.563877 0.136564 0.559471 0.140969 0.555066 0.140969 0.550661 0.136564 0.546256 0.136564 0.541850 0.127753 0.533040 0.114537 0.533040 0.105727 0.541850 0.101322 0.541850 0.096916 0.546256 0.092511 0.541850 0.088106 0.541850 0.083700 0.537445
0 0.682819 0.480176 0.678414 0.484582 0.678414 0.493392 0.665198 0.506608 0.665198 0.511013 0.669604 0.515419 0.669604 0.519824 0.674009 0.524229 0.674009 0.528634 0.678414 0.533040 0.682819 0.528634 0.691630 0.528634 0.696035 0.533040 0.704846 0.533040 0.709251 0.537445 0.713656 0.537445 0.713656 0.519824 0.709251 0.515419 0.700441 0.515419 0.696035 0.511013 0.691630 0.511013 0.682819 0.502203 0.682819 0.493392 0.687225 0.488987 0.687225 0.484582
0 0.810573 0.484582 0.801762 0.475771 0.797357 0.475771 0.792952 0.480176 0.792952 0.488987 0.788546 0.493392 0.784141 0.493392 0.779736 0.497797 0.770925 0.497797 0.766520 0.502203 0.766520 0.511013 0.770925 0.515419 0.784141 0.515419 0.788546 0.511013 0.788546 0.506608 0.801762 0.493392 0.806167 0.493392 0.810573 0.488987
0 0.000000 0.480176 0.000000 0.484582 0.004405 0.488987 0.008811 0.488987 0.013216 0.493392 0.022026 0.493392 0.026432 0.497797 0.030837 0.497797 0.035242 0.502203 0.035242 0.506608 0.039648 0.511013 0.039648 0.515419 0.044053 0.519824 0.052863 0.519824 0.057269 0.515419 0.057269 0.511013 0.052863 0.506608 0.052863 0.502203 0.044053 0.493392 0.044053 0.488987 0.030837 0.475771 0.022026 0.475771 0.017621 0.471366 0.013216 0.471366 0.008811 0.475771 0.004405 0.475771
0 0.625551 0.321586 0.629956 0.321586 0.634361 0.325991 0.643172 0.325991 0.647577 0.330396 0.651982 0.325991 0.656388 0.325991 0.660793 0.330396 0.669604 0.330396 0.674009 0.325991 0.674009 0.321586 0.669604 0.317181 0.665198 0.317181 0.660793 0.312775 0.651982 0.312775 0.647577 0.308370 0.643172 0.308370 0.638767 0.312775 0.634361 0.312775
0 0.348018 0.290749 0.339207 0.299559 0.339207 0.308370 0.348018 0.317181 0.352423 0.317181 0.356828 0.321586 0.365639 0.321586 0.374449 0.312775 0.374449 0.303965 0.361233 0.290749
0 0.273128 0.255507 0.273128 0.259912 0.277533 0.264317 0.303965 0.264317 0.308370 0.259912 0.308370 0.255507 0.299559 0.246696 0.281938 0.246696
0 0.599119 0.229075 0.594714 0.233480 0.603524 0.242291 0.603524 0.246696 0.616740 0.259912 0.621145 0.259912 0.638767 0.277533 0.643172 0.273128 0.638767 0.268722 0.638767 0.255507 0.634361 0.251101 0.634361 0.246696 0.621145 0.233480 0.616740 0.233480 0.612335 0.229075
0 0.277533 0.167401 0.277533 0.185022 0.281938 0.189427 0.286344 0.189427 0.290749 0.193833 0.295154 0.193833 0.299559 0.189427 0.303965 0.193833 0.308370 0.193833 0.317181 0.202643 0.321586 0.202643 0.325991 0.207048 0.330396 0.207048 0.334802 0.211454 0.334802 0.233480 0.339207 0.237885 0.339207 0.242291 0.348018 0.251101 0.352423 0.251101 0.356828 0.246696 0.356828 0.229075 0.352423 0.224670 0.352423 0.215859 0.361233 0.207048 0.365639 0.207048 0.370044 0.202643 0.374449 0.202643 0.378855 0.207048 0.383260 0.207048 0.387665 0.211454 0.392070 0.211454 0.396476 0.207048 0.392070 0.202643 0.387665 0.202643 0.383260 0.207048 0.378855 0.207048 0.374449 0.202643 0.370044 0.202643 0.365639 0.198238 0.361233 0.202643 0.356828 0.202643 0.352423 0.207048 0.343612 0.207048 0.339207 0.202643 0.334802 0.202643 0.321586 0.189427 0.317181 0.189427 0.312775 0.185022 0.308370 0.185022 0.286344 0.162996 0.281938 0.162996
0 0.898678 0.193833 0.903084 0.198238 0.907489 0.193833 0.907489 0.180617 0.911894 0.176211 0.916300 0.176211 0.920705 0.171806 0.933921 0.171806 0.938326 0.176211 0.951542 0.176211 0.960352 0.167401 0.955947 0.162996 0.938326 0.162996 0.933921 0.158590 0.920705 0.158590 0.916300 0.154185 0.911894 0.154185 0.907489 0.158590 0.907489 0.176211 0.898678 0.185022
0 0.176211 0.167401 0.176211 0.171806 0.180617 0.176211 0.193833 0.176211 0.198238 0.180617 0.202643 0.180617 0.207048 0.185022 0.211454 0.185022 0.215859 0.180617 0.220264 0.180617 0.224670 0.176211 0.233480 0.176211 0.237885 0.171806 0.233480 0.167401 0.229075 0.167401 0.224670 0.162996 0.220264 0.162996 0.211454 0.154185 0.207048 0.154185 0.193833 0.140969 0.189427 0.140969 0.185022 0.145374 0.185022 0.158590
0 0.960352 0.110132 0.964758 0.114537 0.964758 0.118943 0.977974 0.132159 0.995595 0.132159 0.995595 0.118943 0.991189 0.118943 0.986784 0.114537 0.982379 0.114537 0.969163 0.101322
0 0.938326 0.088106 0.920705 0.088106 0.911894 0.096916 0.920705 0.105727 0.920705 0.118943 0.916300 0.123348 0.920705 0.127753 0.929515 0.127753 0.933921 0.123348 0.933921 0.118943 0.929515 0.114537 0.929515 0.105727 0.942731 0.092511
0 0.859031 0.052863 0.845815 0.052863 0.832599 0.066079 0.828194 0.066079 0.823789 0.070485 0.823789 0.074890 0.837004 0.088106 0.841410 0.088106 0.850220 0.079295 0.854626 0.079295 0.863436 0.070485 0.863436 0.057269
0 0.259912 0.052863 0.259912 0.057269 0.273128 0.070485 0.299559 0.070485 0.303965 0.066079 0.303965 0.061674 0.295154 0.052863 0.281938 0.052863 0.277533 0.048458 0.264317 0.048458
0 0.995595 0.052863 0.986784 0.052863 0.982379 0.048458 0.977974 0.048458 0.973568 0.044053 0.969163 0.048458 0.964758 0.048458 0.960352 0.052863 0.955947 0.052863 0.951542 0.057269 0.951542 0.066079 0.955947 0.070485 0.964758 0.061674 0.969163 0.061674 0.973568 0.057269 0.977974 0.057269 0.982379 0.061674 0.986784 0.061674 0.991189 0.066079 0.995595 0.066079
0 0.189427 0.044053 0.185022 0.048458 0.185022 0.061674 0.189427 0.066079 0.189427 0.074890 0.185022 0.079295 0.180617 0.079295 0.176211 0.083700 0.171806 0.083700 0.167401 0.079295 0.158590 0.079295 0.154185 0.083700 0.158590 0.088106 0.167401 0.088106 0.171806 0.083700 0.176211 0.083700 0.180617 0.079295 0.185022 0.083700 0.189427 0.083700 0.193833 0.088106 0.193833 0.096916 0.189427 0.101322 0.193833 0.105727 0.202643 0.096916 0.207048 0.096916 0.220264 0.083700 0.207048 0.070485 0.207048 0.066079 0.202643 0.061674 0.202643 0.057269
0 0.493392 0.035242 0.488987 0.035242 0.480176 0.044053 0.475771 0.044053 0.471366 0.048458 0.462555 0.048458 0.458150 0.052863 0.458150 0.057269 0.462555 0.061674 0.462555 0.066079 0.466960 0.070485 0.475771 0.070485 0.484582 0.061674 0.484582 0.057269 0.497797 0.044053 0.497797 0.039648
0 0.881057 0.039648 0.885463 0.044053 0.889868 0.044053 0.894273 0.039648 0.898678 0.039648 0.903084 0.035242 0.911894 0.035242 0.916300 0.039648 0.920705 0.039648 0.925110 0.044053 0.929515 0.044053 0.942731 0.030837 0.933921 0.022026 0.925110 0.022026 0.920705 0.026432 0.916300 0.026432 0.911894 0.022026 0.907489 0.022026 0.903084 0.017621 0.894273 0.017621 0.885463 0.026432 0.885463 0.030837 0.881057 0.035242
0 0.017621 0.123348 0.022026 0.414097 0.092511 0.440529 0.079295 0.493392 0.189427 0.488987 0.308370 0.603524 0.312775 0.656388 0.229075 0.700441 0.286344 0.784141 0.259912 0.687225 0.339207 0.691630 0.330396 0.629956 0.449339 0.801762 0.330396 0.806167 0.422908 0.845815 0.405286 0.898678 0.449339 0.819383 0.524229 0.859031 0.383260 0.612335 0.466960 0.647577 0.480176 0.735683 0.537445 0.713656 0.519824 0.819383 0.585903 0.876652 0.537445 0.889868 0.533040 0.995595 0.577093 0.938326 0.629956 0.969163 0.585903 0.894273 0.696035 0.969163 0.651982 0.903084 0.687225 0.845815 0.740088 0.907489 0.889868 0.859031 0.837004 0.828194 0.885463 0.788546 0.841410 0.779736 0.845815 0.700441 0.766520 0.691630 0.797357 0.634361 0.713656 0.581498 0.665198 0.696035 0.775330 0.696035 0.762115 0.819383 0.837004 0.713656 0.819383 0.850220 0.770925 0.885463 0.638767 0.766520 0.647577 0.823789 0.572687 0.828194 0.546256 0.722467 0.612335 0.612335 0.563877 0.537445 0.629956 0.528634 0.550661 0.506608 0.568282 0.629956 0.515419 0.590308 0.339207 0.621145 0.229075 0.480176 0.330396 0.515419 0.374449 0.444934 0.502203 0.418502 0.581498 0.484582 0.537445 0.409692 0.638767 0.436123 0.625551 0.493392 0.678414 0.449339 0.744493 0.493392 0.784141 0.422908 0.841410 0.458150 0.762115 0.387665 0.876652 0.317181 0.942731 0.387665 0.881057 0.392070 0.867841 0.444934 0.942731 0.480176 0.718062 0.546256 0.828194 0.585903 0.995595 0.480176 0.995595 0.422908 0.920705 0.440529 0.995595 0.387665 0.929515 0.352423 0.995595 0.220264 0.929515 0.202643 0.960352 0.251101 0.898678 0.303965 0.850220 0.242291 0.916300 0.229075 0.850220 0.189427 0.819383 0.242291 0.806167 0.145374 0.801762 0.251101 0.735683 0.237885 0.709251 0.295154 0.687225 0.251101 0.718062 0.339207 0.629956 0.374449 0.718062 0.449339 0.506608 0.400881 0.511013 0.348018 0.559471 0.383260 0.612335 0.321586 0.524229 0.290749 0.546256 0.251101 0.590308 0.286344 0.519824 0.215859 0.511013 0.114537 0.471366 0.088106 0.458150 0.149780 0.387665 0.140969 0.440529 0.079295 0.400881 0.017621 0.312775 0.101322 0.378855 0.140969 0.299559 0.145374 0.484582 0.158590 0.515419 0.242291 0.444934 0.286344 0.400881 0.251101 0.466960 0.352423 0.378855 0.444934 0.229075 0.237885 0.158590 0.246696 0.237885 0.290749 0.167401 0.334802 0.242291 0.339207 0.277533 0.400881 0.185022 0.449339 0.066079 0.330396
0 0.524229 0.083700 0.528634 0.092511 0.537445 0.092511 0.550661 0.101322 0.555066 0.132159 0.563877 0.140969 0.563877 0.149780 0.594714 0.189427 0.612335 0.193833 0.625551 0.207048 0.647577 0.193833 0.660793 0.202643 0.660793 0.220264 0.665198 0.224670 0.682819 0.224670 0.687225 0.220264 0.687225 0.211454 0.665198 0.193833 0.665198 0.185022 0.682819 0.176211 0.740088 0.224670 0.748899 0.215859 0.748899 0.202643 0.731278 0.185022 0.718062 0.185022 0.700441 0.171806 0.700441 0.162996 0.731278 0.136564 0.731278 0.123348 0.770925 0.096916 0.770925 0.057269 0.748899 0.030837 0.744493 0.035242 0.735683 0.035242 0.704846 0.017621 0.696035 0.017621 0.682819 0.026432 0.669604 0.026432 0.651982 0.013216 0.647577 0.000000 0.638767 0.000000 0.638767 0.013216 0.656388 0.030837 0.665198 0.030837 0.700441 0.052863 0.713656 0.052863 0.740088 0.070485 0.740088 0.079295 0.726872 0.092511 0.726872 0.101322 0.718062 0.114537 0.691630 0.132159 0.678414 0.132159 0.656388 0.118943 0.647577 0.118943 0.612335 0.092511 0.612335 0.074890 0.625551 0.048458 0.621145 0.039648 0.612335 0.044053 0.599119 0.035242 0.577093 0.052863 0.550661 0.066079 0.541850 0.066079
0 0.207048 0.000000 0.220264 0.013216 0.220264 0.035242 0.224670 0.039648 0.237885 0.039648 0.242291 0.035242 0.242291 0.030837 0.237885 0.026432 0.237885 0.017621 0.233480 0.013216 0.233480 0.008811 0.229075 0.004405 0.229075 0.000000
0 0.061674 0.000000 0.061674 0.017621 0.066079 0.022026 0.066079 0.030837 0.057269 0.039648 0.052863 0.039648 0.048458 0.044053 0.052863 0.048458 0.057269 0.048458 0.070485 0.061674 0.070485 0.070485 0.066079 0.074890 0.066079 0.079295 0.070485 0.083700 0.074890 0.083700 0.083700 0.092511 0.088106 0.092511 0.092511 0.096916 0.096916 0.096916 0.101322 0.101322 0.105727 0.101322 0.110132 0.105727 0.114537 0.105727 0.118943 0.110132 0.118943 0.118943 0.123348 0.123348 0.123348 0.132159 0.127753 0.136564 0.127753 0.140969 0.145374 0.158590 0.149780 0.154185 0.149780 0.149780 0.140969 0.140969 0.140969 0.132159 0.145374 0.127753 0.149780 0.127753 0.154185 0.123348 0.158590 0.127753 0.162996 0.123348 0.162996 0.118943 0.167401 0.114537 0.162996 0.110132 0.154185 0.118943 0.149780 0.118943 0.145374 0.123348 0.140969 0.118943 0.136564 0.118943 0.132159 0.114537 0.132159 0.110132 0.123348 0.101322 0.123348 0.079295 0.127753 0.074890 0.123348 0.070485 0.123348 0.066079 0.110132 0.052863 0.105727 0.057269 0.101322 0.057269 0.096916 0.052863 0.092511 0.052863 0.088106 0.048458 0.083700 0.048458 0.070485 0.035242 0.070485 0.026432 0.074890 0.022026 0.074890 0.017621 0.079295 0.013216 0.079295 0.000000
