0 0.162996 0.960352 0.158590 0.955947 0.154185 0.955947 0.149780 0.960352 0.140969 0.960352 0.132159 0.969163 0.127753 0.969163 0.123348 0.973568 0.114537 0.973568 0.110132 0.977974 0.114537 0.982379 0.118943 0.982379 0.123348 0.977974 0.127753 0.977974 0.132159 0.973568 0.136564 0.973568 0.140969 0.977974 0.154185 0.977974 0.162996 0.969163
0 0.678414 0.960352 0.665198 0.947137 0.643172 0.947137 0.629956 0.960352 0.625551 0.960352 0.621145 0.964758 0.616740 0.960352 0.594714 0.960352 0.590308 0.964758 0.585903 0.964758 0.581498 0.969163 0.577093 0.969163 0.572687 0.973568 0.572687 0.995595 0.585903 0.995595 0.585903 0.986784 0.590308 0.982379 0.594714 0.982379 0.599119 0.977974 0.612335 0.977974 0.621145 0.969163 0.625551 0.969163 0.629956 0.964758 0.638767 0.964758 0.643172 0.969163 0.647577 0.964758 0.674009 0.964758
0 0.744493 0.929515 0.740088 0.933921 0.744493 0.938326 0.744493 0.947137 0.740088 0.951542 0.740088 0.964758 0.735683 0.969163 0.744493 0.977974 0.748899 0.977974 0.753304 0.973568 0.757709 0.973568 0.762115 0.969163 0.762115 0.942731 0.757709 0.942731
0 0.484582 0.938326 0.488987 0.942731 0.506608 0.942731 0.511013 0.947137 0.515419 0.947137 0.519824 0.951542 0.519824 0.960352 0.528634 0.969163 0.533040 0.969163 0.537445 0.964758 0.541850 0.964758 0.546256 0.960352 0.546256 0.955947 0.541850 0.951542 0.524229 0.951542 0.519824 0.947137 0.515419 0.947137 0.511013 0.942731 0.511013 0.933921 0.506608 0.929515 0.493392 0.929515
0 0.427313 0.929515 0.422908 0.925110 0.409692 0.925110 0.405286 0.920705 0.400881 0.925110 0.396476 0.920705 0.383260 0.933921 0.378855 0.933921 0.374449 0.938326 0.370044 0.933921 0.356828 0.933921 0.352423 0.938326 0.348018 0.938326 0.343612 0.942731 0.339207 0.938326 0.334802 0.938326 0.330396 0.933921 0.325991 0.938326 0.330396 0.942731 0.334802 0.938326 0.339207 0.942731 0.343612 0.942731 0.356828 0.955947 0.365639 0.955947 0.374449 0.947137 0.374449 0.938326 0.378855 0.933921 0.383260 0.933921 0.387665 0.929515 0.392070 0.933921 0.396476 0.933921 0.400881 0.938326 0.418502 0.938326
0 0.176211 0.907489 0.176211 0.916300 0.180617 0.920705 0.189427 0.920705 0.193833 0.916300 0.193833 0.911894 0.198238 0.907489 0.202643 0.907489 0.207048 0.903084 0.211454 0.903084 0.215859 0.907489 0.220264 0.907489 0.224670 0.911894 0.224670 0.933921 0.233480 0.942731 0.237885 0.942731 0.242291 0.947137 0.246696 0.947137 0.255507 0.955947 0.264317 0.955947 0.268722 0.960352 0.273128 0.960352 0.281938 0.969163 0.281938 0.973568 0.290749 0.982379 0.295154 0.982379 0.303965 0.973568 0.303965 0.969163 0.299559 0.964758 0.295154 0.964758 0.290749 0.960352 0.290749 0.942731 0.286344 0.938326 0.281938 0.938326 0.277533 0.933921 0.277533 0.925110 0.281938 0.920705 0.281938 0.916300 0.268722 0.903084 0.264317 0.903084 0.259912 0.898678 0.255507 0.903084 0.251101 0.903084 0.246696 0.898678 0.242291 0.898678 0.237885 0.894273 0.237885 0.889868 0.233480 0.885463 0.229075 0.885463 0.224670 0.889868 0.220264 0.885463 0.215859 0.885463 0.211454 0.889868 0.198238 0.889868 0.189427 0.898678 0.185022 0.898678
0 0.704846 0.889868 0.696035 0.881057 0.687225 0.889868 0.682819 0.889868 0.678414 0.894273 0.669604 0.894273 0.665198 0.898678 0.660793 0.898678 0.656388 0.903084 0.647577 0.903084 0.638767 0.911894 0.647577 0.920705 0.660793 0.920705 0.678414 0.903084 0.682819 0.903084 0.687225 0.898678 0.691630 0.903084
0 0.000000 0.876652 0.000000 0.889868 0.008811 0.889868 0.013216 0.894273 0.017621 0.894273 0.022026 0.898678 0.026432 0.898678 0.030837 0.903084 0.030837 0.916300 0.026432 0.920705 0.022026 0.920705 0.017621 0.925110 0.013216 0.925110 0.008811 0.929515 0.004405 0.929515 0.000000 0.933921 0.000000 0.947137 0.008811 0.947137 0.022026 0.933921 0.026432 0.933921 0.030837 0.929515 0.035242 0.929515 0.044053 0.920705 0.035242 0.911894 0.035242 0.903084 0.039648 0.898678 0.039648 0.889868 0.030837 0.881057 0.022026 0.881057 0.017621 0.885463 0.013216 0.885463 0.008811 0.881057 0.004405 0.881057
0 0.810573 0.867841 0.806167 0.872247 0.806167 0.898678 0.810573 0.903084 0.814978 0.898678 0.819383 0.903084 0.823789 0.903084 0.828194 0.907489 0.828194 0.929515 0.832599 0.933921 0.832599 0.938326 0.837004 0.942731 0.841410 0.942731 0.845815 0.938326 0.845815 0.916300 0.841410 0.911894 0.837004 0.911894 0.832599 0.907489 0.828194 0.907489 0.823789 0.903084 0.823789 0.889868 0.828194 0.885463 0.828194 0.876652 0.823789 0.872247 0.819383 0.872247 0.814978 0.867841
0 0.378855 0.863436 0.365639 0.876652 0.365639 0.889868 0.361233 0.894273 0.361233 0.898678 0.365639 0.903084 0.374449 0.903084 0.383260 0.894273 0.383260 0.881057 0.387665 0.876652 0.383260 0.872247 0.383260 0.867841
0 0.066079 0.859031 0.061674 0.863436 0.061674 0.872247 0.066079 0.876652 0.066079 0.881057 0.070485 0.885463 0.079295 0.885463 0.083700 0.881057 0.083700 0.876652 0.088106 0.872247 0.074890 0.859031
0 0.885463 0.854626 0.872247 0.867841 0.872247 0.872247 0.876652 0.876652 0.876652 0.881057 0.885463 0.889868 0.889868 0.889868 0.903084 0.876652 0.889868 0.863436 0.889868 0.859031
0 0.418502 0.854626 0.422908 0.859031 0.431718 0.859031 0.436123 0.854626 0.440529 0.859031 0.449339 0.859031 0.453745 0.863436 0.458150 0.863436 0.462555 0.867841 0.462555 0.872247 0.466960 0.876652 0.488987 0.876652 0.493392 0.881057 0.497797 0.881057 0.502203 0.885463 0.502203 0.889868 0.506608 0.894273 0.528634 0.894273 0.533040 0.889868 0.519824 0.876652 0.515419 0.876652 0.511013 0.881057 0.506608 0.876652 0.502203 0.876652 0.497797 0.872247 0.497797 0.863436 0.488987 0.854626 0.484582 0.859031 0.471366 0.859031 0.466960 0.863436 0.462555 0.859031 0.458150 0.859031 0.453745 0.854626 0.453745 0.845815 0.449339 0.841410 0.440529 0.841410 0.436123 0.845815 0.431718 0.845815 0.427313 0.850220 0.422908 0.850220
0 0.682819 0.841410 0.682819 0.845815 0.691630 0.854626 0.704846 0.854626 0.709251 0.859031 0.713656 0.859031 0.718062 0.854626 0.722467 0.854626 0.726872 0.859031 0.731278 0.854626 0.731278 0.850220 0.726872 0.845815 0.709251 0.845815 0.704846 0.841410 0.700441 0.841410 0.696035 0.837004 0.687225 0.837004
0 0.140969 0.837004 0.136564 0.832599 0.123348 0.832599 0.114537 0.841410 0.110132 0.841410 0.105727 0.845815 0.105727 0.850220 0.110132 0.854626 0.127753 0.854626 0.132159 0.850220 0.136564 0.850220 0.140969 0.845815
0 0.361233 0.832599 0.352423 0.823789 0.343612 0.832599 0.339207 0.832599 0.334802 0.837004 0.312775 0.837004 0.308370 0.841410 0.308370 0.845815 0.317181 0.854626 0.321586 0.854626 0.325991 0.859031 0.330396 0.859031 0.339207 0.850220 0.339207 0.845815 0.343612 0.841410 0.348018 0.841410 0.352423 0.837004 0.356828 0.837004
0 0.242291 0.828194 0.233480 0.819383 0.229075 0.819383 0.220264 0.828194 0.220264 0.832599 0.215859 0.837004 0.211454 0.837004 0.207048 0.841410 0.202643 0.837004 0.198238 0.837004 0.193833 0.841410 0.193833 0.854626 0.198238 0.859031 0.202643 0.859031 0.207048 0.854626 0.211454 0.854626 0.220264 0.845815 0.224670 0.845815 0.229075 0.841410 0.233480 0.841410 0.237885 0.845815 0.246696 0.837004 0.242291 0.832599
0 0.634361 0.806167 0.629956 0.810573 0.629956 0.828194 0.616740 0.841410 0.616740 0.845815 0.621145 0.850220 0.625551 0.850220 0.638767 0.837004 0.638767 0.832599 0.643172 0.828194 0.643172 0.823789 0.647577 0.819383 0.647577 0.814978 0.643172 0.810573 0.638767 0.810573
0 0.048458 0.810573 0.048458 0.814978 0.057269 0.823789 0.061674 0.823789 0.074890 0.837004 0.088106 0.837004 0.092511 0.832599 0.092511 0.823789 0.088106 0.819383 0.083700 0.819383 0.079295 0.814978 0.074890 0.814978 0.070485 0.810573 0.070485 0.806167 0.066079 0.801762 0.057269 0.801762
0 0.396476 0.806167 0.400881 0.810573 0.405286 0.810573 0.409692 0.814978 0.414097 0.814978 0.422908 0.823789 0.427313 0.823789 0.436123 0.814978 0.436123 0.810573 0.431718 0.806167 0.427313 0.806167 0.418502 0.797357 0.409692 0.797357 0.405286 0.801762 0.400881 0.801762
0 0.599119 0.806167 0.590308 0.797357 0.585903 0.797357 0.581498 0.792952 0.568282 0.792952 0.555066 0.806167 0.550661 0.806167 0.546256 0.810573 0.541850 0.806167 0.519824 0.806167 0.515419 0.810573 0.497797 0.810573 0.493392 0.814978 0.488987 0.810573 0.484582 0.810573 0.475771 0.801762 0.471366 0.801762 0.462555 0.810573 0.462555 0.814978 0.471366 0.823789 0.475771 0.823789 0.480176 0.819383 0.484582 0.819383 0.488987 0.823789 0.493392 0.823789 0.497797 0.828194 0.502203 0.828194 0.506608 0.823789 0.511013 0.823789 0.515419 0.819383 0.519824 0.823789 0.524229 0.823789 0.528634 0.828194 0.537445 0.828194 0.546256 0.819383 0.546256 0.810573 0.550661 0.806167 0.555066 0.806167 0.559471 0.801762 0.563877 0.806167 0.568282 0.806167 0.581498 0.819383 0.585903 0.814978 0.590308 0.814978
0 0.863436 0.784141 0.854626 0.792952 0.859031 0.797357 0.859031 0.810573 0.854626 0.814978 0.854626 0.823789 0.863436 0.832599 0.876652 0.819383 0.876652 0.810573 0.872247 0.806167 0.872247 0.797357 0.867841 0.792952 0.867841 0.788546
0 0.149780 0.779736 0.145374 0.775330 0.136564 0.775330 0.132159 0.779736 0.127753 0.779736 0.123348 0.784141 0.110132 0.784141 0.105727 0.788546 0.096916 0.788546 0.092511 0.792952 0.096916 0.797357 0.123348 0.797357 0.127753 0.792952 0.145374 0.792952 0.149780 0.788546
0 0.806167 0.775330 0.797357 0.766520 0.792952 0.766520 0.788546 0.770925 0.766520 0.770925 0.762115 0.775330 0.766520 0.779736 0.775330 0.779736 0.779736 0.784141 0.797357 0.784141
0 0.700441 0.766520 0.700441 0.775330 0.704846 0.779736 0.709251 0.779736 0.713656 0.784141 0.718062 0.784141 0.722467 0.779736 0.731278 0.779736 0.740088 0.770925 0.735683 0.766520 0.726872 0.766520 0.722467 0.762115 0.709251 0.762115 0.704846 0.766520
0 0.224670 0.748899 0.220264 0.753304 0.220264 0.757709 0.215859 0.762115 0.215859 0.770925 0.220264 0.775330 0.220264 0.779736 0.224670 0.784141 0.229075 0.784141 0.237885 0.775330 0.237885 0.757709 0.229075 0.748899
0 0.484582 0.744493 0.484582 0.748899 0.493392 0.757709 0.497797 0.753304 0.506608 0.753304 0.511013 0.757709 0.515419 0.757709 0.519824 0.762115 0.541850 0.762115 0.546256 0.766520 0.555066 0.766520 0.559471 0.762115 0.563877 0.766520 0.581498 0.766520 0.585903 0.762115 0.590308 0.762115 0.594714 0.757709 0.599119 0.757709 0.594714 0.757709 0.590308 0.753304 0.585903 0.753304 0.581498 0.748899 0.555066 0.748899 0.550661 0.753304 0.546256 0.753304 0.541850 0.748899 0.537445 0.748899 0.533040 0.744493 0.511013 0.744493 0.506608 0.740088 0.502203 0.740088 0.497797 0.735683 0.493392 0.735683
0 0.894273 0.731278 0.898678 0.735683 0.907489 0.735683 0.911894 0.740088 0.916300 0.735683 0.925110 0.735683 0.938326 0.722467 0.933921 0.718062 0.907489 0.718062 0.903084 0.722467 0.898678 0.722467 0.894273 0.726872
0 0.259912 0.722467 0.259912 0.735683 0.281938 0.757709 0.295154 0.757709 0.299559 0.753304 0.303965 0.753304 0.308370 0.748899 0.312775 0.753304 0.317181 0.753304 0.321586 0.757709 0.321586 0.766520 0.317181 0.770925 0.317181 0.775330 0.312775 0.779736 0.308370 0.779736 0.303965 0.784141 0.299559 0.784141 0.295154 0.788546 0.290749 0.788546 0.281938 0.797357 0.286344 0.801762 0.290749 0.801762 0.295154 0.797357 0.299559 0.797357 0.312775 0.784141 0.317181 0.784141 0.321586 0.779736 0.339207 0.779736 0.343612 0.775330 0.339207 0.770925 0.339207 0.766520 0.334802 0.762115 0.334802 0.753304 0.339207 0.748899 0.339207 0.744493 0.334802 0.740088 0.334802 0.735683 0.325991 0.726872 0.317181 0.735683 0.312775 0.735683 0.308370 0.740088 0.303965 0.735683 0.299559 0.735683 0.295154 0.731278 0.281938 0.731278 0.277533 0.726872 0.273128 0.726872 0.264317 0.718062
0 0.396476 0.722467 0.396476 0.726872 0.400881 0.731278 0.409692 0.731278 0.414097 0.735683 0.431718 0.735683 0.436123 0.731278 0.458150 0.731278 0.462555 0.726872 0.462555 0.722467 0.458150 0.718062 0.453745 0.718062 0.449339 0.722467 0.444934 0.722467 0.440529 0.718062 0.436123 0.718062 0.431718 0.713656 0.414097 0.713656 0.409692 0.718062 0.405286 0.718062 0.400881 0.722467
0 0.797357 0.718062 0.792952 0.713656 0.788546 0.713656 0.784141 0.709251 0.775330 0.709251 0.766520 0.718062 0.766520 0.726872 0.753304 0.740088 0.757709 0.744493 0.762115 0.744493 0.779736 0.726872 0.784141 0.726872 0.788546 0.722467 0.792952 0.722467
0 0.048458 0.700441 0.044053 0.700441 0.039648 0.704846 0.035242 0.704846 0.030837 0.709251 0.030837 0.713656 0.026432 0.718062 0.026432 0.722467 0.035242 0.731278 0.044053 0.731278 0.057269 0.718062 0.057269 0.709251
0 0.083700 0.674009 0.074890 0.682819 0.083700 0.691630 0.088106 0.691630 0.101322 0.704846 0.105727 0.704846 0.110132 0.709251 0.110132 0.722467 0.105727 0.726872 0.101322 0.726872 0.092511 0.735683 0.092511 0.740088 0.096916 0.744493 0.105727 0.744493 0.110132 0.748899 0.118943 0.748899 0.123348 0.753304 0.132159 0.753304 0.136564 0.748899 0.127753 0.740088 0.123348 0.740088 0.118943 0.735683 0.114537 0.735683 0.110132 0.731278 0.110132 0.722467 0.118943 0.713656 0.123348 0.713656 0.127753 0.709251 0.123348 0.704846 0.118943 0.704846 0.114537 0.700441 0.110132 0.700441 0.105727 0.696035 0.101322 0.696035 0.092511 0.687225 0.092511 0.678414 0.088106 0.674009
0 0.198238 0.651982 0.193833 0.656388 0.189427 0.656388 0.185022 0.660793 0.180617 0.660793 0.176211 0.656388 0.171806 0.656388 0.167401 0.651982 0.145374 0.674009 0.154185 0.682819 0.158590 0.682819 0.162996 0.687225 0.162996 0.691630 0.171806 0.700441 0.176211 0.696035 0.171806 0.691630 0.171806 0.669604 0.180617 0.660793 0.185022 0.660793 0.189427 0.656388 0.193833 0.656388 0.198238 0.660793 0.202643 0.656388
0 0.092511 0.594714 0.088106 0.590308 0.083700 0.590308 0.079295 0.585903 0.074890 0.585903 0.070485 0.581498 0.061674 0.581498 0.057269 0.585903 0.048458 0.585903 0.044053 0.590308 0.039648 0.590308 0.035242 0.594714 0.035242 0.603524 0.039648 0.607930 0.048458 0.607930 0.052863 0.603524 0.066079 0.603524 0.070485 0.599119 0.074890 0.603524 0.079295 0.603524 0.083700 0.599119 0.088106 0.599119
0 0.039648 0.524229 0.030837 0.533040 0.030837 0.550661 0.035242 0.555066 0.039648 0.555066 0.044053 0.559471 0.048458 0.559471 0.052863 0.555066 0.052863 0.533040 0.044053 0.524229
0 0.616740 0.502203 0.612335 0.502203 0.607930 0.506608 0.607930 0.524229 0.599119 0.533040 0.594714 0.533040 0.590308 0.537445 0.590308 0.541850 0.594714 0.546256 0.607930 0.546256 0.612335 0.541850 0.612335 0.528634 0.616740 0.524229 0.621145 0.524229 0.629956 0.515419
0 0.709251 0.497797 0.709251 0.502203 0.713656 0.506608 0.718062 0.502203 0.722467 0.506608 0.726872 0.506608 0.731278 0.511013 0.740088 0.511013 0.744493 0.515419 0.748899 0.515419 0.753304 0.519824 0.753304 0.533040 0.757709 0.537445 0.757709 0.541850 0.766520 0.550661 0.779736 0.550661 0.784141 0.546256 0.784141 0.541850 0.775330 0.533040 0.770925 0.533040 0.762115 0.524229 0.757709 0.524229 0.748899 0.515419 0.748899 0.506608 0.753304 0.502203 0.744493 0.493392 0.713656 0.493392
0 0.440529 0.502203 0.449339 0.511013 0.458150 0.511013 0.462555 0.506608 0.466960 0.506608 0.475771 0.497797 0.466960 0.488987 0.449339 0.488987 0.440529 0.497797
0 0.325991 0.453745 0.325991 0.466960 0.330396 0.471366 0.334802 0.466960 0.339207 0.471366 0.343612 0.471366 0.348018 0.475771 0.352423 0.475771 0.356828 0.480176 0.361233 0.475771 0.365639 0.475771 0.370044 0.471366 0.378855 0.471366 0.383260 0.475771 0.387665 0.471366 0.378855 0.462555 0.374449 0.466960 0.370044 0.466960 0.365639 0.462555 0.361233 0.462555 0.356828 0.458150 0.352423 0.458150 0.339207 0.444934 0.334802 0.444934
0 0.493392 0.449339 0.502203 0.458150 0.506608 0.458150 0.511013 0.462555 0.515419 0.458150 0.524229 0.458150 0.528634 0.453745 0.533040 0.453745 0.537445 0.449339 0.528634 0.440529 0.524229 0.444934 0.519824 0.440529 0.511013 0.440529 0.506608 0.444934 0.497797 0.444934
0 0.766520 0.444934 0.770925 0.449339 0.775330 0.444934 0.779736 0.444934 0.784141 0.440529 0.810573 0.440529 0.814978 0.444934 0.819383 0.444934 0.823789 0.440529 0.837004 0.440529 0.841410 0.436123 0.841410 0.431718 0.837004 0.427313 0.819383 0.427313 0.814978 0.431718 0.810573 0.427313 0.806167 0.427313 0.797357 0.418502 0.788546 0.427313 0.788546 0.431718 0.784141 0.436123 0.779736 0.436123 0.775330 0.440529 0.770925 0.440529
0 0.000000 0.440529 0.004405 0.480176 0.193833 0.537445 0.273128 0.625551 0.255507 0.651982 0.317181 0.704846 0.339207 0.691630 0.286344 0.674009 0.277533 0.656388 0.290749 0.647577 0.387665 0.651982 0.422908 0.682819 0.480176 0.700441 0.612335 0.700441 0.665198 0.682819 0.594714 0.660793 0.471366 0.669604 0.405286 0.625551 0.431718 0.585903 0.696035 0.656388 0.700441 0.674009 0.660793 0.726872 0.696035 0.726872 0.704846 0.700441 0.753304 0.687225 0.845815 0.700441 0.955947 0.691630 0.977974 0.726872 0.898678 0.995595 0.920705 0.995595 0.995595 0.748899 0.982379 0.726872 0.995595 0.709251 0.995595 0.625551 0.964758 0.660793 0.872247 0.674009 0.792952 0.660793 0.779736 0.643172 0.841410 0.603524 0.863436 0.625551 0.872247 0.594714 0.995595 0.559471 0.995595 0.511013 0.814978 0.559471 0.740088 0.612335 0.643172 0.612335 0.559471 0.572687 0.418502 0.537445 0.378855 0.581498 0.352423 0.533040 0.343612 0.550661 0.356828 0.581498 0.308370 0.594714 0.264317 0.568282 0.229075 0.511013 0.202643 0.515419 0.167401 0.493392 0.193833 0.471366 0.198238 0.436123 0.162996 0.475771 0.101322 0.440529 0.114537 0.422908 0.105727 0.405286 0.088106 0.440529
0 0.378855 0.392070 0.392070 0.405286 0.414097 0.405286 0.418502 0.409692 0.427313 0.400881 0.427313 0.396476 0.422908 0.392070 0.418502 0.392070 0.414097 0.387665 0.383260 0.387665
0 0.823789 0.387665 0.832599 0.396476 0.859031 0.396476 0.867841 0.387665 0.863436 0.383260 0.854626 0.383260 0.850220 0.378855 0.832599 0.378855
0 0.629956 0.365639 0.621145 0.374449 0.629956 0.383260 0.629956 0.396476 0.625551 0.400881 0.625551 0.414097 0.634361 0.422908 0.638767 0.422908 0.643172 0.418502 0.643172 0.405286 0.647577 0.400881 0.647577 0.387665 0.643172 0.383260 0.643172 0.370044 0.638767 0.365639
0 0.462555 0.370044 0.466960 0.374449 0.471366 0.374449 0.480176 0.365639 0.484582 0.365639 0.488987 0.361233 0.497797 0.361233 0.502203 0.365639 0.515419 0.365639 0.519824 0.361233 0.519824 0.356828 0.515419 0.352423 0.506608 0.352423 0.502203 0.348018 0.497797 0.352423 0.493392 0.348018 0.480176 0.348018 0.475771 0.352423 0.475771 0.356828
0 0.925110 0.356828 0.925110 0.348018 0.920705 0.343612 0.920705 0.339207 0.916300 0.334802 0.903084 0.334802 0.898678 0.339207 0.894273 0.339207 0.889868 0.343612 0.881057 0.343612 0.876652 0.339207 0.872247 0.339207 0.867841 0.343612 0.876652 0.352423 0.881057 0.348018 0.885463 0.348018 0.889868 0.343612 0.894273 0.343612 0.898678 0.348018 0.903084 0.348018 0.907489 0.352423 0.911894 0.352423 0.920705 0.361233
0 0.303965 0.312775 0.299559 0.317181 0.303965 0.321586 0.303965 0.330396 0.312775 0.339207 0.321586 0.339207 0.330396 0.330396 0.330396 0.321586 0.325991 0.317181 0.321586 0.317181 0.317181 0.312775
0 0.079295 0.317181 0.079295 0.325991 0.083700 0.330396 0.088106 0.325991 0.096916 0.325991 0.101322 0.321586 0.105727 0.325991 0.110132 0.325991 0.114537 0.330396 0.114537 0.334802 0.118943 0.339207 0.118943 0.343612 0.123348 0.348018 0.127753 0.348018 0.136564 0.356828 0.140969 0.356828 0.145374 0.361233 0.154185 0.361233 0.158590 0.365639 0.162996 0.365639 0.171806 0.374449 0.176211 0.374449 0.180617 0.370044 0.176211 0.365639 0.171806 0.365639 0.162996 0.356828 0.162996 0.343612 0.167401 0.339207 0.167401 0.334802 0.162996 0.330396 0.158590 0.334802 0.149780 0.334802 0.145374 0.330396 0.140969 0.330396 0.136564 0.325991 0.136564 0.321586 0.132159 0.317181 0.127753 0.317181 0.123348 0.321586 0.118943 0.321586 0.114537 0.325991 0.110132 0.325991 0.105727 0.321586 0.101322 0.321586 0.092511 0.312775 0.083700 0.312775
0 0.629956 0.303965 0.612335 0.321586 0.612335 0.334802 0.607930 0.339207 0.603524 0.339207 0.599119 0.343612 0.599119 0.352423 0.603524 0.356828 0.612335 0.348018 0.612335 0.334802 0.616740 0.330396 0.621145 0.330396 0.629956 0.321586 0.629956 0.312775 0.634361 0.308370
0 0.211454 0.303965 0.207048 0.308370 0.207048 0.317181 0.202643 0.321586 0.202643 0.330396 0.211454 0.339207 0.211454 0.356828 0.207048 0.361233 0.207048 0.370044 0.211454 0.374449 0.215859 0.374449 0.220264 0.370044 0.224670 0.370044 0.229075 0.365639 0.233480 0.365639 0.237885 0.361233 0.242291 0.365639 0.246696 0.365639 0.251101 0.370044 0.255507 0.370044 0.259912 0.374449 0.264317 0.374449 0.268722 0.378855 0.273128 0.374449 0.277533 0.374449 0.281938 0.370044 0.281938 0.361233 0.277533 0.356828 0.273128 0.356828 0.268722 0.352423 0.242291 0.352423 0.237885 0.356828 0.233480 0.356828 0.229075 0.352423 0.224670 0.352423 0.215859 0.343612 0.215859 0.334802 0.220264 0.330396 0.220264 0.308370 0.215859 0.303965
0 0.568282 0.286344 0.563877 0.281938 0.559471 0.286344 0.555066 0.281938 0.546256 0.281938 0.541850 0.286344 0.533040 0.286344 0.528634 0.290749 0.515419 0.290749 0.511013 0.295154 0.506608 0.295154 0.502203 0.299559 0.502203 0.303965 0.497797 0.308370 0.497797 0.312775 0.488987 0.321586 0.493392 0.325991 0.497797 0.321586 0.515419 0.321586 0.519824 0.317181 0.519824 0.308370 0.524229 0.303965 0.528634 0.303965 0.533040 0.299559 0.541850 0.299559 0.546256 0.303965 0.563877 0.303965 0.568282 0.299559
0 0.806167 0.290749 0.792952 0.277533 0.770925 0.299559 0.766520 0.299559 0.762115 0.303965 0.753304 0.303965 0.748899 0.299559 0.744493 0.303965 0.744493 0.312775 0.748899 0.317181 0.762115 0.317181 0.770925 0.308370 0.775330 0.308370 0.779736 0.303965 0.788546 0.303965 0.792952 0.299559 0.797357 0.299559
0 0.828194 0.273128 0.837004 0.281938 0.841410 0.281938 0.845815 0.277533 0.854626 0.277533 0.859031 0.273128 0.863436 0.273128 0.867841 0.268722 0.872247 0.273128 0.876652 0.273128 0.889868 0.286344 0.894273 0.286344 0.903084 0.277533 0.903084 0.268722 0.898678 0.264317 0.894273 0.268722 0.881057 0.268722 0.876652 0.273128 0.872247 0.268722 0.867841 0.268722 0.859031 0.259912 0.854626 0.264317 0.850220 0.264317 0.845815 0.268722 0.841410 0.264317 0.837004 0.268722 0.832599 0.268722
0 0.127753 0.264317 0.132159 0.268722 0.136564 0.268722 0.140969 0.273128 0.145374 0.273128 0.154185 0.281938 0.158590 0.281938 0.162996 0.286344 0.180617 0.286344 0.185022 0.281938 0.185022 0.273128 0.180617 0.268722 0.176211 0.268722 0.171806 0.273128 0.167401 0.268722 0.154185 0.268722 0.149780 0.264317 0.145374 0.264317 0.136564 0.255507
0 0.991189 0.242291 0.986784 0.242291 0.982379 0.237885 0.973568 0.237885 0.969163 0.233480 0.964758 0.237885 0.942731 0.237885 0.938326 0.242291 0.929515 0.242291 0.920705 0.251101 0.920705 0.259912 0.925110 0.264317 0.929515 0.264317 0.933921 0.268722 0.938326 0.268722 0.960352 0.246696 0.964758 0.246696 0.969163 0.242291 0.977974 0.242291 0.982379 0.246696 0.986784 0.242291
0 0.784141 0.229075 0.779736 0.224670 0.766520 0.224670 0.748899 0.242291 0.753304 0.246696 0.770925 0.246696 0.775330 0.242291 0.779736 0.242291 0.784141 0.237885
0 0.308370 0.215859 0.295154 0.229075 0.295154 0.233480 0.303965 0.242291 0.303965 0.246696 0.325991 0.268722 0.334802 0.259912 0.334802 0.255507 0.325991 0.246696 0.321586 0.246696 0.317181 0.242291 0.317181 0.224670
0 0.462555 0.189427 0.458150 0.193833 0.453745 0.193833 0.449339 0.198238 0.444934 0.198238 0.440529 0.202643 0.449339 0.211454 0.453745 0.211454 0.462555 0.220264 0.462555 0.233480 0.458150 0.237885 0.453745 0.237885 0.449339 0.242291 0.444934 0.242291 0.440529 0.237885 0.436123 0.237885 0.431718 0.233480 0.422908 0.233480 0.418502 0.237885 0.418502 0.242291 0.422908 0.246696 0.427313 0.246696 0.431718 0.251101 0.436123 0.246696 0.440529 0.251101 0.444934 0.251101 0.449339 0.255507 0.449339 0.259912 0.453745 0.264317 0.453745 0.273128 0.449339 0.277533 0.444934 0.277533 0.440529 0.281938 0.436123 0.277533 0.431718 0.277533 0.422908 0.268722 0.414097 0.277533 0.414097 0.281938 0.422908 0.290749 0.427313 0.286344 0.431718 0.286344 0.436123 0.281938 0.440529 0.286344 0.444934 0.286344 0.449339 0.290749 0.449339 0.299559 0.453745 0.303965 0.458150 0.303965 0.466960 0.295154 0.466960 0.290749 0.471366 0.286344 0.471366 0.281938 0.475771 0.277533 0.475771 0.273128 0.466960 0.264317 0.466960 0.242291 0.475771 0.233480 0.466960 0.224670 0.466960 0.207048 0.471366 0.202643 0.471366 0.198238
0 0.889868 0.185022 0.881057 0.185022 0.876652 0.180617 0.872247 0.180617 0.867841 0.185022 0.863436 0.185022 0.859031 0.189427 0.845815 0.189427 0.841410 0.185022 0.832599 0.185022 0.828194 0.189427 0.828194 0.198238 0.832599 0.202643 0.837004 0.202643 0.841410 0.198238 0.845815 0.198238 0.850220 0.193833 0.854626 0.198238 0.859031 0.198238 0.867841 0.207048 0.867841 0.220264 0.863436 0.224670 0.859031 0.224670 0.854626 0.229075 0.854626 0.237885 0.859031 0.242291 0.867841 0.242291 0.876652 0.233480 0.876652 0.229075 0.867841 0.220264 0.867841 0.211454 0.872247 0.207048 0.876652 0.207048 0.894273 0.189427
0 0.000000 0.171806 0.000000 0.185022 0.013216 0.185022 0.017621 0.189427 0.035242 0.189427 0.039648 0.185022 0.044053 0.185022 0.048458 0.180617 0.048458 0.176211 0.039648 0.167401 0.017621 0.167401 0.013216 0.171806
0 0.568282 0.162996 0.572687 0.167401 0.572687 0.171806 0.577093 0.176211 0.603524 0.176211 0.607930 0.171806 0.603524 0.167401 0.603524 0.162996 0.599119 0.158590 0.590308 0.158590 0.585903 0.154185 0.577093 0.154185
0 0.665198 0.140969 0.656388 0.149780 0.656388 0.158590 0.660793 0.162996 0.665198 0.162996 0.669604 0.167401 0.682819 0.167401 0.687225 0.171806 0.691630 0.167401 0.691630 0.158590 0.687225 0.158590 0.674009 0.145374 0.669604 0.145374
0 0.453745 0.096916 0.449339 0.101322 0.449339 0.110132 0.462555 0.123348 0.471366 0.123348 0.475771 0.118943 0.475771 0.110132 0.462555 0.096916
0 0.149780 0.088106 0.145374 0.092511 0.145374 0.096916 0.149780 0.101322 0.149780 0.127753 0.158590 0.136564 0.167401 0.136564 0.176211 0.127753 0.176211 0.123348 0.180617 0.118943 0.180617 0.110132 0.176211 0.105727 0.171806 0.105727 0.154185 0.088106
0 0.889868 0.079295 0.889868 0.088106 0.898678 0.096916 0.916300 0.096916 0.920705 0.092511 0.920705 0.088106 0.911894 0.079295 0.903084 0.079295 0.898678 0.074890 0.894273 0.074890
0 0.317181 0.070485 0.317181 0.079295 0.308370 0.088106 0.312775 0.092511 0.321586 0.092511 0.330396 0.083700 0.334802 0.083700 0.339207 0.079295 0.343612 0.079295 0.348018 0.083700 0.352423 0.083700 0.365639 0.096916 0.365639 0.105727 0.361233 0.110132 0.356828 0.110132 0.352423 0.114537 0.352423 0.123348 0.356828 0.127753 0.365639 0.127753 0.370044 0.132159 0.378855 0.132159 0.383260 0.136564 0.392070 0.136564 0.396476 0.132159 0.396476 0.118943 0.409692 0.105727 0.409692 0.101322 0.405286 0.096916 0.400881 0.096916 0.396476 0.101322 0.396476 0.105727 0.392070 0.110132 0.387665 0.110132 0.383260 0.114537 0.378855 0.114537 0.374449 0.110132 0.370044 0.110132 0.365639 0.105727 0.365639 0.092511 0.370044 0.088106 0.370044 0.079295 0.361233 0.070485 0.356828 0.070485 0.352423 0.066079 0.343612 0.066079 0.339207 0.070485 0.334802 0.070485 0.330396 0.066079 0.321586 0.066079
0 0.647577 0.057269 0.643172 0.061674 0.643172 0.079295 0.651982 0.088106 0.651982 0.096916 0.660793 0.105727 0.669604 0.105727 0.678414 0.096916 0.669604 0.088106 0.665198 0.088106 0.660793 0.083700 0.660793 0.066079 0.651982 0.057269
0 0.026432 0.057269 0.022026 0.061674 0.022026 0.066079 0.017621 0.070485 0.017621 0.083700 0.022026 0.088106 0.026432 0.088106 0.035242 0.096916 0.035242 0.105727 0.044053 0.114537 0.052863 0.114537 0.057269 0.110132 0.061674 0.110132 0.066079 0.105727 0.066079 0.101322 0.061674 0.096916 0.057269 0.096916 0.052863 0.092511 0.048458 0.092511 0.044053 0.088106 0.044053 0.070485 0.048458 0.066079 0.048458 0.061674 0.044053 0.057269
0 0.577093 0.052863 0.572687 0.057269 0.572687 0.079295 0.581498 0.088106 0.585903 0.088106 0.594714 0.096916 0.599119 0.092511 0.599119 0.083700 0.590308 0.074890 0.585903 0.074890 0.581498 0.070485 0.581498 0.057269
0 0.281938 0.057269 0.277533 0.052863 0.273128 0.057269 0.268722 0.057269 0.264317 0.061674 0.251101 0.061674 0.246696 0.057269 0.242291 0.061674 0.242291 0.074890 0.246696 0.074890 0.251101 0.079295 0.255507 0.079295 0.259912 0.074890 0.264317 0.074890 0.268722 0.070485 0.273128 0.070485 0.281938 0.061674
0 0.180617 0.044053 0.176211 0.048458 0.162996 0.048458 0.158590 0.052863 0.158590 0.061674 0.167401 0.070485 0.180617 0.070485 0.189427 0.061674 0.189427 0.057269 0.185022 0.052863 0.185022 0.048458
0 0.775330 0.048458 0.775330 0.052863 0.779736 0.057269 0.779736 0.061674 0.792952 0.074890 0.797357 0.070485 0.801762 0.070485 0.806167 0.066079 0.810573 0.066079 0.814978 0.070485 0.828194 0.070485 0.832599 0.066079 0.850220 0.066079 0.859031 0.057269 0.859031 0.052863 0.854626 0.048458 0.845815 0.048458 0.841410 0.052863 0.828194 0.052863 0.823789 0.057269 0.819383 0.057269 0.814978 0.061674 0.810573 0.061674 0.806167 0.057269 0.801762 0.057269 0.792952 0.048458 0.792952 0.044053 0.784141 0.035242 0.779736 0.039648 0.779736 0.044053
0 0.889868 0.000000 0.867841 0.000000 0.867841 0.004405 0.863436 0.008811 0.863436 0.022026 0.867841 0.026432 0.876652 0.026432 0.885463 0.017621 0.885463 0.008811 0.889868 0.004405
0 0.528634 0.000000 0.511013 0.000000 0.511013 0.017621 0.506608 0.022026 0.502203 0.022026 0.497797 0.026432 0.493392 0.022026 0.480176 0.022026 0.475771 0.026432 0.471366 0.026432 0.466960 0.030837 0.466960 0.035242 0.480176 0.048458 0.480176 0.066079 0.493392 0.079295 0.497797 0.074890 0.502203 0.079295 0.506608 0.074890 0.511013 0.079295 0.519824 0.070485 0.515419 0.066079 0.511013 0.066079 0.497797 0.052863 0.497797 0.026432 0.502203 0.022026 0.506608 0.022026 0.511013 0.017621 0.515419 0.022026 0.519824 0.022026 0.533040 0.035242 0.546256 0.035242 0.550661 0.030837 0.550661 0.026432 0.528634 0.004405
