0 0.590308 0.947137 0.585903 0.951542 0.581498 0.951542 0.581498 0.960352 0.585903 0.964758 0.585903 0.995595 0.594714 0.995595 0.594714 0.991189 0.599119 0.986784 0.599119 0.960352 0.594714 0.955947 0.594714 0.951542
0 0.718062 0.929515 0.713656 0.929515 0.709251 0.925110 0.700441 0.925110 0.696035 0.929515 0.687225 0.929515 0.682819 0.933921 0.678414 0.933921 0.669604 0.942731 0.669604 0.964758 0.665198 0.969163 0.665198 0.973568 0.669604 0.977974 0.674009 0.977974 0.678414 0.973568 0.674009 0.969163 0.674009 0.955947 0.682819 0.947137 0.687225 0.947137 0.691630 0.942731 0.700441 0.942731 0.704846 0.938326 0.709251 0.938326 0.713656 0.933921 0.718062 0.933921
0 0.255507 0.925110 0.251101 0.925110 0.246696 0.929515 0.246696 0.951542 0.242291 0.955947 0.242291 0.964758 0.237885 0.969163 0.237885 0.995595 0.259912 0.995595 0.259912 0.982379 0.264317 0.977974 0.264317 0.933921
0 0.726872 0.929515 0.726872 0.933921 0.731278 0.933921 0.735683 0.938326 0.740088 0.938326 0.744493 0.942731 0.744493 0.960352 0.748899 0.964758 0.748899 0.969163 0.753304 0.973568 0.775330 0.973568 0.779736 0.977974 0.784141 0.977974 0.788546 0.982379 0.792952 0.977974 0.797357 0.977974 0.801762 0.973568 0.792952 0.964758 0.788546 0.969163 0.784141 0.964758 0.779736 0.964758 0.766520 0.951542 0.762115 0.951542 0.757709 0.947137 0.753304 0.947137 0.744493 0.938326 0.744493 0.925110 0.740088 0.920705 0.731278 0.929515
0 0.409692 0.995595 0.409692 0.982379 0.405286 0.977974 0.405286 0.973568 0.396476 0.964758 0.396476 0.925110 0.392070 0.920705 0.383260 0.929515 0.383260 0.933921 0.387665 0.938326 0.387665 0.947137 0.383260 0.951542 0.383260 0.960352 0.387665 0.964758 0.387665 0.973568 0.383260 0.977974 0.378855 0.977974 0.374449 0.982379 0.370044 0.977974 0.343612 0.977974 0.339207 0.973568 0.330396 0.973568 0.325991 0.969163 0.321586 0.969163 0.317181 0.964758 0.312775 0.964758 0.308370 0.960352 0.303965 0.960352 0.299559 0.964758 0.312775 0.977974 0.321586 0.977974 0.325991 0.982379 0.330396 0.982379 0.334802 0.986784 0.339207 0.982379 0.343612 0.986784 0.348018 0.986784 0.352423 0.991189 0.352423 0.995595
0 0.929515 0.916300 0.925110 0.920705 0.925110 0.929515 0.933921 0.938326 0.938326 0.938326 0.947137 0.947137 0.947137 0.955947 0.938326 0.964758 0.938326 0.973568 0.942731 0.977974 0.942731 0.982379 0.947137 0.986784 0.947137 0.995595 0.960352 0.995595 0.960352 0.977974 0.964758 0.973568 0.960352 0.969163 0.960352 0.955947 0.955947 0.951542 0.951542 0.951542 0.947137 0.947137 0.947137 0.929515 0.933921 0.916300
0 0.066079 0.903084 0.061674 0.898678 0.052863 0.898678 0.044053 0.907489 0.044053 0.911894 0.039648 0.916300 0.035242 0.916300 0.030837 0.920705 0.013216 0.920705 0.008811 0.925110 0.004405 0.925110 0.000000 0.920705 0.000000 0.933921 0.004405 0.938326 0.008811 0.938326 0.013216 0.942731 0.017621 0.942731 0.022026 0.947137 0.039648 0.929515 0.044053 0.929515 0.048458 0.925110 0.057269 0.925110 0.066079 0.916300
0 0.656388 0.881057 0.656388 0.889868 0.651982 0.894273 0.656388 0.894273 0.660793 0.898678 0.660793 0.903084 0.665198 0.907489 0.669604 0.907489 0.674009 0.903084 0.687225 0.903084 0.691630 0.907489 0.696035 0.903084 0.696035 0.894273 0.691630 0.889868 0.674009 0.889868 0.669604 0.885463 0.665198 0.885463 0.660793 0.881057
0 0.854626 0.859031 0.854626 0.863436 0.859031 0.867841 0.863436 0.867841 0.867841 0.872247 0.872247 0.872247 0.876652 0.876652 0.881057 0.876652 0.898678 0.894273 0.920705 0.894273 0.938326 0.876652 0.933921 0.872247 0.929515 0.876652 0.925110 0.872247 0.920705 0.872247 0.916300 0.876652 0.894273 0.876652 0.889868 0.872247 0.885463 0.872247 0.881057 0.867841 0.881057 0.863436 0.876652 0.859031 0.867841 0.859031 0.863436 0.854626 0.859031 0.854626
0 0.585903 0.863436 0.590308 0.863436 0.603524 0.876652 0.612335 0.876652 0.616740 0.872247 0.616740 0.867841 0.621145 0.863436 0.625551 0.863436 0.629956 0.859031 0.634361 0.863436 0.638767 0.863436 0.643172 0.867841 0.647577 0.867841 0.651982 0.872247 0.651982 0.859031 0.643172 0.850220 0.634361 0.859031 0.629956 0.859031 0.625551 0.863436 0.621145 0.859031 0.616740 0.859031 0.607930 0.850220 0.599119 0.850220 0.594714 0.854626 0.594714 0.859031 0.590308 0.863436
0 0.493392 0.845815 0.488987 0.850220 0.484582 0.850220 0.480176 0.854626 0.475771 0.854626 0.471366 0.859031 0.466960 0.854626 0.462555 0.859031 0.462555 0.920705 0.458150 0.925110 0.453745 0.925110 0.449339 0.929515 0.449339 0.933921 0.444934 0.938326 0.453745 0.947137 0.458150 0.942731 0.462555 0.947137 0.466960 0.947137 0.475771 0.955947 0.475771 0.964758 0.480176 0.969163 0.480176 0.986784 0.484582 0.991189 0.484582 0.995595 0.493392 0.995595 0.493392 0.991189 0.488987 0.986784 0.488987 0.964758 0.484582 0.960352 0.484582 0.955947 0.480176 0.951542 0.480176 0.938326 0.475771 0.933921 0.475771 0.916300 0.471366 0.911894 0.471366 0.867841 0.475771 0.863436 0.480176 0.863436 0.484582 0.859031 0.488987 0.863436 0.493392 0.863436 0.497797 0.859031 0.497797 0.850220
0 0.550661 0.814978 0.541850 0.823789 0.541850 0.828194 0.546256 0.832599 0.546256 0.841410 0.550661 0.845815 0.550661 0.863436 0.555066 0.863436 0.559471 0.867841 0.563877 0.867841 0.568282 0.863436 0.572687 0.863436 0.563877 0.854626 0.563877 0.845815 0.568282 0.841410 0.568282 0.828194 0.555066 0.814978
0 0.920705 0.801762 0.916300 0.806167 0.916300 0.814978 0.920705 0.819383 0.920705 0.828194 0.925110 0.832599 0.925110 0.841410 0.929515 0.845815 0.933921 0.841410 0.933921 0.832599 0.942731 0.823789 0.942731 0.814978 0.933921 0.806167 0.929515 0.806167 0.925110 0.801762
0 0.894273 0.801762 0.889868 0.797357 0.885463 0.797357 0.881057 0.792952 0.876652 0.792952 0.867841 0.784141 0.863436 0.784141 0.859031 0.788546 0.859031 0.792952 0.854626 0.797357 0.854626 0.806167 0.850220 0.810573 0.850220 0.814978 0.845815 0.819383 0.841410 0.819383 0.837004 0.823789 0.828194 0.823789 0.823789 0.819383 0.819383 0.819383 0.810573 0.810573 0.810573 0.797357 0.806167 0.792952 0.788546 0.792952 0.784141 0.797357 0.779736 0.797357 0.775330 0.801762 0.779736 0.806167 0.788546 0.806167 0.792952 0.810573 0.797357 0.810573 0.801762 0.814978 0.806167 0.814978 0.810573 0.819383 0.810573 0.837004 0.814978 0.841410 0.828194 0.841410 0.832599 0.837004 0.841410 0.837004 0.845815 0.832599 0.845815 0.828194 0.850220 0.823789 0.854626 0.823789 0.859031 0.819383 0.863436 0.819383 0.867841 0.814978 0.872247 0.814978 0.876652 0.810573 0.881057 0.810573 0.885463 0.806167 0.889868 0.806167
0 0.026432 0.766520 0.022026 0.762115 0.008811 0.762115 0.004405 0.766520 0.000000 0.766520 0.000000 0.784141 0.017621 0.784141 0.022026 0.779736 0.022026 0.775330 0.026432 0.770925
0 0.061674 0.753304 0.061674 0.779736 0.048458 0.788546 0.048458 0.797357 0.044053 0.801762 0.048458 0.806167 0.052863 0.806167 0.061674 0.792952 0.061674 0.784141 0.070485 0.775330 0.074890 0.775330 0.088106 0.766520 0.092511 0.770925 0.096916 0.770925 0.110132 0.784141 0.110132 0.806167 0.105727 0.810573 0.101322 0.841410 0.088106 0.854626 0.083700 0.854626 0.079295 0.859031 0.074890 0.859031 0.052863 0.845815 0.039648 0.845815 0.035242 0.850220 0.030837 0.863436 0.035242 0.867841 0.039648 0.867841 0.044053 0.863436 0.052863 0.863436 0.057269 0.859031 0.070485 0.854626 0.088106 0.867841 0.096916 0.867841 0.110132 0.876652 0.110132 0.889868 0.105727 0.894273 0.105727 0.903084 0.101322 0.907489 0.101322 0.925110 0.105727 0.929515 0.105727 0.942731 0.101322 0.947137 0.101322 0.960352 0.096916 0.964758 0.096916 0.969163 0.105727 0.977974 0.105727 0.986784 0.096916 0.995595 0.105727 0.995595 0.105727 0.982379 0.123348 0.969163 0.123348 0.960352 0.118943 0.955947 0.118943 0.938326 0.127753 0.929515 0.127753 0.916300 0.132159 0.911894 0.132159 0.903084 0.145374 0.885463 0.140969 0.881057 0.136564 0.881057 0.132159 0.885463 0.110132 0.872247 0.110132 0.863436 0.118943 0.850220 0.118943 0.841410 0.123348 0.837004 0.123348 0.828194 0.127753 0.823789 0.127753 0.814978 0.132159 0.810573 0.118943 0.792952 0.118943 0.779736 0.123348 0.775330 0.127753 0.762115 0.118943 0.753304 0.114537 0.757709 0.092511 0.766520 0.079295 0.757709 0.070485 0.757709 0.066079 0.753304
0 0.678414 0.722467 0.669604 0.722467 0.665198 0.726872 0.665198 0.731278 0.669604 0.735683 0.669604 0.748899 0.665198 0.753304 0.665198 0.757709 0.651982 0.770925 0.656388 0.775330 0.665198 0.775330 0.669604 0.770925 0.669604 0.762115 0.674009 0.757709 0.678414 0.757709 0.682819 0.753304 0.682819 0.748899 0.687225 0.744493 0.687225 0.731278
0 0.242291 0.718062 0.237885 0.722467 0.237885 0.726872 0.233480 0.731278 0.233480 0.740088 0.229075 0.744493 0.229075 0.757709 0.224670 0.762115 0.220264 0.762115 0.229075 0.770925 0.229075 0.788546 0.207048 0.810573 0.207048 0.850220 0.211454 0.854626 0.211454 0.863436 0.215859 0.867841 0.229075 0.854626 0.229075 0.850220 0.233480 0.845815 0.233480 0.828194 0.237885 0.823789 0.237885 0.814978 0.233480 0.810573 0.233480 0.797357 0.237885 0.792952 0.237885 0.788546 0.242291 0.784141 0.242291 0.775330 0.251101 0.766520 0.255507 0.766520 0.259912 0.762115 0.259912 0.757709 0.255507 0.753304 0.251101 0.753304 0.246696 0.748899 0.246696 0.731278 0.251101 0.726872
0 0.709251 0.709251 0.704846 0.713656 0.709251 0.718062 0.709251 0.722467 0.713656 0.726872 0.713656 0.753304 0.704846 0.762115 0.704846 0.775330 0.700441 0.779736 0.700441 0.788546 0.709251 0.797357 0.713656 0.797357 0.718062 0.801762 0.718062 0.814978 0.735683 0.832599 0.735683 0.837004 0.748899 0.850220 0.757709 0.841410 0.757709 0.832599 0.753304 0.828194 0.753304 0.823789 0.748899 0.819383 0.740088 0.819383 0.735683 0.814978 0.731278 0.814978 0.726872 0.810573 0.726872 0.801762 0.731278 0.797357 0.718062 0.784141 0.718062 0.766520 0.722467 0.762115 0.722467 0.757709 0.726872 0.753304 0.726872 0.740088 0.744493 0.722467 0.744493 0.718062 0.740088 0.713656 0.713656 0.713656
0 0.022026 0.687225 0.017621 0.691630 0.030837 0.704846 0.035242 0.704846 0.039648 0.709251 0.039648 0.722467 0.035242 0.726872 0.039648 0.731278 0.039648 0.735683 0.044053 0.740088 0.048458 0.740088 0.052863 0.744493 0.057269 0.744493 0.057269 0.696035 0.052863 0.691630 0.030837 0.691630 0.026432 0.687225
0 0.823789 0.669604 0.814978 0.678414 0.814978 0.696035 0.810573 0.700441 0.810573 0.704846 0.828194 0.722467 0.828194 0.735683 0.823789 0.740088 0.823789 0.753304 0.819383 0.757709 0.819383 0.766520 0.828194 0.775330 0.832599 0.775330 0.841410 0.766520 0.832599 0.757709 0.832599 0.748899 0.837004 0.744493 0.837004 0.740088 0.841410 0.735683 0.841410 0.726872 0.845815 0.722467 0.845815 0.713656 0.837004 0.704846 0.832599 0.704846 0.828194 0.700441 0.828194 0.678414 0.832599 0.674009 0.828194 0.669604
0 0.418502 0.625551 0.414097 0.629956 0.405286 0.629956 0.400881 0.634361 0.400881 0.638767 0.405286 0.643172 0.405286 0.651982 0.418502 0.665198 0.418502 0.678414 0.422908 0.682819 0.427313 0.682819 0.431718 0.678414 0.431718 0.647577 0.427313 0.643172 0.427313 0.638767 0.422908 0.634361 0.422908 0.629956
0 0.092511 0.629956 0.088106 0.625551 0.057269 0.625551 0.052863 0.629956 0.052863 0.647577 0.048458 0.651982 0.044053 0.651982 0.039648 0.656388 0.035242 0.651982 0.030837 0.656388 0.026432 0.656388 0.022026 0.651982 0.017621 0.651982 0.013216 0.647577 0.008811 0.647577 0.004405 0.643172 0.000000 0.643172 0.000000 0.660793 0.004405 0.665198 0.008811 0.665198 0.013216 0.669604 0.026432 0.669604 0.035242 0.660793 0.039648 0.660793 0.044053 0.656388 0.048458 0.656388 0.052863 0.660793 0.057269 0.660793 0.074890 0.643172 0.079295 0.643172 0.083700 0.638767 0.088106 0.638767 0.092511 0.634361
0 0.766520 0.616740 0.762115 0.621145 0.757709 0.621145 0.753304 0.625551 0.753304 0.638767 0.748899 0.643172 0.744493 0.643172 0.731278 0.656388 0.731278 0.660793 0.726872 0.665198 0.726872 0.669604 0.731278 0.674009 0.731278 0.678414 0.735683 0.682819 0.744493 0.674009 0.744493 0.669604 0.748899 0.665198 0.748899 0.660793 0.762115 0.647577 0.766520 0.647577 0.775330 0.638767 0.775330 0.634361 0.779736 0.629956
0 0.704846 0.612335 0.696035 0.612335 0.691630 0.616740 0.691630 0.621145 0.687225 0.625551 0.687225 0.629956 0.678414 0.638767 0.674009 0.638767 0.665198 0.647577 0.665198 0.651982 0.660793 0.656388 0.660793 0.682819 0.669604 0.691630 0.674009 0.691630 0.678414 0.687225 0.682819 0.687225 0.687225 0.682819 0.687225 0.651982 0.691630 0.647577 0.691630 0.643172 0.709251 0.625551 0.709251 0.616740
0 0.502203 0.577093 0.493392 0.585903 0.493392 0.607930 0.488987 0.612335 0.488987 0.647577 0.475771 0.660793 0.466960 0.678414 0.466960 0.687225 0.462555 0.691630 0.462555 0.713656 0.449339 0.722467 0.440529 0.718062 0.436123 0.722467 0.440529 0.726872 0.440529 0.740088 0.409692 0.766520 0.409692 0.779736 0.396476 0.788546 0.383260 0.779736 0.374449 0.762115 0.365639 0.757709 0.343612 0.757709 0.330396 0.748899 0.325991 0.753304 0.330396 0.757709 0.330396 0.766520 0.321586 0.775330 0.325991 0.788546 0.356828 0.814978 0.361233 0.823789 0.361233 0.837004 0.356828 0.841410 0.356828 0.850220 0.370044 0.876652 0.387665 0.863436 0.409692 0.876652 0.418502 0.872247 0.396476 0.854626 0.396476 0.841410 0.409692 0.832599 0.427313 0.845815 0.431718 0.841410 0.440529 0.806167 0.453745 0.792952 0.453745 0.788546 0.466960 0.779736 0.480176 0.753304 0.480176 0.744493 0.484582 0.740088 0.466960 0.726872 0.475771 0.678414 0.484582 0.669604 0.484582 0.665198 0.497797 0.656388 0.515419 0.669604 0.524229 0.669604 0.533040 0.660793 0.533040 0.651982 0.528634 0.647577 0.515419 0.656388 0.497797 0.647577 0.497797 0.612335 0.502203 0.607930 0.502203 0.585903 0.506608 0.581498
0 0.555066 0.568282 0.537445 0.585903 0.537445 0.590308 0.533040 0.594714 0.533040 0.603524 0.546256 0.616740 0.546256 0.621145 0.550661 0.625551 0.555066 0.625551 0.563877 0.616740 0.568282 0.616740 0.572687 0.612335 0.577093 0.616740 0.581498 0.616740 0.594714 0.629956 0.594714 0.647577 0.590308 0.651982 0.585903 0.651982 0.559471 0.678414 0.563877 0.682819 0.568282 0.682819 0.572687 0.678414 0.577093 0.682819 0.581498 0.682819 0.585903 0.687225 0.585903 0.696035 0.577093 0.709251 0.577093 0.718062 0.568282 0.726872 0.563877 0.726872 0.559471 0.731278 0.550661 0.731278 0.537445 0.740088 0.537445 0.753304 0.541850 0.757709 0.541850 0.779736 0.537445 0.784141 0.533040 0.784141 0.524229 0.792952 0.524229 0.797357 0.528634 0.801762 0.555066 0.775330 0.559471 0.775330 0.563877 0.770925 0.568282 0.775330 0.572687 0.775330 0.577093 0.770925 0.577093 0.757709 0.581498 0.753304 0.581498 0.748899 0.590308 0.740088 0.594714 0.740088 0.599119 0.735683 0.603524 0.740088 0.607930 0.735683 0.607930 0.726872 0.603524 0.722467 0.603524 0.704846 0.599119 0.700441 0.599119 0.691630 0.594714 0.687225 0.594714 0.669604 0.616740 0.647577 0.616740 0.643172 0.625551 0.634361 0.629956 0.634361 0.634361 0.629956 0.634361 0.625551 0.625551 0.616740 0.621145 0.616740 0.616740 0.621145 0.607930 0.621145 0.603524 0.616740 0.599119 0.616740 0.585903 0.603524 0.572687 0.612335 0.559471 0.607930 0.555066 0.603524 0.555066 0.577093 0.559471 0.572687
0 0.898678 0.559471 0.889868 0.568282 0.889868 0.585903 0.885463 0.590308 0.881057 0.590308 0.876652 0.594714 0.885463 0.603524 0.885463 0.607930 0.889868 0.612335 0.889868 0.625551 0.885463 0.629956 0.885463 0.634361 0.872247 0.647577 0.876652 0.651982 0.876652 0.660793 0.881057 0.665198 0.885463 0.665198 0.889868 0.669604 0.894273 0.665198 0.898678 0.669604 0.903084 0.665198 0.907489 0.665198 0.916300 0.656388 0.920705 0.656388 0.929515 0.647577 0.933921 0.647577 0.938326 0.643172 0.938326 0.634361 0.933921 0.629956 0.933921 0.616740 0.929515 0.612335 0.920705 0.612335 0.916300 0.616740 0.911894 0.616740 0.907489 0.612335 0.903084 0.612335 0.898678 0.607930 0.898678 0.599119 0.903084 0.594714 0.907489 0.594714 0.911894 0.590308 0.911894 0.585903 0.916300 0.581498 0.916300 0.577093 0.911894 0.572687 0.911894 0.568282 0.907489 0.563877 0.903084 0.563877
0 0.748899 0.546256 0.740088 0.555066 0.740088 0.559471 0.744493 0.563877 0.744493 0.568282 0.748899 0.572687 0.753304 0.568282 0.757709 0.568282 0.762115 0.572687 0.766520 0.572687 0.770925 0.577093 0.770925 0.581498 0.775330 0.585903 0.775330 0.590308 0.784141 0.599119 0.792952 0.599119 0.801762 0.590308 0.801762 0.581498 0.797357 0.577093 0.797357 0.572687 0.788546 0.563877 0.779736 0.563877 0.775330 0.568282 0.770925 0.563877 0.766520 0.563877 0.762115 0.559471 0.762115 0.546256 0.757709 0.541850 0.753304 0.546256
0 0.070485 0.533040 0.061674 0.541850 0.061674 0.550661 0.057269 0.555066 0.057269 0.568282 0.061674 0.572687 0.066079 0.572687 0.070485 0.568282 0.074890 0.568282 0.079295 0.563877 0.079295 0.550661 0.083700 0.546256 0.083700 0.541850 0.079295 0.537445 0.074890 0.537445
0 0.691630 0.488987 0.674009 0.506608 0.674009 0.515419 0.669604 0.519824 0.669604 0.528634 0.678414 0.537445 0.682819 0.537445 0.696035 0.524229 0.696035 0.519824 0.700441 0.515419 0.700441 0.497797
0 0.000000 0.493392 0.000000 0.506608 0.017621 0.506608 0.022026 0.502203 0.035242 0.502203 0.039648 0.506608 0.044053 0.502203 0.039648 0.497797 0.035242 0.497797 0.026432 0.488987 0.008811 0.488987 0.004405 0.493392
0 0.744493 0.458150 0.735683 0.466960 0.740088 0.471366 0.740088 0.475771 0.753304 0.488987 0.753304 0.497797 0.748899 0.502203 0.748899 0.511013 0.744493 0.515419 0.748899 0.519824 0.757709 0.511013 0.762115 0.511013 0.766520 0.506608 0.766520 0.493392 0.762115 0.488987 0.762115 0.475771 0.757709 0.471366 0.757709 0.466960 0.748899 0.458150
0 0.929515 0.453745 0.929515 0.462555 0.933921 0.466960 0.951542 0.466960 0.955947 0.471366 0.969163 0.471366 0.973568 0.466960 0.960352 0.453745 0.951542 0.453745 0.947137 0.449339 0.933921 0.449339
0 0.779736 0.444934 0.779736 0.453745 0.784141 0.458150 0.792952 0.458150 0.797357 0.453745 0.801762 0.453745 0.806167 0.449339 0.810573 0.453745 0.814978 0.453745 0.823789 0.462555 0.828194 0.462555 0.832599 0.466960 0.832599 0.484582 0.823789 0.493392 0.823789 0.502203 0.801762 0.524229 0.797357 0.524229 0.792952 0.528634 0.797357 0.533040 0.801762 0.533040 0.806167 0.528634 0.814978 0.528634 0.823789 0.519824 0.823789 0.515419 0.832599 0.506608 0.837004 0.506608 0.850220 0.493392 0.854626 0.493392 0.859031 0.488987 0.876652 0.488987 0.885463 0.480176 0.885463 0.471366 0.881057 0.466960 0.872247 0.466960 0.867841 0.471366 0.863436 0.471366 0.859031 0.475771 0.845815 0.475771 0.841410 0.471366 0.837004 0.471366 0.828194 0.462555 0.828194 0.453745 0.823789 0.449339 0.819383 0.453745 0.814978 0.453745 0.810573 0.449339 0.806167 0.449339 0.797357 0.440529 0.784141 0.440529
0 0.713656 0.444934 0.709251 0.440529 0.700441 0.440529 0.696035 0.444934 0.691630 0.444934 0.687225 0.449339 0.682819 0.449339 0.678414 0.453745 0.678414 0.458150 0.682819 0.462555 0.696035 0.462555 0.700441 0.466960 0.704846 0.462555 0.704846 0.458150 0.713656 0.449339
0 0.392070 0.444934 0.392070 0.440529 0.387665 0.436123 0.383260 0.436123 0.370044 0.444934 0.356828 0.444934 0.352423 0.440529 0.348018 0.440529 0.343612 0.444934 0.339207 0.440529 0.334802 0.440529 0.325991 0.431718 0.325991 0.414097 0.321586 0.409692 0.321586 0.383260 0.317181 0.378855 0.312775 0.378855 0.308370 0.383260 0.308370 0.392070 0.295154 0.400881 0.290749 0.396476 0.286344 0.396476 0.281938 0.392070 0.277533 0.392070 0.264317 0.400881 0.255507 0.400881 0.251101 0.396476 0.242291 0.396476 0.237885 0.400881 0.237885 0.405286 0.224670 0.414097 0.211454 0.405286 0.202643 0.405286 0.198238 0.409692 0.185022 0.400881 0.180617 0.400881 0.171806 0.409692 0.180617 0.422908 0.189427 0.422908 0.193833 0.427313 0.211454 0.427313 0.224670 0.418502 0.237885 0.427313 0.237885 0.436123 0.242291 0.440529 0.246696 0.440529 0.259912 0.449339 0.273128 0.449339 0.281938 0.440529 0.286344 0.440529 0.290749 0.436123 0.295154 0.440529 0.299559 0.440529 0.303965 0.444934 0.303965 0.449339 0.308370 0.453745 0.312775 0.453745 0.321586 0.462555 0.334802 0.462555 0.339207 0.466960 0.348018 0.466960 0.352423 0.471366 0.370044 0.471366 0.383260 0.458150 0.383260 0.453745
0 0.995595 0.321586 0.986784 0.321586 0.982379 0.325991 0.977974 0.325991 0.969163 0.334802 0.964758 0.334802 0.960352 0.339207 0.955947 0.334802 0.951542 0.334802 0.947137 0.330396 0.942731 0.330396 0.938326 0.325991 0.933921 0.330396 0.933921 0.343612 0.929515 0.348018 0.929515 0.352423 0.938326 0.361233 0.947137 0.361233 0.955947 0.352423 0.955947 0.348018 0.960352 0.343612 0.964758 0.343612 0.969163 0.339207 0.973568 0.339207 0.977974 0.343612 0.982379 0.339207 0.986784 0.339207 0.991189 0.334802 0.995595 0.334802
0 0.823789 0.325991 0.832599 0.334802 0.837004 0.334802 0.841410 0.339207 0.845815 0.339207 0.854626 0.348018 0.854626 0.352423 0.859031 0.356828 0.859031 0.361233 0.876652 0.378855 0.881057 0.374449 0.885463 0.374449 0.889868 0.378855 0.894273 0.378855 0.898678 0.383260 0.898678 0.392070 0.907489 0.400881 0.911894 0.396476 0.911894 0.392070 0.916300 0.387665 0.916300 0.383260 0.907489 0.374449 0.903084 0.374449 0.898678 0.378855 0.894273 0.374449 0.889868 0.374449 0.885463 0.370044 0.885463 0.365639 0.876652 0.356828 0.872247 0.356828 0.867841 0.352423 0.867841 0.343612 0.863436 0.339207 0.859031 0.339207 0.854626 0.334802 0.850220 0.334802 0.845815 0.330396 0.845815 0.325991 0.841410 0.321586 0.828194 0.321586
0 0.700441 0.321586 0.696035 0.325991 0.696035 0.330396 0.691630 0.334802 0.691630 0.339207 0.687225 0.343612 0.687225 0.348018 0.678414 0.356828 0.678414 0.365639 0.682819 0.370044 0.687225 0.370044 0.691630 0.374449 0.691630 0.387665 0.696035 0.392070 0.696035 0.409692 0.700441 0.414097 0.704846 0.414097 0.709251 0.409692 0.709251 0.387665 0.713656 0.383260 0.713656 0.378855 0.696035 0.361233 0.696035 0.348018 0.700441 0.343612 0.704846 0.343612 0.709251 0.339207 0.713656 0.343612 0.718062 0.339207 0.718062 0.330396 0.713656 0.325991 0.704846 0.325991
0 0.220264 0.317181 0.215859 0.321586 0.215859 0.325991 0.211454 0.330396 0.211454 0.334802 0.220264 0.343612 0.220264 0.352423 0.229075 0.361233 0.237885 0.361233 0.242291 0.365639 0.246696 0.361233 0.237885 0.352423 0.237885 0.348018 0.233480 0.343612 0.233480 0.334802 0.229075 0.330396 0.229075 0.325991
0 0.162996 0.317181 0.158590 0.321586 0.158590 0.356828 0.162996 0.361233 0.167401 0.361233 0.171806 0.365639 0.176211 0.365639 0.180617 0.370044 0.185022 0.365639 0.176211 0.356828 0.176211 0.330396 0.171806 0.325991 0.171806 0.321586 0.167401 0.317181
0 0.246696 0.299559 0.246696 0.303965 0.251101 0.308370 0.255507 0.308370 0.259912 0.312775 0.264317 0.308370 0.268722 0.312775 0.281938 0.312775 0.286344 0.308370 0.295154 0.308370 0.299559 0.312775 0.303965 0.312775 0.312775 0.321586 0.312775 0.334802 0.308370 0.339207 0.312775 0.343612 0.317181 0.339207 0.317181 0.330396 0.330396 0.317181 0.330396 0.312775 0.325991 0.308370 0.321586 0.308370 0.303965 0.290749 0.299559 0.290749 0.295154 0.295154 0.290749 0.295154 0.286344 0.299559 0.281938 0.295154 0.264317 0.295154 0.259912 0.290749 0.255507 0.290749
0 0.775330 0.224670 0.757709 0.224670 0.753304 0.229075 0.748899 0.229075 0.740088 0.237885 0.740088 0.242291 0.744493 0.246696 0.757709 0.246696 0.762115 0.251101 0.766520 0.246696 0.770925 0.246696 0.779736 0.237885 0.779736 0.229075
0 0.581498 0.189427 0.572687 0.198238 0.572687 0.202643 0.594714 0.224670 0.599119 0.220264 0.599119 0.193833 0.594714 0.189427
0 0.000000 0.171806 0.000000 0.193833 0.008811 0.193833 0.013216 0.198238 0.017621 0.198238 0.026432 0.207048 0.030837 0.207048 0.035242 0.211454 0.039648 0.207048 0.035242 0.202643 0.035242 0.198238 0.026432 0.189427 0.022026 0.189427 0.017621 0.185022 0.013216 0.185022
0 0.995595 0.162996 0.991189 0.162996 0.986784 0.158590 0.964758 0.158590 0.960352 0.162996 0.955947 0.162996 0.955947 0.171806 0.951542 0.176211 0.951542 0.185022 0.947137 0.189427 0.942731 0.189427 0.938326 0.193833 0.933921 0.193833 0.929515 0.189427 0.925110 0.189427 0.916300 0.180617 0.911894 0.180617 0.907489 0.185022 0.907489 0.224670 0.911894 0.229075 0.920705 0.229075 0.925110 0.233480 0.929515 0.233480 0.933921 0.237885 0.933921 0.246696 0.938326 0.251101 0.951542 0.251101 0.969163 0.233480 0.973568 0.233480 0.977974 0.229075 0.982379 0.229075 0.986784 0.233480 0.995595 0.233480 0.995595 0.224670 0.991189 0.220264 0.986784 0.220264 0.977974 0.211454 0.977974 0.202643 0.982379 0.198238 0.986784 0.198238 0.991189 0.193833 0.995595 0.193833
0 0.308370 0.123348 0.299559 0.132159 0.299559 0.149780 0.295154 0.154185 0.295154 0.176211 0.308370 0.189427 0.308370 0.193833 0.312775 0.198238 0.312775 0.202643 0.317181 0.207048 0.325991 0.198238 0.325991 0.180617 0.317181 0.171806 0.317181 0.149780 0.330396 0.136564 0.330396 0.132159 0.321586 0.123348
0 0.581498 0.127753 0.568282 0.114537 0.559471 0.123348 0.555066 0.123348 0.550661 0.127753 0.546256 0.127753 0.541850 0.123348 0.533040 0.123348 0.519824 0.136564 0.515419 0.136564 0.519824 0.140969 0.519824 0.149780 0.515419 0.154185 0.515419 0.158590 0.519824 0.162996 0.533040 0.149780 0.533040 0.145374 0.537445 0.140969 0.537445 0.136564 0.546256 0.127753 0.550661 0.127753 0.555066 0.123348 0.559471 0.123348 0.563877 0.127753 0.568282 0.127753 0.572687 0.132159 0.572687 0.136564 0.577093 0.140969 0.581498 0.136564
0 0.951542 0.110132 0.947137 0.114537 0.947137 0.118943 0.920705 0.145374 0.920705 0.154185 0.929515 0.162996 0.933921 0.158590 0.938326 0.158590 0.938326 0.145374 0.942731 0.140969 0.947137 0.140969 0.955947 0.132159 0.955947 0.114537
0 0.475771 0.092511 0.471366 0.096916 0.471366 0.105727 0.466960 0.110132 0.466960 0.114537 0.458150 0.123348 0.453745 0.123348 0.444934 0.132159 0.444934 0.136564 0.449339 0.140969 0.453745 0.136564 0.458150 0.140969 0.462555 0.140969 0.466960 0.145374 0.466960 0.154185 0.462555 0.158590 0.458150 0.158590 0.453745 0.162996 0.444934 0.162996 0.436123 0.171806 0.440529 0.176211 0.440529 0.185022 0.444934 0.189427 0.449339 0.189427 0.453745 0.193833 0.458150 0.189427 0.462555 0.189427 0.466960 0.185022 0.480176 0.185022 0.484582 0.180617 0.488987 0.180617 0.493392 0.176211 0.493392 0.171806 0.497797 0.167401 0.497797 0.162996 0.493392 0.162996 0.488987 0.158590 0.488987 0.145374 0.497797 0.136564 0.502203 0.136564 0.497797 0.132159 0.497797 0.127753 0.493392 0.123348 0.493392 0.114537 0.488987 0.110132 0.488987 0.105727
0 0.436123 0.083700 0.431718 0.088106 0.427313 0.088106 0.422908 0.092511 0.422908 0.096916 0.400881 0.118943 0.400881 0.123348 0.396476 0.127753 0.400881 0.132159 0.400881 0.136564 0.405286 0.140969 0.409692 0.140969 0.418502 0.132159 0.418502 0.127753 0.422908 0.123348 0.422908 0.118943 0.427313 0.114537 0.427313 0.110132 0.431718 0.105727 0.436123 0.105727 0.440529 0.101322 0.440529 0.096916 0.444934 0.092511
0 0.140969 0.127753 0.154185 0.149780 0.154185 0.167401 0.114537 0.193833 0.110132 0.207048 0.118943 0.215859 0.132159 0.215859 0.162996 0.189427 0.158590 0.167401 0.171806 0.158590 0.189427 0.158590 0.207048 0.171806 0.207048 0.185022 0.180617 0.207048 0.189427 0.215859 0.198238 0.211454 0.211454 0.220264 0.242291 0.224670 0.246696 0.242291 0.277533 0.264317 0.290749 0.255507 0.321586 0.255507 0.348018 0.268722 0.361233 0.295154 0.378855 0.299559 0.396476 0.321586 0.396476 0.339207 0.414097 0.361233 0.414097 0.370044 0.400881 0.378855 0.387665 0.370044 0.374449 0.378855 0.356828 0.374449 0.352423 0.378855 0.361233 0.387665 0.374449 0.378855 0.392070 0.396476 0.414097 0.387665 0.431718 0.396476 0.449339 0.374449 0.436123 0.365639 0.436123 0.348018 0.458150 0.330396 0.493392 0.321586 0.493392 0.312775 0.475771 0.299559 0.475771 0.281938 0.444934 0.281938 0.436123 0.259912 0.453745 0.242291 0.475771 0.255507 0.506608 0.255507 0.506608 0.233480 0.475771 0.229075 0.449339 0.242291 0.422908 0.229075 0.409692 0.207048 0.400881 0.211454 0.400881 0.220264 0.418502 0.229075 0.414097 0.273128 0.440529 0.299559 0.440529 0.330396 0.418502 0.343612 0.405286 0.334802 0.405286 0.317181 0.361233 0.273128 0.361233 0.255507 0.383260 0.237885 0.383260 0.224670 0.374449 0.220264 0.374449 0.211454 0.383260 0.207048 0.378855 0.193833 0.348018 0.220264 0.343612 0.233480 0.317181 0.246696 0.295154 0.246696 0.277533 0.233480 0.268722 0.215859 0.242291 0.215859 0.211454 0.202643 0.220264 0.185022 0.211454 0.176211 0.211454 0.145374 0.255507 0.127753 0.246696 0.118943 0.251101 0.096916 0.242291 0.088106 0.215859 0.101322 0.193833 0.083700 0.193833 0.136564 0.176211 0.149780 0.162996 0.145374 0.149780 0.123348
0 0.374449 0.074890 0.370044 0.074890 0.365639 0.079295 0.365639 0.092511 0.361233 0.096916 0.361233 0.101322 0.356828 0.105727 0.356828 0.114537 0.361233 0.118943 0.365639 0.114537 0.370044 0.114537 0.378855 0.105727 0.378855 0.079295
0 0.057269 0.074890 0.044053 0.088106 0.039648 0.088106 0.048458 0.096916 0.048458 0.105727 0.044053 0.110132 0.048458 0.114537 0.057269 0.114537 0.061674 0.110132 0.061674 0.105727 0.070485 0.096916 0.070485 0.088106
0 0.000000 0.057269 0.000000 0.123348 0.004405 0.127753 0.008811 0.127753 0.013216 0.132159 0.013216 0.140969 0.022026 0.149780 0.026432 0.149780 0.035242 0.158590 0.039648 0.154185 0.039648 0.149780 0.035242 0.145374 0.030837 0.145374 0.022026 0.136564 0.022026 0.127753 0.017621 0.123348 0.017621 0.092511 0.022026 0.088106 0.026432 0.088106 0.022026 0.083700 0.022026 0.074890 0.008811 0.061674 0.004405 0.061674
0 0.889868 0.035242 0.885463 0.035242 0.876652 0.044053 0.876652 0.061674 0.885463 0.070485 0.885463 0.088106 0.881057 0.092511 0.876652 0.092511 0.867841 0.101322 0.872247 0.105727 0.872247 0.149780 0.867841 0.154185 0.863436 0.154185 0.859031 0.158590 0.859031 0.162996 0.867841 0.171806 0.876652 0.171806 0.881057 0.167401 0.881057 0.162996 0.885463 0.158590 0.885463 0.154185 0.898678 0.140969 0.898678 0.136564 0.885463 0.123348 0.885463 0.110132 0.894273 0.101322 0.894273 0.096916 0.903084 0.088106 0.903084 0.070485 0.898678 0.066079 0.898678 0.044053
0 0.273128 0.035242 0.268722 0.039648 0.268722 0.052863 0.277533 0.061674 0.277533 0.066079 0.281938 0.070485 0.286344 0.070485 0.290749 0.074890 0.295154 0.074890 0.299559 0.079295 0.303965 0.079295 0.308370 0.083700 0.308370 0.092511 0.312775 0.096916 0.317181 0.096916 0.321586 0.101322 0.325991 0.096916 0.325991 0.088106 0.330396 0.083700 0.321586 0.074890 0.321586 0.066079 0.312775 0.057269 0.308370 0.061674 0.303965 0.061674 0.299559 0.057269 0.295154 0.057269 0.286344 0.048458 0.286344 0.044053 0.277533 0.035242
0 0.947137 0.017621 0.947137 0.022026 0.951542 0.026432 0.955947 0.022026 0.964758 0.022026 0.969163 0.026432 0.973568 0.026432 0.977974 0.030837 0.995595 0.030837 0.995595 0.013216 0.951542 0.013216
0 0.528634 0.013216 0.515419 0.026432 0.515419 0.035242 0.519824 0.039648 0.524229 0.039648 0.533040 0.048458 0.533040 0.083700 0.537445 0.088106 0.541850 0.088106 0.546256 0.092511 0.550661 0.092511 0.555066 0.088106 0.550661 0.083700 0.550661 0.079295 0.546256 0.074890 0.546256 0.066079 0.550661 0.061674 0.550661 0.057269 0.546256 0.052863 0.541850 0.052863 0.533040 0.044053 0.533040 0.035242 0.537445 0.030837 0.541850 0.030837 0.546256 0.026432 0.555066 0.026432 0.559471 0.022026 0.559471 0.017621 0.555066 0.013216
0 0.691630 0.000000 0.647577 0.000000 0.656388 0.079295 0.621145 0.136564 0.651982 0.273128 0.599119 0.317181 0.568282 0.295154 0.572687 0.259912 0.550661 0.277533 0.568282 0.317181 0.475771 0.352423 0.462555 0.422908 0.409692 0.466960 0.440529 0.493392 0.387665 0.541850 0.356828 0.511013 0.136564 0.449339 0.123348 0.418502 0.145374 0.400881 0.132159 0.348018 0.088106 0.290749 0.074890 0.242291 0.048458 0.233480 0.083700 0.321586 0.070485 0.339207 0.026432 0.308370 0.030837 0.281938 0.000000 0.237885 0.000000 0.299559 0.057269 0.396476 0.026432 0.436123 0.048458 0.444934 0.074890 0.427313 0.189427 0.563877 0.185022 0.581498 0.158590 0.581498 0.171806 0.612335 0.158590 0.629956 0.123348 0.585903 0.105727 0.590308 0.127753 0.621145 0.123348 0.656388 0.158590 0.656388 0.180617 0.709251 0.198238 0.700441 0.193833 0.656388 0.176211 0.643172 0.176211 0.590308 0.189427 0.581498 0.255507 0.651982 0.281938 0.731278 0.299559 0.726872 0.303965 0.700441 0.286344 0.678414 0.290749 0.643172 0.229075 0.621145 0.211454 0.594714 0.220264 0.546256 0.185022 0.493392 0.295154 0.506608 0.303965 0.533040 0.281938 0.546256 0.330396 0.581498 0.325991 0.621145 0.370044 0.629956 0.365639 0.594714 0.409692 0.581498 0.471366 0.524229 0.484582 0.431718 0.533040 0.343612 0.550661 0.370044 0.568282 0.361233 0.594714 0.387665 0.555066 0.453745 0.594714 0.449339 0.572687 0.541850 0.594714 0.546256 0.621145 0.339207 0.678414 0.290749 0.744493 0.290749 0.678414 0.273128 0.691630 0.242291 0.718062 0.233480 0.687225 0.224670 0.651982 0.154185 0.704846 0.079295 0.678414 0.026432
0 0.356828 0.000000 0.356828 0.017621 0.361233 0.022026 0.370044 0.022026 0.374449 0.017621 0.378855 0.017621 0.383260 0.022026 0.392070 0.022026 0.396476 0.026432 0.400881 0.026432 0.405286 0.030837 0.405286 0.044053 0.396476 0.052863 0.405286 0.061674 0.409692 0.057269 0.422908 0.057269 0.427313 0.061674 0.440529 0.061674 0.444934 0.057269 0.449339 0.057269 0.453745 0.052863 0.453745 0.048458 0.444934 0.039648 0.431718 0.039648 0.427313 0.035242 0.422908 0.035242 0.418502 0.030837 0.418502 0.000000 0.409692 0.000000 0.409692 0.008811 0.405286 0.013216 0.400881 0.013216 0.396476 0.017621 0.392070 0.013216 0.383260 0.013216 0.378855 0.017621 0.374449 0.013216 0.370044 0.013216 0.365639 0.008811 0.365639 0.000000
0 0.154185 0.000000 0.154185 0.004405 0.149780 0.008811 0.149780 0.022026 0.154185 0.026432 0.154185 0.035242 0.162996 0.044053 0.171806 0.044053 0.176211 0.039648 0.180617 0.039648 0.189427 0.030837 0.189427 0.017621 0.185022 0.013216 0.185022 0.008811 0.180617 0.004405 0.180617 0.000000
0 0.052863 0.039648 0.057269 0.044053 0.057269 0.048458 0.061674 0.052863 0.074890 0.039648 0.079295 0.039648 0.083700 0.035242 0.088106 0.035242 0.092511 0.039648 0.101322 0.039648 0.105727 0.035242 0.110132 0.035242 0.118943 0.026432 0.118943 0.000000 0.101322 0.000000 0.101322 0.013216 0.092511 0.022026 0.088106 0.022026 0.083700 0.026432 0.079295 0.026432 0.074890 0.022026 0.070485 0.022026 0.066079 0.017621 0.066079 0.008811 0.070485 0.004405 0.070485 0.000000 0.057269 0.000000 0.057269 0.026432 0.052863 0.030837
