0 0.374449 0.938326 0.370044 0.942731 0.365639 0.942731 0.352423 0.955947 0.352423 0.964758 0.348018 0.969163 0.348018 0.973568 0.352423 0.977974 0.352423 0.986784 0.348018 0.991189 0.348018 0.995595 0.361233 0.995595 0.361233 0.977974 0.374449 0.964758 0.374449 0.960352 0.378855 0.955947 0.378855 0.942731
0 0.995595 0.920705 0.986784 0.920705 0.977974 0.929515 0.973568 0.929515 0.969163 0.933921 0.964758 0.933921 0.960352 0.938326 0.955947 0.938326 0.938326 0.955947 0.947137 0.964758 0.955947 0.955947 0.960352 0.955947 0.964758 0.951542 0.969163 0.951542 0.973568 0.947137 0.982379 0.947137 0.986784 0.942731 0.995595 0.942731
0 0.246696 0.898678 0.259912 0.911894 0.268722 0.911894 0.273128 0.907489 0.277533 0.911894 0.281938 0.911894 0.286344 0.916300 0.286344 0.925110 0.295154 0.933921 0.299559 0.933921 0.303965 0.929515 0.308370 0.929515 0.312775 0.925110 0.325991 0.925110 0.330396 0.920705 0.330396 0.916300 0.321586 0.907489 0.312775 0.907489 0.308370 0.903084 0.303965 0.907489 0.299559 0.907489 0.295154 0.911894 0.290749 0.911894 0.286344 0.916300 0.281938 0.911894 0.277533 0.911894 0.259912 0.894273 0.251101 0.894273
0 0.251101 0.832599 0.246696 0.837004 0.242291 0.837004 0.229075 0.850220 0.224670 0.850220 0.211454 0.863436 0.211454 0.867841 0.198238 0.881057 0.207048 0.889868 0.211454 0.889868 0.259912 0.841410
0 0.757709 0.823789 0.753304 0.828194 0.748899 0.828194 0.740088 0.837004 0.740088 0.841410 0.726872 0.854626 0.726872 0.859031 0.722467 0.863436 0.722467 0.872247 0.718062 0.876652 0.718062 0.885463 0.709251 0.894273 0.713656 0.898678 0.713656 0.903084 0.718062 0.907489 0.740088 0.885463 0.740088 0.876652 0.762115 0.854626 0.762115 0.850220 0.766520 0.845815 0.766520 0.832599
0 0.387665 0.819383 0.383260 0.814978 0.374449 0.814978 0.370044 0.819383 0.365639 0.819383 0.361233 0.814978 0.356828 0.819383 0.321586 0.819383 0.308370 0.832599 0.308370 0.845815 0.295154 0.859031 0.295154 0.863436 0.290749 0.867841 0.290749 0.881057 0.299559 0.889868 0.312775 0.876652 0.312775 0.859031 0.317181 0.854626 0.317181 0.850220 0.325991 0.841410 0.330396 0.841410 0.334802 0.837004 0.343612 0.837004 0.348018 0.841410 0.352423 0.837004 0.356828 0.841410 0.361233 0.841410 0.365639 0.845815 0.365639 0.863436 0.361233 0.867841 0.361233 0.885463 0.352423 0.894273 0.352423 0.898678 0.356828 0.903084 0.365639 0.894273 0.365639 0.889868 0.370044 0.885463 0.370044 0.872247 0.374449 0.867841 0.378855 0.867841 0.383260 0.863436 0.383260 0.850220 0.374449 0.841410 0.374449 0.832599 0.378855 0.828194 0.383260 0.828194 0.387665 0.823789
0 0.471366 0.788546 0.453745 0.806167 0.453745 0.823789 0.449339 0.828194 0.458150 0.837004 0.462555 0.837004 0.466960 0.832599 0.466960 0.828194 0.471366 0.823789 0.471366 0.814978 0.475771 0.810573 0.475771 0.792952
0 0.268722 0.788546 0.268722 0.792952 0.277533 0.801762 0.290749 0.801762 0.295154 0.797357 0.303965 0.797357 0.308370 0.792952 0.308370 0.784141 0.303965 0.779736 0.290749 0.779736 0.286344 0.784141 0.281938 0.779736 0.277533 0.784141 0.273128 0.784141
0 0.436123 0.762115 0.414097 0.784141 0.414097 0.788546 0.409692 0.792952 0.409692 0.797357 0.405286 0.801762 0.405286 0.806167 0.409692 0.810573 0.414097 0.806167 0.418502 0.806167 0.436123 0.788546 0.436123 0.779736 0.440529 0.775330 0.440529 0.766520
0 0.110132 0.748899 0.110132 0.753304 0.123348 0.766520 0.127753 0.766520 0.132159 0.770925 0.140969 0.770925 0.145374 0.766520 0.145374 0.762115 0.149780 0.757709 0.145374 0.757709 0.136564 0.748899 0.132159 0.748899 0.127753 0.744493 0.114537 0.744493
0 0.488987 0.700441 0.484582 0.704846 0.484582 0.713656 0.480176 0.718062 0.488987 0.726872 0.497797 0.726872 0.506608 0.718062 0.506608 0.709251 0.497797 0.700441 0.493392 0.704846
0 0.995595 0.696035 0.982379 0.700441 0.964758 0.687225 0.938326 0.682819 0.929515 0.691630 0.929515 0.700441 0.903084 0.726872 0.903084 0.744493 0.920705 0.757709 0.920705 0.766520 0.898678 0.779736 0.898678 0.810573 0.859031 0.845815 0.845815 0.837004 0.845815 0.814978 0.837004 0.810573 0.819383 0.841410 0.837004 0.854626 0.832599 0.867841 0.770925 0.903084 0.709251 0.955947 0.687225 0.933921 0.682819 0.951542 0.665198 0.960352 0.638767 0.995595 0.674009 0.995595 0.682819 0.982379 0.718062 0.964758 0.784141 0.907489 0.797357 0.916300 0.797357 0.925110 0.788546 0.933921 0.788546 0.947137 0.757709 0.969163 0.740088 0.995595 0.775330 0.995595 0.779736 0.982379 0.797357 0.977974 0.814978 0.960352 0.828194 0.964758 0.854626 0.995595 0.863436 0.995595 0.863436 0.986784 0.894273 0.964758 0.889868 0.942731 0.933921 0.907489 0.955947 0.903084 0.964758 0.894273 0.973568 0.854626 0.995595 0.841410 0.991189 0.832599 0.969163 0.819383 0.973568 0.792952 0.986784 0.784141 0.995595 0.788546 0.995595 0.762115 0.982379 0.770925 0.977974 0.784141 0.951542 0.797357 0.938326 0.788546 0.938326 0.779736 0.929515 0.770925 0.929515 0.740088 0.938326 0.726872 0.973568 0.700441 0.995595 0.718062
0 0.352423 0.660793 0.343612 0.669604 0.343612 0.678414 0.352423 0.687225 0.361233 0.687225 0.365639 0.691630 0.370044 0.691630 0.374449 0.696035 0.378855 0.691630 0.378855 0.687225 0.374449 0.682819 0.374449 0.678414 0.361233 0.665198 0.356828 0.665198
0 0.242291 0.651982 0.233480 0.660793 0.233480 0.669604 0.246696 0.682819 0.246696 0.691630 0.242291 0.696035 0.242291 0.704846 0.251101 0.713656 0.255507 0.709251 0.264317 0.709251 0.268722 0.704846 0.268722 0.700441 0.259912 0.691630 0.255507 0.691630 0.246696 0.682819 0.246696 0.674009 0.251101 0.669604 0.251101 0.665198 0.246696 0.660793 0.246696 0.656388
0 0.193833 0.621145 0.189427 0.625551 0.176211 0.621145 0.149780 0.647577 0.158590 0.660793 0.158590 0.678414 0.140969 0.700441 0.123348 0.709251 0.132159 0.722467 0.145374 0.713656 0.171806 0.735683 0.171806 0.753304 0.162996 0.757709 0.176211 0.770925 0.171806 0.792952 0.158590 0.801762 0.149780 0.797357 0.140969 0.806167 0.162996 0.819383 0.167401 0.832599 0.154185 0.841410 0.118943 0.837004 0.092511 0.850220 0.066079 0.854626 0.017621 0.885463 0.000000 0.867841 0.000000 0.894273 0.004405 0.889868 0.017621 0.898678 0.013216 0.911894 0.004405 0.916300 0.000000 0.911894 0.000000 0.942731 0.030837 0.929515 0.044053 0.938326 0.057269 0.969163 0.052863 0.982379 0.035242 0.986784 0.039648 0.995595 0.052863 0.995595 0.066079 0.982379 0.079295 0.995595 0.110132 0.995595 0.123348 0.982379 0.136564 0.986784 0.140969 0.995595 0.215859 0.995595 0.215859 0.986784 0.237885 0.973568 0.229075 0.969163 0.211454 0.982379 0.185022 0.991189 0.176211 0.986784 0.171806 0.969163 0.185022 0.960352 0.180617 0.938326 0.202643 0.916300 0.189427 0.907489 0.185022 0.911894 0.154185 0.889868 0.154185 0.881057 0.180617 0.850220 0.185022 0.832599 0.246696 0.801762 0.229075 0.792952 0.180617 0.814978 0.171806 0.810573 0.167401 0.797357 0.193833 0.770925 0.185022 0.740088 0.198238 0.731278 0.229075 0.748899 0.242291 0.766520 0.255507 0.762115 0.246696 0.748899 0.220264 0.731278 0.211454 0.713656 0.189427 0.735683 0.167401 0.718062 0.167401 0.709251 0.185022 0.696035 0.171806 0.669604 0.171806 0.656388 0.198238 0.629956
0 0.775330 0.665198 0.748899 0.660793 0.731278 0.638767 0.718062 0.634361 0.700441 0.616740 0.669604 0.625551 0.643172 0.656388 0.621145 0.660793 0.612335 0.691630 0.621145 0.731278 0.607930 0.740088 0.599119 0.735683 0.590308 0.740088 0.577093 0.762115 0.550661 0.770925 0.537445 0.784141 0.533040 0.801762 0.506608 0.823789 0.506608 0.832599 0.515419 0.837004 0.533040 0.828194 0.555066 0.806167 0.563877 0.788546 0.590308 0.775330 0.599119 0.766520 0.599119 0.757709 0.612335 0.748899 0.625551 0.757709 0.629956 0.775330 0.599119 0.814978 0.599119 0.837004 0.590308 0.854626 0.555066 0.885463 0.550661 0.898678 0.533040 0.916300 0.519824 0.920705 0.484582 0.951542 0.471366 0.973568 0.475771 0.982379 0.488987 0.973568 0.502203 0.982379 0.506608 0.995595 0.519824 0.995595 0.515419 0.973568 0.528634 0.960352 0.546256 0.955947 0.555066 0.947137 0.555066 0.938326 0.568282 0.929515 0.572687 0.907489 0.607930 0.881057 0.599119 0.854626 0.607930 0.845815 0.607930 0.832599 0.621145 0.806167 0.634361 0.797357 0.643172 0.801762 0.665198 0.797357 0.669604 0.762115 0.651982 0.735683 0.643172 0.740088 0.629956 0.731278 0.625551 0.696035 0.638767 0.687225 0.647577 0.691630 0.678414 0.643172 0.696035 0.634361 0.709251 0.638767 0.722467 0.660793 0.735683 0.665198 0.744493 0.660793 0.757709 0.669604 0.762115 0.700441 0.748899 0.726872 0.753304 0.766520 0.766520 0.775330 0.770925 0.770925 0.766520 0.748899 0.770925 0.691630 0.779736 0.682819
0 0.277533 0.612335 0.268722 0.621145 0.268722 0.625551 0.273128 0.629956 0.273128 0.638767 0.277533 0.643172 0.277533 0.660793 0.286344 0.669604 0.290749 0.669604 0.295154 0.674009 0.299559 0.674009 0.303965 0.669604 0.303965 0.660793 0.290749 0.647577 0.290749 0.638767 0.286344 0.634361 0.286344 0.621145
0 0.162996 0.594714 0.167401 0.599119 0.171806 0.594714 0.180617 0.594714 0.185022 0.599119 0.189427 0.599119 0.193833 0.603524 0.207048 0.603524 0.211454 0.599119 0.211454 0.594714 0.202643 0.585903 0.202643 0.581498 0.193833 0.572687 0.176211 0.572687 0.171806 0.577093 0.171806 0.585903
0 0.722467 0.519824 0.718062 0.524229 0.718062 0.533040 0.713656 0.537445 0.713656 0.559471 0.718062 0.563877 0.718062 0.577093 0.713656 0.581498 0.709251 0.581498 0.704846 0.585903 0.704846 0.590308 0.700441 0.594714 0.704846 0.599119 0.704846 0.603524 0.709251 0.603524 0.718062 0.594714 0.718062 0.590308 0.722467 0.585903 0.722467 0.581498 0.718062 0.577093 0.718062 0.563877 0.722467 0.559471 0.722467 0.537445 0.726872 0.533040 0.726872 0.524229
0 0.211454 0.528634 0.220264 0.537445 0.224670 0.537445 0.229075 0.541850 0.233480 0.541850 0.242291 0.550661 0.246696 0.550661 0.255507 0.541850 0.255507 0.528634 0.246696 0.519824 0.242291 0.519824 0.237885 0.515419 0.233480 0.519824 0.220264 0.519824
0 0.361233 0.506608 0.356828 0.511013 0.356828 0.519824 0.361233 0.524229 0.361233 0.533040 0.365639 0.537445 0.370044 0.533040 0.374449 0.537445 0.378855 0.533040 0.378855 0.528634 0.383260 0.524229 0.383260 0.511013 0.378855 0.506608
0 0.436123 0.475771 0.431718 0.475771 0.427313 0.480176 0.427313 0.488987 0.431718 0.493392 0.431718 0.497797 0.444934 0.511013 0.444934 0.519824 0.431718 0.528634 0.422908 0.528634 0.418502 0.524229 0.414097 0.528634 0.418502 0.533040 0.422908 0.528634 0.436123 0.537445 0.436123 0.541850 0.444934 0.550661 0.444934 0.563877 0.436123 0.572687 0.431718 0.572687 0.427313 0.577093 0.422908 0.572687 0.418502 0.572687 0.414097 0.577093 0.396476 0.577093 0.392070 0.572687 0.383260 0.581498 0.378855 0.581498 0.374449 0.585903 0.361233 0.577093 0.361233 0.563877 0.356828 0.559471 0.352423 0.559471 0.343612 0.568282 0.343612 0.577093 0.356828 0.590308 0.356828 0.599119 0.361233 0.603524 0.374449 0.603524 0.378855 0.607930 0.383260 0.607930 0.387665 0.603524 0.392070 0.603524 0.396476 0.607930 0.400881 0.603524 0.405286 0.603524 0.409692 0.607930 0.414097 0.607930 0.427313 0.616740 0.436123 0.616740 0.444934 0.607930 0.436123 0.594714 0.436123 0.585903 0.444934 0.577093 0.449339 0.577093 0.453745 0.572687 0.458150 0.577093 0.462555 0.577093 0.475771 0.590308 0.488987 0.581498 0.488987 0.572687 0.497797 0.563877 0.497797 0.559471 0.484582 0.550661 0.475771 0.550661 0.471366 0.555066 0.466960 0.555066 0.453745 0.546256 0.453745 0.537445 0.458150 0.533040 0.462555 0.533040 0.466960 0.528634 0.471366 0.528634 0.475771 0.533040 0.480176 0.528634 0.475771 0.524229 0.471366 0.528634 0.466960 0.528634 0.462555 0.524229 0.458150 0.524229 0.444934 0.511013 0.444934 0.484582
0 0.185022 0.475771 0.176211 0.475771 0.162996 0.488987 0.162996 0.493392 0.158590 0.497797 0.162996 0.502203 0.162996 0.506608 0.167401 0.511013 0.171806 0.511013 0.176211 0.506608 0.180617 0.506608 0.185022 0.502203 0.185022 0.497797 0.189427 0.493392 0.189427 0.480176
0 0.894273 0.471366 0.889868 0.466960 0.885463 0.466960 0.881057 0.471366 0.872247 0.471366 0.845815 0.497797 0.841410 0.497797 0.837004 0.502203 0.837004 0.515419 0.841410 0.519824 0.850220 0.519824 0.859031 0.511013 0.859031 0.506608 0.863436 0.502203 0.863436 0.497797 0.867841 0.493392 0.872247 0.493392 0.876652 0.488987 0.881057 0.488987 0.894273 0.475771
0 0.515419 0.458150 0.511013 0.458150 0.506608 0.462555 0.502203 0.462555 0.497797 0.466960 0.497797 0.471366 0.488987 0.480176 0.488987 0.488987 0.497797 0.497797 0.497797 0.511013 0.502203 0.515419 0.511013 0.515419 0.515419 0.511013 0.515419 0.506608 0.511013 0.502203 0.511013 0.488987 0.515419 0.484582 0.515419 0.480176 0.519824 0.475771 0.519824 0.471366 0.524229 0.466960 0.528634 0.466960 0.524229 0.466960
0 0.348018 0.462555 0.339207 0.462555 0.334802 0.458150 0.325991 0.466960 0.325991 0.488987 0.317181 0.497797 0.312775 0.497797 0.308370 0.502203 0.290749 0.502203 0.286344 0.506608 0.286344 0.528634 0.290749 0.533040 0.295154 0.528634 0.303965 0.528634 0.330396 0.502203 0.330396 0.497797 0.356828 0.471366
0 0.603524 0.436123 0.594714 0.444934 0.581498 0.449339 0.572687 0.462555 0.563877 0.466960 0.555066 0.462555 0.541850 0.466960 0.546256 0.471366 0.546256 0.480176 0.555066 0.488987 0.559471 0.484582 0.572687 0.493392 0.572687 0.502203 0.568282 0.506608 0.568282 0.515419 0.541850 0.541850 0.541850 0.559471 0.537445 0.568282 0.524229 0.581498 0.533040 0.585903 0.546256 0.599119 0.559471 0.590308 0.559471 0.577093 0.572687 0.559471 0.581498 0.555066 0.603524 0.568282 0.603524 0.581498 0.590308 0.599119 0.590308 0.607930 0.581498 0.625551 0.559471 0.651982 0.559471 0.669604 0.568282 0.678414 0.581498 0.669604 0.585903 0.656388 0.594714 0.647577 0.594714 0.625551 0.599119 0.616740 0.607930 0.612335 0.616740 0.599119 0.616740 0.585903 0.612335 0.581498 0.612335 0.555066 0.629956 0.541850 0.638767 0.546256 0.656388 0.528634 0.660793 0.519824 0.660793 0.511013 0.656388 0.506608 0.638767 0.524229 0.599119 0.541850 0.581498 0.555066 0.563877 0.546256 0.563877 0.533040 0.577093 0.519824 0.577093 0.515419 0.607930 0.488987 0.612335 0.480176 0.607930 0.471366 0.607930 0.462555 0.625551 0.449339
0 0.453745 0.422908 0.449339 0.427313 0.449339 0.444934 0.462555 0.458150 0.480176 0.458150 0.484582 0.453745 0.484582 0.444934 0.480176 0.440529 0.475771 0.440529 0.471366 0.436123 0.466960 0.436123 0.462555 0.431718 0.462555 0.427313 0.458150 0.422908
0 0.414097 0.409692 0.409692 0.414097 0.400881 0.414097 0.396476 0.418502 0.392070 0.418502 0.383260 0.427313 0.383260 0.436123 0.378855 0.440529 0.378855 0.449339 0.383260 0.453745 0.387665 0.453745 0.405286 0.436123 0.405286 0.431718 0.418502 0.418502 0.418502 0.414097
0 0.722467 0.396476 0.718062 0.396476 0.700441 0.414097 0.700441 0.418502 0.696035 0.422908 0.696035 0.453745 0.700441 0.458150 0.704846 0.453745 0.704846 0.449339 0.713656 0.440529 0.713656 0.436123 0.718062 0.431718 0.718062 0.418502 0.726872 0.409692 0.726872 0.400881
0 0.074890 0.396476 0.070485 0.400881 0.074890 0.409692 0.070485 0.449339 0.079295 0.458150 0.079295 0.488987 0.088106 0.497797 0.092511 0.511013 0.092511 0.541850 0.101322 0.550661 0.101322 0.568282 0.092511 0.585903 0.096916 0.594714 0.110132 0.603524 0.105727 0.616740 0.110132 0.643172 0.096916 0.656388 0.083700 0.660793 0.066079 0.682819 0.057269 0.687225 0.044053 0.678414 0.044053 0.651982 0.061674 0.643172 0.070485 0.634361 0.070485 0.625551 0.061674 0.616740 0.057269 0.603524 0.057269 0.581498 0.048458 0.577093 0.039648 0.585903 0.048458 0.612335 0.048458 0.625551 0.044053 0.629956 0.048458 0.647577 0.035242 0.656388 0.017621 0.678414 0.026432 0.687225 0.030837 0.682819 0.044053 0.691630 0.044053 0.709251 0.035242 0.722467 0.035242 0.731278 0.022026 0.740088 0.022026 0.748899 0.000000 0.766520 0.000000 0.810573 0.026432 0.806167 0.039648 0.814978 0.039648 0.828194 0.017621 0.841410 0.026432 0.850220 0.052863 0.837004 0.061674 0.823789 0.048458 0.810573 0.048458 0.801762 0.035242 0.788546 0.035242 0.779736 0.057269 0.762115 0.079295 0.718062 0.074890 0.691630 0.092511 0.669604 0.136564 0.647577 0.123348 0.638767 0.123348 0.607930 0.118943 0.603524 0.123348 0.590308 0.114537 0.572687 0.114537 0.559471 0.123348 0.546256 0.114537 0.533040 0.114537 0.497797 0.096916 0.484582 0.088106 0.466960 0.101322 0.427313 0.083700 0.414097
0 0.819383 0.392070 0.810573 0.392070 0.801762 0.400881 0.801762 0.405286 0.788546 0.418502 0.784141 0.418502 0.779736 0.422908 0.779736 0.427313 0.788546 0.436123 0.797357 0.427313 0.797357 0.422908 0.801762 0.418502 0.806167 0.418502 0.810573 0.414097 0.814978 0.414097 0.819383 0.409692 0.819383 0.400881 0.823789 0.396476
0 0.607930 0.348018 0.590308 0.365639 0.590308 0.370044 0.585903 0.374449 0.585903 0.383260 0.590308 0.387665 0.603524 0.387665 0.607930 0.383260 0.612335 0.383260 0.621145 0.374449 0.621145 0.361233
0 0.678414 0.339207 0.674009 0.343612 0.669604 0.343612 0.665198 0.339207 0.656388 0.348018 0.656388 0.352423 0.651982 0.356828 0.651982 0.361233 0.647577 0.365639 0.651982 0.370044 0.651982 0.374449 0.656388 0.378855 0.660793 0.378855 0.669604 0.387665 0.674009 0.383260 0.674009 0.378855 0.682819 0.370044 0.682819 0.365639 0.687225 0.361233 0.687225 0.352423 0.682819 0.348018 0.682819 0.343612
0 0.207048 0.330396 0.198238 0.339207 0.193833 0.339207 0.185022 0.348018 0.185022 0.374449 0.189427 0.378855 0.189427 0.387665 0.171806 0.405286 0.171806 0.440529 0.167401 0.444934 0.171806 0.449339 0.176211 0.449339 0.193833 0.431718 0.193833 0.409692 0.198238 0.405286 0.202643 0.405286 0.207048 0.400881 0.211454 0.405286 0.215859 0.405286 0.220264 0.409692 0.229075 0.400881 0.229075 0.396476 0.224670 0.392070 0.220264 0.392070 0.215859 0.396476 0.211454 0.396476 0.207048 0.400881 0.202643 0.400881 0.198238 0.396476 0.193833 0.396476 0.189427 0.392070 0.189427 0.378855 0.202643 0.365639 0.202643 0.356828 0.207048 0.352423 0.207048 0.348018 0.211454 0.343612 0.211454 0.334802
0 0.572687 0.330396 0.568282 0.325991 0.563877 0.325991 0.559471 0.330396 0.559471 0.334802 0.555066 0.339207 0.550661 0.339207 0.546256 0.343612 0.541850 0.343612 0.537445 0.339207 0.533040 0.339207 0.511013 0.361233 0.515419 0.365639 0.519824 0.361233 0.528634 0.361233 0.533040 0.356828 0.533040 0.352423 0.541850 0.343612 0.546256 0.343612 0.550661 0.339207 0.559471 0.339207 0.563877 0.343612 0.572687 0.334802
0 0.995595 0.317181 0.986784 0.325991 0.986784 0.334802 0.964758 0.361233 0.960352 0.361233 0.942731 0.383260 0.942731 0.392070 0.955947 0.400881 0.955947 0.409692 0.942731 0.422908 0.925110 0.453745 0.929515 0.458150 0.938326 0.444934 0.955947 0.431718 0.969163 0.440529 0.969163 0.449339 0.964758 0.453745 0.964758 0.462555 0.929515 0.493392 0.929515 0.519824 0.916300 0.528634 0.911894 0.524229 0.903084 0.533040 0.898678 0.541850 0.903084 0.563877 0.894273 0.572687 0.894273 0.585903 0.885463 0.599119 0.885463 0.607930 0.894273 0.612335 0.903084 0.603524 0.911894 0.563877 0.925110 0.555066 0.933921 0.559471 0.947137 0.572687 0.947137 0.621145 0.929515 0.634361 0.933921 0.638767 0.947137 0.634361 0.969163 0.651982 0.973568 0.643172 0.955947 0.616740 0.955947 0.568282 0.942731 0.550661 0.942731 0.537445 0.955947 0.528634 0.964758 0.533040 0.995595 0.528634 0.995595 0.515419 0.969163 0.515419 0.951542 0.528634 0.938326 0.519824 0.938326 0.497797 0.982379 0.458150 0.991189 0.453745 0.995595 0.458150 0.995595 0.440529 0.991189 0.444934 0.977974 0.436123 0.982379 0.418502 0.973568 0.409692 0.973568 0.374449 0.982379 0.356828 0.995595 0.348018
0 0.083700 0.317181 0.079295 0.321586 0.079295 0.325991 0.088106 0.334802 0.088106 0.348018 0.074890 0.361233 0.074890 0.370044 0.079295 0.374449 0.083700 0.374449 0.088106 0.378855 0.101322 0.378855 0.105727 0.374449 0.105727 0.361233 0.101322 0.356828 0.101322 0.343612 0.105727 0.339207 0.101322 0.334802 0.096916 0.334802 0.088106 0.325991 0.088106 0.321586
0 0.748899 0.295154 0.744493 0.299559 0.744493 0.303965 0.740088 0.308370 0.740088 0.317181 0.731278 0.325991 0.731278 0.330396 0.726872 0.334802 0.726872 0.348018 0.722467 0.352423 0.726872 0.356828 0.726872 0.361233 0.731278 0.365639 0.740088 0.356828 0.740088 0.343612 0.748899 0.334802 0.748899 0.330396 0.753304 0.325991 0.753304 0.299559
0 0.343612 0.286344 0.334802 0.286344 0.325991 0.295154 0.325991 0.299559 0.317181 0.308370 0.317181 0.312775 0.312775 0.317181 0.312775 0.334802 0.308370 0.339207 0.308370 0.343612 0.299559 0.352423 0.303965 0.356828 0.303965 0.365639 0.299559 0.370044 0.295154 0.370044 0.290749 0.374449 0.286344 0.374449 0.281938 0.378855 0.281938 0.383260 0.299559 0.400881 0.299559 0.409692 0.303965 0.414097 0.308370 0.409692 0.299559 0.400881 0.299559 0.370044 0.308370 0.361233 0.312775 0.361233 0.317181 0.356828 0.317181 0.339207 0.352423 0.303965 0.352423 0.295154
0 0.039648 0.251101 0.030837 0.259912 0.030837 0.264317 0.017621 0.277533 0.017621 0.308370 0.022026 0.312775 0.022026 0.321586 0.017621 0.325991 0.017621 0.330396 0.013216 0.334802 0.013216 0.356828 0.022026 0.365639 0.026432 0.361233 0.026432 0.356828 0.030837 0.352423 0.030837 0.348018 0.035242 0.343612 0.035242 0.312775 0.039648 0.308370 0.044053 0.308370 0.048458 0.303965 0.066079 0.303965 0.074890 0.295154 0.074890 0.286344 0.070485 0.281938 0.070485 0.273128 0.052863 0.255507 0.044053 0.255507
0 0.255507 0.233480 0.251101 0.237885 0.246696 0.237885 0.242291 0.242291 0.242291 0.246696 0.237885 0.251101 0.237885 0.273128 0.246696 0.281938 0.251101 0.281938 0.255507 0.286344 0.255507 0.290749 0.259912 0.295154 0.277533 0.295154 0.281938 0.290749 0.259912 0.268722 0.259912 0.259912 0.264317 0.255507 0.264317 0.242291
0 0.519824 0.229075 0.515419 0.229075 0.497797 0.246696 0.497797 0.251101 0.502203 0.255507 0.506608 0.255507 0.511013 0.259912 0.511013 0.273128 0.502203 0.281938 0.497797 0.281938 0.493392 0.286344 0.480176 0.286344 0.466960 0.299559 0.480176 0.312775 0.488987 0.303965 0.493392 0.303965 0.497797 0.299559 0.502203 0.299559 0.506608 0.295154 0.511013 0.299559 0.515419 0.299559 0.533040 0.281938 0.537445 0.281938 0.541850 0.277533 0.546256 0.277533 0.550661 0.273128 0.550661 0.268722 0.546256 0.264317 0.541850 0.264317 0.537445 0.268722 0.528634 0.268722 0.524229 0.264317 0.519824 0.264317 0.515419 0.259912 0.515419 0.246696 0.524229 0.237885 0.524229 0.233480
0 0.431718 0.220264 0.409692 0.220264 0.392070 0.237885 0.392070 0.246696 0.396476 0.251101 0.396476 0.259912 0.400881 0.264317 0.405286 0.264317 0.414097 0.273128 0.414097 0.286344 0.409692 0.290749 0.409692 0.303965 0.414097 0.308370 0.414097 0.321586 0.418502 0.325991 0.418502 0.334802 0.405286 0.348018 0.400881 0.348018 0.396476 0.352423 0.392070 0.352423 0.387665 0.356828 0.383260 0.356828 0.378855 0.361233 0.374449 0.361233 0.370044 0.365639 0.361233 0.365639 0.348018 0.378855 0.343612 0.378855 0.330396 0.392070 0.334802 0.396476 0.339207 0.396476 0.343612 0.400881 0.343612 0.405286 0.348018 0.409692 0.352423 0.409692 0.356828 0.414097 0.361233 0.414097 0.370044 0.405286 0.370044 0.396476 0.378855 0.387665 0.383260 0.387665 0.387665 0.383260 0.396476 0.383260 0.400881 0.378855 0.409692 0.378855 0.414097 0.374449 0.418502 0.374449 0.453745 0.339207 0.453745 0.325991 0.444934 0.317181 0.440529 0.317181 0.436123 0.312775 0.436123 0.299559 0.440529 0.295154 0.440529 0.273128 0.436123 0.268722 0.431718 0.268722 0.427313 0.264317 0.427313 0.255507 0.431718 0.251101 0.431718 0.246696 0.436123 0.242291 0.436123 0.237885 0.440529 0.233480 0.436123 0.229075 0.436123 0.224670
0 0.070485 0.237885 0.074890 0.242291 0.079295 0.237885 0.083700 0.242291 0.105727 0.242291 0.114537 0.233480 0.114537 0.229075 0.105727 0.220264 0.083700 0.220264 0.070485 0.233480
0 0.193833 0.198238 0.189427 0.198238 0.162996 0.224670 0.162996 0.233480 0.167401 0.237885 0.167401 0.246696 0.149780 0.264317 0.149780 0.268722 0.145374 0.273128 0.154185 0.281938 0.158590 0.277533 0.167401 0.277533 0.171806 0.273128 0.176211 0.273128 0.180617 0.268722 0.180617 0.255507 0.176211 0.251101 0.176211 0.237885 0.193833 0.220264 0.193833 0.215859 0.198238 0.211454 0.198238 0.202643
0 0.374449 0.180617 0.361233 0.180617 0.356828 0.185022 0.356828 0.189427 0.348018 0.198238 0.348018 0.207048 0.343612 0.211454 0.343612 0.224670 0.339207 0.229075 0.339207 0.233480 0.334802 0.237885 0.330396 0.237885 0.321586 0.246696 0.321586 0.251101 0.325991 0.255507 0.339207 0.255507 0.348018 0.246696 0.352423 0.246696 0.365639 0.233480 0.365639 0.207048 0.383260 0.189427
0 0.290749 0.180617 0.286344 0.176211 0.281938 0.180617 0.251101 0.180617 0.237885 0.193833 0.242291 0.198238 0.281938 0.198238 0.290749 0.189427
0 0.127753 0.132159 0.118943 0.123348 0.101322 0.123348 0.092511 0.132159 0.092511 0.136564 0.088106 0.140969 0.083700 0.140969 0.061674 0.162996 0.057269 0.162996 0.048458 0.171806 0.052863 0.176211 0.057269 0.176211 0.066079 0.167401 0.070485 0.167401 0.074890 0.162996 0.079295 0.162996 0.083700 0.167401 0.088106 0.167401 0.092511 0.171806 0.092511 0.180617 0.096916 0.185022 0.096916 0.189427 0.101322 0.193833 0.105727 0.193833 0.114537 0.185022 0.114537 0.171806 0.110132 0.167401 0.105727 0.167401 0.101322 0.162996 0.101322 0.149780 0.105727 0.145374 0.110132 0.145374 0.114537 0.140969 0.118943 0.140969
0 0.524229 0.123348 0.519824 0.118943 0.515419 0.123348 0.511013 0.123348 0.506608 0.127753 0.493392 0.127753 0.488987 0.132159 0.488987 0.140969 0.484582 0.145374 0.480176 0.145374 0.475771 0.149780 0.471366 0.149780 0.466960 0.154185 0.440529 0.154185 0.436123 0.158590 0.436123 0.171806 0.440529 0.176211 0.449339 0.176211 0.453745 0.171806 0.471366 0.171806 0.484582 0.158590 0.488987 0.158590 0.493392 0.154185 0.497797 0.154185 0.502203 0.158590 0.506608 0.158590 0.511013 0.162996 0.524229 0.149780 0.524229 0.145374 0.528634 0.140969 0.528634 0.136564 0.524229 0.132159
0 0.277533 0.118943 0.268722 0.110132 0.251101 0.110132 0.246696 0.114537 0.246696 0.118943 0.242291 0.123348 0.237885 0.123348 0.233480 0.127753 0.229075 0.127753 0.224670 0.132159 0.224670 0.136564 0.215859 0.145374 0.211454 0.145374 0.198238 0.158590 0.198238 0.162996 0.202643 0.167401 0.207048 0.162996 0.211454 0.167401 0.215859 0.167401 0.220264 0.171806 0.224670 0.171806 0.237885 0.158590 0.242291 0.158590 0.259912 0.140969 0.259912 0.132159 0.273128 0.118943
0 0.991189 0.101322 0.986784 0.105727 0.986784 0.132159 0.991189 0.136564 0.991189 0.162996 0.986784 0.167401 0.986784 0.171806 0.977974 0.180617 0.973568 0.180617 0.969163 0.185022 0.964758 0.185022 0.960352 0.189427 0.955947 0.189427 0.947137 0.198238 0.947137 0.215859 0.942731 0.220264 0.942731 0.255507 0.947137 0.259912 0.951542 0.255507 0.960352 0.255507 0.964758 0.259912 0.969163 0.259912 0.973568 0.264317 0.973568 0.268722 0.977974 0.273128 0.977974 0.277533 0.982379 0.281938 0.982379 0.286344 0.986784 0.290749 0.991189 0.286344 0.995595 0.286344 0.995595 0.277533 0.991189 0.273128 0.986784 0.273128 0.982379 0.268722 0.982379 0.259912 0.977974 0.255507 0.977974 0.251101 0.973568 0.246696 0.973568 0.229075 0.977974 0.224670 0.977974 0.215859 0.982379 0.211454 0.982379 0.207048 0.986784 0.202643 0.991189 0.202643 0.995595 0.198238 0.995595 0.105727
0 0.929515 0.096916 0.925110 0.096916 0.920705 0.101322 0.920705 0.105727 0.916300 0.110132 0.916300 0.127753 0.911894 0.132159 0.911894 0.136564 0.907489 0.140969 0.907489 0.145374 0.894273 0.158590 0.894273 0.162996 0.889868 0.167401 0.894273 0.171806 0.894273 0.180617 0.885463 0.189427 0.889868 0.193833 0.894273 0.189427 0.898678 0.189427 0.903084 0.185022 0.903084 0.180617 0.907489 0.176211 0.907489 0.171806 0.911894 0.167401 0.911894 0.162996 0.925110 0.149780 0.925110 0.140969 0.929515 0.136564 0.929515 0.132159 0.925110 0.127753 0.925110 0.118943 0.929515 0.114537 0.929515 0.105727 0.933921 0.101322
0 0.744493 0.101322 0.740088 0.096916 0.722467 0.114537 0.718062 0.114537 0.713656 0.118943 0.709251 0.114537 0.704846 0.114537 0.691630 0.101322 0.687225 0.105727 0.687225 0.118943 0.691630 0.123348 0.696035 0.123348 0.700441 0.118943 0.704846 0.118943 0.709251 0.114537 0.713656 0.118943 0.718062 0.118943 0.722467 0.123348 0.722467 0.132159 0.726872 0.136564 0.735683 0.127753 0.735683 0.123348 0.740088 0.118943 0.740088 0.114537 0.744493 0.110132
0 0.444934 0.070485 0.440529 0.074890 0.436123 0.074890 0.427313 0.083700 0.427313 0.088106 0.431718 0.092511 0.431718 0.101322 0.427313 0.105727 0.422908 0.105727 0.418502 0.110132 0.409692 0.110132 0.405286 0.105727 0.400881 0.105727 0.396476 0.101322 0.387665 0.110132 0.383260 0.110132 0.383260 0.118943 0.361233 0.140969 0.361233 0.145374 0.374449 0.158590 0.378855 0.158590 0.383260 0.154185 0.387665 0.154185 0.392070 0.149780 0.396476 0.149780 0.422908 0.123348 0.422908 0.118943 0.427313 0.114537 0.431718 0.114537 0.436123 0.110132 0.440529 0.114537 0.444934 0.114537 0.453745 0.105727 0.453745 0.092511 0.449339 0.088106 0.449339 0.074890
0 0.000000 0.127753 0.004405 0.127753 0.008811 0.132159 0.022026 0.132159 0.030837 0.123348 0.030837 0.118943 0.039648 0.110132 0.039648 0.105727 0.044053 0.101322 0.048458 0.101322 0.052863 0.096916 0.088106 0.096916 0.096916 0.088106 0.096916 0.083700 0.092511 0.079295 0.061674 0.079295 0.052863 0.088106 0.048458 0.088106 0.044053 0.092511 0.039648 0.092511 0.035242 0.088106 0.030837 0.088106 0.026432 0.083700 0.026432 0.079295 0.017621 0.070485 0.013216 0.070485 0.008811 0.066079 0.004405 0.070485 0.000000 0.070485
0 0.700441 0.013216 0.691630 0.017621 0.687225 0.026432 0.687225 0.035242 0.678414 0.044053 0.678414 0.057269 0.674009 0.061674 0.674009 0.070485 0.660793 0.079295 0.643172 0.070485 0.634361 0.079295 0.638767 0.088106 0.638767 0.105727 0.625551 0.123348 0.616740 0.127753 0.599119 0.114537 0.599119 0.092511 0.594714 0.088106 0.585903 0.088106 0.572687 0.101322 0.572687 0.110132 0.581498 0.114537 0.599119 0.132159 0.599119 0.162996 0.603524 0.167401 0.603524 0.180617 0.585903 0.193833 0.577093 0.189427 0.568282 0.193833 0.572687 0.202643 0.572687 0.215859 0.568282 0.220264 0.568282 0.233480 0.563877 0.237885 0.563877 0.246696 0.568282 0.251101 0.568282 0.264317 0.572687 0.264317 0.594714 0.281938 0.599119 0.277533 0.599119 0.259912 0.585903 0.242291 0.585903 0.220264 0.577093 0.211454 0.577093 0.202643 0.590308 0.193833 0.599119 0.198238 0.612335 0.211454 0.621145 0.211454 0.638767 0.224670 0.647577 0.224670 0.651982 0.229075 0.656388 0.224670 0.651982 0.215859 0.643172 0.215859 0.634361 0.211454 0.616740 0.185022 0.616740 0.140969 0.629956 0.132159 0.634361 0.136564 0.643172 0.136564 0.647577 0.132159 0.647577 0.101322 0.678414 0.083700 0.682819 0.088106 0.691630 0.079295 0.704846 0.052863 0.704846 0.030837 0.709251 0.026432 0.709251 0.022026
0 0.757709 0.008811 0.753304 0.008811 0.744493 0.017621 0.744493 0.026432 0.748899 0.030837 0.748899 0.035242 0.753304 0.039648 0.757709 0.035242 0.762115 0.035242 0.766520 0.030837 0.766520 0.017621
0 0.845815 0.000000 0.837004 0.000000 0.837004 0.017621 0.832599 0.022026 0.832599 0.039648 0.819383 0.052863 0.814978 0.052863 0.810573 0.057269 0.806167 0.052863 0.797357 0.061674 0.792952 0.074890 0.784141 0.083700 0.784141 0.088106 0.788546 0.092511 0.792952 0.088106 0.806167 0.096916 0.806167 0.114537 0.797357 0.123348 0.797357 0.127753 0.788546 0.136564 0.788546 0.140969 0.766520 0.158590 0.766520 0.162996 0.762115 0.167401 0.762115 0.171806 0.757709 0.176211 0.757709 0.180617 0.748899 0.193833 0.748899 0.207048 0.744493 0.211454 0.744493 0.233480 0.740088 0.237885 0.740088 0.246696 0.748899 0.255507 0.757709 0.242291 0.753304 0.237885 0.753304 0.229075 0.766520 0.220264 0.766520 0.215859 0.770925 0.211454 0.770925 0.198238 0.775330 0.193833 0.775330 0.189427 0.784141 0.180617 0.784141 0.171806 0.788546 0.167401 0.788546 0.158590 0.797357 0.149780 0.801762 0.149780 0.814978 0.136564 0.814978 0.127753 0.819383 0.123348 0.819383 0.118943 0.837004 0.096916 0.837004 0.083700 0.828194 0.074890 0.828194 0.066079 0.837004 0.052863 0.837004 0.044053 0.841410 0.039648 0.841410 0.035242 0.854626 0.026432 0.859031 0.030837 0.863436 0.030837 0.876652 0.039648 0.881057 0.035242 0.881057 0.022026 0.876652 0.017621 0.872247 0.022026 0.867841 0.017621 0.863436 0.022026 0.850220 0.017621 0.845815 0.013216
0 0.616740 0.000000 0.607930 0.000000 0.607930 0.013216 0.599119 0.022026 0.594714 0.022026 0.590308 0.026432 0.590308 0.039648 0.585903 0.044053 0.581498 0.044053 0.577093 0.048458 0.572687 0.048458 0.568282 0.052863 0.568282 0.057269 0.572687 0.061674 0.585903 0.048458 0.590308 0.048458 0.594714 0.044053 0.599119 0.048458 0.603524 0.044053 0.612335 0.044053 0.621145 0.035242 0.612335 0.026432 0.612335 0.013216 0.616740 0.008811
0 0.524229 0.000000 0.524229 0.004405 0.528634 0.008811 0.528634 0.035242 0.524229 0.039648 0.524229 0.044053 0.519824 0.048458 0.528634 0.057269 0.533040 0.057269 0.546256 0.044053 0.546256 0.030837 0.541850 0.026432 0.541850 0.022026 0.533040 0.013216 0.533040 0.000000
0 0.392070 0.000000 0.374449 0.000000 0.374449 0.013216 0.370044 0.017621 0.370044 0.022026 0.361233 0.030837 0.361233 0.035242 0.356828 0.039648 0.356828 0.044053 0.348018 0.052863 0.348018 0.074890 0.352423 0.079295 0.352423 0.092511 0.348018 0.096916 0.343612 0.096916 0.339207 0.101322 0.334802 0.101322 0.330396 0.105727 0.321586 0.105727 0.317181 0.110132 0.308370 0.110132 0.303965 0.114537 0.299559 0.114537 0.295154 0.118943 0.290749 0.118943 0.299559 0.127753 0.299559 0.136564 0.303965 0.140969 0.308370 0.140969 0.317181 0.132159 0.317181 0.127753 0.330396 0.114537 0.334802 0.114537 0.339207 0.110132 0.348018 0.110132 0.352423 0.105727 0.361233 0.105727 0.365639 0.101322 0.365639 0.088106 0.356828 0.079295 0.356828 0.070485 0.361233 0.066079 0.361233 0.061674 0.365639 0.057269 0.365639 0.052863 0.370044 0.048458 0.370044 0.044053 0.374449 0.039648 0.374449 0.022026 0.383260 0.013216 0.387665 0.013216 0.392070 0.008811
0 0.158590 0.000000 0.145374 0.000000 0.145374 0.008811 0.140969 0.013216 0.140969 0.035242 0.132159 0.044053 0.127753 0.044053 0.123348 0.048458 0.123348 0.052863 0.118943 0.057269 0.127753 0.066079 0.132159 0.066079 0.136564 0.061674 0.136564 0.057269 0.145374 0.048458 0.145374 0.039648 0.158590 0.026432
0 0.017621 0.000000 0.017621 0.013216 0.022026 0.017621 0.022026 0.022026 0.030837 0.030837 0.035242 0.030837 0.039648 0.035242 0.039648 0.044053 0.035242 0.048458 0.039648 0.052863 0.044053 0.048458 0.039648 0.044053 0.039648 0.035242 0.044053 0.030837 0.044053 0.022026 0.048458 0.017621 0.044053 0.013216 0.039648 0.013216 0.030837 0.004405 0.030837 0.000000
