0 0.524229 0.964758 0.506608 0.982379 0.506608 0.986784 0.502203 0.991189 0.502203 0.995595 0.528634 0.995595 0.528634 0.986784 0.533040 0.982379 0.528634 0.977974 0.528634 0.969163
0 0.145374 0.964758 0.154185 0.973568 0.158590 0.973568 0.171806 0.986784 0.171806 0.995595 0.185022 0.995595 0.185022 0.977974 0.176211 0.969163 0.171806 0.973568 0.167401 0.969163 0.162996 0.969163 0.158590 0.964758 0.154185 0.964758 0.149780 0.960352
0 0.850220 0.955947 0.854626 0.960352 0.854626 0.964758 0.863436 0.973568 0.885463 0.973568 0.889868 0.969163 0.889868 0.964758 0.885463 0.960352 0.881057 0.960352 0.876652 0.955947 0.872247 0.955947 0.863436 0.947137 0.859031 0.947137
0 0.823789 0.938326 0.814978 0.929515 0.810573 0.933921 0.806167 0.929515 0.797357 0.929515 0.792952 0.925110 0.788546 0.925110 0.784141 0.920705 0.775330 0.929515 0.775330 0.938326 0.770925 0.942731 0.766520 0.942731 0.762115 0.947137 0.762115 0.955947 0.766520 0.960352 0.770925 0.960352 0.779736 0.951542 0.779736 0.947137 0.784141 0.942731 0.788546 0.942731 0.792952 0.938326 0.801762 0.938326 0.806167 0.942731 0.810573 0.942731 0.814978 0.947137
0 0.022026 0.929515 0.026432 0.933921 0.030837 0.933921 0.035242 0.938326 0.039648 0.938326 0.044053 0.942731 0.048458 0.942731 0.057269 0.933921 0.057269 0.929515 0.052863 0.925110 0.052863 0.920705 0.048458 0.916300 0.039648 0.916300 0.035242 0.920705 0.030837 0.920705
0 0.264317 0.916300 0.255507 0.907489 0.233480 0.907489 0.229075 0.911894 0.229075 0.920705 0.224670 0.925110 0.220264 0.925110 0.215859 0.929515 0.211454 0.929515 0.202643 0.938326 0.207048 0.942731 0.220264 0.942731 0.224670 0.938326 0.224670 0.933921 0.233480 0.925110 0.237885 0.925110 0.242291 0.920705 0.246696 0.925110 0.255507 0.925110
0 0.933921 0.867841 0.929515 0.872247 0.929515 0.876652 0.925110 0.881057 0.925110 0.889868 0.911894 0.903084 0.916300 0.907489 0.920705 0.907489 0.925110 0.911894 0.929515 0.911894 0.938326 0.920705 0.942731 0.920705 0.947137 0.925110 0.955947 0.925110 0.960352 0.929515 0.969163 0.929515 0.973568 0.925110 0.969163 0.920705 0.969163 0.916300 0.964758 0.911894 0.960352 0.911894 0.955947 0.907489 0.942731 0.907489 0.938326 0.903084 0.933921 0.903084 0.929515 0.898678 0.929515 0.889868 0.938326 0.881057 0.938326 0.872247
0 0.277533 0.872247 0.277533 0.876652 0.286344 0.885463 0.290749 0.885463 0.295154 0.889868 0.303965 0.889868 0.312775 0.881057 0.312775 0.867841 0.308370 0.863436 0.290749 0.863436 0.286344 0.867841 0.281938 0.867841
0 0.193833 0.819383 0.189427 0.823789 0.189427 0.841410 0.193833 0.845815 0.198238 0.845815 0.207048 0.854626 0.207048 0.867841 0.202643 0.872247 0.202643 0.894273 0.198238 0.898678 0.202643 0.903084 0.211454 0.894273 0.211454 0.889868 0.215859 0.885463 0.215859 0.881057 0.233480 0.863436 0.233480 0.859031 0.229075 0.854626 0.224670 0.854626 0.220264 0.850220 0.215859 0.850220 0.211454 0.845815 0.211454 0.837004 0.207048 0.832599 0.207048 0.828194 0.202643 0.823789 0.198238 0.823789
0 0.035242 0.814978 0.030837 0.819383 0.030837 0.837004 0.035242 0.841410 0.044053 0.841410 0.048458 0.845815 0.057269 0.837004 0.057269 0.823789 0.048458 0.814978
0 0.806167 0.806167 0.801762 0.801762 0.788546 0.801762 0.784141 0.806167 0.779736 0.806167 0.766520 0.819383 0.766520 0.823789 0.770925 0.828194 0.775330 0.823789 0.779736 0.823789 0.784141 0.828194 0.788546 0.823789 0.801762 0.823789 0.806167 0.819383
0 0.960352 0.797357 0.947137 0.810573 0.947137 0.841410 0.942731 0.845815 0.947137 0.850220 0.955947 0.850220 0.960352 0.845815 0.960352 0.823789 0.964758 0.819383 0.964758 0.814978 0.969163 0.810573 0.969163 0.806167
0 0.704846 0.726872 0.700441 0.731278 0.696035 0.731278 0.691630 0.735683 0.687225 0.735683 0.678414 0.744493 0.678414 0.748899 0.674009 0.753304 0.674009 0.757709 0.665198 0.766520 0.665198 0.770925 0.643172 0.792952 0.643172 0.797357 0.647577 0.801762 0.651982 0.801762 0.660793 0.792952 0.665198 0.792952 0.669604 0.788546 0.669604 0.770925 0.678414 0.762115 0.678414 0.757709 0.687225 0.748899 0.691630 0.748899 0.709251 0.731278
0 0.000000 0.726872 0.000000 0.740088 0.004405 0.740088 0.008811 0.744493 0.013216 0.744493 0.022026 0.753304 0.035242 0.753304 0.044053 0.744493 0.039648 0.740088 0.035242 0.740088 0.030837 0.735683 0.022026 0.735683 0.017621 0.731278 0.013216 0.731278 0.008811 0.726872
0 0.453745 0.713656 0.444934 0.713656 0.440529 0.718062 0.431718 0.718062 0.427313 0.713656 0.405286 0.713656 0.396476 0.722467 0.405286 0.735683 0.427313 0.726872 0.440529 0.731278 0.453745 0.766520 0.471366 0.788546 0.466960 0.832599 0.453745 0.845815 0.453745 0.872247 0.449339 0.876652 0.458150 0.894273 0.458150 0.903084 0.449339 0.911894 0.427313 0.920705 0.418502 0.938326 0.422908 0.942731 0.431718 0.938326 0.444934 0.942731 0.449339 0.947137 0.449339 0.955947 0.436123 0.964758 0.427313 0.964758 0.414097 0.977974 0.414097 0.995595 0.427313 0.995595 0.427313 0.991189 0.449339 0.973568 0.449339 0.955947 0.471366 0.942731 0.484582 0.942731 0.497797 0.933921 0.519824 0.938326 0.555066 0.911894 0.563877 0.916300 0.568282 0.911894 0.577093 0.911894 0.603524 0.876652 0.590308 0.863436 0.590308 0.854626 0.603524 0.845815 0.603524 0.837004 0.607930 0.832599 0.594714 0.823789 0.594714 0.814978 0.603524 0.810573 0.616740 0.792952 0.612335 0.784141 0.577093 0.814978 0.572687 0.823789 0.572687 0.872247 0.563877 0.885463 0.537445 0.903084 0.528634 0.898678 0.493392 0.925110 0.480176 0.929515 0.466960 0.920705 0.466960 0.911894 0.471366 0.907489 0.471366 0.854626 0.466960 0.850220 0.466960 0.837004 0.484582 0.823789 0.484582 0.792952 0.462555 0.740088 0.462555 0.718062
0 0.599119 0.700441 0.594714 0.700441 0.572687 0.722467 0.572687 0.726872 0.568282 0.731278 0.568282 0.735683 0.550661 0.753304 0.555066 0.757709 0.555066 0.766520 0.559471 0.770925 0.568282 0.770925 0.572687 0.766520 0.572687 0.762115 0.568282 0.757709 0.568282 0.748899 0.572687 0.744493 0.577093 0.744493 0.581498 0.740088 0.585903 0.744493 0.590308 0.744493 0.594714 0.748899 0.599119 0.744493 0.599119 0.726872 0.594714 0.722467 0.594714 0.713656 0.603524 0.704846
0 0.911894 0.691630 0.903084 0.682819 0.889868 0.682819 0.881057 0.691630 0.881057 0.696035 0.863436 0.713656 0.863436 0.718062 0.867841 0.722467 0.876652 0.722467 0.885463 0.713656 0.889868 0.713656 0.894273 0.709251 0.898678 0.709251 0.907489 0.700441 0.907489 0.696035
0 0.365639 0.674009 0.361233 0.678414 0.361233 0.682819 0.356828 0.687225 0.356828 0.704846 0.361233 0.709251 0.365639 0.709251 0.378855 0.696035 0.374449 0.691630 0.374449 0.682819
0 0.136564 0.669604 0.132159 0.669604 0.127753 0.674009 0.127753 0.687225 0.123348 0.691630 0.123348 0.700441 0.118943 0.704846 0.118943 0.709251 0.114537 0.713656 0.123348 0.722467 0.127753 0.718062 0.132159 0.718062 0.136564 0.713656 0.136564 0.704846 0.145374 0.696035 0.145374 0.682819 0.140969 0.678414 0.140969 0.674009
0 0.000000 0.669604 0.000000 0.678414 0.004405 0.678414 0.008811 0.682819 0.013216 0.682819 0.017621 0.687225 0.017621 0.691630 0.030837 0.704846 0.035242 0.704846 0.039648 0.700441 0.039648 0.691630 0.035242 0.687225 0.030837 0.687225 0.026432 0.682819 0.022026 0.682819 0.017621 0.678414 0.017621 0.674009 0.013216 0.669604
0 0.550661 0.643172 0.546256 0.638767 0.541850 0.638767 0.537445 0.643172 0.528634 0.643172 0.524229 0.647577 0.519824 0.643172 0.515419 0.647577 0.511013 0.647577 0.502203 0.656388 0.497797 0.656388 0.488987 0.665198 0.493392 0.669604 0.519824 0.669604 0.524229 0.665198 0.528634 0.665198 0.537445 0.656388 0.537445 0.651982 0.541850 0.647577 0.546256 0.647577
0 0.607930 0.612335 0.590308 0.629956 0.603524 0.643172 0.603524 0.651982 0.599119 0.656388 0.594714 0.656388 0.590308 0.660793 0.585903 0.660793 0.581498 0.665198 0.577093 0.665198 0.572687 0.669604 0.581498 0.678414 0.585903 0.678414 0.590308 0.674009 0.594714 0.674009 0.607930 0.660793 0.603524 0.656388 0.603524 0.647577 0.612335 0.638767 0.612335 0.629956 0.616740 0.625551 0.612335 0.621145 0.612335 0.616740
0 0.973568 0.612335 0.964758 0.603524 0.960352 0.603524 0.955947 0.607930 0.951542 0.607930 0.947137 0.612335 0.942731 0.612335 0.938326 0.616740 0.933921 0.612335 0.929515 0.612335 0.916300 0.625551 0.911894 0.625551 0.907489 0.629956 0.903084 0.629956 0.898678 0.634361 0.894273 0.634361 0.889868 0.638767 0.881057 0.638767 0.876652 0.643172 0.876652 0.651982 0.881057 0.656388 0.898678 0.638767 0.903084 0.638767 0.907489 0.634361 0.911894 0.634361 0.916300 0.629956 0.920705 0.629956 0.925110 0.634361 0.929515 0.634361 0.933921 0.638767 0.942731 0.638767 0.947137 0.634361 0.960352 0.634361 0.964758 0.629956 0.969163 0.629956 0.973568 0.625551
0 0.295154 0.590308 0.290749 0.594714 0.290749 0.599119 0.286344 0.603524 0.286344 0.607930 0.290749 0.612335 0.290749 0.616740 0.295154 0.621145 0.299559 0.621145 0.303965 0.625551 0.308370 0.625551 0.317181 0.634361 0.317181 0.643172 0.321586 0.647577 0.321586 0.651982 0.325991 0.656388 0.339207 0.643172 0.339207 0.634361 0.334802 0.629956 0.321586 0.629956 0.317181 0.625551 0.312775 0.625551 0.308370 0.621145 0.308370 0.607930 0.312775 0.603524 0.312775 0.599119 0.317181 0.594714 0.321586 0.594714 0.317181 0.594714 0.312775 0.590308
0 0.145374 0.616740 0.149780 0.616740 0.154185 0.621145 0.158590 0.616740 0.162996 0.616740 0.167401 0.612335 0.176211 0.612335 0.180617 0.607930 0.211454 0.607930 0.215859 0.612335 0.220264 0.612335 0.229075 0.621145 0.233480 0.616740 0.233480 0.607930 0.237885 0.603524 0.237885 0.599119 0.233480 0.594714 0.229075 0.594714 0.224670 0.599119 0.220264 0.599119 0.215859 0.594714 0.193833 0.594714 0.189427 0.599119 0.180617 0.599119 0.176211 0.594714 0.171806 0.594714 0.167401 0.590308 0.162996 0.590308 0.154185 0.599119 0.154185 0.607930
0 0.136564 0.550661 0.132159 0.546256 0.127753 0.546256 0.123348 0.541850 0.118943 0.541850 0.114537 0.546256 0.110132 0.546256 0.101322 0.555066 0.101322 0.563877 0.083700 0.581498 0.079295 0.581498 0.074890 0.585903 0.079295 0.590308 0.088106 0.581498 0.092511 0.581498 0.096916 0.577093 0.101322 0.577093 0.110132 0.568282 0.114537 0.568282 0.132159 0.550661
0 0.977974 0.546256 0.969163 0.537445 0.964758 0.537445 0.955947 0.546256 0.951542 0.546256 0.947137 0.550661 0.942731 0.550661 0.938326 0.546256 0.933921 0.550661 0.929515 0.550661 0.925110 0.555066 0.920705 0.555066 0.911894 0.563877 0.911894 0.568282 0.916300 0.572687 0.920705 0.572687 0.925110 0.577093 0.929515 0.577093 0.947137 0.559471 0.951542 0.559471 0.955947 0.555066 0.960352 0.559471 0.964758 0.555066 0.969163 0.555066
0 0.810573 0.537445 0.806167 0.537445 0.797357 0.546256 0.797357 0.577093 0.792952 0.581498 0.792952 0.585903 0.788546 0.590308 0.788546 0.599119 0.784141 0.603524 0.788546 0.607930 0.788546 0.629956 0.797357 0.638767 0.801762 0.634361 0.801762 0.612335 0.806167 0.607930 0.806167 0.603524 0.810573 0.599119 0.810573 0.581498 0.806167 0.577093 0.806167 0.568282 0.810573 0.563877 0.810573 0.555066 0.814978 0.550661 0.814978 0.541850
0 0.599119 0.533040 0.590308 0.541850 0.590308 0.546256 0.585903 0.550661 0.585903 0.563877 0.594714 0.572687 0.599119 0.568282 0.599119 0.555066 0.607930 0.546256 0.607930 0.541850
0 0.691630 0.515419 0.687225 0.519824 0.682819 0.519824 0.678414 0.524229 0.674009 0.524229 0.665198 0.533040 0.665198 0.537445 0.660793 0.541850 0.660793 0.546256 0.638767 0.568282 0.634361 0.568282 0.629956 0.572687 0.621145 0.572687 0.616740 0.577093 0.616740 0.585903 0.621145 0.590308 0.621145 0.594714 0.625551 0.599119 0.629956 0.599119 0.647577 0.581498 0.651982 0.581498 0.660793 0.572687 0.660793 0.568282 0.665198 0.563877 0.665198 0.559471 0.669604 0.555066 0.674009 0.555066 0.678414 0.550661 0.687225 0.550661 0.696035 0.541850 0.691630 0.537445 0.691630 0.524229 0.696035 0.519824
0 0.383260 0.519824 0.383260 0.533040 0.387665 0.537445 0.392070 0.537445 0.409692 0.555066 0.440529 0.555066 0.444934 0.559471 0.449339 0.559471 0.453745 0.563877 0.453745 0.568282 0.458150 0.572687 0.462555 0.572687 0.466960 0.568282 0.466960 0.563877 0.462555 0.559471 0.462555 0.555066 0.449339 0.541850 0.444934 0.541850 0.440529 0.537445 0.436123 0.537445 0.431718 0.541850 0.427313 0.541850 0.422908 0.537445 0.418502 0.537445 0.414097 0.533040 0.409692 0.533040 0.405286 0.528634 0.405286 0.519824 0.400881 0.515419 0.387665 0.515419
0 0.502203 0.488987 0.493392 0.497797 0.493392 0.502203 0.497797 0.506608 0.502203 0.506608 0.511013 0.515419 0.511013 0.519824 0.519824 0.528634 0.524229 0.524229 0.524229 0.511013 0.528634 0.506608 0.519824 0.497797 0.515419 0.497797 0.506608 0.488987
0 0.061674 0.480176 0.052863 0.488987 0.052863 0.511013 0.048458 0.515419 0.048458 0.519824 0.061674 0.533040 0.061674 0.541850 0.066079 0.546256 0.070485 0.546256 0.074890 0.541850 0.074890 0.537445 0.066079 0.528634 0.066079 0.511013 0.074890 0.502203 0.074890 0.488987 0.066079 0.480176
0 0.325991 0.436123 0.321586 0.431718 0.312775 0.431718 0.308370 0.436123 0.303965 0.436123 0.299559 0.440529 0.286344 0.440529 0.268722 0.458150 0.264317 0.458150 0.255507 0.466960 0.259912 0.471366 0.277533 0.471366 0.295154 0.453745 0.299559 0.453745 0.303965 0.449339 0.317181 0.449339 0.325991 0.440529
0 0.995595 0.427313 0.969163 0.427313 0.955947 0.436123 0.951542 0.431718 0.925110 0.453745 0.920705 0.471366 0.907489 0.484582 0.885463 0.493392 0.854626 0.519824 0.845815 0.541850 0.845815 0.577093 0.859031 0.612335 0.841410 0.647577 0.806167 0.674009 0.770925 0.726872 0.762115 0.731278 0.748899 0.722467 0.740088 0.731278 0.753304 0.744493 0.753304 0.753304 0.704846 0.828194 0.700441 0.841410 0.709251 0.854626 0.704846 0.885463 0.687225 0.907489 0.678414 0.911894 0.669604 0.907489 0.651982 0.925110 0.603524 0.951542 0.594714 0.964758 0.599119 0.977974 0.634361 0.942731 0.669604 0.925110 0.678414 0.929515 0.691630 0.925110 0.704846 0.933921 0.704846 0.960352 0.696035 0.969163 0.709251 0.973568 0.713656 0.951542 0.726872 0.933921 0.726872 0.920705 0.748899 0.898678 0.766520 0.894273 0.779736 0.881057 0.779736 0.867841 0.770925 0.859031 0.731278 0.894273 0.731278 0.916300 0.713656 0.929515 0.700441 0.925110 0.696035 0.911894 0.713656 0.894273 0.718062 0.876652 0.713656 0.832599 0.797357 0.700441 0.819383 0.674009 0.850220 0.651982 0.850220 0.643172 0.859031 0.638767 0.859031 0.625551 0.876652 0.607930 0.903084 0.594714 0.889868 0.581498 0.867841 0.585903 0.854626 0.577093 0.859031 0.528634 0.889868 0.502203 0.916300 0.493392 0.929515 0.466960 0.955947 0.444934 0.977974 0.458150 0.995595 0.458150
0 0.854626 0.427313 0.845815 0.436123 0.845815 0.449339 0.828194 0.466960 0.828194 0.471366 0.832599 0.475771 0.832599 0.480176 0.837004 0.484582 0.841410 0.484582 0.845815 0.480176 0.845815 0.466960 0.850220 0.462555 0.850220 0.458150 0.854626 0.453745 0.854626 0.444934 0.859031 0.440529 0.859031 0.431718
0 0.660793 0.405286 0.656388 0.400881 0.643172 0.400881 0.638767 0.405286 0.638767 0.418502 0.625551 0.431718 0.621145 0.431718 0.612335 0.440529 0.607930 0.440529 0.603524 0.444934 0.599119 0.444934 0.594714 0.449339 0.599119 0.453745 0.603524 0.453745 0.607930 0.449339 0.612335 0.453745 0.616740 0.453745 0.629956 0.440529 0.634361 0.440529 0.638767 0.436123 0.643172 0.440529 0.651982 0.431718 0.651982 0.427313 0.656388 0.422908 0.656388 0.414097 0.660793 0.409692
0 0.114537 0.400881 0.110132 0.396476 0.105727 0.396476 0.101322 0.392070 0.096916 0.396476 0.092511 0.396476 0.088106 0.400881 0.079295 0.400881 0.074890 0.405286 0.074890 0.414097 0.070485 0.418502 0.066079 0.418502 0.061674 0.422908 0.057269 0.422908 0.052863 0.427313 0.052863 0.431718 0.057269 0.436123 0.070485 0.436123 0.083700 0.422908 0.088106 0.422908 0.092511 0.418502 0.096916 0.418502 0.101322 0.414097 0.105727 0.414097 0.114537 0.405286
0 0.281938 0.387665 0.281938 0.392070 0.286344 0.396476 0.286344 0.400881 0.290749 0.405286 0.308370 0.405286 0.312775 0.400881 0.312775 0.396476 0.303965 0.387665 0.299559 0.387665 0.295154 0.383260 0.286344 0.383260
0 0.555066 0.378855 0.550661 0.383260 0.555066 0.387665 0.559471 0.387665 0.563877 0.392070 0.568282 0.392070 0.572687 0.396476 0.572687 0.400881 0.577093 0.405286 0.577093 0.414097 0.572687 0.418502 0.568282 0.418502 0.563877 0.422908 0.563877 0.427313 0.568282 0.431718 0.577093 0.431718 0.581498 0.427313 0.581498 0.414097 0.590308 0.405286 0.590308 0.392070 0.585903 0.387665 0.577093 0.387665 0.572687 0.383260 0.568282 0.383260 0.563877 0.378855
0 0.801762 0.348018 0.792952 0.356828 0.788546 0.356828 0.784141 0.361233 0.779736 0.361233 0.775330 0.365639 0.775330 0.370044 0.770925 0.374449 0.770925 0.392070 0.766520 0.396476 0.766520 0.436123 0.748899 0.453745 0.744493 0.453745 0.740088 0.458150 0.735683 0.458150 0.731278 0.453745 0.722467 0.453745 0.718062 0.449339 0.713656 0.449339 0.709251 0.444934 0.709251 0.440529 0.704846 0.436123 0.700441 0.440529 0.704846 0.444934 0.709251 0.444934 0.713656 0.449339 0.713656 0.458150 0.696035 0.475771 0.700441 0.480176 0.704846 0.480176 0.713656 0.471366 0.718062 0.471366 0.722467 0.466960 0.731278 0.466960 0.735683 0.471366 0.740088 0.466960 0.744493 0.466960 0.748899 0.462555 0.753304 0.462555 0.779736 0.436123 0.784141 0.436123 0.788546 0.431718 0.792952 0.431718 0.797357 0.436123 0.801762 0.431718 0.810573 0.431718 0.814978 0.427313 0.814978 0.418502 0.810573 0.414097 0.806167 0.418502 0.801762 0.418502 0.797357 0.422908 0.792952 0.422908 0.788546 0.418502 0.784141 0.418502 0.779736 0.414097 0.779736 0.409692 0.775330 0.405286 0.775330 0.396476 0.779736 0.392070 0.779736 0.378855 0.792952 0.365639 0.797357 0.365639 0.806167 0.356828 0.806167 0.352423
0 0.660793 0.361233 0.660793 0.365639 0.665198 0.370044 0.687225 0.370044 0.696035 0.361233 0.696035 0.356828 0.691630 0.352423 0.687225 0.352423 0.682819 0.348018 0.674009 0.348018
0 0.995595 0.325991 0.986784 0.325991 0.964758 0.348018 0.960352 0.348018 0.955947 0.352423 0.951542 0.352423 0.947137 0.356828 0.942731 0.356828 0.929515 0.370044 0.933921 0.374449 0.938326 0.374449 0.942731 0.370044 0.947137 0.370044 0.951542 0.365639 0.955947 0.365639 0.960352 0.361233 0.964758 0.361233 0.969163 0.356828 0.977974 0.356828 0.982379 0.352423 0.986784 0.352423 0.991189 0.348018 0.995595 0.348018
0 0.277533 0.312775 0.277533 0.317181 0.281938 0.321586 0.286344 0.317181 0.290749 0.321586 0.295154 0.321586 0.299559 0.325991 0.303965 0.325991 0.308370 0.330396 0.312775 0.330396 0.317181 0.334802 0.321586 0.334802 0.330396 0.343612 0.339207 0.343612 0.343612 0.348018 0.348018 0.348018 0.356828 0.356828 0.356828 0.361233 0.378855 0.383260 0.387665 0.374449 0.387665 0.370044 0.383260 0.365639 0.383260 0.361233 0.365639 0.343612 0.361233 0.348018 0.356828 0.343612 0.352423 0.343612 0.339207 0.330396 0.334802 0.330396 0.330396 0.325991 0.325991 0.330396 0.321586 0.325991 0.317181 0.325991 0.312775 0.321586 0.312775 0.312775 0.303965 0.303965 0.299559 0.303965 0.295154 0.308370 0.281938 0.308370
0 0.599119 0.290749 0.594714 0.290749 0.590308 0.295154 0.585903 0.295154 0.581498 0.299559 0.577093 0.299559 0.568282 0.308370 0.568282 0.325991 0.563877 0.330396 0.559471 0.330396 0.555066 0.334802 0.541850 0.334802 0.533040 0.343612 0.533040 0.348018 0.524229 0.356828 0.519824 0.356828 0.515419 0.361233 0.511013 0.361233 0.488987 0.383260 0.488987 0.387665 0.484582 0.392070 0.497797 0.405286 0.511013 0.392070 0.511013 0.383260 0.515419 0.378855 0.519824 0.378855 0.524229 0.374449 0.528634 0.374449 0.533040 0.370044 0.533040 0.361233 0.537445 0.356828 0.541850 0.356828 0.546256 0.352423 0.550661 0.352423 0.555066 0.348018 0.559471 0.348018 0.563877 0.343612 0.563877 0.334802 0.572687 0.325991 0.577093 0.325991 0.594714 0.308370 0.599119 0.308370 0.603524 0.303965 0.603524 0.295154
0 0.123348 0.286344 0.127753 0.290749 0.154185 0.290749 0.158590 0.295154 0.162996 0.295154 0.167401 0.299559 0.171806 0.295154 0.171806 0.290749 0.167401 0.286344 0.162996 0.290749 0.158590 0.286344 0.154185 0.286344 0.149780 0.281938 0.149780 0.277533 0.145374 0.273128 0.132159 0.273128 0.127753 0.277533 0.127753 0.281938
0 0.647577 0.264317 0.656388 0.273128 0.660793 0.273128 0.665198 0.277533 0.669604 0.277533 0.678414 0.286344 0.678414 0.290749 0.682819 0.295154 0.700441 0.295154 0.704846 0.290749 0.691630 0.277533 0.691630 0.273128 0.682819 0.264317 0.678414 0.264317 0.674009 0.259912 0.665198 0.259912 0.660793 0.255507 0.656388 0.255507
0 0.960352 0.246696 0.955947 0.246696 0.951542 0.251101 0.942731 0.251101 0.938326 0.255507 0.929515 0.255507 0.911894 0.273128 0.911894 0.281938 0.903084 0.290749 0.898678 0.290749 0.889868 0.299559 0.885463 0.299559 0.881057 0.303965 0.881057 0.308370 0.872247 0.317181 0.872247 0.330396 0.863436 0.339207 0.863436 0.343612 0.859031 0.348018 0.859031 0.352423 0.863436 0.356828 0.863436 0.365639 0.859031 0.370044 0.859031 0.374449 0.850220 0.383260 0.850220 0.392070 0.854626 0.396476 0.859031 0.396476 0.863436 0.400881 0.867841 0.396476 0.872247 0.396476 0.881057 0.387665 0.881057 0.334802 0.885463 0.330396 0.885463 0.325991 0.898678 0.312775 0.903084 0.312775 0.925110 0.290749 0.925110 0.286344 0.929515 0.281938 0.933921 0.281938 0.942731 0.273128 0.947137 0.273128 0.951542 0.268722 0.951542 0.264317 0.964758 0.251101
0 0.643172 0.229075 0.638767 0.224670 0.629956 0.224670 0.625551 0.229075 0.621145 0.229075 0.616740 0.233480 0.612335 0.233480 0.607930 0.237885 0.603524 0.237885 0.599119 0.242291 0.599119 0.246696 0.603524 0.251101 0.616740 0.251101 0.621145 0.246696 0.629956 0.246696 0.634361 0.242291 0.634361 0.237885
0 0.506608 0.224670 0.493392 0.237885 0.493392 0.242291 0.488987 0.246696 0.488987 0.251101 0.484582 0.255507 0.484582 0.259912 0.480176 0.264317 0.484582 0.268722 0.488987 0.268722 0.493392 0.273128 0.497797 0.268722 0.497797 0.251101 0.506608 0.242291 0.511013 0.242291 0.519824 0.233480 0.515419 0.229075 0.511013 0.229075
0 0.251101 0.264317 0.255507 0.268722 0.259912 0.264317 0.264317 0.264317 0.273128 0.255507 0.273128 0.251101 0.281938 0.242291 0.286344 0.242291 0.290749 0.237885 0.295154 0.237885 0.299559 0.242291 0.303965 0.242291 0.308370 0.246696 0.308370 0.255507 0.299559 0.264317 0.303965 0.268722 0.303965 0.273128 0.308370 0.277533 0.312775 0.273128 0.312775 0.268722 0.317181 0.264317 0.321586 0.264317 0.330396 0.255507 0.325991 0.251101 0.321586 0.251101 0.317181 0.246696 0.317181 0.233480 0.312775 0.229075 0.308370 0.229075 0.303965 0.233480 0.295154 0.233480 0.290749 0.229075 0.286344 0.229075 0.281938 0.224670 0.268722 0.224670 0.264317 0.229075 0.264317 0.251101
0 0.101322 0.211454 0.079295 0.189427 0.074890 0.193833 0.074890 0.211454 0.061674 0.224670 0.057269 0.224670 0.052863 0.229075 0.048458 0.224670 0.044053 0.224670 0.035242 0.215859 0.013216 0.215859 0.008811 0.220264 0.004405 0.220264 0.000000 0.224670 0.000000 0.233480 0.008811 0.233480 0.013216 0.229075 0.017621 0.229075 0.022026 0.233480 0.026432 0.233480 0.039648 0.246696 0.044053 0.246696 0.048458 0.251101 0.057269 0.242291 0.061674 0.242291 0.066079 0.237885 0.070485 0.237885 0.088106 0.220264 0.092511 0.220264
0 0.237885 0.193833 0.233480 0.189427 0.233480 0.185022 0.229075 0.180617 0.220264 0.189427 0.215859 0.189427 0.211454 0.193833 0.207048 0.193833 0.202643 0.198238 0.198238 0.193833 0.189427 0.193833 0.180617 0.202643 0.189427 0.211454 0.198238 0.211454 0.202643 0.207048 0.207048 0.211454 0.220264 0.211454
0 0.964758 0.176211 0.960352 0.171806 0.951542 0.180617 0.947137 0.180617 0.916300 0.211454 0.916300 0.215859 0.911894 0.220264 0.907489 0.220264 0.898678 0.229075 0.894273 0.229075 0.889868 0.233480 0.894273 0.237885 0.903084 0.237885 0.911894 0.229075 0.916300 0.229075 0.925110 0.220264 0.925110 0.215859 0.951542 0.189427 0.955947 0.189427 0.964758 0.180617
0 0.422908 0.167401 0.418502 0.167401 0.414097 0.171806 0.414097 0.185022 0.418502 0.189427 0.418502 0.207048 0.414097 0.211454 0.414097 0.242291 0.405286 0.251101 0.400881 0.251101 0.392070 0.259912 0.392070 0.268722 0.396476 0.273128 0.400881 0.268722 0.414097 0.268722 0.427313 0.255507 0.427313 0.224670 0.444934 0.207048 0.431718 0.193833 0.431718 0.185022 0.427313 0.180617 0.427313 0.171806
0 0.669604 0.171806 0.660793 0.162996 0.651982 0.162996 0.634361 0.180617 0.629956 0.180617 0.625551 0.185022 0.621145 0.180617 0.607930 0.180617 0.603524 0.185022 0.594714 0.185022 0.585903 0.193833 0.585903 0.198238 0.581498 0.202643 0.577093 0.202643 0.568282 0.211454 0.572687 0.215859 0.577093 0.215859 0.581498 0.211454 0.581498 0.207048 0.585903 0.202643 0.590308 0.202643 0.594714 0.198238 0.603524 0.198238 0.607930 0.193833 0.612335 0.193833 0.616740 0.189427 0.621145 0.189427 0.625551 0.185022 0.629956 0.185022 0.634361 0.180617 0.638767 0.185022 0.643172 0.180617 0.647577 0.185022 0.660793 0.185022 0.669604 0.176211
0 0.784141 0.132159 0.779736 0.127753 0.775330 0.127753 0.770925 0.132159 0.770925 0.145374 0.766520 0.149780 0.766520 0.154185 0.762115 0.158590 0.757709 0.158590 0.753304 0.162996 0.713656 0.162996 0.709251 0.158590 0.704846 0.162996 0.718062 0.176211 0.722467 0.176211 0.726872 0.180617 0.748899 0.180617 0.757709 0.171806 0.762115 0.171806 0.766520 0.167401 0.770925 0.167401 0.784141 0.154185
0 0.925110 0.132159 0.925110 0.136564 0.933921 0.145374 0.955947 0.145374 0.960352 0.140969 0.960352 0.127753 0.955947 0.123348 0.951542 0.123348 0.947137 0.118943 0.938326 0.118943
0 0.735683 0.118943 0.731278 0.114537 0.726872 0.114537 0.722467 0.118943 0.718062 0.114537 0.713656 0.114537 0.709251 0.118943 0.704846 0.118943 0.700441 0.123348 0.700441 0.127753 0.696035 0.132159 0.704846 0.140969 0.709251 0.140969 0.713656 0.136564 0.722467 0.136564 0.735683 0.123348
0 0.074890 0.096916 0.079295 0.101322 0.083700 0.096916 0.092511 0.096916 0.096916 0.092511 0.101322 0.092511 0.105727 0.096916 0.110132 0.096916 0.114537 0.101322 0.118943 0.101322 0.123348 0.105727 0.136564 0.105727 0.140969 0.101322 0.127753 0.088106 0.114537 0.088106 0.110132 0.092511 0.096916 0.092511 0.092511 0.088106 0.088106 0.092511 0.079295 0.092511
0 0.634361 0.083700 0.629956 0.079295 0.625551 0.079295 0.621145 0.074890 0.616740 0.074890 0.612335 0.079295 0.607930 0.079295 0.603524 0.083700 0.581498 0.083700 0.572687 0.092511 0.581498 0.101322 0.594714 0.101322 0.603524 0.092511 0.607930 0.092511 0.612335 0.088106 0.629956 0.088106
0 0.268722 0.052863 0.259912 0.052863 0.255507 0.057269 0.255507 0.061674 0.251101 0.066079 0.251101 0.074890 0.255507 0.079295 0.255507 0.088106 0.246696 0.096916 0.246696 0.101322 0.255507 0.110132 0.259912 0.105727 0.259912 0.101322 0.255507 0.096916 0.255507 0.088106 0.264317 0.079295 0.268722 0.079295 0.273128 0.074890 0.273128 0.057269
0 0.110132 0.052863 0.118943 0.061674 0.127753 0.052863 0.132159 0.052863 0.136564 0.048458 0.145374 0.048458 0.149780 0.044053 0.176211 0.044053 0.180617 0.039648 0.180617 0.035242 0.176211 0.030837 0.154185 0.030837 0.149780 0.035242 0.145374 0.030837 0.118943 0.030837 0.114537 0.035242 0.114537 0.044053 0.110132 0.048458
0 0.867841 0.052863 0.876652 0.061674 0.881057 0.057269 0.885463 0.057269 0.889868 0.052863 0.894273 0.057269 0.898678 0.057269 0.903084 0.061674 0.903084 0.066079 0.916300 0.079295 0.929515 0.066079 0.933921 0.066079 0.938326 0.061674 0.942731 0.061674 0.947137 0.066079 0.955947 0.066079 0.960352 0.061674 0.964758 0.061674 0.969163 0.057269 0.973568 0.057269 0.977974 0.052863 0.995595 0.052863 0.995595 0.035242 0.982379 0.035242 0.977974 0.039648 0.960352 0.039648 0.955947 0.044053 0.947137 0.044053 0.933921 0.057269 0.929515 0.057269 0.925110 0.061674 0.920705 0.061674 0.916300 0.057269 0.907489 0.057269 0.903084 0.061674 0.898678 0.057269 0.894273 0.057269 0.889868 0.052863 0.889868 0.048458 0.885463 0.044053 0.885463 0.035242 0.889868 0.030837 0.894273 0.030837 0.898678 0.026432 0.894273 0.022026 0.889868 0.022026 0.885463 0.026432 0.885463 0.039648 0.881057 0.044053 0.876652 0.044053
0 0.418502 0.022026 0.409692 0.022026 0.405286 0.026432 0.405286 0.039648 0.400881 0.044053 0.396476 0.044053 0.392070 0.048458 0.378855 0.048458 0.370044 0.057269 0.370044 0.066079 0.365639 0.070485 0.365639 0.079295 0.361233 0.083700 0.361233 0.088106 0.356828 0.092511 0.352423 0.092511 0.348018 0.096916 0.348018 0.101322 0.352423 0.105727 0.356828 0.101322 0.361233 0.101322 0.374449 0.088106 0.374449 0.083700 0.383260 0.074890 0.383260 0.061674 0.392070 0.052863 0.396476 0.052863 0.400881 0.048458 0.409692 0.048458 0.414097 0.044053 0.414097 0.039648 0.418502 0.035242 0.418502 0.030837 0.422908 0.026432
0 0.638767 0.000000 0.625551 0.000000 0.625551 0.004405 0.616740 0.013216 0.612335 0.013216 0.603524 0.022026 0.599119 0.022026 0.594714 0.026432 0.585903 0.026432 0.581498 0.022026 0.577093 0.022026 0.568282 0.030837 0.572687 0.035242 0.572687 0.039648 0.581498 0.048458 0.585903 0.044053 0.585903 0.030837 0.590308 0.026432 0.594714 0.026432 0.599119 0.022026 0.603524 0.022026 0.607930 0.026432 0.616740 0.026432 0.621145 0.030837 0.625551 0.026432 0.629956 0.030837 0.634361 0.030837 0.638767 0.026432 0.638767 0.017621 0.634361 0.013216 0.634361 0.004405
