0 0.916300 0.925110 0.911894 0.925110 0.907489 0.929515 0.903084 0.929515 0.898678 0.933921 0.898678 0.947137 0.903084 0.951542 0.920705 0.951542 0.925110 0.947137 0.925110 0.933921
0 0.850220 0.691630 0.841410 0.691630 0.837004 0.696035 0.832599 0.696035 0.823789 0.704846 0.823789 0.718062 0.828194 0.722467 0.832599 0.718062 0.837004 0.718062 0.841410 0.713656 0.845815 0.713656 0.850220 0.709251 0.850220 0.704846 0.854626 0.700441 0.854626 0.696035
0 0.145374 0.687225 0.149780 0.691630 0.149780 0.696035 0.154185 0.691630 0.158590 0.691630 0.167401 0.682819 0.167401 0.669604 0.171806 0.665198 0.176211 0.665198 0.180617 0.660793 0.185022 0.665198 0.189427 0.665198 0.198238 0.674009 0.215859 0.674009 0.220264 0.678414 0.229075 0.669604 0.233480 0.669604 0.237885 0.665198 0.242291 0.665198 0.246696 0.669604 0.251101 0.669604 0.255507 0.674009 0.255507 0.678414 0.264317 0.687225 0.268722 0.687225 0.273128 0.691630 0.277533 0.691630 0.286344 0.700441 0.290749 0.700441 0.295154 0.696035 0.303965 0.696035 0.308370 0.700441 0.312775 0.700441 0.325991 0.713656 0.334802 0.704846 0.334802 0.696035 0.325991 0.687225 0.321586 0.687225 0.317181 0.691630 0.308370 0.691630 0.303965 0.687225 0.299559 0.687225 0.295154 0.682819 0.290749 0.682819 0.286344 0.678414 0.281938 0.678414 0.277533 0.674009 0.273128 0.674009 0.268722 0.669604 0.264317 0.669604 0.259912 0.665198 0.255507 0.665198 0.251101 0.660793 0.246696 0.660793 0.233480 0.647577 0.224670 0.656388 0.220264 0.656388 0.215859 0.660793 0.211454 0.660793 0.207048 0.665198 0.202643 0.660793 0.198238 0.660793 0.193833 0.656388 0.189427 0.660793 0.180617 0.660793 0.176211 0.656388 0.171806 0.656388 0.167401 0.651982 0.162996 0.656388 0.162996 0.674009 0.158590 0.678414 0.154185 0.678414
0 0.806167 0.621145 0.814978 0.629956 0.832599 0.629956 0.837004 0.634361 0.841410 0.634361 0.841410 0.629956 0.845815 0.625551 0.845815 0.621145 0.841410 0.616740 0.837004 0.616740 0.832599 0.612335 0.819383 0.612335 0.814978 0.616740 0.810573 0.616740
0 0.674009 0.616740 0.669604 0.621145 0.669604 0.629956 0.682819 0.643172 0.682819 0.651982 0.678414 0.656388 0.678414 0.674009 0.687225 0.682819 0.691630 0.682819 0.696035 0.687225 0.700441 0.687225 0.704846 0.691630 0.713656 0.691630 0.722467 0.682819 0.722467 0.674009 0.718062 0.669604 0.709251 0.669604 0.704846 0.674009 0.700441 0.669604 0.696035 0.669604 0.687225 0.660793 0.687225 0.656388 0.682819 0.651982 0.682819 0.638767 0.691630 0.629956 0.691630 0.616740 0.687225 0.612335 0.682819 0.616740
0 0.867841 0.572687 0.859031 0.581498 0.859031 0.590308 0.867841 0.599119 0.872247 0.599119 0.876652 0.603524 0.885463 0.603524 0.889868 0.599119 0.889868 0.594714 0.885463 0.590308 0.885463 0.585903 0.872247 0.572687
0 0.656388 0.568282 0.660793 0.572687 0.682819 0.572687 0.687225 0.577093 0.691630 0.577093 0.696035 0.581498 0.696035 0.585903 0.704846 0.594714 0.713656 0.594714 0.718062 0.590308 0.718062 0.585903 0.709251 0.577093 0.704846 0.577093 0.700441 0.572687 0.696035 0.572687 0.691630 0.568282 0.691630 0.563877 0.687225 0.559471 0.682819 0.563877 0.674009 0.563877 0.669604 0.559471 0.665198 0.563877 0.660793 0.563877
0 0.607930 0.555066 0.603524 0.559471 0.603524 0.568282 0.599119 0.572687 0.599119 0.577093 0.594714 0.581498 0.594714 0.585903 0.603524 0.594714 0.616740 0.594714 0.621145 0.590308 0.616740 0.585903 0.616740 0.577093 0.621145 0.572687 0.621145 0.563877 0.625551 0.559471 0.621145 0.555066
0 0.740088 0.533040 0.744493 0.537445 0.748899 0.537445 0.762115 0.550661 0.762115 0.555066 0.766520 0.559471 0.770925 0.559471 0.775330 0.563877 0.779736 0.563877 0.784141 0.568282 0.784141 0.572687 0.788546 0.577093 0.801762 0.577093 0.806167 0.572687 0.797357 0.563877 0.792952 0.563877 0.788546 0.568282 0.784141 0.563877 0.779736 0.563877 0.775330 0.559471 0.775330 0.555066 0.770925 0.550661 0.770925 0.546256 0.757709 0.533040 0.748899 0.533040 0.744493 0.528634
0 0.497797 0.528634 0.493392 0.533040 0.502203 0.541850 0.502203 0.555066 0.497797 0.559471 0.493392 0.559471 0.488987 0.563877 0.484582 0.563877 0.480176 0.568282 0.484582 0.572687 0.493392 0.572687 0.497797 0.577093 0.502203 0.577093 0.506608 0.581498 0.511013 0.577093 0.511013 0.563877 0.515419 0.559471 0.519824 0.559471 0.524229 0.555066 0.511013 0.541850 0.511013 0.533040 0.506608 0.528634
0 0.000000 0.497797 0.000000 0.533040 0.127753 0.572687 0.123348 0.616740 0.074890 0.651982 0.000000 0.651982 0.000000 0.674009 0.061674 0.656388 0.105727 0.669604 0.035242 0.700441 0.035242 0.718062 0.114537 0.687225 0.123348 0.621145 0.167401 0.585903 0.229075 0.612335 0.374449 0.599119 0.427313 0.682819 0.550661 0.775330 0.537445 0.792952 0.387665 0.806167 0.352423 0.784141 0.268722 0.806167 0.176211 0.770925 0.140969 0.792952 0.088106 0.757709 0.127753 0.731278 0.167401 0.748899 0.193833 0.735683 0.145374 0.709251 0.066079 0.748899 0.132159 0.863436 0.030837 0.850220 0.000000 0.872247 0.000000 0.903084 0.070485 0.925110 0.074890 0.947137 0.101322 0.920705 0.145374 0.969163 0.118943 0.995595 0.162996 0.995595 0.224670 0.960352 0.268722 0.995595 0.361233 0.995595 0.295154 0.876652 0.299559 0.828194 0.488987 0.823789 0.546256 0.933921 0.533040 0.845815 0.555066 0.814978 0.603524 0.867841 0.731278 0.920705 0.718062 0.942731 0.674009 0.947137 0.726872 0.955947 0.726872 0.986784 0.700441 0.995595 0.762115 0.995595 0.766520 0.955947 0.845815 0.951542 0.762115 0.938326 0.766520 0.854626 0.753304 0.845815 0.753304 0.881057 0.722467 0.894273 0.577093 0.784141 0.594714 0.757709 0.718062 0.828194 0.766520 0.810573 0.916300 0.841410 0.995595 0.814978 0.995595 0.784141 0.837004 0.797357 0.740088 0.757709 0.722467 0.731278 0.713656 0.762115 0.643172 0.731278 0.568282 0.740088 0.458150 0.669604 0.440529 0.616740 0.475771 0.594714 0.436123 0.607930 0.431718 0.563877 0.400881 0.533040 0.290749 0.519824 0.268722 0.537445 0.140969 0.537445
0 0.801762 0.488987 0.797357 0.493392 0.797357 0.502203 0.810573 0.515419 0.810573 0.519824 0.814978 0.524229 0.832599 0.524229 0.837004 0.528634 0.841410 0.524229 0.841410 0.519824 0.845815 0.515419 0.845815 0.511013 0.841410 0.506608 0.832599 0.506608 0.828194 0.502203 0.823789 0.506608 0.819383 0.502203 0.814978 0.502203
0 0.259912 0.462555 0.251101 0.453745 0.246696 0.453745 0.233480 0.466960 0.229075 0.466960 0.224670 0.471366 0.215859 0.471366 0.211454 0.466960 0.202643 0.466960 0.189427 0.480176 0.193833 0.484582 0.211454 0.484582 0.215859 0.480176 0.220264 0.480176 0.224670 0.475771 0.229075 0.480176 0.233480 0.480176 0.237885 0.484582 0.242291 0.484582 0.259912 0.466960
0 0.647577 0.440529 0.643172 0.440529 0.638767 0.444934 0.634361 0.444934 0.629956 0.440529 0.625551 0.440529 0.616740 0.431718 0.603524 0.431718 0.599119 0.427313 0.594714 0.427313 0.590308 0.431718 0.590308 0.458150 0.585903 0.462555 0.581498 0.462555 0.577093 0.466960 0.563877 0.466960 0.559471 0.462555 0.555066 0.462555 0.550661 0.458150 0.541850 0.458150 0.533040 0.466960 0.537445 0.471366 0.555066 0.471366 0.559471 0.475771 0.563877 0.475771 0.568282 0.480176 0.568282 0.497797 0.581498 0.511013 0.585903 0.511013 0.594714 0.519824 0.599119 0.515419 0.599119 0.511013 0.594714 0.506608 0.590308 0.506608 0.581498 0.497797 0.581498 0.493392 0.577093 0.488987 0.577093 0.475771 0.581498 0.471366 0.581498 0.466960 0.590308 0.458150 0.594714 0.458150 0.603524 0.449339 0.607930 0.449339 0.612335 0.444934 0.616740 0.444934 0.621145 0.440529 0.625551 0.440529 0.629956 0.444934 0.634361 0.444934 0.647577 0.458150 0.651982 0.458150 0.656388 0.453745 0.647577 0.444934
0 0.841410 0.453745 0.845815 0.458150 0.850220 0.453745 0.859031 0.453745 0.867841 0.444934 0.872247 0.444934 0.876652 0.440529 0.881057 0.440529 0.885463 0.436123 0.889868 0.436123 0.894273 0.440529 0.903084 0.440529 0.907489 0.444934 0.911894 0.444934 0.916300 0.449339 0.920705 0.449339 0.925110 0.453745 0.925110 0.471366 0.929515 0.475771 0.942731 0.462555 0.942731 0.458150 0.933921 0.449339 0.929515 0.449339 0.925110 0.444934 0.925110 0.436123 0.911894 0.422908 0.894273 0.422908 0.889868 0.418502 0.881057 0.418502 0.872247 0.427313 0.872247 0.436123 0.867841 0.440529 0.863436 0.440529 0.859031 0.444934 0.854626 0.444934 0.850220 0.449339 0.845815 0.449339
0 0.189427 0.414097 0.185022 0.409692 0.180617 0.414097 0.171806 0.414097 0.167401 0.418502 0.167401 0.422908 0.162996 0.427313 0.158590 0.427313 0.149780 0.436123 0.149780 0.444934 0.145374 0.449339 0.140969 0.449339 0.136564 0.453745 0.132159 0.449339 0.127753 0.449339 0.123348 0.444934 0.114537 0.444934 0.110132 0.440529 0.101322 0.440529 0.096916 0.444934 0.074890 0.444934 0.066079 0.453745 0.066079 0.458150 0.061674 0.462555 0.066079 0.466960 0.066079 0.471366 0.074890 0.480176 0.079295 0.480176 0.083700 0.484582 0.088106 0.484582 0.096916 0.493392 0.110132 0.493392 0.114537 0.488987 0.118943 0.488987 0.123348 0.484582 0.136564 0.484582 0.140969 0.480176 0.145374 0.484582 0.149780 0.484582 0.154185 0.488987 0.158590 0.484582 0.158590 0.466960 0.154185 0.462555 0.149780 0.462555 0.145374 0.458150 0.145374 0.449339 0.149780 0.444934 0.154185 0.444934 0.158590 0.440529 0.162996 0.444934 0.167401 0.440529 0.171806 0.440529 0.176211 0.436123 0.180617 0.436123 0.185022 0.431718 0.185022 0.427313 0.189427 0.422908
0 0.422908 0.427313 0.414097 0.418502 0.409692 0.418502 0.405286 0.414097 0.400881 0.414097 0.392070 0.405286 0.383260 0.405286 0.378855 0.409692 0.374449 0.405286 0.365639 0.405286 0.361233 0.409692 0.356828 0.409692 0.352423 0.405286 0.348018 0.405286 0.343612 0.409692 0.343612 0.414097 0.339207 0.418502 0.339207 0.427313 0.330396 0.436123 0.330396 0.449339 0.325991 0.453745 0.321586 0.453745 0.312775 0.462555 0.317181 0.466960 0.317181 0.475771 0.325991 0.484582 0.330396 0.484582 0.334802 0.480176 0.334802 0.475771 0.339207 0.471366 0.339207 0.444934 0.352423 0.431718 0.352423 0.427313 0.356828 0.422908 0.361233 0.422908 0.365639 0.418502 0.370044 0.422908 0.383260 0.422908 0.387665 0.427313 0.392070 0.427313 0.400881 0.436123 0.414097 0.436123
0 0.506608 0.387665 0.502203 0.387665 0.493392 0.396476 0.488987 0.396476 0.484582 0.400881 0.471366 0.400881 0.466960 0.405286 0.462555 0.405286 0.462555 0.444934 0.488987 0.471366 0.497797 0.471366 0.506608 0.462555 0.497797 0.453745 0.493392 0.453745 0.488987 0.449339 0.484582 0.449339 0.480176 0.444934 0.480176 0.414097 0.484582 0.409692 0.488987 0.409692 0.493392 0.405286 0.502203 0.405286 0.511013 0.396476 0.511013 0.392070
0 0.171806 0.374449 0.176211 0.378855 0.189427 0.378855 0.193833 0.374449 0.198238 0.374449 0.202643 0.370044 0.207048 0.370044 0.211454 0.374449 0.215859 0.374449 0.220264 0.378855 0.224670 0.378855 0.242291 0.396476 0.242291 0.400881 0.246696 0.405286 0.259912 0.405286 0.264317 0.400881 0.268722 0.400881 0.273128 0.396476 0.277533 0.400881 0.281938 0.396476 0.277533 0.392070 0.277533 0.387665 0.268722 0.378855 0.259912 0.378855 0.255507 0.383260 0.246696 0.383260 0.242291 0.378855 0.237885 0.378855 0.220264 0.361233 0.215859 0.361233 0.207048 0.370044 0.202643 0.370044 0.198238 0.374449 0.193833 0.370044 0.189427 0.370044 0.185022 0.365639 0.180617 0.365639
0 0.845815 0.330396 0.837004 0.339207 0.837004 0.343612 0.828194 0.352423 0.828194 0.356828 0.832599 0.361233 0.845815 0.361233 0.850220 0.365639 0.854626 0.365639 0.872247 0.383260 0.876652 0.383260 0.885463 0.392070 0.894273 0.392070 0.898678 0.387665 0.898678 0.365639 0.889868 0.356828 0.876652 0.356828 0.872247 0.352423 0.867841 0.352423 0.863436 0.348018 0.863436 0.339207 0.854626 0.330396
0 0.700441 0.321586 0.696035 0.325991 0.700441 0.330396 0.700441 0.334802 0.704846 0.339207 0.709251 0.339207 0.722467 0.352423 0.726872 0.348018 0.726872 0.343612 0.731278 0.339207 0.731278 0.334802 0.722467 0.325991 0.713656 0.325991 0.709251 0.321586 0.704846 0.325991
0 0.616740 0.321586 0.612335 0.325991 0.607930 0.325991 0.603524 0.330396 0.603524 0.343612 0.599119 0.348018 0.599119 0.356828 0.594714 0.361233 0.594714 0.370044 0.590308 0.374449 0.585903 0.374449 0.581498 0.378855 0.581498 0.387665 0.585903 0.392070 0.585903 0.396476 0.590308 0.400881 0.594714 0.396476 0.594714 0.374449 0.599119 0.370044 0.603524 0.370044 0.607930 0.365639 0.612335 0.365639 0.621145 0.356828 0.616740 0.352423
0 0.621145 0.308370 0.621145 0.312775 0.625551 0.312775 0.629956 0.308370 0.634361 0.308370 0.638767 0.312775 0.643172 0.308370 0.647577 0.312775 0.651982 0.312775 0.660793 0.321586 0.669604 0.321586 0.674009 0.317181 0.665198 0.308370 0.660793 0.308370 0.656388 0.303965 0.651982 0.303965 0.643172 0.295154 0.638767 0.299559 0.634361 0.299559 0.629956 0.303965 0.625551 0.303965
0 0.436123 0.295154 0.431718 0.299559 0.431718 0.308370 0.436123 0.312775 0.436123 0.321586 0.431718 0.325991 0.431718 0.330396 0.436123 0.334802 0.444934 0.334802 0.449339 0.339207 0.453745 0.339207 0.458150 0.334802 0.462555 0.334802 0.466960 0.330396 0.449339 0.312775 0.449339 0.303965 0.440529 0.295154
0 0.030837 0.286344 0.026432 0.286344 0.022026 0.290749 0.022026 0.317181 0.013216 0.325991 0.013216 0.330396 0.008811 0.334802 0.004405 0.334802 0.000000 0.339207 0.004405 0.343612 0.008811 0.343612 0.017621 0.352423 0.026432 0.343612 0.026432 0.339207 0.030837 0.334802 0.030837 0.325991 0.035242 0.321586 0.035242 0.308370 0.039648 0.303965 0.035242 0.299559 0.035242 0.290749
0 0.286344 0.255507 0.277533 0.264317 0.277533 0.268722 0.295154 0.286344 0.299559 0.281938 0.303965 0.281938 0.308370 0.277533 0.308370 0.273128 0.303965 0.268722 0.303965 0.264317 0.295154 0.255507
0 0.744493 0.202643 0.744493 0.215859 0.748899 0.220264 0.753304 0.215859 0.762115 0.215859 0.766520 0.211454 0.770925 0.215859 0.775330 0.215859 0.779736 0.220264 0.784141 0.220264 0.788546 0.224670 0.792952 0.224670 0.797357 0.220264 0.797357 0.211454 0.792952 0.207048 0.784141 0.207048 0.779736 0.202643 0.775330 0.202643 0.770925 0.198238 0.762115 0.198238 0.757709 0.202643 0.753304 0.198238 0.748899 0.198238
0 0.158590 0.193833 0.154185 0.198238 0.149780 0.198238 0.140969 0.207048 0.145374 0.211454 0.145374 0.229075 0.154185 0.237885 0.162996 0.237885 0.171806 0.229075 0.167401 0.224670 0.162996 0.224670 0.154185 0.215859 0.154185 0.207048 0.162996 0.198238
0 0.361233 0.189427 0.343612 0.207048 0.370044 0.233480 0.374449 0.229075 0.370044 0.224670 0.370044 0.198238 0.374449 0.193833 0.370044 0.189427
0 0.233480 0.154185 0.229075 0.158590 0.229075 0.162996 0.224670 0.167401 0.224670 0.171806 0.233480 0.180617 0.233480 0.185022 0.259912 0.211454 0.259912 0.215859 0.264317 0.220264 0.277533 0.220264 0.281938 0.215859 0.286344 0.220264 0.290749 0.220264 0.295154 0.215859 0.295154 0.211454 0.299559 0.207048 0.299559 0.202643 0.290749 0.193833 0.286344 0.193833 0.259912 0.167401 0.259912 0.162996 0.246696 0.149780 0.242291 0.154185
0 0.198238 0.140969 0.189427 0.140969 0.171806 0.158590 0.171806 0.171806 0.176211 0.176211 0.180617 0.176211 0.193833 0.162996 0.193833 0.158590 0.202643 0.149780 0.202643 0.145374
0 0.832599 0.140969 0.828194 0.136564 0.823789 0.140969 0.810573 0.140969 0.806167 0.145374 0.797357 0.145374 0.792952 0.140969 0.788546 0.140969 0.784141 0.145374 0.775330 0.145374 0.770925 0.149780 0.766520 0.149780 0.757709 0.158590 0.757709 0.162996 0.762115 0.167401 0.775330 0.167401 0.779736 0.162996 0.784141 0.162996 0.788546 0.158590 0.801762 0.158590 0.806167 0.162996 0.810573 0.162996 0.814978 0.158590 0.823789 0.158590 0.828194 0.154185 0.828194 0.145374
0 0.497797 0.140969 0.480176 0.140969 0.475771 0.145374 0.462555 0.145374 0.458150 0.140969 0.453745 0.140969 0.449339 0.136564 0.436123 0.136564 0.414097 0.158590 0.414097 0.167401 0.418502 0.171806 0.418502 0.193833 0.422908 0.198238 0.422908 0.211454 0.418502 0.215859 0.414097 0.215859 0.405286 0.224670 0.405286 0.229075 0.414097 0.237885 0.418502 0.237885 0.436123 0.220264 0.436123 0.215859 0.431718 0.211454 0.431718 0.202643 0.440529 0.193833 0.440529 0.189427 0.431718 0.180617 0.431718 0.171806 0.444934 0.158590 0.449339 0.158590 0.458150 0.149780 0.462555 0.149780 0.466960 0.145374 0.471366 0.149780 0.475771 0.149780 0.480176 0.154185 0.484582 0.154185 0.488987 0.158590 0.502203 0.145374
0 0.066079 0.132159 0.057269 0.132159 0.048458 0.140969 0.048458 0.145374 0.039648 0.154185 0.044053 0.158590 0.044053 0.171806 0.039648 0.176211 0.039648 0.180617 0.044053 0.185022 0.044053 0.193833 0.048458 0.198238 0.052863 0.198238 0.066079 0.185022 0.066079 0.171806 0.061674 0.167401 0.061674 0.145374 0.070485 0.136564
0 0.872247 0.114537 0.867841 0.118943 0.872247 0.123348 0.876652 0.123348 0.881057 0.127753 0.881057 0.136564 0.885463 0.140969 0.885463 0.149780 0.876652 0.158590 0.876652 0.176211 0.854626 0.198238 0.854626 0.211454 0.850220 0.215859 0.854626 0.220264 0.863436 0.220264 0.872247 0.211454 0.872247 0.207048 0.876652 0.202643 0.876652 0.198238 0.881057 0.193833 0.881057 0.180617 0.885463 0.176211 0.889868 0.176211 0.894273 0.171806 0.903084 0.171806 0.907489 0.167401 0.907489 0.162996 0.903084 0.158590 0.903084 0.140969 0.907489 0.136564 0.898678 0.127753 0.894273 0.127753 0.889868 0.132159 0.885463 0.127753 0.881057 0.127753 0.876652 0.123348 0.876652 0.118943
0 0.541850 0.101322 0.541850 0.105727 0.546256 0.110132 0.550661 0.110132 0.555066 0.114537 0.559471 0.114537 0.568282 0.123348 0.568282 0.127753 0.572687 0.132159 0.599119 0.132159 0.603524 0.127753 0.603524 0.123348 0.607930 0.118943 0.607930 0.110132 0.603524 0.105727 0.590308 0.105727 0.585903 0.110132 0.581498 0.110132 0.577093 0.114537 0.572687 0.110132 0.568282 0.110132 0.555066 0.096916 0.550661 0.101322 0.546256 0.096916
0 0.933921 0.096916 0.938326 0.101322 0.938326 0.105727 0.947137 0.114537 0.951542 0.110132 0.964758 0.110132 0.969163 0.105727 0.982379 0.105727 0.986784 0.101322 0.991189 0.101322 0.986784 0.101322 0.982379 0.096916 0.977974 0.096916 0.973568 0.101322 0.964758 0.101322 0.960352 0.096916 0.955947 0.096916 0.951542 0.092511 0.938326 0.092511
0 0.638767 0.092511 0.634361 0.096916 0.634361 0.105727 0.638767 0.110132 0.638767 0.123348 0.647577 0.132159 0.656388 0.132159 0.660793 0.127753 0.660793 0.123348 0.656388 0.118943 0.656388 0.114537 0.647577 0.105727 0.647577 0.096916 0.643172 0.092511
0 0.317181 0.092511 0.308370 0.101322 0.308370 0.110132 0.317181 0.118943 0.317181 0.132159 0.325991 0.140969 0.330396 0.140969 0.334802 0.136564 0.334802 0.132159 0.330396 0.127753 0.330396 0.123348 0.325991 0.118943 0.325991 0.105727 0.330396 0.101322 0.330396 0.096916 0.325991 0.092511
0 0.118943 0.088106 0.136564 0.105727 0.140969 0.105727 0.145374 0.110132 0.158590 0.110132 0.162996 0.105727 0.180617 0.105727 0.185022 0.101322 0.202643 0.101322 0.207048 0.096916 0.207048 0.088106 0.202643 0.083700 0.180617 0.083700 0.176211 0.088106 0.171806 0.088106 0.167401 0.092511 0.154185 0.092511 0.149780 0.088106 0.145374 0.088106 0.140969 0.083700 0.123348 0.083700
0 0.462555 0.066079 0.449339 0.066079 0.444934 0.070485 0.449339 0.074890 0.453745 0.074890 0.458150 0.079295 0.458150 0.092511 0.440529 0.110132 0.449339 0.118943 0.458150 0.110132 0.462555 0.110132 0.466960 0.105727 0.471366 0.110132 0.475771 0.105727 0.475771 0.101322 0.466960 0.092511 0.462555 0.092511 0.458150 0.088106 0.458150 0.079295 0.466960 0.070485
0 0.819383 0.052863 0.814978 0.048458 0.792952 0.048458 0.775330 0.066079 0.770925 0.066079 0.766520 0.070485 0.762115 0.070485 0.757709 0.066079 0.753304 0.066079 0.748899 0.061674 0.744493 0.066079 0.744493 0.079295 0.748899 0.083700 0.748899 0.088106 0.753304 0.092511 0.757709 0.092511 0.762115 0.088106 0.762115 0.083700 0.766520 0.079295 0.770925 0.079295 0.775330 0.074890 0.779736 0.079295 0.784141 0.079295 0.792952 0.088106 0.801762 0.088106 0.810573 0.079295 0.814978 0.079295 0.823789 0.070485 0.823789 0.066079 0.819383 0.061674
0 0.951542 0.030837 0.955947 0.030837 0.964758 0.039648 0.964758 0.044053 0.973568 0.052863 0.995595 0.052863 0.995595 0.030837 0.991189 0.030837 0.986784 0.035242 0.977974 0.035242 0.973568 0.030837 0.964758 0.030837 0.960352 0.026432 0.955947 0.030837
0 0.876652 0.026432 0.881057 0.030837 0.885463 0.030837 0.889868 0.035242 0.889868 0.039648 0.894273 0.044053 0.894273 0.048458 0.898678 0.052863 0.907489 0.052863 0.911894 0.048458 0.916300 0.048458 0.925110 0.039648 0.929515 0.039648 0.938326 0.030837 0.942731 0.030837 0.938326 0.030837 0.929515 0.022026 0.925110 0.026432 0.920705 0.026432 0.916300 0.030837 0.911894 0.030837 0.907489 0.026432 0.903084 0.026432 0.894273 0.017621 0.885463 0.017621
0 0.440529 0.008811 0.436123 0.013216 0.436123 0.022026 0.431718 0.026432 0.431718 0.035242 0.422908 0.044053 0.427313 0.048458 0.431718 0.044053 0.436123 0.044053 0.440529 0.039648 0.449339 0.039648 0.453745 0.035242 0.453745 0.026432 0.449339 0.022026 0.449339 0.017621
0 0.198238 0.000000 0.198238 0.013216 0.207048 0.022026 0.211454 0.022026 0.215859 0.026432 0.233480 0.026432 0.242291 0.017621 0.237885 0.013216 0.233480 0.013216 0.229075 0.008811 0.224670 0.008811 0.220264 0.004405 0.220264 0.000000
0 0.048458 0.000000 0.048458 0.004405 0.057269 0.013216 0.061674 0.013216 0.066079 0.017621 0.066079 0.022026 0.070485 0.026432 0.070485 0.030837 0.074890 0.035242 0.074890 0.044053 0.070485 0.048458 0.070485 0.057269 0.061674 0.066079 0.061674 0.101322 0.070485 0.110132 0.083700 0.096916 0.083700 0.066079 0.088106 0.061674 0.088106 0.052863 0.092511 0.048458 0.092511 0.030837 0.088106 0.026432 0.088106 0.022026 0.079295 0.013216 0.074890 0.013216 0.070485 0.008811 0.070485 0.000000
