0 0.149780 0.933921 0.149780 0.938326 0.154185 0.942731 0.158590 0.938326 0.162996 0.938326 0.167401 0.933921 0.171806 0.933921 0.176211 0.938326 0.180617 0.938326 0.193833 0.951542 0.193833 0.969163 0.198238 0.973568 0.202643 0.973568 0.207048 0.977974 0.211454 0.977974 0.215859 0.982379 0.220264 0.982379 0.224670 0.986784 0.224670 0.995595 0.233480 0.995595 0.233480 0.982379 0.229075 0.977974 0.224670 0.977974 0.220264 0.973568 0.220264 0.964758 0.207048 0.951542 0.202643 0.951542 0.193833 0.942731 0.193833 0.933921 0.198238 0.929515 0.198238 0.920705 0.202643 0.916300 0.202643 0.907489 0.198238 0.903084 0.193833 0.903084 0.167401 0.929515 0.162996 0.929515 0.158590 0.933921 0.154185 0.929515
0 0.541850 0.907489 0.546256 0.911894 0.546256 0.916300 0.555066 0.925110 0.559471 0.920705 0.563877 0.925110 0.572687 0.916300 0.577093 0.916300 0.581498 0.911894 0.594714 0.911894 0.603524 0.903084 0.599119 0.898678 0.594714 0.903084 0.590308 0.898678 0.577093 0.898678 0.572687 0.903084 0.568282 0.898678 0.559471 0.898678 0.555066 0.894273
0 0.017621 0.845815 0.013216 0.850220 0.013216 0.863436 0.022026 0.872247 0.022026 0.876652 0.026432 0.881057 0.030837 0.881057 0.035242 0.885463 0.039648 0.885463 0.044053 0.889868 0.048458 0.889868 0.052863 0.894273 0.057269 0.889868 0.057269 0.872247 0.052863 0.867841 0.048458 0.867841 0.035242 0.854626 0.030837 0.854626 0.026432 0.850220 0.022026 0.850220
0 0.779736 0.819383 0.784141 0.823789 0.784141 0.832599 0.797357 0.845815 0.806167 0.845815 0.810573 0.850220 0.814978 0.850220 0.819383 0.854626 0.819383 0.859031 0.823789 0.863436 0.823789 0.876652 0.819383 0.881057 0.823789 0.885463 0.832599 0.876652 0.837004 0.876652 0.841410 0.872247 0.845815 0.872247 0.850220 0.867841 0.854626 0.872247 0.894273 0.872247 0.898678 0.867841 0.907489 0.867841 0.911894 0.863436 0.916300 0.863436 0.920705 0.867841 0.925110 0.867841 0.929515 0.863436 0.933921 0.867841 0.938326 0.863436 0.964758 0.863436 0.969163 0.859031 0.969163 0.854626 0.964758 0.850220 0.960352 0.854626 0.951542 0.854626 0.947137 0.850220 0.920705 0.850220 0.916300 0.854626 0.889868 0.854626 0.885463 0.850220 0.863436 0.850220 0.859031 0.854626 0.854626 0.854626 0.850220 0.859031 0.837004 0.859031 0.832599 0.854626 0.828194 0.854626 0.788546 0.814978 0.784141 0.814978
0 0.052863 0.810573 0.048458 0.814978 0.048458 0.819383 0.044053 0.823789 0.044053 0.828194 0.048458 0.832599 0.066079 0.832599 0.074890 0.823789 0.061674 0.810573
0 0.171806 0.810573 0.176211 0.814978 0.176211 0.823789 0.185022 0.832599 0.189427 0.832599 0.207048 0.850220 0.220264 0.850220 0.229075 0.841410 0.229075 0.837004 0.224670 0.832599 0.207048 0.832599 0.202643 0.828194 0.198238 0.828194 0.193833 0.823789 0.193833 0.819383 0.185022 0.810573 0.180617 0.810573 0.176211 0.806167
0 0.118943 0.788546 0.114537 0.792952 0.114537 0.797357 0.110132 0.801762 0.114537 0.806167 0.114537 0.814978 0.118943 0.819383 0.127753 0.819383 0.136564 0.810573 0.136564 0.806167 0.132159 0.801762 0.132159 0.792952 0.127753 0.788546
0 0.185022 0.775330 0.185022 0.784141 0.189427 0.788546 0.207048 0.788546 0.211454 0.792952 0.220264 0.792952 0.224670 0.797357 0.251101 0.797357 0.255507 0.792952 0.255507 0.784141 0.246696 0.775330 0.242291 0.779736 0.211454 0.779736 0.207048 0.775330 0.202643 0.775330 0.193833 0.766520
0 0.074890 0.770925 0.066079 0.762115 0.057269 0.762115 0.052863 0.766520 0.048458 0.766520 0.044053 0.770925 0.039648 0.770925 0.035242 0.775330 0.039648 0.779736 0.044053 0.775330 0.048458 0.779736 0.052863 0.779736 0.057269 0.784141 0.061674 0.784141 0.066079 0.779736 0.070485 0.779736 0.074890 0.775330
0 0.682819 0.740088 0.682819 0.744493 0.687225 0.748899 0.696035 0.748899 0.700441 0.753304 0.704846 0.753304 0.709251 0.757709 0.713656 0.757709 0.722467 0.748899 0.722467 0.740088 0.718062 0.735683 0.687225 0.735683
0 0.863436 0.726872 0.872247 0.735683 0.881057 0.735683 0.885463 0.740088 0.889868 0.740088 0.894273 0.735683 0.894273 0.731278 0.898678 0.726872 0.889868 0.718062 0.876652 0.718062 0.872247 0.722467 0.867841 0.722467
0 0.480176 0.687225 0.475771 0.682819 0.471366 0.687225 0.471366 0.691630 0.462555 0.700441 0.458150 0.700441 0.453745 0.704846 0.449339 0.700441 0.436123 0.700441 0.431718 0.704846 0.431718 0.713656 0.436123 0.718062 0.449339 0.718062 0.453745 0.713656 0.475771 0.713656 0.480176 0.709251
0 0.832599 0.678414 0.823789 0.687225 0.823789 0.691630 0.819383 0.696035 0.823789 0.700441 0.823789 0.704846 0.837004 0.718062 0.845815 0.718062 0.850220 0.713656 0.850220 0.696035
0 0.207048 0.669604 0.202643 0.669604 0.198238 0.674009 0.198238 0.678414 0.202643 0.682819 0.202643 0.709251 0.193833 0.718062 0.193833 0.722467 0.189427 0.726872 0.185022 0.726872 0.189427 0.726872 0.193833 0.731278 0.193833 0.744493 0.198238 0.748899 0.207048 0.740088 0.207048 0.735683 0.224670 0.718062 0.224670 0.704846 0.229075 0.700441 0.229075 0.691630
0 0.863436 0.585903 0.854626 0.585903 0.850220 0.590308 0.850220 0.603524 0.845815 0.607930 0.845815 0.612335 0.841410 0.616740 0.837004 0.616740 0.832599 0.621145 0.823789 0.621145 0.819383 0.616740 0.810573 0.616740 0.806167 0.612335 0.801762 0.616740 0.801762 0.621145 0.823789 0.643172 0.832599 0.634361 0.832599 0.629956 0.841410 0.621145 0.845815 0.621145 0.859031 0.607930 0.859031 0.603524 0.863436 0.599119 0.863436 0.594714 0.867841 0.590308
0 0.911894 0.590308 0.920705 0.599119 0.933921 0.599119 0.938326 0.603524 0.951542 0.603524 0.955947 0.607930 0.969163 0.607930 0.973568 0.612335 0.982379 0.612335 0.986784 0.616740 0.991189 0.616740 0.995595 0.612335 0.995595 0.599119 0.982379 0.599119 0.977974 0.594714 0.973568 0.594714 0.969163 0.590308 0.964758 0.590308 0.960352 0.585903 0.942731 0.585903 0.938326 0.581498 0.933921 0.585903 0.929515 0.581498 0.920705 0.581498
0 0.405286 0.581498 0.400881 0.581498 0.396476 0.585903 0.396476 0.607930 0.383260 0.621145 0.383260 0.638767 0.396476 0.651982 0.405286 0.651982 0.409692 0.647577 0.409692 0.643172 0.405286 0.638767 0.405286 0.616740 0.409692 0.612335 0.409692 0.585903
0 0.224670 0.537445 0.220264 0.537445 0.211454 0.546256 0.211454 0.550661 0.202643 0.559471 0.202643 0.563877 0.193833 0.572687 0.193833 0.577093 0.189427 0.581498 0.189427 0.585903 0.180617 0.594714 0.180617 0.599119 0.176211 0.603524 0.176211 0.607930 0.167401 0.616740 0.167401 0.621145 0.171806 0.625551 0.176211 0.621145 0.180617 0.621145 0.185022 0.616740 0.189427 0.616740 0.193833 0.612335 0.193833 0.607930 0.198238 0.603524 0.198238 0.599119 0.202643 0.594714 0.202643 0.590308 0.211454 0.581498 0.211454 0.577093 0.220264 0.568282 0.224670 0.568282 0.233480 0.559471 0.233480 0.550661 0.229075 0.546256 0.229075 0.541850
0 0.145374 0.524229 0.140969 0.519824 0.136564 0.519824 0.132159 0.515419 0.123348 0.524229 0.118943 0.524229 0.114537 0.528634 0.105727 0.528634 0.101322 0.533040 0.110132 0.541850 0.118943 0.541850 0.123348 0.537445 0.127753 0.537445 0.132159 0.533040 0.136564 0.533040
0 0.819383 0.502203 0.810573 0.511013 0.810573 0.515419 0.806167 0.519824 0.806167 0.524229 0.810573 0.528634 0.814978 0.528634 0.819383 0.533040 0.819383 0.537445 0.828194 0.546256 0.832599 0.541850 0.832599 0.515419 0.828194 0.511013 0.828194 0.506608 0.823789 0.502203
0 0.704846 0.502203 0.704846 0.515419 0.709251 0.519824 0.726872 0.519824 0.731278 0.524229 0.735683 0.524229 0.740088 0.528634 0.762115 0.528634 0.770925 0.519824 0.762115 0.511013 0.757709 0.511013 0.753304 0.506608 0.744493 0.506608 0.740088 0.511013 0.735683 0.511013 0.731278 0.515419 0.726872 0.511013 0.722467 0.511013 0.709251 0.497797
0 0.295154 0.440529 0.290749 0.436123 0.281938 0.436123 0.268722 0.444934 0.264317 0.440529 0.259912 0.440529 0.251101 0.431718 0.246696 0.436123 0.233480 0.436123 0.229075 0.431718 0.220264 0.431718 0.215859 0.436123 0.202643 0.436123 0.198238 0.431718 0.193833 0.431718 0.189427 0.436123 0.158590 0.436123 0.154185 0.440529 0.149780 0.440529 0.136564 0.449339 0.123348 0.449339 0.118943 0.444934 0.114537 0.444934 0.101322 0.436123 0.092511 0.449339 0.092511 0.462555 0.066079 0.480176 0.066079 0.493392 0.070485 0.497797 0.074890 0.497797 0.101322 0.471366 0.105727 0.471366 0.110132 0.466960 0.114537 0.466960 0.118943 0.462555 0.123348 0.462555 0.136564 0.453745 0.149780 0.453745 0.154185 0.458150 0.185022 0.458150 0.193833 0.449339 0.198238 0.449339 0.211454 0.440529 0.224670 0.449339 0.224670 0.462555 0.220264 0.466960 0.215859 0.466960 0.202643 0.475771 0.207048 0.480176 0.215859 0.480176 0.220264 0.475771 0.224670 0.475771 0.229075 0.471366 0.233480 0.471366 0.242291 0.462555 0.246696 0.462555 0.251101 0.458150 0.259912 0.458150 0.268722 0.449339 0.273128 0.449339 0.277533 0.444934 0.281938 0.444934 0.286344 0.449339 0.290749 0.449339 0.295154 0.444934
0 0.823789 0.378855 0.819383 0.374449 0.819383 0.370044 0.814978 0.365639 0.806167 0.365639 0.788546 0.383260 0.788546 0.387665 0.779736 0.396476 0.775330 0.396476 0.770925 0.400881 0.766520 0.400881 0.762115 0.405286 0.753304 0.405286 0.748899 0.400881 0.744493 0.400881 0.740088 0.396476 0.735683 0.396476 0.731278 0.392070 0.726872 0.392070 0.718062 0.400881 0.718062 0.405286 0.726872 0.414097 0.748899 0.414097 0.753304 0.418502 0.757709 0.418502 0.762115 0.414097 0.766520 0.418502 0.770925 0.418502 0.775330 0.414097 0.779736 0.418502 0.788546 0.409692 0.792952 0.409692 0.810573 0.392070 0.814978 0.392070 0.819383 0.387665 0.819383 0.383260
0 0.427313 0.339207 0.427313 0.343612 0.436123 0.352423 0.440529 0.348018 0.449339 0.348018 0.453745 0.343612 0.458150 0.343612 0.462555 0.348018 0.466960 0.348018 0.475771 0.356828 0.480176 0.356828 0.484582 0.361233 0.488987 0.356828 0.488987 0.348018 0.480176 0.339207 0.466960 0.339207 0.462555 0.334802 0.458150 0.334802 0.449339 0.325991 0.444934 0.325991 0.440529 0.330396 0.436123 0.330396
0 0.867841 0.308370 0.863436 0.312775 0.859031 0.312775 0.850220 0.321586 0.850220 0.330396 0.854626 0.334802 0.872247 0.334802 0.876652 0.330396 0.876652 0.317181
0 0.515419 0.325991 0.519824 0.330396 0.524229 0.325991 0.528634 0.325991 0.533040 0.321586 0.533040 0.317181 0.537445 0.312775 0.541850 0.312775 0.546256 0.308370 0.550661 0.312775 0.559471 0.312775 0.563877 0.317181 0.568282 0.317181 0.577093 0.325991 0.585903 0.325991 0.594714 0.317181 0.590308 0.312775 0.585903 0.312775 0.581498 0.308370 0.572687 0.308370 0.568282 0.303965 0.563877 0.303965 0.559471 0.299559 0.555066 0.299559 0.550661 0.303965 0.546256 0.299559 0.541850 0.303965 0.537445 0.303965 0.533040 0.308370 0.528634 0.308370 0.515419 0.321586
0 0.938326 0.290749 0.938326 0.317181 0.947137 0.325991 0.955947 0.317181 0.955947 0.312775 0.960352 0.308370 0.960352 0.303965 0.951542 0.295154 0.947137 0.295154 0.942731 0.290749
0 0.000000 0.281938 0.000000 0.299559 0.004405 0.303965 0.008811 0.303965 0.013216 0.308370 0.017621 0.308370 0.022026 0.312775 0.022026 0.317181 0.026432 0.321586 0.026432 0.325991 0.030837 0.330396 0.035242 0.330396 0.039648 0.334802 0.044053 0.334802 0.052863 0.343612 0.061674 0.343612 0.066079 0.348018 0.074890 0.348018 0.092511 0.330396 0.096916 0.330396 0.110132 0.317181 0.114537 0.317181 0.118943 0.312775 0.123348 0.312775 0.127753 0.317181 0.132159 0.312775 0.132159 0.303965 0.127753 0.299559 0.118943 0.299559 0.110132 0.308370 0.105727 0.308370 0.101322 0.312775 0.096916 0.312775 0.092511 0.317181 0.092511 0.321586 0.088106 0.325991 0.083700 0.325991 0.079295 0.330396 0.066079 0.330396 0.061674 0.325991 0.057269 0.325991 0.044053 0.312775 0.039648 0.312775 0.035242 0.308370 0.035242 0.303965 0.017621 0.286344 0.013216 0.286344 0.004405 0.277533
0 0.246696 0.189427 0.242291 0.189427 0.224670 0.207048 0.224670 0.224670 0.215859 0.233480 0.215859 0.237885 0.220264 0.242291 0.224670 0.237885 0.224670 0.233480 0.237885 0.220264 0.242291 0.220264 0.251101 0.211454 0.251101 0.193833
0 0.066079 0.185022 0.061674 0.180617 0.052863 0.180617 0.048458 0.185022 0.030837 0.185022 0.026432 0.189427 0.026432 0.193833 0.030837 0.198238 0.044053 0.198238 0.048458 0.202643 0.057269 0.202643 0.061674 0.198238 0.061674 0.193833 0.066079 0.189427
0 0.140969 0.176211 0.132159 0.185022 0.132159 0.193833 0.127753 0.198238 0.123348 0.198238 0.114537 0.207048 0.114537 0.211454 0.118943 0.215859 0.118943 0.233480 0.127753 0.242291 0.136564 0.233480 0.136564 0.198238 0.145374 0.189427 0.145374 0.180617
0 0.995595 0.162996 0.982379 0.162996 0.973568 0.171806 0.969163 0.171806 0.964758 0.176211 0.955947 0.176211 0.951542 0.180617 0.947137 0.180617 0.938326 0.189427 0.942731 0.193833 0.947137 0.189427 0.955947 0.189427 0.960352 0.185022 0.973568 0.185022 0.982379 0.176211 0.986784 0.176211 0.991189 0.171806 0.995595 0.171806
0 0.471366 0.154185 0.488987 0.171806 0.493392 0.171806 0.497797 0.176211 0.502203 0.176211 0.511013 0.185022 0.515419 0.185022 0.519824 0.189427 0.524229 0.189427 0.537445 0.202643 0.541850 0.202643 0.546256 0.207048 0.550661 0.202643 0.550661 0.198238 0.559471 0.189427 0.550661 0.180617 0.546256 0.185022 0.533040 0.185022 0.528634 0.180617 0.524229 0.180617 0.519824 0.176211 0.519824 0.171806 0.515419 0.167401 0.511013 0.171806 0.506608 0.167401 0.502203 0.167401 0.497797 0.162996 0.493392 0.162996 0.480176 0.149780 0.475771 0.149780
0 0.083700 0.127753 0.083700 0.132159 0.088106 0.136564 0.092511 0.136564 0.096916 0.132159 0.101322 0.136564 0.105727 0.136564 0.114537 0.145374 0.118943 0.140969 0.118943 0.136564 0.123348 0.132159 0.123348 0.127753 0.114537 0.118943 0.092511 0.118943
0 0.590308 0.110132 0.581498 0.101322 0.577093 0.105727 0.572687 0.105727 0.568282 0.110132 0.563877 0.110132 0.559471 0.114537 0.555066 0.114537 0.550661 0.110132 0.546256 0.114537 0.528634 0.114537 0.524229 0.118943 0.528634 0.123348 0.546256 0.123348 0.550661 0.127753 0.555066 0.127753 0.559471 0.132159 0.568282 0.132159 0.572687 0.127753 0.577093 0.127753 0.581498 0.123348 0.585903 0.123348 0.590308 0.118943
0 0.801762 0.145374 0.770925 0.127753 0.748899 0.092511 0.740088 0.096916 0.748899 0.123348 0.735683 0.132159 0.722467 0.123348 0.709251 0.154185 0.691630 0.158590 0.669604 0.136564 0.651982 0.145374 0.674009 0.162996 0.696035 0.162996 0.709251 0.185022 0.687225 0.207048 0.647577 0.189427 0.629956 0.189427 0.621145 0.198238 0.647577 0.211454 0.678414 0.211454 0.696035 0.224670 0.696035 0.233480 0.651982 0.273128 0.656388 0.290749 0.629956 0.321586 0.629956 0.356828 0.621145 0.370044 0.634361 0.387665 0.607930 0.440529 0.577093 0.444934 0.559471 0.431718 0.519824 0.440529 0.497797 0.414097 0.466960 0.436123 0.436123 0.427313 0.422908 0.449339 0.414097 0.453745 0.392070 0.444934 0.361233 0.475771 0.339207 0.458150 0.339207 0.471366 0.348018 0.466960 0.365639 0.480176 0.365639 0.488987 0.339207 0.506608 0.303965 0.480176 0.281938 0.488987 0.259912 0.480176 0.242291 0.519824 0.251101 0.528634 0.264317 0.524229 0.255507 0.519824 0.255507 0.506608 0.281938 0.488987 0.303965 0.506608 0.334802 0.506608 0.352423 0.528634 0.378855 0.528634 0.436123 0.475771 0.431718 0.458150 0.453745 0.444934 0.471366 0.462555 0.493392 0.449339 0.515419 0.466960 0.616740 0.466960 0.665198 0.370044 0.691630 0.343612 0.709251 0.343612 0.718062 0.334802 0.691630 0.295154 0.713656 0.259912 0.722467 0.224670 0.770925 0.207048 0.819383 0.211454 0.832599 0.220264 0.841410 0.215859 0.832599 0.207048 0.788546 0.198238 0.766520 0.171806 0.740088 0.193833 0.718062 0.171806 0.718062 0.162996 0.757709 0.127753 0.788546 0.154185
0 0.171806 0.088106 0.185022 0.101322 0.189427 0.096916 0.193833 0.101322 0.198238 0.101322 0.202643 0.105727 0.202643 0.110132 0.207048 0.114537 0.211454 0.110132 0.215859 0.110132 0.220264 0.105727 0.215859 0.101322 0.211454 0.101322 0.207048 0.096916 0.202643 0.096916 0.198238 0.092511 0.198238 0.088106 0.193833 0.083700 0.193833 0.074890 0.189427 0.070485
0 0.251101 0.026432 0.251101 0.035242 0.255507 0.039648 0.255507 0.044053 0.264317 0.052863 0.264317 0.057269 0.268722 0.061674 0.268722 0.070485 0.273128 0.074890 0.273128 0.083700 0.277533 0.088106 0.277533 0.096916 0.290749 0.110132 0.295154 0.110132 0.312775 0.127753 0.325991 0.127753 0.330396 0.132159 0.334802 0.132159 0.339207 0.136564 0.343612 0.132159 0.348018 0.136564 0.356828 0.136564 0.361233 0.140969 0.370044 0.140969 0.374449 0.145374 0.387665 0.145374 0.396476 0.136564 0.396476 0.132159 0.400881 0.127753 0.405286 0.127753 0.409692 0.123348 0.414097 0.127753 0.418502 0.127753 0.427313 0.136564 0.431718 0.132159 0.431718 0.123348 0.427313 0.118943 0.422908 0.118943 0.414097 0.110132 0.414097 0.101322 0.418502 0.096916 0.405286 0.083700 0.405286 0.066079 0.400881 0.061674 0.392070 0.061674 0.387665 0.066079 0.387665 0.070485 0.383260 0.074890 0.378855 0.074890 0.374449 0.079295 0.370044 0.074890 0.365639 0.079295 0.361233 0.074890 0.356828 0.074890 0.352423 0.070485 0.343612 0.070485 0.339207 0.066079 0.334802 0.070485 0.330396 0.070485 0.325991 0.074890 0.325991 0.079295 0.321586 0.083700 0.321586 0.088106 0.317181 0.092511 0.312775 0.092511 0.308370 0.096916 0.303965 0.096916 0.299559 0.092511 0.295154 0.092511 0.281938 0.079295 0.281938 0.066079 0.277533 0.061674 0.277533 0.057269 0.268722 0.048458 0.268722 0.044053 0.264317 0.039648 0.264317 0.030837 0.255507 0.022026
0 0.995595 0.022026 0.991189 0.017621 0.977974 0.030837 0.977974 0.035242 0.973568 0.039648 0.951542 0.048458 0.933921 0.066079 0.929515 0.066079 0.916300 0.074890 0.907489 0.074890 0.903084 0.079295 0.898678 0.079295 0.885463 0.070485 0.845815 0.070485 0.841410 0.066079 0.828194 0.070485 0.823789 0.066079 0.814978 0.066079 0.801762 0.057269 0.788546 0.057269 0.784141 0.061674 0.775330 0.061674 0.770925 0.066079 0.766520 0.066079 0.762115 0.061674 0.753304 0.061674 0.748899 0.066079 0.740088 0.066079 0.735683 0.070485 0.740088 0.074890 0.748899 0.074890 0.753304 0.070485 0.762115 0.070485 0.766520 0.074890 0.770925 0.074890 0.775330 0.070485 0.797357 0.066079 0.810573 0.074890 0.823789 0.074890 0.828194 0.079295 0.841410 0.074890 0.845815 0.079295 0.885463 0.079295 0.898678 0.088106 0.903084 0.088106 0.907489 0.083700 0.911894 0.088106 0.916300 0.088106 0.920705 0.092511 0.920705 0.105727 0.916300 0.110132 0.903084 0.114537 0.894273 0.123348 0.894273 0.127753 0.889868 0.132159 0.889868 0.140969 0.903084 0.149780 0.903084 0.162996 0.911894 0.171806 0.916300 0.167401 0.903084 0.154185 0.903084 0.145374 0.907489 0.140969 0.907489 0.132159 0.911894 0.127753 0.911894 0.114537 0.920705 0.105727 0.925110 0.105727 0.947137 0.092511 0.942731 0.070485 0.955947 0.057269 0.960352 0.057269 0.964758 0.052863 0.969163 0.052863 0.973568 0.057269 0.977974 0.052863 0.986784 0.052863 0.991189 0.057269 0.995595 0.057269
0 0.383260 0.000000 0.383260 0.008811 0.387665 0.013216 0.387665 0.026432 0.383260 0.030837 0.392070 0.039648 0.396476 0.035242 0.396476 0.030837 0.400881 0.026432 0.405286 0.026432 0.409692 0.022026 0.414097 0.026432 0.418502 0.026432 0.422908 0.030837 0.422908 0.035242 0.427313 0.039648 0.427313 0.052863 0.422908 0.057269 0.422908 0.061674 0.427313 0.061674 0.444934 0.079295 0.462555 0.079295 0.466960 0.083700 0.471366 0.083700 0.475771 0.088106 0.475771 0.110132 0.480176 0.114537 0.493392 0.114537 0.497797 0.110132 0.497797 0.105727 0.493392 0.101322 0.493392 0.088106 0.480176 0.074890 0.475771 0.079295 0.471366 0.074890 0.466960 0.074890 0.458150 0.066079 0.458150 0.061674 0.436123 0.039648 0.436123 0.035242 0.431718 0.030837 0.431718 0.026432 0.422908 0.017621 0.414097 0.017621 0.409692 0.013216 0.405286 0.013216 0.400881 0.008811 0.396476 0.008811 0.392070 0.004405 0.392070 0.000000
