0 0.859031 0.960352 0.854626 0.964758 0.854626 0.977974 0.863436 0.986784 0.863436 0.995595 0.872247 0.995595 0.872247 0.986784 0.876652 0.982379 0.876652 0.977974 0.872247 0.973568 0.872247 0.969163 0.863436 0.960352
0 0.726872 0.960352 0.731278 0.964758 0.735683 0.964758 0.740088 0.969163 0.744493 0.969163 0.753304 0.977974 0.757709 0.973568 0.762115 0.973568 0.766520 0.977974 0.779736 0.977974 0.788546 0.969163 0.788546 0.964758 0.779736 0.955947 0.770925 0.955947 0.766520 0.960352 0.753304 0.960352 0.748899 0.955947 0.740088 0.955947 0.735683 0.960352 0.731278 0.955947
0 0.502203 0.933921 0.497797 0.938326 0.488987 0.938326 0.484582 0.942731 0.484582 0.947137 0.475771 0.955947 0.475771 0.969163 0.480176 0.973568 0.484582 0.973568 0.502203 0.991189 0.502203 0.995595 0.502203 0.991189 0.506608 0.986784 0.502203 0.982379 0.502203 0.973568 0.497797 0.969163 0.497797 0.947137 0.506608 0.938326
0 0.167401 0.942731 0.167401 0.947137 0.171806 0.951542 0.193833 0.951542 0.198238 0.955947 0.202643 0.955947 0.207048 0.960352 0.211454 0.960352 0.215859 0.955947 0.215859 0.947137 0.207048 0.938326 0.189427 0.938326 0.185022 0.933921 0.176211 0.933921
0 0.991189 0.920705 0.986784 0.920705 0.977974 0.911894 0.969163 0.920705 0.969163 0.929515 0.960352 0.938326 0.955947 0.938326 0.951542 0.942731 0.951542 0.947137 0.942731 0.955947 0.938326 0.955947 0.933921 0.960352 0.938326 0.964758 0.955947 0.964758 0.964758 0.955947 0.969163 0.955947 0.973568 0.951542 0.973568 0.938326 0.977974 0.933921 0.977974 0.929515 0.986784 0.920705
0 0.740088 0.903084 0.740088 0.916300 0.748899 0.925110 0.753304 0.925110 0.757709 0.920705 0.766520 0.920705 0.770925 0.916300 0.784141 0.916300 0.788546 0.920705 0.792952 0.920705 0.810573 0.938326 0.810573 0.942731 0.819383 0.951542 0.828194 0.951542 0.837004 0.942731 0.837004 0.933921 0.823789 0.920705 0.819383 0.920705 0.814978 0.916300 0.810573 0.916300 0.806167 0.920705 0.801762 0.916300 0.797357 0.916300 0.788546 0.907489 0.779736 0.907489 0.775330 0.903084 0.770925 0.903084 0.766520 0.898678 0.748899 0.898678 0.744493 0.903084
0 0.585903 0.903084 0.590308 0.907489 0.594714 0.907489 0.599119 0.911894 0.603524 0.911894 0.607930 0.916300 0.612335 0.911894 0.616740 0.916300 0.621145 0.916300 0.625551 0.911894 0.629956 0.911894 0.634361 0.916300 0.638767 0.916300 0.647577 0.925110 0.651982 0.925110 0.656388 0.929515 0.665198 0.929515 0.669604 0.925110 0.669604 0.920705 0.674009 0.916300 0.669604 0.911894 0.660793 0.911894 0.656388 0.916300 0.651982 0.916300 0.647577 0.911894 0.643172 0.911894 0.634361 0.903084 0.629956 0.903084 0.625551 0.898678 0.590308 0.898678
0 0.127753 0.898678 0.118943 0.898678 0.114537 0.903084 0.110132 0.903084 0.105727 0.907489 0.105727 0.911894 0.101322 0.916300 0.096916 0.916300 0.092511 0.920705 0.088106 0.920705 0.083700 0.925110 0.083700 0.929515 0.088106 0.933921 0.092511 0.933921 0.101322 0.942731 0.101322 0.951542 0.110132 0.960352 0.114537 0.960352 0.123348 0.951542 0.123348 0.942731 0.118943 0.938326 0.114537 0.938326 0.110132 0.933921 0.105727 0.933921 0.101322 0.929515 0.101322 0.920705 0.105727 0.916300 0.110132 0.916300 0.114537 0.911894 0.127753 0.911894 0.132159 0.907489 0.132159 0.903084
0 0.414097 0.894273 0.409692 0.898678 0.409692 0.925110 0.400881 0.933921 0.396476 0.933921 0.383260 0.947137 0.383260 0.951542 0.392070 0.960352 0.400881 0.960352 0.405286 0.955947 0.409692 0.955947 0.422908 0.942731 0.422908 0.938326 0.427313 0.933921 0.427313 0.929515 0.431718 0.925110 0.431718 0.907489 0.422908 0.898678 0.418502 0.898678
0 0.330396 0.854626 0.325991 0.859031 0.325991 0.872247 0.321586 0.876652 0.321586 0.885463 0.308370 0.898678 0.303965 0.898678 0.299559 0.903084 0.299559 0.907489 0.303965 0.911894 0.312775 0.911894 0.317181 0.916300 0.321586 0.916300 0.330396 0.925110 0.330396 0.933921 0.325991 0.938326 0.321586 0.938326 0.317181 0.942731 0.312775 0.938326 0.308370 0.938326 0.303965 0.933921 0.299559 0.938326 0.295154 0.938326 0.290749 0.942731 0.290749 0.947137 0.295154 0.951542 0.308370 0.951542 0.312775 0.955947 0.317181 0.951542 0.321586 0.951542 0.325991 0.947137 0.330396 0.947137 0.334802 0.951542 0.339207 0.951542 0.339207 0.947137 0.348018 0.938326 0.348018 0.925110 0.343612 0.920705 0.339207 0.920705 0.334802 0.916300 0.334802 0.907489 0.330396 0.903084 0.330396 0.889868 0.334802 0.885463 0.339207 0.885463 0.348018 0.876652 0.348018 0.872247
0 0.198238 0.814978 0.193833 0.810573 0.162996 0.810573 0.154185 0.819383 0.149780 0.819383 0.145374 0.823789 0.132159 0.823789 0.127753 0.819383 0.118943 0.819383 0.114537 0.823789 0.110132 0.823789 0.105727 0.828194 0.110132 0.832599 0.123348 0.832599 0.127753 0.837004 0.145374 0.837004 0.149780 0.832599 0.154185 0.832599 0.158590 0.828194 0.162996 0.828194 0.167401 0.823789 0.171806 0.823789 0.176211 0.828194 0.180617 0.828194 0.185022 0.832599 0.189427 0.828194 0.189427 0.823789
0 0.436123 0.797357 0.436123 0.801762 0.449339 0.814978 0.493392 0.837004 0.572687 0.845815 0.599119 0.859031 0.607930 0.854626 0.629956 0.854626 0.634361 0.850220 0.726872 0.845815 0.740088 0.854626 0.814978 0.859031 0.841410 0.876652 0.854626 0.876652 0.859031 0.881057 0.898678 0.881057 0.903084 0.876652 0.942731 0.872247 0.955947 0.881057 0.995595 0.889868 0.995595 0.859031 0.991189 0.854626 0.969163 0.854626 0.947137 0.845815 0.872247 0.845815 0.867841 0.850220 0.841410 0.850220 0.814978 0.832599 0.801762 0.832599 0.797357 0.828194 0.792952 0.832599 0.766520 0.832599 0.753304 0.823789 0.735683 0.823789 0.731278 0.819383 0.682819 0.819383 0.665198 0.832599 0.647577 0.832599 0.634361 0.841410 0.612335 0.823789 0.590308 0.819383 0.572687 0.806167 0.559471 0.806167 0.541850 0.819383 0.515419 0.814978 0.497797 0.828194 0.484582 0.819383 0.466960 0.814978 0.440529 0.792952
0 0.000000 0.784141 0.000000 0.797357 0.004405 0.801762 0.022026 0.801762 0.026432 0.806167 0.030837 0.801762 0.030837 0.797357 0.017621 0.784141 0.013216 0.784141 0.008811 0.779736 0.004405 0.784141
0 0.215859 0.740088 0.215859 0.748899 0.220264 0.753304 0.224670 0.748899 0.229075 0.748899 0.233480 0.744493 0.237885 0.748899 0.242291 0.748899 0.246696 0.753304 0.246696 0.766520 0.251101 0.770925 0.268722 0.770925 0.273128 0.766520 0.277533 0.770925 0.281938 0.770925 0.286344 0.775330 0.286344 0.779736 0.290749 0.784141 0.295154 0.779736 0.295154 0.775330 0.290749 0.770925 0.286344 0.770925 0.273128 0.757709 0.268722 0.757709 0.264317 0.753304 0.251101 0.753304 0.246696 0.748899 0.242291 0.748899 0.237885 0.744493 0.237885 0.740088 0.233480 0.735683 0.220264 0.735683
0 0.189427 0.753304 0.185022 0.748899 0.185022 0.735683 0.180617 0.731278 0.176211 0.731278 0.167401 0.740088 0.162996 0.740088 0.158590 0.744493 0.136564 0.744493 0.132159 0.740088 0.123348 0.748899 0.132159 0.757709 0.158590 0.757709 0.162996 0.762115 0.167401 0.762115 0.171806 0.766520 0.176211 0.762115 0.180617 0.762115
0 0.757709 0.722467 0.753304 0.718062 0.744493 0.718062 0.735683 0.726872 0.731278 0.726872 0.726872 0.731278 0.687225 0.731278 0.682819 0.735683 0.660793 0.735683 0.651982 0.744493 0.656388 0.748899 0.660793 0.748899 0.665198 0.753304 0.669604 0.748899 0.674009 0.748899 0.678414 0.744493 0.687225 0.744493 0.691630 0.740088 0.696035 0.744493 0.700441 0.744493 0.704846 0.748899 0.709251 0.744493 0.726872 0.744493 0.740088 0.731278 0.744493 0.731278 0.748899 0.726872 0.753304 0.726872
0 0.449339 0.691630 0.449339 0.696035 0.453745 0.700441 0.453745 0.709251 0.458150 0.713656 0.462555 0.713656 0.466960 0.718062 0.471366 0.718062 0.475771 0.722467 0.484582 0.722467 0.488987 0.726872 0.493392 0.726872 0.497797 0.731278 0.506608 0.731278 0.511013 0.735683 0.515419 0.735683 0.524229 0.744493 0.528634 0.744493 0.533040 0.748899 0.537445 0.748899 0.541850 0.753304 0.546256 0.748899 0.533040 0.735683 0.528634 0.735683 0.519824 0.726872 0.511013 0.726872 0.506608 0.722467 0.502203 0.722467 0.497797 0.718062 0.488987 0.718062 0.484582 0.713656 0.480176 0.713656 0.453745 0.687225
0 0.000000 0.669604 0.000000 0.678414 0.026432 0.691630 0.030837 0.687225 0.044053 0.687225 0.057269 0.696035 0.070485 0.696035 0.088106 0.687225 0.114537 0.691630 0.127753 0.682819 0.149780 0.691630 0.158590 0.687225 0.185022 0.687225 0.202643 0.696035 0.242291 0.700441 0.268722 0.713656 0.295154 0.735683 0.308370 0.740088 0.330396 0.762115 0.352423 0.770925 0.374449 0.792952 0.374449 0.806167 0.361233 0.814978 0.330396 0.797357 0.325991 0.801762 0.312775 0.792952 0.303965 0.801762 0.303965 0.814978 0.295154 0.828194 0.299559 0.832599 0.308370 0.819383 0.321586 0.810573 0.334802 0.819383 0.339207 0.832599 0.343612 0.828194 0.352423 0.832599 0.374449 0.814978 0.422908 0.841410 0.422908 0.854626 0.418502 0.859031 0.422908 0.863436 0.431718 0.859031 0.427313 0.854626 0.427313 0.841410 0.431718 0.837004 0.422908 0.828194 0.400881 0.819383 0.383260 0.801762 0.378855 0.775330 0.392070 0.766520 0.396476 0.757709 0.374449 0.740088 0.352423 0.757709 0.334802 0.753304 0.330396 0.740088 0.339207 0.731278 0.339207 0.722467 0.317181 0.704846 0.312775 0.691630 0.299559 0.687225 0.295154 0.678414 0.281938 0.669604 0.277533 0.674009 0.251101 0.665198 0.242291 0.669604 0.207048 0.647577 0.202643 0.647577 0.193833 0.660793 0.185022 0.665198 0.180617 0.660793 0.167401 0.669604 0.154185 0.665198 0.145374 0.651982 0.127753 0.669604 0.105727 0.682819 0.092511 0.674009 0.088106 0.678414 0.074890 0.678414 0.070485 0.674009 0.030837 0.678414 0.008811 0.665198
0 0.960352 0.651982 0.955947 0.656388 0.951542 0.678414 0.947137 0.682819 0.933921 0.687225 0.920705 0.678414 0.920705 0.665198 0.916300 0.660793 0.916300 0.643172 0.907489 0.634361 0.898678 0.634361 0.894273 0.638767 0.894273 0.651982 0.898678 0.656388 0.898678 0.674009 0.894273 0.678414 0.889868 0.678414 0.885463 0.682819 0.867841 0.682819 0.854626 0.691630 0.845815 0.691630 0.841410 0.687225 0.832599 0.687225 0.828194 0.682819 0.823789 0.682819 0.801762 0.696035 0.819383 0.709251 0.841410 0.709251 0.859031 0.696035 0.872247 0.704846 0.885463 0.704846 0.889868 0.700441 0.889868 0.687225 0.894273 0.682819 0.898678 0.682819 0.903084 0.678414 0.907489 0.682819 0.911894 0.682819 0.916300 0.678414 0.920705 0.682819 0.925110 0.682819 0.933921 0.696035 0.933921 0.713656 0.916300 0.726872 0.903084 0.726872 0.898678 0.731278 0.876652 0.731278 0.872247 0.735683 0.859031 0.735683 0.854626 0.740088 0.859031 0.744493 0.859031 0.753304 0.845815 0.766520 0.854626 0.775330 0.863436 0.775330 0.867841 0.770925 0.867841 0.766520 0.885463 0.753304 0.889868 0.757709 0.911894 0.753304 0.916300 0.757709 0.920705 0.757709 0.933921 0.770925 0.938326 0.766520 0.947137 0.766520 0.951542 0.762115 0.947137 0.748899 0.933921 0.740088 0.933921 0.726872 0.955947 0.709251 0.942731 0.700441 0.942731 0.691630 0.955947 0.682819 0.960352 0.687225 0.969163 0.678414 0.969163 0.665198
0 0.317181 0.612335 0.321586 0.616740 0.325991 0.616740 0.343612 0.634361 0.343612 0.638767 0.352423 0.647577 0.365639 0.647577 0.370044 0.643172 0.370044 0.634361 0.361233 0.625551 0.356828 0.625551 0.343612 0.612335 0.343612 0.607930 0.334802 0.599119 0.325991 0.607930 0.321586 0.607930
0 0.634361 0.594714 0.629956 0.590308 0.621145 0.590308 0.616740 0.594714 0.612335 0.594714 0.603524 0.603524 0.599119 0.603524 0.594714 0.607930 0.594714 0.612335 0.599119 0.616740 0.603524 0.612335 0.607930 0.616740 0.616740 0.607930 0.621145 0.607930 0.625551 0.603524 0.629956 0.603524 0.634361 0.599119
0 0.995595 0.581498 0.991189 0.581498 0.977974 0.594714 0.973568 0.594714 0.960352 0.607930 0.960352 0.621145 0.964758 0.625551 0.973568 0.625551 0.977974 0.621145 0.977974 0.612335 0.982379 0.607930 0.986784 0.607930 0.991189 0.603524 0.995595 0.603524
0 0.942731 0.577093 0.938326 0.572687 0.925110 0.572687 0.920705 0.577093 0.916300 0.577093 0.911894 0.581498 0.898678 0.581498 0.894273 0.585903 0.889868 0.585903 0.885463 0.590308 0.881057 0.590308 0.872247 0.599119 0.872247 0.607930 0.876652 0.612335 0.881057 0.612335 0.889868 0.603524 0.894273 0.603524 0.898678 0.599119 0.903084 0.603524 0.907489 0.599119 0.911894 0.599119 0.916300 0.594714 0.920705 0.594714 0.925110 0.590308 0.929515 0.590308 0.933921 0.585903 0.938326 0.585903 0.942731 0.581498
0 0.722467 0.559471 0.718062 0.563877 0.713656 0.563877 0.709251 0.568282 0.704846 0.568282 0.700441 0.572687 0.700441 0.581498 0.696035 0.585903 0.696035 0.594714 0.682819 0.607930 0.682819 0.616740 0.687225 0.621145 0.691630 0.621145 0.696035 0.616740 0.700441 0.616740 0.704846 0.612335 0.704846 0.594714 0.726872 0.572687 0.726872 0.563877
0 0.859031 0.541850 0.863436 0.546256 0.876652 0.546256 0.881057 0.550661 0.885463 0.550661 0.898678 0.537445 0.889868 0.528634 0.885463 0.528634 0.881057 0.524229 0.867841 0.524229 0.863436 0.528634 0.863436 0.537445
0 0.242291 0.524229 0.246696 0.533040 0.286344 0.537445 0.308370 0.546256 0.317181 0.555066 0.334802 0.555066 0.348018 0.563877 0.374449 0.568282 0.378855 0.572687 0.392070 0.572687 0.422908 0.585903 0.427313 0.590308 0.427313 0.599119 0.400881 0.616740 0.409692 0.629956 0.422908 0.629956 0.436123 0.616740 0.436123 0.612335 0.449339 0.603524 0.466960 0.612335 0.475771 0.621145 0.475771 0.638767 0.484582 0.647577 0.502203 0.651982 0.519824 0.674009 0.533040 0.674009 0.546256 0.660793 0.568282 0.651982 0.572687 0.656388 0.594714 0.656388 0.599119 0.660793 0.607930 0.660793 0.612335 0.656388 0.625551 0.665198 0.625551 0.674009 0.629956 0.678414 0.647577 0.674009 0.665198 0.682819 0.682819 0.700441 0.696035 0.691630 0.696035 0.682819 0.665198 0.656388 0.651982 0.656388 0.647577 0.660793 0.634361 0.660793 0.625551 0.665198 0.612335 0.656388 0.612335 0.647577 0.603524 0.638767 0.599119 0.643172 0.594714 0.638767 0.559471 0.638767 0.555066 0.634361 0.550661 0.643172 0.533040 0.656388 0.506608 0.647577 0.488987 0.625551 0.488987 0.603524 0.480176 0.594714 0.471366 0.594714 0.466960 0.590308 0.449339 0.603524 0.436123 0.594714 0.436123 0.590308 0.409692 0.559471 0.400881 0.559471 0.387665 0.550661 0.365639 0.550661 0.361233 0.546256 0.321586 0.541850 0.281938 0.515419 0.251101 0.515419
0 0.740088 0.488987 0.735683 0.488987 0.731278 0.493392 0.726872 0.493392 0.718062 0.502203 0.713656 0.502203 0.709251 0.506608 0.704846 0.506608 0.700441 0.511013 0.700441 0.533040 0.704846 0.537445 0.709251 0.537445 0.744493 0.502203 0.744493 0.493392
0 0.405286 0.493392 0.409692 0.497797 0.409692 0.515419 0.414097 0.519824 0.418502 0.519824 0.422908 0.524229 0.427313 0.519824 0.431718 0.519824 0.436123 0.515419 0.440529 0.515419 0.444934 0.511013 0.449339 0.511013 0.453745 0.515419 0.462555 0.515419 0.466960 0.519824 0.480176 0.519824 0.484582 0.515419 0.484582 0.511013 0.480176 0.506608 0.475771 0.506608 0.471366 0.511013 0.466960 0.506608 0.453745 0.506608 0.449339 0.511013 0.444934 0.511013 0.440529 0.515419 0.436123 0.511013 0.431718 0.511013 0.422908 0.502203 0.418502 0.502203 0.414097 0.497797 0.414097 0.493392 0.409692 0.488987
0 0.651982 0.462555 0.647577 0.466960 0.647577 0.471366 0.638767 0.480176 0.638767 0.493392 0.647577 0.502203 0.651982 0.502203 0.656388 0.506608 0.660793 0.502203 0.660793 0.471366
0 0.000000 0.462555 0.000000 0.480176 0.008811 0.480176 0.013216 0.475771 0.039648 0.475771 0.044053 0.480176 0.052863 0.471366 0.052863 0.466960 0.048458 0.462555 0.044053 0.462555 0.039648 0.458150 0.035242 0.458150 0.030837 0.453745 0.022026 0.453745 0.017621 0.458150 0.013216 0.458150 0.008811 0.462555
0 0.088106 0.453745 0.088106 0.458150 0.083700 0.462555 0.083700 0.466960 0.088106 0.471366 0.092511 0.471366 0.096916 0.475771 0.096916 0.493392 0.101322 0.497797 0.101322 0.511013 0.096916 0.515419 0.101322 0.519824 0.101322 0.524229 0.105727 0.528634 0.118943 0.528634 0.123348 0.533040 0.127753 0.528634 0.127753 0.515419 0.132159 0.511013 0.136564 0.511013 0.140969 0.506608 0.145374 0.511013 0.149780 0.511013 0.162996 0.524229 0.167401 0.524229 0.171806 0.528634 0.176211 0.528634 0.180617 0.533040 0.185022 0.528634 0.198238 0.528634 0.202643 0.524229 0.198238 0.519824 0.198238 0.515419 0.189427 0.506608 0.171806 0.506608 0.167401 0.502203 0.162996 0.502203 0.158590 0.497797 0.158590 0.484582 0.162996 0.480176 0.162996 0.475771 0.158590 0.471366 0.149780 0.471366 0.145374 0.475771 0.140969 0.471366 0.136564 0.471366 0.132159 0.466960 0.132159 0.462555 0.114537 0.444934 0.096916 0.444934
0 0.361233 0.453745 0.365639 0.458150 0.387665 0.458150 0.392070 0.462555 0.396476 0.462555 0.400881 0.466960 0.405286 0.462555 0.405286 0.458150 0.396476 0.449339 0.396476 0.444934 0.392070 0.440529 0.370044 0.440529 0.365639 0.444934 0.365639 0.449339
0 0.792952 0.449339 0.797357 0.453745 0.814978 0.453745 0.819383 0.458150 0.832599 0.458150 0.837004 0.453745 0.837004 0.444934 0.828194 0.436123 0.823789 0.436123 0.819383 0.431718 0.814978 0.431718 0.810573 0.436123 0.801762 0.436123 0.797357 0.440529 0.797357 0.444934
0 0.555066 0.431718 0.550661 0.436123 0.546256 0.436123 0.541850 0.440529 0.541850 0.484582 0.546256 0.488987 0.546256 0.515419 0.550661 0.519824 0.555066 0.519824 0.559471 0.524229 0.559471 0.533040 0.555066 0.537445 0.555066 0.550661 0.550661 0.555066 0.550661 0.559471 0.555066 0.563877 0.555066 0.568282 0.559471 0.572687 0.563877 0.572687 0.568282 0.577093 0.572687 0.577093 0.581498 0.568282 0.581498 0.563877 0.577093 0.559471 0.577093 0.555066 0.572687 0.550661 0.572687 0.541850 0.577093 0.537445 0.577093 0.533040 0.581498 0.528634 0.581498 0.524229 0.572687 0.515419 0.572687 0.506608 0.559471 0.493392 0.559471 0.436123
0 0.911894 0.427313 0.916300 0.431718 0.933921 0.431718 0.938326 0.427313 0.942731 0.427313 0.947137 0.422908 0.947137 0.418502 0.942731 0.414097 0.920705 0.414097 0.911894 0.422908
0 0.726872 0.396476 0.718062 0.405286 0.718062 0.414097 0.726872 0.422908 0.726872 0.427313 0.731278 0.431718 0.731278 0.444934 0.722467 0.453745 0.722467 0.462555 0.726872 0.466960 0.731278 0.466960 0.735683 0.462555 0.735683 0.440529 0.740088 0.436123 0.744493 0.436123 0.748899 0.431718 0.735683 0.418502 0.735683 0.405286
0 0.215859 0.405286 0.215859 0.409692 0.220264 0.414097 0.224670 0.414097 0.229075 0.418502 0.233480 0.418502 0.237885 0.422908 0.242291 0.422908 0.246696 0.427313 0.251101 0.427313 0.255507 0.431718 0.259912 0.431718 0.264317 0.436123 0.273128 0.436123 0.277533 0.440529 0.286344 0.431718 0.277533 0.422908 0.268722 0.422908 0.264317 0.418502 0.259912 0.418502 0.255507 0.414097 0.255507 0.409692 0.251101 0.405286 0.242291 0.405286 0.237885 0.400881 0.233480 0.400881 0.229075 0.396476 0.224670 0.396476
0 0.295154 0.392070 0.303965 0.400881 0.308370 0.400881 0.312775 0.405286 0.317181 0.405286 0.325991 0.414097 0.334802 0.414097 0.339207 0.409692 0.343612 0.409692 0.348018 0.405286 0.352423 0.405286 0.361233 0.396476 0.361233 0.392070 0.356828 0.387665 0.348018 0.396476 0.343612 0.396476 0.339207 0.400881 0.330396 0.400881 0.325991 0.396476 0.317181 0.396476 0.312775 0.392070 0.303965 0.392070 0.299559 0.387665
0 0.651982 0.356828 0.651982 0.361233 0.660793 0.370044 0.674009 0.370044 0.678414 0.374449 0.696035 0.374449 0.700441 0.370044 0.700441 0.361233 0.704846 0.356828 0.700441 0.352423 0.687225 0.352423 0.682819 0.356828 0.678414 0.356828 0.674009 0.352423 0.669604 0.352423 0.665198 0.348018 0.660793 0.348018
0 0.449339 0.348018 0.444934 0.352423 0.449339 0.356828 0.449339 0.361233 0.453745 0.365639 0.453745 0.383260 0.458150 0.387665 0.458150 0.396476 0.462555 0.400881 0.466960 0.400881 0.475771 0.392070 0.475771 0.387665 0.471366 0.383260 0.471366 0.378855 0.466960 0.374449 0.466960 0.361233 0.453745 0.348018
0 0.198238 0.325991 0.193833 0.325991 0.189427 0.330396 0.185022 0.330396 0.171806 0.343612 0.171806 0.348018 0.176211 0.352423 0.176211 0.361233 0.189427 0.374449 0.193833 0.370044 0.193833 0.365639 0.189427 0.361233 0.189427 0.348018 0.193833 0.343612 0.198238 0.343612 0.202643 0.339207 0.207048 0.343612 0.211454 0.339207
0 0.722467 0.330396 0.722467 0.334802 0.726872 0.339207 0.748899 0.339207 0.753304 0.334802 0.757709 0.339207 0.762115 0.339207 0.766520 0.343612 0.770925 0.343612 0.775330 0.348018 0.788546 0.348018 0.792952 0.352423 0.797357 0.352423 0.801762 0.348018 0.801762 0.339207 0.797357 0.334802 0.792952 0.334802 0.788546 0.339207 0.784141 0.339207 0.779736 0.334802 0.775330 0.334802 0.770925 0.330396 0.766520 0.330396 0.762115 0.325991 0.748899 0.325991 0.744493 0.321586 0.740088 0.321586 0.735683 0.325991 0.726872 0.325991
0 0.845815 0.334802 0.837004 0.343612 0.837004 0.352423 0.832599 0.356828 0.832599 0.361233 0.819383 0.370044 0.814978 0.365639 0.810573 0.370044 0.810573 0.378855 0.819383 0.387665 0.823789 0.387665 0.828194 0.392070 0.828194 0.396476 0.837004 0.405286 0.841410 0.405286 0.863436 0.427313 0.863436 0.431718 0.867841 0.436123 0.867841 0.453745 0.876652 0.466960 0.876652 0.488987 0.872247 0.493392 0.876652 0.497797 0.889868 0.484582 0.894273 0.484582 0.898678 0.480176 0.916300 0.493392 0.916300 0.511013 0.925110 0.519824 0.929515 0.519824 0.933921 0.524229 0.947137 0.524229 0.969163 0.537445 0.973568 0.537445 0.977974 0.533040 0.995595 0.533040 0.995595 0.515419 0.955947 0.497797 0.947137 0.488987 0.947137 0.475771 0.938326 0.462555 0.933921 0.466960 0.929515 0.462555 0.911894 0.475771 0.907489 0.471366 0.903084 0.471366 0.876652 0.444934 0.876652 0.422908 0.863436 0.409692 0.859031 0.409692 0.832599 0.387665 0.832599 0.374449 0.854626 0.356828 0.859031 0.356828 0.881057 0.343612 0.903084 0.343612 0.907489 0.339207 0.920705 0.339207 0.925110 0.334802 0.938326 0.339207 0.951542 0.330396 0.951542 0.321586 0.942731 0.312775 0.938326 0.312775 0.925110 0.321586 0.907489 0.321586 0.889868 0.334802
0 0.000000 0.317181 0.000000 0.325991 0.004405 0.325991 0.008811 0.321586 0.017621 0.321586 0.022026 0.325991 0.026432 0.321586 0.030837 0.325991 0.048458 0.325991 0.052863 0.330396 0.057269 0.330396 0.061674 0.334802 0.061674 0.343612 0.048458 0.356828 0.048458 0.374449 0.035242 0.387665 0.039648 0.392070 0.048458 0.392070 0.052863 0.387665 0.057269 0.387665 0.061674 0.392070 0.066079 0.392070 0.070485 0.396476 0.074890 0.396476 0.079295 0.400881 0.083700 0.400881 0.088106 0.396476 0.088106 0.392070 0.092511 0.387665 0.092511 0.383260 0.088106 0.378855 0.079295 0.378855 0.074890 0.374449 0.070485 0.374449 0.066079 0.370044 0.066079 0.356828 0.070485 0.352423 0.070485 0.348018 0.074890 0.343612 0.070485 0.339207 0.066079 0.339207 0.057269 0.330396 0.057269 0.308370 0.052863 0.303965 0.035242 0.303965 0.030837 0.308370 0.017621 0.308370 0.013216 0.312775 0.008811 0.312775 0.004405 0.317181
0 0.096916 0.299559 0.092511 0.303965 0.092511 0.312775 0.096916 0.317181 0.101322 0.317181 0.105727 0.321586 0.110132 0.321586 0.132159 0.343612 0.136564 0.339207 0.136564 0.334802 0.132159 0.330396 0.132159 0.312775 0.123348 0.303965 0.118943 0.303965 0.114537 0.299559
0 0.581498 0.290749 0.577093 0.286344 0.572687 0.286344 0.563877 0.295154 0.563877 0.299559 0.550661 0.312775 0.550661 0.321586 0.546256 0.325991 0.541850 0.325991 0.546256 0.325991 0.550661 0.330396 0.572687 0.308370 0.572687 0.299559
0 0.348018 0.281938 0.339207 0.290749 0.334802 0.290749 0.330396 0.295154 0.343612 0.308370 0.348018 0.308370 0.356828 0.317181 0.356828 0.321586 0.365639 0.330396 0.365639 0.343612 0.356828 0.352423 0.352423 0.352423 0.348018 0.356828 0.343612 0.356828 0.339207 0.352423 0.330396 0.352423 0.325991 0.356828 0.334802 0.365639 0.339207 0.361233 0.348018 0.361233 0.352423 0.365639 0.365639 0.365639 0.374449 0.356828 0.378855 0.356828 0.383260 0.352423 0.378855 0.348018 0.378855 0.343612 0.374449 0.339207 0.374449 0.330396 0.378855 0.325991 0.378855 0.321586 0.374449 0.317181 0.370044 0.317181 0.365639 0.312775 0.365639 0.290749 0.361233 0.286344 0.352423 0.286344
0 0.854626 0.237885 0.850220 0.233480 0.837004 0.233480 0.832599 0.237885 0.823789 0.237885 0.819383 0.242291 0.801762 0.242291 0.797357 0.246696 0.784141 0.246696 0.779736 0.242291 0.766520 0.242291 0.762115 0.237885 0.753304 0.246696 0.766520 0.259912 0.779736 0.259912 0.784141 0.255507 0.788546 0.255507 0.792952 0.251101 0.797357 0.251101 0.801762 0.255507 0.819383 0.255507 0.823789 0.259912 0.828194 0.255507 0.841410 0.255507 0.850220 0.246696 0.850220 0.242291
0 0.422908 0.255507 0.422908 0.259912 0.427313 0.264317 0.431718 0.259912 0.431718 0.255507 0.436123 0.251101 0.440529 0.251101 0.444934 0.246696 0.453745 0.246696 0.458150 0.242291 0.462555 0.242291 0.466960 0.246696 0.471366 0.246696 0.475771 0.251101 0.475771 0.259912 0.471366 0.264317 0.471366 0.268722 0.466960 0.273128 0.462555 0.273128 0.458150 0.277533 0.462555 0.281938 0.466960 0.277533 0.466960 0.273128 0.471366 0.268722 0.475771 0.268722 0.480176 0.264317 0.502203 0.264317 0.506608 0.268722 0.511013 0.268722 0.515419 0.273128 0.515419 0.277533 0.519824 0.281938 0.524229 0.281938 0.528634 0.277533 0.528634 0.268722 0.519824 0.259912 0.519824 0.255507 0.515419 0.251101 0.515419 0.246696 0.511013 0.242291 0.506608 0.246696 0.480176 0.246696 0.475771 0.242291 0.471366 0.242291 0.466960 0.237885 0.466960 0.233480 0.462555 0.229075 0.444934 0.229075 0.440529 0.233480 0.440529 0.242291 0.431718 0.251101 0.427313 0.251101
0 0.889868 0.220264 0.885463 0.224670 0.889868 0.229075 0.889868 0.242291 0.885463 0.246696 0.885463 0.251101 0.881057 0.255507 0.881057 0.264317 0.898678 0.281938 0.903084 0.281938 0.907489 0.286344 0.916300 0.286344 0.920705 0.281938 0.920705 0.273128 0.925110 0.268722 0.929515 0.268722 0.933921 0.264317 0.942731 0.264317 0.947137 0.259912 0.951542 0.259912 0.955947 0.255507 0.951542 0.255507 0.942731 0.246696 0.938326 0.246696 0.929515 0.255507 0.929515 0.259912 0.925110 0.264317 0.920705 0.264317 0.916300 0.268722 0.911894 0.264317 0.907489 0.264317 0.894273 0.251101 0.894273 0.233480 0.898678 0.229075 0.903084 0.229075 0.907489 0.224670 0.916300 0.224670 0.920705 0.220264 0.916300 0.215859 0.907489 0.215859 0.903084 0.220264 0.898678 0.220264 0.894273 0.224670
0 0.713656 0.202643 0.709251 0.207048 0.709251 0.211454 0.704846 0.215859 0.704846 0.220264 0.700441 0.224670 0.700441 0.233480 0.704846 0.237885 0.709251 0.237885 0.713656 0.242291 0.713656 0.255507 0.718062 0.259912 0.726872 0.251101 0.726872 0.246696 0.718062 0.237885 0.718062 0.224670 0.722467 0.220264 0.726872 0.220264 0.731278 0.215859 0.731278 0.211454 0.726872 0.207048 0.718062 0.207048
0 0.185022 0.193833 0.176211 0.202643 0.176211 0.220264 0.171806 0.224670 0.171806 0.242291 0.180617 0.251101 0.185022 0.246696 0.189427 0.246696 0.202643 0.233480 0.202643 0.229075 0.198238 0.224670 0.198238 0.220264 0.193833 0.215859 0.193833 0.198238 0.189427 0.198238
0 0.132159 0.180617 0.127753 0.176211 0.123348 0.176211 0.118943 0.180617 0.114537 0.180617 0.110132 0.185022 0.101322 0.185022 0.096916 0.180617 0.092511 0.180617 0.088106 0.176211 0.083700 0.176211 0.074890 0.167401 0.070485 0.167401 0.066079 0.162996 0.052863 0.162996 0.044053 0.171806 0.044053 0.180617 0.048458 0.185022 0.070485 0.185022 0.074890 0.180617 0.079295 0.185022 0.083700 0.185022 0.092511 0.193833 0.092511 0.202643 0.088106 0.207048 0.083700 0.207048 0.079295 0.211454 0.074890 0.211454 0.066079 0.220264 0.066079 0.233480 0.061674 0.237885 0.057269 0.237885 0.052863 0.242291 0.057269 0.246696 0.061674 0.246696 0.066079 0.242291 0.066079 0.233480 0.070485 0.229075 0.074890 0.229075 0.079295 0.224670 0.083700 0.224670 0.092511 0.215859 0.092511 0.207048 0.096916 0.202643 0.101322 0.202643 0.105727 0.198238 0.123348 0.198238 0.132159 0.189427
0 0.700441 0.158590 0.696035 0.154185 0.691630 0.158590 0.674009 0.158590 0.665198 0.167401 0.665198 0.171806 0.656388 0.180617 0.651982 0.180617 0.643172 0.189427 0.647577 0.193833 0.660793 0.180617 0.665198 0.180617 0.669604 0.176211 0.674009 0.176211 0.678414 0.180617 0.687225 0.180617 0.691630 0.176211 0.691630 0.167401
0 0.740088 0.136564 0.740088 0.145374 0.748899 0.154185 0.753304 0.154185 0.757709 0.158590 0.757709 0.162996 0.762115 0.167401 0.762115 0.171806 0.775330 0.185022 0.779736 0.180617 0.784141 0.180617 0.788546 0.176211 0.792952 0.180617 0.797357 0.180617 0.801762 0.185022 0.806167 0.185022 0.810573 0.180617 0.810573 0.171806 0.806167 0.167401 0.801762 0.167401 0.797357 0.171806 0.792952 0.167401 0.788546 0.167401 0.775330 0.154185 0.770925 0.154185 0.766520 0.149780 0.766520 0.145374 0.753304 0.132159 0.744493 0.132159
0 0.814978 0.140969 0.819383 0.145374 0.819383 0.149780 0.823789 0.154185 0.837004 0.154185 0.841410 0.149780 0.845815 0.149780 0.850220 0.154185 0.854626 0.154185 0.863436 0.162996 0.876652 0.162996 0.881057 0.167401 0.885463 0.167401 0.889868 0.171806 0.894273 0.171806 0.898678 0.176211 0.898678 0.180617 0.903084 0.185022 0.942731 0.185022 0.947137 0.180617 0.960352 0.180617 0.964758 0.176211 0.977974 0.176211 0.982379 0.171806 0.969163 0.158590 0.951542 0.158590 0.947137 0.162996 0.942731 0.162996 0.938326 0.167401 0.929515 0.167401 0.925110 0.171806 0.920705 0.171806 0.916300 0.167401 0.911894 0.167401 0.903084 0.158590 0.898678 0.158590 0.889868 0.149780 0.885463 0.149780 0.881057 0.145374 0.863436 0.145374 0.859031 0.149780 0.854626 0.149780 0.850220 0.145374 0.845815 0.145374 0.841410 0.140969 0.841410 0.136564 0.832599 0.127753 0.823789 0.127753 0.819383 0.132159 0.819383 0.136564
0 0.176211 0.145374 0.185022 0.154185 0.189427 0.149780 0.193833 0.149780 0.198238 0.145374 0.220264 0.145374 0.224670 0.149780 0.233480 0.149780 0.237885 0.154185 0.242291 0.154185 0.246696 0.149780 0.251101 0.154185 0.255507 0.154185 0.259912 0.158590 0.281938 0.158590 0.286344 0.154185 0.281938 0.149780 0.277533 0.149780 0.273128 0.145374 0.268722 0.145374 0.264317 0.140969 0.255507 0.140969 0.251101 0.136564 0.229075 0.136564 0.224670 0.132159 0.220264 0.132159 0.211454 0.123348 0.207048 0.123348 0.198238 0.132159 0.193833 0.132159 0.189427 0.136564 0.185022 0.136564
0 0.431718 0.118943 0.440529 0.127753 0.444934 0.123348 0.449339 0.123348 0.453745 0.127753 0.458150 0.127753 0.462555 0.132159 0.462555 0.140969 0.458150 0.145374 0.458150 0.149780 0.453745 0.154185 0.453745 0.167401 0.458150 0.171806 0.458150 0.176211 0.475771 0.193833 0.488987 0.193833 0.493392 0.189427 0.493392 0.180617 0.497797 0.176211 0.497797 0.171806 0.502203 0.167401 0.506608 0.167401 0.511013 0.162996 0.519824 0.162996 0.533040 0.149780 0.533040 0.132159 0.537445 0.127753 0.541850 0.127753 0.546256 0.123348 0.550661 0.127753 0.555066 0.127753 0.559471 0.132159 0.563877 0.132159 0.568282 0.127753 0.546256 0.105727 0.541850 0.110132 0.541850 0.118943 0.537445 0.123348 0.533040 0.123348 0.528634 0.127753 0.524229 0.123348 0.519824 0.123348 0.515419 0.118943 0.506608 0.127753 0.502203 0.127753 0.497797 0.132159 0.484582 0.132159 0.480176 0.127753 0.475771 0.127753 0.471366 0.123348 0.471366 0.114537 0.466960 0.110132 0.466960 0.101322 0.462555 0.096916 0.449339 0.110132 0.444934 0.110132 0.440529 0.114537 0.436123 0.114537
0 0.171806 0.110132 0.167401 0.105727 0.162996 0.105727 0.158590 0.101322 0.154185 0.101322 0.149780 0.096916 0.140969 0.105727 0.136564 0.105727 0.132159 0.110132 0.132159 0.118943 0.140969 0.127753 0.149780 0.127753 0.162996 0.114537 0.167401 0.114537
0 0.718062 0.079295 0.713656 0.079295 0.709251 0.083700 0.709251 0.088106 0.704846 0.092511 0.700441 0.092511 0.696035 0.096916 0.691630 0.096916 0.687225 0.101322 0.687225 0.105727 0.691630 0.110132 0.691630 0.114537 0.700441 0.123348 0.709251 0.123348 0.713656 0.118943 0.713656 0.092511 0.722467 0.083700
0 0.647577 0.079295 0.643172 0.079295 0.634361 0.088106 0.634361 0.092511 0.616740 0.110132 0.621145 0.114537 0.621145 0.127753 0.612335 0.136564 0.607930 0.136564 0.599119 0.145374 0.599119 0.149780 0.594714 0.154185 0.594714 0.158590 0.590308 0.162996 0.590308 0.171806 0.585903 0.176211 0.590308 0.180617 0.594714 0.180617 0.599119 0.176211 0.599119 0.162996 0.603524 0.158590 0.607930 0.158590 0.612335 0.154185 0.616740 0.154185 0.621145 0.149780 0.621145 0.132159 0.625551 0.127753 0.629956 0.127753 0.638767 0.118943 0.638767 0.096916 0.643172 0.092511 0.647577 0.092511 0.651982 0.088106 0.651982 0.083700
0 0.105727 0.114537 0.096916 0.105727 0.096916 0.096916 0.092511 0.092511 0.088106 0.092511 0.083700 0.088106 0.079295 0.088106 0.074890 0.083700 0.070485 0.083700 0.066079 0.079295 0.052863 0.092511 0.048458 0.092511 0.044053 0.096916 0.039648 0.096916 0.035242 0.101322 0.030837 0.101322 0.026432 0.105727 0.022026 0.105727 0.017621 0.101322 0.013216 0.101322 0.008811 0.096916 0.008811 0.088106 0.004405 0.083700 0.000000 0.083700 0.000000 0.096916 0.004405 0.101322 0.008811 0.101322 0.013216 0.105727 0.013216 0.114537 0.017621 0.118943 0.022026 0.118943 0.026432 0.114537 0.048458 0.114537 0.052863 0.110132 0.057269 0.110132 0.061674 0.105727 0.066079 0.105727 0.070485 0.101322 0.074890 0.105727 0.079295 0.105727 0.088106 0.114537 0.092511 0.114537 0.096916 0.118943 0.101322 0.118943
0 0.757709 0.070485 0.753304 0.074890 0.753304 0.092511 0.762115 0.101322 0.766520 0.101322 0.779736 0.088106 0.770925 0.079295 0.766520 0.079295
0 0.850220 0.052863 0.845815 0.052863 0.841410 0.057269 0.841410 0.079295 0.845815 0.083700 0.850220 0.079295 0.859031 0.079295 0.863436 0.074890 0.863436 0.066079
0 0.911894 0.048458 0.903084 0.057269 0.903084 0.061674 0.907489 0.066079 0.911894 0.066079 0.916300 0.070485 0.916300 0.079295 0.907489 0.088106 0.907489 0.092511 0.903084 0.096916 0.911894 0.105727 0.916300 0.101322 0.925110 0.101322 0.938326 0.088106 0.929515 0.079295 0.925110 0.079295 0.916300 0.070485 0.916300 0.052863
0 0.616740 0.057269 0.612335 0.052863 0.607930 0.052863 0.603524 0.048458 0.585903 0.048458 0.581498 0.052863 0.581498 0.061674 0.568282 0.074890 0.568282 0.079295 0.577093 0.088106 0.581498 0.088106 0.590308 0.079295 0.590308 0.074890 0.594714 0.070485 0.599119 0.070485 0.603524 0.066079 0.607930 0.066079
0 0.348018 0.052863 0.343612 0.048458 0.339207 0.048458 0.334802 0.044053 0.317181 0.061674 0.317181 0.070485 0.321586 0.074890 0.330396 0.074890 0.348018 0.057269
0 0.524229 0.030837 0.515419 0.030837 0.506608 0.039648 0.506608 0.057269 0.511013 0.061674 0.519824 0.061674 0.524229 0.057269 0.524229 0.052863 0.533040 0.044053 0.533040 0.039648
0 0.215859 0.039648 0.220264 0.044053 0.229075 0.044053 0.233480 0.048458 0.237885 0.048458 0.242291 0.052863 0.268722 0.052863 0.273128 0.048458 0.259912 0.035242 0.255507 0.035242 0.251101 0.030837 0.224670 0.030837
0 0.070485 0.035242 0.074890 0.039648 0.074890 0.044053 0.079295 0.048458 0.083700 0.048458 0.088106 0.052863 0.118943 0.052863 0.123348 0.057269 0.127753 0.052863 0.123348 0.048458 0.118943 0.048458 0.105727 0.035242 0.101322 0.035242 0.096916 0.039648 0.092511 0.039648 0.088106 0.035242 0.079295 0.035242 0.074890 0.030837
