0 0.176211 0.995595 0.264317 0.995595 0.264317 0.986784 0.273128 0.977974 0.277533 0.977974 0.281938 0.973568 0.281938 0.960352 0.277533 0.955947 0.277533 0.951542 0.268722 0.942731 0.264317 0.947137 0.264317 0.964758 0.259912 0.969163 0.255507 0.969163 0.251101 0.973568 0.246696 0.973568 0.242291 0.977974 0.237885 0.973568 0.233480 0.977974 0.229075 0.973568 0.224670 0.977974 0.220264 0.973568 0.215859 0.973568 0.211454 0.969163 0.207048 0.969163 0.202643 0.964758 0.198238 0.964758 0.189427 0.955947 0.189427 0.947137 0.185022 0.942731 0.180617 0.947137 0.180617 0.951542 0.176211 0.955947 0.176211 0.960352 0.180617 0.964758 0.180617 0.977974 0.176211 0.982379
0 0.819383 0.947137 0.819383 0.960352 0.823789 0.964758 0.828194 0.964758 0.832599 0.969163 0.841410 0.969163 0.845815 0.964758 0.854626 0.964758 0.859031 0.960352 0.850220 0.951542 0.845815 0.951542 0.841410 0.947137 0.837004 0.947137 0.828194 0.938326
0 0.533040 0.925110 0.528634 0.929515 0.524229 0.929515 0.519824 0.933921 0.519824 0.938326 0.515419 0.942731 0.515419 0.947137 0.511013 0.951542 0.511013 0.955947 0.515419 0.960352 0.515419 0.969163 0.519824 0.973568 0.524229 0.973568 0.528634 0.977974 0.528634 0.986784 0.519824 0.995595 0.546256 0.995595 0.546256 0.991189 0.541850 0.986784 0.537445 0.986784 0.528634 0.977974 0.528634 0.960352 0.533040 0.955947 0.533040 0.947137 0.537445 0.942731 0.537445 0.929515
0 0.471366 0.925110 0.462555 0.925110 0.458150 0.929515 0.458150 0.933921 0.444934 0.947137 0.444934 0.955947 0.458150 0.969163 0.458150 0.973568 0.462555 0.977974 0.466960 0.973568 0.466960 0.969163 0.462555 0.964758 0.462555 0.947137 0.471366 0.938326 0.471366 0.933921 0.475771 0.929515
0 0.674009 0.925110 0.678414 0.929515 0.696035 0.929515 0.700441 0.933921 0.704846 0.933921 0.718062 0.947137 0.722467 0.947137 0.731278 0.938326 0.713656 0.920705 0.709251 0.920705 0.704846 0.916300 0.700441 0.916300 0.691630 0.907489 0.687225 0.907489 0.678414 0.916300 0.678414 0.920705
0 0.775330 0.898678 0.770925 0.903084 0.770925 0.907489 0.757709 0.920705 0.757709 0.925110 0.766520 0.933921 0.770925 0.933921 0.775330 0.938326 0.775330 0.947137 0.770925 0.951542 0.766520 0.951542 0.762115 0.955947 0.757709 0.951542 0.753304 0.951542 0.748899 0.955947 0.748899 0.964758 0.757709 0.973568 0.762115 0.973568 0.766520 0.977974 0.775330 0.977974 0.784141 0.969163 0.784141 0.955947 0.788546 0.951542 0.788546 0.942731 0.792952 0.938326 0.792952 0.933921 0.788546 0.929515 0.788546 0.925110 0.784141 0.920705 0.784141 0.916300 0.779736 0.911894 0.779736 0.903084
0 0.396476 0.863436 0.392070 0.867841 0.383260 0.867841 0.378855 0.872247 0.378855 0.876652 0.370044 0.885463 0.365639 0.885463 0.361233 0.889868 0.356828 0.885463 0.348018 0.894273 0.348018 0.898678 0.339207 0.907489 0.339207 0.920705 0.330396 0.929515 0.330396 0.938326 0.325991 0.942731 0.325991 0.955947 0.330396 0.960352 0.330396 0.964758 0.334802 0.969163 0.339207 0.969163 0.348018 0.977974 0.348018 0.995595 0.361233 0.995595 0.361233 0.991189 0.348018 0.977974 0.348018 0.955947 0.352423 0.951542 0.356828 0.951542 0.361233 0.947137 0.365639 0.947137 0.378855 0.955947 0.387665 0.955947 0.400881 0.942731 0.405286 0.942731 0.414097 0.933921 0.400881 0.920705 0.396476 0.920705 0.383260 0.929515 0.383260 0.938326 0.378855 0.942731 0.374449 0.942731 0.370044 0.947137 0.365639 0.942731 0.361233 0.942731 0.356828 0.938326 0.356828 0.925110 0.370044 0.916300 0.370044 0.903084 0.374449 0.898678 0.378855 0.898678 0.383260 0.894273 0.396476 0.894273 0.400881 0.898678 0.418502 0.898678 0.422908 0.894273 0.427313 0.898678 0.431718 0.898678 0.440529 0.907489 0.444934 0.907489 0.449339 0.903084 0.449339 0.898678 0.444934 0.894273 0.440529 0.894273 0.431718 0.885463 0.427313 0.885463 0.418502 0.876652 0.414097 0.876652 0.405286 0.867841 0.400881 0.867841
0 0.158590 0.859031 0.154185 0.854626 0.136564 0.854626 0.132159 0.859031 0.127753 0.859031 0.123348 0.863436 0.123348 0.872247 0.127753 0.876652 0.140969 0.876652 0.145374 0.872247 0.149780 0.872247 0.158590 0.863436
0 0.000000 0.854626 0.000000 0.867841 0.004405 0.872247 0.008811 0.872247 0.017621 0.881057 0.030837 0.881057 0.035242 0.876652 0.035242 0.867841 0.030837 0.863436 0.022026 0.863436 0.017621 0.859031 0.013216 0.863436 0.008811 0.859031 0.004405 0.859031
0 0.414097 0.819383 0.418502 0.823789 0.422908 0.823789 0.427313 0.828194 0.427313 0.832599 0.431718 0.837004 0.431718 0.841410 0.440529 0.850220 0.449339 0.850220 0.458150 0.841410 0.458150 0.837004 0.453745 0.832599 0.449339 0.832599 0.444934 0.828194 0.440529 0.828194 0.436123 0.823789 0.431718 0.823789 0.427313 0.819383 0.422908 0.819383 0.418502 0.814978
0 0.259912 0.735683 0.255507 0.731278 0.237885 0.731278 0.229075 0.740088 0.229075 0.744493 0.220264 0.753304 0.215859 0.753304 0.202643 0.766520 0.198238 0.766520 0.185022 0.779736 0.189427 0.784141 0.193833 0.784141 0.198238 0.779736 0.202643 0.779736 0.207048 0.775330 0.211454 0.779736 0.215859 0.775330 0.224670 0.775330 0.229075 0.779736 0.233480 0.779736 0.242291 0.788546 0.255507 0.788546 0.259912 0.784141 0.259912 0.779736 0.255507 0.775330 0.251101 0.775330 0.246696 0.770925 0.242291 0.770925 0.233480 0.762115 0.233480 0.753304 0.237885 0.748899 0.242291 0.748899 0.246696 0.744493 0.251101 0.744493
0 0.511013 0.700441 0.511013 0.704846 0.515419 0.709251 0.519824 0.709251 0.524229 0.704846 0.528634 0.704846 0.533040 0.709251 0.541850 0.709251 0.546256 0.713656 0.550661 0.713656 0.559471 0.722467 0.563877 0.722467 0.568282 0.726872 0.572687 0.726872 0.577093 0.731278 0.590308 0.731278 0.594714 0.726872 0.594714 0.722467 0.590308 0.718062 0.585903 0.722467 0.581498 0.718062 0.577093 0.718062 0.572687 0.713656 0.568282 0.713656 0.563877 0.709251 0.559471 0.713656 0.555066 0.709251 0.550661 0.709251 0.537445 0.696035 0.515419 0.696035
0 0.030837 0.691630 0.026432 0.696035 0.026432 0.700441 0.035242 0.713656 0.035242 0.722467 0.026432 0.731278 0.022026 0.731278 0.017621 0.735683 0.017621 0.740088 0.022026 0.744493 0.022026 0.753304 0.008811 0.762115 0.004405 0.762115 0.000000 0.757709 0.000000 0.828194 0.004405 0.828194 0.008811 0.823789 0.061674 0.823789 0.074890 0.814978 0.079295 0.819383 0.083700 0.819383 0.105727 0.841410 0.114537 0.832599 0.118943 0.832599 0.123348 0.828194 0.140969 0.828194 0.145374 0.823789 0.145374 0.819383 0.140969 0.814978 0.140969 0.810573 0.136564 0.810573 0.132159 0.814978 0.127753 0.814978 0.114537 0.823789 0.110132 0.819383 0.105727 0.819383 0.096916 0.810573 0.092511 0.810573 0.079295 0.819383 0.066079 0.810573 0.066079 0.788546 0.061674 0.784141 0.057269 0.784141 0.048458 0.775330 0.048458 0.766520 0.057269 0.757709 0.061674 0.757709 0.066079 0.753304 0.070485 0.757709 0.074890 0.757709 0.079295 0.753304 0.079295 0.744493 0.083700 0.740088 0.083700 0.735683 0.079295 0.731278 0.079295 0.718062 0.074890 0.713656 0.074890 0.700441 0.061674 0.691630 0.057269 0.696035 0.052863 0.691630
0 0.744493 0.555066 0.740088 0.555066 0.731278 0.563877 0.731278 0.568282 0.726872 0.572687 0.722467 0.572687 0.718062 0.577093 0.713656 0.577093 0.709251 0.572687 0.700441 0.581498 0.700441 0.603524 0.696035 0.607930 0.691630 0.607930 0.678414 0.621145 0.678414 0.629956 0.682819 0.634361 0.687225 0.634361 0.691630 0.629956 0.700441 0.629956 0.704846 0.625551 0.704846 0.603524 0.713656 0.594714 0.718062 0.594714 0.722467 0.590308 0.726872 0.594714 0.731278 0.594714 0.735683 0.599119 0.735683 0.603524 0.740088 0.607930 0.744493 0.607930 0.748899 0.603524 0.748899 0.599119 0.744493 0.594714 0.740088 0.594714 0.735683 0.599119 0.731278 0.594714 0.726872 0.594714 0.722467 0.590308 0.722467 0.577093 0.726872 0.572687 0.731278 0.572687 0.735683 0.568282 0.740088 0.572687 0.748899 0.563877 0.748899 0.559471
0 0.960352 0.546256 0.955947 0.550661 0.955947 0.555066 0.947137 0.563877 0.947137 0.568282 0.951542 0.572687 0.951542 0.585903 0.947137 0.590308 0.942731 0.590308 0.933921 0.599119 0.933921 0.603524 0.942731 0.612335 0.951542 0.612335 0.960352 0.603524 0.960352 0.594714 0.955947 0.590308 0.955947 0.577093 0.960352 0.572687 0.960352 0.555066 0.964758 0.550661
0 0.903084 0.528634 0.898678 0.524229 0.889868 0.524229 0.881057 0.533040 0.876652 0.533040 0.872247 0.537445 0.863436 0.537445 0.859031 0.533040 0.845815 0.546256 0.841410 0.546256 0.837004 0.550661 0.841410 0.555066 0.845815 0.555066 0.850220 0.550661 0.854626 0.550661 0.859031 0.546256 0.863436 0.546256 0.867841 0.541850 0.872247 0.541850 0.876652 0.546256 0.881057 0.546256 0.885463 0.550661 0.889868 0.550661 0.894273 0.555066 0.903084 0.546256
0 0.607930 0.502203 0.612335 0.506608 0.612335 0.511013 0.616740 0.511013 0.621145 0.506608 0.625551 0.511013 0.629956 0.511013 0.634361 0.515419 0.638767 0.511013 0.643172 0.515419 0.647577 0.511013 0.651982 0.511013 0.656388 0.506608 0.660793 0.506608 0.665198 0.511013 0.669604 0.511013 0.674009 0.515419 0.674009 0.524229 0.678414 0.528634 0.678414 0.537445 0.674009 0.541850 0.669604 0.541850 0.660793 0.550661 0.656388 0.550661 0.651982 0.555066 0.656388 0.559471 0.660793 0.559471 0.665198 0.555066 0.669604 0.555066 0.674009 0.559471 0.682819 0.550661 0.682819 0.546256 0.691630 0.537445 0.696035 0.537445 0.704846 0.528634 0.700441 0.524229 0.700441 0.515419 0.691630 0.506608 0.678414 0.506608 0.674009 0.511013 0.669604 0.511013 0.665198 0.506608 0.660793 0.506608 0.651982 0.497797 0.647577 0.502203 0.643172 0.497797 0.629956 0.497797 0.625551 0.502203 0.621145 0.502203 0.616740 0.497797 0.612335 0.497797
0 0.995595 0.488987 0.986784 0.488987 0.982379 0.484582 0.964758 0.484582 0.960352 0.480176 0.955947 0.480176 0.951542 0.475771 0.951542 0.462555 0.955947 0.458150 0.947137 0.449339 0.942731 0.449339 0.938326 0.453745 0.938326 0.475771 0.933921 0.480176 0.929515 0.480176 0.925110 0.484582 0.920705 0.484582 0.916300 0.488987 0.903084 0.488987 0.898678 0.484582 0.894273 0.484582 0.889868 0.480176 0.885463 0.484582 0.885463 0.497797 0.894273 0.506608 0.903084 0.506608 0.907489 0.502203 0.911894 0.502203 0.916300 0.497797 0.920705 0.497797 0.925110 0.502203 0.942731 0.502203 0.947137 0.497797 0.951542 0.497797 0.955947 0.493392 0.964758 0.493392 0.969163 0.497797 0.977974 0.497797 0.982379 0.502203 0.995595 0.502203
0 0.718062 0.449339 0.709251 0.449339 0.704846 0.453745 0.704846 0.458150 0.700441 0.462555 0.700441 0.484582 0.704846 0.488987 0.709251 0.484582 0.713656 0.484582 0.718062 0.480176 0.718062 0.475771 0.722467 0.471366 0.722467 0.453745
0 0.000000 0.506608 0.000000 0.541850 0.074890 0.537445 0.000000 0.577093 0.000000 0.625551 0.123348 0.594714 0.207048 0.629956 0.171806 0.696035 0.149780 0.687225 0.167401 0.643172 0.074890 0.647577 0.127753 0.704846 0.193833 0.713656 0.229075 0.643172 0.273128 0.669604 0.246696 0.691630 0.264317 0.713656 0.312775 0.665198 0.325991 0.700441 0.352423 0.682819 0.383260 0.709251 0.352423 0.792952 0.325991 0.766520 0.268722 0.841410 0.136564 0.907489 0.000000 0.911894 0.000000 0.933921 0.162996 0.938326 0.339207 0.845815 0.396476 0.740088 0.440529 0.748899 0.392070 0.643172 0.497797 0.682819 0.339207 0.599119 0.317181 0.607930 0.334802 0.643172 0.290749 0.665198 0.207048 0.616740 0.220264 0.585903 0.162996 0.599119 0.123348 0.572687 0.233480 0.519824 0.334802 0.528634 0.356828 0.480176 0.462555 0.581498 0.471366 0.625551 0.546256 0.634361 0.665198 0.726872 0.718062 0.682819 0.740088 0.726872 0.801762 0.748899 0.797357 0.775330 0.718062 0.779736 0.616740 0.845815 0.475771 0.766520 0.502203 0.841410 0.466960 0.867841 0.493392 0.903084 0.519824 0.903084 0.515419 0.850220 0.612335 0.859031 0.590308 0.942731 0.616740 0.929515 0.643172 0.964758 0.616740 0.854626 0.704846 0.837004 0.740088 0.872247 0.726872 0.814978 0.788546 0.788546 0.845815 0.814978 0.859031 0.867841 0.828194 0.889868 0.894273 0.903084 0.876652 0.942731 0.942731 0.916300 0.955947 0.995595 0.995595 0.995595 0.995595 0.911894 0.925110 0.859031 0.903084 0.894273 0.872247 0.872247 0.903084 0.814978 0.995595 0.819383 0.903084 0.674009 0.925110 0.629956 0.814978 0.735683 0.735683 0.682819 0.845815 0.590308 0.770925 0.533040 0.814978 0.599119 0.660793 0.696035 0.651982 0.660793 0.616740 0.674009 0.488987 0.585903 0.585903 0.537445 0.603524 0.577093 0.563877 0.599119 0.577093 0.616740 0.621145 0.572687 0.607930 0.519824 0.533040 0.528634 0.480176 0.572687 0.458150 0.519824 0.409692 0.506608 0.436123 0.475771 0.533040 0.493392 0.559471 0.444934 0.506608 0.493392 0.475771 0.453745 0.422908 0.475771 0.405286 0.440529 0.149780 0.458150
0 0.581498 0.418502 0.581498 0.427313 0.577093 0.431718 0.577093 0.436123 0.581498 0.440529 0.585903 0.440529 0.590308 0.444934 0.599119 0.444934 0.603524 0.449339 0.612335 0.449339 0.616740 0.453745 0.621145 0.453745 0.634361 0.466960 0.638767 0.462555 0.651982 0.462555 0.656388 0.466960 0.665198 0.466960 0.669604 0.462555 0.665198 0.458150 0.647577 0.458150 0.643172 0.453745 0.638767 0.453745 0.634361 0.449339 0.629956 0.449339 0.621145 0.440529 0.621145 0.436123 0.616740 0.431718 0.612335 0.431718 0.607930 0.427313 0.603524 0.427313 0.599119 0.422908 0.594714 0.422908 0.585903 0.414097
0 0.057269 0.405286 0.061674 0.409692 0.061674 0.414097 0.070485 0.422908 0.083700 0.422908 0.088106 0.427313 0.092511 0.427313 0.096916 0.431718 0.105727 0.431718 0.110132 0.427313 0.114537 0.427313 0.118943 0.431718 0.136564 0.431718 0.145374 0.422908 0.149780 0.422908 0.154185 0.418502 0.176211 0.418502 0.185022 0.409692 0.189427 0.409692 0.193833 0.405286 0.198238 0.405286 0.202643 0.400881 0.207048 0.400881 0.211454 0.396476 0.207048 0.392070 0.198238 0.392070 0.193833 0.396476 0.189427 0.396476 0.180617 0.405286 0.176211 0.405286 0.171806 0.409692 0.158590 0.409692 0.154185 0.405286 0.118943 0.405286 0.114537 0.400881 0.110132 0.400881 0.105727 0.396476 0.096916 0.396476 0.092511 0.392070 0.083700 0.392070 0.079295 0.387665 0.066079 0.387665 0.057269 0.396476
0 0.365639 0.378855 0.361233 0.383260 0.361233 0.400881 0.370044 0.409692 0.374449 0.405286 0.383260 0.405286 0.387665 0.400881 0.387665 0.387665 0.383260 0.383260 0.374449 0.383260 0.370044 0.378855
0 0.488987 0.370044 0.484582 0.374449 0.480176 0.374449 0.480176 0.378855 0.484582 0.378855 0.493392 0.387665 0.493392 0.396476 0.484582 0.405286 0.484582 0.409692 0.480176 0.414097 0.484582 0.418502 0.484582 0.422908 0.493392 0.431718 0.493392 0.440529 0.497797 0.444934 0.502203 0.440529 0.506608 0.440529 0.515419 0.431718 0.515419 0.427313 0.511013 0.422908 0.506608 0.422908 0.497797 0.414097 0.497797 0.405286 0.502203 0.400881 0.502203 0.392070 0.506608 0.387665 0.506608 0.374449 0.502203 0.370044
0 0.458150 0.365639 0.431718 0.365639 0.427313 0.370044 0.422908 0.370044 0.414097 0.378855 0.414097 0.387665 0.418502 0.392070 0.418502 0.405286 0.422908 0.409692 0.422908 0.414097 0.431718 0.422908 0.431718 0.427313 0.440529 0.436123 0.444934 0.431718 0.440529 0.427313 0.440529 0.422908 0.436123 0.418502 0.436123 0.405286 0.431718 0.400881 0.431718 0.387665 0.436123 0.383260 0.440529 0.383260 0.444934 0.378855 0.449339 0.378855 0.453745 0.383260 0.462555 0.383260 0.466960 0.378855 0.471366 0.378855 0.471366 0.374449 0.466960 0.374449
0 0.264317 0.392070 0.268722 0.396476 0.268722 0.414097 0.273128 0.418502 0.286344 0.418502 0.290749 0.414097 0.295154 0.414097 0.299559 0.409692 0.303965 0.409692 0.308370 0.405286 0.312775 0.409692 0.330396 0.409692 0.334802 0.414097 0.339207 0.409692 0.330396 0.400881 0.317181 0.400881 0.312775 0.396476 0.308370 0.396476 0.295154 0.383260 0.295154 0.370044 0.299559 0.365639 0.290749 0.356828 0.281938 0.365639 0.286344 0.370044 0.286344 0.378855 0.281938 0.383260 0.277533 0.383260 0.273128 0.387665 0.268722 0.387665
0 0.563877 0.356828 0.563877 0.370044 0.568282 0.374449 0.572687 0.374449 0.577093 0.378855 0.581498 0.378855 0.585903 0.383260 0.594714 0.383260 0.599119 0.378855 0.603524 0.383260 0.607930 0.383260 0.612335 0.387665 0.612335 0.392070 0.629956 0.409692 0.634361 0.409692 0.638767 0.414097 0.647577 0.414097 0.660793 0.400881 0.665198 0.400881 0.669604 0.396476 0.674009 0.396476 0.678414 0.400881 0.687225 0.400881 0.691630 0.396476 0.691630 0.392070 0.696035 0.387665 0.696035 0.383260 0.691630 0.378855 0.691630 0.374449 0.674009 0.356828 0.669604 0.356828 0.665198 0.361233 0.669604 0.365639 0.669604 0.370044 0.674009 0.374449 0.674009 0.387665 0.669604 0.392070 0.665198 0.392070 0.660793 0.396476 0.656388 0.396476 0.651982 0.392070 0.629956 0.392070 0.625551 0.387665 0.621145 0.387665 0.616740 0.383260 0.612335 0.387665 0.607930 0.383260 0.603524 0.383260 0.599119 0.378855 0.599119 0.370044 0.607930 0.361233 0.612335 0.361233 0.616740 0.356828 0.621145 0.356828 0.625551 0.352423 0.625551 0.343612 0.621145 0.339207 0.612335 0.339207 0.607930 0.343612 0.607930 0.356828 0.603524 0.361233 0.599119 0.361233 0.594714 0.365639 0.590308 0.365639 0.585903 0.361233 0.581498 0.361233 0.572687 0.352423 0.568282 0.352423
0 0.343612 0.339207 0.334802 0.339207 0.325991 0.348018 0.325991 0.370044 0.330396 0.374449 0.334802 0.374449 0.343612 0.365639 0.343612 0.352423 0.348018 0.348018 0.348018 0.343612
0 0.039648 0.325991 0.022026 0.343612 0.022026 0.352423 0.030837 0.361233 0.035242 0.361233 0.039648 0.365639 0.039648 0.370044 0.044053 0.374449 0.048458 0.374449 0.057269 0.365639 0.057269 0.361233 0.052863 0.356828 0.052863 0.352423 0.048458 0.348018 0.048458 0.330396 0.044053 0.325991
0 0.674009 0.330396 0.674009 0.334802 0.678414 0.339207 0.678414 0.343612 0.682819 0.343612 0.687225 0.339207 0.696035 0.339207 0.700441 0.343612 0.704846 0.343612 0.718062 0.356828 0.726872 0.348018 0.726872 0.343612 0.718062 0.334802 0.713656 0.334802 0.709251 0.330396 0.709251 0.325991 0.696035 0.312775 0.687225 0.321586 0.682819 0.321586
0 0.264317 0.299559 0.264317 0.303965 0.268722 0.303965 0.277533 0.312775 0.281938 0.312775 0.286344 0.317181 0.290749 0.317181 0.295154 0.321586 0.295154 0.325991 0.299559 0.330396 0.312775 0.330396 0.317181 0.325991 0.317181 0.317181 0.308370 0.308370 0.303965 0.308370 0.290749 0.295154 0.286344 0.295154 0.281938 0.290749 0.277533 0.295154 0.273128 0.295154 0.268722 0.299559
0 0.995595 0.281938 0.964758 0.286344 0.955947 0.299559 0.938326 0.308370 0.938326 0.317181 0.925110 0.343612 0.925110 0.370044 0.911894 0.378855 0.889868 0.365639 0.845815 0.356828 0.837004 0.378855 0.828194 0.383260 0.797357 0.378855 0.788546 0.392070 0.775330 0.396476 0.753304 0.383260 0.753304 0.370044 0.744493 0.365639 0.735683 0.374449 0.740088 0.387665 0.748899 0.396476 0.779736 0.405286 0.788546 0.392070 0.797357 0.387665 0.810573 0.392070 0.814978 0.387665 0.837004 0.405286 0.837004 0.414097 0.845815 0.422908 0.863436 0.431718 0.859031 0.458150 0.845815 0.466960 0.828194 0.458150 0.810573 0.458150 0.788546 0.475771 0.766520 0.462555 0.757709 0.471366 0.757709 0.493392 0.762115 0.502203 0.779736 0.515419 0.792952 0.515419 0.797357 0.511013 0.779736 0.488987 0.784141 0.475771 0.792952 0.471366 0.814978 0.475771 0.845815 0.493392 0.850220 0.488987 0.845815 0.466960 0.859031 0.458150 0.863436 0.462555 0.876652 0.458150 0.876652 0.449339 0.863436 0.436123 0.863436 0.427313 0.876652 0.409692 0.867841 0.400881 0.850220 0.405286 0.837004 0.396476 0.837004 0.378855 0.850220 0.370044 0.863436 0.370044 0.889868 0.383260 0.907489 0.374449 0.920705 0.383260 0.916300 0.409692 0.920705 0.418502 0.929515 0.422908 0.938326 0.409692 0.942731 0.383260 0.951542 0.374449 0.951542 0.361233 0.942731 0.352423 0.942731 0.339207 0.960352 0.321586 0.960352 0.303965 0.977974 0.295154 0.995595 0.303965
0 0.255507 0.273128 0.251101 0.268722 0.246696 0.268722 0.242291 0.273128 0.242291 0.281938 0.237885 0.286344 0.233480 0.286344 0.229075 0.290749 0.215859 0.290749 0.211454 0.295154 0.215859 0.299559 0.220264 0.299559 0.224670 0.303965 0.224670 0.308370 0.229075 0.312775 0.229075 0.325991 0.220264 0.334802 0.215859 0.334802 0.211454 0.339207 0.207048 0.334802 0.202643 0.334802 0.198238 0.330396 0.193833 0.334802 0.189427 0.334802 0.185022 0.330396 0.180617 0.330396 0.176211 0.325991 0.158590 0.325991 0.154185 0.321586 0.149780 0.321586 0.145374 0.317181 0.145374 0.308370 0.140969 0.303965 0.136564 0.303965 0.136564 0.308370 0.140969 0.312775 0.140969 0.321586 0.132159 0.330396 0.127753 0.330396 0.123348 0.334802 0.114537 0.334802 0.105727 0.343612 0.105727 0.348018 0.114537 0.356828 0.118943 0.356828 0.123348 0.352423 0.132159 0.352423 0.136564 0.348018 0.149780 0.348018 0.154185 0.343612 0.158590 0.343612 0.162996 0.339207 0.189427 0.339207 0.193833 0.343612 0.198238 0.339207 0.202643 0.339207 0.207048 0.343612 0.211454 0.343612 0.215859 0.348018 0.224670 0.348018 0.229075 0.343612 0.229075 0.339207 0.237885 0.330396 0.242291 0.330396 0.246696 0.325991 0.246696 0.308370 0.251101 0.303965 0.255507 0.303965 0.251101 0.299559 0.246696 0.299559 0.242291 0.295154 0.242291 0.286344 0.246696 0.281938 0.251101 0.281938 0.255507 0.277533
0 0.083700 0.268722 0.083700 0.277533 0.088106 0.281938 0.096916 0.281938 0.101322 0.286344 0.110132 0.286344 0.114537 0.290749 0.123348 0.290749 0.127753 0.295154 0.132159 0.295154 0.132159 0.281938 0.123348 0.273128 0.118943 0.273128 0.110132 0.264317 0.088106 0.264317
0 0.334802 0.295154 0.343612 0.303965 0.348018 0.303965 0.352423 0.308370 0.352423 0.317181 0.361233 0.325991 0.365639 0.325991 0.370044 0.321586 0.392070 0.321586 0.396476 0.325991 0.400881 0.325991 0.405286 0.330396 0.414097 0.330396 0.418502 0.325991 0.418502 0.321586 0.422908 0.317181 0.427313 0.317181 0.431718 0.312775 0.444934 0.312775 0.449339 0.317181 0.453745 0.317181 0.458150 0.321586 0.462555 0.321586 0.466960 0.317181 0.471366 0.317181 0.480176 0.308370 0.484582 0.308370 0.488987 0.303965 0.484582 0.299559 0.480176 0.299559 0.475771 0.303965 0.453745 0.303965 0.449339 0.299559 0.444934 0.299559 0.440529 0.295154 0.427313 0.295154 0.418502 0.303965 0.414097 0.303965 0.409692 0.308370 0.405286 0.308370 0.400881 0.303965 0.396476 0.303965 0.392070 0.299559 0.392070 0.286344 0.396476 0.281938 0.396476 0.273128 0.400881 0.268722 0.405286 0.268722 0.409692 0.264317 0.409692 0.259912 0.405286 0.255507 0.387665 0.273128 0.383260 0.273128 0.374449 0.281938 0.378855 0.286344 0.378855 0.299559 0.374449 0.303965 0.370044 0.303965 0.365639 0.308370 0.361233 0.308370 0.356828 0.303965 0.352423 0.303965 0.339207 0.290749
0 0.903084 0.251101 0.889868 0.264317 0.885463 0.264317 0.881057 0.268722 0.881057 0.277533 0.889868 0.286344 0.894273 0.286344 0.911894 0.303965 0.916300 0.299559 0.920705 0.299559 0.920705 0.290749 0.903084 0.273128 0.903084 0.259912 0.907489 0.255507
0 0.449339 0.259912 0.449339 0.264317 0.453745 0.268722 0.475771 0.268722 0.480176 0.273128 0.484582 0.268722 0.484582 0.259912 0.480176 0.255507 0.475771 0.255507 0.471366 0.251101 0.458150 0.251101
0 0.330396 0.246696 0.317181 0.246696 0.312775 0.251101 0.312775 0.259912 0.308370 0.264317 0.308370 0.277533 0.312775 0.281938 0.334802 0.259912 0.334802 0.251101
0 0.158590 0.242291 0.158590 0.246696 0.171806 0.259912 0.198238 0.259912 0.202643 0.255507 0.207048 0.255507 0.211454 0.251101 0.215859 0.251101 0.220264 0.255507 0.224670 0.255507 0.229075 0.251101 0.224670 0.246696 0.220264 0.246696 0.215859 0.251101 0.211454 0.251101 0.207048 0.255507 0.202643 0.251101 0.198238 0.251101 0.185022 0.237885 0.162996 0.237885
0 0.251101 0.229075 0.251101 0.237885 0.259912 0.246696 0.273128 0.246696 0.281938 0.237885 0.281938 0.229075 0.277533 0.224670 0.255507 0.224670
0 0.828194 0.220264 0.823789 0.220264 0.819383 0.224670 0.819383 0.233480 0.797357 0.255507 0.797357 0.259912 0.788546 0.268722 0.788546 0.273128 0.784141 0.277533 0.788546 0.281938 0.788546 0.286344 0.792952 0.290749 0.797357 0.286344 0.801762 0.286344 0.806167 0.281938 0.810573 0.281938 0.814978 0.286344 0.819383 0.286344 0.823789 0.290749 0.837004 0.290749 0.841410 0.286344 0.841410 0.273128 0.837004 0.268722 0.832599 0.273128 0.823789 0.273128 0.819383 0.277533 0.814978 0.273128 0.810573 0.273128 0.806167 0.268722 0.806167 0.259912 0.828194 0.237885 0.832599 0.237885 0.837004 0.233480 0.837004 0.229075
0 0.057269 0.246696 0.048458 0.237885 0.048458 0.229075 0.039648 0.220264 0.030837 0.220264 0.017621 0.233480 0.013216 0.233480 0.008811 0.237885 0.004405 0.233480 0.000000 0.233480 0.000000 0.264317 0.008811 0.264317 0.013216 0.259912 0.022026 0.259912 0.026432 0.255507 0.048458 0.255507
0 0.352423 0.229075 0.365639 0.242291 0.383260 0.242291 0.392070 0.233480 0.392070 0.224670 0.396476 0.220264 0.396476 0.215859 0.400881 0.211454 0.405286 0.211454 0.409692 0.207048 0.414097 0.207048 0.418502 0.211454 0.431718 0.211454 0.444934 0.198238 0.436123 0.189427 0.422908 0.189427 0.414097 0.198238 0.409692 0.198238 0.405286 0.202643 0.400881 0.198238 0.396476 0.198238 0.392070 0.193833 0.392070 0.185022 0.387665 0.180617 0.383260 0.180617 0.378855 0.176211 0.365639 0.176211 0.361233 0.180617 0.374449 0.193833 0.378855 0.193833 0.387665 0.202643 0.387665 0.215859 0.383260 0.220264 0.378855 0.220264 0.374449 0.224670 0.356828 0.224670
0 0.268722 0.180617 0.273128 0.185022 0.281938 0.185022 0.286344 0.180617 0.290749 0.185022 0.295154 0.185022 0.299559 0.189427 0.299559 0.193833 0.303965 0.198238 0.334802 0.198238 0.339207 0.193833 0.339207 0.189427 0.325991 0.176211 0.303965 0.176211 0.299559 0.180617 0.286344 0.180617 0.281938 0.176211 0.273128 0.176211
0 0.546256 0.308370 0.546256 0.317181 0.550661 0.321586 0.555066 0.317181 0.577093 0.308370 0.581498 0.303965 0.577093 0.299559 0.577093 0.290749 0.590308 0.281938 0.599119 0.281938 0.607930 0.273128 0.607930 0.264317 0.612335 0.259912 0.616740 0.246696 0.629956 0.237885 0.651982 0.233480 0.656388 0.237885 0.660793 0.237885 0.674009 0.255507 0.678414 0.255507 0.691630 0.264317 0.718062 0.264317 0.722467 0.259912 0.726872 0.264317 0.731278 0.264317 0.735683 0.268722 0.735683 0.277533 0.731278 0.281938 0.731278 0.286344 0.735683 0.290749 0.735683 0.295154 0.748899 0.308370 0.748899 0.317181 0.753304 0.321586 0.757709 0.317181 0.770925 0.325991 0.770925 0.334802 0.766520 0.339207 0.770925 0.343612 0.788546 0.343612 0.797357 0.334802 0.797357 0.330396 0.792952 0.325991 0.779736 0.325991 0.775330 0.321586 0.770925 0.321586 0.766520 0.317181 0.766520 0.308370 0.753304 0.295154 0.753304 0.273128 0.757709 0.268722 0.757709 0.259912 0.748899 0.251101 0.744493 0.255507 0.740088 0.251101 0.726872 0.246696 0.718062 0.237885 0.718062 0.233480 0.700441 0.220264 0.669604 0.211454 0.665198 0.207048 0.665198 0.202643 0.643172 0.185022 0.638767 0.171806 0.625551 0.162996 0.621145 0.167401 0.621145 0.176211 0.643172 0.189427 0.643172 0.211454 0.625551 0.224670 0.621145 0.224670 0.590308 0.255507 0.590308 0.264317 0.568282 0.277533 0.568282 0.286344 0.559471 0.295154 0.555066 0.295154
0 0.709251 0.167401 0.704846 0.162996 0.700441 0.162996 0.696035 0.158590 0.691630 0.158590 0.687225 0.162996 0.682819 0.162996 0.678414 0.167401 0.678414 0.176211 0.682819 0.180617 0.700441 0.180617 0.704846 0.176211 0.704846 0.171806
0 0.052863 0.185022 0.052863 0.198238 0.057269 0.202643 0.061674 0.198238 0.066079 0.198238 0.070485 0.202643 0.074890 0.198238 0.079295 0.202643 0.083700 0.202643 0.092511 0.211454 0.101322 0.202643 0.105727 0.202643 0.110132 0.198238 0.118943 0.198238 0.123348 0.193833 0.118943 0.189427 0.110132 0.189427 0.105727 0.185022 0.101322 0.185022 0.096916 0.180617 0.092511 0.180617 0.070485 0.158590 0.057269 0.171806 0.057269 0.180617
0 0.502203 0.149780 0.493392 0.158590 0.497797 0.162996 0.497797 0.180617 0.488987 0.189427 0.484582 0.189427 0.480176 0.193833 0.488987 0.202643 0.493392 0.202643 0.497797 0.207048 0.502203 0.202643 0.515419 0.202643 0.519824 0.198238 0.519824 0.185022 0.511013 0.176211 0.511013 0.171806 0.506608 0.167401 0.506608 0.154185
0 0.255507 0.149780 0.251101 0.145374 0.246696 0.145374 0.237885 0.154185 0.237885 0.158590 0.229075 0.167401 0.224670 0.167401 0.220264 0.171806 0.215859 0.167401 0.211454 0.167401 0.207048 0.162996 0.202643 0.162996 0.198238 0.158590 0.193833 0.158590 0.189427 0.162996 0.189427 0.171806 0.193833 0.176211 0.202643 0.176211 0.207048 0.180617 0.215859 0.180617 0.220264 0.185022 0.224670 0.185022 0.229075 0.189427 0.242291 0.176211 0.246696 0.176211 0.251101 0.171806 0.251101 0.162996 0.255507 0.158590
0 0.572687 0.123348 0.568282 0.127753 0.568282 0.132159 0.581498 0.145374 0.581498 0.158590 0.585903 0.154185 0.590308 0.154185 0.594714 0.149780 0.594714 0.136564 0.581498 0.123348
0 0.638767 0.114537 0.634361 0.118943 0.634361 0.136564 0.638767 0.140969 0.656388 0.140969 0.660793 0.136564 0.660793 0.132159 0.647577 0.118943 0.643172 0.118943
0 0.740088 0.171806 0.766520 0.189427 0.766520 0.202643 0.770925 0.207048 0.775330 0.202643 0.770925 0.198238 0.770925 0.185022 0.779736 0.167401 0.792952 0.162996 0.797357 0.167401 0.819383 0.167401 0.823789 0.171806 0.837004 0.171806 0.850220 0.158590 0.859031 0.154185 0.872247 0.162996 0.872247 0.171806 0.867841 0.180617 0.881057 0.189427 0.881057 0.198238 0.876652 0.202643 0.876652 0.215859 0.889868 0.229075 0.898678 0.229075 0.903084 0.233480 0.938326 0.215859 0.955947 0.224670 0.969163 0.237885 0.995595 0.224670 0.995595 0.162996 0.982379 0.158590 0.973568 0.149780 0.973568 0.140969 0.969163 0.136564 0.960352 0.136564 0.955947 0.145374 0.964758 0.158590 0.969163 0.158590 0.995595 0.180617 0.995595 0.189427 0.973568 0.202643 0.964758 0.202643 0.947137 0.189427 0.947137 0.180617 0.933921 0.167401 0.933921 0.162996 0.920705 0.145374 0.911894 0.145374 0.898678 0.136564 0.889868 0.136564 0.885463 0.140969 0.876652 0.136564 0.863436 0.110132 0.850220 0.123348 0.850220 0.140969 0.832599 0.154185 0.819383 0.158590 0.801762 0.145374 0.792952 0.145374 0.784141 0.162996 0.775330 0.167401 0.766520 0.162996 0.757709 0.167401 0.748899 0.162996
0 0.308370 0.132159 0.308370 0.136564 0.312775 0.140969 0.334802 0.140969 0.339207 0.145374 0.343612 0.145374 0.348018 0.149780 0.356828 0.149780 0.361233 0.145374 0.365639 0.145374 0.374449 0.136564 0.352423 0.114537 0.352423 0.110132 0.348018 0.105727 0.339207 0.105727 0.330396 0.114537 0.330396 0.118943 0.325991 0.123348 0.321586 0.123348 0.317181 0.127753 0.312775 0.127753
0 0.105727 0.088106 0.105727 0.096916 0.114537 0.105727 0.118943 0.105727 0.123348 0.110132 0.127753 0.110132 0.136564 0.118943 0.145374 0.118943 0.149780 0.123348 0.154185 0.123348 0.162996 0.132159 0.167401 0.132159 0.171806 0.136564 0.176211 0.132159 0.180617 0.132159 0.185022 0.127753 0.193833 0.127753 0.198238 0.132159 0.224670 0.132159 0.237885 0.118943 0.242291 0.118943 0.246696 0.114537 0.264317 0.114537 0.268722 0.110132 0.299559 0.110132 0.303965 0.105727 0.295154 0.096916 0.286344 0.096916 0.281938 0.101322 0.273128 0.101322 0.268722 0.105727 0.264317 0.101322 0.255507 0.101322 0.246696 0.110132 0.242291 0.110132 0.237885 0.114537 0.224670 0.114537 0.220264 0.118943 0.215859 0.114537 0.211454 0.118943 0.202643 0.118943 0.198238 0.123348 0.193833 0.123348 0.189427 0.118943 0.185022 0.118943 0.176211 0.110132 0.171806 0.110132 0.162996 0.101322 0.158590 0.101322 0.154185 0.096916 0.149780 0.096916 0.145374 0.101322 0.140969 0.096916 0.136564 0.096916 0.127753 0.088106 0.114537 0.088106 0.110132 0.092511
0 0.000000 0.083700 0.000000 0.110132 0.008811 0.110132 0.013216 0.114537 0.022026 0.114537 0.026432 0.118943 0.030837 0.118943 0.035242 0.123348 0.035242 0.127753 0.039648 0.132159 0.039648 0.136564 0.044053 0.140969 0.061674 0.123348 0.057269 0.123348 0.052863 0.118943 0.048458 0.118943 0.044053 0.123348 0.039648 0.123348 0.035242 0.118943 0.030837 0.118943 0.026432 0.114537 0.026432 0.105727 0.004405 0.083700
0 0.766520 0.083700 0.770925 0.088106 0.779736 0.088106 0.784141 0.092511 0.788546 0.092511 0.792952 0.096916 0.792952 0.101322 0.801762 0.110132 0.814978 0.110132 0.819383 0.105727 0.819383 0.101322 0.806167 0.088106 0.801762 0.088106 0.797357 0.083700 0.784141 0.083700 0.779736 0.079295 0.770925 0.079295
0 0.951542 0.052863 0.947137 0.052863 0.920705 0.079295 0.920705 0.088106 0.925110 0.092511 0.929515 0.088106 0.933921 0.088106 0.938326 0.083700 0.938326 0.079295 0.942731 0.074890 0.942731 0.066079 0.947137 0.061674 0.951542 0.061674 0.955947 0.057269
0 0.414097 0.030837 0.414097 0.039648 0.418502 0.044053 0.418502 0.057269 0.427313 0.066079 0.431718 0.061674 0.436123 0.061674 0.440529 0.066079 0.444934 0.066079 0.453745 0.079295 0.453745 0.096916 0.449339 0.101322 0.444934 0.101322 0.440529 0.105727 0.431718 0.105727 0.427313 0.110132 0.422908 0.110132 0.418502 0.114537 0.414097 0.114537 0.400881 0.127753 0.400881 0.136564 0.414097 0.145374 0.414097 0.154185 0.422908 0.162996 0.427313 0.158590 0.427313 0.154185 0.418502 0.145374 0.418502 0.132159 0.431718 0.123348 0.440529 0.123348 0.462555 0.101322 0.466960 0.101322 0.471366 0.096916 0.475771 0.096916 0.488987 0.105727 0.502203 0.105727 0.506608 0.110132 0.511013 0.110132 0.524229 0.118943 0.533040 0.118943 0.537445 0.123348 0.541850 0.118943 0.541850 0.114537 0.533040 0.105727 0.524229 0.105727 0.519824 0.110132 0.515419 0.105727 0.511013 0.105727 0.506608 0.101322 0.506608 0.096916 0.497797 0.088106 0.493392 0.088106 0.480176 0.096916 0.466960 0.088106 0.466960 0.079295 0.475771 0.066079 0.475771 0.048458 0.480176 0.044053 0.480176 0.035242 0.475771 0.030837 0.471366 0.030837 0.466960 0.035242 0.466960 0.052863 0.458150 0.061674 0.453745 0.061674 0.449339 0.066079 0.444934 0.066079 0.431718 0.057269 0.431718 0.030837 0.427313 0.026432 0.418502 0.026432
0 0.299559 0.035242 0.299559 0.039648 0.308370 0.048458 0.330396 0.048458 0.334802 0.044053 0.334802 0.035242 0.330396 0.030837 0.312775 0.030837 0.308370 0.026432 0.303965 0.026432 0.303965 0.030837
0 0.889868 0.013216 0.885463 0.017621 0.881057 0.017621 0.872247 0.026432 0.872247 0.030837 0.876652 0.035242 0.876652 0.039648 0.889868 0.052863 0.894273 0.052863 0.903084 0.044053 0.898678 0.039648 0.898678 0.035242 0.894273 0.030837 0.894273 0.017621
0 0.726872 0.000000 0.726872 0.013216 0.748899 0.035242 0.753304 0.035242 0.757709 0.030837 0.770925 0.030837 0.775330 0.035242 0.779736 0.035242 0.788546 0.044053 0.792952 0.044053 0.797357 0.048458 0.801762 0.044053 0.806167 0.048458 0.823789 0.030837 0.828194 0.030837 0.832599 0.026432 0.837004 0.026432 0.850220 0.013216 0.845815 0.008811 0.837004 0.017621 0.832599 0.017621 0.819383 0.030837 0.814978 0.030837 0.810573 0.035242 0.806167 0.030837 0.801762 0.030837 0.797357 0.026432 0.784141 0.026432 0.779736 0.022026 0.775330 0.022026 0.766520 0.013216 0.762115 0.013216 0.757709 0.008811 0.757709 0.000000
0 0.669604 0.000000 0.669604 0.004405 0.674009 0.008811 0.678414 0.008811 0.682819 0.013216 0.682819 0.026432 0.687225 0.030837 0.687225 0.044053 0.691630 0.048458 0.691630 0.070485 0.696035 0.074890 0.696035 0.092511 0.700441 0.096916 0.704846 0.092511 0.709251 0.092511 0.713656 0.088106 0.713656 0.083700 0.718062 0.079295 0.718062 0.074890 0.709251 0.066079 0.709251 0.052863 0.704846 0.048458 0.704846 0.026432 0.696035 0.017621 0.691630 0.017621 0.687225 0.013216 0.687225 0.000000
0 0.638767 0.000000 0.625551 0.000000 0.625551 0.026432 0.629956 0.030837 0.629956 0.048458 0.616740 0.061674 0.612335 0.061674 0.607930 0.066079 0.599119 0.066079 0.594714 0.061674 0.590308 0.061674 0.585903 0.057269 0.585903 0.039648 0.581498 0.039648 0.577093 0.044053 0.577093 0.048458 0.581498 0.052863 0.581498 0.066079 0.585903 0.070485 0.590308 0.066079 0.594714 0.066079 0.599119 0.070485 0.603524 0.070485 0.607930 0.074890 0.607930 0.079295 0.612335 0.083700 0.621145 0.083700 0.634361 0.070485 0.638767 0.070485 0.643172 0.066079 0.647577 0.066079 0.651982 0.061674 0.651982 0.052863 0.647577 0.048458 0.647577 0.039648 0.643172 0.035242 0.643172 0.026432 0.634361 0.017621 0.634361 0.004405
0 0.572687 0.000000 0.550661 0.000000 0.550661 0.004405 0.541850 0.013216 0.537445 0.013216 0.533040 0.017621 0.528634 0.017621 0.524229 0.022026 0.524229 0.052863 0.519824 0.057269 0.528634 0.066079 0.541850 0.066079 0.546256 0.061674 0.546256 0.057269 0.541850 0.052863 0.541850 0.048458 0.537445 0.044053 0.537445 0.035242 0.541850 0.030837 0.541850 0.026432 0.550661 0.017621 0.555066 0.017621 0.559471 0.013216 0.563877 0.013216 0.572687 0.004405
0 0.101322 0.000000 0.079295 0.000000 0.079295 0.004405 0.074890 0.008811 0.070485 0.008811 0.061674 0.017621 0.061674 0.026432 0.066079 0.030837 0.070485 0.026432 0.074890 0.026432 0.079295 0.022026 0.083700 0.022026 0.101322 0.004405
0 0.000000 0.000000 0.000000 0.004405 0.008811 0.004405 0.013216 0.000000 0.017621 0.004405 0.022026 0.004405 0.026432 0.008811 0.026432 0.022026 0.017621 0.030837 0.013216 0.030837 0.008811 0.035242 0.004405 0.030837 0.000000 0.035242 0.000000 0.057269 0.004405 0.057269 0.008811 0.052863 0.013216 0.052863 0.017621 0.048458 0.022026 0.048458 0.026432 0.044053 0.030837 0.044053 0.035242 0.048458 0.039648 0.044053 0.039648 0.039648 0.035242 0.035242 0.035242 0.008811 0.039648 0.004405 0.039648 0.000000
