0 0.092511 0.955947 0.088106 0.955947 0.079295 0.964758 0.079295 0.973568 0.074890 0.977974 0.074890 0.982379 0.079295 0.986784 0.083700 0.986784 0.088106 0.982379 0.096916 0.982379 0.101322 0.977974 0.101322 0.964758
0 0.436123 0.938326 0.431718 0.942731 0.427313 0.942731 0.422908 0.947137 0.422908 0.951542 0.436123 0.964758 0.436123 0.969163 0.440529 0.973568 0.444934 0.973568 0.453745 0.964758 0.444934 0.955947 0.444934 0.947137
0 0.810573 0.929515 0.806167 0.929515 0.801762 0.933921 0.801762 0.947137 0.797357 0.951542 0.797357 0.969163 0.792952 0.973568 0.792952 0.977974 0.801762 0.986784 0.806167 0.982379 0.806167 0.964758 0.810573 0.960352 0.810573 0.942731 0.814978 0.938326 0.814978 0.933921
0 0.312775 0.907489 0.308370 0.907489 0.290749 0.925110 0.290749 0.933921 0.286344 0.938326 0.281938 0.938326 0.277533 0.942731 0.264317 0.942731 0.259912 0.947137 0.259912 0.955947 0.273128 0.969163 0.277533 0.964758 0.277533 0.955947 0.281938 0.951542 0.281938 0.947137 0.286344 0.942731 0.290749 0.942731 0.295154 0.938326 0.295154 0.933921 0.299559 0.929515 0.299559 0.925110 0.303965 0.920705 0.308370 0.920705 0.317181 0.911894
0 0.898678 0.903084 0.894273 0.907489 0.894273 0.951542 0.907489 0.964758 0.911894 0.960352 0.907489 0.955947 0.907489 0.929515 0.911894 0.925110 0.911894 0.907489 0.907489 0.903084
0 0.779736 0.907489 0.770925 0.898678 0.766520 0.903084 0.762115 0.903084 0.748899 0.916300 0.748899 0.920705 0.740088 0.929515 0.740088 0.933921 0.718062 0.955947 0.713656 0.955947 0.709251 0.960352 0.700441 0.960352 0.696035 0.964758 0.696035 0.969163 0.691630 0.973568 0.687225 0.973568 0.682819 0.977974 0.682819 0.982379 0.678414 0.986784 0.678414 0.995595 0.713656 0.995595 0.713656 0.991189 0.726872 0.977974 0.731278 0.977974 0.766520 0.942731 0.766520 0.938326 0.779736 0.925110 0.779736 0.920705 0.784141 0.916300 0.779736 0.911894
0 0.000000 0.867841 0.000000 0.881057 0.004405 0.881057 0.008811 0.885463 0.013216 0.885463 0.017621 0.889868 0.022026 0.889868 0.026432 0.894273 0.026432 0.907489 0.022026 0.911894 0.017621 0.911894 0.013216 0.916300 0.008811 0.916300 0.004405 0.911894 0.000000 0.911894 0.000000 0.947137 0.008811 0.947137 0.013216 0.951542 0.017621 0.951542 0.022026 0.955947 0.022026 0.964758 0.030837 0.973568 0.035242 0.969163 0.035242 0.960352 0.026432 0.951542 0.026432 0.942731 0.022026 0.938326 0.022026 0.925110 0.026432 0.920705 0.030837 0.920705 0.035242 0.916300 0.039648 0.916300 0.044053 0.911894 0.039648 0.907489 0.039648 0.898678 0.026432 0.885463 0.026432 0.872247 0.022026 0.867841
0 0.317181 0.854626 0.308370 0.863436 0.312775 0.867841 0.312775 0.872247 0.317181 0.876652 0.317181 0.881057 0.321586 0.885463 0.330396 0.885463 0.343612 0.872247 0.343612 0.867841 0.339207 0.863436 0.334802 0.863436 0.330396 0.859031 0.325991 0.859031 0.321586 0.854626
0 0.383260 0.850220 0.374449 0.850220 0.370044 0.854626 0.365639 0.854626 0.361233 0.859031 0.361233 0.863436 0.365639 0.863436 0.383260 0.881057 0.383260 0.889868 0.370044 0.903084 0.365639 0.903084 0.352423 0.916300 0.352423 0.920705 0.348018 0.925110 0.343612 0.925110 0.339207 0.929515 0.334802 0.929515 0.330396 0.933921 0.330396 0.960352 0.334802 0.964758 0.343612 0.964758 0.348018 0.960352 0.348018 0.955947 0.352423 0.951542 0.352423 0.929515 0.356828 0.925110 0.361233 0.925110 0.365639 0.920705 0.370044 0.920705 0.374449 0.916300 0.378855 0.916300 0.383260 0.911894 0.387665 0.916300 0.392070 0.916300 0.396476 0.920705 0.400881 0.916300 0.400881 0.903084 0.387665 0.889868 0.387665 0.876652 0.392070 0.872247 0.392070 0.859031
0 0.867841 0.841410 0.863436 0.841410 0.854626 0.850220 0.854626 0.863436 0.850220 0.867841 0.845815 0.867841 0.841410 0.872247 0.837004 0.872247 0.832599 0.876652 0.828194 0.872247 0.823789 0.876652 0.823789 0.894273 0.814978 0.903084 0.823789 0.911894 0.828194 0.907489 0.832599 0.907489 0.837004 0.903084 0.841410 0.907489 0.845815 0.903084 0.859031 0.903084 0.863436 0.898678 0.872247 0.898678 0.876652 0.894273 0.876652 0.885463 0.885463 0.876652 0.889868 0.876652 0.885463 0.872247 0.881057 0.872247 0.876652 0.867841 0.876652 0.850220
0 0.484582 0.819383 0.475771 0.819383 0.471366 0.823789 0.471366 0.850220 0.462555 0.859031 0.462555 0.867841 0.449339 0.881057 0.449339 0.885463 0.453745 0.889868 0.458150 0.889868 0.462555 0.894273 0.471366 0.885463 0.471366 0.876652 0.475771 0.872247 0.471366 0.867841 0.471366 0.850220 0.475771 0.845815 0.480176 0.845815 0.488987 0.837004 0.488987 0.823789
0 0.251101 0.819383 0.242291 0.828194 0.242291 0.832599 0.251101 0.841410 0.255507 0.841410 0.259912 0.845815 0.264317 0.845815 0.268722 0.850220 0.268722 0.859031 0.264317 0.863436 0.264317 0.872247 0.268722 0.876652 0.268722 0.889868 0.264317 0.894273 0.259912 0.894273 0.255507 0.898678 0.251101 0.894273 0.246696 0.894273 0.229075 0.876652 0.224670 0.881057 0.224670 0.885463 0.220264 0.889868 0.220264 0.894273 0.229075 0.903084 0.233480 0.903084 0.237885 0.907489 0.242291 0.907489 0.251101 0.916300 0.259912 0.907489 0.264317 0.907489 0.268722 0.903084 0.273128 0.907489 0.281938 0.898678 0.281938 0.894273 0.277533 0.889868 0.277533 0.872247 0.281938 0.867841 0.281938 0.863436 0.286344 0.859031 0.286344 0.850220 0.264317 0.828194 0.259912 0.828194
0 0.088106 0.810573 0.079295 0.819383 0.079295 0.837004 0.092511 0.850220 0.092511 0.863436 0.101322 0.872247 0.114537 0.859031 0.114537 0.850220 0.105727 0.841410 0.101322 0.841410 0.092511 0.832599 0.092511 0.823789 0.096916 0.819383 0.096916 0.814978 0.092511 0.810573
0 0.436123 0.792952 0.427313 0.792952 0.422908 0.797357 0.422908 0.814978 0.431718 0.823789 0.440529 0.814978 0.440529 0.810573 0.444934 0.806167 0.444934 0.801762
0 0.995595 0.779736 0.991189 0.779736 0.977974 0.788546 0.964758 0.788546 0.960352 0.784141 0.955947 0.784141 0.951542 0.788546 0.951542 0.797357 0.938326 0.810573 0.933921 0.810573 0.925110 0.819383 0.920705 0.819383 0.916300 0.823789 0.889868 0.806167 0.881057 0.814978 0.881057 0.819383 0.889868 0.828194 0.894273 0.828194 0.907489 0.819383 0.911894 0.823789 0.916300 0.823789 0.920705 0.828194 0.920705 0.837004 0.951542 0.867841 0.951542 0.876652 0.955947 0.881057 0.955947 0.889868 0.960352 0.894273 0.960352 0.911894 0.955947 0.916300 0.955947 0.925110 0.938326 0.942731 0.951542 0.955947 0.955947 0.955947 0.964758 0.964758 0.964758 0.982379 0.951542 0.991189 0.933921 0.991189 0.929515 0.986784 0.925110 0.991189 0.925110 0.995595 0.960352 0.995595 0.960352 0.991189 0.964758 0.986784 0.977974 0.982379 0.982379 0.977974 0.982379 0.973568 0.995595 0.964758 0.995595 0.898678 0.982379 0.889868 0.982379 0.876652 0.986784 0.872247 0.991189 0.872247 0.991189 0.867841 0.986784 0.867841 0.982379 0.863436 0.982379 0.859031 0.973568 0.850220 0.960352 0.854626 0.947137 0.845815 0.947137 0.837004 0.951542 0.832599 0.955947 0.832599 0.964758 0.823789 0.964758 0.819383 0.977974 0.806167 0.977974 0.801762 0.986784 0.792952 0.991189 0.792952 0.995595 0.788546
0 0.096916 0.753304 0.092511 0.753304 0.083700 0.762115 0.083700 0.779736 0.092511 0.788546 0.096916 0.784141 0.101322 0.784141 0.105727 0.779736 0.105727 0.762115
0 0.251101 0.740088 0.246696 0.740088 0.242291 0.744493 0.242291 0.753304 0.237885 0.757709 0.233480 0.757709 0.229075 0.762115 0.224670 0.762115 0.220264 0.757709 0.211454 0.757709 0.207048 0.762115 0.207048 0.784141 0.202643 0.788546 0.202643 0.810573 0.198238 0.814978 0.193833 0.814978 0.189427 0.819383 0.189427 0.823789 0.180617 0.832599 0.180617 0.845815 0.185022 0.850220 0.185022 0.859031 0.180617 0.863436 0.176211 0.863436 0.171806 0.867841 0.171806 0.894273 0.167401 0.898678 0.167401 0.907489 0.171806 0.911894 0.185022 0.898678 0.185022 0.889868 0.189427 0.885463 0.189427 0.881057 0.193833 0.876652 0.193833 0.867841 0.189427 0.863436 0.189427 0.854626 0.193833 0.850220 0.198238 0.850220 0.207048 0.841410 0.207048 0.832599 0.215859 0.823789 0.215859 0.819383 0.237885 0.797357 0.242291 0.797357 0.237885 0.797357 0.233480 0.792952 0.233480 0.762115 0.237885 0.757709 0.242291 0.757709 0.246696 0.753304 0.251101 0.757709 0.259912 0.748899 0.259912 0.744493 0.255507 0.744493
0 0.277533 0.740088 0.281938 0.744493 0.286344 0.744493 0.299559 0.757709 0.299559 0.770925 0.303965 0.775330 0.317181 0.775330 0.321586 0.779736 0.325991 0.779736 0.339207 0.792952 0.356828 0.792952 0.361233 0.797357 0.370044 0.797357 0.374449 0.792952 0.374449 0.788546 0.365639 0.779736 0.348018 0.779736 0.343612 0.775330 0.339207 0.775330 0.334802 0.779736 0.330396 0.775330 0.325991 0.775330 0.321586 0.770925 0.321586 0.766520 0.317181 0.762115 0.317181 0.757709 0.312775 0.753304 0.312775 0.744493 0.308370 0.740088 0.299559 0.740088 0.295154 0.744493 0.290749 0.740088 0.286344 0.740088 0.281938 0.735683
0 0.458150 0.722467 0.453745 0.726872 0.453745 0.731278 0.458150 0.735683 0.458150 0.740088 0.462555 0.744493 0.462555 0.762115 0.466960 0.766520 0.475771 0.766520 0.480176 0.762115 0.484582 0.766520 0.488987 0.766520 0.497797 0.775330 0.502203 0.775330 0.506608 0.779736 0.506608 0.797357 0.502203 0.801762 0.506608 0.806167 0.511013 0.806167 0.515419 0.810573 0.519824 0.810573 0.524229 0.806167 0.524229 0.788546 0.519824 0.784141 0.519824 0.775330 0.524229 0.770925 0.524229 0.762115 0.528634 0.757709 0.528634 0.753304 0.537445 0.744493 0.541850 0.744493 0.550661 0.735683 0.550661 0.731278 0.541850 0.722467 0.528634 0.735683 0.528634 0.740088 0.524229 0.744493 0.519824 0.744493 0.515419 0.748899 0.515419 0.753304 0.506608 0.762115 0.502203 0.762115 0.497797 0.766520 0.488987 0.766520 0.484582 0.762115 0.480176 0.762115 0.475771 0.757709 0.475771 0.748899 0.484582 0.740088 0.484582 0.735683 0.475771 0.726872 0.462555 0.726872
0 0.127753 0.718062 0.127753 0.726872 0.132159 0.731278 0.140969 0.731278 0.145374 0.726872 0.154185 0.726872 0.158590 0.722467 0.158590 0.718062 0.154185 0.713656 0.149780 0.713656 0.145374 0.709251 0.136564 0.709251
0 0.885463 0.704846 0.881057 0.700441 0.876652 0.700441 0.867841 0.709251 0.867841 0.718062 0.854626 0.731278 0.850220 0.731278 0.837004 0.744493 0.837004 0.753304 0.832599 0.757709 0.828194 0.757709 0.823789 0.762115 0.819383 0.762115 0.814978 0.766520 0.810573 0.762115 0.806167 0.766520 0.801762 0.762115 0.797357 0.762115 0.792952 0.766520 0.792952 0.775330 0.797357 0.779736 0.801762 0.779736 0.806167 0.775330 0.814978 0.775330 0.819383 0.779736 0.823789 0.779736 0.828194 0.784141 0.837004 0.784141 0.841410 0.779736 0.841410 0.770925 0.845815 0.766520 0.845815 0.762115 0.850220 0.757709 0.854626 0.757709 0.872247 0.740088 0.872247 0.726872 0.885463 0.713656 0.889868 0.713656 0.885463 0.709251
0 0.185022 0.682819 0.176211 0.691630 0.176211 0.700441 0.180617 0.704846 0.189427 0.704846 0.193833 0.700441 0.198238 0.700441 0.202643 0.696035 0.207048 0.700441 0.211454 0.700441 0.215859 0.704846 0.215859 0.726872 0.220264 0.731278 0.233480 0.718062 0.233480 0.709251 0.229075 0.704846 0.229075 0.687225 0.233480 0.682819 0.229075 0.678414 0.220264 0.678414 0.211454 0.687225 0.207048 0.687225 0.202643 0.691630 0.198238 0.687225 0.193833 0.687225 0.189427 0.682819
0 0.797357 0.647577 0.788546 0.656388 0.784141 0.656388 0.779736 0.660793 0.770925 0.660793 0.766520 0.665198 0.766520 0.687225 0.770925 0.691630 0.775330 0.691630 0.779736 0.687225 0.784141 0.691630 0.788546 0.691630 0.792952 0.696035 0.792952 0.713656 0.788546 0.718062 0.784141 0.718062 0.775330 0.726872 0.770925 0.726872 0.748899 0.748899 0.748899 0.753304 0.731278 0.770925 0.731278 0.788546 0.735683 0.792952 0.740088 0.792952 0.744493 0.797357 0.753304 0.788546 0.753304 0.775330 0.757709 0.770925 0.757709 0.766520 0.770925 0.753304 0.775330 0.753304 0.779736 0.748899 0.779736 0.744493 0.784141 0.740088 0.784141 0.735683 0.792952 0.726872 0.792952 0.713656 0.797357 0.709251 0.801762 0.709251 0.806167 0.704846 0.823789 0.704846 0.828194 0.700441 0.832599 0.700441 0.837004 0.696035 0.837004 0.687225 0.832599 0.682819 0.828194 0.682819 0.823789 0.678414 0.819383 0.678414 0.814978 0.682819 0.810573 0.682819 0.806167 0.687225 0.801762 0.687225 0.797357 0.691630 0.792952 0.687225 0.788546 0.687225 0.784141 0.682819 0.784141 0.669604 0.792952 0.660793 0.797357 0.660793 0.801762 0.656388 0.801762 0.651982
0 0.951542 0.643172 0.947137 0.638767 0.942731 0.638767 0.938326 0.643172 0.933921 0.643172 0.916300 0.660793 0.911894 0.660793 0.907489 0.665198 0.903084 0.665198 0.898678 0.669604 0.903084 0.674009 0.907489 0.674009 0.911894 0.678414 0.920705 0.678414 0.925110 0.674009 0.933921 0.674009 0.942731 0.665198 0.942731 0.660793 0.947137 0.656388 0.947137 0.651982 0.951542 0.647577
0 0.118943 0.629956 0.118943 0.638767 0.127753 0.647577 0.132159 0.647577 0.149780 0.665198 0.167401 0.665198 0.171806 0.660793 0.171806 0.656388 0.162996 0.647577 0.158590 0.647577 0.154185 0.643172 0.149780 0.643172 0.136564 0.629956 0.127753 0.629956 0.123348 0.625551
0 0.383260 0.621145 0.378855 0.625551 0.378855 0.638767 0.370044 0.647577 0.365639 0.647577 0.361233 0.651982 0.361233 0.656388 0.356828 0.660793 0.356828 0.682819 0.361233 0.687225 0.370044 0.687225 0.378855 0.678414 0.378855 0.674009 0.383260 0.669604 0.383260 0.656388 0.387665 0.651982 0.383260 0.647577 0.383260 0.634361 0.387665 0.629956 0.387665 0.625551
0 0.854626 0.616740 0.850220 0.621145 0.850220 0.625551 0.854626 0.629956 0.854626 0.634361 0.867841 0.647577 0.867841 0.651982 0.872247 0.656388 0.881057 0.656388 0.889868 0.647577 0.889868 0.643172 0.872247 0.625551 0.867841 0.625551 0.859031 0.616740
0 0.524229 0.612335 0.519824 0.612335 0.511013 0.621145 0.511013 0.625551 0.506608 0.629956 0.506608 0.643172 0.497797 0.651982 0.493392 0.651982 0.488987 0.656388 0.484582 0.656388 0.480176 0.651982 0.475771 0.651982 0.471366 0.647577 0.471366 0.638767 0.475771 0.634361 0.475771 0.616740 0.471366 0.612335 0.471366 0.607930 0.466960 0.603524 0.458150 0.612335 0.458150 0.643172 0.462555 0.647577 0.466960 0.647577 0.475771 0.656388 0.475771 0.669604 0.471366 0.674009 0.471366 0.678414 0.466960 0.682819 0.471366 0.687225 0.480176 0.687225 0.493392 0.674009 0.493392 0.669604 0.497797 0.665198 0.497797 0.656388 0.502203 0.651982 0.506608 0.651982 0.511013 0.647577 0.511013 0.643172 0.515419 0.638767 0.519824 0.638767 0.533040 0.625551 0.533040 0.621145
0 0.022026 0.594714 0.017621 0.599119 0.022026 0.603524 0.026432 0.603524 0.044053 0.621145 0.044053 0.638767 0.035242 0.647577 0.030837 0.647577 0.017621 0.660793 0.017621 0.687225 0.013216 0.691630 0.013216 0.704846 0.022026 0.713656 0.026432 0.713656 0.030837 0.718062 0.030837 0.740088 0.022026 0.748899 0.022026 0.753304 0.026432 0.757709 0.039648 0.757709 0.044053 0.753304 0.044053 0.740088 0.052863 0.731278 0.052863 0.726872 0.057269 0.722467 0.048458 0.713656 0.044053 0.713656 0.039648 0.709251 0.035242 0.709251 0.030837 0.704846 0.030837 0.691630 0.026432 0.687225 0.026432 0.678414 0.030837 0.674009 0.030837 0.665198 0.035242 0.660793 0.039648 0.660793 0.052863 0.647577 0.057269 0.647577 0.061674 0.643172 0.066079 0.643172 0.074890 0.634361 0.061674 0.621145 0.061674 0.612335 0.057269 0.612335 0.052863 0.607930 0.044053 0.607930 0.039648 0.603524 0.035242 0.603524 0.030837 0.599119 0.026432 0.599119
0 0.321586 0.572687 0.317181 0.577093 0.317181 0.590308 0.321586 0.594714 0.321586 0.603524 0.325991 0.607930 0.330396 0.607930 0.334802 0.612335 0.339207 0.607930 0.339207 0.577093 0.334802 0.572687
0 0.876652 0.568282 0.867841 0.577093 0.867841 0.585903 0.876652 0.594714 0.885463 0.594714 0.898678 0.581498 0.898678 0.577093 0.894273 0.572687 0.889868 0.572687 0.885463 0.568282
0 0.762115 0.577093 0.766520 0.581498 0.770925 0.577093 0.775330 0.581498 0.792952 0.581498 0.797357 0.585903 0.801762 0.585903 0.806167 0.581498 0.810573 0.581498 0.814978 0.577093 0.810573 0.572687 0.806167 0.572687 0.797357 0.563877 0.792952 0.568282 0.788546 0.563877 0.784141 0.563877 0.779736 0.568282 0.770925 0.568282
0 0.471366 0.568282 0.475771 0.572687 0.488987 0.572687 0.493392 0.568282 0.497797 0.572687 0.502203 0.568282 0.511013 0.568282 0.515419 0.563877 0.506608 0.555066 0.480176 0.555066 0.471366 0.563877
0 0.991189 0.546256 0.982379 0.546256 0.969163 0.559471 0.969163 0.563877 0.977974 0.572687 0.982379 0.572687 0.986784 0.568282 0.991189 0.568282 0.995595 0.563877 0.995595 0.550661
0 0.185022 0.550661 0.180617 0.555066 0.180617 0.568282 0.158590 0.585903 0.162996 0.590308 0.167401 0.590308 0.180617 0.577093 0.185022 0.577093 0.189427 0.572687 0.193833 0.572687 0.207048 0.563877 0.215859 0.563877 0.220264 0.568282 0.233480 0.563877 0.237885 0.568282 0.242291 0.568282 0.251101 0.577093 0.251101 0.599119 0.237885 0.607930 0.233480 0.603524 0.220264 0.616740 0.220264 0.625551 0.211454 0.634361 0.207048 0.634361 0.198238 0.643172 0.198238 0.647577 0.207048 0.656388 0.211454 0.651982 0.220264 0.651982 0.224670 0.647577 0.229075 0.647577 0.233480 0.643172 0.233480 0.625551 0.237885 0.621145 0.237885 0.616740 0.251101 0.607930 0.264317 0.616740 0.264317 0.629956 0.268722 0.634361 0.273128 0.634361 0.286344 0.643172 0.286344 0.647577 0.290749 0.651982 0.290749 0.669604 0.286344 0.674009 0.286344 0.678414 0.295154 0.687225 0.303965 0.678414 0.303965 0.669604 0.312775 0.660793 0.312775 0.651982 0.308370 0.647577 0.308370 0.643172 0.299559 0.634361 0.290749 0.634361 0.286344 0.629956 0.281938 0.629956 0.273128 0.621145 0.273128 0.603524 0.264317 0.590308 0.264317 0.581498 0.268722 0.577093 0.264317 0.572687 0.251101 0.568282 0.242291 0.559471 0.242291 0.555066 0.237885 0.550661 0.198238 0.550661 0.193833 0.546256 0.189427 0.550661
0 0.348018 0.541850 0.352423 0.546256 0.356828 0.546256 0.356828 0.541850 0.361233 0.537445 0.365639 0.537445 0.370044 0.533040 0.405286 0.533040 0.409692 0.528634 0.409692 0.524229 0.400881 0.515419 0.370044 0.515419 0.365639 0.519824 0.365639 0.524229 0.352423 0.537445 0.348018 0.537445
0 0.321586 0.506608 0.317181 0.506608 0.312775 0.502203 0.308370 0.506608 0.308370 0.511013 0.312775 0.515419 0.312775 0.537445 0.308370 0.541850 0.303965 0.541850 0.299559 0.546256 0.295154 0.541850 0.290749 0.541850 0.286344 0.546256 0.286344 0.550661 0.281938 0.555066 0.286344 0.559471 0.303965 0.541850 0.308370 0.541850 0.312775 0.537445 0.317181 0.541850 0.325991 0.533040 0.330396 0.533040 0.330396 0.515419
0 0.057269 0.519824 0.057269 0.524229 0.061674 0.528634 0.066079 0.524229 0.070485 0.528634 0.088106 0.528634 0.092511 0.533040 0.096916 0.533040 0.101322 0.537445 0.101322 0.546256 0.114537 0.559471 0.118943 0.555066 0.123348 0.555066 0.127753 0.550661 0.136564 0.550661 0.140969 0.546256 0.145374 0.550661 0.149780 0.546256 0.149780 0.541850 0.145374 0.537445 0.132159 0.537445 0.127753 0.533040 0.123348 0.533040 0.118943 0.528634 0.114537 0.528634 0.110132 0.524229 0.105727 0.524229 0.101322 0.519824 0.101322 0.511013 0.092511 0.502203 0.088106 0.502203 0.083700 0.497797 0.079295 0.497797
0 0.682819 0.493392 0.674009 0.502203 0.674009 0.506608 0.678414 0.511013 0.678414 0.515419 0.682819 0.519824 0.687225 0.519824 0.691630 0.524229 0.696035 0.524229 0.704846 0.515419 0.704846 0.502203 0.700441 0.497797 0.700441 0.493392 0.696035 0.493392 0.691630 0.497797 0.687225 0.493392
0 0.916300 0.484582 0.916300 0.493392 0.925110 0.502203 0.929515 0.502203 0.933921 0.506608 0.938326 0.502203 0.942731 0.502203 0.947137 0.497797 0.947137 0.488987 0.938326 0.480176 0.920705 0.480176
0 0.348018 0.453745 0.339207 0.453745 0.330396 0.462555 0.330396 0.475771 0.334802 0.480176 0.334802 0.484582 0.339207 0.488987 0.343612 0.484582 0.348018 0.484582 0.352423 0.480176 0.352423 0.458150
0 0.770925 0.414097 0.762115 0.422908 0.762115 0.431718 0.779736 0.449339 0.779736 0.453745 0.784141 0.458150 0.784141 0.462555 0.792952 0.471366 0.797357 0.471366 0.801762 0.475771 0.801762 0.480176 0.806167 0.484582 0.806167 0.497797 0.810573 0.502203 0.810573 0.506608 0.814978 0.511013 0.819383 0.506608 0.819383 0.502203 0.814978 0.497797 0.814978 0.466960 0.810573 0.462555 0.806167 0.462555 0.792952 0.449339 0.788546 0.449339 0.784141 0.444934 0.784141 0.427313
0 0.462555 0.414097 0.458150 0.414097 0.453745 0.409692 0.449339 0.409692 0.444934 0.414097 0.444934 0.440529 0.436123 0.449339 0.431718 0.449339 0.427313 0.453745 0.422908 0.453745 0.418502 0.458150 0.414097 0.453745 0.409692 0.458150 0.409692 0.484582 0.414097 0.488987 0.418502 0.488987 0.427313 0.480176 0.422908 0.475771 0.422908 0.466960 0.440529 0.449339 0.444934 0.449339 0.458150 0.436123 0.462555 0.436123 0.471366 0.427313 0.471366 0.422908
0 0.418502 0.405286 0.414097 0.400881 0.405286 0.400881 0.400881 0.405286 0.396476 0.405286 0.392070 0.409692 0.383260 0.409692 0.378855 0.414097 0.374449 0.414097 0.370044 0.418502 0.370044 0.422908 0.374449 0.427313 0.400881 0.427313 0.418502 0.409692
0 0.801762 0.396476 0.801762 0.409692 0.806167 0.414097 0.810573 0.414097 0.814978 0.418502 0.819383 0.418502 0.823789 0.422908 0.823789 0.436123 0.828194 0.440529 0.828194 0.444934 0.837004 0.453745 0.841410 0.453745 0.845815 0.449339 0.850220 0.449339 0.854626 0.453745 0.859031 0.453745 0.867841 0.462555 0.867841 0.475771 0.854626 0.488987 0.854626 0.497797 0.859031 0.502203 0.859031 0.519824 0.863436 0.524229 0.872247 0.515419 0.872247 0.502203 0.876652 0.497797 0.876652 0.488987 0.885463 0.480176 0.889868 0.480176 0.894273 0.475771 0.898678 0.475771 0.903084 0.471366 0.903084 0.462555 0.907489 0.458150 0.907489 0.453745 0.911894 0.449339 0.916300 0.449339 0.920705 0.444934 0.925110 0.449339 0.929515 0.449339 0.933921 0.453745 0.942731 0.453745 0.947137 0.449339 0.947137 0.440529 0.942731 0.436123 0.942731 0.427313 0.933921 0.418502 0.925110 0.418502 0.920705 0.422908 0.920705 0.436123 0.916300 0.440529 0.911894 0.440529 0.907489 0.444934 0.903084 0.440529 0.898678 0.440529 0.894273 0.436123 0.889868 0.436123 0.885463 0.431718 0.881057 0.436123 0.872247 0.436123 0.867841 0.440529 0.863436 0.440529 0.859031 0.444934 0.854626 0.440529 0.850220 0.440529 0.841410 0.431718 0.841410 0.422908 0.810573 0.392070 0.806167 0.392070
0 0.339207 0.374449 0.334802 0.378855 0.330396 0.378855 0.325991 0.383260 0.325991 0.400881 0.334802 0.409692 0.343612 0.400881 0.343612 0.396476 0.348018 0.392070 0.348018 0.383260
0 0.123348 0.374449 0.114537 0.365639 0.110132 0.370044 0.110132 0.378855 0.114537 0.383260 0.114537 0.396476 0.101322 0.409692 0.096916 0.409692 0.092511 0.414097 0.083700 0.414097 0.079295 0.418502 0.074890 0.418502 0.061674 0.409692 0.061674 0.400881 0.057269 0.396476 0.048458 0.405286 0.048458 0.409692 0.039648 0.418502 0.039648 0.436123 0.030837 0.444934 0.030837 0.449339 0.017621 0.462555 0.013216 0.462555 0.008811 0.466960 0.004405 0.462555 0.000000 0.462555 0.000000 0.471366 0.004405 0.471366 0.017621 0.462555 0.026432 0.462555 0.039648 0.471366 0.039648 0.484582 0.044053 0.488987 0.052863 0.488987 0.057269 0.484582 0.057269 0.480176 0.052863 0.475771 0.048458 0.475771 0.039648 0.466960 0.039648 0.458150 0.044053 0.453745 0.044053 0.436123 0.057269 0.422908 0.061674 0.422908 0.066079 0.418502 0.070485 0.418502 0.074890 0.422908 0.079295 0.422908 0.092511 0.436123 0.092511 0.449339 0.088106 0.453745 0.083700 0.453745 0.074890 0.466960 0.079295 0.471366 0.096916 0.471366 0.110132 0.458150 0.096916 0.444934 0.096916 0.436123 0.105727 0.427313 0.110132 0.427313 0.123348 0.418502 0.118943 0.414097 0.118943 0.400881 0.114537 0.396476 0.114537 0.387665 0.123348 0.378855
0 0.185022 0.361233 0.180617 0.361233 0.176211 0.365639 0.176211 0.374449 0.167401 0.383260 0.167401 0.392070 0.171806 0.396476 0.176211 0.396476 0.180617 0.400881 0.193833 0.387665 0.193833 0.383260 0.189427 0.378855 0.189427 0.365639
0 0.942731 0.352423 0.938326 0.348018 0.933921 0.348018 0.929515 0.352423 0.925110 0.352423 0.911894 0.365639 0.911894 0.370044 0.916300 0.374449 0.929515 0.374449 0.938326 0.365639 0.938326 0.361233 0.942731 0.356828
0 0.312775 0.343612 0.303965 0.343612 0.299559 0.348018 0.299559 0.352423 0.295154 0.356828 0.290749 0.356828 0.286344 0.361233 0.281938 0.361233 0.277533 0.365639 0.273128 0.365639 0.264317 0.374449 0.268722 0.378855 0.268722 0.392070 0.264317 0.396476 0.259912 0.396476 0.255507 0.400881 0.246696 0.400881 0.242291 0.405286 0.242291 0.414097 0.246696 0.418502 0.251101 0.418502 0.255507 0.414097 0.259912 0.414097 0.264317 0.409692 0.268722 0.414097 0.273128 0.414097 0.281938 0.422908 0.281938 0.427313 0.286344 0.431718 0.290749 0.431718 0.295154 0.427313 0.295154 0.418502 0.281938 0.405286 0.281938 0.387665 0.290749 0.378855 0.290749 0.370044 0.299559 0.361233 0.303965 0.361233 0.317181 0.348018
0 0.462555 0.339207 0.458150 0.339207 0.453745 0.343612 0.444934 0.343612 0.431718 0.356828 0.427313 0.356828 0.422908 0.361233 0.422908 0.365639 0.418502 0.370044 0.418502 0.374449 0.427313 0.383260 0.431718 0.383260 0.444934 0.370044 0.444934 0.365639 0.449339 0.361233 0.453745 0.361233 0.458150 0.356828 0.462555 0.356828 0.466960 0.352423 0.466960 0.343612
0 0.000000 0.348018 0.000000 0.365639 0.004405 0.365639 0.013216 0.356828 0.017621 0.356828 0.022026 0.352423 0.030837 0.352423 0.035242 0.356828 0.039648 0.356828 0.044053 0.361233 0.048458 0.361233 0.052863 0.365639 0.057269 0.365639 0.070485 0.378855 0.079295 0.370044 0.079295 0.361233 0.074890 0.356828 0.070485 0.356828 0.066079 0.352423 0.057269 0.352423 0.052863 0.348018 0.048458 0.348018 0.035242 0.334802 0.022026 0.348018 0.017621 0.348018 0.013216 0.352423 0.008811 0.348018
0 0.881057 0.325991 0.854626 0.352423 0.854626 0.356828 0.850220 0.361233 0.850220 0.370044 0.854626 0.374449 0.854626 0.392070 0.859031 0.396476 0.863436 0.396476 0.867841 0.400881 0.876652 0.400881 0.881057 0.405286 0.889868 0.405286 0.898678 0.396476 0.898678 0.387665 0.894273 0.383260 0.885463 0.383260 0.881057 0.378855 0.876652 0.378855 0.872247 0.374449 0.872247 0.361233 0.898678 0.334802 0.889868 0.325991
0 0.123348 0.334802 0.132159 0.343612 0.140969 0.343612 0.145374 0.348018 0.149780 0.348018 0.158590 0.339207 0.145374 0.325991 0.132159 0.325991
0 0.735683 0.321586 0.731278 0.321586 0.726872 0.325991 0.722467 0.325991 0.718062 0.330396 0.718062 0.334802 0.722467 0.339207 0.722467 0.352423 0.713656 0.361233 0.713656 0.374449 0.718062 0.378855 0.718062 0.392070 0.709251 0.400881 0.709251 0.418502 0.704846 0.422908 0.704846 0.431718 0.700441 0.436123 0.700441 0.440529 0.696035 0.444934 0.696035 0.458150 0.704846 0.466960 0.704846 0.484582 0.709251 0.480176 0.713656 0.480176 0.718062 0.475771 0.718062 0.462555 0.713656 0.458150 0.713656 0.444934 0.731278 0.427313 0.731278 0.422908 0.726872 0.418502 0.726872 0.400881 0.722467 0.396476 0.722467 0.387665 0.735683 0.374449 0.735683 0.370044 0.740088 0.365639 0.735683 0.361233 0.735683 0.356828 0.726872 0.348018 0.726872 0.339207 0.731278 0.334802 0.735683 0.334802 0.740088 0.330396 0.740088 0.325991
0 0.788546 0.286344 0.784141 0.281938 0.779736 0.281938 0.775330 0.286344 0.770925 0.286344 0.762115 0.295154 0.757709 0.295154 0.753304 0.299559 0.753304 0.303965 0.757709 0.308370 0.762115 0.308370 0.766520 0.312775 0.779736 0.299559 0.784141 0.299559 0.788546 0.295154
0 0.497797 0.299559 0.493392 0.295154 0.493392 0.290749 0.488987 0.286344 0.480176 0.286344 0.475771 0.281938 0.471366 0.281938 0.466960 0.277533 0.453745 0.277533 0.449339 0.281938 0.449339 0.286344 0.444934 0.290749 0.444934 0.295154 0.431718 0.308370 0.427313 0.308370 0.422908 0.312775 0.418502 0.308370 0.414097 0.312775 0.414097 0.325991 0.409692 0.330396 0.414097 0.334802 0.422908 0.334802 0.427313 0.330396 0.427313 0.325991 0.422908 0.321586 0.422908 0.312775 0.427313 0.308370 0.431718 0.308370 0.436123 0.303965 0.440529 0.308370 0.449339 0.308370 0.453745 0.303965 0.458150 0.303965 0.462555 0.299559 0.466960 0.303965 0.471366 0.303965 0.484582 0.317181 0.488987 0.317181 0.497797 0.308370
0 0.374449 0.273128 0.370044 0.273128 0.361233 0.281938 0.356828 0.281938 0.361233 0.281938 0.365639 0.286344 0.365639 0.295154 0.370044 0.299559 0.370044 0.312775 0.361233 0.321586 0.356828 0.321586 0.352423 0.325991 0.352423 0.334802 0.356828 0.339207 0.365639 0.330396 0.370044 0.330396 0.383260 0.317181 0.374449 0.308370 0.374449 0.299559 0.383260 0.290749 0.383260 0.281938
0 0.167401 0.242291 0.162996 0.246696 0.162996 0.259912 0.167401 0.264317 0.167401 0.273128 0.171806 0.277533 0.171806 0.281938 0.176211 0.286344 0.180617 0.286344 0.185022 0.281938 0.185022 0.273128 0.189427 0.268722 0.189427 0.246696 0.185022 0.242291
0 0.792952 0.246696 0.784141 0.237885 0.775330 0.237885 0.770925 0.242291 0.762115 0.242291 0.753304 0.251101 0.753304 0.255507 0.757709 0.259912 0.784141 0.259912 0.792952 0.251101
0 0.317181 0.229075 0.308370 0.237885 0.321586 0.251101 0.321586 0.259912 0.317181 0.264317 0.312775 0.264317 0.303965 0.273128 0.303965 0.286344 0.312775 0.295154 0.334802 0.295154 0.339207 0.290749 0.339207 0.286344 0.343612 0.281938 0.348018 0.281938 0.343612 0.281938 0.339207 0.277533 0.339207 0.273128 0.325991 0.259912 0.325991 0.251101 0.330396 0.246696 0.330396 0.242291 0.334802 0.237885 0.325991 0.229075
0 0.876652 0.215859 0.881057 0.220264 0.885463 0.220264 0.889868 0.215859 0.894273 0.220264 0.898678 0.220264 0.903084 0.224670 0.903084 0.237885 0.907489 0.242291 0.920705 0.242291 0.929515 0.233480 0.929515 0.215859 0.925110 0.211454 0.920705 0.211454 0.916300 0.215859 0.911894 0.215859 0.907489 0.220264 0.898678 0.220264 0.894273 0.215859 0.889868 0.215859 0.885463 0.211454 0.881057 0.211454
0 0.365639 0.202643 0.356828 0.211454 0.356828 0.220264 0.361233 0.224670 0.361233 0.229075 0.365639 0.233480 0.365639 0.237885 0.370044 0.242291 0.378855 0.233480 0.374449 0.229075 0.374449 0.220264 0.383260 0.211454 0.378855 0.207048 0.370044 0.207048
0 0.264317 0.202643 0.255507 0.211454 0.255507 0.224670 0.251101 0.229075 0.251101 0.233480 0.246696 0.237885 0.246696 0.242291 0.251101 0.246696 0.251101 0.251101 0.255507 0.255507 0.255507 0.259912 0.259912 0.264317 0.259912 0.277533 0.264317 0.281938 0.268722 0.277533 0.268722 0.273128 0.273128 0.268722 0.273128 0.224670 0.268722 0.220264 0.268722 0.207048
0 0.088106 0.211454 0.083700 0.211454 0.079295 0.215859 0.074890 0.215859 0.070485 0.220264 0.066079 0.215859 0.061674 0.215859 0.057269 0.211454 0.057269 0.207048 0.052863 0.202643 0.048458 0.202643 0.044053 0.198238 0.039648 0.202643 0.039648 0.207048 0.035242 0.211454 0.035242 0.220264 0.039648 0.224670 0.039648 0.233480 0.044053 0.237885 0.044053 0.246696 0.048458 0.251101 0.048458 0.264317 0.044053 0.268722 0.044053 0.273128 0.039648 0.277533 0.039648 0.290749 0.035242 0.295154 0.030837 0.295154 0.026432 0.299559 0.022026 0.295154 0.017621 0.295154 0.013216 0.290749 0.013216 0.286344 0.008811 0.281938 0.000000 0.281938 0.000000 0.303965 0.004405 0.303965 0.008811 0.299559 0.013216 0.303965 0.017621 0.303965 0.026432 0.312775 0.039648 0.299559 0.044053 0.299559 0.048458 0.295154 0.057269 0.295154 0.061674 0.290749 0.061674 0.268722 0.066079 0.264317 0.066079 0.259912 0.061674 0.255507 0.061674 0.251101 0.057269 0.246696 0.057269 0.229075 0.061674 0.224670 0.066079 0.224670 0.070485 0.220264 0.074890 0.224670 0.079295 0.224670 0.088106 0.233480 0.096916 0.233480 0.101322 0.229075 0.101322 0.224670
0 0.444934 0.185022 0.440529 0.189427 0.436123 0.189427 0.431718 0.193833 0.436123 0.198238 0.436123 0.202643 0.444934 0.211454 0.449339 0.211454 0.453745 0.215859 0.453745 0.224670 0.444934 0.233480 0.444934 0.237885 0.453745 0.246696 0.453745 0.251101 0.462555 0.259912 0.466960 0.255507 0.466960 0.237885 0.471366 0.233480 0.471366 0.229075 0.462555 0.220264 0.462555 0.211454 0.466960 0.207048 0.462555 0.202643 0.462555 0.193833 0.458150 0.189427 0.453745 0.189427 0.449339 0.185022
0 0.960352 0.176211 0.951542 0.185022 0.951542 0.198238 0.955947 0.202643 0.960352 0.202643 0.969163 0.211454 0.969163 0.220264 0.964758 0.224670 0.964758 0.233480 0.960352 0.237885 0.960352 0.251101 0.969163 0.259912 0.973568 0.259912 0.977974 0.264317 0.982379 0.264317 0.986784 0.268722 0.995595 0.268722 0.995595 0.259912 0.991189 0.259912 0.986784 0.255507 0.982379 0.255507 0.973568 0.246696 0.973568 0.233480 0.977974 0.229075 0.982379 0.229075 0.986784 0.224670 0.995595 0.224670 0.995595 0.207048 0.986784 0.207048 0.982379 0.211454 0.977974 0.211454 0.973568 0.207048 0.969163 0.207048 0.964758 0.202643 0.964758 0.185022 0.969163 0.180617 0.964758 0.176211
0 0.832599 0.171806 0.828194 0.176211 0.819383 0.176211 0.814978 0.180617 0.823789 0.189427 0.828194 0.189427 0.841410 0.202643 0.841410 0.211454 0.832599 0.220264 0.828194 0.220264 0.819383 0.229075 0.823789 0.233480 0.841410 0.233480 0.845815 0.229075 0.845815 0.215859 0.850220 0.211454 0.850220 0.202643 0.859031 0.193833 0.850220 0.185022 0.845815 0.185022
0 0.881057 0.158590 0.876652 0.162996 0.876652 0.171806 0.889868 0.185022 0.894273 0.185022 0.898678 0.189427 0.903084 0.189427 0.907489 0.185022 0.907489 0.180617 0.898678 0.171806 0.898678 0.167401 0.889868 0.158590
0 0.114537 0.154185 0.114537 0.185022 0.118943 0.189427 0.118943 0.193833 0.132159 0.207048 0.140969 0.207048 0.145374 0.211454 0.149780 0.211454 0.154185 0.215859 0.180617 0.215859 0.185022 0.211454 0.189427 0.215859 0.193833 0.215859 0.198238 0.211454 0.207048 0.211454 0.215859 0.202643 0.215859 0.198238 0.220264 0.193833 0.220264 0.189427 0.215859 0.185022 0.215859 0.180617 0.207048 0.171806 0.202643 0.171806 0.198238 0.167401 0.193833 0.167401 0.189427 0.162996 0.145374 0.162996 0.140969 0.158590 0.136564 0.158590 0.132159 0.154185 0.127753 0.154185 0.123348 0.158590 0.118943 0.154185
0 0.453745 0.140969 0.449339 0.136564 0.440529 0.136564 0.436123 0.140969 0.431718 0.140969 0.427313 0.145374 0.427313 0.149780 0.422908 0.154185 0.422908 0.158590 0.418502 0.162996 0.414097 0.162996 0.409692 0.167401 0.405286 0.167401 0.400881 0.162996 0.396476 0.162996 0.392070 0.158590 0.374449 0.158590 0.370044 0.162996 0.370044 0.167401 0.374449 0.171806 0.383260 0.171806 0.387665 0.176211 0.392070 0.176211 0.405286 0.189427 0.409692 0.185022 0.409692 0.180617 0.414097 0.176211 0.414097 0.167401 0.418502 0.162996 0.422908 0.162996 0.427313 0.158590 0.444934 0.158590 0.453745 0.149780
0 0.484582 0.114537 0.484582 0.123348 0.511013 0.149780 0.515419 0.149780 0.519824 0.145374 0.524229 0.145374 0.528634 0.140969 0.533040 0.145374 0.541850 0.145374 0.546256 0.149780 0.550661 0.149780 0.559471 0.158590 0.563877 0.154185 0.568282 0.158590 0.572687 0.154185 0.572687 0.145374 0.568282 0.140969 0.563877 0.140969 0.559471 0.136564 0.546256 0.136564 0.541850 0.132159 0.533040 0.132159 0.528634 0.136564 0.524229 0.136564 0.519824 0.132159 0.515419 0.132159 0.506608 0.123348 0.506608 0.114537 0.502203 0.110132 0.488987 0.110132
0 0.154185 0.110132 0.149780 0.105727 0.140969 0.105727 0.136564 0.110132 0.132159 0.110132 0.127753 0.114537 0.123348 0.114537 0.114537 0.123348 0.114537 0.132159 0.110132 0.136564 0.105727 0.136564 0.101322 0.140969 0.105727 0.145374 0.110132 0.145374 0.110132 0.136564 0.118943 0.127753 0.123348 0.127753 0.127753 0.123348 0.132159 0.127753 0.136564 0.127753 0.140969 0.123348 0.145374 0.123348 0.154185 0.114537
0 0.000000 0.110132 0.000000 0.132159 0.004405 0.136564 0.008811 0.136564 0.013216 0.140969 0.013216 0.145374 0.017621 0.149780 0.039648 0.149780 0.044053 0.154185 0.048458 0.154185 0.052863 0.158590 0.061674 0.158590 0.070485 0.149780 0.061674 0.140969 0.057269 0.140969 0.048458 0.132159 0.048458 0.118943 0.044053 0.118943 0.026432 0.101322 0.022026 0.105727 0.008811 0.105727 0.004405 0.110132
0 0.810573 0.088106 0.806167 0.092511 0.801762 0.092511 0.797357 0.096916 0.792952 0.096916 0.788546 0.101322 0.784141 0.101322 0.775330 0.110132 0.775330 0.140969 0.779736 0.145374 0.779736 0.149780 0.784141 0.154185 0.788546 0.154185 0.792952 0.158590 0.801762 0.149780 0.801762 0.132159 0.797357 0.127753 0.797357 0.105727 0.806167 0.096916 0.810573 0.096916 0.814978 0.092511 0.819383 0.092511 0.814978 0.092511
0 0.942731 0.092511 0.938326 0.088106 0.933921 0.092511 0.929515 0.092511 0.925110 0.088106 0.920705 0.088106 0.911894 0.079295 0.907489 0.083700 0.907489 0.088106 0.903084 0.092511 0.898678 0.092511 0.894273 0.096916 0.889868 0.096916 0.885463 0.092511 0.881057 0.096916 0.876652 0.096916 0.876652 0.114537 0.881057 0.118943 0.881057 0.127753 0.885463 0.132159 0.898678 0.118943 0.898678 0.105727 0.903084 0.101322 0.907489 0.101322 0.911894 0.096916 0.916300 0.101322 0.920705 0.096916 0.925110 0.096916 0.929515 0.092511 0.933921 0.092511 0.938326 0.096916
0 0.079295 0.066079 0.066079 0.079295 0.066079 0.088106 0.061674 0.092511 0.066079 0.096916 0.066079 0.114537 0.070485 0.118943 0.074890 0.118943 0.079295 0.114537 0.079295 0.110132 0.083700 0.105727 0.079295 0.101322 0.079295 0.083700 0.083700 0.079295 0.083700 0.070485
0 0.180617 0.048458 0.171806 0.048458 0.167401 0.052863 0.162996 0.052863 0.154185 0.061674 0.154185 0.066079 0.162996 0.074890 0.167401 0.074890 0.171806 0.070485 0.176211 0.070485 0.185022 0.061674 0.185022 0.052863
0 0.317181 0.044053 0.312775 0.048458 0.308370 0.048458 0.303965 0.052863 0.299559 0.052863 0.290749 0.061674 0.286344 0.061674 0.281938 0.066079 0.281938 0.083700 0.286344 0.088106 0.295154 0.088106 0.299559 0.083700 0.303965 0.083700 0.308370 0.079295 0.312775 0.079295 0.317181 0.074890 0.321586 0.079295 0.325991 0.079295 0.330396 0.083700 0.330396 0.101322 0.325991 0.105727 0.325991 0.123348 0.334802 0.132159 0.334802 0.140969 0.339207 0.145374 0.343612 0.145374 0.348018 0.149780 0.361233 0.136564 0.361233 0.132159 0.352423 0.123348 0.352423 0.118943 0.348018 0.114537 0.348018 0.105727 0.352423 0.101322 0.352423 0.083700 0.348018 0.079295 0.343612 0.079295 0.339207 0.083700 0.334802 0.083700 0.330396 0.079295 0.325991 0.079295 0.321586 0.074890 0.321586 0.061674 0.325991 0.057269 0.325991 0.052863 0.321586 0.048458 0.321586 0.044053
0 0.563877 0.035242 0.555066 0.026432 0.550661 0.026432 0.528634 0.048458 0.533040 0.052863 0.537445 0.048458 0.559471 0.048458 0.563877 0.044053
0 0.788546 0.022026 0.779736 0.030837 0.779736 0.044053 0.788546 0.052863 0.792952 0.052863 0.797357 0.057269 0.814978 0.057269 0.819383 0.052863 0.819383 0.044053 0.814978 0.039648 0.810573 0.044053 0.806167 0.039648 0.801762 0.039648 0.797357 0.035242 0.797357 0.030837
0 0.863436 0.013216 0.859031 0.013216 0.854626 0.017621 0.854626 0.022026 0.859031 0.026432 0.859031 0.057269 0.854626 0.061674 0.854626 0.070485 0.850220 0.074890 0.845815 0.074890 0.832599 0.088106 0.828194 0.088106 0.832599 0.088106 0.837004 0.092511 0.854626 0.092511 0.859031 0.088106 0.859031 0.083700 0.854626 0.079295 0.854626 0.070485 0.863436 0.061674 0.863436 0.057269 0.872247 0.048458 0.872247 0.022026
0 0.453745 0.008811 0.449339 0.013216 0.436123 0.013216 0.427313 0.022026 0.422908 0.022026 0.414097 0.030837 0.414097 0.039648 0.409692 0.044053 0.409692 0.052863 0.414097 0.057269 0.414097 0.066079 0.422908 0.074890 0.422908 0.079295 0.440529 0.096916 0.444934 0.092511 0.449339 0.092511 0.453745 0.088106 0.462555 0.088106 0.471366 0.079295 0.471366 0.074890 0.475771 0.070485 0.471366 0.066079 0.471366 0.057269 0.462555 0.048458 0.462555 0.022026 0.458150 0.017621 0.458150 0.013216
0 0.696035 0.000000 0.625551 0.000000 0.625551 0.022026 0.590308 0.039648 0.629956 0.074890 0.621145 0.207048 0.607930 0.215859 0.616740 0.255507 0.599119 0.264317 0.515419 0.242291 0.519824 0.264317 0.541850 0.281938 0.533040 0.378855 0.555066 0.334802 0.559471 0.286344 0.581498 0.286344 0.607930 0.321586 0.594714 0.361233 0.599119 0.409692 0.559471 0.462555 0.563877 0.497797 0.550661 0.506608 0.515419 0.488987 0.506608 0.497797 0.537445 0.515419 0.555066 0.506608 0.568282 0.515419 0.559471 0.621145 0.594714 0.674009 0.581498 0.775330 0.555066 0.784141 0.568282 0.801762 0.568282 0.832599 0.533040 0.859031 0.555066 0.872247 0.555066 0.916300 0.519824 0.960352 0.541850 0.995595 0.559471 0.977974 0.585903 0.995595 0.572687 0.964758 0.607930 0.925110 0.656388 0.938326 0.682819 0.907489 0.674009 0.859031 0.691630 0.832599 0.709251 0.832599 0.722467 0.863436 0.731278 0.854626 0.713656 0.832599 0.713656 0.806167 0.691630 0.788546 0.687225 0.757709 0.700441 0.731278 0.660793 0.709251 0.625551 0.612335 0.625551 0.585903 0.643172 0.577093 0.660793 0.590308 0.691630 0.674009 0.731278 0.665198 0.700441 0.665198 0.691630 0.643172 0.704846 0.568282 0.731278 0.559471 0.704846 0.550661 0.674009 0.577093 0.629956 0.563877 0.634361 0.480176 0.691630 0.348018 0.687225 0.317181 0.704846 0.312775 0.713656 0.290749 0.687225 0.268722 0.687225 0.149780 0.700441 0.140969 0.718062 0.154185 0.722467 0.198238 0.740088 0.171806 0.757709 0.176211 0.766520 0.198238 0.784141 0.189427 0.722467 0.127753 0.704846 0.136564 0.691630 0.127753
0 0.277533 0.000000 0.277533 0.013216 0.273128 0.017621 0.273128 0.030837 0.277533 0.035242 0.286344 0.035242 0.295154 0.026432 0.290749 0.022026 0.290749 0.017621 0.286344 0.013216 0.286344 0.000000
0 0.052863 0.000000 0.039648 0.000000 0.039648 0.008811 0.035242 0.013216 0.035242 0.026432 0.030837 0.030837 0.026432 0.030837 0.022026 0.035242 0.017621 0.035242 0.013216 0.030837 0.008811 0.030837 0.004405 0.026432 0.004405 0.017621 0.000000 0.013216 0.000000 0.039648 0.004405 0.044053 0.008811 0.044053 0.017621 0.052863 0.022026 0.052863 0.030837 0.044053 0.030837 0.039648 0.035242 0.035242 0.039648 0.035242 0.044053 0.030837 0.048458 0.030837 0.057269 0.022026 0.057269 0.008811 0.052863 0.004405
