0 0.224670 0.960352 0.220264 0.964758 0.220264 0.973568 0.229075 0.982379 0.233480 0.982379 0.237885 0.986784 0.237885 0.995595 0.251101 0.995595 0.251101 0.982379 0.246696 0.977974 0.246696 0.973568 0.242291 0.969163 0.237885 0.969163 0.233480 0.964758 0.229075 0.964758
0 0.757709 0.925110 0.744493 0.938326 0.744493 0.947137 0.740088 0.951542 0.748899 0.960352 0.748899 0.964758 0.753304 0.969163 0.753304 0.986784 0.748899 0.991189 0.748899 0.995595 0.770925 0.995595 0.770925 0.991189 0.766520 0.986784 0.766520 0.969163 0.762115 0.964758 0.762115 0.929515
0 0.903084 0.920705 0.894273 0.929515 0.894273 0.942731 0.898678 0.947137 0.898678 0.951542 0.903084 0.955947 0.907489 0.955947 0.911894 0.960352 0.911894 0.973568 0.907489 0.977974 0.911894 0.982379 0.916300 0.977974 0.920705 0.982379 0.929515 0.982379 0.938326 0.973568 0.938326 0.969163 0.933921 0.964758 0.920705 0.964758 0.916300 0.960352 0.911894 0.960352 0.907489 0.955947 0.907489 0.947137 0.911894 0.942731 0.911894 0.925110 0.907489 0.920705
0 0.995595 0.916300 0.986784 0.925110 0.986784 0.942731 0.977974 0.951542 0.973568 0.951542 0.964758 0.960352 0.964758 0.973568 0.969163 0.977974 0.969163 0.986784 0.960352 0.995595 0.982379 0.995595 0.982379 0.982379 0.977974 0.977974 0.977974 0.964758 0.986784 0.955947 0.991189 0.955947 0.995595 0.951542
0 0.682819 0.916300 0.660793 0.938326 0.660793 0.960352 0.656388 0.964758 0.656388 0.973568 0.651982 0.977974 0.656388 0.982379 0.665198 0.973568 0.665198 0.960352 0.669604 0.955947 0.674009 0.955947 0.678414 0.951542 0.682819 0.955947 0.687225 0.955947 0.704846 0.973568 0.704846 0.986784 0.700441 0.991189 0.696035 0.991189 0.691630 0.995595 0.687225 0.995595 0.682819 0.991189 0.678414 0.995595 0.713656 0.995595 0.713656 0.991189 0.718062 0.986784 0.718062 0.977974 0.709251 0.969163 0.709251 0.964758 0.704846 0.960352 0.704846 0.955947 0.700441 0.951542 0.696035 0.951542 0.687225 0.942731 0.687225 0.920705
0 0.629956 0.933921 0.621145 0.925110 0.616740 0.925110 0.612335 0.920705 0.607930 0.920705 0.603524 0.925110 0.599119 0.920705 0.594714 0.920705 0.590308 0.916300 0.590308 0.911894 0.585903 0.911894 0.581498 0.907489 0.572687 0.916300 0.572687 0.925110 0.563877 0.933921 0.559471 0.933921 0.550661 0.942731 0.550661 0.947137 0.546256 0.951542 0.546256 0.973568 0.541850 0.977974 0.541850 0.982379 0.546256 0.986784 0.550661 0.982379 0.555066 0.982379 0.559471 0.977974 0.563877 0.977974 0.568282 0.982379 0.572687 0.982379 0.577093 0.986784 0.581498 0.982379 0.577093 0.977974 0.572687 0.982379 0.568282 0.982379 0.563877 0.977974 0.559471 0.977974 0.555066 0.973568 0.555066 0.960352 0.559471 0.955947 0.559471 0.951542 0.572687 0.938326 0.577093 0.938326 0.581498 0.933921 0.585903 0.933921 0.590308 0.938326 0.594714 0.933921 0.599119 0.933921 0.603524 0.929515 0.607930 0.933921 0.612335 0.933921 0.621145 0.942731
0 0.061674 0.881057 0.048458 0.894273 0.048458 0.898678 0.052863 0.903084 0.052863 0.925110 0.044053 0.933921 0.039648 0.933921 0.030837 0.942731 0.030837 0.955947 0.022026 0.964758 0.017621 0.964758 0.013216 0.969163 0.008811 0.969163 0.004405 0.964758 0.000000 0.964758 0.000000 0.986784 0.004405 0.982379 0.008811 0.982379 0.017621 0.973568 0.022026 0.973568 0.026432 0.969163 0.044053 0.969163 0.052863 0.960352 0.052863 0.951542 0.048458 0.947137 0.048458 0.933921 0.052863 0.929515 0.057269 0.929515 0.061674 0.925110 0.066079 0.925110 0.070485 0.929515 0.074890 0.929515 0.083700 0.938326 0.088106 0.933921 0.083700 0.929515 0.079295 0.929515 0.070485 0.920705 0.070485 0.889868
0 0.810573 0.881057 0.806167 0.876652 0.797357 0.876652 0.788546 0.885463 0.784141 0.885463 0.779736 0.889868 0.775330 0.889868 0.770925 0.894273 0.770925 0.898678 0.775330 0.903084 0.784141 0.903084 0.792952 0.894273 0.797357 0.894273 0.801762 0.889868 0.806167 0.889868 0.810573 0.885463
0 0.162996 0.876652 0.162996 0.881057 0.167401 0.881057 0.176211 0.889868 0.185022 0.889868 0.189427 0.885463 0.193833 0.885463 0.198238 0.889868 0.202643 0.889868 0.207048 0.885463 0.207048 0.881057 0.202643 0.876652 0.198238 0.876652 0.193833 0.872247 0.189427 0.872247 0.185022 0.876652 0.180617 0.872247 0.167401 0.872247
0 0.246696 0.863436 0.237885 0.872247 0.237885 0.881057 0.242291 0.885463 0.246696 0.885463 0.255507 0.894273 0.255507 0.947137 0.264317 0.955947 0.268722 0.955947 0.277533 0.947137 0.277533 0.942731 0.273128 0.938326 0.273128 0.903084 0.268722 0.898678 0.268722 0.894273 0.264317 0.889868 0.259912 0.889868 0.255507 0.885463 0.255507 0.881057 0.251101 0.876652 0.251101 0.867841
0 0.039648 0.832599 0.030837 0.841410 0.030837 0.845815 0.026432 0.850220 0.026432 0.863436 0.035242 0.872247 0.039648 0.872247 0.044053 0.867841 0.044053 0.863436 0.048458 0.859031 0.048458 0.854626 0.044053 0.850220 0.044053 0.837004
0 0.603524 0.898678 0.607930 0.903084 0.612335 0.903084 0.616740 0.898678 0.629956 0.894273 0.634361 0.898678 0.638767 0.898678 0.647577 0.907489 0.651982 0.903084 0.660793 0.903084 0.674009 0.889868 0.687225 0.885463 0.700441 0.894273 0.700441 0.903084 0.704846 0.907489 0.718062 0.894273 0.722467 0.894273 0.731278 0.885463 0.731278 0.881057 0.735683 0.876652 0.740088 0.876652 0.744493 0.872247 0.753304 0.872247 0.757709 0.867841 0.757709 0.863436 0.762115 0.859031 0.762115 0.850220 0.766520 0.845815 0.779736 0.841410 0.792952 0.850220 0.797357 0.845815 0.810573 0.854626 0.814978 0.854626 0.819383 0.850220 0.814978 0.845815 0.810573 0.845815 0.797357 0.837004 0.788546 0.837004 0.784141 0.832599 0.779736 0.837004 0.775330 0.832599 0.770925 0.837004 0.753304 0.837004 0.744493 0.845815 0.740088 0.859031 0.731278 0.867841 0.726872 0.867841 0.722467 0.872247 0.713656 0.872247 0.704846 0.885463 0.691630 0.889868 0.678414 0.881057 0.678414 0.859031 0.687225 0.850220 0.691630 0.850220 0.696035 0.845815 0.704846 0.845815 0.709251 0.841410 0.696035 0.828194 0.691630 0.828194 0.682819 0.819383 0.678414 0.823789 0.674009 0.823789 0.669604 0.828194 0.669604 0.832599 0.656388 0.845815 0.651982 0.845815 0.647577 0.850220 0.647577 0.854626 0.651982 0.859031 0.651982 0.867841 0.643172 0.876652 0.638767 0.876652 0.634361 0.881057 0.629956 0.876652 0.625551 0.876652 0.621145 0.872247 0.621145 0.863436 0.616740 0.859031 0.612335 0.863436 0.612335 0.867841 0.603524 0.876652
0 0.229075 0.806167 0.224670 0.810573 0.224670 0.814978 0.220264 0.819383 0.220264 0.828194 0.211454 0.837004 0.207048 0.837004 0.202643 0.841410 0.198238 0.841410 0.189427 0.850220 0.198238 0.859031 0.202643 0.859031 0.207048 0.854626 0.211454 0.854626 0.224670 0.841410 0.224670 0.837004 0.229075 0.832599 0.229075 0.819383 0.233480 0.814978 0.233480 0.810573
0 0.189427 0.797357 0.158590 0.797357 0.154185 0.792952 0.149780 0.797357 0.149780 0.823789 0.145374 0.828194 0.140969 0.828194 0.140969 0.832599 0.145374 0.832599 0.149780 0.837004 0.149780 0.841410 0.154185 0.845815 0.154185 0.850220 0.158590 0.854626 0.167401 0.845815 0.167401 0.823789 0.171806 0.819383 0.176211 0.819383 0.180617 0.814978 0.189427 0.814978 0.198238 0.806167
0 0.083700 0.788546 0.074890 0.797357 0.079295 0.801762 0.079295 0.837004 0.083700 0.841410 0.083700 0.845815 0.096916 0.859031 0.101322 0.859031 0.110132 0.867841 0.110132 0.876652 0.105727 0.881057 0.110132 0.885463 0.123348 0.885463 0.127753 0.889868 0.132159 0.889868 0.136564 0.894273 0.140969 0.894273 0.145374 0.889868 0.145374 0.881057 0.140969 0.881057 0.127753 0.867841 0.123348 0.867841 0.118943 0.872247 0.114537 0.867841 0.110132 0.867841 0.105727 0.863436 0.105727 0.850220 0.118943 0.837004 0.123348 0.837004 0.127753 0.832599 0.132159 0.832599 0.132159 0.828194 0.127753 0.828194 0.118943 0.819383 0.114537 0.819383 0.110132 0.814978 0.105727 0.814978 0.101322 0.810573 0.101322 0.806167 0.092511 0.797357 0.092511 0.792952 0.088106 0.788546
0 0.951542 0.784141 0.951542 0.788546 0.955947 0.792952 0.960352 0.788546 0.964758 0.788546 0.969163 0.792952 0.973568 0.792952 0.982379 0.801762 0.995595 0.801762 0.995595 0.784141 0.991189 0.784141 0.986784 0.779736 0.982379 0.784141 0.977974 0.784141 0.973568 0.788546 0.969163 0.788546 0.964758 0.784141 0.960352 0.784141 0.955947 0.779736
0 0.290749 0.775330 0.290749 0.766520 0.286344 0.762115 0.286344 0.757709 0.281938 0.753304 0.281938 0.748899 0.277533 0.744493 0.273128 0.744493 0.264317 0.735683 0.259912 0.735683 0.255507 0.731278 0.246696 0.740088 0.246696 0.744493 0.237885 0.753304 0.233480 0.753304 0.229075 0.757709 0.224670 0.757709 0.211454 0.770925 0.215859 0.775330 0.220264 0.770925 0.237885 0.770925 0.246696 0.762115 0.251101 0.762115 0.255507 0.757709 0.259912 0.757709 0.264317 0.762115 0.268722 0.762115 0.273128 0.766520 0.273128 0.775330 0.277533 0.779736 0.286344 0.779736
0 0.581498 0.704846 0.572687 0.704846 0.568282 0.709251 0.568282 0.731278 0.555066 0.740088 0.546256 0.735683 0.537445 0.744493 0.541850 0.753304 0.541850 0.766520 0.519824 0.779736 0.515419 0.788546 0.515419 0.797357 0.511013 0.801762 0.511013 0.814978 0.493392 0.828194 0.506608 0.841410 0.511013 0.854626 0.524229 0.867841 0.524229 0.881057 0.515419 0.889868 0.515419 0.898678 0.519824 0.903084 0.528634 0.903084 0.537445 0.894273 0.537445 0.876652 0.550661 0.867841 0.559471 0.872247 0.577093 0.872247 0.585903 0.854626 0.585903 0.850220 0.577093 0.845815 0.546256 0.867841 0.533040 0.859031 0.533040 0.832599 0.555066 0.819383 0.541850 0.810573 0.541850 0.801762 0.555066 0.788546 0.559471 0.779736 0.568282 0.775330 0.612335 0.797357 0.621145 0.806167 0.621145 0.814978 0.616740 0.819383 0.616740 0.832599 0.621145 0.837004 0.629956 0.832599 0.629956 0.810573 0.643172 0.801762 0.651982 0.801762 0.660793 0.792952 0.647577 0.779736 0.629956 0.788546 0.612335 0.779736 0.603524 0.770925 0.603524 0.762115 0.612335 0.753304 0.621145 0.748899 0.638767 0.757709 0.647577 0.753304 0.651982 0.744493 0.638767 0.735683 0.625551 0.735683 0.612335 0.726872 0.603524 0.726872 0.599119 0.731278 0.585903 0.722467 0.585903 0.709251
0 0.052863 0.669604 0.048458 0.669604 0.039648 0.678414 0.039648 0.682819 0.035242 0.687225 0.035242 0.696035 0.039648 0.700441 0.039648 0.704846 0.044053 0.709251 0.048458 0.709251 0.052863 0.704846 0.066079 0.704846 0.070485 0.700441 0.066079 0.696035 0.066079 0.687225 0.061674 0.682819 0.061674 0.678414
0 0.273128 0.647577 0.268722 0.647577 0.264317 0.651982 0.255507 0.651982 0.251101 0.656388 0.251101 0.674009 0.237885 0.687225 0.237885 0.696035 0.233480 0.700441 0.233480 0.704846 0.229075 0.709251 0.224670 0.709251 0.220264 0.713656 0.215859 0.713656 0.220264 0.713656 0.224670 0.718062 0.237885 0.704846 0.242291 0.704846 0.246696 0.700441 0.251101 0.700441 0.255507 0.696035 0.255507 0.691630 0.259912 0.687225 0.259912 0.674009 0.277533 0.656388 0.277533 0.651982
0 0.696035 0.634361 0.687225 0.643172 0.682819 0.643172 0.678414 0.647577 0.678414 0.656388 0.669604 0.665198 0.665198 0.665198 0.647577 0.682819 0.647577 0.691630 0.651982 0.696035 0.665198 0.696035 0.669604 0.691630 0.674009 0.691630 0.678414 0.687225 0.682819 0.687225 0.687225 0.691630 0.691630 0.691630 0.709251 0.709251 0.713656 0.709251 0.718062 0.713656 0.722467 0.709251 0.722467 0.691630 0.718062 0.687225 0.704846 0.687225 0.700441 0.682819 0.696035 0.687225 0.691630 0.687225 0.687225 0.691630 0.682819 0.687225 0.678414 0.687225 0.674009 0.682819 0.674009 0.660793 0.678414 0.656388 0.682819 0.656388 0.687225 0.651982 0.691630 0.651982 0.704846 0.638767 0.700441 0.634361
0 0.859031 0.612335 0.837004 0.634361 0.823789 0.629956 0.810573 0.643172 0.801762 0.696035 0.810573 0.713656 0.810573 0.731278 0.792952 0.753304 0.797357 0.762115 0.810573 0.753304 0.837004 0.770925 0.837004 0.784141 0.850220 0.797357 0.872247 0.792952 0.889868 0.810573 0.889868 0.823789 0.841410 0.859031 0.854626 0.911894 0.828194 0.929515 0.832599 0.942731 0.819383 0.960352 0.823789 0.964758 0.837004 0.964758 0.854626 0.951542 0.867841 0.960352 0.872247 0.955947 0.867841 0.947137 0.850220 0.938326 0.850220 0.929515 0.859031 0.911894 0.881057 0.889868 0.894273 0.885463 0.916300 0.898678 0.929515 0.885463 0.960352 0.876652 0.973568 0.854626 0.982379 0.850220 0.995595 0.854626 0.995595 0.841410 0.982379 0.837004 0.960352 0.841410 0.938326 0.819383 0.929515 0.819383 0.903084 0.845815 0.889868 0.837004 0.889868 0.823789 0.898678 0.814978 0.907489 0.788546 0.929515 0.770925 0.920705 0.762115 0.916300 0.779736 0.903084 0.788546 0.889868 0.784141 0.881057 0.766520 0.859031 0.779736 0.841410 0.770925 0.841410 0.718062 0.854626 0.709251 0.876652 0.718062 0.894273 0.740088 0.911894 0.744493 0.929515 0.718062 0.947137 0.713656 0.964758 0.696035 0.986784 0.713656 0.986784 0.726872 0.995595 0.731278 0.995595 0.678414 0.986784 0.678414 0.969163 0.696035 0.951542 0.700441 0.920705 0.691630 0.911894 0.696035 0.898678 0.687225 0.894273 0.674009 0.872247 0.665198 0.863436 0.687225 0.854626 0.691630 0.845815 0.687225 0.837004 0.656388 0.850220 0.643172 0.850220 0.634361 0.876652 0.616740
0 0.022026 0.585903 0.017621 0.590308 0.017621 0.599119 0.013216 0.603524 0.008811 0.603524 0.004405 0.607930 0.000000 0.607930 0.000000 0.621145 0.008811 0.621145 0.013216 0.625551 0.017621 0.625551 0.022026 0.629956 0.022026 0.638767 0.017621 0.643172 0.013216 0.643172 0.008811 0.647577 0.000000 0.647577 0.000000 0.665198 0.008811 0.665198 0.030837 0.643172 0.035242 0.643172 0.044053 0.634361 0.044053 0.625551 0.039648 0.621145 0.035242 0.621145 0.030837 0.625551 0.026432 0.625551 0.022026 0.621145 0.017621 0.621145 0.013216 0.616740 0.013216 0.607930 0.022026 0.599119 0.026432 0.599119 0.030837 0.594714
0 0.268722 0.568282 0.264317 0.572687 0.251101 0.572687 0.246696 0.568282 0.242291 0.572687 0.246696 0.577093 0.246696 0.616740 0.251101 0.621145 0.255507 0.621145 0.259912 0.616740 0.259912 0.599119 0.273128 0.585903 0.273128 0.581498 0.277533 0.577093
0 0.784141 0.559471 0.779736 0.563877 0.770925 0.563877 0.766520 0.568282 0.766520 0.577093 0.753304 0.594714 0.753304 0.599119 0.770925 0.616740 0.770925 0.656388 0.766520 0.660793 0.753304 0.665198 0.740088 0.656388 0.740088 0.647577 0.731278 0.638767 0.726872 0.643172 0.731278 0.647577 0.731278 0.660793 0.735683 0.665198 0.740088 0.665198 0.744493 0.660793 0.757709 0.669604 0.757709 0.709251 0.753304 0.713656 0.753304 0.722467 0.740088 0.740088 0.744493 0.753304 0.753304 0.762115 0.753304 0.779736 0.740088 0.788546 0.731278 0.788546 0.718062 0.779736 0.718062 0.770925 0.704846 0.757709 0.704846 0.744493 0.700441 0.740088 0.696035 0.740088 0.691630 0.735683 0.682819 0.748899 0.682819 0.762115 0.687225 0.766520 0.691630 0.779736 0.696035 0.784141 0.718062 0.792952 0.735683 0.810573 0.740088 0.810573 0.744493 0.814978 0.753304 0.801762 0.753304 0.788546 0.770925 0.775330 0.770925 0.770925 0.757709 0.762115 0.757709 0.748899 0.775330 0.722467 0.775330 0.709251 0.766520 0.700441 0.766520 0.691630 0.770925 0.687225 0.770925 0.674009 0.779736 0.665198 0.779736 0.647577 0.788546 0.638767 0.788546 0.629956 0.792952 0.625551 0.788546 0.621145 0.788546 0.590308 0.792952 0.585903 0.792952 0.577093 0.788546 0.572687 0.788546 0.563877
0 0.955947 0.555066 0.947137 0.563877 0.947137 0.572687 0.942731 0.577093 0.938326 0.577093 0.933921 0.581498 0.929515 0.581498 0.925110 0.577093 0.916300 0.585903 0.916300 0.594714 0.894273 0.616740 0.889868 0.616740 0.894273 0.621145 0.894273 0.625551 0.898678 0.629956 0.903084 0.629956 0.911894 0.638767 0.911894 0.643172 0.916300 0.647577 0.916300 0.651982 0.925110 0.660793 0.933921 0.660793 0.942731 0.651982 0.933921 0.643172 0.929515 0.643172 0.925110 0.638767 0.925110 0.629956 0.929515 0.625551 0.929515 0.616740 0.933921 0.612335 0.933921 0.603524 0.929515 0.599119 0.929515 0.590308 0.933921 0.585903 0.933921 0.581498 0.938326 0.577093 0.942731 0.577093 0.947137 0.572687 0.951542 0.577093 0.955947 0.577093 0.960352 0.572687 0.960352 0.559471
0 0.070485 0.533040 0.066079 0.537445 0.066079 0.541850 0.088106 0.555066 0.088106 0.563877 0.070485 0.581498 0.070485 0.585903 0.074890 0.590308 0.088106 0.590308 0.092511 0.594714 0.096916 0.594714 0.110132 0.607930 0.114537 0.603524 0.127753 0.607930 0.136564 0.616740 0.136564 0.647577 0.154185 0.665198 0.154185 0.678414 0.149780 0.682819 0.149780 0.687225 0.154185 0.691630 0.154185 0.700441 0.149780 0.704846 0.149780 0.709251 0.132159 0.726872 0.127753 0.726872 0.123348 0.731278 0.118943 0.731278 0.114537 0.726872 0.105727 0.726872 0.101322 0.731278 0.101322 0.748899 0.105727 0.753304 0.118943 0.740088 0.123348 0.740088 0.127753 0.735683 0.132159 0.740088 0.136564 0.740088 0.145374 0.731278 0.149780 0.731278 0.171806 0.718062 0.185022 0.726872 0.185022 0.740088 0.180617 0.744493 0.180617 0.748899 0.185022 0.753304 0.193833 0.753304 0.198238 0.748899 0.198238 0.735683 0.193833 0.731278 0.193833 0.718062 0.198238 0.713656 0.202643 0.713656 0.193833 0.704846 0.185022 0.704846 0.180617 0.709251 0.167401 0.700441 0.167401 0.682819 0.171806 0.678414 0.167401 0.674009 0.162996 0.674009 0.154185 0.665198 0.154185 0.612335 0.149780 0.607930 0.136564 0.607930 0.132159 0.603524 0.127753 0.603524 0.118943 0.594714 0.114537 0.594714 0.105727 0.585903 0.105727 0.563877 0.092511 0.555066 0.092511 0.537445 0.079295 0.528634 0.074890 0.533040
0 0.753304 0.541850 0.748899 0.537445 0.744493 0.537445 0.731278 0.524229 0.726872 0.528634 0.726872 0.533040 0.722467 0.537445 0.722467 0.541850 0.718062 0.546256 0.713656 0.546256 0.700441 0.559471 0.696035 0.559471 0.691630 0.563877 0.682819 0.563877 0.674009 0.572687 0.669604 0.572687 0.665198 0.577093 0.660793 0.577093 0.656388 0.572687 0.651982 0.572687 0.647577 0.568282 0.643172 0.568282 0.638767 0.563877 0.638767 0.555066 0.634361 0.559471 0.629956 0.555066 0.625551 0.559471 0.625551 0.563877 0.616740 0.572687 0.621145 0.577093 0.629956 0.577093 0.634361 0.572687 0.638767 0.577093 0.643172 0.577093 0.647577 0.581498 0.647577 0.590308 0.651982 0.594714 0.651982 0.607930 0.647577 0.612335 0.647577 0.616740 0.643172 0.621145 0.643172 0.625551 0.647577 0.629956 0.660793 0.616740 0.660793 0.590308 0.665198 0.585903 0.669604 0.585903 0.674009 0.581498 0.678414 0.581498 0.682819 0.585903 0.691630 0.585903 0.700441 0.577093 0.700441 0.563877 0.704846 0.559471 0.709251 0.559471 0.713656 0.555066 0.718062 0.555066 0.722467 0.550661 0.726872 0.550661 0.731278 0.555066 0.748899 0.555066 0.753304 0.550661
0 0.136564 0.506608 0.127753 0.515419 0.127753 0.519824 0.132159 0.524229 0.132159 0.528634 0.140969 0.537445 0.145374 0.537445 0.149780 0.541850 0.149780 0.559471 0.154185 0.563877 0.162996 0.563877 0.171806 0.555066 0.171806 0.546256 0.167401 0.541850 0.162996 0.546256 0.158590 0.541850 0.154185 0.541850 0.149780 0.537445 0.149780 0.515419 0.140969 0.506608
0 0.215859 0.497797 0.207048 0.506608 0.207048 0.515419 0.220264 0.528634 0.229075 0.528634 0.237885 0.519824 0.237885 0.515419 0.242291 0.511013 0.242291 0.506608 0.233480 0.497797
0 0.286344 0.493392 0.277533 0.502203 0.277533 0.511013 0.273128 0.515419 0.277533 0.519824 0.277533 0.524229 0.286344 0.533040 0.290749 0.533040 0.299559 0.524229 0.295154 0.519824 0.295154 0.497797 0.290749 0.493392
0 0.074890 0.453745 0.070485 0.458150 0.074890 0.462555 0.079295 0.462555 0.088106 0.471366 0.088106 0.480176 0.074890 0.493392 0.074890 0.497797 0.070485 0.502203 0.070485 0.506608 0.074890 0.511013 0.088106 0.511013 0.092511 0.506608 0.092511 0.502203 0.096916 0.497797 0.096916 0.493392 0.101322 0.488987 0.105727 0.488987 0.110132 0.484582 0.114537 0.484582 0.118943 0.480176 0.123348 0.480176 0.127753 0.475771 0.127753 0.471366 0.123348 0.466960 0.101322 0.466960 0.096916 0.471366 0.092511 0.466960 0.088106 0.466960 0.083700 0.462555 0.083700 0.458150 0.079295 0.453745
0 0.030837 0.453745 0.026432 0.453745 0.022026 0.458150 0.022026 0.475771 0.017621 0.480176 0.017621 0.493392 0.013216 0.497797 0.008811 0.497797 0.004405 0.502203 0.000000 0.497797 0.000000 0.515419 0.004405 0.519824 0.008811 0.519824 0.013216 0.524229 0.017621 0.519824 0.017621 0.506608 0.022026 0.502203 0.026432 0.502203 0.030837 0.497797 0.039648 0.497797 0.044053 0.493392 0.044053 0.488987 0.039648 0.484582 0.039648 0.480176 0.035242 0.475771 0.035242 0.458150
0 0.779736 0.431718 0.775330 0.436123 0.775330 0.440529 0.770925 0.444934 0.770925 0.458150 0.757709 0.471366 0.757709 0.475771 0.748899 0.484582 0.744493 0.484582 0.731278 0.497797 0.731278 0.502203 0.740088 0.511013 0.744493 0.506608 0.748899 0.506608 0.753304 0.502203 0.762115 0.502203 0.766520 0.497797 0.766520 0.480176 0.779736 0.466960 0.784141 0.466960 0.788546 0.462555 0.792952 0.462555 0.797357 0.458150 0.797357 0.449339 0.792952 0.444934 0.788546 0.444934 0.784141 0.440529 0.784141 0.436123
0 0.189427 0.409692 0.176211 0.422908 0.176211 0.436123 0.167401 0.444934 0.162996 0.444934 0.158590 0.449339 0.158590 0.458150 0.162996 0.462555 0.167401 0.462555 0.171806 0.458150 0.176211 0.458150 0.180617 0.462555 0.185022 0.462555 0.193833 0.471366 0.202643 0.462555 0.202643 0.458150 0.198238 0.453745 0.193833 0.453745 0.189427 0.449339 0.189427 0.440529 0.198238 0.431718 0.198238 0.422908 0.193833 0.418502 0.193833 0.414097
0 0.964758 0.374449 0.951542 0.374449 0.933921 0.387665 0.933921 0.392070 0.925110 0.405286 0.925110 0.418502 0.920705 0.422908 0.916300 0.422908 0.903084 0.431718 0.889868 0.431718 0.885463 0.427313 0.867841 0.427313 0.854626 0.436123 0.841410 0.436123 0.828194 0.444934 0.828194 0.453745 0.832599 0.458150 0.841410 0.458150 0.845815 0.453745 0.850220 0.453745 0.863436 0.444934 0.872247 0.444934 0.876652 0.440529 0.881057 0.444934 0.885463 0.440529 0.898678 0.449339 0.898678 0.475771 0.876652 0.488987 0.876652 0.493392 0.867841 0.502203 0.867841 0.506608 0.863436 0.511013 0.863436 0.519824 0.859031 0.524229 0.859031 0.533040 0.872247 0.541850 0.872247 0.559471 0.867841 0.563877 0.867841 0.585903 0.872247 0.590308 0.881057 0.590308 0.894273 0.581498 0.894273 0.550661 0.889868 0.546256 0.889868 0.533040 0.898678 0.524229 0.903084 0.524229 0.907489 0.519824 0.911894 0.524229 0.929515 0.511013 0.942731 0.511013 0.947137 0.515419 0.951542 0.511013 0.951542 0.484582 0.964758 0.471366 0.964758 0.466960 0.960352 0.462555 0.960352 0.449339 0.955947 0.444934 0.947137 0.458150 0.947137 0.475771 0.942731 0.480176 0.942731 0.484582 0.925110 0.502203 0.920705 0.502203 0.916300 0.506608 0.903084 0.502203 0.898678 0.497797 0.898678 0.475771 0.903084 0.471366 0.907489 0.471366 0.916300 0.458150 0.916300 0.440529 0.920705 0.436123 0.920705 0.427313 0.929515 0.418502 0.933921 0.418502 0.947137 0.400881 0.951542 0.400881 0.955947 0.396476 0.969163 0.400881 0.973568 0.396476 0.973568 0.387665
0 0.101322 0.374449 0.096916 0.378855 0.096916 0.400881 0.092511 0.405286 0.092511 0.409692 0.088106 0.414097 0.088106 0.418502 0.079295 0.427313 0.074890 0.427313 0.079295 0.427313 0.088106 0.436123 0.101322 0.436123 0.105727 0.440529 0.136564 0.440529 0.140969 0.436123 0.140969 0.427313 0.132159 0.418502 0.123348 0.427313 0.118943 0.427313 0.114537 0.431718 0.110132 0.427313 0.105727 0.427313 0.101322 0.422908 0.101322 0.400881 0.105727 0.396476 0.110132 0.396476 0.114537 0.392070 0.118943 0.396476 0.123348 0.396476 0.127753 0.400881 0.136564 0.392070 0.136564 0.383260 0.140969 0.378855 0.136564 0.374449 0.114537 0.374449 0.110132 0.378855 0.105727 0.374449
0 0.907489 0.365639 0.898678 0.356828 0.885463 0.370044 0.881057 0.370044 0.876652 0.374449 0.872247 0.374449 0.867841 0.370044 0.859031 0.370044 0.854626 0.365639 0.850220 0.365639 0.850220 0.370044 0.845815 0.374449 0.845815 0.378855 0.850220 0.383260 0.854626 0.383260 0.867841 0.396476 0.881057 0.383260 0.885463 0.383260 0.889868 0.378855 0.894273 0.383260 0.903084 0.383260 0.907489 0.378855
0 0.255507 0.352423 0.242291 0.365639 0.242291 0.378855 0.237885 0.383260 0.233480 0.383260 0.229075 0.387665 0.224670 0.387665 0.220264 0.383260 0.215859 0.383260 0.211454 0.387665 0.207048 0.383260 0.202643 0.383260 0.193833 0.374449 0.189427 0.378855 0.189427 0.383260 0.193833 0.387665 0.198238 0.383260 0.202643 0.383260 0.207048 0.387665 0.211454 0.387665 0.220264 0.396476 0.224670 0.392070 0.229075 0.392070 0.233480 0.396476 0.237885 0.396476 0.242291 0.400881 0.242291 0.422908 0.233480 0.431718 0.233480 0.436123 0.237885 0.440529 0.246696 0.440529 0.251101 0.436123 0.255507 0.436123 0.273128 0.418502 0.277533 0.418502 0.281938 0.414097 0.286344 0.414097 0.290749 0.409692 0.295154 0.409692 0.299559 0.405286 0.299559 0.392070 0.295154 0.387665 0.277533 0.405286 0.273128 0.405286 0.268722 0.409692 0.264317 0.409692 0.259912 0.405286 0.255507 0.405286 0.251101 0.400881 0.251101 0.396476 0.246696 0.392070 0.246696 0.383260 0.251101 0.378855 0.255507 0.378855 0.264317 0.370044 0.264317 0.365639 0.259912 0.361233 0.259912 0.356828
0 0.960352 0.321586 0.955947 0.325991 0.955947 0.348018 0.960352 0.352423 0.973568 0.352423 0.977974 0.348018 0.982379 0.352423 0.986784 0.352423 0.991189 0.356828 0.991189 0.365639 0.995595 0.370044 0.995595 0.352423 0.991189 0.356828 0.986784 0.352423 0.982379 0.352423 0.977974 0.348018 0.977974 0.339207
0 0.431718 0.317181 0.427313 0.321586 0.427313 0.348018 0.431718 0.352423 0.440529 0.352423 0.449339 0.343612 0.449339 0.334802 0.444934 0.330396 0.444934 0.325991 0.436123 0.317181
0 0.193833 0.317181 0.189427 0.317181 0.185022 0.321586 0.176211 0.321586 0.171806 0.325991 0.167401 0.325991 0.162996 0.330396 0.158590 0.330396 0.149780 0.339207 0.158590 0.348018 0.176211 0.348018 0.189427 0.334802 0.189427 0.330396 0.193833 0.325991
0 0.770925 0.290749 0.762115 0.299559 0.762115 0.321586 0.753304 0.330396 0.753304 0.334802 0.757709 0.339207 0.757709 0.343612 0.762115 0.348018 0.766520 0.348018 0.775330 0.339207 0.775330 0.295154
0 0.656388 0.281938 0.647577 0.281938 0.643172 0.286344 0.643172 0.312775 0.638767 0.317181 0.638767 0.325991 0.643172 0.330396 0.651982 0.330396 0.656388 0.325991 0.656388 0.312775 0.660793 0.308370 0.665198 0.308370 0.665198 0.290749
0 0.713656 0.273128 0.709251 0.273128 0.704846 0.277533 0.700441 0.277533 0.696035 0.281938 0.696035 0.299559 0.687225 0.308370 0.682819 0.308370 0.682819 0.317181 0.687225 0.321586 0.704846 0.321586 0.713656 0.312775 0.713656 0.290749 0.718062 0.286344 0.718062 0.277533
0 0.414097 0.277533 0.409692 0.277533 0.405286 0.273128 0.400881 0.277533 0.383260 0.277533 0.378855 0.281938 0.374449 0.281938 0.365639 0.290749 0.370044 0.295154 0.383260 0.295154 0.387665 0.299559 0.396476 0.299559 0.405286 0.290749 0.405286 0.281938 0.409692 0.277533
0 0.449339 0.255507 0.440529 0.264317 0.440529 0.268722 0.431718 0.277533 0.427313 0.277533 0.431718 0.281938 0.431718 0.290749 0.436123 0.295154 0.436123 0.299559 0.440529 0.303965 0.444934 0.299559 0.444934 0.290749 0.449339 0.286344 0.449339 0.281938 0.453745 0.277533 0.453745 0.273128 0.458150 0.268722 0.453745 0.264317 0.453745 0.259912
0 0.757709 0.237885 0.753304 0.242291 0.753304 0.246696 0.748899 0.251101 0.748899 0.268722 0.753304 0.273128 0.757709 0.273128 0.762115 0.268722 0.766520 0.268722 0.770925 0.264317 0.775330 0.268722 0.779736 0.268722 0.784141 0.273128 0.788546 0.273128 0.792952 0.268722 0.784141 0.259912 0.779736 0.259912 0.775330 0.255507 0.770925 0.255507 0.766520 0.251101 0.766520 0.246696
0 0.629956 0.237885 0.625551 0.242291 0.621145 0.242291 0.612335 0.251101 0.612335 0.255507 0.621145 0.264317 0.625551 0.264317 0.629956 0.268722 0.634361 0.264317 0.634361 0.259912 0.638767 0.255507 0.638767 0.242291 0.634361 0.242291
0 0.378855 0.224670 0.370044 0.233480 0.370044 0.242291 0.378855 0.251101 0.387665 0.251101 0.392070 0.246696 0.392070 0.229075 0.387665 0.224670
0 0.801762 0.207048 0.792952 0.215859 0.792952 0.229075 0.801762 0.237885 0.801762 0.242291 0.814978 0.255507 0.819383 0.255507 0.823789 0.259912 0.823789 0.273128 0.819383 0.277533 0.814978 0.277533 0.810573 0.281938 0.810573 0.286344 0.806167 0.290749 0.806167 0.299559 0.810573 0.303965 0.819383 0.303965 0.823789 0.299559 0.828194 0.303965 0.832599 0.303965 0.837004 0.308370 0.837004 0.321586 0.832599 0.325991 0.828194 0.325991 0.823789 0.330396 0.814978 0.330396 0.810573 0.334802 0.810573 0.339207 0.806167 0.343612 0.806167 0.352423 0.810573 0.356828 0.823789 0.356828 0.828194 0.352423 0.837004 0.352423 0.841410 0.356828 0.845815 0.356828 0.845815 0.334802 0.859031 0.321586 0.859031 0.317181 0.867841 0.308370 0.867841 0.295154 0.872247 0.290749 0.876652 0.290749 0.881057 0.286344 0.885463 0.290749 0.894273 0.281938 0.894273 0.277533 0.889868 0.273128 0.881057 0.273128 0.876652 0.277533 0.867841 0.277533 0.863436 0.273128 0.859031 0.273128 0.850220 0.264317 0.845815 0.264317 0.841410 0.259912 0.837004 0.259912 0.832599 0.255507 0.828194 0.255507 0.823789 0.251101 0.823789 0.229075 0.810573 0.215859 0.810573 0.211454 0.806167 0.207048
0 0.718062 0.193833 0.718062 0.202643 0.726872 0.211454 0.731278 0.211454 0.735683 0.207048 0.744493 0.207048 0.748899 0.202643 0.748899 0.193833 0.744493 0.189427 0.722467 0.189427
0 0.744493 0.158590 0.744493 0.162996 0.748899 0.167401 0.753304 0.167401 0.762115 0.176211 0.766520 0.176211 0.770925 0.180617 0.775330 0.180617 0.779736 0.176211 0.784141 0.180617 0.788546 0.180617 0.792952 0.185022 0.797357 0.185022 0.801762 0.180617 0.806167 0.185022 0.810573 0.185022 0.814978 0.189427 0.819383 0.189427 0.823789 0.193833 0.828194 0.189427 0.828194 0.176211 0.823789 0.171806 0.819383 0.171806 0.814978 0.176211 0.810573 0.176211 0.806167 0.180617 0.801762 0.180617 0.797357 0.176211 0.792952 0.176211 0.788546 0.180617 0.784141 0.176211 0.779736 0.176211 0.770925 0.167401 0.770925 0.162996 0.762115 0.154185 0.748899 0.154185
0 0.942731 0.114537 0.938326 0.118943 0.933921 0.118943 0.929515 0.123348 0.929515 0.132159 0.925110 0.136564 0.920705 0.136564 0.911894 0.145374 0.911894 0.154185 0.916300 0.158590 0.925110 0.158590 0.929515 0.162996 0.933921 0.162996 0.942731 0.171806 0.947137 0.171806 0.951542 0.167401 0.955947 0.167401 0.960352 0.171806 0.964758 0.171806 0.982379 0.189427 0.982379 0.198238 0.977974 0.202643 0.973568 0.202643 0.960352 0.215859 0.955947 0.215859 0.951542 0.220264 0.942731 0.220264 0.938326 0.215859 0.933921 0.215859 0.920705 0.229075 0.920705 0.233480 0.911894 0.242291 0.911894 0.251101 0.916300 0.255507 0.916300 0.273128 0.925110 0.281938 0.925110 0.286344 0.933921 0.295154 0.938326 0.290749 0.929515 0.281938 0.929515 0.277533 0.925110 0.273128 0.925110 0.259912 0.938326 0.246696 0.938326 0.242291 0.951542 0.233480 0.955947 0.237885 0.960352 0.237885 0.964758 0.242291 0.973568 0.242291 0.977974 0.246696 0.982379 0.242291 0.982379 0.237885 0.995595 0.229075 0.995595 0.180617 0.991189 0.176211 0.986784 0.176211 0.977974 0.167401 0.969163 0.167401 0.964758 0.162996 0.960352 0.162996 0.951542 0.154185 0.947137 0.154185 0.933921 0.145374 0.933921 0.132159 0.947137 0.123348 0.947137 0.118943
0 0.713656 0.114537 0.709251 0.114537 0.704846 0.110132 0.700441 0.114537 0.696035 0.110132 0.691630 0.110132 0.678414 0.123348 0.674009 0.123348 0.669604 0.127753 0.665198 0.127753 0.660793 0.132159 0.651982 0.132159 0.647577 0.136564 0.647577 0.140969 0.643172 0.145374 0.647577 0.149780 0.647577 0.162996 0.638767 0.171806 0.647577 0.180617 0.651982 0.180617 0.656388 0.176211 0.656388 0.171806 0.660793 0.167401 0.665198 0.167401 0.669604 0.162996 0.674009 0.162996 0.678414 0.167401 0.682819 0.167401 0.687225 0.171806 0.687225 0.180617 0.691630 0.185022 0.696035 0.185022 0.700441 0.180617 0.700441 0.171806 0.696035 0.167401 0.696035 0.158590 0.704846 0.149780 0.704846 0.140969 0.709251 0.136564 0.704846 0.132159 0.704846 0.118943 0.709251 0.114537
0 0.022026 0.101322 0.022026 0.110132 0.017621 0.114537 0.017621 0.127753 0.022026 0.132159 0.026432 0.132159 0.030837 0.127753 0.035242 0.127753 0.039648 0.123348 0.044053 0.123348 0.048458 0.118943 0.052863 0.123348 0.057269 0.123348 0.066079 0.132159 0.070485 0.127753 0.074890 0.132159 0.079295 0.132159 0.083700 0.136564 0.083700 0.149780 0.088106 0.154185 0.092511 0.154185 0.096916 0.149780 0.096916 0.140969 0.101322 0.136564 0.101322 0.132159 0.096916 0.127753 0.092511 0.132159 0.088106 0.132159 0.083700 0.136564 0.079295 0.132159 0.074890 0.132159 0.070485 0.127753 0.070485 0.114537 0.066079 0.110132 0.061674 0.114537 0.057269 0.114537 0.052863 0.118943 0.048458 0.114537 0.044053 0.114537 0.035242 0.105727 0.035242 0.101322 0.030837 0.096916 0.026432 0.096916
0 0.229075 0.088106 0.224670 0.092511 0.224670 0.118943 0.233480 0.127753 0.242291 0.118943 0.242291 0.105727 0.237885 0.101322 0.237885 0.096916
0 0.603524 0.052863 0.599119 0.052863 0.594714 0.057269 0.590308 0.057269 0.590308 0.096916 0.594714 0.101322 0.594714 0.110132 0.599119 0.114537 0.607930 0.105727 0.607930 0.070485 0.612335 0.066079 0.616740 0.066079 0.616740 0.061674 0.612335 0.061674
0 0.392070 0.048458 0.383260 0.061674 0.383260 0.083700 0.378855 0.088106 0.374449 0.101322 0.378855 0.105727 0.392070 0.092511 0.396476 0.092511 0.400881 0.088106 0.409692 0.088106 0.414097 0.092511 0.418502 0.092511 0.422908 0.096916 0.422908 0.105727 0.414097 0.114537 0.409692 0.114537 0.405286 0.118943 0.422908 0.140969 0.422908 0.149780 0.418502 0.154185 0.414097 0.154185 0.400881 0.167401 0.396476 0.167401 0.387665 0.176211 0.383260 0.176211 0.378855 0.180617 0.374449 0.180617 0.370044 0.176211 0.356828 0.185022 0.352423 0.180617 0.348018 0.180617 0.343612 0.176211 0.343612 0.171806 0.334802 0.162996 0.325991 0.171806 0.321586 0.171806 0.325991 0.171806 0.334802 0.180617 0.339207 0.180617 0.343612 0.185022 0.343612 0.193833 0.348018 0.198238 0.356828 0.198238 0.383260 0.180617 0.392070 0.180617 0.396476 0.185022 0.405286 0.185022 0.409692 0.180617 0.409692 0.171806 0.422908 0.162996 0.427313 0.162996 0.431718 0.167401 0.444934 0.167401 0.453745 0.158590 0.458150 0.158590 0.462555 0.154185 0.466960 0.158590 0.480176 0.162996 0.488987 0.154185 0.488987 0.140969 0.484582 0.136564 0.471366 0.132159 0.466960 0.127753 0.466960 0.118943 0.458150 0.110132 0.453745 0.110132 0.449339 0.105727 0.444934 0.105727 0.436123 0.096916 0.431718 0.096916 0.427313 0.092511 0.427313 0.079295 0.418502 0.070485 0.414097 0.074890 0.400881 0.070485 0.396476 0.066079 0.396476 0.052863
0 0.563877 0.044053 0.559471 0.048458 0.559471 0.052863 0.555066 0.057269 0.555066 0.061674 0.550661 0.066079 0.546256 0.066079 0.541850 0.070485 0.537445 0.070485 0.533040 0.074890 0.533040 0.083700 0.550661 0.101322 0.550661 0.110132 0.559471 0.118943 0.563877 0.118943 0.568282 0.123348 0.568282 0.132159 0.563877 0.136564 0.563877 0.149780 0.555066 0.158590 0.559471 0.162996 0.577093 0.162996 0.581498 0.167401 0.585903 0.167401 0.590308 0.171806 0.590308 0.180617 0.585903 0.185022 0.590308 0.189427 0.590308 0.193833 0.599119 0.202643 0.603524 0.198238 0.603524 0.180617 0.599119 0.176211 0.594714 0.176211 0.585903 0.167401 0.585903 0.132159 0.581498 0.127753 0.577093 0.127753 0.572687 0.123348 0.568282 0.123348 0.563877 0.118943 0.563877 0.105727 0.550661 0.092511 0.550661 0.070485 0.559471 0.061674 0.563877 0.061674 0.568282 0.057269 0.572687 0.057269 0.572687 0.052863
0 0.682819 0.030837 0.678414 0.035242 0.678414 0.057269 0.691630 0.070485 0.696035 0.070485 0.700441 0.066079 0.700441 0.039648 0.691630 0.030837
0 0.722467 0.030837 0.726872 0.035242 0.735683 0.035242 0.740088 0.039648 0.744493 0.039648 0.757709 0.052863 0.766520 0.052863 0.770925 0.048458 0.770925 0.044053 0.762115 0.035242 0.748899 0.035242 0.744493 0.030837 0.740088 0.030837 0.735683 0.026432 0.726872 0.026432
0 0.638767 0.026432 0.629956 0.035242 0.629956 0.039648 0.634361 0.044053 0.634361 0.057269 0.629956 0.061674 0.625551 0.061674 0.625551 0.066079 0.629956 0.066079 0.634361 0.070485 0.634361 0.074890 0.638767 0.079295 0.647577 0.079295 0.651982 0.074890 0.651982 0.066079 0.647577 0.061674 0.647577 0.044053 0.643172 0.039648 0.643172 0.030837
0 0.898678 0.013216 0.889868 0.022026 0.889868 0.030837 0.885463 0.035242 0.885463 0.039648 0.881057 0.044053 0.881057 0.048458 0.876652 0.052863 0.876652 0.061674 0.863436 0.074890 0.859031 0.074890 0.850220 0.083700 0.850220 0.101322 0.854626 0.105727 0.867841 0.105727 0.872247 0.101322 0.876652 0.101322 0.881057 0.096916 0.885463 0.096916 0.889868 0.092511 0.894273 0.092511 0.898678 0.096916 0.903084 0.096916 0.907489 0.101322 0.916300 0.101322 0.925110 0.092511 0.925110 0.088106 0.920705 0.083700 0.911894 0.083700 0.907489 0.088106 0.903084 0.083700 0.898678 0.083700 0.894273 0.079295 0.894273 0.070485 0.898678 0.066079 0.903084 0.066079 0.911894 0.057269 0.907489 0.052863 0.907489 0.022026
0 0.938326 0.000000 0.947137 0.008811 0.951542 0.004405 0.955947 0.004405 0.960352 0.008811 0.964758 0.008811 0.969163 0.013216 0.969163 0.026432 0.960352 0.035242 0.955947 0.035242 0.951542 0.039648 0.951542 0.048458 0.960352 0.057269 0.964758 0.057269 0.969163 0.052863 0.973568 0.052863 0.977974 0.057269 0.982379 0.057269 0.986784 0.061674 0.986784 0.092511 0.991189 0.096916 0.995595 0.096916 0.995595 0.057269 0.991189 0.057269 0.986784 0.061674 0.982379 0.057269 0.977974 0.057269 0.973568 0.052863 0.973568 0.044053 0.977974 0.039648 0.977974 0.026432 0.982379 0.022026 0.977974 0.017621 0.973568 0.017621 0.969163 0.013216 0.969163 0.000000
0 0.801762 0.000000 0.801762 0.008811 0.788546 0.022026 0.801762 0.035242 0.801762 0.057269 0.797357 0.061674 0.797357 0.066079 0.792952 0.070485 0.792952 0.074890 0.801762 0.083700 0.810573 0.083700 0.814978 0.079295 0.814978 0.074890 0.819383 0.070485 0.819383 0.061674 0.823789 0.057269 0.823789 0.039648 0.828194 0.035242 0.832599 0.035242 0.837004 0.030837 0.841410 0.035242 0.845815 0.035242 0.850220 0.039648 0.854626 0.035242 0.854626 0.026432 0.845815 0.017621 0.841410 0.022026 0.841410 0.026432 0.837004 0.030837 0.832599 0.030837 0.828194 0.035242 0.823789 0.030837 0.819383 0.030837 0.814978 0.026432 0.814978 0.017621 0.810573 0.013216 0.810573 0.000000
0 0.555066 0.000000 0.537445 0.000000 0.537445 0.008811 0.528634 0.017621 0.524229 0.017621 0.515419 0.026432 0.515419 0.044053 0.511013 0.048458 0.506608 0.048458 0.502203 0.052863 0.497797 0.052863 0.493392 0.048458 0.488987 0.048458 0.484582 0.052863 0.484582 0.070485 0.480176 0.074890 0.488987 0.083700 0.488987 0.105727 0.493392 0.110132 0.497797 0.110132 0.506608 0.118943 0.506608 0.136564 0.511013 0.136564 0.515419 0.140969 0.519824 0.140969 0.524229 0.136564 0.524229 0.132159 0.528634 0.127753 0.528634 0.118943 0.524229 0.114537 0.515419 0.114537 0.511013 0.110132 0.506608 0.110132 0.502203 0.105727 0.502203 0.092511 0.497797 0.088106 0.497797 0.079295 0.502203 0.074890 0.502203 0.052863 0.506608 0.048458 0.511013 0.048458 0.515419 0.044053 0.519824 0.048458 0.528634 0.048458 0.533040 0.044053 0.533040 0.039648 0.537445 0.035242 0.537445 0.017621 0.546256 0.008811 0.550661 0.008811 0.555066 0.004405
0 0.422908 0.008811 0.418502 0.004405 0.418502 0.000000 0.365639 0.000000 0.365639 0.004405 0.370044 0.008811 0.370044 0.022026 0.361233 0.030837 0.356828 0.030837 0.352423 0.035242 0.348018 0.030837 0.343612 0.030837 0.339207 0.026432 0.334802 0.026432 0.325991 0.035242 0.325991 0.044053 0.330396 0.048458 0.334802 0.048458 0.339207 0.052863 0.339207 0.048458 0.352423 0.035242 0.356828 0.035242 0.361233 0.030837 0.365639 0.030837 0.370044 0.035242 0.374449 0.030837 0.374449 0.026432 0.378855 0.022026 0.383260 0.022026 0.387665 0.017621 0.392070 0.017621 0.396476 0.022026 0.400881 0.022026 0.405286 0.026432
0 0.162996 0.000000 0.207048 0.013216 0.207048 0.070485 0.255507 0.039648 0.255507 0.145374 0.185022 0.158590 0.140969 0.123348 0.180617 0.079295 0.079295 0.061674 0.105727 0.105727 0.145374 0.088106 0.145374 0.176211 0.215859 0.149780 0.242291 0.202643 0.264317 0.176211 0.281938 0.264317 0.224670 0.242291 0.198238 0.185022 0.193833 0.255507 0.048458 0.264317 0.039648 0.224670 0.101322 0.185022 0.026432 0.176211 0.000000 0.207048 0.000000 0.440529 0.061674 0.427313 0.066079 0.383260 0.026432 0.378855 0.044053 0.356828 0.000000 0.356828 0.026432 0.281938 0.061674 0.281938 0.088106 0.339207 0.092511 0.264317 0.193833 0.273128 0.198238 0.308370 0.264317 0.299559 0.339207 0.392070 0.396476 0.400881 0.392070 0.444934 0.330396 0.466960 0.312775 0.431718 0.299559 0.458150 0.321586 0.497797 0.405286 0.502203 0.383260 0.555066 0.339207 0.546256 0.370044 0.585903 0.317181 0.612335 0.383260 0.634361 0.409692 0.537445 0.422908 0.634361 0.383260 0.700441 0.308370 0.660793 0.343612 0.718062 0.299559 0.731278 0.343612 0.814978 0.400881 0.762115 0.436123 0.810573 0.352423 0.872247 0.334802 0.837004 0.308370 0.867841 0.277533 0.850220 0.295154 0.797357 0.259912 0.841410 0.303965 0.867841 0.303965 0.929515 0.352423 0.933921 0.348018 0.977974 0.392070 0.960352 0.409692 0.995595 0.506608 0.995595 0.524229 0.929515 0.475771 0.942731 0.462555 0.810573 0.550661 0.665198 0.511013 0.674009 0.488987 0.726872 0.471366 0.656388 0.515419 0.625551 0.599119 0.674009 0.625551 0.634361 0.555066 0.599119 0.585903 0.585903 0.581498 0.519824 0.519824 0.546256 0.493392 0.511013 0.555066 0.506608 0.519824 0.475771 0.537445 0.449339 0.585903 0.502203 0.607930 0.458150 0.656388 0.502203 0.656388 0.550661 0.674009 0.475771 0.704846 0.480176 0.735683 0.427313 0.656388 0.497797 0.546256 0.361233 0.590308 0.348018 0.638767 0.405286 0.678414 0.339207 0.647577 0.383260 0.607930 0.325991 0.541850 0.303965 0.533040 0.361233 0.497797 0.356828 0.502203 0.290749 0.577093 0.264317 0.550661 0.242291 0.563877 0.193833 0.519824 0.171806 0.533040 0.224670 0.480176 0.229075 0.515419 0.264317 0.484582 0.348018 0.546256 0.392070 0.528634 0.440529 0.484582 0.440529 0.519824 0.466960 0.480176 0.502203 0.506608 0.607930 0.458150 0.612335 0.436123 0.383260 0.352423 0.334802 0.308370 0.242291 0.295154 0.044053 0.321586 0.000000 0.264317 0.030837 0.255507 0.000000
0 0.105727 0.004405 0.114537 0.013216 0.118943 0.013216 0.123348 0.017621 0.132159 0.017621 0.149780 0.000000 0.154185 0.000000 0.105727 0.000000
