0 0.629956 0.938326 0.625551 0.942731 0.625551 0.964758 0.629956 0.969163 0.634361 0.964758 0.638767 0.969163 0.643172 0.969163 0.647577 0.973568 0.647577 0.982379 0.651982 0.986784 0.651982 0.995595 0.674009 0.995595 0.674009 0.991189 0.669604 0.986784 0.669604 0.977974 0.665198 0.973568 0.660793 0.973568 0.656388 0.969163 0.651982 0.969163 0.647577 0.964758 0.643172 0.964758 0.638767 0.960352 0.638767 0.951542 0.643172 0.947137 0.638767 0.942731 0.634361 0.942731
0 0.775330 0.925110 0.762115 0.938326 0.757709 0.938326 0.753304 0.942731 0.748899 0.942731 0.744493 0.938326 0.740088 0.938326 0.735683 0.933921 0.722467 0.933921 0.718062 0.938326 0.718062 0.947137 0.709251 0.955947 0.709251 0.960352 0.704846 0.964758 0.704846 0.982379 0.713656 0.991189 0.713656 0.995595 0.726872 0.995595 0.726872 0.991189 0.722467 0.986784 0.722467 0.964758 0.740088 0.947137 0.744493 0.947137 0.748899 0.942731 0.753304 0.947137 0.757709 0.947137 0.762115 0.951542 0.762115 0.955947 0.766520 0.960352 0.766520 0.964758 0.770925 0.969163 0.775330 0.969163 0.775330 0.964758 0.784141 0.955947 0.784141 0.947137 0.779736 0.942731 0.779736 0.929515
0 0.022026 0.942731 0.022026 0.951542 0.035242 0.964758 0.048458 0.964758 0.052863 0.960352 0.057269 0.964758 0.061674 0.964758 0.074890 0.977974 0.105727 0.977974 0.110132 0.982379 0.114537 0.982379 0.118943 0.986784 0.118943 0.995595 0.136564 0.995595 0.136564 0.991189 0.127753 0.982379 0.123348 0.982379 0.118943 0.977974 0.114537 0.977974 0.110132 0.973568 0.110132 0.969163 0.105727 0.964758 0.101322 0.964758 0.096916 0.960352 0.096916 0.951542 0.114537 0.933921 0.114537 0.929515 0.101322 0.916300 0.096916 0.916300 0.092511 0.920705 0.092511 0.933921 0.096916 0.938326 0.096916 0.955947 0.092511 0.960352 0.088106 0.960352 0.083700 0.964758 0.079295 0.960352 0.074890 0.960352 0.070485 0.964758 0.066079 0.964758 0.061674 0.960352 0.057269 0.960352 0.052863 0.955947 0.052863 0.951542 0.048458 0.947137 0.044053 0.947137 0.035242 0.938326 0.030837 0.938326 0.026432 0.942731
0 0.211454 0.889868 0.207048 0.894273 0.202643 0.894273 0.198238 0.898678 0.198238 0.907489 0.193833 0.911894 0.193833 0.925110 0.198238 0.929515 0.211454 0.929515 0.215859 0.925110 0.215859 0.894273
0 0.396476 0.881057 0.392070 0.885463 0.392070 0.894273 0.400881 0.903084 0.400881 0.911894 0.392070 0.920705 0.392070 0.942731 0.387665 0.947137 0.387665 0.955947 0.392070 0.960352 0.396476 0.960352 0.405286 0.969163 0.405286 0.973568 0.409692 0.977974 0.409692 0.995595 0.431718 0.995595 0.431718 0.991189 0.436123 0.986784 0.436123 0.982379 0.440529 0.977974 0.436123 0.973568 0.436123 0.960352 0.431718 0.955947 0.431718 0.951542 0.427313 0.947137 0.427313 0.942731 0.422908 0.938326 0.422908 0.933921 0.418502 0.929515 0.418502 0.925110 0.405286 0.911894 0.405286 0.903084 0.409692 0.898678 0.409692 0.894273 0.405286 0.889868 0.405286 0.885463 0.400881 0.881057
0 0.334802 0.872247 0.330396 0.876652 0.321586 0.876652 0.317181 0.881057 0.317181 0.898678 0.321586 0.903084 0.321586 0.920705 0.299559 0.942731 0.295154 0.942731 0.290749 0.947137 0.286344 0.947137 0.281938 0.942731 0.277533 0.942731 0.273128 0.947137 0.273128 0.951542 0.277533 0.955947 0.277533 0.960352 0.281938 0.964758 0.286344 0.964758 0.290749 0.969163 0.303965 0.969163 0.308370 0.973568 0.312775 0.973568 0.317181 0.977974 0.321586 0.973568 0.325991 0.973568 0.339207 0.960352 0.339207 0.951542 0.343612 0.947137 0.343612 0.938326 0.339207 0.933921 0.339207 0.920705 0.330396 0.911894 0.330396 0.898678 0.343612 0.885463 0.343612 0.881057
0 0.991189 0.876652 0.986784 0.876652 0.977974 0.867841 0.973568 0.872247 0.969163 0.872247 0.960352 0.881057 0.960352 0.885463 0.951542 0.894273 0.951542 0.907489 0.955947 0.911894 0.960352 0.911894 0.982379 0.889868 0.982379 0.885463 0.986784 0.881057 0.991189 0.881057
0 0.832599 0.867841 0.828194 0.872247 0.828194 0.885463 0.832599 0.889868 0.837004 0.889868 0.841410 0.894273 0.841410 0.929515 0.837004 0.933921 0.841410 0.938326 0.841410 0.947137 0.819383 0.969163 0.823789 0.973568 0.832599 0.973568 0.837004 0.969163 0.845815 0.969163 0.850220 0.973568 0.854626 0.973568 0.859031 0.977974 0.863436 0.977974 0.867841 0.982379 0.867841 0.995595 0.881057 0.995595 0.881057 0.969163 0.876652 0.964758 0.872247 0.964758 0.867841 0.960352 0.863436 0.960352 0.859031 0.955947 0.854626 0.955947 0.850220 0.951542 0.850220 0.942731 0.859031 0.933921 0.859031 0.911894 0.854626 0.907489 0.854626 0.903084 0.850220 0.898678 0.850220 0.881057 0.854626 0.876652 0.845815 0.867841
0 0.762115 0.828194 0.770925 0.837004 0.770925 0.845815 0.775330 0.850220 0.784141 0.850220 0.788546 0.845815 0.797357 0.845815 0.801762 0.850220 0.806167 0.850220 0.810573 0.854626 0.814978 0.854626 0.819383 0.850220 0.819383 0.841410 0.814978 0.837004 0.810573 0.837004 0.806167 0.841410 0.801762 0.841410 0.797357 0.837004 0.792952 0.837004 0.784141 0.828194 0.784141 0.823789 0.779736 0.819383 0.775330 0.819383 0.770925 0.823789 0.766520 0.823789
0 0.731278 0.814978 0.726872 0.810573 0.722467 0.810573 0.718062 0.814978 0.700441 0.814978 0.696035 0.819383 0.691630 0.819383 0.678414 0.832599 0.678414 0.837004 0.674009 0.841410 0.669604 0.841410 0.665198 0.845815 0.660793 0.845815 0.656388 0.850220 0.656388 0.859031 0.651982 0.863436 0.651982 0.867841 0.656388 0.872247 0.660793 0.872247 0.665198 0.867841 0.665198 0.859031 0.678414 0.845815 0.682819 0.845815 0.687225 0.841410 0.691630 0.841410 0.696035 0.837004 0.700441 0.837004 0.704846 0.832599 0.709251 0.832599 0.713656 0.828194 0.731278 0.828194 0.735683 0.823789 0.731278 0.819383
0 0.246696 0.814978 0.251101 0.819383 0.251101 0.823789 0.255507 0.828194 0.259912 0.828194 0.268722 0.837004 0.268722 0.863436 0.273128 0.867841 0.281938 0.859031 0.281938 0.850220 0.286344 0.845815 0.290749 0.845815 0.295154 0.841410 0.312775 0.841410 0.317181 0.837004 0.308370 0.828194 0.290749 0.828194 0.286344 0.832599 0.281938 0.832599 0.277533 0.837004 0.273128 0.837004 0.268722 0.832599 0.264317 0.832599 0.259912 0.828194 0.259912 0.814978 0.255507 0.810573 0.251101 0.810573
0 0.123348 0.801762 0.110132 0.801762 0.096916 0.814978 0.096916 0.823789 0.092511 0.828194 0.092511 0.832599 0.088106 0.837004 0.083700 0.837004 0.083700 0.845815 0.088106 0.850220 0.096916 0.850220 0.101322 0.854626 0.105727 0.854626 0.110132 0.859031 0.123348 0.845815 0.123348 0.841410 0.127753 0.837004 0.127753 0.832599 0.132159 0.828194 0.132159 0.819383 0.127753 0.814978 0.127753 0.806167
0 0.418502 0.779736 0.414097 0.784141 0.400881 0.784141 0.383260 0.801762 0.392070 0.810573 0.392070 0.819383 0.383260 0.828194 0.378855 0.828194 0.374449 0.832599 0.374449 0.841410 0.370044 0.845815 0.365639 0.845815 0.361233 0.850220 0.356828 0.850220 0.352423 0.854626 0.352423 0.859031 0.356828 0.863436 0.365639 0.863436 0.370044 0.859031 0.370044 0.850220 0.374449 0.845815 0.378855 0.845815 0.383260 0.841410 0.387665 0.841410 0.396476 0.832599 0.396476 0.814978 0.422908 0.788546 0.422908 0.784141
0 0.845815 0.775330 0.841410 0.779736 0.837004 0.779736 0.832599 0.784141 0.832599 0.810573 0.837004 0.814978 0.841410 0.814978 0.845815 0.819383 0.850220 0.819383 0.854626 0.823789 0.854626 0.828194 0.863436 0.837004 0.863436 0.845815 0.867841 0.850220 0.872247 0.845815 0.872247 0.841410 0.867841 0.837004 0.867841 0.823789 0.859031 0.814978 0.854626 0.814978 0.850220 0.810573 0.850220 0.801762 0.854626 0.797357 0.854626 0.788546 0.859031 0.784141 0.850220 0.775330
0 0.290749 0.731278 0.290749 0.735683 0.295154 0.740088 0.308370 0.740088 0.312775 0.744493 0.321586 0.744493 0.325991 0.740088 0.325991 0.731278 0.321586 0.726872 0.312775 0.726872 0.308370 0.722467 0.303965 0.722467 0.299559 0.726872 0.295154 0.726872
0 0.973568 0.731278 0.960352 0.718062 0.955947 0.718062 0.951542 0.722467 0.951542 0.731278 0.947137 0.735683 0.947137 0.748899 0.942731 0.753304 0.938326 0.753304 0.933921 0.757709 0.929515 0.757709 0.925110 0.762115 0.911894 0.762115 0.907489 0.757709 0.903084 0.757709 0.898678 0.753304 0.898678 0.744493 0.894273 0.740088 0.885463 0.740088 0.881057 0.744493 0.876652 0.744493 0.872247 0.748899 0.872247 0.757709 0.876652 0.762115 0.881057 0.762115 0.885463 0.766520 0.889868 0.766520 0.894273 0.770925 0.938326 0.770925 0.942731 0.775330 0.947137 0.775330 0.951542 0.779736 0.960352 0.779736 0.969163 0.770925 0.955947 0.757709 0.955947 0.744493 0.960352 0.740088 0.964758 0.740088
0 0.198238 0.713656 0.189427 0.722467 0.193833 0.726872 0.193833 0.731278 0.198238 0.735683 0.198238 0.762115 0.202643 0.766520 0.207048 0.762115 0.211454 0.762115 0.215859 0.757709 0.215859 0.726872 0.207048 0.718062 0.202643 0.718062
0 0.704846 0.709251 0.700441 0.709251 0.696035 0.713656 0.678414 0.713656 0.669604 0.722467 0.669604 0.735683 0.660793 0.744493 0.656388 0.744493 0.647577 0.753304 0.651982 0.757709 0.651982 0.775330 0.656388 0.779736 0.660793 0.779736 0.665198 0.775330 0.665198 0.770925 0.669604 0.766520 0.669604 0.757709 0.678414 0.748899 0.678414 0.740088 0.687225 0.731278 0.691630 0.731278 0.696035 0.726872 0.704846 0.726872 0.709251 0.731278 0.713656 0.726872 0.713656 0.718062
0 0.079295 0.704846 0.074890 0.709251 0.074890 0.718062 0.083700 0.726872 0.088106 0.726872 0.092511 0.722467 0.096916 0.722467 0.101322 0.718062 0.105727 0.718062 0.110132 0.713656 0.114537 0.713656 0.118943 0.718062 0.123348 0.718062 0.127753 0.722467 0.132159 0.722467 0.136564 0.726872 0.140969 0.726872 0.145374 0.731278 0.145374 0.740088 0.140969 0.744493 0.140969 0.748899 0.136564 0.753304 0.136564 0.775330 0.140969 0.779736 0.145374 0.779736 0.149780 0.775330 0.149780 0.770925 0.154185 0.766520 0.154185 0.757709 0.158590 0.753304 0.158590 0.744493 0.162996 0.740088 0.162996 0.735683 0.158590 0.731278 0.154185 0.731278 0.149780 0.726872 0.145374 0.726872 0.140969 0.722467 0.140969 0.704846 0.136564 0.700441 0.132159 0.700441 0.127753 0.704846 0.123348 0.704846 0.118943 0.709251 0.110132 0.709251 0.105727 0.704846 0.101322 0.704846 0.096916 0.700441 0.088106 0.700441 0.083700 0.704846
0 0.801762 0.700441 0.797357 0.696035 0.792952 0.696035 0.788546 0.700441 0.788546 0.704846 0.779736 0.713656 0.775330 0.713656 0.766520 0.722467 0.770925 0.726872 0.788546 0.726872 0.792952 0.722467 0.797357 0.722467 0.806167 0.713656 0.806167 0.709251 0.801762 0.704846
0 0.925110 0.660793 0.920705 0.656388 0.916300 0.656388 0.911894 0.660793 0.898678 0.660793 0.889868 0.669604 0.898678 0.678414 0.916300 0.678414 0.925110 0.669604
0 0.295154 0.638767 0.290749 0.634361 0.286344 0.638767 0.286344 0.651982 0.277533 0.660793 0.273128 0.660793 0.268722 0.665198 0.264317 0.665198 0.259912 0.669604 0.255507 0.669604 0.251101 0.665198 0.246696 0.665198 0.242291 0.660793 0.237885 0.665198 0.233480 0.665198 0.229075 0.669604 0.242291 0.682819 0.251101 0.682819 0.255507 0.678414 0.295154 0.678414 0.299559 0.674009 0.299559 0.665198 0.295154 0.660793
0 0.709251 0.669604 0.718062 0.678414 0.722467 0.678414 0.726872 0.682819 0.731278 0.678414 0.735683 0.678414 0.748899 0.665198 0.753304 0.665198 0.757709 0.660793 0.762115 0.665198 0.775330 0.665198 0.779736 0.660793 0.779736 0.651982 0.775330 0.647577 0.766520 0.647577 0.762115 0.651982 0.757709 0.651982 0.748899 0.660793 0.744493 0.660793 0.740088 0.665198 0.735683 0.660793 0.731278 0.660793 0.722467 0.651982 0.722467 0.643172 0.735683 0.629956 0.731278 0.625551 0.726872 0.625551 0.722467 0.629956 0.722467 0.647577 0.718062 0.651982 0.713656 0.651982 0.709251 0.656388
0 0.405286 0.616740 0.400881 0.616740 0.378855 0.638767 0.378855 0.643172 0.374449 0.647577 0.374449 0.656388 0.378855 0.660793 0.383260 0.660793 0.387665 0.656388 0.387665 0.651982 0.392070 0.647577 0.392070 0.643172 0.396476 0.638767 0.396476 0.634361 0.409692 0.621145
0 0.193833 0.616740 0.198238 0.621145 0.198238 0.625551 0.202643 0.629956 0.215859 0.629956 0.220264 0.634361 0.224670 0.634361 0.233480 0.643172 0.237885 0.638767 0.242291 0.643172 0.246696 0.638767 0.246696 0.629956 0.242291 0.625551 0.237885 0.625551 0.233480 0.621145 0.229075 0.621145 0.224670 0.616740 0.220264 0.616740 0.215859 0.612335 0.198238 0.612335
0 0.828194 0.594714 0.832599 0.599119 0.837004 0.599119 0.841410 0.603524 0.845815 0.603524 0.854626 0.612335 0.854626 0.616740 0.859031 0.621145 0.867841 0.621145 0.872247 0.616740 0.872247 0.612335 0.876652 0.607930 0.863436 0.594714 0.850220 0.594714 0.845815 0.590308 0.832599 0.590308
0 0.158590 0.541850 0.154185 0.537445 0.154185 0.528634 0.149780 0.524229 0.140969 0.533040 0.140969 0.550661 0.136564 0.555066 0.132159 0.555066 0.127753 0.559471 0.123348 0.555066 0.118943 0.555066 0.114537 0.550661 0.110132 0.555066 0.105727 0.555066 0.101322 0.559471 0.096916 0.559471 0.092511 0.555066 0.088106 0.555066 0.083700 0.550661 0.074890 0.550661 0.070485 0.546256 0.066079 0.546256 0.061674 0.541850 0.057269 0.541850 0.052863 0.537445 0.048458 0.537445 0.044053 0.541850 0.008811 0.541850 0.004405 0.546256 0.000000 0.546256 0.000000 0.550661 0.004405 0.555066 0.008811 0.555066 0.013216 0.559471 0.061674 0.559471 0.066079 0.563877 0.070485 0.559471 0.074890 0.563877 0.079295 0.559471 0.083700 0.559471 0.088106 0.563877 0.092511 0.563877 0.096916 0.568282 0.101322 0.568282 0.105727 0.572687 0.110132 0.572687 0.114537 0.577093 0.118943 0.577093 0.127753 0.568282 0.127753 0.563877 0.132159 0.559471 0.136564 0.559471 0.140969 0.555066 0.145374 0.555066 0.149780 0.559471 0.158590 0.550661
0 0.933921 0.515419 0.929515 0.515419 0.920705 0.524229 0.925110 0.528634 0.925110 0.537445 0.916300 0.546256 0.911894 0.546256 0.907489 0.550661 0.894273 0.550661 0.889868 0.555066 0.889868 0.559471 0.894273 0.563877 0.911894 0.563877 0.920705 0.555066 0.920705 0.550661 0.925110 0.546256 0.925110 0.533040 0.929515 0.528634 0.933921 0.528634 0.938326 0.524229 0.938326 0.519824
0 0.299559 0.515419 0.295154 0.519824 0.290749 0.519824 0.286344 0.524229 0.286344 0.533040 0.281938 0.537445 0.286344 0.541850 0.286344 0.550661 0.277533 0.559471 0.290749 0.572687 0.295154 0.572687 0.299559 0.577093 0.312775 0.577093 0.317181 0.572687 0.312775 0.568282 0.312775 0.563877 0.299559 0.550661 0.299559 0.528634 0.303965 0.524229 0.308370 0.524229 0.312775 0.519824 0.308370 0.515419
0 0.718062 0.524229 0.718062 0.528634 0.713656 0.533040 0.713656 0.537445 0.718062 0.541850 0.722467 0.541850 0.726872 0.537445 0.726872 0.533040 0.744493 0.515419 0.748899 0.515419 0.753304 0.511013 0.757709 0.511013 0.762115 0.515419 0.766520 0.515419 0.770925 0.519824 0.770925 0.524229 0.775330 0.528634 0.775330 0.550661 0.792952 0.568282 0.801762 0.559471 0.801762 0.550661 0.797357 0.546256 0.797357 0.537445 0.792952 0.533040 0.792952 0.519824 0.788546 0.515419 0.784141 0.515419 0.779736 0.511013 0.775330 0.511013 0.770925 0.506608 0.766520 0.506608 0.762115 0.502203 0.753304 0.502203 0.748899 0.506608 0.740088 0.506608 0.735683 0.511013 0.731278 0.511013
0 0.405286 0.493392 0.392070 0.506608 0.392070 0.511013 0.387665 0.515419 0.387665 0.519824 0.378855 0.528634 0.378855 0.541850 0.383260 0.546256 0.396476 0.546256 0.405286 0.537445 0.405286 0.533040 0.409692 0.528634 0.409692 0.506608 0.414097 0.502203
0 0.563877 0.484582 0.550661 0.484582 0.546256 0.488987 0.546256 0.493392 0.541850 0.497797 0.541850 0.511013 0.546256 0.515419 0.555066 0.515419 0.568282 0.502203 0.568282 0.488987
0 0.506608 0.484582 0.502203 0.488987 0.497797 0.488987 0.493392 0.493392 0.484582 0.493392 0.480176 0.488987 0.471366 0.488987 0.458150 0.502203 0.458150 0.511013 0.453745 0.515419 0.449339 0.515419 0.444934 0.519824 0.444934 0.524229 0.449339 0.528634 0.453745 0.528634 0.466960 0.541850 0.466960 0.550661 0.462555 0.555066 0.458150 0.555066 0.453745 0.559471 0.453745 0.563877 0.458150 0.568282 0.462555 0.568282 0.466960 0.572687 0.471366 0.572687 0.475771 0.577093 0.480176 0.572687 0.488987 0.572687 0.493392 0.568282 0.502203 0.568282 0.506608 0.563877 0.502203 0.559471 0.488987 0.559471 0.484582 0.555066 0.480176 0.555066 0.471366 0.546256 0.471366 0.537445 0.475771 0.533040 0.480176 0.533040 0.484582 0.528634 0.488987 0.528634 0.493392 0.524229 0.493392 0.519824 0.502203 0.511013 0.502203 0.497797 0.511013 0.488987
0 0.044053 0.440529 0.035242 0.449339 0.035242 0.462555 0.030837 0.466960 0.030837 0.471366 0.022026 0.480176 0.022026 0.488987 0.017621 0.493392 0.017621 0.502203 0.022026 0.506608 0.030837 0.506608 0.035242 0.511013 0.048458 0.497797 0.048458 0.493392 0.066079 0.475771 0.070485 0.475771 0.074890 0.471366 0.079295 0.475771 0.083700 0.475771 0.092511 0.484582 0.092511 0.493392 0.096916 0.497797 0.096916 0.502203 0.101322 0.506608 0.101322 0.511013 0.105727 0.515419 0.110132 0.515419 0.114537 0.511013 0.114537 0.493392 0.110132 0.488987 0.110132 0.484582 0.101322 0.475771 0.101322 0.471366 0.088106 0.458150 0.079295 0.458150 0.074890 0.453745 0.070485 0.453745 0.061674 0.444934 0.057269 0.444934 0.052863 0.440529
0 0.859031 0.409692 0.854626 0.414097 0.850220 0.414097 0.841410 0.422908 0.841410 0.431718 0.837004 0.436123 0.832599 0.436123 0.828194 0.440529 0.823789 0.440529 0.819383 0.436123 0.810573 0.436123 0.806167 0.440529 0.797357 0.440529 0.792952 0.444934 0.788546 0.444934 0.779736 0.453745 0.779736 0.458150 0.775330 0.462555 0.775330 0.471366 0.770925 0.475771 0.779736 0.484582 0.788546 0.484582 0.801762 0.471366 0.801762 0.466960 0.806167 0.462555 0.806167 0.458150 0.810573 0.453745 0.814978 0.453745 0.823789 0.444934 0.828194 0.444934 0.832599 0.440529 0.837004 0.444934 0.841410 0.444934 0.845815 0.449339 0.845815 0.453745 0.850220 0.458150 0.850220 0.462555 0.854626 0.466960 0.854626 0.484582 0.841410 0.497797 0.841410 0.519824 0.832599 0.528634 0.832599 0.537445 0.828194 0.541850 0.832599 0.546256 0.832599 0.550661 0.841410 0.559471 0.845815 0.555066 0.845815 0.550661 0.850220 0.546256 0.850220 0.515419 0.859031 0.506608 0.859031 0.502203 0.863436 0.497797 0.863436 0.493392 0.881057 0.475771 0.881057 0.466960 0.885463 0.462555 0.889868 0.462555 0.894273 0.458150 0.885463 0.449339 0.885463 0.444934 0.872247 0.431718 0.872247 0.418502 0.867841 0.414097 0.863436 0.414097
0 0.317181 0.409692 0.312775 0.405286 0.308370 0.405286 0.299559 0.414097 0.295154 0.414097 0.281938 0.427313 0.281938 0.431718 0.268722 0.444934 0.264317 0.444934 0.251101 0.458150 0.255507 0.462555 0.259912 0.458150 0.268722 0.458150 0.273128 0.453745 0.290749 0.453745 0.295154 0.449339 0.295154 0.431718 0.303965 0.422908 0.308370 0.422908 0.317181 0.414097
0 0.885463 0.325991 0.885463 0.334802 0.889868 0.339207 0.889868 0.348018 0.894273 0.352423 0.898678 0.348018 0.907489 0.348018 0.911894 0.343612 0.916300 0.343612 0.920705 0.339207 0.916300 0.334802 0.911894 0.334802 0.898678 0.321586 0.889868 0.321586
0 0.237885 0.317181 0.233480 0.317181 0.229075 0.321586 0.215859 0.321586 0.211454 0.325991 0.220264 0.334802 0.224670 0.334802 0.229075 0.339207 0.229075 0.361233 0.224670 0.365639 0.224670 0.370044 0.211454 0.383260 0.207048 0.383260 0.193833 0.396476 0.198238 0.400881 0.202643 0.400881 0.207048 0.396476 0.211454 0.396476 0.215859 0.392070 0.224670 0.392070 0.229075 0.387665 0.237885 0.387665 0.251101 0.374449 0.251101 0.361233 0.246696 0.356828 0.246696 0.352423 0.237885 0.343612 0.237885 0.334802 0.242291 0.330396 0.242291 0.321586
0 0.132159 0.317181 0.127753 0.321586 0.127753 0.325991 0.132159 0.330396 0.132159 0.334802 0.140969 0.343612 0.145374 0.343612 0.158590 0.330396 0.145374 0.317181
0 0.308370 0.317181 0.308370 0.321586 0.312775 0.325991 0.321586 0.325991 0.325991 0.321586 0.334802 0.321586 0.339207 0.325991 0.343612 0.325991 0.352423 0.334802 0.365639 0.334802 0.374449 0.325991 0.374449 0.321586 0.370044 0.317181 0.356828 0.317181 0.352423 0.321586 0.343612 0.321586 0.339207 0.317181 0.334802 0.317181 0.321586 0.303965 0.317181 0.303965 0.312775 0.308370 0.312775 0.312775
0 0.497797 0.295154 0.488987 0.295154 0.484582 0.299559 0.484582 0.321586 0.480176 0.325991 0.480176 0.330396 0.475771 0.334802 0.480176 0.339207 0.480176 0.343612 0.484582 0.348018 0.493392 0.348018 0.497797 0.343612 0.497797 0.334802 0.493392 0.330396 0.493392 0.312775 0.502203 0.303965 0.502203 0.299559
0 0.872247 0.286344 0.872247 0.290749 0.876652 0.295154 0.881057 0.295154 0.885463 0.290749 0.894273 0.290749 0.898678 0.295154 0.903084 0.295154 0.907489 0.299559 0.911894 0.299559 0.916300 0.303965 0.920705 0.303965 0.925110 0.308370 0.929515 0.308370 0.933921 0.312775 0.942731 0.312775 0.947137 0.317181 0.969163 0.317181 0.973568 0.321586 0.977974 0.321586 0.982379 0.325991 0.982379 0.334802 0.986784 0.339207 0.991189 0.334802 0.995595 0.334802 0.995595 0.312775 0.991189 0.308370 0.986784 0.308370 0.982379 0.303965 0.977974 0.303965 0.973568 0.299559 0.964758 0.299559 0.960352 0.303965 0.955947 0.303965 0.951542 0.299559 0.947137 0.299559 0.938326 0.290749 0.938326 0.286344 0.933921 0.281938 0.903084 0.281938 0.898678 0.286344 0.894273 0.286344 0.889868 0.290749 0.885463 0.286344 0.881057 0.286344 0.876652 0.281938
0 0.396476 0.264317 0.396476 0.273128 0.400881 0.277533 0.400881 0.281938 0.405286 0.286344 0.409692 0.286344 0.418502 0.295154 0.422908 0.290749 0.427313 0.290749 0.431718 0.286344 0.436123 0.290749 0.440529 0.290749 0.444934 0.295154 0.453745 0.295154 0.458150 0.290749 0.462555 0.290749 0.466960 0.286344 0.466960 0.277533 0.462555 0.273128 0.453745 0.273128 0.444934 0.281938 0.440529 0.281938 0.436123 0.286344 0.431718 0.281938 0.427313 0.281938 0.422908 0.277533 0.418502 0.277533 0.409692 0.268722 0.405286 0.268722 0.400881 0.264317
0 0.621145 0.220264 0.616740 0.224670 0.616740 0.242291 0.612335 0.246696 0.612335 0.255507 0.625551 0.268722 0.629956 0.264317 0.629956 0.242291 0.634361 0.237885 0.625551 0.229075 0.625551 0.224670
0 0.242291 0.215859 0.237885 0.215859 0.233480 0.220264 0.233480 0.251101 0.229075 0.255507 0.224670 0.255507 0.220264 0.259912 0.220264 0.268722 0.224670 0.273128 0.229075 0.268722 0.233480 0.268722 0.242291 0.259912 0.242291 0.255507 0.246696 0.251101 0.246696 0.246696 0.255507 0.237885 0.255507 0.229075
0 0.687225 0.202643 0.682819 0.207048 0.682819 0.237885 0.687225 0.242291 0.691630 0.242291 0.696035 0.237885 0.700441 0.242291 0.704846 0.242291 0.709251 0.246696 0.713656 0.246696 0.718062 0.242291 0.718062 0.237885 0.713656 0.233480 0.704846 0.233480 0.700441 0.229075 0.696035 0.229075 0.691630 0.224670 0.691630 0.207048
0 0.466960 0.202643 0.449339 0.220264 0.449339 0.224670 0.444934 0.229075 0.444934 0.233480 0.440529 0.237885 0.440529 0.242291 0.449339 0.251101 0.453745 0.251101 0.458150 0.246696 0.458150 0.242291 0.475771 0.224670 0.475771 0.211454
0 0.995595 0.189427 0.991189 0.189427 0.986784 0.193833 0.986784 0.211454 0.991189 0.215859 0.991189 0.224670 0.986784 0.229075 0.982379 0.229075 0.977974 0.233480 0.969163 0.233480 0.947137 0.255507 0.951542 0.259912 0.960352 0.259912 0.964758 0.255507 0.973568 0.255507 0.977974 0.251101 0.982379 0.251101 0.986784 0.246696 0.991189 0.246696 0.995595 0.242291
0 0.176211 0.149780 0.167401 0.158590 0.167401 0.167401 0.162996 0.171806 0.162996 0.185022 0.154185 0.193833 0.154185 0.198238 0.145374 0.207048 0.145374 0.211454 0.149780 0.215859 0.154185 0.211454 0.154185 0.207048 0.158590 0.202643 0.162996 0.202643 0.167401 0.198238 0.167401 0.189427 0.180617 0.176211 0.180617 0.171806 0.185022 0.167401 0.185022 0.158590
0 0.603524 0.145374 0.594714 0.154185 0.594714 0.180617 0.590308 0.185022 0.594714 0.189427 0.607930 0.189427 0.616740 0.180617 0.612335 0.176211 0.612335 0.167401 0.607930 0.162996 0.607930 0.149780
0 0.436123 0.136564 0.422908 0.149780 0.427313 0.154185 0.427313 0.158590 0.431718 0.162996 0.449339 0.162996 0.462555 0.149780 0.458150 0.145374 0.453745 0.145374 0.449339 0.140969 0.444934 0.140969 0.440529 0.136564
0 0.000000 0.136564 0.000000 0.154185 0.008811 0.154185 0.013216 0.149780 0.017621 0.154185 0.022026 0.154185 0.030837 0.162996 0.035242 0.158590 0.044053 0.158590 0.048458 0.154185 0.048458 0.149780 0.044053 0.145374 0.026432 0.145374 0.022026 0.140969 0.017621 0.140969 0.013216 0.136564
0 0.898678 0.132159 0.889868 0.132159 0.872247 0.149780 0.872247 0.154185 0.881057 0.162996 0.894273 0.162996 0.903084 0.154185 0.903084 0.136564
0 0.114537 0.127753 0.110132 0.127753 0.096916 0.140969 0.096916 0.162996 0.105727 0.171806 0.114537 0.162996 0.114537 0.154185 0.118943 0.149780 0.118943 0.132159
0 0.770925 0.114537 0.757709 0.101322 0.753304 0.105727 0.744493 0.105727 0.735683 0.114537 0.735683 0.118943 0.740088 0.123348 0.757709 0.123348 0.762115 0.118943 0.766520 0.118943
0 0.541850 0.088106 0.533040 0.096916 0.533040 0.101322 0.541850 0.110132 0.541850 0.114537 0.559471 0.132159 0.559471 0.140969 0.563877 0.145374 0.568282 0.140969 0.568282 0.114537
0 0.889868 0.083700 0.885463 0.088106 0.885463 0.096916 0.889868 0.101322 0.889868 0.105727 0.894273 0.110132 0.911894 0.110132 0.916300 0.105727 0.916300 0.101322 0.911894 0.096916 0.911894 0.092511 0.907489 0.088106 0.903084 0.088106 0.898678 0.083700
0 0.057269 0.083700 0.052863 0.083700 0.044053 0.092511 0.044053 0.114537 0.048458 0.118943 0.052863 0.118943 0.057269 0.114537 0.057269 0.110132 0.061674 0.105727 0.061674 0.101322 0.066079 0.096916 0.066079 0.092511
0 0.603524 0.044053 0.599119 0.048458 0.599119 0.052863 0.585903 0.066079 0.581498 0.066079 0.577093 0.070485 0.581498 0.074890 0.585903 0.070485 0.590308 0.070485 0.594714 0.066079 0.599119 0.066079 0.603524 0.070485 0.607930 0.070485 0.612335 0.074890 0.612335 0.083700 0.616740 0.088106 0.621145 0.083700 0.621145 0.066079 0.612335 0.057269 0.612335 0.052863
0 0.229075 0.048458 0.229075 0.052863 0.237885 0.061674 0.237885 0.066079 0.242291 0.070485 0.246696 0.070485 0.251101 0.074890 0.255507 0.074890 0.259912 0.070485 0.264317 0.074890 0.268722 0.074890 0.273128 0.079295 0.273128 0.088106 0.281938 0.096916 0.286344 0.096916 0.290749 0.092511 0.299559 0.092511 0.303965 0.096916 0.308370 0.096916 0.312775 0.101322 0.325991 0.101322 0.330396 0.096916 0.330396 0.088106 0.325991 0.083700 0.312775 0.083700 0.308370 0.088106 0.303965 0.088106 0.299559 0.092511 0.295154 0.092511 0.290749 0.088106 0.286344 0.088106 0.281938 0.083700 0.277533 0.083700 0.268722 0.074890 0.268722 0.061674 0.255507 0.048458 0.251101 0.048458 0.246696 0.044053 0.242291 0.044053 0.237885 0.039648
0 0.096916 0.026432 0.092511 0.030837 0.096916 0.035242 0.096916 0.052863 0.101322 0.057269 0.101322 0.066079 0.105727 0.070485 0.105727 0.092511 0.114537 0.101322 0.123348 0.101322 0.127753 0.096916 0.127753 0.083700 0.118943 0.074890 0.118943 0.052863 0.114537 0.048458 0.114537 0.030837 0.110132 0.026432
0 0.052863 0.022026 0.044053 0.022026 0.035242 0.030837 0.035242 0.044053 0.030837 0.048458 0.030837 0.057269 0.026432 0.061674 0.026432 0.066079 0.030837 0.070485 0.057269 0.044053 0.057269 0.026432
0 0.867841 0.000000 0.837004 0.000000 0.841410 0.017621 0.828194 0.030837 0.806167 0.158590 0.788546 0.198238 0.770925 0.211454 0.762115 0.290749 0.731278 0.325991 0.744493 0.339207 0.744493 0.356828 0.726872 0.378855 0.718062 0.414097 0.700441 0.418502 0.678414 0.458150 0.656388 0.466960 0.537445 0.594714 0.555066 0.625551 0.546256 0.691630 0.506608 0.726872 0.471366 0.718062 0.453745 0.731278 0.436123 0.722467 0.422908 0.731278 0.431718 0.744493 0.449339 0.740088 0.462555 0.748899 0.497797 0.726872 0.515419 0.735683 0.528634 0.726872 0.546256 0.740088 0.546256 0.806167 0.555066 0.832599 0.541850 0.845815 0.541850 0.872247 0.528634 0.881057 0.511013 0.876652 0.533040 0.903084 0.533040 0.995595 0.594714 0.995595 0.590308 0.947137 0.572687 0.925110 0.577093 0.859031 0.599119 0.837004 0.603524 0.819383 0.621145 0.814978 0.638767 0.828194 0.656388 0.814978 0.647577 0.797357 0.603524 0.810573 0.585903 0.801762 0.594714 0.757709 0.612335 0.731278 0.607930 0.674009 0.616740 0.665198 0.594714 0.643172 0.594714 0.603524 0.740088 0.458150 0.757709 0.400881 0.792952 0.348018 0.854626 0.317181 0.841410 0.290749 0.845815 0.264317 0.859031 0.242291 0.894273 0.220264 0.881057 0.189427 0.859031 0.207048 0.841410 0.193833 0.841410 0.110132 0.859031 0.083700
