0 0.784141 0.960352 0.779736 0.964758 0.779736 0.995595 0.792952 0.995595 0.792952 0.982379 0.797357 0.977974 0.797357 0.969163 0.788546 0.960352
0 0.995595 0.947137 0.991189 0.947137 0.986784 0.951542 0.982379 0.951542 0.977974 0.955947 0.973568 0.955947 0.960352 0.969163 0.960352 0.977974 0.964758 0.982379 0.969163 0.977974 0.977974 0.977974 0.982379 0.973568 0.986784 0.973568 0.991189 0.969163 0.995595 0.969163
0 0.392070 0.982379 0.396476 0.986784 0.400881 0.986784 0.405286 0.982379 0.409692 0.986784 0.414097 0.986784 0.418502 0.991189 0.418502 0.995595 0.462555 0.995595 0.462555 0.986784 0.453745 0.977974 0.449339 0.977974 0.444934 0.973568 0.444934 0.960352 0.440529 0.955947 0.436123 0.960352 0.431718 0.955947 0.427313 0.955947 0.418502 0.947137 0.414097 0.951542 0.414097 0.960352 0.409692 0.964758 0.405286 0.964758 0.400881 0.969163 0.400881 0.973568
0 0.286344 0.947137 0.277533 0.955947 0.273128 0.955947 0.264317 0.964758 0.264317 0.973568 0.273128 0.982379 0.273128 0.995595 0.295154 0.995595 0.295154 0.991189 0.299559 0.986784 0.299559 0.960352
0 0.370044 0.925110 0.365639 0.929515 0.365639 0.938326 0.370044 0.942731 0.370044 0.955947 0.374449 0.960352 0.383260 0.960352 0.387665 0.955947 0.387665 0.947137 0.383260 0.942731 0.383260 0.938326
0 0.643172 0.907489 0.638767 0.907489 0.634361 0.911894 0.634361 0.920705 0.625551 0.929515 0.621145 0.929515 0.612335 0.938326 0.612335 0.955947 0.616740 0.960352 0.621145 0.955947 0.625551 0.960352 0.638767 0.947137 0.638767 0.938326 0.643172 0.933921 0.643172 0.920705 0.647577 0.916300 0.647577 0.911894
0 0.748899 0.903084 0.744493 0.903084 0.740088 0.898678 0.735683 0.903084 0.735683 0.925110 0.726872 0.933921 0.722467 0.933921 0.713656 0.942731 0.709251 0.942731 0.704846 0.947137 0.704846 0.955947 0.709251 0.960352 0.713656 0.960352 0.718062 0.955947 0.740088 0.955947 0.744493 0.951542 0.744493 0.929515 0.748899 0.925110 0.753304 0.925110 0.757709 0.920705 0.757709 0.911894
0 0.462555 0.867841 0.458150 0.872247 0.462555 0.876652 0.462555 0.885463 0.458150 0.889868 0.458150 0.903084 0.449339 0.911894 0.449339 0.916300 0.444934 0.920705 0.444934 0.925110 0.453745 0.933921 0.458150 0.933921 0.466960 0.925110 0.466960 0.920705 0.475771 0.911894 0.475771 0.907489 0.484582 0.898678 0.484582 0.889868 0.475771 0.881057 0.471366 0.881057 0.466960 0.876652 0.466960 0.872247
0 0.405286 0.885463 0.405286 0.876652 0.396476 0.867841 0.387665 0.867841 0.378855 0.876652 0.374449 0.876652 0.370044 0.881057 0.361233 0.881057 0.356828 0.876652 0.352423 0.876652 0.348018 0.881057 0.365639 0.898678 0.374449 0.898678 0.378855 0.894273 0.396476 0.894273
0 0.563877 0.845815 0.550661 0.859031 0.546256 0.859031 0.546256 0.872247 0.559471 0.885463 0.559471 0.907489 0.546256 0.920705 0.541850 0.920705 0.533040 0.929515 0.533040 0.947137 0.537445 0.951542 0.541850 0.951542 0.546256 0.955947 0.550661 0.955947 0.555066 0.960352 0.555066 0.969163 0.559471 0.973568 0.563877 0.973568 0.572687 0.964758 0.568282 0.960352 0.563877 0.960352 0.559471 0.955947 0.555066 0.955947 0.550661 0.951542 0.550661 0.933921 0.555066 0.929515 0.555066 0.925110 0.559471 0.920705 0.563877 0.920705 0.572687 0.911894 0.572687 0.903084 0.577093 0.898678 0.577093 0.889868 0.568282 0.881057 0.568282 0.863436 0.572687 0.859031 0.572687 0.854626
0 0.325991 0.845815 0.312775 0.845815 0.303965 0.854626 0.303965 0.867841 0.308370 0.872247 0.317181 0.872247 0.330396 0.859031 0.330396 0.850220
0 0.784141 0.814978 0.775330 0.814978 0.770925 0.819383 0.770925 0.823789 0.766520 0.828194 0.766520 0.832599 0.757709 0.841410 0.757709 0.845815 0.762115 0.850220 0.770925 0.850220 0.775330 0.845815 0.775330 0.841410 0.788546 0.828194 0.788546 0.819383
0 0.378855 0.806167 0.370044 0.814978 0.365639 0.814978 0.361233 0.819383 0.361233 0.837004 0.365639 0.841410 0.370044 0.841410 0.374449 0.845815 0.383260 0.837004 0.383260 0.810573
0 0.405286 0.784141 0.396476 0.792952 0.396476 0.797357 0.400881 0.801762 0.405286 0.801762 0.414097 0.810573 0.418502 0.810573 0.422908 0.806167 0.422908 0.801762 0.427313 0.797357 0.418502 0.788546 0.414097 0.788546 0.409692 0.784141
0 0.480176 0.766520 0.475771 0.770925 0.475771 0.779736 0.466960 0.788546 0.466960 0.792952 0.462555 0.797357 0.462555 0.801762 0.444934 0.819383 0.440529 0.819383 0.436123 0.823789 0.436123 0.828194 0.431718 0.832599 0.440529 0.841410 0.444934 0.841410 0.471366 0.814978 0.471366 0.810573 0.480176 0.801762 0.484582 0.801762 0.488987 0.797357 0.493392 0.801762 0.497797 0.801762 0.502203 0.806167 0.502203 0.819383 0.506608 0.823789 0.511013 0.823789 0.515419 0.828194 0.515419 0.845815 0.524229 0.854626 0.528634 0.850220 0.528634 0.845815 0.533040 0.841410 0.533040 0.837004 0.528634 0.832599 0.524229 0.832599 0.515419 0.823789 0.515419 0.810573 0.506608 0.801762 0.502203 0.801762 0.493392 0.792952 0.493392 0.784141 0.488987 0.779736 0.488987 0.770925 0.484582 0.766520
0 0.687225 0.757709 0.682819 0.762115 0.691630 0.770925 0.691630 0.784141 0.687225 0.788546 0.691630 0.792952 0.696035 0.792952 0.700441 0.797357 0.700441 0.806167 0.691630 0.814978 0.691630 0.823789 0.687225 0.828194 0.691630 0.832599 0.700441 0.832599 0.718062 0.814978 0.718062 0.810573 0.713656 0.806167 0.709251 0.806167 0.700441 0.797357 0.700441 0.784141 0.713656 0.770925 0.718062 0.770925 0.713656 0.770925 0.700441 0.757709 0.696035 0.757709 0.691630 0.762115
0 0.859031 0.740088 0.854626 0.744493 0.854626 0.753304 0.832599 0.770925 0.828194 0.770925 0.823789 0.775330 0.819383 0.770925 0.806167 0.770925 0.801762 0.775330 0.797357 0.775330 0.797357 0.779736 0.801762 0.779736 0.810573 0.788546 0.814978 0.788546 0.819383 0.784141 0.819383 0.779736 0.832599 0.770925 0.837004 0.775330 0.841410 0.775330 0.859031 0.792952 0.867841 0.784141 0.872247 0.784141 0.885463 0.775330 0.889868 0.779736 0.894273 0.779736 0.903084 0.792952 0.903084 0.806167 0.885463 0.819383 0.889868 0.841410 0.881057 0.850220 0.881057 0.859031 0.876652 0.863436 0.876652 0.881057 0.881057 0.885463 0.881057 0.903084 0.876652 0.907489 0.872247 0.907489 0.859031 0.920705 0.854626 0.920705 0.850220 0.925110 0.841410 0.925110 0.832599 0.933921 0.832599 0.942731 0.837004 0.947137 0.837004 0.951542 0.841410 0.955947 0.850220 0.955947 0.854626 0.960352 0.859031 0.960352 0.867841 0.969163 0.867841 0.982379 0.872247 0.986784 0.872247 0.995595 0.881057 0.995595 0.881057 0.977974 0.885463 0.973568 0.885463 0.969163 0.898678 0.955947 0.898678 0.951542 0.894273 0.947137 0.885463 0.947137 0.881057 0.951542 0.876652 0.951542 0.863436 0.942731 0.863436 0.933921 0.872247 0.925110 0.876652 0.925110 0.881057 0.920705 0.881057 0.911894 0.885463 0.907489 0.889868 0.907489 0.889868 0.872247 0.894273 0.867841 0.894273 0.859031 0.903084 0.850220 0.903084 0.828194 0.907489 0.823789 0.903084 0.819383 0.903084 0.810573 0.920705 0.797357 0.920705 0.788546 0.925110 0.784141 0.920705 0.784141 0.907489 0.766520 0.894273 0.775330 0.881057 0.770925 0.876652 0.766520 0.876652 0.753304
0 0.647577 0.740088 0.629956 0.740088 0.625551 0.744493 0.621145 0.744493 0.616740 0.748899 0.621145 0.753304 0.621145 0.757709 0.625551 0.762115 0.625551 0.784141 0.621145 0.788546 0.621145 0.792952 0.616740 0.797357 0.612335 0.797357 0.603524 0.806167 0.603524 0.810573 0.612335 0.819383 0.621145 0.819383 0.634361 0.806167 0.638767 0.806167 0.643172 0.801762 0.643172 0.788546 0.638767 0.784141 0.638767 0.775330 0.643172 0.770925 0.643172 0.762115 0.651982 0.753304 0.651982 0.744493
0 0.524229 0.735683 0.519824 0.740088 0.519824 0.744493 0.515419 0.748899 0.515419 0.757709 0.524229 0.766520 0.528634 0.766520 0.537445 0.757709 0.537445 0.748899 0.541850 0.744493 0.537445 0.740088 0.528634 0.740088
0 0.414097 0.731278 0.405286 0.740088 0.405286 0.744493 0.400881 0.748899 0.409692 0.757709 0.422908 0.757709 0.427313 0.753304 0.427313 0.744493 0.431718 0.740088 0.422908 0.731278
0 0.537445 0.691630 0.537445 0.704846 0.546256 0.713656 0.546256 0.718062 0.550661 0.722467 0.563877 0.722467 0.568282 0.718062 0.568282 0.713656 0.563877 0.709251 0.563877 0.704846 0.546256 0.687225 0.541850 0.691630
0 0.977974 0.665198 0.973568 0.660793 0.964758 0.660793 0.960352 0.665198 0.955947 0.665198 0.942731 0.678414 0.938326 0.678414 0.933921 0.682819 0.929515 0.678414 0.925110 0.678414 0.920705 0.682819 0.920705 0.687225 0.925110 0.691630 0.929515 0.691630 0.933921 0.687225 0.969163 0.687225 0.977974 0.678414
0 0.396476 0.660793 0.387665 0.669604 0.387665 0.674009 0.378855 0.682819 0.374449 0.682819 0.370044 0.687225 0.356828 0.687225 0.352423 0.691630 0.352423 0.718062 0.361233 0.726872 0.365639 0.726872 0.374449 0.735683 0.378855 0.735683 0.383260 0.731278 0.374449 0.722467 0.374449 0.718062 0.370044 0.713656 0.370044 0.696035 0.374449 0.691630 0.378855 0.691630 0.383260 0.687225 0.387665 0.691630 0.392070 0.691630 0.396476 0.696035 0.405286 0.696035 0.414097 0.687225 0.414097 0.674009 0.405286 0.665198 0.400881 0.665198
0 0.647577 0.660793 0.643172 0.656388 0.634361 0.665198 0.634361 0.669604 0.629956 0.674009 0.625551 0.674009 0.621145 0.678414 0.616740 0.678414 0.603524 0.691630 0.599119 0.691630 0.590308 0.700441 0.590308 0.704846 0.594714 0.709251 0.607930 0.709251 0.612335 0.704846 0.625551 0.704846 0.629956 0.700441 0.629956 0.687225 0.647577 0.669604
0 0.070485 0.656388 0.066079 0.660793 0.066079 0.674009 0.052863 0.682819 0.048458 0.678414 0.044053 0.682819 0.039648 0.682819 0.035242 0.678414 0.030837 0.678414 0.022026 0.665198 0.008811 0.678414 0.004405 0.678414 0.000000 0.682819 0.000000 0.696035 0.022026 0.696035 0.026432 0.691630 0.035242 0.691630 0.048458 0.700441 0.048458 0.713656 0.044053 0.718062 0.039648 0.718062 0.026432 0.726872 0.030837 0.731278 0.048458 0.731278 0.061674 0.740088 0.061674 0.748899 0.044053 0.766520 0.044053 0.797357 0.048458 0.801762 0.061674 0.788546 0.061674 0.766520 0.066079 0.762115 0.066079 0.753304 0.079295 0.740088 0.083700 0.740088 0.088106 0.735683 0.092511 0.740088 0.096916 0.740088 0.105727 0.748899 0.114537 0.748899 0.123348 0.740088 0.123348 0.726872 0.118943 0.731278 0.114537 0.726872 0.110132 0.726872 0.096916 0.735683 0.083700 0.726872 0.074890 0.726872 0.070485 0.722467 0.066079 0.722467 0.057269 0.713656 0.057269 0.704846 0.070485 0.691630 0.074890 0.691630 0.088106 0.682819 0.088106 0.674009
0 0.938326 0.634361 0.933921 0.629956 0.916300 0.647577 0.911894 0.647577 0.907489 0.651982 0.903084 0.651982 0.898678 0.647577 0.894273 0.647577 0.881057 0.660793 0.881057 0.665198 0.876652 0.669604 0.885463 0.678414 0.889868 0.678414 0.898678 0.669604 0.903084 0.669604 0.907489 0.665198 0.907489 0.651982 0.911894 0.647577 0.916300 0.647577 0.920705 0.643172 0.925110 0.647577 0.933921 0.647577 0.938326 0.643172
0 0.370044 0.634361 0.365639 0.629956 0.361233 0.629956 0.352423 0.638767 0.352423 0.643172 0.348018 0.647577 0.343612 0.647577 0.339207 0.651982 0.330396 0.651982 0.325991 0.647577 0.317181 0.647577 0.312775 0.651982 0.317181 0.656388 0.321586 0.656388 0.325991 0.660793 0.330396 0.660793 0.339207 0.669604 0.348018 0.669604 0.356828 0.660793 0.356828 0.651982 0.370044 0.638767
0 0.973568 0.475771 0.960352 0.488987 0.960352 0.502203 0.955947 0.506608 0.955947 0.515419 0.960352 0.519824 0.982379 0.497797 0.982379 0.484582
0 0.022026 0.471366 0.017621 0.475771 0.017621 0.484582 0.013216 0.488987 0.013216 0.493392 0.008811 0.497797 0.004405 0.497797 0.000000 0.502203 0.000000 0.519824 0.008811 0.519824 0.013216 0.524229 0.017621 0.524229 0.026432 0.515419 0.026432 0.511013 0.022026 0.506608 0.022026 0.480176 0.026432 0.475771 0.030837 0.475771 0.026432 0.475771
0 0.933921 0.453745 0.929515 0.453745 0.925110 0.458150 0.911894 0.458150 0.907489 0.462555 0.907489 0.475771 0.916300 0.484582 0.920705 0.484582 0.925110 0.488987 0.933921 0.480176
0 0.845815 0.444934 0.837004 0.449339 0.823789 0.449339 0.819383 0.444934 0.814978 0.449339 0.819383 0.458150 0.814978 0.471366 0.775330 0.493392 0.762115 0.493392 0.744493 0.506608 0.744493 0.537445 0.726872 0.550661 0.713656 0.541850 0.704846 0.550661 0.704846 0.568282 0.709251 0.572687 0.722467 0.568282 0.735683 0.577093 0.735683 0.585903 0.722467 0.594714 0.713656 0.607930 0.696035 0.612335 0.682819 0.603524 0.682819 0.594714 0.674009 0.585903 0.665198 0.590308 0.669604 0.599119 0.691630 0.612335 0.687225 0.629956 0.674009 0.638767 0.674009 0.709251 0.687225 0.722467 0.709251 0.713656 0.726872 0.726872 0.748899 0.731278 0.753304 0.735683 0.748899 0.757709 0.726872 0.770925 0.770925 0.788546 0.788546 0.775330 0.779736 0.770925 0.779736 0.753304 0.792952 0.744493 0.797357 0.748899 0.806167 0.735683 0.797357 0.731278 0.784141 0.713656 0.770925 0.722467 0.735683 0.696035 0.735683 0.687225 0.748899 0.678414 0.748899 0.665198 0.744493 0.660793 0.726872 0.682819 0.718062 0.687225 0.709251 0.682819 0.700441 0.669604 0.704846 0.634361 0.726872 0.616740 0.744493 0.621145 0.770925 0.599119 0.770925 0.581498 0.779736 0.572687 0.792952 0.568282 0.814978 0.581498 0.837004 0.568282 0.845815 0.550661 0.859031 0.541850 0.876652 0.550661 0.876652 0.563877 0.872247 0.568282 0.889868 0.581498 0.898678 0.572687 0.898678 0.559471 0.876652 0.541850 0.876652 0.511013 0.841410 0.484582 0.841410 0.475771 0.854626 0.462555 0.854626 0.453745
0 0.114537 0.436123 0.110132 0.436123 0.105727 0.431718 0.101322 0.436123 0.105727 0.440529 0.105727 0.466960 0.101322 0.471366 0.114537 0.484582 0.114537 0.493392 0.105727 0.502203 0.101322 0.502203 0.088106 0.511013 0.074890 0.511013 0.070485 0.515419 0.083700 0.528634 0.083700 0.533040 0.092511 0.541850 0.092511 0.550661 0.079295 0.563877 0.079295 0.594714 0.066079 0.603524 0.057269 0.603524 0.052863 0.599119 0.039648 0.607930 0.035242 0.603524 0.030837 0.603524 0.017621 0.590308 0.013216 0.590308 0.000000 0.599119 0.000000 0.629956 0.008811 0.629956 0.022026 0.638767 0.044053 0.616740 0.048458 0.616740 0.052863 0.612335 0.066079 0.612335 0.074890 0.603524 0.079295 0.603524 0.083700 0.599119 0.096916 0.607930 0.096916 0.625551 0.088106 0.634361 0.088106 0.638767 0.092511 0.643172 0.096916 0.643172 0.101322 0.638767 0.096916 0.634361 0.096916 0.625551 0.101322 0.621145 0.105727 0.621145 0.114537 0.612335 0.118943 0.612335 0.118943 0.607930 0.114537 0.607930 0.096916 0.590308 0.096916 0.568282 0.101322 0.563877 0.101322 0.559471 0.092511 0.550661 0.092511 0.541850 0.101322 0.533040 0.101322 0.528634 0.123348 0.506608 0.123348 0.480176 0.110132 0.471366 0.110132 0.458150 0.118943 0.449339 0.118943 0.440529
0 0.607930 0.405286 0.599119 0.396476 0.594714 0.396476 0.590308 0.400881 0.577093 0.400881 0.572687 0.396476 0.555066 0.414097 0.550661 0.414097 0.546256 0.418502 0.541850 0.418502 0.537445 0.422908 0.533040 0.418502 0.528634 0.418502 0.524229 0.414097 0.515419 0.422908 0.519824 0.427313 0.524229 0.422908 0.528634 0.422908 0.533040 0.427313 0.537445 0.427313 0.546256 0.436123 0.563877 0.436123 0.581498 0.418502 0.585903 0.418502 0.590308 0.414097 0.594714 0.418502
0 0.748899 0.409692 0.744493 0.405286 0.731278 0.405286 0.726872 0.409692 0.722467 0.405286 0.722467 0.414097 0.709251 0.422908 0.696035 0.414097 0.696035 0.405286 0.709251 0.396476 0.713656 0.400881 0.713656 0.392070 0.709251 0.387665 0.704846 0.387665 0.700441 0.396476 0.687225 0.405286 0.674009 0.396476 0.669604 0.400881 0.665198 0.396476 0.647577 0.405286 0.621145 0.427313 0.625551 0.431718 0.625551 0.449339 0.607930 0.466960 0.603524 0.466960 0.594714 0.480176 0.585903 0.484582 0.572687 0.480176 0.568282 0.484582 0.550661 0.471366 0.533040 0.471366 0.528634 0.466960 0.519824 0.471366 0.506608 0.484582 0.506608 0.488987 0.519824 0.502203 0.519824 0.506608 0.541850 0.524229 0.541850 0.528634 0.555066 0.533040 0.559471 0.528634 0.559471 0.511013 0.555066 0.506608 0.541850 0.506608 0.528634 0.497797 0.528634 0.488987 0.555066 0.475771 0.563877 0.480176 0.577093 0.497797 0.581498 0.493392 0.590308 0.497797 0.607930 0.515419 0.607930 0.524229 0.599119 0.533040 0.585903 0.537445 0.577093 0.555066 0.585903 0.559471 0.599119 0.550661 0.607930 0.555066 0.625551 0.555066 0.634361 0.550661 0.643172 0.555066 0.651982 0.568282 0.669604 0.550661 0.643172 0.537445 0.634361 0.528634 0.629956 0.511013 0.656388 0.497797 0.656388 0.484582 0.669604 0.453745 0.665198 0.449339 0.665198 0.440529 0.687225 0.422908 0.696035 0.427313 0.704846 0.422908 0.718062 0.431718 0.718062 0.440529 0.709251 0.449339 0.709251 0.458150 0.696035 0.466960 0.696035 0.480176 0.709251 0.493392 0.713656 0.493392 0.718062 0.488987 0.713656 0.462555 0.735683 0.444934 0.735683 0.431718 0.748899 0.418502
0 0.903084 0.383260 0.898678 0.387665 0.898678 0.392070 0.903084 0.396476 0.907489 0.396476 0.925110 0.414097 0.929515 0.414097 0.938326 0.422908 0.938326 0.444934 0.942731 0.444934 0.947137 0.440529 0.947137 0.414097 0.951542 0.409692 0.951542 0.400881 0.947137 0.396476 0.942731 0.396476 0.938326 0.392070 0.920705 0.392070 0.916300 0.387665 0.911894 0.387665 0.907489 0.383260
0 0.995595 0.365639 0.991189 0.365639 0.986784 0.361233 0.977974 0.361233 0.973568 0.365639 0.969163 0.365639 0.964758 0.370044 0.964758 0.374449 0.960352 0.378855 0.969163 0.387665 0.973568 0.387665 0.982379 0.378855 0.986784 0.378855 0.991189 0.374449 0.995595 0.374449
0 0.828194 0.348018 0.819383 0.348018 0.801762 0.365639 0.801762 0.378855 0.810573 0.387665 0.814978 0.383260 0.814978 0.378855 0.832599 0.361233 0.832599 0.352423
0 0.894273 0.317181 0.885463 0.325991 0.885463 0.339207 0.889868 0.343612 0.894273 0.343612 0.898678 0.348018 0.903084 0.348018 0.907489 0.343612 0.907489 0.325991 0.898678 0.317181
0 0.149780 0.268722 0.154185 0.273128 0.154185 0.290749 0.162996 0.299559 0.167401 0.295154 0.171806 0.295154 0.176211 0.290749 0.180617 0.290749 0.185022 0.286344 0.185022 0.281938 0.189427 0.277533 0.185022 0.273128 0.176211 0.273128 0.171806 0.268722 0.167401 0.268722 0.162996 0.264317 0.154185 0.264317
0 0.784141 0.259912 0.775330 0.259912 0.770925 0.264317 0.766520 0.264317 0.762115 0.268722 0.762115 0.273128 0.766520 0.277533 0.766520 0.308370 0.770925 0.312775 0.775330 0.312775 0.779736 0.308370 0.779736 0.286344 0.788546 0.277533 0.788546 0.264317
0 0.000000 0.246696 0.000000 0.281938 0.004405 0.281938 0.008811 0.286344 0.013216 0.286344 0.017621 0.290749 0.017621 0.303965 0.013216 0.308370 0.008811 0.308370 0.004405 0.312775 0.000000 0.312775 0.000000 0.330396 0.004405 0.334802 0.008811 0.330396 0.008811 0.325991 0.022026 0.312775 0.026432 0.312775 0.030837 0.308370 0.048458 0.308370 0.052863 0.303965 0.057269 0.303965 0.061674 0.299559 0.066079 0.303965 0.079295 0.303965 0.083700 0.308370 0.096916 0.308370 0.101322 0.312775 0.105727 0.312775 0.110132 0.317181 0.110132 0.325991 0.105727 0.330396 0.110132 0.334802 0.114537 0.334802 0.123348 0.325991 0.123348 0.290749 0.101322 0.268722 0.092511 0.277533 0.092511 0.286344 0.088106 0.290749 0.083700 0.290749 0.079295 0.295154 0.074890 0.290749 0.070485 0.290749 0.066079 0.286344 0.057269 0.286344 0.052863 0.281938 0.048458 0.281938 0.044053 0.277533 0.044053 0.268722 0.039648 0.268722 0.035242 0.273128 0.035242 0.277533 0.030837 0.281938 0.026432 0.281938 0.022026 0.286344 0.017621 0.281938 0.013216 0.281938 0.008811 0.277533 0.008811 0.264317 0.013216 0.259912 0.013216 0.251101 0.008811 0.246696
0 0.634361 0.242291 0.629956 0.246696 0.629956 0.264317 0.634361 0.268722 0.638767 0.268722 0.643172 0.273128 0.643172 0.286344 0.634361 0.295154 0.634361 0.299559 0.625551 0.308370 0.629956 0.312775 0.634361 0.312775 0.638767 0.317181 0.647577 0.317181 0.651982 0.321586 0.656388 0.321586 0.660793 0.317181 0.674009 0.317181 0.678414 0.321586 0.682819 0.321586 0.687225 0.325991 0.687225 0.334802 0.678414 0.343612 0.674009 0.343612 0.665198 0.352423 0.665198 0.356828 0.674009 0.365639 0.682819 0.365639 0.687225 0.361233 0.687225 0.348018 0.691630 0.343612 0.696035 0.343612 0.700441 0.339207 0.718062 0.339207 0.722467 0.334802 0.726872 0.334802 0.731278 0.330396 0.731278 0.325991 0.735683 0.321586 0.735683 0.308370 0.731278 0.303965 0.722467 0.312775 0.718062 0.312775 0.713656 0.317181 0.709251 0.317181 0.704846 0.321586 0.700441 0.317181 0.696035 0.317181 0.687225 0.308370 0.678414 0.308370 0.674009 0.303965 0.669604 0.303965 0.665198 0.299559 0.665198 0.290749 0.687225 0.268722 0.687225 0.264317 0.682819 0.259912 0.678414 0.259912 0.674009 0.255507 0.669604 0.255507 0.665198 0.259912 0.660793 0.259912 0.656388 0.255507 0.651982 0.255507 0.638767 0.242291
0 0.317181 0.237885 0.312775 0.242291 0.317181 0.246696 0.317181 0.251101 0.321586 0.255507 0.325991 0.255507 0.334802 0.264317 0.334802 0.277533 0.330396 0.281938 0.330396 0.286344 0.339207 0.295154 0.343612 0.295154 0.352423 0.286344 0.352423 0.251101 0.348018 0.246696 0.343612 0.246696 0.339207 0.242291 0.330396 0.242291 0.325991 0.237885
0 0.828194 0.237885 0.823789 0.242291 0.823789 0.251101 0.828194 0.255507 0.828194 0.268722 0.823789 0.273128 0.823789 0.277533 0.828194 0.281938 0.828194 0.308370 0.841410 0.321586 0.850220 0.312775 0.850220 0.308370 0.837004 0.295154 0.837004 0.286344 0.850220 0.277533 0.854626 0.281938 0.859031 0.281938 0.867841 0.290749 0.872247 0.290749 0.876652 0.286344 0.885463 0.286344 0.889868 0.290749 0.894273 0.286344 0.894273 0.281938 0.907489 0.273128 0.911894 0.277533 0.925110 0.281938 0.942731 0.299559 0.947137 0.312775 0.955947 0.321586 0.955947 0.330396 0.951542 0.334802 0.951542 0.339207 0.929515 0.361233 0.929515 0.365639 0.933921 0.370044 0.938326 0.365639 0.938326 0.361233 0.942731 0.356828 0.947137 0.356828 0.960352 0.343612 0.960352 0.339207 0.969163 0.330396 0.969163 0.325991 0.973568 0.321586 0.973568 0.295154 0.969163 0.290749 0.964758 0.277533 0.951542 0.264317 0.938326 0.273128 0.925110 0.273128 0.911894 0.264317 0.911894 0.255507 0.925110 0.246696 0.933921 0.246696 0.942731 0.237885 0.942731 0.233480 0.929515 0.220264 0.925110 0.220264 0.916300 0.211454 0.916300 0.207048 0.894273 0.215859 0.889868 0.220264 0.889868 0.224670 0.894273 0.229075 0.903084 0.229075 0.907489 0.233480 0.911894 0.233480 0.916300 0.237885 0.916300 0.246696 0.903084 0.255507 0.894273 0.255507 0.876652 0.273128 0.872247 0.273128 0.859031 0.281938 0.845815 0.273128 0.845815 0.264317 0.850220 0.259912 0.850220 0.251101 0.837004 0.237885
0 0.035242 0.198238 0.030837 0.202643 0.030837 0.207048 0.039648 0.215859 0.039648 0.224670 0.035242 0.229075 0.035242 0.233480 0.039648 0.237885 0.039648 0.242291 0.048458 0.251101 0.048458 0.259912 0.052863 0.259912 0.061674 0.251101 0.061674 0.246696 0.057269 0.242291 0.057269 0.237885 0.052863 0.233480 0.052863 0.229075 0.044053 0.220264 0.044053 0.207048 0.048458 0.202643 0.044053 0.198238
0 0.418502 0.185022 0.414097 0.180617 0.409692 0.180617 0.405286 0.185022 0.400881 0.185022 0.396476 0.180617 0.387665 0.180617 0.383260 0.185022 0.383260 0.193833 0.387665 0.198238 0.387665 0.207048 0.383260 0.211454 0.378855 0.211454 0.374449 0.215859 0.378855 0.220264 0.383260 0.215859 0.383260 0.211454 0.387665 0.207048 0.392070 0.207048 0.405286 0.193833 0.409692 0.193833
0 0.127753 0.162996 0.123348 0.162996 0.114537 0.171806 0.114537 0.180617 0.105727 0.189427 0.101322 0.189427 0.088106 0.202643 0.088106 0.211454 0.083700 0.215859 0.088106 0.220264 0.096916 0.211454 0.101322 0.211454 0.105727 0.207048 0.105727 0.202643 0.110132 0.198238 0.110132 0.189427 0.114537 0.185022 0.118943 0.185022 0.123348 0.180617 0.127753 0.180617 0.136564 0.171806
0 0.762115 0.136564 0.757709 0.136564 0.753304 0.132159 0.748899 0.136564 0.748899 0.140969 0.735683 0.154185 0.731278 0.154185 0.726872 0.158590 0.722467 0.158590 0.718062 0.162996 0.713656 0.162996 0.704846 0.171806 0.704846 0.180617 0.696035 0.189427 0.691630 0.189427 0.682819 0.198238 0.682819 0.207048 0.696035 0.220264 0.704846 0.211454 0.704846 0.207048 0.700441 0.202643 0.700441 0.189427 0.704846 0.185022 0.709251 0.185022 0.713656 0.180617 0.718062 0.185022 0.722467 0.180617 0.731278 0.180617 0.735683 0.176211 0.740088 0.176211 0.744493 0.171806 0.744493 0.167401 0.748899 0.162996 0.748899 0.149780
0 0.101322 0.123348 0.096916 0.118943 0.092511 0.118943 0.088106 0.123348 0.083700 0.123348 0.079295 0.127753 0.074890 0.127753 0.070485 0.132159 0.066079 0.132159 0.061674 0.136564 0.061674 0.140969 0.057269 0.145374 0.066079 0.154185 0.079295 0.154185 0.092511 0.140969 0.092511 0.136564 0.101322 0.127753
0 0.000000 0.105727 0.000000 0.136564 0.004405 0.140969 0.008811 0.140969 0.017621 0.149780 0.022026 0.145374 0.022026 0.132159 0.013216 0.123348 0.013216 0.114537 0.004405 0.105727
0 0.370044 0.096916 0.370044 0.101322 0.378855 0.110132 0.383260 0.110132 0.387665 0.114537 0.392070 0.114537 0.396476 0.118943 0.396476 0.123348 0.400881 0.127753 0.414097 0.127753 0.422908 0.118943 0.422908 0.110132 0.418502 0.105727 0.405286 0.105727 0.400881 0.101322 0.396476 0.101322 0.383260 0.088106 0.378855 0.088106
0 0.850220 0.074890 0.845815 0.079295 0.845815 0.083700 0.837004 0.092511 0.832599 0.092511 0.819383 0.101322 0.806167 0.092511 0.801762 0.096916 0.797357 0.096916 0.788546 0.105727 0.788546 0.114537 0.775330 0.136564 0.779736 0.136564 0.784141 0.140969 0.784141 0.154185 0.779736 0.158590 0.779736 0.171806 0.757709 0.185022 0.757709 0.202643 0.753304 0.207048 0.753304 0.224670 0.757709 0.229075 0.762115 0.224670 0.766520 0.224670 0.770925 0.220264 0.770925 0.215859 0.784141 0.207048 0.788546 0.207048 0.801762 0.215859 0.814978 0.215859 0.819383 0.211454 0.841410 0.211454 0.845815 0.207048 0.854626 0.207048 0.859031 0.202643 0.872247 0.202643 0.885463 0.189427 0.889868 0.189427 0.894273 0.185022 0.907489 0.185022 0.911894 0.189427 0.916300 0.189427 0.920705 0.193833 0.920705 0.198238 0.925110 0.198238 0.929515 0.193833 0.929515 0.180617 0.925110 0.176211 0.920705 0.176211 0.911894 0.167401 0.907489 0.171806 0.889868 0.171806 0.867841 0.193833 0.863436 0.193833 0.859031 0.198238 0.845815 0.198238 0.832599 0.189427 0.810573 0.202643 0.797357 0.193833 0.797357 0.185022 0.806167 0.176211 0.810573 0.176211 0.814978 0.171806 0.828194 0.176211 0.832599 0.171806 0.832599 0.162996 0.837004 0.158590 0.837004 0.149780 0.845815 0.140969 0.845815 0.132159 0.841410 0.127753 0.837004 0.132159 0.823789 0.127753 0.819383 0.123348 0.819383 0.114537 0.845815 0.088106 0.850220 0.088106 0.854626 0.083700 0.854626 0.079295
0 0.920705 0.057269 0.911894 0.066079 0.907489 0.066079 0.889868 0.083700 0.885463 0.083700 0.881057 0.088106 0.881057 0.092511 0.885463 0.096916 0.885463 0.105727 0.881057 0.110132 0.881057 0.114537 0.876652 0.118943 0.876652 0.123348 0.881057 0.127753 0.885463 0.127753 0.903084 0.145374 0.907489 0.145374 0.911894 0.140969 0.916300 0.140969 0.938326 0.118943 0.942731 0.118943 0.947137 0.114537 0.960352 0.114537 0.964758 0.110132 0.964758 0.101322 0.960352 0.096916 0.955947 0.096916 0.951542 0.092511 0.947137 0.092511 0.942731 0.096916 0.942731 0.101322 0.938326 0.105727 0.938326 0.110132 0.933921 0.114537 0.929515 0.114537 0.925110 0.118943 0.911894 0.118943 0.907489 0.123348 0.903084 0.118943 0.898678 0.118943 0.889868 0.110132 0.889868 0.101322 0.903084 0.088106 0.907489 0.088106 0.911894 0.083700 0.916300 0.083700 0.920705 0.079295 0.925110 0.079295 0.929515 0.074890 0.929515 0.066079
0 0.885463 0.026432 0.889868 0.026432 0.894273 0.030837 0.894273 0.035242 0.898678 0.039648 0.911894 0.039648 0.925110 0.026432 0.925110 0.022026 0.920705 0.017621 0.898678 0.017621 0.889868 0.026432
0 0.193833 0.022026 0.193833 0.030837 0.198238 0.035242 0.215859 0.035242 0.220264 0.039648 0.229075 0.039648 0.237885 0.030837 0.233480 0.026432 0.233480 0.022026 0.229075 0.017621 0.220264 0.017621 0.215859 0.022026 0.202643 0.022026 0.198238 0.017621
0 0.977974 0.013216 0.973568 0.013216 0.960352 0.026432 0.960352 0.035242 0.969163 0.044053 0.977974 0.044053 0.986784 0.035242 0.991189 0.035242 0.995595 0.030837 0.995595 0.026432 0.991189 0.022026 0.986784 0.022026
0 0.859031 0.013216 0.850220 0.013216 0.841410 0.022026 0.841410 0.035242 0.845815 0.039648 0.845815 0.052863 0.850220 0.057269 0.854626 0.052863 0.859031 0.052863 0.863436 0.048458 0.863436 0.044053 0.867841 0.039648 0.867841 0.030837 0.872247 0.026432 0.876652 0.026432 0.872247 0.026432
0 0.726872 0.000000 0.731278 0.004405 0.731278 0.008811 0.735683 0.013216 0.735683 0.017621 0.740088 0.022026 0.740088 0.030837 0.748899 0.039648 0.757709 0.030837 0.757709 0.017621 0.762115 0.013216 0.766520 0.013216 0.770925 0.008811 0.775330 0.013216 0.779736 0.013216 0.784141 0.017621 0.801762 0.017621 0.814978 0.004405 0.814978 0.000000 0.775330 0.000000 0.775330 0.004405 0.770925 0.008811 0.766520 0.008811 0.762115 0.013216 0.757709 0.008811 0.753304 0.008811 0.748899 0.004405 0.748899 0.000000
0 0.696035 0.000000 0.656388 0.039648 0.638767 0.000000 0.568282 0.000000 0.497797 0.074890 0.400881 0.237885 0.405286 0.312775 0.378855 0.339207 0.348018 0.308370 0.321586 0.348018 0.383260 0.343612 0.343612 0.422908 0.259912 0.286344 0.299559 0.268722 0.273128 0.251101 0.308370 0.176211 0.365639 0.149780 0.317181 0.145374 0.317181 0.118943 0.400881 0.035242 0.308370 0.114537 0.277533 0.193833 0.317181 0.000000 0.277533 0.000000 0.215859 0.123348 0.180617 0.052863 0.158590 0.070485 0.189427 0.088106 0.189427 0.158590 0.242291 0.136564 0.158590 0.440529 0.198238 0.414097 0.251101 0.453745 0.189427 0.528634 0.176211 0.603524 0.127753 0.612335 0.162996 0.629956 0.132159 0.722467 0.185022 0.770925 0.154185 0.801762 0.118943 0.775330 0.061674 0.995595 0.092511 0.916300 0.140969 0.911894 0.149780 0.872247 0.110132 0.841410 0.180617 0.819383 0.224670 0.744493 0.193833 0.735683 0.180617 0.665198 0.233480 0.603524 0.259912 0.748899 0.286344 0.709251 0.308370 0.762115 0.242291 0.779736 0.259912 0.828194 0.207048 0.876652 0.171806 0.995595 0.198238 0.942731 0.229075 0.955947 0.303965 0.911894 0.343612 0.955947 0.317181 0.903084 0.224670 0.872247 0.273128 0.806167 0.334802 0.810573 0.325991 0.696035 0.277533 0.696035 0.295154 0.674009 0.264317 0.651982 0.290749 0.638767 0.259912 0.643172 0.255507 0.612335 0.374449 0.590308 0.352423 0.497797 0.431718 0.475771 0.405286 0.563877 0.466960 0.581498 0.392070 0.629956 0.436123 0.607930 0.449339 0.647577 0.480176 0.638767 0.502203 0.687225 0.449339 0.691630 0.466960 0.731278 0.533040 0.669604 0.497797 0.656388 0.511013 0.616740 0.466960 0.625551 0.471366 0.594714 0.533040 0.581498 0.550661 0.651982 0.594714 0.603524 0.638767 0.616740 0.612335 0.585903 0.550661 0.599119 0.524229 0.537445 0.440529 0.550661 0.453745 0.466960 0.431718 0.449339 0.466960 0.378855 0.502203 0.400881 0.537445 0.352423 0.572687 0.365639 0.612335 0.334802 0.590308 0.303965 0.524229 0.352423 0.497797 0.290749 0.599119 0.259912 0.634361 0.185022 0.541850 0.202643 0.524229 0.264317 0.493392 0.246696 0.524229 0.167401 0.594714 0.167401 0.607930 0.110132 0.709251 0.083700
