0 0.537445 0.925110 0.528634 0.916300 0.524229 0.920705 0.519824 0.920705 0.515419 0.925110 0.515419 0.933921 0.511013 0.938326 0.511013 0.947137 0.506608 0.951542 0.502203 0.951542 0.497797 0.955947 0.493392 0.955947 0.484582 0.964758 0.484582 0.969163 0.471366 0.982379 0.466960 0.982379 0.462555 0.986784 0.462555 0.991189 0.458150 0.995595 0.475771 0.995595 0.475771 0.991189 0.484582 0.982379 0.488987 0.982379 0.493392 0.977974 0.502203 0.977974 0.506608 0.973568 0.511013 0.973568 0.515419 0.969163 0.515419 0.951542 0.519824 0.947137 0.524229 0.947137 0.528634 0.942731 0.533040 0.942731 0.537445 0.938326
0 0.237885 0.903084 0.229075 0.903084 0.224670 0.907489 0.220264 0.907489 0.215859 0.911894 0.215859 0.933921 0.220264 0.938326 0.233480 0.925110 0.233480 0.920705 0.242291 0.911894 0.242291 0.907489
0 0.176211 0.889868 0.171806 0.885463 0.167401 0.885463 0.158590 0.894273 0.154185 0.894273 0.149780 0.898678 0.145374 0.898678 0.132159 0.911894 0.127753 0.911894 0.123348 0.916300 0.118943 0.916300 0.114537 0.920705 0.114537 0.933921 0.118943 0.938326 0.123348 0.933921 0.127753 0.933921 0.132159 0.929515 0.136564 0.929515 0.145374 0.920705 0.145374 0.911894 0.149780 0.907489 0.154185 0.907489 0.158590 0.903084 0.162996 0.903084
0 0.969163 0.850220 0.964758 0.854626 0.955947 0.854626 0.947137 0.863436 0.947137 0.872247 0.942731 0.876652 0.942731 0.903084 0.938326 0.907489 0.933921 0.907489 0.929515 0.911894 0.925110 0.911894 0.920705 0.907489 0.911894 0.916300 0.911894 0.920705 0.920705 0.929515 0.925110 0.929515 0.938326 0.916300 0.942731 0.916300 0.947137 0.911894 0.951542 0.916300 0.955947 0.916300 0.960352 0.920705 0.960352 0.929515 0.947137 0.942731 0.942731 0.942731 0.938326 0.947137 0.933921 0.947137 0.929515 0.951542 0.929515 0.960352 0.925110 0.964758 0.925110 0.969163 0.929515 0.973568 0.933921 0.973568 0.938326 0.969163 0.938326 0.964758 0.947137 0.955947 0.951542 0.955947 0.955947 0.951542 0.969163 0.951542 0.973568 0.947137 0.973568 0.938326 0.960352 0.925110 0.960352 0.916300 0.982379 0.894273 0.982379 0.889868 0.986784 0.885463 0.991189 0.885463 0.995595 0.881057 0.995595 0.876652 0.991189 0.876652 0.986784 0.872247 0.982379 0.872247 0.973568 0.863436 0.973568 0.854626
0 0.074890 0.814978 0.070485 0.814978 0.061674 0.823789 0.057269 0.823789 0.048458 0.832599 0.048458 0.850220 0.052863 0.854626 0.052863 0.872247 0.048458 0.876652 0.048458 0.885463 0.044053 0.889868 0.044053 0.898678 0.039648 0.903084 0.039648 0.920705 0.035242 0.925110 0.035242 0.929515 0.030837 0.933921 0.026432 0.933921 0.022026 0.938326 0.017621 0.933921 0.013216 0.938326 0.022026 0.947137 0.022026 0.955947 0.008811 0.969163 0.004405 0.969163 0.000000 0.973568 0.000000 0.977974 0.004405 0.982379 0.008811 0.982379 0.030837 0.960352 0.030837 0.955947 0.039648 0.947137 0.039648 0.942731 0.044053 0.938326 0.044053 0.925110 0.048458 0.920705 0.048458 0.907489 0.052863 0.903084 0.052863 0.889868 0.057269 0.885463 0.057269 0.876652 0.074890 0.859031 0.074890 0.854626 0.079295 0.850220 0.074890 0.845815 0.074890 0.823789 0.079295 0.819383
0 0.599119 0.762115 0.594714 0.757709 0.572687 0.757709 0.568282 0.762115 0.563877 0.762115 0.524229 0.801762 0.519824 0.801762 0.519824 0.806167 0.524229 0.806167 0.528634 0.810573 0.533040 0.806167 0.541850 0.806167 0.559471 0.788546 0.563877 0.788546 0.577093 0.775330 0.581498 0.775330 0.590308 0.766520 0.594714 0.766520
0 0.229075 0.757709 0.224670 0.757709 0.220264 0.762115 0.220264 0.775330 0.215859 0.779736 0.211454 0.779736 0.207048 0.784141 0.202643 0.784141 0.198238 0.788546 0.189427 0.788546 0.185022 0.784141 0.180617 0.788546 0.167401 0.788546 0.162996 0.792952 0.162996 0.797357 0.154185 0.806167 0.149780 0.806167 0.145374 0.810573 0.145374 0.814978 0.154185 0.823789 0.154185 0.828194 0.162996 0.837004 0.171806 0.837004 0.176211 0.832599 0.198238 0.832599 0.242291 0.788546 0.242291 0.775330 0.237885 0.770925 0.237885 0.766520
0 0.321586 0.744493 0.317181 0.744493 0.308370 0.753304 0.308370 0.762115 0.303965 0.766520 0.303965 0.775330 0.277533 0.801762 0.277533 0.823789 0.273128 0.828194 0.273128 0.837004 0.264317 0.845815 0.259912 0.845815 0.246696 0.859031 0.246696 0.863436 0.242291 0.867841 0.242291 0.872247 0.251101 0.881057 0.255507 0.881057 0.259912 0.876652 0.264317 0.876652 0.273128 0.867841 0.273128 0.859031 0.268722 0.854626 0.268722 0.845815 0.277533 0.837004 0.281938 0.837004 0.286344 0.832599 0.290749 0.837004 0.295154 0.832599 0.295154 0.810573 0.312775 0.792952 0.312775 0.788546 0.317181 0.784141 0.317181 0.779736 0.321586 0.775330 0.321586 0.770925 0.325991 0.766520 0.325991 0.762115 0.330396 0.757709 0.325991 0.753304 0.325991 0.748899
0 0.696035 0.722467 0.674009 0.744493 0.674009 0.748899 0.669604 0.753304 0.669604 0.762115 0.674009 0.766520 0.678414 0.766520 0.682819 0.762115 0.687225 0.762115 0.700441 0.748899 0.700441 0.744493 0.704846 0.740088 0.704846 0.731278
0 0.070485 0.718062 0.061674 0.718062 0.057269 0.722467 0.057269 0.726872 0.052863 0.731278 0.052863 0.735683 0.048458 0.740088 0.048458 0.757709 0.044053 0.762115 0.044053 0.766520 0.017621 0.792952 0.017621 0.797357 0.013216 0.801762 0.022026 0.810573 0.026432 0.810573 0.030837 0.806167 0.035242 0.806167 0.048458 0.792952 0.048458 0.788546 0.052863 0.784141 0.052863 0.779736 0.057269 0.775330 0.057269 0.766520 0.061674 0.762115 0.061674 0.757709 0.066079 0.753304 0.066079 0.748899 0.070485 0.744493 0.070485 0.740088 0.079295 0.731278 0.074890 0.726872 0.074890 0.722467
0 0.207048 0.731278 0.198238 0.722467 0.193833 0.722467 0.189427 0.726872 0.185022 0.722467 0.180617 0.722467 0.171806 0.713656 0.167401 0.713656 0.162996 0.718062 0.158590 0.718062 0.154185 0.722467 0.149780 0.722467 0.145374 0.726872 0.145374 0.731278 0.136564 0.740088 0.136564 0.762115 0.140969 0.766520 0.145374 0.766520 0.162996 0.748899 0.162996 0.744493 0.171806 0.735683 0.176211 0.735683 0.180617 0.731278 0.185022 0.735683 0.189427 0.735683 0.198238 0.744493 0.207048 0.735683
0 0.991189 0.704846 0.986784 0.704846 0.982379 0.700441 0.973568 0.700441 0.951542 0.722467 0.947137 0.722467 0.933921 0.735683 0.933921 0.740088 0.929515 0.744493 0.929515 0.748899 0.925110 0.753304 0.933921 0.762115 0.942731 0.753304 0.942731 0.748899 0.964758 0.726872 0.969163 0.726872 0.973568 0.722467 0.977974 0.722467 0.982379 0.718062 0.982379 0.713656 0.986784 0.709251 0.991189 0.709251
0 0.814978 0.638767 0.792952 0.660793 0.792952 0.665198 0.788546 0.669604 0.784141 0.669604 0.779736 0.674009 0.779736 0.678414 0.775330 0.682819 0.779736 0.687225 0.784141 0.682819 0.788546 0.682819 0.797357 0.674009 0.801762 0.674009 0.810573 0.665198 0.814978 0.665198 0.823789 0.656388 0.823789 0.647577
0 0.440529 0.638767 0.436123 0.638767 0.431718 0.634361 0.400881 0.665198 0.400881 0.687225 0.396476 0.691630 0.400881 0.696035 0.409692 0.696035 0.418502 0.687225 0.418502 0.682819 0.431718 0.669604 0.431718 0.647577 0.436123 0.643172 0.440529 0.643172
0 0.647577 0.625551 0.643172 0.625551 0.638767 0.629956 0.634361 0.629956 0.616740 0.647577 0.612335 0.647577 0.612335 0.660793 0.621145 0.669604 0.651982 0.638767 0.651982 0.629956
0 0.806167 0.607930 0.801762 0.603524 0.797357 0.603524 0.784141 0.616740 0.779736 0.616740 0.770925 0.625551 0.766520 0.625551 0.762115 0.629956 0.757709 0.629956 0.753304 0.634361 0.726872 0.634361 0.709251 0.651982 0.709251 0.656388 0.704846 0.660793 0.704846 0.674009 0.700441 0.678414 0.696035 0.678414 0.691630 0.682819 0.682819 0.682819 0.678414 0.687225 0.674009 0.687225 0.669604 0.691630 0.656388 0.691630 0.651982 0.696035 0.647577 0.696035 0.643172 0.700441 0.638767 0.700441 0.629956 0.709251 0.625551 0.709251 0.621145 0.713656 0.625551 0.718062 0.625551 0.722467 0.629956 0.726872 0.634361 0.722467 0.638767 0.722467 0.643172 0.718062 0.656388 0.718062 0.660793 0.713656 0.665198 0.713656 0.674009 0.704846 0.674009 0.700441 0.682819 0.691630 0.687225 0.691630 0.691630 0.687225 0.696035 0.687225 0.700441 0.682819 0.700441 0.678414 0.709251 0.669604 0.713656 0.669604 0.718062 0.665198 0.731278 0.665198 0.740088 0.656388 0.744493 0.656388 0.757709 0.643172 0.762115 0.643172 0.766520 0.638767 0.770925 0.638767 0.784141 0.625551 0.784141 0.621145 0.788546 0.616740 0.792952 0.616740 0.797357 0.612335 0.801762 0.612335
0 0.070485 0.585903 0.061674 0.585903 0.057269 0.590308 0.057269 0.594714 0.052863 0.599119 0.052863 0.612335 0.048458 0.616740 0.048458 0.621145 0.057269 0.629956 0.061674 0.625551 0.066079 0.625551 0.074890 0.616740 0.074890 0.607930 0.079295 0.603524 0.079295 0.599119 0.074890 0.594714 0.074890 0.590308
0 0.189427 0.577093 0.180617 0.577093 0.176211 0.581498 0.176211 0.607930 0.171806 0.612335 0.171806 0.616740 0.162996 0.625551 0.162996 0.629956 0.158590 0.634361 0.162996 0.638767 0.167401 0.634361 0.171806 0.638767 0.185022 0.638767 0.189427 0.634361 0.193833 0.634361 0.198238 0.629956 0.198238 0.621145 0.193833 0.616740 0.193833 0.581498
0 0.718062 0.577093 0.718062 0.585903 0.722467 0.590308 0.726872 0.590308 0.731278 0.585903 0.735683 0.585903 0.740088 0.581498 0.744493 0.585903 0.748899 0.585903 0.757709 0.594714 0.762115 0.590308 0.766520 0.590308 0.775330 0.581498 0.770925 0.577093 0.748899 0.577093 0.744493 0.572687 0.722467 0.572687
0 0.140969 0.563877 0.136564 0.563877 0.123348 0.577093 0.123348 0.581498 0.114537 0.590308 0.114537 0.607930 0.110132 0.612335 0.110132 0.616740 0.118943 0.625551 0.127753 0.616740 0.127753 0.612335 0.132159 0.607930 0.132159 0.599119 0.140969 0.590308 0.140969 0.585903 0.145374 0.581498 0.145374 0.577093 0.149780 0.572687
0 0.814978 0.572687 0.819383 0.577093 0.823789 0.577093 0.828194 0.572687 0.832599 0.577093 0.841410 0.568282 0.845815 0.568282 0.850220 0.563877 0.859031 0.563877 0.863436 0.568282 0.867841 0.568282 0.872247 0.563877 0.872247 0.559471 0.867841 0.555066 0.863436 0.559471 0.859031 0.559471 0.854626 0.563877 0.850220 0.559471 0.845815 0.559471 0.841410 0.555066 0.832599 0.555066
0 0.264317 0.555066 0.259912 0.559471 0.259912 0.563877 0.255507 0.568282 0.255507 0.577093 0.251101 0.581498 0.251101 0.585903 0.246696 0.590308 0.246696 0.594714 0.233480 0.607930 0.242291 0.616740 0.255507 0.616740 0.259912 0.621145 0.264317 0.621145 0.268722 0.625551 0.268722 0.643172 0.273128 0.647577 0.277533 0.647577 0.281938 0.643172 0.281938 0.638767 0.286344 0.634361 0.286344 0.629956 0.277533 0.621145 0.273128 0.625551 0.268722 0.621145 0.264317 0.621145 0.259912 0.616740 0.259912 0.603524 0.264317 0.599119 0.264317 0.594714 0.268722 0.590308 0.268722 0.581498 0.273128 0.577093 0.273128 0.559471 0.268722 0.555066
0 0.409692 0.533040 0.400881 0.533040 0.387665 0.546256 0.387665 0.550661 0.378855 0.559471 0.378855 0.563877 0.365639 0.577093 0.365639 0.581498 0.374449 0.590308 0.383260 0.590308 0.396476 0.577093 0.396476 0.572687 0.405286 0.563877 0.405286 0.555066 0.409692 0.550661 0.409692 0.541850 0.414097 0.537445
0 0.475771 0.519824 0.471366 0.524229 0.466960 0.519824 0.462555 0.519824 0.449339 0.533040 0.453745 0.537445 0.453745 0.546256 0.444934 0.555066 0.444934 0.563877 0.436123 0.572687 0.431718 0.572687 0.422908 0.581498 0.422908 0.590308 0.427313 0.594714 0.436123 0.594714 0.440529 0.590308 0.444934 0.590308 0.458150 0.577093 0.458150 0.563877 0.466960 0.555066 0.466960 0.541850 0.475771 0.533040 0.475771 0.528634 0.480176 0.524229
0 0.995595 0.502203 0.982379 0.511013 0.973568 0.506608 0.955947 0.524229 0.933921 0.511013 0.920705 0.528634 0.903084 0.537445 0.903084 0.550661 0.916300 0.559471 0.933921 0.524229 0.947137 0.519824 0.960352 0.528634 0.951542 0.612335 0.942731 0.634361 0.916300 0.651982 0.903084 0.647577 0.894273 0.638767 0.894273 0.625551 0.911894 0.607930 0.907489 0.599119 0.885463 0.612335 0.885463 0.634361 0.867841 0.647577 0.810573 0.726872 0.779736 0.744493 0.766520 0.735683 0.766520 0.718062 0.753304 0.713656 0.740088 0.726872 0.735683 0.744493 0.744493 0.753304 0.753304 0.748899 0.766520 0.757709 0.770925 0.788546 0.753304 0.797357 0.735683 0.779736 0.726872 0.779736 0.678414 0.828194 0.665198 0.832599 0.616740 0.903084 0.585903 0.925110 0.541850 0.973568 0.546256 0.977974 0.541850 0.995595 0.555066 0.995595 0.581498 0.960352 0.599119 0.955947 0.621145 0.938326 0.660793 0.894273 0.669604 0.867841 0.704846 0.832599 0.748899 0.819383 0.784141 0.792952 0.801762 0.810573 0.810573 0.797357 0.792952 0.792952 0.788546 0.779736 0.859031 0.713656 0.885463 0.704846 0.925110 0.674009 0.973568 0.660793 0.995595 0.643172 0.982379 0.634361 0.973568 0.616740 0.982379 0.585903 0.995595 0.577093
0 0.361233 0.488987 0.356828 0.488987 0.352423 0.493392 0.352423 0.502203 0.348018 0.506608 0.343612 0.506608 0.339207 0.511013 0.334802 0.511013 0.330396 0.515419 0.330396 0.519824 0.325991 0.524229 0.325991 0.533040 0.330396 0.537445 0.334802 0.537445 0.343612 0.528634 0.343612 0.524229 0.348018 0.519824 0.348018 0.506608 0.352423 0.502203 0.356828 0.502203 0.365639 0.493392
0 0.427313 0.458150 0.422908 0.458150 0.414097 0.466960 0.414097 0.480176 0.409692 0.484582 0.409692 0.493392 0.414097 0.497797 0.414097 0.502203 0.418502 0.506608 0.422908 0.502203 0.422908 0.493392 0.427313 0.488987 0.427313 0.484582 0.431718 0.480176 0.431718 0.475771 0.436123 0.471366 0.436123 0.466960
0 0.286344 0.440529 0.277533 0.440529 0.268722 0.449339 0.268722 0.466960 0.273128 0.471366 0.281938 0.471366 0.286344 0.466960 0.286344 0.462555 0.290749 0.458150 0.290749 0.444934
0 0.647577 0.418502 0.634361 0.405286 0.625551 0.405286 0.616740 0.414097 0.616740 0.418502 0.612335 0.422908 0.607930 0.422908 0.603524 0.427313 0.585903 0.427313 0.555066 0.458150 0.555066 0.466960 0.563877 0.475771 0.585903 0.453745 0.590308 0.453745 0.594714 0.449339 0.594714 0.444934 0.607930 0.431718 0.612335 0.431718 0.616740 0.427313 0.629956 0.427313 0.634361 0.422908 0.643172 0.422908
0 0.339207 0.405286 0.334802 0.405286 0.321586 0.418502 0.321586 0.422908 0.317181 0.427313 0.334802 0.444934 0.339207 0.440529 0.343612 0.440529 0.343612 0.409692
0 0.881057 0.387665 0.872247 0.387665 0.867841 0.392070 0.867841 0.396476 0.863436 0.400881 0.863436 0.405286 0.859031 0.409692 0.863436 0.414097 0.863436 0.422908 0.854626 0.431718 0.854626 0.453745 0.850220 0.458150 0.850220 0.462555 0.841410 0.471366 0.841410 0.480176 0.828194 0.493392 0.823789 0.493392 0.819383 0.497797 0.814978 0.497797 0.806167 0.506608 0.806167 0.511013 0.801762 0.515419 0.801762 0.519824 0.797357 0.524229 0.797357 0.541850 0.801762 0.546256 0.810573 0.537445 0.810573 0.533040 0.823789 0.519824 0.823789 0.511013 0.828194 0.506608 0.828194 0.502203 0.832599 0.497797 0.837004 0.497797 0.841410 0.493392 0.854626 0.493392 0.863436 0.484582 0.863436 0.458150 0.867841 0.453745 0.867841 0.449339 0.872247 0.444934 0.867841 0.440529 0.867841 0.436123 0.863436 0.431718 0.863436 0.422908 0.872247 0.414097 0.876652 0.414097 0.885463 0.405286 0.885463 0.392070
0 0.409692 0.387665 0.400881 0.396476 0.400881 0.400881 0.392070 0.409692 0.392070 0.414097 0.387665 0.418502 0.387665 0.427313 0.378855 0.436123 0.374449 0.436123 0.365639 0.444934 0.361233 0.444934 0.361233 0.449339 0.365639 0.453745 0.392070 0.453745 0.396476 0.449339 0.396476 0.444934 0.400881 0.440529 0.400881 0.427313 0.405286 0.422908 0.405286 0.414097 0.409692 0.409692 0.409692 0.400881 0.414097 0.396476 0.414097 0.392070
0 0.964758 0.383260 0.960352 0.387665 0.960352 0.392070 0.951542 0.400881 0.951542 0.414097 0.960352 0.422908 0.960352 0.431718 0.947137 0.444934 0.947137 0.462555 0.951542 0.466960 0.951542 0.471366 0.960352 0.480176 0.960352 0.488987 0.964758 0.493392 0.969163 0.493392 0.973568 0.488987 0.973568 0.475771 0.964758 0.466960 0.964758 0.453745 0.969163 0.449339 0.969163 0.444934 0.973568 0.440529 0.973568 0.436123 0.964758 0.427313 0.964758 0.418502 0.977974 0.405286 0.977974 0.392070 0.969163 0.383260
0 0.145374 0.343612 0.127753 0.343612 0.123348 0.348018 0.118943 0.348018 0.110132 0.356828 0.110132 0.361233 0.096916 0.374449 0.096916 0.378855 0.092511 0.383260 0.096916 0.387665 0.096916 0.400881 0.101322 0.405286 0.110132 0.396476 0.110132 0.392070 0.123348 0.378855 0.123348 0.374449 0.127753 0.370044 0.132159 0.370044 0.140969 0.361233 0.145374 0.361233 0.154185 0.352423
0 0.480176 0.339207 0.480176 0.343612 0.484582 0.348018 0.488987 0.348018 0.493392 0.343612 0.497797 0.343612 0.502203 0.339207 0.506608 0.343612 0.511013 0.343612 0.515419 0.348018 0.515419 0.352423 0.519824 0.356828 0.524229 0.356828 0.533040 0.348018 0.528634 0.343612 0.524229 0.343612 0.519824 0.348018 0.515419 0.343612 0.511013 0.343612 0.506608 0.339207 0.506608 0.334802 0.502203 0.330396 0.488987 0.330396
0 0.418502 0.343612 0.400881 0.325991 0.387665 0.339207 0.383260 0.339207 0.378855 0.343612 0.374449 0.339207 0.370044 0.343612 0.361233 0.343612 0.352423 0.352423 0.352423 0.361233 0.361233 0.370044 0.370044 0.370044 0.383260 0.356828 0.383260 0.348018 0.387665 0.343612 0.392070 0.343612 0.396476 0.339207 0.400881 0.339207 0.405286 0.343612 0.409692 0.343612 0.414097 0.348018
0 0.607930 0.295154 0.603524 0.295154 0.585903 0.312775 0.585903 0.348018 0.590308 0.352423 0.590308 0.361233 0.594714 0.365639 0.594714 0.374449 0.599119 0.378855 0.607930 0.370044 0.607930 0.343612 0.599119 0.334802 0.599119 0.325991 0.607930 0.317181 0.607930 0.308370 0.612335 0.303965 0.612335 0.299559
0 0.898678 0.286344 0.894273 0.290749 0.898678 0.295154 0.898678 0.317181 0.903084 0.321586 0.903084 0.325991 0.907489 0.330396 0.911894 0.330396 0.916300 0.325991 0.916300 0.321586 0.920705 0.317181 0.920705 0.312775 0.916300 0.308370 0.916300 0.303965 0.911894 0.299559 0.907489 0.299559 0.903084 0.295154 0.903084 0.290749
0 0.198238 0.264317 0.180617 0.281938 0.180617 0.290749 0.176211 0.295154 0.176211 0.317181 0.180617 0.321586 0.185022 0.317181 0.189427 0.321586 0.193833 0.321586 0.198238 0.325991 0.202643 0.321586 0.215859 0.321586 0.220264 0.317181 0.224670 0.317181 0.229075 0.321586 0.233480 0.321586 0.242291 0.330396 0.242291 0.356828 0.233480 0.365639 0.229075 0.365639 0.224670 0.370044 0.220264 0.370044 0.215859 0.374449 0.220264 0.378855 0.224670 0.374449 0.229075 0.374449 0.233480 0.378855 0.242291 0.378855 0.255507 0.365639 0.255507 0.330396 0.251101 0.325991 0.246696 0.325991 0.237885 0.317181 0.237885 0.303965 0.233480 0.299559 0.229075 0.299559 0.215859 0.312775 0.211454 0.312775 0.207048 0.317181 0.202643 0.312775 0.198238 0.312775 0.189427 0.303965 0.189427 0.295154 0.207048 0.277533 0.207048 0.273128 0.211454 0.268722 0.207048 0.264317
0 0.308370 0.259912 0.303965 0.264317 0.312775 0.273128 0.312775 0.281938 0.325991 0.295154 0.334802 0.286344 0.334802 0.273128 0.330396 0.268722 0.325991 0.268722 0.317181 0.259912
0 0.475771 0.220264 0.462555 0.233480 0.462555 0.242291 0.458150 0.246696 0.458150 0.251101 0.453745 0.255507 0.453745 0.259912 0.458150 0.264317 0.458150 0.268722 0.462555 0.273128 0.466960 0.273128 0.471366 0.277533 0.471366 0.299559 0.475771 0.303965 0.480176 0.303965 0.484582 0.299559 0.484582 0.295154 0.488987 0.290749 0.488987 0.286344 0.475771 0.273128 0.475771 0.259912 0.471366 0.255507 0.471366 0.242291 0.480176 0.233480 0.480176 0.224670
0 0.145374 0.220264 0.140969 0.220264 0.136564 0.224670 0.127753 0.224670 0.118943 0.233480 0.114537 0.233480 0.105727 0.242291 0.105727 0.246696 0.101322 0.251101 0.101322 0.255507 0.096916 0.259912 0.096916 0.277533 0.092511 0.281938 0.096916 0.286344 0.101322 0.286344 0.105727 0.281938 0.105727 0.264317 0.110132 0.259912 0.110132 0.255507 0.114537 0.251101 0.118943 0.251101 0.123348 0.246696 0.127753 0.246696 0.132159 0.242291 0.136564 0.242291 0.145374 0.233480 0.145374 0.229075 0.149780 0.224670
0 0.422908 0.207048 0.418502 0.202643 0.414097 0.207048 0.409692 0.207048 0.400881 0.215859 0.400881 0.220264 0.396476 0.224670 0.396476 0.229075 0.387665 0.237885 0.387665 0.242291 0.383260 0.246696 0.378855 0.246696 0.374449 0.251101 0.370044 0.246696 0.361233 0.255507 0.365639 0.259912 0.374449 0.259912 0.378855 0.255507 0.378855 0.251101 0.387665 0.242291 0.392070 0.242291 0.396476 0.237885 0.400881 0.237885 0.418502 0.220264 0.418502 0.215859 0.422908 0.211454
0 0.268722 0.171806 0.264317 0.171806 0.259912 0.176211 0.259912 0.189427 0.255507 0.193833 0.255507 0.211454 0.259912 0.215859 0.259912 0.242291 0.264317 0.246696 0.273128 0.237885 0.273128 0.233480 0.277533 0.229075 0.277533 0.220264 0.273128 0.215859 0.273128 0.207048 0.277533 0.202643 0.277533 0.189427 0.273128 0.185022 0.273128 0.176211
0 0.229075 0.167401 0.224670 0.162996 0.220264 0.167401 0.207048 0.167401 0.198238 0.176211 0.198238 0.180617 0.193833 0.185022 0.198238 0.189427 0.207048 0.189427 0.211454 0.185022 0.215859 0.189427 0.224670 0.180617 0.224670 0.176211 0.229075 0.171806
0 0.321586 0.118943 0.317181 0.118943 0.312775 0.114537 0.303965 0.114537 0.299559 0.110132 0.295154 0.110132 0.290749 0.114537 0.286344 0.114537 0.281938 0.118943 0.277533 0.118943 0.268722 0.127753 0.268722 0.132159 0.264317 0.136564 0.277533 0.149780 0.286344 0.149780 0.303965 0.132159 0.303965 0.127753 0.308370 0.123348 0.312775 0.123348 0.317181 0.118943
0 0.356828 0.105727 0.352423 0.110132 0.348018 0.110132 0.339207 0.118943 0.334802 0.118943 0.339207 0.123348 0.339207 0.127753 0.343612 0.132159 0.343612 0.158590 0.339207 0.162996 0.339207 0.167401 0.330396 0.176211 0.330396 0.185022 0.321586 0.193833 0.317181 0.193833 0.312775 0.198238 0.312775 0.207048 0.308370 0.211454 0.308370 0.220264 0.312775 0.224670 0.312775 0.229075 0.317181 0.233480 0.321586 0.233480 0.325991 0.229075 0.325991 0.220264 0.330396 0.215859 0.330396 0.211454 0.334802 0.207048 0.334802 0.198238 0.348018 0.185022 0.352423 0.185022 0.356828 0.180617 0.356828 0.176211 0.361233 0.171806 0.361233 0.167401 0.365639 0.162996 0.365639 0.154185 0.361233 0.149780 0.361233 0.110132
0 0.048458 0.101322 0.044053 0.105727 0.039648 0.105727 0.030837 0.114537 0.030837 0.127753 0.035242 0.132159 0.048458 0.132159 0.052863 0.127753 0.052863 0.114537 0.057269 0.110132
0 0.977974 0.079295 0.973568 0.079295 0.969163 0.083700 0.969163 0.088106 0.964758 0.092511 0.964758 0.096916 0.960352 0.101322 0.960352 0.105727 0.951542 0.114537 0.951542 0.127753 0.947137 0.132159 0.947137 0.136564 0.942731 0.140969 0.942731 0.149780 0.933921 0.158590 0.933921 0.176211 0.929515 0.180617 0.929515 0.185022 0.916300 0.198238 0.916300 0.215859 0.920705 0.220264 0.929515 0.220264 0.933921 0.215859 0.933921 0.211454 0.947137 0.198238 0.947137 0.185022 0.942731 0.180617 0.942731 0.167401 0.947137 0.162996 0.947137 0.154185 0.964758 0.136564 0.964758 0.132159 0.969163 0.127753 0.969163 0.114537 0.977974 0.105727 0.977974 0.101322 0.982379 0.096916 0.982379 0.092511 0.986784 0.088106 0.991189 0.088106 0.986784 0.088106
0 0.541850 0.079295 0.537445 0.079295 0.511013 0.105727 0.511013 0.149780 0.506608 0.154185 0.511013 0.158590 0.519824 0.149780 0.519824 0.132159 0.533040 0.118943 0.533040 0.110132 0.541850 0.101322 0.541850 0.092511 0.546256 0.088106 0.546256 0.083700
0 0.718062 0.066079 0.691630 0.092511 0.700441 0.101322 0.704846 0.101322 0.722467 0.083700 0.722467 0.070485
0 0.493392 0.022026 0.480176 0.022026 0.475771 0.026432 0.480176 0.030837 0.480176 0.057269 0.484582 0.061674 0.484582 0.070485 0.475771 0.079295 0.475771 0.083700 0.471366 0.088106 0.471366 0.092511 0.462555 0.101322 0.462555 0.105727 0.458150 0.110132 0.458150 0.114537 0.453745 0.118943 0.449339 0.118943 0.444934 0.123348 0.440529 0.123348 0.436123 0.127753 0.427313 0.127753 0.418502 0.136564 0.418502 0.140969 0.422908 0.145374 0.422908 0.149780 0.427313 0.154185 0.431718 0.154185 0.436123 0.149780 0.440529 0.149780 0.449339 0.140969 0.453745 0.140969 0.458150 0.136564 0.466960 0.136564 0.471366 0.132159 0.471366 0.127753 0.475771 0.123348 0.475771 0.118943 0.480176 0.114537 0.480176 0.096916 0.484582 0.092511 0.484582 0.066079 0.488987 0.061674 0.493392 0.061674 0.497797 0.057269 0.502203 0.057269 0.506608 0.052863 0.515419 0.052863 0.519824 0.057269 0.524229 0.057269 0.528634 0.052863 0.524229 0.048458 0.519824 0.048458 0.515419 0.052863 0.511013 0.052863 0.506608 0.048458 0.502203 0.048458 0.497797 0.044053 0.497797 0.026432
0 0.942731 0.022026 0.885463 0.061674 0.872247 0.052863 0.885463 0.000000 0.810573 0.000000 0.797357 0.048458 0.806167 0.088106 0.753304 0.176211 0.726872 0.193833 0.744493 0.211454 0.748899 0.268722 0.665198 0.440529 0.568282 0.550661 0.546256 0.607930 0.511013 0.638767 0.480176 0.687225 0.502203 0.696035 0.506608 0.709251 0.493392 0.718062 0.480176 0.709251 0.458150 0.731278 0.436123 0.731278 0.409692 0.748899 0.365639 0.845815 0.299559 0.916300 0.308370 0.938326 0.229075 0.991189 0.202643 0.986784 0.193833 0.995595 0.321586 0.995595 0.334802 0.982379 0.365639 0.977974 0.383260 0.995595 0.405286 0.995595 0.387665 0.982379 0.392070 0.964758 0.515419 0.832599 0.502203 0.819383 0.511013 0.806167 0.497797 0.797357 0.497797 0.779736 0.594714 0.647577 0.612335 0.599119 0.687225 0.533040 0.735683 0.466960 0.757709 0.405286 0.770925 0.396476 0.797357 0.414097 0.837004 0.365639 0.832599 0.334802 0.792952 0.387665 0.775330 0.387665 0.770925 0.374449 0.819383 0.299559 0.797357 0.286344 0.801762 0.264317 0.854626 0.211454 0.841410 0.167401 0.859031 0.154185 0.881057 0.158590 0.898678 0.132159 0.872247 0.136564 0.859031 0.127753 0.863436 0.110132 0.841410 0.070485 0.867841 0.057269 0.889868 0.079295 0.920705 0.074890 0.951542 0.044053
0 0.647577 0.000000 0.625551 0.000000 0.625551 0.004405 0.616740 0.013216 0.612335 0.013216 0.607930 0.017621 0.603524 0.013216 0.599119 0.013216 0.594714 0.008811 0.594714 0.000000 0.568282 0.000000 0.568282 0.008811 0.555066 0.022026 0.550661 0.022026 0.546256 0.026432 0.546256 0.030837 0.550661 0.035242 0.550661 0.039648 0.555066 0.044053 0.572687 0.026432 0.577093 0.026432 0.581498 0.022026 0.585903 0.026432 0.590308 0.026432 0.594714 0.030837 0.594714 0.039648 0.590308 0.044053 0.590308 0.048458 0.585903 0.052863 0.585903 0.057269 0.590308 0.061674 0.590308 0.074890 0.594714 0.079295 0.599119 0.074890 0.603524 0.079295 0.607930 0.079295 0.612335 0.083700 0.612335 0.092511 0.603524 0.101322 0.603524 0.105727 0.585903 0.123348 0.585903 0.127753 0.581498 0.132159 0.581498 0.136564 0.590308 0.145374 0.607930 0.145374 0.625551 0.127753 0.625551 0.123348 0.629956 0.118943 0.629956 0.110132 0.634361 0.105727 0.634361 0.088106 0.629956 0.083700 0.625551 0.083700 0.621145 0.088106 0.616740 0.083700 0.612335 0.083700 0.607930 0.079295 0.607930 0.070485 0.612335 0.066079 0.612335 0.061674 0.629956 0.044053 0.629956 0.039648 0.634361 0.035242 0.634361 0.030837 0.638767 0.026432 0.638767 0.017621 0.643172 0.013216 0.643172 0.004405
0 0.405286 0.022026 0.396476 0.026432 0.374449 0.013216 0.374449 0.000000 0.361233 0.000000 0.352423 0.017621 0.330396 0.026432 0.325991 0.022026 0.303965 0.035242 0.290749 0.026432 0.299559 0.000000 0.277533 0.000000 0.268722 0.017621 0.242291 0.022026 0.229075 0.039648 0.215859 0.044053 0.202643 0.035242 0.185022 0.048458 0.211454 0.066079 0.211454 0.079295 0.202643 0.088106 0.149780 0.105727 0.114537 0.140969 0.039648 0.185022 0.026432 0.180617 0.013216 0.193833 0.013216 0.202643 0.000000 0.211454 0.000000 0.237885 0.022026 0.251101 0.022026 0.268722 0.013216 0.290749 0.000000 0.299559 0.000000 0.374449 0.008811 0.365639 0.004405 0.339207 0.039648 0.308370 0.052863 0.317181 0.048458 0.361233 0.013216 0.405286 0.004405 0.409692 0.000000 0.405286 0.000000 0.484582 0.022026 0.466960 0.035242 0.431718 0.048458 0.427313 0.070485 0.449339 0.088106 0.440529 0.083700 0.418502 0.070485 0.418502 0.052863 0.431718 0.026432 0.414097 0.026432 0.405286 0.061674 0.356828 0.061674 0.330396 0.074890 0.321586 0.092511 0.330396 0.101322 0.312775 0.096916 0.303965 0.079295 0.317181 0.061674 0.303965 0.061674 0.237885 0.105727 0.202643 0.215859 0.136564 0.277533 0.061674 0.334802 0.030837 0.361233 0.026432 0.383260 0.044053 0.392070 0.070485 0.418502 0.048458
