0 0.779736 0.942731 0.775330 0.938326 0.762115 0.938326 0.757709 0.942731 0.753304 0.942731 0.748899 0.947137 0.744493 0.947137 0.740088 0.951542 0.731278 0.951542 0.722467 0.960352 0.722467 0.964758 0.731278 0.973568 0.731278 0.986784 0.722467 0.995595 0.740088 0.995595 0.740088 0.991189 0.735683 0.986784 0.735683 0.973568 0.740088 0.969163 0.744493 0.969163 0.762115 0.951542 0.766520 0.951542 0.770925 0.947137 0.775330 0.947137
0 0.370044 0.938326 0.374449 0.942731 0.374449 0.947137 0.378855 0.951542 0.387665 0.951542 0.392070 0.955947 0.414097 0.955947 0.418502 0.951542 0.409692 0.942731 0.405286 0.942731 0.400881 0.938326 0.396476 0.938326 0.392070 0.933921 0.374449 0.933921
0 0.233480 0.925110 0.229075 0.925110 0.215859 0.938326 0.215859 0.947137 0.220264 0.951542 0.220264 0.960352 0.224670 0.964758 0.229075 0.960352 0.233480 0.960352 0.237885 0.955947 0.237885 0.947137 0.242291 0.942731 0.242291 0.933921
0 0.903084 0.925110 0.903084 0.929515 0.907489 0.933921 0.916300 0.933921 0.920705 0.929515 0.929515 0.929515 0.933921 0.933921 0.938326 0.933921 0.947137 0.942731 0.951542 0.942731 0.955947 0.938326 0.955947 0.925110 0.951542 0.920705 0.947137 0.925110 0.942731 0.925110 0.938326 0.929515 0.933921 0.929515 0.929515 0.925110 0.925110 0.925110 0.920705 0.920705 0.907489 0.920705
0 0.801762 0.898678 0.797357 0.903084 0.797357 0.907489 0.792952 0.911894 0.792952 0.920705 0.806167 0.933921 0.810573 0.933921 0.814978 0.929515 0.814978 0.925110 0.819383 0.920705 0.819383 0.907489 0.810573 0.898678
0 0.933921 0.876652 0.942731 0.885463 0.947137 0.881057 0.951542 0.881057 0.955947 0.885463 0.960352 0.885463 0.982379 0.907489 0.982379 0.916300 0.986784 0.920705 0.995595 0.920705 0.995595 0.903084 0.991189 0.898678 0.986784 0.898678 0.982379 0.894273 0.982379 0.885463 0.977974 0.881057 0.969163 0.881057 0.964758 0.885463 0.960352 0.885463 0.955947 0.881057 0.951542 0.881057 0.942731 0.872247 0.938326 0.872247
0 0.123348 0.863436 0.114537 0.863436 0.105727 0.872247 0.110132 0.876652 0.110132 0.894273 0.105727 0.898678 0.101322 0.898678 0.096916 0.903084 0.096916 0.911894 0.101322 0.916300 0.118943 0.898678 0.118943 0.885463 0.127753 0.876652 0.127753 0.867841
0 0.387665 0.872247 0.387665 0.876652 0.392070 0.881057 0.400881 0.881057 0.405286 0.885463 0.414097 0.885463 0.418502 0.881057 0.418502 0.876652 0.422908 0.872247 0.409692 0.859031 0.405286 0.859031 0.400881 0.863436 0.396476 0.863436
0 0.321586 0.859031 0.317181 0.859031 0.312775 0.863436 0.308370 0.863436 0.303965 0.867841 0.303965 0.885463 0.312775 0.894273 0.321586 0.894273 0.325991 0.889868 0.325991 0.885463 0.330396 0.881057 0.330396 0.872247 0.325991 0.867841 0.325991 0.863436
0 0.687225 0.876652 0.687225 0.872247 0.682819 0.867841 0.682819 0.863436 0.678414 0.859031 0.678414 0.854626 0.674009 0.850220 0.665198 0.859031 0.660793 0.859031 0.656388 0.863436 0.647577 0.863436 0.643172 0.859031 0.638767 0.859031 0.634361 0.863436 0.634361 0.867841 0.638767 0.872247 0.647577 0.872247 0.651982 0.876652 0.660793 0.876652 0.665198 0.881057 0.682819 0.881057
0 0.167401 0.841410 0.158590 0.850220 0.158590 0.854626 0.162996 0.859031 0.162996 0.867841 0.167401 0.872247 0.167401 0.876652 0.171806 0.881057 0.176211 0.876652 0.180617 0.876652 0.185022 0.872247 0.189427 0.872247 0.185022 0.867841 0.185022 0.863436 0.180617 0.859031 0.180617 0.854626
0 0.784141 0.828194 0.779736 0.832599 0.779736 0.837004 0.792952 0.850220 0.792952 0.854626 0.797357 0.859031 0.797357 0.863436 0.801762 0.867841 0.814978 0.854626 0.814978 0.841410 0.810573 0.837004 0.806167 0.841410 0.801762 0.841410 0.797357 0.837004 0.792952 0.837004
0 0.000000 0.828194 0.000000 0.863436 0.008811 0.863436 0.013216 0.859031 0.017621 0.859031 0.022026 0.854626 0.026432 0.854626 0.030837 0.850220 0.035242 0.854626 0.039648 0.854626 0.044053 0.859031 0.044053 0.889868 0.048458 0.894273 0.048458 0.903084 0.052863 0.907489 0.057269 0.907489 0.061674 0.903084 0.061674 0.889868 0.057269 0.885463 0.057269 0.854626 0.061674 0.850220 0.061674 0.841410 0.057269 0.837004 0.052863 0.837004 0.048458 0.832599 0.044053 0.837004 0.030837 0.837004 0.026432 0.832599 0.017621 0.832599 0.013216 0.828194
0 0.541850 0.832599 0.541850 0.841410 0.546256 0.845815 0.550661 0.841410 0.555066 0.841410 0.559471 0.837004 0.563877 0.837004 0.568282 0.841410 0.572687 0.841410 0.577093 0.845815 0.577093 0.859031 0.590308 0.872247 0.594714 0.872247 0.599119 0.876652 0.607930 0.867841 0.607930 0.859031 0.603524 0.854626 0.603524 0.850220 0.599119 0.845815 0.599119 0.841410 0.594714 0.837004 0.594714 0.832599 0.590308 0.828194 0.585903 0.828194 0.577093 0.819383 0.572687 0.819383 0.568282 0.823789 0.563877 0.823789 0.559471 0.828194 0.555066 0.823789 0.550661 0.823789
0 0.519824 0.797357 0.506608 0.797357 0.502203 0.801762 0.502203 0.823789 0.493392 0.832599 0.493392 0.837004 0.480176 0.850220 0.480176 0.867841 0.475771 0.872247 0.471366 0.872247 0.466960 0.876652 0.466960 0.881057 0.475771 0.889868 0.484582 0.881057 0.484582 0.876652 0.488987 0.872247 0.493392 0.872247 0.497797 0.867841 0.497797 0.863436 0.502203 0.859031 0.502203 0.854626 0.511013 0.845815 0.511013 0.837004 0.515419 0.832599 0.511013 0.828194 0.511013 0.819383 0.519824 0.810573 0.524229 0.810573 0.528634 0.806167
0 0.000000 0.788546 0.004405 0.792952 0.008811 0.792952 0.013216 0.797357 0.026432 0.797357 0.039648 0.784141 0.044053 0.784141 0.048458 0.779736 0.052863 0.784141 0.057269 0.784141 0.061674 0.788546 0.066079 0.788546 0.070485 0.784141 0.070485 0.775330 0.066079 0.770925 0.057269 0.770925 0.052863 0.775330 0.048458 0.775330 0.044053 0.779736 0.039648 0.779736 0.035242 0.775330 0.030837 0.775330 0.026432 0.770925 0.022026 0.770925 0.017621 0.775330 0.013216 0.775330 0.008811 0.779736 0.004405 0.779736 0.000000 0.784141
0 0.762115 0.766520 0.757709 0.770925 0.753304 0.770925 0.748899 0.775330 0.744493 0.775330 0.735683 0.784141 0.735683 0.810573 0.726872 0.819383 0.731278 0.823789 0.770925 0.784141 0.770925 0.779736 0.766520 0.775330 0.766520 0.770925
0 0.418502 0.748899 0.414097 0.744493 0.400881 0.744493 0.396476 0.748899 0.392070 0.748899 0.387665 0.753304 0.383260 0.753304 0.378855 0.757709 0.383260 0.762115 0.383260 0.792952 0.378855 0.797357 0.374449 0.797357 0.370044 0.801762 0.365639 0.801762 0.361233 0.806167 0.339207 0.806167 0.334802 0.810573 0.334802 0.819383 0.339207 0.823789 0.352423 0.823789 0.356828 0.819383 0.378855 0.819383 0.383260 0.823789 0.387665 0.823789 0.392070 0.828194 0.392070 0.837004 0.396476 0.841410 0.400881 0.837004 0.405286 0.837004 0.409692 0.832599 0.405286 0.828194 0.400881 0.828194 0.396476 0.823789 0.392070 0.823789 0.387665 0.819383 0.387665 0.797357 0.400881 0.784141 0.400881 0.770925 0.418502 0.753304
0 0.185022 0.744493 0.180617 0.740088 0.158590 0.740088 0.154185 0.735683 0.149780 0.735683 0.145374 0.731278 0.136564 0.731278 0.132159 0.735683 0.132159 0.740088 0.114537 0.757709 0.110132 0.757709 0.101322 0.766520 0.123348 0.788546 0.127753 0.788546 0.132159 0.784141 0.127753 0.779736 0.127753 0.762115 0.132159 0.757709 0.132159 0.748899 0.136564 0.744493 0.140969 0.744493 0.145374 0.740088 0.149780 0.740088 0.154185 0.744493 0.158590 0.744493 0.171806 0.757709 0.176211 0.757709 0.180617 0.762115 0.185022 0.757709
0 0.806167 0.709251 0.797357 0.700441 0.792952 0.704846 0.788546 0.704846 0.779736 0.713656 0.775330 0.713656 0.770925 0.718062 0.766520 0.713656 0.762115 0.713656 0.757709 0.709251 0.753304 0.709251 0.740088 0.722467 0.748899 0.731278 0.753304 0.731278 0.762115 0.722467 0.766520 0.722467 0.770925 0.718062 0.775330 0.718062 0.779736 0.722467 0.784141 0.722467 0.797357 0.735683 0.806167 0.726872
0 0.621145 0.700441 0.625551 0.704846 0.638767 0.704846 0.643172 0.700441 0.647577 0.700441 0.651982 0.696035 0.656388 0.696035 0.660793 0.691630 0.669604 0.691630 0.674009 0.687225 0.674009 0.682819 0.669604 0.678414 0.634361 0.678414 0.629956 0.682819 0.625551 0.682819 0.621145 0.687225
0 0.907489 0.669604 0.903084 0.669604 0.885463 0.687225 0.885463 0.691630 0.894273 0.700441 0.894273 0.709251 0.885463 0.718062 0.894273 0.726872 0.898678 0.726872 0.903084 0.731278 0.903084 0.744493 0.898678 0.748899 0.898678 0.753304 0.889868 0.762115 0.885463 0.762115 0.881057 0.766520 0.872247 0.766520 0.867841 0.770925 0.867841 0.779736 0.863436 0.784141 0.859031 0.784141 0.854626 0.788546 0.845815 0.788546 0.841410 0.792952 0.837004 0.792952 0.832599 0.797357 0.828194 0.797357 0.819383 0.806167 0.819383 0.814978 0.823789 0.819383 0.828194 0.819383 0.832599 0.814978 0.841410 0.814978 0.850220 0.806167 0.850220 0.801762 0.854626 0.797357 0.859031 0.797357 0.863436 0.792952 0.876652 0.792952 0.881057 0.788546 0.885463 0.788546 0.889868 0.784141 0.894273 0.784141 0.898678 0.779736 0.898678 0.775330 0.903084 0.770925 0.907489 0.770925 0.929515 0.748899 0.920705 0.740088 0.916300 0.740088 0.911894 0.735683 0.907489 0.735683 0.903084 0.731278 0.903084 0.722467 0.894273 0.713656 0.894273 0.704846 0.916300 0.682819 0.916300 0.678414
0 0.528634 0.660793 0.519824 0.660793 0.515419 0.665198 0.506608 0.665198 0.502203 0.669604 0.497797 0.669604 0.493392 0.674009 0.488987 0.674009 0.493392 0.674009 0.497797 0.678414 0.506608 0.678414 0.511013 0.682819 0.515419 0.682819 0.519824 0.687225 0.519824 0.696035 0.502203 0.713656 0.502203 0.718062 0.511013 0.726872 0.519824 0.718062 0.519824 0.713656 0.533040 0.700441 0.533040 0.665198
0 0.290749 0.669604 0.277533 0.656388 0.273128 0.656388 0.268722 0.660793 0.264317 0.660793 0.255507 0.669604 0.251101 0.669604 0.246696 0.674009 0.242291 0.674009 0.233480 0.682819 0.242291 0.691630 0.259912 0.691630 0.264317 0.687225 0.268722 0.687225 0.273128 0.682819 0.277533 0.682819 0.281938 0.678414 0.286344 0.678414 0.290749 0.674009
0 0.074890 0.629956 0.074890 0.634361 0.083700 0.643172 0.088106 0.643172 0.092511 0.638767 0.096916 0.638767 0.101322 0.634361 0.105727 0.638767 0.110132 0.638767 0.114537 0.643172 0.118943 0.643172 0.123348 0.647577 0.127753 0.643172 0.127753 0.629956 0.123348 0.625551 0.118943 0.629956 0.114537 0.629956 0.110132 0.634361 0.101322 0.634361 0.096916 0.629956 0.092511 0.629956 0.088106 0.625551 0.079295 0.625551
0 0.911894 0.625551 0.911894 0.629956 0.916300 0.634361 0.929515 0.634361 0.933921 0.629956 0.938326 0.634361 0.942731 0.634361 0.951542 0.643172 0.955947 0.643172 0.960352 0.647577 0.964758 0.643172 0.969163 0.643172 0.977974 0.634361 0.969163 0.625551 0.964758 0.625551 0.960352 0.621145 0.955947 0.621145 0.951542 0.625551 0.947137 0.625551 0.942731 0.629956 0.938326 0.629956 0.933921 0.625551 0.929515 0.625551 0.925110 0.621145 0.920705 0.625551 0.916300 0.621145
0 0.524229 0.585903 0.515419 0.594714 0.515419 0.599119 0.511013 0.603524 0.511013 0.616740 0.515419 0.621145 0.524229 0.621145 0.528634 0.616740 0.528634 0.612335 0.533040 0.607930 0.533040 0.603524 0.537445 0.599119 0.537445 0.594714 0.533040 0.590308 0.528634 0.590308
0 0.568282 0.568282 0.563877 0.572687 0.568282 0.577093 0.572687 0.577093 0.577093 0.572687 0.581498 0.577093 0.585903 0.577093 0.590308 0.581498 0.590308 0.585903 0.594714 0.590308 0.594714 0.594714 0.599119 0.599119 0.599119 0.603524 0.607930 0.612335 0.607930 0.629956 0.612335 0.629956 0.616740 0.625551 0.616740 0.616740 0.612335 0.612335 0.612335 0.581498 0.607930 0.577093 0.594714 0.577093 0.590308 0.581498 0.585903 0.577093 0.581498 0.577093 0.572687 0.568282
0 0.387665 0.568282 0.392070 0.572687 0.400881 0.572687 0.405286 0.577093 0.409692 0.577093 0.427313 0.594714 0.431718 0.590308 0.449339 0.590308 0.453745 0.594714 0.466960 0.581498 0.462555 0.577093 0.458150 0.581498 0.449339 0.581498 0.444934 0.577093 0.440529 0.581498 0.431718 0.581498 0.427313 0.577093 0.418502 0.577093 0.414097 0.572687 0.409692 0.572687 0.400881 0.563877 0.392070 0.563877
0 0.682819 0.563877 0.687225 0.563877 0.691630 0.568282 0.691630 0.577093 0.687225 0.581498 0.687225 0.594714 0.696035 0.603524 0.700441 0.603524 0.704846 0.607930 0.744493 0.607930 0.748899 0.612335 0.753304 0.612335 0.762115 0.621145 0.762115 0.629956 0.744493 0.647577 0.744493 0.651982 0.748899 0.651982 0.757709 0.660793 0.766520 0.660793 0.779736 0.647577 0.779736 0.643172 0.784141 0.638767 0.788546 0.638767 0.792952 0.634361 0.801762 0.634361 0.814978 0.643172 0.814978 0.651982 0.810573 0.656388 0.819383 0.665198 0.823789 0.665198 0.832599 0.656388 0.819383 0.647577 0.819383 0.634361 0.828194 0.625551 0.832599 0.625551 0.837004 0.621145 0.863436 0.638767 0.876652 0.638767 0.881057 0.634361 0.872247 0.625551 0.872247 0.621145 0.867841 0.616740 0.867841 0.607930 0.872247 0.603524 0.872247 0.599119 0.863436 0.590308 0.854626 0.599119 0.854626 0.607930 0.850220 0.612335 0.845815 0.612335 0.841410 0.616740 0.837004 0.616740 0.832599 0.612335 0.828194 0.612335 0.819383 0.603524 0.810573 0.603524 0.806167 0.599119 0.792952 0.599119 0.788546 0.594714 0.784141 0.594714 0.762115 0.572687 0.757709 0.577093 0.722467 0.577093 0.718062 0.572687 0.713656 0.572687 0.709251 0.568282 0.704846 0.568282 0.696035 0.559471 0.691630 0.559471 0.687225 0.563877
0 0.013216 0.546256 0.000000 0.546256 0.000000 0.559471 0.004405 0.559471 0.008811 0.563877 0.013216 0.563877 0.017621 0.568282 0.017621 0.577093 0.013216 0.581498 0.013216 0.594714 0.008811 0.599119 0.004405 0.599119 0.000000 0.603524 0.000000 0.621145 0.004405 0.616740 0.022026 0.616740 0.030837 0.607930 0.030837 0.590308 0.035242 0.585903 0.030837 0.581498 0.030837 0.577093 0.026432 0.572687 0.022026 0.572687 0.017621 0.568282 0.017621 0.550661
0 0.158590 0.502203 0.154185 0.506608 0.154185 0.515419 0.162996 0.524229 0.162996 0.537445 0.158590 0.541850 0.154185 0.541850 0.149780 0.546256 0.145374 0.541850 0.140969 0.546256 0.132159 0.546256 0.127753 0.550661 0.127753 0.559471 0.132159 0.563877 0.140969 0.563877 0.145374 0.559471 0.149780 0.559471 0.154185 0.555066 0.158590 0.555066 0.162996 0.559471 0.167401 0.559471 0.180617 0.572687 0.185022 0.572687 0.189427 0.568282 0.189427 0.563877 0.185022 0.559471 0.180617 0.559471 0.176211 0.555066 0.176211 0.550661 0.167401 0.541850 0.167401 0.533040 0.176211 0.524229 0.176211 0.515419 0.167401 0.506608 0.162996 0.506608
0 0.920705 0.506608 0.920705 0.511013 0.925110 0.515419 0.933921 0.515419 0.938326 0.511013 0.942731 0.511013 0.947137 0.515419 0.951542 0.515419 0.960352 0.524229 0.964758 0.524229 0.969163 0.519824 0.969163 0.515419 0.964758 0.511013 0.964758 0.506608 0.960352 0.502203 0.955947 0.502203 0.951542 0.506608 0.942731 0.506608 0.938326 0.502203 0.933921 0.502203 0.929515 0.497797
0 0.405286 0.511013 0.405286 0.515419 0.409692 0.519824 0.418502 0.519824 0.422908 0.515419 0.436123 0.515419 0.440529 0.519824 0.444934 0.515419 0.449339 0.515419 0.453745 0.519824 0.458150 0.519824 0.462555 0.524229 0.462555 0.537445 0.458150 0.541850 0.453745 0.541850 0.449339 0.546256 0.444934 0.546256 0.440529 0.550661 0.440529 0.555066 0.444934 0.559471 0.449339 0.555066 0.453745 0.555066 0.458150 0.550661 0.462555 0.555066 0.466960 0.555066 0.471366 0.559471 0.475771 0.559471 0.480176 0.563877 0.488987 0.563877 0.497797 0.555066 0.497797 0.541850 0.493392 0.541850 0.488987 0.537445 0.484582 0.537445 0.475771 0.528634 0.475771 0.524229 0.462555 0.511013 0.458150 0.511013 0.444934 0.497797 0.418502 0.497797
0 0.334802 0.497797 0.334802 0.502203 0.339207 0.502203 0.343612 0.506608 0.343612 0.511013 0.348018 0.515419 0.370044 0.515419 0.374449 0.511013 0.374449 0.502203 0.370044 0.497797 0.365639 0.497797 0.356828 0.488987 0.348018 0.488987 0.339207 0.497797
0 0.876652 0.497797 0.872247 0.493392 0.867841 0.493392 0.863436 0.497797 0.859031 0.497797 0.854626 0.502203 0.837004 0.502203 0.832599 0.497797 0.828194 0.497797 0.819383 0.488987 0.814978 0.488987 0.810573 0.484582 0.801762 0.493392 0.801762 0.497797 0.797357 0.502203 0.797357 0.524229 0.792952 0.528634 0.792952 0.533040 0.788546 0.537445 0.788546 0.546256 0.792952 0.550661 0.792952 0.555066 0.801762 0.563877 0.806167 0.559471 0.806167 0.555066 0.810573 0.550661 0.810573 0.537445 0.806167 0.533040 0.806167 0.515419 0.810573 0.511013 0.814978 0.511013 0.819383 0.506608 0.823789 0.511013 0.828194 0.511013 0.841410 0.524229 0.845815 0.524229 0.854626 0.515419 0.859031 0.515419 0.863436 0.511013 0.867841 0.511013 0.876652 0.502203
0 0.951542 0.440529 0.942731 0.440529 0.933921 0.449339 0.933921 0.466960 0.925110 0.475771 0.920705 0.475771 0.916300 0.480176 0.920705 0.484582 0.929515 0.475771 0.933921 0.475771 0.938326 0.471366 0.942731 0.471366 0.947137 0.466960 0.947137 0.462555 0.951542 0.458150 0.955947 0.458150 0.960352 0.453745 0.960352 0.449339
0 0.700441 0.440529 0.696035 0.444934 0.700441 0.449339 0.700441 0.453745 0.704846 0.458150 0.709251 0.458150 0.713656 0.462555 0.713656 0.471366 0.709251 0.475771 0.709251 0.484582 0.696035 0.497797 0.696035 0.502203 0.700441 0.506608 0.709251 0.506608 0.718062 0.497797 0.718062 0.493392 0.722467 0.488987 0.722467 0.484582 0.726872 0.480176 0.726872 0.466960 0.718062 0.458150 0.713656 0.458150 0.709251 0.453745 0.709251 0.444934 0.704846 0.440529
0 0.784141 0.427313 0.775330 0.436123 0.775330 0.440529 0.766520 0.449339 0.766520 0.453745 0.762115 0.458150 0.770925 0.466960 0.775330 0.466960 0.784141 0.458150 0.784141 0.449339 0.792952 0.440529 0.788546 0.436123 0.788546 0.431718
0 0.286344 0.418502 0.281938 0.414097 0.273128 0.422908 0.273128 0.431718 0.268722 0.436123 0.264317 0.436123 0.259912 0.440529 0.229075 0.440529 0.224670 0.436123 0.220264 0.436123 0.215859 0.431718 0.202643 0.431718 0.198238 0.436123 0.198238 0.440529 0.202643 0.444934 0.207048 0.444934 0.215859 0.453745 0.229075 0.453745 0.233480 0.449339 0.242291 0.449339 0.246696 0.453745 0.251101 0.453745 0.259912 0.462555 0.259912 0.475771 0.264317 0.480176 0.268722 0.480176 0.273128 0.475771 0.273128 0.436123 0.277533 0.431718 0.281938 0.431718 0.286344 0.427313
0 0.083700 0.374449 0.074890 0.383260 0.096916 0.405286 0.101322 0.405286 0.110132 0.414097 0.114537 0.409692 0.114537 0.383260 0.110132 0.378855 0.088106 0.378855
0 0.515419 0.202643 0.511013 0.202643 0.506608 0.207048 0.511013 0.211454 0.511013 0.215859 0.515419 0.220264 0.519824 0.220264 0.528634 0.229075 0.533040 0.229075 0.537445 0.233480 0.537445 0.246696 0.533040 0.251101 0.533040 0.264317 0.519824 0.277533 0.519824 0.290749 0.511013 0.299559 0.506608 0.299559 0.502203 0.303965 0.502203 0.321586 0.488987 0.334802 0.484582 0.334802 0.480176 0.339207 0.466960 0.339207 0.462555 0.343612 0.462555 0.361233 0.466960 0.365639 0.466960 0.370044 0.471366 0.374449 0.480176 0.374449 0.488987 0.365639 0.484582 0.361233 0.484582 0.348018 0.493392 0.339207 0.497797 0.339207 0.511013 0.325991 0.511013 0.321586 0.524229 0.308370 0.524229 0.299559 0.533040 0.290749 0.533040 0.286344 0.537445 0.281938 0.533040 0.277533 0.533040 0.268722 0.541850 0.259912 0.546256 0.259912 0.550661 0.255507 0.550661 0.251101 0.555066 0.246696 0.550661 0.242291 0.546256 0.242291 0.541850 0.237885 0.541850 0.220264 0.533040 0.211454 0.528634 0.211454 0.524229 0.207048 0.519824 0.207048
0 0.444934 0.193833 0.440529 0.189427 0.436123 0.193833 0.431718 0.193833 0.427313 0.198238 0.422908 0.193833 0.418502 0.193833 0.414097 0.198238 0.414097 0.202643 0.409692 0.207048 0.409692 0.211454 0.414097 0.215859 0.418502 0.211454 0.422908 0.211454 0.427313 0.207048 0.440529 0.207048 0.444934 0.202643
0 0.881057 0.193833 0.881057 0.198238 0.898678 0.215859 0.903084 0.211454 0.916300 0.211454 0.920705 0.215859 0.929515 0.207048 0.925110 0.202643 0.911894 0.202643 0.907489 0.198238 0.903084 0.198238 0.889868 0.185022
0 0.819383 0.189427 0.814978 0.189427 0.801762 0.176211 0.797357 0.180617 0.797357 0.198238 0.792952 0.202643 0.788546 0.202643 0.784141 0.207048 0.779736 0.207048 0.762115 0.224670 0.757709 0.224670 0.762115 0.224670 0.766520 0.229075 0.779736 0.229075 0.797357 0.211454 0.797357 0.207048 0.801762 0.202643 0.806167 0.202643 0.814978 0.193833 0.819383 0.193833
0 0.726872 0.154185 0.722467 0.154185 0.713656 0.162996 0.713656 0.171806 0.709251 0.176211 0.704846 0.176211 0.700441 0.180617 0.696035 0.176211 0.691630 0.176211 0.687225 0.171806 0.682819 0.171806 0.678414 0.176211 0.678414 0.185022 0.687225 0.193833 0.687225 0.215859 0.682819 0.220264 0.678414 0.220264 0.674009 0.224670 0.674009 0.229075 0.678414 0.233480 0.691630 0.220264 0.696035 0.220264 0.700441 0.215859 0.704846 0.215859 0.709251 0.211454 0.713656 0.215859 0.718062 0.215859 0.722467 0.220264 0.726872 0.220264 0.731278 0.224670 0.731278 0.229075 0.735683 0.229075 0.740088 0.224670 0.744493 0.224670 0.740088 0.224670 0.735683 0.220264 0.731278 0.220264 0.726872 0.215859 0.726872 0.211454 0.722467 0.207048 0.718062 0.207048 0.704846 0.193833 0.704846 0.180617 0.709251 0.176211 0.713656 0.176211 0.718062 0.171806 0.722467 0.176211 0.731278 0.176211 0.735683 0.171806 0.735683 0.162996
0 0.110132 0.149780 0.105727 0.145374 0.070485 0.145374 0.066079 0.149780 0.066079 0.162996 0.061674 0.167401 0.057269 0.167401 0.052863 0.171806 0.048458 0.171806 0.044053 0.167401 0.039648 0.167401 0.030837 0.176211 0.030837 0.180617 0.044053 0.193833 0.048458 0.193833 0.052863 0.189427 0.052863 0.171806 0.057269 0.167401 0.061674 0.167401 0.066079 0.162996 0.070485 0.167401 0.074890 0.167401 0.079295 0.162996 0.105727 0.162996 0.110132 0.158590
0 0.317181 0.123348 0.312775 0.118943 0.295154 0.118943 0.290749 0.123348 0.290749 0.132159 0.286344 0.136564 0.281938 0.136564 0.277533 0.140969 0.273128 0.140969 0.268722 0.136564 0.264317 0.136564 0.255507 0.145374 0.255507 0.154185 0.264317 0.162996 0.273128 0.162996 0.277533 0.158590 0.277533 0.140969 0.281938 0.136564 0.286344 0.136564 0.290749 0.132159 0.295154 0.136564 0.299559 0.132159 0.303965 0.136564 0.308370 0.132159 0.312775 0.132159 0.317181 0.127753
0 0.511013 0.114537 0.506608 0.118943 0.511013 0.123348 0.511013 0.140969 0.515419 0.145374 0.528634 0.145374 0.533040 0.140969 0.533040 0.136564 0.537445 0.132159 0.524229 0.118943 0.519824 0.118943 0.515419 0.114537
0 0.876652 0.105727 0.881057 0.110132 0.881057 0.114537 0.889868 0.123348 0.894273 0.123348 0.898678 0.127753 0.903084 0.127753 0.907489 0.132159 0.925110 0.132159 0.933921 0.123348 0.929515 0.118943 0.929515 0.114537 0.925110 0.110132 0.894273 0.110132 0.889868 0.105727 0.885463 0.105727 0.881057 0.101322
0 0.674009 0.096916 0.669604 0.101322 0.669604 0.105727 0.674009 0.110132 0.674009 0.114537 0.678414 0.118943 0.678414 0.123348 0.687225 0.132159 0.691630 0.127753 0.691630 0.105727 0.687225 0.101322 0.682819 0.101322 0.678414 0.096916
0 0.000000 0.268722 0.022026 0.251101 0.048458 0.259912 0.000000 0.299559 0.000000 0.356828 0.127753 0.334802 0.092511 0.321586 0.039648 0.348018 0.022026 0.317181 0.044053 0.303965 0.185022 0.281938 0.198238 0.299559 0.171806 0.330396 0.220264 0.303965 0.259912 0.321586 0.259912 0.378855 0.242291 0.392070 0.255507 0.405286 0.295154 0.374449 0.281938 0.330396 0.299559 0.317181 0.334802 0.383260 0.427313 0.409692 0.471366 0.484582 0.515419 0.484582 0.528634 0.502203 0.519824 0.537445 0.559471 0.528634 0.550661 0.471366 0.599119 0.462555 0.621145 0.475771 0.634361 0.462555 0.603524 0.449339 0.607930 0.427313 0.682819 0.374449 0.792952 0.330396 0.823789 0.343612 0.819383 0.365639 0.854626 0.396476 0.889868 0.396476 0.885463 0.370044 0.920705 0.352423 0.973568 0.378855 0.969163 0.414097 0.995595 0.409692 0.982379 0.392070 0.995595 0.365639 0.933921 0.348018 0.969163 0.317181 0.995595 0.255507 0.995595 0.167401 0.982379 0.162996 0.933921 0.281938 0.894273 0.264317 0.845815 0.281938 0.775330 0.259912 0.744493 0.268722 0.722467 0.242291 0.726872 0.281938 0.700441 0.299559 0.687225 0.268722 0.634361 0.264317 0.634361 0.229075 0.607930 0.220264 0.616740 0.264317 0.669604 0.286344 0.674009 0.303965 0.629956 0.343612 0.599119 0.325991 0.599119 0.356828 0.555066 0.356828 0.541850 0.378855 0.572687 0.361233 0.590308 0.383260 0.519824 0.418502 0.497797 0.453745 0.466960 0.431718 0.484582 0.409692 0.458150 0.400881 0.414097 0.334802 0.352423 0.352423 0.330396 0.330396 0.383260 0.277533 0.387665 0.229075 0.339207 0.295154 0.290749 0.281938 0.264317 0.251101 0.207048 0.229075 0.224670 0.185022 0.167401 0.096916 0.114537 0.114537 0.149780 0.110132 0.176211 0.127753 0.193833 0.167401 0.127753 0.189427 0.154185 0.211454 0.189427 0.198238 0.189427 0.237885 0.035242 0.242291 0.017621 0.220264
0 0.762115 0.083700 0.757709 0.088106 0.753304 0.088106 0.731278 0.110132 0.731278 0.118943 0.735683 0.123348 0.735683 0.132159 0.744493 0.140969 0.748899 0.140969 0.757709 0.149780 0.757709 0.154185 0.762115 0.158590 0.784141 0.158590 0.788546 0.154185 0.775330 0.140969 0.770925 0.140969 0.753304 0.123348 0.748899 0.123348 0.744493 0.118943 0.744493 0.110132 0.748899 0.105727 0.753304 0.105727 0.757709 0.101322 0.762115 0.101322 0.766520 0.096916 0.770925 0.101322 0.775330 0.101322 0.779736 0.096916 0.766520 0.083700
0 0.026432 0.061674 0.022026 0.066079 0.026432 0.070485 0.030837 0.070485 0.035242 0.074890 0.035242 0.083700 0.039648 0.088106 0.044053 0.088106 0.052863 0.096916 0.052863 0.114537 0.057269 0.118943 0.061674 0.114537 0.066079 0.114537 0.070485 0.110132 0.070485 0.105727 0.057269 0.092511 0.057269 0.083700 0.061674 0.079295 0.057269 0.074890 0.048458 0.074890 0.044053 0.079295 0.039648 0.074890 0.035242 0.074890 0.030837 0.070485 0.030837 0.066079
0 0.898678 0.057269 0.898678 0.061674 0.907489 0.070485 0.920705 0.070485 0.925110 0.074890 0.929515 0.074890 0.933921 0.079295 0.947137 0.079295 0.951542 0.074890 0.960352 0.074890 0.969163 0.066079 0.964758 0.061674 0.942731 0.061674 0.938326 0.066079 0.933921 0.066079 0.929515 0.061674 0.916300 0.061674 0.911894 0.057269 0.907489 0.057269 0.903084 0.052863
0 0.079295 0.070485 0.083700 0.070485 0.088106 0.074890 0.092511 0.074890 0.096916 0.070485 0.101322 0.070485 0.105727 0.066079 0.110132 0.066079 0.114537 0.061674 0.114537 0.057269 0.110132 0.052863 0.101322 0.052863 0.096916 0.048458 0.088106 0.048458 0.083700 0.052863 0.083700 0.057269 0.079295 0.061674
0 0.740088 0.052863 0.744493 0.057269 0.762115 0.057269 0.766520 0.052863 0.775330 0.052863 0.779736 0.048458 0.770925 0.039648 0.762115 0.039648 0.757709 0.035242 0.748899 0.035242 0.744493 0.039648 0.744493 0.044053 0.740088 0.048458
0 0.731278 0.022026 0.726872 0.017621 0.722467 0.017621 0.718062 0.013216 0.713656 0.017621 0.704846 0.017621 0.696035 0.026432 0.696035 0.035242 0.691630 0.039648 0.696035 0.044053 0.700441 0.044053 0.704846 0.039648 0.709251 0.039648 0.713656 0.035242 0.718062 0.035242 0.722467 0.030837 0.726872 0.030837 0.731278 0.026432
0 0.519824 0.013216 0.515419 0.017621 0.506608 0.017621 0.493392 0.030837 0.506608 0.044053 0.511013 0.044053 0.519824 0.052863 0.519824 0.061674 0.511013 0.070485 0.506608 0.070485 0.502203 0.074890 0.497797 0.074890 0.493392 0.079295 0.497797 0.083700 0.502203 0.083700 0.515419 0.070485 0.519824 0.070485 0.524229 0.066079 0.524229 0.061674 0.528634 0.057269 0.524229 0.052863 0.519824 0.052863 0.515419 0.048458 0.515419 0.039648 0.524229 0.030837 0.524229 0.026432 0.528634 0.022026
0 0.603524 0.000000 0.603524 0.026432 0.612335 0.035242 0.621145 0.035242 0.625551 0.030837 0.621145 0.026432 0.621145 0.022026 0.616740 0.017621 0.616740 0.008811 0.621145 0.004405 0.621145 0.000000
0 0.436123 0.000000 0.422908 0.000000 0.422908 0.022026 0.414097 0.030837 0.409692 0.030837 0.405286 0.035242 0.400881 0.035242 0.396476 0.039648 0.396476 0.044053 0.405286 0.052863 0.409692 0.052863 0.414097 0.057269 0.414097 0.066079 0.409692 0.070485 0.409692 0.083700 0.405286 0.088106 0.405286 0.092511 0.400881 0.096916 0.396476 0.096916 0.392070 0.101322 0.387665 0.096916 0.383260 0.096916 0.378855 0.092511 0.374449 0.096916 0.374449 0.123348 0.370044 0.127753 0.370044 0.145374 0.383260 0.158590 0.392070 0.149780 0.392070 0.145374 0.396476 0.140969 0.396476 0.132159 0.392070 0.127753 0.392070 0.110132 0.396476 0.105727 0.400881 0.105727 0.405286 0.101322 0.409692 0.105727 0.414097 0.105727 0.422908 0.114537 0.422908 0.127753 0.427313 0.132159 0.436123 0.132159 0.440529 0.127753 0.440529 0.105727 0.427313 0.092511 0.427313 0.088106 0.422908 0.083700 0.422908 0.066079 0.418502 0.061674 0.418502 0.052863 0.422908 0.048458 0.422908 0.022026 0.427313 0.017621 0.431718 0.017621 0.436123 0.013216
0 0.299559 0.000000 0.273128 0.000000 0.273128 0.004405 0.268722 0.008811 0.264317 0.008811 0.255507 0.017621 0.251101 0.017621 0.237885 0.030837 0.237885 0.035242 0.233480 0.039648 0.233480 0.048458 0.229075 0.052863 0.229075 0.057269 0.224670 0.061674 0.220264 0.061674 0.215859 0.066079 0.207048 0.066079 0.202643 0.061674 0.193833 0.061674 0.189427 0.066079 0.198238 0.074890 0.202643 0.070485 0.207048 0.070485 0.211454 0.066079 0.215859 0.070485 0.220264 0.070485 0.229075 0.079295 0.233480 0.079295 0.242291 0.088106 0.242291 0.092511 0.246696 0.096916 0.246696 0.101322 0.255507 0.110132 0.264317 0.101322 0.264317 0.096916 0.259912 0.092511 0.259912 0.088106 0.255507 0.083700 0.251101 0.083700 0.246696 0.079295 0.246696 0.070485 0.251101 0.066079 0.251101 0.061674 0.246696 0.057269 0.246696 0.044053 0.255507 0.035242 0.259912 0.035242 0.281938 0.013216 0.286344 0.013216 0.290749 0.008811 0.295154 0.008811 0.299559 0.004405
