0 0.092511 0.986784 0.092511 0.995595 0.154185 0.995595 0.154185 0.991189 0.140969 0.977974 0.132159 0.977974 0.127753 0.973568 0.123348 0.973568 0.118943 0.969163 0.114537 0.969163 0.110132 0.964758 0.096916 0.977974 0.096916 0.982379
0 0.907489 0.960352 0.916300 0.969163 0.920705 0.969163 0.925110 0.973568 0.929515 0.969163 0.933921 0.969163 0.938326 0.973568 0.942731 0.973568 0.951542 0.982379 0.951542 0.986784 0.955947 0.991189 0.955947 0.995595 0.995595 0.995595 0.995595 0.977974 0.991189 0.973568 0.986784 0.973568 0.973568 0.960352 0.955947 0.960352 0.951542 0.964758 0.947137 0.964758 0.942731 0.969163 0.938326 0.964758 0.933921 0.964758 0.925110 0.955947 0.911894 0.955947
0 0.466960 0.955947 0.458150 0.955947 0.449339 0.964758 0.449339 0.969163 0.444934 0.973568 0.449339 0.977974 0.449339 0.982379 0.453745 0.986784 0.458150 0.986784 0.462555 0.982379 0.466960 0.982379 0.471366 0.977974 0.471366 0.960352
0 0.180617 0.951542 0.180617 0.969163 0.189427 0.977974 0.198238 0.977974 0.202643 0.973568 0.207048 0.973568 0.211454 0.977974 0.215859 0.977974 0.224670 0.986784 0.224670 0.995595 0.251101 0.995595 0.242291 0.986784 0.242291 0.977974 0.246696 0.973568 0.251101 0.973568 0.255507 0.969163 0.264317 0.969163 0.273128 0.960352 0.277533 0.960352 0.281938 0.955947 0.286344 0.960352 0.290749 0.960352 0.299559 0.969163 0.308370 0.960352 0.299559 0.951542 0.295154 0.951542 0.290749 0.947137 0.281938 0.947137 0.277533 0.951542 0.273128 0.947137 0.268722 0.947137 0.264317 0.951542 0.255507 0.951542 0.251101 0.955947 0.251101 0.969163 0.246696 0.973568 0.242291 0.973568 0.237885 0.977974 0.233480 0.977974 0.229075 0.973568 0.220264 0.973568 0.215859 0.969163 0.211454 0.969163 0.202643 0.960352 0.202643 0.955947 0.189427 0.942731
0 0.506608 0.947137 0.511013 0.951542 0.524229 0.951542 0.528634 0.955947 0.533040 0.955947 0.537445 0.960352 0.550661 0.960352 0.555066 0.964758 0.559471 0.964758 0.563877 0.969163 0.581498 0.969163 0.590308 0.960352 0.590308 0.947137 0.585903 0.942731 0.577093 0.942731 0.572687 0.947137 0.555066 0.947137 0.550661 0.942731 0.533040 0.942731 0.528634 0.938326 0.524229 0.938326 0.519824 0.933921
0 0.920705 0.916300 0.916300 0.911894 0.911894 0.911894 0.907489 0.907489 0.903084 0.907489 0.894273 0.916300 0.889868 0.916300 0.885463 0.920705 0.881057 0.920705 0.876652 0.916300 0.872247 0.916300 0.867841 0.911894 0.863436 0.911894 0.854626 0.920705 0.850220 0.920705 0.850220 0.925110 0.854626 0.925110 0.859031 0.929515 0.867841 0.929515 0.872247 0.925110 0.876652 0.925110 0.881057 0.929515 0.885463 0.925110 0.889868 0.929515 0.916300 0.929515 0.920705 0.925110
0 0.841410 0.920705 0.837004 0.920705 0.828194 0.911894 0.823789 0.911894 0.819383 0.907489 0.814978 0.907489 0.814978 0.911894 0.797357 0.929515 0.797357 0.938326 0.792952 0.942731 0.792952 0.947137 0.788546 0.951542 0.788546 0.955947 0.797357 0.964758 0.806167 0.955947 0.806167 0.951542 0.810573 0.947137 0.810573 0.942731 0.819383 0.933921 0.823789 0.933921 0.832599 0.925110 0.837004 0.925110
0 0.396476 0.907489 0.396476 0.920705 0.400881 0.920705 0.405286 0.925110 0.409692 0.925110 0.422908 0.938326 0.431718 0.938326 0.440529 0.929515 0.436123 0.925110 0.431718 0.925110 0.422908 0.916300 0.422908 0.907489 0.418502 0.903084 0.400881 0.903084
0 0.348018 0.898678 0.339207 0.907489 0.334802 0.907489 0.330396 0.911894 0.325991 0.911894 0.321586 0.916300 0.317181 0.916300 0.308370 0.925110 0.312775 0.929515 0.321586 0.929515 0.330396 0.920705 0.334802 0.920705 0.339207 0.916300 0.343612 0.916300 0.348018 0.920705 0.352423 0.920705 0.356828 0.925110 0.356828 0.933921 0.352423 0.938326 0.352423 0.942731 0.348018 0.947137 0.348018 0.951542 0.352423 0.955947 0.356828 0.955947 0.365639 0.947137 0.365639 0.938326 0.378855 0.925110 0.378855 0.920705 0.374449 0.920705 0.370044 0.916300 0.365639 0.916300 0.361233 0.911894 0.361233 0.907489 0.352423 0.898678
0 0.696035 0.925110 0.700441 0.929515 0.700441 0.933921 0.709251 0.942731 0.718062 0.942731 0.722467 0.938326 0.726872 0.938326 0.731278 0.933921 0.735683 0.938326 0.740088 0.938326 0.753304 0.951542 0.762115 0.951542 0.766520 0.947137 0.757709 0.938326 0.753304 0.938326 0.748899 0.933921 0.748899 0.911894 0.753304 0.907489 0.753304 0.903084 0.757709 0.898678 0.748899 0.889868 0.744493 0.889868 0.740088 0.894273 0.740088 0.898678 0.735683 0.903084 0.735683 0.907489 0.726872 0.916300 0.722467 0.916300 0.718062 0.920705 0.704846 0.920705 0.700441 0.925110
0 0.682819 0.925110 0.678414 0.925110 0.665198 0.911894 0.665198 0.894273 0.660793 0.889868 0.656388 0.894273 0.656388 0.898678 0.651982 0.903084 0.647577 0.903084 0.643172 0.907489 0.638767 0.903084 0.634361 0.903084 0.625551 0.894273 0.616740 0.894273 0.612335 0.898678 0.612335 0.903084 0.616740 0.907489 0.625551 0.907489 0.629956 0.903084 0.638767 0.903084 0.643172 0.907489 0.647577 0.907489 0.651982 0.911894 0.651982 0.920705 0.647577 0.925110 0.643172 0.925110 0.638767 0.929515 0.634361 0.929515 0.629956 0.933921 0.616740 0.933921 0.612335 0.929515 0.607930 0.933921 0.612335 0.938326 0.616740 0.933921 0.621145 0.938326 0.625551 0.938326 0.629956 0.942731 0.638767 0.942731 0.643172 0.938326 0.643172 0.933921 0.647577 0.929515 0.651982 0.929515 0.656388 0.925110 0.660793 0.925110 0.665198 0.929515 0.674009 0.929515 0.678414 0.925110
0 0.237885 0.889868 0.237885 0.898678 0.246696 0.907489 0.255507 0.907489 0.259912 0.903084 0.264317 0.903084 0.268722 0.898678 0.273128 0.903084 0.277533 0.903084 0.281938 0.907489 0.286344 0.907489 0.290749 0.903084 0.286344 0.898678 0.281938 0.898678 0.277533 0.903084 0.273128 0.898678 0.268722 0.898678 0.264317 0.894273 0.264317 0.889868 0.255507 0.881057 0.246696 0.881057
0 0.907489 0.859031 0.907489 0.867841 0.911894 0.872247 0.938326 0.872247 0.942731 0.867841 0.942731 0.859031 0.938326 0.854626 0.911894 0.854626
0 0.955947 0.841410 0.960352 0.845815 0.969163 0.845815 0.973568 0.850220 0.977974 0.850220 0.982379 0.854626 0.986784 0.854626 0.991189 0.859031 0.995595 0.859031 0.995595 0.841410 0.991189 0.837004 0.986784 0.837004 0.982379 0.832599 0.969163 0.832599 0.964758 0.837004 0.960352 0.837004
0 0.317181 0.806167 0.317181 0.814978 0.321586 0.819383 0.325991 0.819383 0.330396 0.823789 0.334802 0.823789 0.339207 0.828194 0.339207 0.837004 0.334802 0.841410 0.334802 0.845815 0.339207 0.850220 0.348018 0.850220 0.352423 0.845815 0.361233 0.845815 0.365639 0.841410 0.378855 0.841410 0.396476 0.823789 0.387665 0.814978 0.383260 0.814978 0.378855 0.819383 0.374449 0.819383 0.370044 0.823789 0.365639 0.823789 0.361233 0.828194 0.348018 0.828194 0.343612 0.823789 0.339207 0.823789 0.334802 0.819383 0.334802 0.806167 0.330396 0.801762 0.321586 0.801762
0 0.885463 0.792952 0.867841 0.792952 0.863436 0.797357 0.863436 0.806167 0.867841 0.810573 0.872247 0.810573 0.876652 0.814978 0.876652 0.828194 0.867841 0.837004 0.867841 0.854626 0.863436 0.859031 0.859031 0.859031 0.854626 0.863436 0.850220 0.863436 0.845815 0.867841 0.845815 0.876652 0.854626 0.885463 0.859031 0.885463 0.863436 0.881057 0.863436 0.859031 0.872247 0.850220 0.876652 0.850220 0.881057 0.845815 0.881057 0.832599 0.876652 0.828194 0.876652 0.819383 0.885463 0.810573 0.885463 0.806167 0.889868 0.801762 0.889868 0.797357
0 0.784141 0.788546 0.784141 0.806167 0.797357 0.819383 0.801762 0.814978 0.806167 0.819383 0.810573 0.819383 0.819383 0.828194 0.819383 0.832599 0.828194 0.841410 0.832599 0.841410 0.841410 0.832599 0.841410 0.823789 0.837004 0.819383 0.828194 0.819383 0.823789 0.814978 0.819383 0.814978 0.806167 0.801762 0.806167 0.792952 0.797357 0.784141 0.792952 0.784141 0.788546 0.788546
0 0.405286 0.788546 0.405286 0.792952 0.409692 0.797357 0.414097 0.797357 0.422908 0.806167 0.427313 0.806167 0.431718 0.810573 0.444934 0.797357 0.444934 0.792952 0.440529 0.788546 0.431718 0.788546 0.427313 0.784141 0.409692 0.784141
0 0.762115 0.775330 0.757709 0.775330 0.753304 0.770925 0.748899 0.770925 0.748899 0.775330 0.735683 0.788546 0.731278 0.788546 0.726872 0.792952 0.722467 0.792952 0.718062 0.797357 0.718062 0.810573 0.722467 0.814978 0.722467 0.828194 0.718062 0.832599 0.713656 0.832599 0.704846 0.841410 0.704846 0.845815 0.709251 0.850220 0.713656 0.850220 0.722467 0.841410 0.722467 0.832599 0.740088 0.814978 0.740088 0.806167 0.735683 0.801762 0.735683 0.792952 0.740088 0.788546 0.744493 0.788546 0.748899 0.784141 0.762115 0.784141 0.766520 0.779736
0 0.889868 0.735683 0.889868 0.740088 0.894273 0.744493 0.907489 0.744493 0.911894 0.748899 0.916300 0.748899 0.925110 0.757709 0.933921 0.748899 0.925110 0.740088 0.925110 0.726872 0.920705 0.722467 0.907489 0.722467 0.903084 0.726872 0.898678 0.726872
0 0.484582 0.722467 0.475771 0.731278 0.475771 0.744493 0.480176 0.748899 0.480176 0.757709 0.471366 0.766520 0.466960 0.766520 0.462555 0.770925 0.471366 0.779736 0.475771 0.779736 0.480176 0.775330 0.475771 0.770925 0.475771 0.762115 0.484582 0.753304 0.488987 0.753304 0.493392 0.748899 0.493392 0.731278
0 0.634361 0.726872 0.616740 0.735683 0.607930 0.731278 0.594714 0.713656 0.568282 0.726872 0.555066 0.718062 0.537445 0.713656 0.537445 0.722467 0.524229 0.735683 0.524229 0.744493 0.528634 0.748899 0.541850 0.740088 0.559471 0.740088 0.572687 0.731278 0.585903 0.740088 0.585903 0.753304 0.577093 0.762115 0.572687 0.779736 0.559471 0.788546 0.550661 0.784141 0.541850 0.770925 0.528634 0.788546 0.493392 0.806167 0.484582 0.801762 0.471366 0.801762 0.462555 0.814978 0.462555 0.823789 0.449339 0.837004 0.449339 0.845815 0.458150 0.859031 0.458150 0.872247 0.449339 0.885463 0.480176 0.911894 0.497797 0.911894 0.511013 0.920705 0.533040 0.907489 0.533040 0.898678 0.524229 0.885463 0.493392 0.898678 0.458150 0.872247 0.458150 0.859031 0.466960 0.837004 0.462555 0.832599 0.462555 0.823789 0.475771 0.814978 0.506608 0.823789 0.511013 0.814978 0.541850 0.788546 0.555066 0.797357 0.555066 0.814978 0.559471 0.819383 0.563877 0.819383 0.563877 0.810573 0.572687 0.797357 0.581498 0.792952 0.594714 0.797357 0.607930 0.814978 0.607930 0.828194 0.612335 0.832599 0.616740 0.828194 0.612335 0.823789 0.612335 0.810573 0.625551 0.797357 0.625551 0.792952 0.621145 0.788546 0.603524 0.797357 0.590308 0.788546 0.590308 0.753304 0.612335 0.740088 0.625551 0.744493 0.634361 0.753304 0.643172 0.748899
0 0.995595 0.696035 0.977974 0.696035 0.960352 0.713656 0.955947 0.713656 0.951542 0.718062 0.955947 0.722467 0.960352 0.718062 0.969163 0.718062 0.973568 0.722467 0.977974 0.718062 0.982379 0.718062 0.986784 0.713656 0.991189 0.713656 0.995595 0.709251
0 0.123348 0.696035 0.123348 0.700441 0.127753 0.704846 0.136564 0.704846 0.140969 0.709251 0.145374 0.709251 0.154185 0.700441 0.158590 0.700441 0.158590 0.696035 0.149780 0.687225 0.136564 0.687225 0.132159 0.691630 0.127753 0.691630
0 0.475771 0.691630 0.475771 0.696035 0.480176 0.696035 0.488987 0.704846 0.497797 0.704846 0.502203 0.700441 0.506608 0.700441 0.511013 0.696035 0.515419 0.696035 0.519824 0.700441 0.524229 0.700441 0.528634 0.704846 0.533040 0.704846 0.533040 0.700441 0.528634 0.696035 0.524229 0.700441 0.519824 0.696035 0.515419 0.696035 0.506608 0.687225 0.502203 0.687225 0.497797 0.682819 0.488987 0.682819 0.480176 0.691630
0 0.995595 0.607930 0.991189 0.607930 0.986784 0.603524 0.982379 0.603524 0.977974 0.599119 0.973568 0.599119 0.973568 0.621145 0.969163 0.625551 0.964758 0.625551 0.960352 0.629956 0.955947 0.629956 0.951542 0.625551 0.947137 0.629956 0.942731 0.629956 0.938326 0.634361 0.938326 0.656388 0.933921 0.660793 0.929515 0.660793 0.925110 0.665198 0.925110 0.678414 0.929515 0.682819 0.938326 0.682819 0.942731 0.678414 0.942731 0.674009 0.947137 0.669604 0.942731 0.665198 0.942731 0.656388 0.964758 0.634361 0.964758 0.629956 0.969163 0.625551 0.973568 0.625551 0.977974 0.621145 0.982379 0.621145 0.986784 0.625551 0.991189 0.621145 0.995595 0.621145
0 0.731278 0.603524 0.731278 0.607930 0.726872 0.612335 0.740088 0.621145 0.740088 0.634361 0.753304 0.647577 0.762115 0.647577 0.766520 0.651982 0.779736 0.651982 0.784141 0.656388 0.792952 0.656388 0.797357 0.660793 0.801762 0.660793 0.806167 0.665198 0.810573 0.665198 0.814978 0.669604 0.819383 0.669604 0.832599 0.682819 0.845815 0.669604 0.845815 0.665198 0.859031 0.656388 0.872247 0.665198 0.872247 0.678414 0.867841 0.682819 0.872247 0.687225 0.872247 0.704846 0.876652 0.709251 0.885463 0.709251 0.898678 0.700441 0.885463 0.687225 0.885463 0.678414 0.898678 0.665198 0.898678 0.660793 0.889868 0.651982 0.885463 0.651982 0.872247 0.660793 0.867841 0.656388 0.863436 0.656388 0.859031 0.651982 0.859031 0.647577 0.850220 0.634361 0.850220 0.625551 0.841410 0.616740 0.837004 0.621145 0.837004 0.629956 0.841410 0.634361 0.841410 0.647577 0.828194 0.656388 0.814978 0.647577 0.814978 0.638767 0.810573 0.634361 0.806167 0.634361 0.792952 0.625551 0.792952 0.612335 0.797357 0.607930 0.797357 0.599119 0.792952 0.594714 0.784141 0.603524 0.784141 0.612335 0.775330 0.621145 0.770925 0.621145 0.766520 0.625551 0.753304 0.616740 0.753304 0.594714 0.744493 0.585903 0.740088 0.590308 0.740088 0.594714
0 0.863436 0.585903 0.867841 0.590308 0.872247 0.590308 0.876652 0.594714 0.881057 0.594714 0.885463 0.599119 0.885463 0.607930 0.876652 0.616740 0.881057 0.621145 0.885463 0.616740 0.885463 0.607930 0.889868 0.603524 0.894273 0.603524 0.898678 0.599119 0.907489 0.599119 0.911894 0.594714 0.916300 0.594714 0.920705 0.590308 0.925110 0.594714 0.929515 0.590308 0.925110 0.585903 0.920705 0.585903 0.916300 0.581498 0.911894 0.581498 0.907489 0.585903 0.903084 0.581498 0.894273 0.581498 0.889868 0.577093 0.872247 0.577093
0 0.185022 0.555066 0.180617 0.559471 0.176211 0.559471 0.167401 0.568282 0.176211 0.577093 0.176211 0.585903 0.171806 0.590308 0.167401 0.590308 0.162996 0.594714 0.162996 0.599119 0.158590 0.603524 0.158590 0.607930 0.149780 0.616740 0.149780 0.621145 0.145374 0.625551 0.140969 0.625551 0.136564 0.629956 0.132159 0.625551 0.127753 0.625551 0.123348 0.621145 0.110132 0.634361 0.105727 0.634361 0.101322 0.638767 0.096916 0.638767 0.092511 0.643172 0.088106 0.643172 0.083700 0.647577 0.092511 0.656388 0.092511 0.669604 0.088106 0.674009 0.088106 0.682819 0.092511 0.687225 0.096916 0.682819 0.096916 0.665198 0.101322 0.660793 0.105727 0.660793 0.114537 0.651982 0.118943 0.651982 0.123348 0.647577 0.123348 0.643172 0.127753 0.638767 0.127753 0.634361 0.132159 0.629956 0.136564 0.629956 0.140969 0.625551 0.145374 0.629956 0.149780 0.629956 0.158590 0.638767 0.162996 0.638767 0.167401 0.643172 0.167401 0.651982 0.162996 0.656388 0.162996 0.665198 0.167401 0.669604 0.180617 0.669604 0.189427 0.660793 0.189427 0.651982 0.180617 0.643172 0.176211 0.647577 0.171806 0.643172 0.167401 0.643172 0.162996 0.638767 0.162996 0.612335 0.167401 0.607930 0.171806 0.607930 0.176211 0.603524 0.180617 0.603524 0.185022 0.599119 0.185022 0.581498 0.189427 0.577093 0.189427 0.559471
0 0.000000 0.563877 0.000000 0.581498 0.004405 0.581498 0.008811 0.585903 0.013216 0.585903 0.022026 0.594714 0.026432 0.594714 0.030837 0.599119 0.039648 0.599119 0.044053 0.594714 0.048458 0.594714 0.052863 0.590308 0.057269 0.590308 0.061674 0.594714 0.066079 0.594714 0.070485 0.599119 0.074890 0.599119 0.079295 0.594714 0.083700 0.594714 0.088106 0.590308 0.101322 0.590308 0.105727 0.594714 0.110132 0.594714 0.114537 0.590308 0.110132 0.585903 0.105727 0.585903 0.092511 0.572687 0.092511 0.568282 0.088106 0.563877 0.066079 0.585903 0.061674 0.585903 0.057269 0.590308 0.052863 0.590308 0.048458 0.585903 0.044053 0.585903 0.039648 0.581498 0.039648 0.572687 0.052863 0.559471 0.052863 0.524229 0.044053 0.515419 0.039648 0.519824 0.039648 0.572687 0.035242 0.577093 0.030837 0.577093 0.026432 0.581498 0.022026 0.577093 0.017621 0.577093 0.013216 0.572687 0.013216 0.568282 0.008811 0.563877
0 0.546256 0.515419 0.541850 0.515419 0.533040 0.506608 0.528634 0.511013 0.519824 0.511013 0.515419 0.515419 0.511013 0.515419 0.506608 0.519824 0.502203 0.519824 0.515419 0.533040 0.528634 0.533040 0.541850 0.519824 0.546256 0.519824
0 0.074890 0.519824 0.079295 0.524229 0.079295 0.528634 0.083700 0.533040 0.083700 0.537445 0.092511 0.546256 0.101322 0.546256 0.105727 0.541850 0.132159 0.541850 0.136564 0.537445 0.140969 0.537445 0.145374 0.533040 0.149780 0.533040 0.158590 0.524229 0.158590 0.515419 0.154185 0.511013 0.149780 0.511013 0.140969 0.519824 0.136564 0.519824 0.132159 0.524229 0.127753 0.524229 0.123348 0.528634 0.118943 0.528634 0.114537 0.533040 0.110132 0.528634 0.105727 0.528634 0.101322 0.524229 0.101322 0.515419 0.105727 0.511013 0.101322 0.506608 0.096916 0.511013 0.092511 0.511013 0.088106 0.515419 0.079295 0.515419
0 0.202643 0.506608 0.202643 0.511013 0.207048 0.515419 0.220264 0.515419 0.224670 0.519824 0.229075 0.519824 0.233480 0.524229 0.233480 0.533040 0.229075 0.537445 0.224670 0.537445 0.220264 0.541850 0.224670 0.546256 0.246696 0.546256 0.251101 0.541850 0.255507 0.541850 0.264317 0.533040 0.268722 0.533040 0.259912 0.524229 0.251101 0.524229 0.246696 0.519824 0.242291 0.519824 0.237885 0.515419 0.237885 0.506608 0.233480 0.502203 0.224670 0.502203 0.220264 0.506608 0.215859 0.502203 0.211454 0.506608 0.207048 0.502203
0 0.048458 0.484582 0.044053 0.480176 0.039648 0.480176 0.035242 0.484582 0.030837 0.480176 0.026432 0.484582 0.022026 0.484582 0.017621 0.488987 0.013216 0.488987 0.008811 0.493392 0.004405 0.488987 0.000000 0.488987 0.000000 0.511013 0.004405 0.506608 0.017621 0.506608 0.022026 0.502203 0.022026 0.497797 0.026432 0.493392 0.030837 0.493392 0.035242 0.488987 0.044053 0.488987
0 0.977974 0.519824 0.973568 0.515419 0.964758 0.515419 0.955947 0.528634 0.955947 0.537445 0.942731 0.546256 0.938326 0.541850 0.929515 0.541850 0.925110 0.546256 0.911894 0.550661 0.907489 0.546256 0.903084 0.546256 0.894273 0.537445 0.894273 0.524229 0.898678 0.519824 0.903084 0.519824 0.911894 0.511013 0.916300 0.511013 0.920705 0.506608 0.925110 0.506608 0.929515 0.511013 0.933921 0.511013 0.938326 0.506608 0.938326 0.502203 0.933921 0.497797 0.933921 0.484582 0.938326 0.480176 0.938326 0.471366 0.933921 0.466960 0.925110 0.480176 0.925110 0.497797 0.920705 0.502203 0.920705 0.506608 0.907489 0.515419 0.903084 0.511013 0.898678 0.511013 0.894273 0.515419 0.894273 0.524229 0.889868 0.528634 0.885463 0.528634 0.872247 0.537445 0.863436 0.537445 0.859031 0.541850 0.854626 0.541850 0.850220 0.537445 0.823789 0.555066 0.810573 0.546256 0.810573 0.524229 0.806167 0.519824 0.801762 0.519824 0.792952 0.528634 0.797357 0.533040 0.797357 0.546256 0.810573 0.555066 0.810573 0.563877 0.819383 0.572687 0.832599 0.572687 0.837004 0.568282 0.841410 0.568282 0.854626 0.555066 0.859031 0.555066 0.863436 0.550661 0.881057 0.550661 0.885463 0.546256 0.894273 0.546256 0.898678 0.541850 0.911894 0.550661 0.911894 0.555066 0.920705 0.563877 0.920705 0.568282 0.933921 0.559471 0.951542 0.559471 0.955947 0.555066 0.951542 0.550661 0.951542 0.541850 0.964758 0.533040 0.973568 0.533040 0.977974 0.528634
0 0.634361 0.449339 0.629956 0.444934 0.625551 0.444934 0.621145 0.440529 0.616740 0.440529 0.612335 0.436123 0.599119 0.436123 0.594714 0.440529 0.594714 0.444934 0.590308 0.449339 0.585903 0.449339 0.581498 0.453745 0.577093 0.453745 0.572687 0.449339 0.568282 0.449339 0.563877 0.444934 0.559471 0.449339 0.559471 0.453745 0.555066 0.458150 0.555066 0.471366 0.550661 0.475771 0.546256 0.475771 0.550661 0.475771 0.559471 0.484582 0.568282 0.475771 0.572687 0.475771 0.577093 0.471366 0.581498 0.471366 0.599119 0.453745 0.603524 0.453745 0.607930 0.449339 0.612335 0.453745 0.616740 0.453745 0.625551 0.462555 0.629956 0.462555 0.634361 0.458150
0 0.083700 0.436123 0.079295 0.440529 0.079295 0.444934 0.074890 0.449339 0.074890 0.462555 0.079295 0.466960 0.092511 0.466960 0.096916 0.462555 0.096916 0.449339 0.092511 0.444934 0.092511 0.440529 0.088106 0.436123
0 0.555066 0.414097 0.550661 0.409692 0.541850 0.409692 0.537445 0.414097 0.537445 0.418502 0.533040 0.422908 0.528634 0.422908 0.524229 0.427313 0.519824 0.422908 0.515419 0.422908 0.506608 0.414097 0.497797 0.414097 0.493392 0.418502 0.488987 0.418502 0.480176 0.427313 0.480176 0.431718 0.471366 0.440529 0.471366 0.462555 0.475771 0.466960 0.480176 0.466960 0.484582 0.471366 0.493392 0.471366 0.497797 0.466960 0.502203 0.471366 0.506608 0.471366 0.515419 0.480176 0.524229 0.480176 0.528634 0.475771 0.533040 0.475771 0.528634 0.475771 0.519824 0.466960 0.515419 0.466960 0.511013 0.462555 0.511013 0.458150 0.506608 0.453745 0.506608 0.444934 0.515419 0.436123 0.519824 0.436123 0.524229 0.431718 0.528634 0.431718 0.533040 0.436123 0.537445 0.436123 0.546256 0.427313 0.546256 0.422908
0 0.096916 0.392070 0.096916 0.409692 0.101322 0.414097 0.105727 0.414097 0.110132 0.418502 0.114537 0.418502 0.118943 0.422908 0.118943 0.431718 0.123348 0.436123 0.123348 0.453745 0.127753 0.458150 0.136564 0.449339 0.136564 0.440529 0.140969 0.436123 0.140969 0.431718 0.145374 0.427313 0.149780 0.427313 0.154185 0.422908 0.158590 0.427313 0.162996 0.427313 0.171806 0.436123 0.176211 0.436123 0.180617 0.440529 0.185022 0.440529 0.189427 0.444934 0.193833 0.444934 0.198238 0.440529 0.202643 0.440529 0.207048 0.444934 0.211454 0.444934 0.215859 0.449339 0.215859 0.453745 0.220264 0.458150 0.224670 0.458150 0.229075 0.462555 0.229075 0.466960 0.251101 0.488987 0.255507 0.488987 0.259912 0.493392 0.273128 0.493392 0.277533 0.497797 0.286344 0.497797 0.295154 0.488987 0.286344 0.480176 0.281938 0.480176 0.277533 0.484582 0.268722 0.484582 0.264317 0.480176 0.259912 0.480176 0.251101 0.471366 0.251101 0.466960 0.246696 0.462555 0.246696 0.458150 0.242291 0.453745 0.242291 0.449339 0.237885 0.444934 0.224670 0.444934 0.220264 0.449339 0.215859 0.444934 0.211454 0.444934 0.207048 0.440529 0.207048 0.431718 0.198238 0.422908 0.189427 0.422908 0.185022 0.418502 0.180617 0.418502 0.176211 0.414097 0.171806 0.414097 0.167401 0.409692 0.158590 0.409692 0.149780 0.418502 0.145374 0.418502 0.140969 0.422908 0.136564 0.418502 0.132159 0.418502 0.127753 0.414097 0.123348 0.414097 0.118943 0.409692 0.118943 0.405286 0.110132 0.396476 0.110132 0.392070 0.105727 0.387665 0.101322 0.387665
0 0.167401 0.361233 0.162996 0.356828 0.158590 0.356828 0.154185 0.352423 0.149780 0.352423 0.136564 0.365639 0.136564 0.374449 0.140969 0.378855 0.149780 0.378855 0.154185 0.374449 0.158590 0.374449 0.162996 0.370044 0.167401 0.370044
0 0.330396 0.348018 0.325991 0.352423 0.321586 0.352423 0.317181 0.356828 0.312775 0.356828 0.303965 0.365639 0.303965 0.374449 0.290749 0.387665 0.290749 0.392070 0.286344 0.396476 0.281938 0.396476 0.277533 0.400881 0.264317 0.400881 0.259912 0.396476 0.255507 0.400881 0.259912 0.405286 0.264317 0.405286 0.277533 0.418502 0.277533 0.427313 0.281938 0.431718 0.286344 0.431718 0.290749 0.427313 0.290749 0.418502 0.295154 0.414097 0.295154 0.400881 0.303965 0.392070 0.303965 0.387665 0.308370 0.383260 0.312775 0.383260 0.317181 0.378855 0.321586 0.378855 0.325991 0.374449 0.330396 0.374449 0.334802 0.370044 0.334802 0.352423
0 0.409692 0.339207 0.400881 0.348018 0.400881 0.352423 0.405286 0.356828 0.409692 0.356828 0.414097 0.361233 0.414097 0.365639 0.418502 0.370044 0.422908 0.370044 0.427313 0.374449 0.431718 0.374449 0.440529 0.365639 0.440529 0.361233 0.436123 0.356828 0.436123 0.348018 0.431718 0.343612 0.422908 0.343612 0.418502 0.339207
0 0.995595 0.325991 0.955947 0.343612 0.929515 0.321586 0.762115 0.422908 0.735683 0.400881 0.722467 0.414097 0.744493 0.436123 0.722467 0.453745 0.704846 0.427313 0.651982 0.511013 0.599119 0.524229 0.572687 0.506608 0.555066 0.519824 0.572687 0.546256 0.449339 0.590308 0.405286 0.559471 0.444934 0.533040 0.392070 0.524229 0.387665 0.559471 0.312775 0.537445 0.321586 0.515419 0.365639 0.506608 0.348018 0.466960 0.383260 0.471366 0.444934 0.431718 0.352423 0.449339 0.321586 0.475771 0.330396 0.497797 0.281938 0.533040 0.286344 0.599119 0.251101 0.616740 0.295154 0.625551 0.370044 0.572687 0.405286 0.572687 0.427313 0.599119 0.387665 0.643172 0.356828 0.625551 0.356828 0.665198 0.321586 0.651982 0.246696 0.700441 0.220264 0.682819 0.207048 0.731278 0.140969 0.766520 0.066079 0.709251 0.052863 0.674009 0.048458 0.700441 0.101322 0.748899 0.101322 0.814978 0.083700 0.832599 0.057269 0.779736 0.035242 0.784141 0.070485 0.850220 0.022026 0.859031 0.057269 0.894273 0.000000 0.920705 0.000000 0.995595 0.070485 0.964758 0.105727 0.920705 0.123348 0.938326 0.110132 0.907489 0.136564 0.867841 0.171806 0.894273 0.162996 0.832599 0.211454 0.863436 0.290749 0.841410 0.281938 0.814978 0.233480 0.850220 0.185022 0.828194 0.246696 0.762115 0.273128 0.766520 0.246696 0.810573 0.290749 0.784141 0.277533 0.753304 0.295154 0.735683 0.352423 0.788546 0.365639 0.757709 0.348018 0.731278 0.427313 0.731278 0.427313 0.691630 0.466960 0.696035 0.440529 0.678414 0.449339 0.656388 0.488987 0.665198 0.493392 0.643172 0.537445 0.629956 0.555066 0.643172 0.599119 0.599119 0.625551 0.638767 0.577093 0.651982 0.616740 0.656388 0.621145 0.691630 0.647577 0.656388 0.691630 0.704846 0.753304 0.722467 0.722467 0.753304 0.665198 0.753304 0.665198 0.788546 0.687225 0.757709 0.744493 0.762115 0.770925 0.731278 0.814978 0.740088 0.810573 0.718062 0.740088 0.696035 0.757709 0.669604 0.713656 0.696035 0.678414 0.674009 0.682819 0.638767 0.647577 0.656388 0.629956 0.634361 0.687225 0.612335 0.678414 0.568282 0.718062 0.568282 0.696035 0.541850 0.718062 0.497797 0.757709 0.502203 0.819383 0.458150 0.859031 0.458150 0.881057 0.427313 0.907489 0.453745 0.898678 0.418502 0.995595 0.365639
0 0.211454 0.303965 0.202643 0.312775 0.202643 0.317181 0.211454 0.325991 0.211454 0.339207 0.202643 0.348018 0.198238 0.348018 0.193833 0.352423 0.198238 0.356828 0.211454 0.356828 0.215859 0.361233 0.224670 0.361233 0.229075 0.365639 0.233480 0.365639 0.237885 0.370044 0.237885 0.374449 0.242291 0.378855 0.251101 0.378855 0.259912 0.370044 0.255507 0.365639 0.242291 0.365639 0.237885 0.361233 0.233480 0.361233 0.229075 0.356828 0.229075 0.352423 0.224670 0.348018 0.224670 0.330396 0.229075 0.325991 0.229075 0.321586 0.224670 0.317181 0.224670 0.308370 0.220264 0.303965
0 0.035242 0.303965 0.030837 0.303965 0.026432 0.308370 0.022026 0.308370 0.026432 0.308370 0.030837 0.312775 0.035242 0.312775 0.039648 0.317181 0.039648 0.330396 0.048458 0.339207 0.048458 0.348018 0.035242 0.361233 0.035242 0.365639 0.039648 0.370044 0.039648 0.378855 0.044053 0.383260 0.044053 0.392070 0.035242 0.400881 0.030837 0.400881 0.026432 0.405286 0.022026 0.400881 0.017621 0.400881 0.013216 0.396476 0.013216 0.392070 0.004405 0.383260 0.000000 0.383260 0.000000 0.400881 0.004405 0.400881 0.008811 0.405286 0.013216 0.405286 0.017621 0.409692 0.017621 0.422908 0.013216 0.427313 0.008811 0.427313 0.004405 0.431718 0.000000 0.427313 0.000000 0.444934 0.004405 0.444934 0.008811 0.440529 0.022026 0.440529 0.057269 0.405286 0.061674 0.405286 0.066079 0.400881 0.066079 0.392070 0.061674 0.387665 0.061674 0.374449 0.057269 0.370044 0.057269 0.356828 0.048458 0.348018 0.048458 0.339207 0.057269 0.330396 0.044053 0.317181 0.044053 0.312775
0 0.462555 0.286344 0.453745 0.295154 0.453745 0.312775 0.458150 0.317181 0.462555 0.317181 0.466960 0.321586 0.466960 0.339207 0.471366 0.343612 0.475771 0.339207 0.475771 0.325991 0.480176 0.321586 0.475771 0.317181 0.475771 0.303965 0.471366 0.299559 0.471366 0.290749 0.466960 0.286344
0 0.814978 0.281938 0.810573 0.281938 0.792952 0.299559 0.797357 0.303965 0.801762 0.303965 0.806167 0.299559 0.810573 0.303965 0.814978 0.303965 0.819383 0.308370 0.819383 0.317181 0.810573 0.325991 0.810573 0.334802 0.806167 0.339207 0.801762 0.339207 0.797357 0.343612 0.792952 0.343612 0.788546 0.348018 0.788546 0.365639 0.797357 0.374449 0.801762 0.370044 0.801762 0.361233 0.810573 0.352423 0.814978 0.352423 0.819383 0.348018 0.837004 0.348018 0.841410 0.343612 0.841410 0.339207 0.845815 0.334802 0.841410 0.330396 0.841410 0.325991 0.837004 0.321586 0.837004 0.317181 0.832599 0.312775 0.828194 0.312775 0.823789 0.308370 0.823789 0.299559 0.832599 0.290749 0.828194 0.286344 0.819383 0.286344
0 0.493392 0.277533 0.497797 0.281938 0.497797 0.286344 0.502203 0.290749 0.519824 0.290749 0.524229 0.295154 0.541850 0.295154 0.546256 0.299559 0.550661 0.299559 0.559471 0.308370 0.563877 0.308370 0.568282 0.312775 0.577093 0.303965 0.577093 0.295154 0.572687 0.290749 0.559471 0.290749 0.555066 0.286344 0.550661 0.286344 0.541850 0.277533 0.537445 0.281938 0.533040 0.277533 0.528634 0.281938 0.519824 0.281938 0.515419 0.277533 0.511013 0.277533 0.502203 0.268722
0 0.713656 0.268722 0.700441 0.255507 0.691630 0.268722 0.691630 0.286344 0.696035 0.290749 0.696035 0.308370 0.700441 0.312775 0.700441 0.325991 0.704846 0.330396 0.704846 0.339207 0.682819 0.356828 0.678414 0.356828 0.674009 0.361233 0.669604 0.356828 0.665198 0.356828 0.643172 0.334802 0.643172 0.321586 0.656388 0.312775 0.656388 0.299559 0.651982 0.295154 0.643172 0.295154 0.638767 0.299559 0.638767 0.321586 0.629956 0.330396 0.629956 0.334802 0.643172 0.348018 0.643172 0.356828 0.638767 0.361233 0.634361 0.361233 0.629956 0.365639 0.616740 0.361233 0.612335 0.365639 0.599119 0.365639 0.585903 0.374449 0.581498 0.374449 0.577093 0.370044 0.572687 0.374449 0.568282 0.374449 0.563877 0.370044 0.559471 0.370044 0.555066 0.365639 0.555066 0.361233 0.546256 0.352423 0.533040 0.348018 0.524229 0.339207 0.519824 0.343612 0.519824 0.365639 0.528634 0.374449 0.533040 0.374449 0.537445 0.378855 0.541850 0.374449 0.555066 0.370044 0.559471 0.374449 0.563877 0.374449 0.572687 0.383260 0.577093 0.383260 0.590308 0.374449 0.594714 0.374449 0.599119 0.378855 0.607930 0.378855 0.612335 0.383260 0.621145 0.383260 0.629956 0.374449 0.634361 0.374449 0.638767 0.370044 0.643172 0.370044 0.665198 0.383260 0.674009 0.383260 0.678414 0.378855 0.682819 0.365639 0.691630 0.356828 0.696035 0.356828 0.704846 0.348018 0.709251 0.348018 0.722467 0.339207 0.722467 0.330396 0.709251 0.317181 0.709251 0.303965 0.704846 0.299559 0.704846 0.290749 0.713656 0.281938
0 0.281938 0.255507 0.277533 0.259912 0.277533 0.268722 0.273128 0.273128 0.273128 0.281938 0.268722 0.286344 0.277533 0.295154 0.281938 0.295154 0.295154 0.281938 0.295154 0.264317 0.290749 0.259912 0.286344 0.259912
0 0.114537 0.251101 0.110132 0.251101 0.105727 0.255507 0.105727 0.259912 0.101322 0.264317 0.096916 0.264317 0.092511 0.268722 0.088106 0.264317 0.083700 0.268722 0.074890 0.268722 0.070485 0.273128 0.083700 0.286344 0.088106 0.286344 0.096916 0.295154 0.096916 0.303965 0.092511 0.308370 0.092511 0.325991 0.101322 0.334802 0.105727 0.334802 0.110132 0.330396 0.110132 0.325991 0.114537 0.321586 0.110132 0.317181 0.110132 0.308370 0.096916 0.295154 0.096916 0.286344 0.105727 0.277533 0.110132 0.277533 0.118943 0.268722 0.118943 0.264317 0.123348 0.259912
0 0.577093 0.229075 0.572687 0.233480 0.572687 0.237885 0.577093 0.242291 0.585903 0.242291 0.590308 0.246696 0.594714 0.246696 0.599119 0.251101 0.599119 0.273128 0.607930 0.281938 0.616740 0.281938 0.621145 0.277533 0.621145 0.264317 0.607930 0.251101 0.607930 0.237885 0.599119 0.229075
0 0.255507 0.233480 0.251101 0.229075 0.246696 0.229075 0.242291 0.233480 0.237885 0.233480 0.233480 0.237885 0.229075 0.237885 0.224670 0.242291 0.224670 0.251101 0.220264 0.255507 0.220264 0.259912 0.215859 0.264317 0.211454 0.264317 0.207048 0.268722 0.202643 0.264317 0.198238 0.264317 0.180617 0.246696 0.176211 0.251101 0.171806 0.251101 0.171806 0.255507 0.176211 0.259912 0.176211 0.273128 0.167401 0.281938 0.167401 0.286344 0.162996 0.290749 0.162996 0.295154 0.154185 0.303965 0.154185 0.308370 0.158590 0.312775 0.162996 0.308370 0.167401 0.312775 0.171806 0.312775 0.176211 0.308370 0.176211 0.295154 0.202643 0.268722 0.207048 0.268722 0.211454 0.264317 0.220264 0.264317 0.224670 0.268722 0.229075 0.268722 0.233480 0.264317 0.237885 0.264317 0.242291 0.259912 0.242291 0.255507 0.246696 0.251101 0.246696 0.246696 0.251101 0.242291 0.251101 0.237885
0 0.687225 0.202643 0.682819 0.207048 0.682819 0.211454 0.687225 0.215859 0.687225 0.220264 0.691630 0.224670 0.691630 0.229075 0.696035 0.233480 0.700441 0.233480 0.704846 0.229075 0.704846 0.224670 0.709251 0.220264 0.709251 0.215859 0.713656 0.211454 0.709251 0.207048 0.704846 0.207048 0.700441 0.202643
0 0.563877 0.207048 0.559471 0.202643 0.546256 0.215859 0.541850 0.215859 0.537445 0.220264 0.528634 0.220264 0.519824 0.229075 0.515419 0.229075 0.511013 0.233480 0.515419 0.233480 0.519824 0.237885 0.519824 0.242291 0.524229 0.246696 0.537445 0.246696 0.541850 0.242291 0.541850 0.237885 0.546256 0.233480 0.546256 0.224670 0.550661 0.220264 0.555066 0.220264 0.563877 0.211454
0 0.022026 0.198238 0.017621 0.202643 0.017621 0.207048 0.022026 0.211454 0.022026 0.220264 0.026432 0.224670 0.026432 0.229075 0.039648 0.242291 0.039648 0.251101 0.035242 0.255507 0.030837 0.255507 0.026432 0.259912 0.022026 0.259912 0.013216 0.268722 0.013216 0.273128 0.017621 0.277533 0.026432 0.277533 0.035242 0.268722 0.039648 0.268722 0.048458 0.259912 0.048458 0.255507 0.052863 0.251101 0.052863 0.237885 0.026432 0.211454 0.026432 0.202643
0 0.167401 0.189427 0.154185 0.202643 0.149780 0.202643 0.140969 0.211454 0.140969 0.224670 0.145374 0.229075 0.145374 0.233480 0.154185 0.242291 0.158590 0.237885 0.158590 0.233480 0.162996 0.229075 0.162996 0.224670 0.167401 0.220264 0.167401 0.211454 0.171806 0.207048 0.171806 0.193833
0 0.775330 0.176211 0.770925 0.180617 0.766520 0.180617 0.766520 0.189427 0.762115 0.193833 0.762115 0.211454 0.757709 0.215859 0.753304 0.215859 0.744493 0.224670 0.744493 0.229075 0.748899 0.233480 0.748899 0.242291 0.744493 0.246696 0.740088 0.246696 0.735683 0.251101 0.735683 0.259912 0.740088 0.264317 0.744493 0.264317 0.748899 0.259912 0.748899 0.246696 0.757709 0.237885 0.762115 0.237885 0.766520 0.233480 0.766520 0.224670 0.762115 0.220264 0.762115 0.211454 0.770925 0.202643 0.775330 0.202643 0.779736 0.198238 0.779736 0.189427 0.784141 0.185022
0 0.568282 0.158590 0.568282 0.167401 0.585903 0.185022 0.585903 0.193833 0.590308 0.198238 0.590308 0.202643 0.594714 0.207048 0.603524 0.207048 0.616740 0.193833 0.621145 0.193833 0.625551 0.189427 0.638767 0.189427 0.643172 0.185022 0.647577 0.185022 0.643172 0.185022 0.638767 0.180617 0.638767 0.167401 0.634361 0.162996 0.629956 0.167401 0.629956 0.180617 0.625551 0.185022 0.621145 0.185022 0.616740 0.189427 0.612335 0.189427 0.607930 0.185022 0.603524 0.185022 0.599119 0.180617 0.594714 0.180617 0.590308 0.176211 0.590308 0.158590 0.581498 0.149780 0.577093 0.149780
0 0.308370 0.171806 0.303965 0.176211 0.303965 0.189427 0.308370 0.193833 0.312775 0.193833 0.317181 0.189427 0.325991 0.189427 0.339207 0.198238 0.339207 0.220264 0.334802 0.224670 0.334802 0.233480 0.348018 0.242291 0.348018 0.251101 0.343612 0.255507 0.339207 0.255507 0.325991 0.268722 0.325991 0.277533 0.330396 0.281938 0.330396 0.286344 0.339207 0.295154 0.352423 0.295154 0.356828 0.290749 0.370044 0.286344 0.374449 0.290749 0.378855 0.290749 0.396476 0.308370 0.400881 0.308370 0.405286 0.303965 0.400881 0.299559 0.400881 0.277533 0.405286 0.273128 0.409692 0.273128 0.422908 0.264317 0.427313 0.268722 0.431718 0.264317 0.436123 0.268722 0.444934 0.259912 0.444934 0.251101 0.453745 0.242291 0.458150 0.242291 0.462555 0.237885 0.493392 0.237885 0.497797 0.233480 0.502203 0.233480 0.502203 0.229075 0.497797 0.229075 0.484582 0.215859 0.453745 0.215859 0.444934 0.224670 0.444934 0.242291 0.440529 0.246696 0.436123 0.246696 0.431718 0.251101 0.400881 0.251101 0.396476 0.255507 0.383260 0.259912 0.378855 0.255507 0.374449 0.255507 0.365639 0.246696 0.361233 0.251101 0.356828 0.246696 0.352423 0.246696 0.343612 0.237885 0.343612 0.229075 0.348018 0.224670 0.348018 0.211454 0.352423 0.207048 0.352423 0.198238 0.348018 0.193833 0.348018 0.176211 0.361233 0.167401 0.370044 0.167401 0.374449 0.162996 0.378855 0.162996 0.387665 0.154185 0.383260 0.149780 0.370044 0.149780 0.361233 0.158590 0.356828 0.158590 0.352423 0.162996 0.348018 0.162996 0.343612 0.158590 0.317181 0.176211 0.312775 0.176211
0 0.044053 0.149780 0.026432 0.167401 0.030837 0.171806 0.030837 0.176211 0.035242 0.180617 0.048458 0.180617 0.057269 0.171806 0.057269 0.162996
0 0.541850 0.145374 0.533040 0.136564 0.528634 0.136564 0.515419 0.149780 0.511013 0.149780 0.506608 0.154185 0.502203 0.149780 0.493392 0.149780 0.488987 0.154185 0.480176 0.154185 0.471366 0.162996 0.471366 0.167401 0.475771 0.171806 0.493392 0.171806 0.506608 0.158590 0.511013 0.158590 0.515419 0.154185 0.528634 0.154185 0.533040 0.158590 0.541850 0.149780
0 0.176211 0.136564 0.171806 0.140969 0.171806 0.149780 0.176211 0.154185 0.180617 0.154185 0.185022 0.158590 0.189427 0.158590 0.198238 0.167401 0.198238 0.180617 0.207048 0.189427 0.211454 0.189427 0.220264 0.180617 0.220264 0.171806 0.202643 0.154185 0.202643 0.145374 0.193833 0.136564
0 0.903084 0.132159 0.898678 0.127753 0.894273 0.127753 0.881057 0.140969 0.881057 0.167401 0.885463 0.171806 0.885463 0.176211 0.889868 0.180617 0.889868 0.189427 0.881057 0.198238 0.876652 0.198238 0.872247 0.202643 0.867841 0.202643 0.863436 0.198238 0.859031 0.198238 0.850220 0.189427 0.850220 0.176211 0.845815 0.171806 0.837004 0.171806 0.832599 0.176211 0.832599 0.193833 0.828194 0.198238 0.823789 0.198238 0.819383 0.202643 0.810573 0.202643 0.806167 0.207048 0.806167 0.211454 0.810573 0.215859 0.823789 0.215859 0.828194 0.211454 0.828194 0.198238 0.832599 0.193833 0.837004 0.193833 0.841410 0.189427 0.845815 0.189427 0.850220 0.193833 0.854626 0.193833 0.859031 0.198238 0.859031 0.207048 0.863436 0.211454 0.867841 0.211454 0.872247 0.215859 0.876652 0.215859 0.898678 0.193833 0.898678 0.180617 0.903084 0.176211
0 0.405286 0.114537 0.400881 0.118943 0.400881 0.127753 0.409692 0.136564 0.414097 0.136564 0.418502 0.140969 0.418502 0.167401 0.414097 0.171806 0.418502 0.176211 0.418502 0.185022 0.414097 0.189427 0.418502 0.193833 0.418502 0.202643 0.414097 0.207048 0.414097 0.211454 0.418502 0.215859 0.422908 0.211454 0.422908 0.193833 0.427313 0.189427 0.427313 0.162996 0.436123 0.154185 0.431718 0.149780 0.427313 0.149780 0.418502 0.140969 0.418502 0.132159 0.422908 0.127753 0.422908 0.118943 0.418502 0.114537
0 0.986784 0.074890 0.977974 0.074890 0.973568 0.079295 0.969163 0.079295 0.960352 0.088106 0.960352 0.096916 0.947137 0.110132 0.951542 0.114537 0.951542 0.145374 0.955947 0.149780 0.955947 0.162996 0.951542 0.167401 0.947137 0.167401 0.942731 0.171806 0.947137 0.176211 0.951542 0.171806 0.955947 0.171806 0.960352 0.176211 0.964758 0.176211 0.969163 0.180617 0.969163 0.189427 0.964758 0.193833 0.960352 0.193833 0.951542 0.202643 0.951542 0.229075 0.942731 0.237885 0.942731 0.242291 0.925110 0.259912 0.929515 0.264317 0.938326 0.264317 0.942731 0.268722 0.951542 0.259912 0.955947 0.259912 0.960352 0.255507 0.969163 0.255507 0.977974 0.246696 0.973568 0.242291 0.973568 0.215859 0.982379 0.207048 0.986784 0.207048 0.991189 0.202643 0.995595 0.202643 0.995595 0.158590 0.991189 0.158590 0.986784 0.162996 0.982379 0.158590 0.977974 0.158590 0.969163 0.149780 0.969163 0.140969 0.982379 0.127753 0.986784 0.127753 0.991189 0.123348 0.995595 0.123348 0.995595 0.114537 0.991189 0.110132 0.986784 0.110132 0.977974 0.101322 0.977974 0.088106 0.982379 0.083700 0.986784 0.083700 0.991189 0.079295 0.995595 0.079295 0.991189 0.079295
0 0.224670 0.074890 0.224670 0.088106 0.229075 0.092511 0.233480 0.088106 0.242291 0.088106 0.246696 0.083700 0.251101 0.083700 0.255507 0.088106 0.259912 0.088106 0.264317 0.092511 0.264317 0.105727 0.268722 0.110132 0.268722 0.114537 0.277533 0.123348 0.277533 0.127753 0.290749 0.140969 0.295154 0.136564 0.295154 0.132159 0.308370 0.118943 0.312775 0.118943 0.317181 0.114537 0.312775 0.110132 0.303965 0.118943 0.299559 0.118943 0.295154 0.123348 0.290749 0.118943 0.286344 0.118943 0.277533 0.110132 0.277533 0.101322 0.268722 0.092511 0.268722 0.079295 0.264317 0.074890 0.251101 0.074890 0.246696 0.070485 0.242291 0.070485 0.237885 0.066079 0.233480 0.066079
0 0.387665 0.061674 0.383260 0.061674 0.378855 0.066079 0.365639 0.066079 0.361233 0.070485 0.361233 0.074890 0.356828 0.079295 0.356828 0.092511 0.361233 0.096916 0.365639 0.092511 0.365639 0.088106 0.374449 0.079295 0.378855 0.079295 0.383260 0.074890 0.387665 0.074890 0.392070 0.070485 0.392070 0.066079
0 0.559471 0.057269 0.555066 0.061674 0.550661 0.061674 0.546256 0.066079 0.546256 0.088106 0.537445 0.096916 0.537445 0.101322 0.546256 0.110132 0.550661 0.110132 0.555066 0.114537 0.555066 0.118943 0.568282 0.132159 0.572687 0.127753 0.577093 0.127753 0.585903 0.118943 0.590308 0.118943 0.594714 0.114537 0.599119 0.114537 0.594714 0.114537 0.590308 0.110132 0.590308 0.105727 0.577093 0.092511 0.572687 0.092511 0.568282 0.088106 0.568282 0.074890 0.577093 0.066079 0.577093 0.061674 0.572687 0.057269
0 0.493392 0.074890 0.488987 0.070485 0.484582 0.070485 0.480176 0.066079 0.475771 0.066079 0.466960 0.057269 0.458150 0.057269 0.440529 0.074890 0.440529 0.079295 0.431718 0.088106 0.440529 0.096916 0.458150 0.079295 0.462555 0.079295 0.466960 0.074890 0.480176 0.074890 0.484582 0.079295 0.488987 0.079295
0 0.114537 0.048458 0.110132 0.052863 0.110132 0.079295 0.132159 0.101322 0.140969 0.101322 0.145374 0.096916 0.149780 0.101322 0.154185 0.101322 0.158590 0.096916 0.158590 0.092511 0.162996 0.088106 0.158590 0.083700 0.140969 0.083700 0.136564 0.079295 0.132159 0.079295 0.127753 0.074890 0.127753 0.070485 0.123348 0.066079 0.123348 0.057269
0 0.017621 0.039648 0.013216 0.044053 0.013216 0.052863 0.022026 0.061674 0.026432 0.061674 0.035242 0.070485 0.035242 0.079295 0.039648 0.083700 0.048458 0.074890 0.044053 0.070485 0.044053 0.057269 0.035242 0.048458 0.030837 0.048458 0.022026 0.039648
0 0.973568 0.026432 0.969163 0.026432 0.964758 0.022026 0.960352 0.022026 0.955947 0.026432 0.951542 0.026432 0.947137 0.030837 0.942731 0.030837 0.938326 0.026432 0.933921 0.026432 0.929515 0.022026 0.925110 0.026432 0.929515 0.030837 0.929515 0.039648 0.920705 0.048458 0.916300 0.048458 0.911894 0.052863 0.907489 0.048458 0.907489 0.061674 0.903084 0.066079 0.903084 0.074890 0.907489 0.079295 0.911894 0.079295 0.916300 0.083700 0.920705 0.083700 0.925110 0.088106 0.929515 0.083700 0.929515 0.070485 0.925110 0.066079 0.925110 0.044053 0.929515 0.039648 0.933921 0.039648 0.942731 0.030837 0.947137 0.030837 0.951542 0.026432 0.955947 0.026432 0.960352 0.030837 0.964758 0.030837 0.969163 0.026432
0 0.506608 0.013216 0.502203 0.008811 0.488987 0.008811 0.484582 0.013216 0.453745 0.013216 0.440529 0.026432 0.436123 0.026432 0.422908 0.039648 0.427313 0.044053 0.431718 0.039648 0.436123 0.039648 0.444934 0.030837 0.449339 0.030837 0.453745 0.026432 0.471366 0.026432 0.475771 0.022026 0.480176 0.022026 0.484582 0.017621 0.502203 0.017621
0 0.792952 0.000000 0.792952 0.004405 0.797357 0.008811 0.801762 0.004405 0.810573 0.004405 0.814978 0.008811 0.819383 0.008811 0.823789 0.013216 0.823789 0.022026 0.828194 0.026432 0.828194 0.044053 0.810573 0.061674 0.806167 0.061674 0.801762 0.066079 0.810573 0.074890 0.810573 0.083700 0.806167 0.088106 0.806167 0.092511 0.792952 0.105727 0.792952 0.132159 0.797357 0.136564 0.801762 0.132159 0.806167 0.132159 0.810573 0.136564 0.814978 0.136564 0.819383 0.140969 0.823789 0.140969 0.828194 0.145374 0.832599 0.140969 0.832599 0.132159 0.841410 0.123348 0.819383 0.101322 0.819383 0.096916 0.814978 0.092511 0.814978 0.083700 0.823789 0.074890 0.828194 0.074890 0.837004 0.066079 0.837004 0.057269 0.845815 0.048458 0.845815 0.044053 0.854626 0.035242 0.859031 0.035242 0.863436 0.030837 0.867841 0.030837 0.872247 0.035242 0.876652 0.035242 0.881057 0.039648 0.885463 0.039648 0.889868 0.044053 0.894273 0.039648 0.898678 0.044053 0.898678 0.035242 0.894273 0.030837 0.881057 0.030837 0.876652 0.035242 0.872247 0.035242 0.867841 0.030837 0.863436 0.030837 0.859031 0.026432 0.854626 0.030837 0.850220 0.026432 0.845815 0.026432 0.841410 0.022026 0.837004 0.022026 0.832599 0.017621 0.832599 0.000000
0 0.607930 0.000000 0.612335 0.008811 0.625551 0.000000 0.638767 0.000000 0.643172 0.004405 0.647577 0.000000 0.660793 0.008811 0.660793 0.022026 0.647577 0.030837 0.638767 0.026432 0.603524 0.044053 0.612335 0.057269 0.625551 0.057269 0.643172 0.048458 0.660793 0.057269 0.660793 0.088106 0.665198 0.092511 0.665198 0.101322 0.651982 0.110132 0.643172 0.105727 0.629956 0.088106 0.616740 0.101322 0.616740 0.110132 0.607930 0.114537 0.616740 0.118943 0.625551 0.118943 0.629956 0.114537 0.638767 0.118943 0.647577 0.140969 0.651982 0.140969 0.665198 0.127753 0.669604 0.118943 0.665198 0.101322 0.682819 0.088106 0.678414 0.061674 0.691630 0.052863 0.709251 0.066079 0.704846 0.127753 0.713656 0.136564 0.713656 0.162996 0.700441 0.171806 0.696035 0.167401 0.669604 0.162996 0.660793 0.185022 0.669604 0.189427 0.678414 0.180617 0.696035 0.176211 0.713656 0.162996 0.735683 0.180617 0.748899 0.176211 0.744493 0.167401 0.726872 0.158590 0.726872 0.149780 0.722467 0.145374 0.722467 0.132159 0.735683 0.123348 0.748899 0.127753 0.757709 0.118943 0.740088 0.105727 0.740088 0.092511 0.748899 0.074890 0.748899 0.057269 0.735683 0.026432 0.740088 0.000000 0.718062 0.000000 0.722467 0.026432 0.709251 0.035242 0.691630 0.022026 0.687225 0.000000 0.682819 0.000000 0.682819 0.004405 0.669604 0.013216 0.660793 0.008811 0.656388 0.000000
0 0.348018 0.000000 0.339207 0.000000 0.339207 0.004405 0.334802 0.008811 0.330396 0.008811 0.325991 0.013216 0.321586 0.013216 0.317181 0.017621 0.312775 0.017621 0.308370 0.022026 0.303965 0.017621 0.277533 0.017621 0.268722 0.026432 0.268722 0.030837 0.264317 0.035242 0.264317 0.039648 0.268722 0.044053 0.277533 0.035242 0.281938 0.035242 0.286344 0.030837 0.290749 0.035242 0.295154 0.035242 0.299559 0.039648 0.299559 0.048458 0.303965 0.052863 0.303965 0.061674 0.308370 0.066079 0.308370 0.074890 0.321586 0.088106 0.325991 0.083700 0.325991 0.052863 0.317181 0.044053 0.317181 0.035242 0.321586 0.030837 0.325991 0.030837 0.330396 0.026432 0.334802 0.030837 0.339207 0.030837 0.348018 0.022026
