0 0.466960 0.792952 0.471366 0.797357 0.475771 0.797357 0.488987 0.810573 0.493392 0.810573 0.497797 0.814978 0.502203 0.814978 0.511013 0.823789 0.515419 0.823789 0.524229 0.832599 0.528634 0.832599 0.533040 0.837004 0.537445 0.837004 0.541850 0.841410 0.546256 0.841410 0.550661 0.845815 0.559471 0.845815 0.563877 0.850220 0.568282 0.850220 0.572687 0.854626 0.577093 0.854626 0.581498 0.859031 0.581498 0.863436 0.585903 0.867841 0.590308 0.867841 0.594714 0.872247 0.599119 0.872247 0.603524 0.876652 0.607930 0.876652 0.612335 0.881057 0.616740 0.881057 0.621145 0.885463 0.625551 0.885463 0.629956 0.889868 0.629956 0.894273 0.643172 0.907489 0.647577 0.907489 0.651982 0.911894 0.651982 0.894273 0.647577 0.889868 0.643172 0.889868 0.625551 0.872247 0.621145 0.872247 0.612335 0.863436 0.603524 0.863436 0.599119 0.859031 0.594714 0.859031 0.590308 0.854626 0.585903 0.854626 0.572687 0.841410 0.572687 0.837004 0.559471 0.823789 0.541850 0.823789 0.537445 0.819383 0.533040 0.819383 0.524229 0.810573 0.519824 0.810573 0.515419 0.806167 0.506608 0.806167 0.502203 0.801762 0.497797 0.801762 0.493392 0.797357 0.484582 0.797357 0.480176 0.792952 0.475771 0.792952 0.471366 0.788546
0 0.744493 0.744493 0.744493 0.748899 0.757709 0.762115 0.762115 0.757709 0.766520 0.762115 0.770925 0.762115 0.775330 0.766520 0.779736 0.766520 0.784141 0.770925 0.788546 0.766520 0.775330 0.753304 0.770925 0.753304 0.762115 0.744493 0.762115 0.740088 0.757709 0.735683 0.753304 0.740088 0.748899 0.740088
0 0.378855 0.682819 0.374449 0.687225 0.378855 0.691630 0.378855 0.696035 0.383260 0.700441 0.383260 0.704846 0.387665 0.709251 0.387665 0.718062 0.396476 0.726872 0.400881 0.726872 0.405286 0.731278 0.405286 0.757709 0.409692 0.762115 0.409692 0.766520 0.414097 0.770925 0.422908 0.770925 0.427313 0.775330 0.431718 0.775330 0.436123 0.779736 0.444934 0.779736 0.449339 0.775330 0.449339 0.770925 0.440529 0.762115 0.436123 0.762115 0.431718 0.757709 0.427313 0.757709 0.422908 0.753304 0.422908 0.748899 0.409692 0.735683 0.409692 0.726872 0.405286 0.722467 0.405286 0.713656 0.396476 0.704846 0.396476 0.696035 0.387665 0.687225 0.383260 0.687225
0 0.378855 0.603524 0.374449 0.607930 0.378855 0.616740 0.396476 0.616740 0.400881 0.621145 0.431718 0.616740 0.484582 0.651982 0.524229 0.691630 0.572687 0.718062 0.581498 0.726872 0.603524 0.735683 0.616740 0.748899 0.634361 0.753304 0.647577 0.766520 0.678414 0.784141 0.700441 0.806167 0.700441 0.828194 0.718062 0.841410 0.722467 0.881057 0.709251 0.907489 0.709251 0.920705 0.691630 0.947137 0.691630 0.960352 0.678414 0.977974 0.678414 0.995595 0.696035 0.995595 0.696035 0.973568 0.704846 0.955947 0.722467 0.942731 0.726872 0.907489 0.740088 0.898678 0.748899 0.903084 0.762115 0.885463 0.757709 0.881057 0.757709 0.854626 0.740088 0.823789 0.740088 0.806167 0.731278 0.792952 0.713656 0.740088 0.700441 0.731278 0.687225 0.713656 0.682819 0.726872 0.665198 0.735683 0.643172 0.718062 0.625551 0.713656 0.616740 0.700441 0.585903 0.687225 0.577093 0.678414 0.541850 0.669604 0.528634 0.656388 0.528634 0.634361 0.519824 0.625551 0.471366 0.599119 0.458150 0.599119 0.453745 0.603524 0.449339 0.599119 0.440529 0.603524 0.436123 0.599119 0.422908 0.607930 0.414097 0.607930 0.400881 0.599119
0 0.488987 0.559471 0.493392 0.563877 0.502203 0.563877 0.506608 0.568282 0.524229 0.568282 0.528634 0.572687 0.533040 0.572687 0.537445 0.577093 0.541850 0.577093 0.546256 0.581498 0.550661 0.581498 0.555066 0.585903 0.559471 0.585903 0.568282 0.594714 0.572687 0.594714 0.577093 0.590308 0.563877 0.577093 0.559471 0.577093 0.555066 0.572687 0.550661 0.572687 0.546256 0.568282 0.541850 0.568282 0.537445 0.563877 0.528634 0.563877 0.524229 0.559471 0.506608 0.559471 0.502203 0.555066 0.493392 0.555066
0 0.356828 0.440529 0.356828 0.444934 0.361233 0.449339 0.370044 0.449339 0.374449 0.453745 0.378855 0.453745 0.383260 0.458150 0.392070 0.458150 0.396476 0.462555 0.400881 0.458150 0.405286 0.462555 0.409692 0.458150 0.414097 0.462555 0.418502 0.458150 0.427313 0.458150 0.431718 0.453745 0.427313 0.449339 0.422908 0.449339 0.418502 0.444934 0.405286 0.444934 0.400881 0.440529 0.392070 0.440529 0.387665 0.436123 0.361233 0.436123
0 0.211454 0.431718 0.211454 0.436123 0.220264 0.444934 0.224670 0.444934 0.229075 0.449339 0.233480 0.449339 0.237885 0.453745 0.242291 0.453745 0.251101 0.462555 0.259912 0.462555 0.264317 0.466960 0.273128 0.466960 0.277533 0.471366 0.281938 0.471366 0.290749 0.480176 0.295154 0.475771 0.268722 0.449339 0.264317 0.449339 0.255507 0.440529 0.251101 0.440529 0.237885 0.427313 0.233480 0.431718 0.229075 0.427313 0.215859 0.427313
0 0.215859 0.356828 0.220264 0.361233 0.224670 0.361233 0.229075 0.365639 0.233480 0.365639 0.242291 0.374449 0.251101 0.374449 0.259912 0.365639 0.255507 0.361233 0.251101 0.361233 0.242291 0.352423 0.229075 0.352423 0.224670 0.348018
0 0.013216 0.370044 0.013216 0.396476 0.017621 0.400881 0.017621 0.418502 0.000000 0.431718 0.000000 0.449339 0.022026 0.466960 0.022026 0.475771 0.039648 0.493392 0.039648 0.497797 0.048458 0.506608 0.048458 0.515419 0.066079 0.533040 0.079295 0.537445 0.096916 0.550661 0.105727 0.550661 0.110132 0.555066 0.145374 0.555066 0.189427 0.577093 0.207048 0.594714 0.224670 0.625551 0.246696 0.638767 0.259912 0.638767 0.268722 0.643172 0.273128 0.634361 0.286344 0.625551 0.295154 0.629956 0.321586 0.629956 0.325991 0.625551 0.339207 0.625551 0.348018 0.616740 0.343612 0.612335 0.321586 0.612335 0.317181 0.607930 0.312775 0.612335 0.273128 0.607930 0.251101 0.590308 0.233480 0.581498 0.229075 0.572687 0.211454 0.555066 0.185022 0.541850 0.176211 0.533040 0.158590 0.528634 0.154185 0.524229 0.145374 0.524229 0.140969 0.519824 0.118943 0.519824 0.105727 0.511013 0.105727 0.502203 0.066079 0.458150 0.061674 0.440529 0.048458 0.418502 0.048458 0.400881 0.061674 0.392070 0.066079 0.396476 0.074890 0.392070 0.039648 0.365639 0.039648 0.352423 0.035242 0.348018 0.026432 0.356828 0.026432 0.361233
0 0.938326 0.290749 0.947137 0.299559 0.951542 0.299559 0.955947 0.303965 0.960352 0.303965 0.964758 0.308370 0.964758 0.312775 0.969163 0.317181 0.977974 0.317181 0.982379 0.321586 0.986784 0.321586 0.991189 0.317181 0.995595 0.317181 0.991189 0.312775 0.986784 0.312775 0.973568 0.299559 0.969163 0.299559 0.955947 0.286344 0.951542 0.286344 0.947137 0.281938
