0 0.916300 0.955947 0.916300 0.964758 0.920705 0.969163 0.938326 0.969163 0.942731 0.973568 0.947137 0.973568 0.955947 0.964758 0.951542 0.960352 0.951542 0.955947 0.947137 0.951542 0.920705 0.951542
0 0.352423 0.916300 0.352423 0.920705 0.356828 0.925110 0.361233 0.925110 0.378855 0.942731 0.396476 0.942731 0.400881 0.947137 0.405286 0.947137 0.409692 0.951542 0.409692 0.955947 0.418502 0.964758 0.436123 0.964758 0.444934 0.955947 0.444934 0.947137 0.440529 0.942731 0.409692 0.942731 0.405286 0.938326 0.400881 0.938326 0.396476 0.933921 0.396476 0.929515 0.387665 0.920705 0.383260 0.920705 0.378855 0.916300 0.370044 0.916300 0.365639 0.911894 0.356828 0.911894
0 0.229075 0.920705 0.224670 0.916300 0.220264 0.916300 0.215859 0.911894 0.211454 0.916300 0.211454 0.920705 0.220264 0.929515 0.220264 0.947137 0.215859 0.951542 0.211454 0.951542 0.202643 0.960352 0.198238 0.960352 0.193833 0.964758 0.185022 0.964758 0.180617 0.969163 0.176211 0.964758 0.171806 0.964758 0.167401 0.960352 0.167401 0.955947 0.154185 0.942731 0.145374 0.951542 0.145374 0.964758 0.154185 0.973568 0.162996 0.973568 0.167401 0.977974 0.171806 0.977974 0.180617 0.986784 0.189427 0.977974 0.193833 0.977974 0.202643 0.969163 0.207048 0.969163 0.220264 0.955947 0.220264 0.951542 0.224670 0.947137 0.229075 0.947137 0.233480 0.942731 0.233480 0.933921 0.229075 0.929515
0 0.132159 0.889868 0.123348 0.889868 0.110132 0.903084 0.105727 0.903084 0.101322 0.907489 0.101322 0.920705 0.105727 0.925110 0.110132 0.925110 0.114537 0.929515 0.118943 0.929515 0.127753 0.920705 0.127753 0.907489 0.132159 0.903084 0.132159 0.898678 0.136564 0.894273
0 0.607930 0.872247 0.594714 0.885463 0.599119 0.889868 0.603524 0.889868 0.607930 0.885463 0.612335 0.885463 0.616740 0.881057 0.621145 0.881057 0.625551 0.885463 0.629956 0.885463 0.638767 0.894273 0.643172 0.894273 0.651982 0.903084 0.651982 0.907489 0.660793 0.916300 0.665198 0.916300 0.674009 0.925110 0.674009 0.933921 0.669604 0.938326 0.665198 0.938326 0.660793 0.942731 0.656388 0.942731 0.647577 0.951542 0.647577 0.955947 0.651982 0.960352 0.660793 0.960352 0.674009 0.947137 0.674009 0.942731 0.678414 0.938326 0.682819 0.938326 0.691630 0.929515 0.691630 0.920705 0.682819 0.911894 0.678414 0.911894 0.669604 0.903084 0.669604 0.898678 0.665198 0.894273 0.660793 0.894273 0.656388 0.889868 0.651982 0.889868 0.634361 0.872247 0.629956 0.872247 0.625551 0.876652 0.621145 0.872247
0 0.052863 0.881057 0.048458 0.881057 0.044053 0.876652 0.039648 0.881057 0.035242 0.876652 0.030837 0.876652 0.022026 0.867841 0.017621 0.867841 0.013216 0.872247 0.013216 0.881057 0.008811 0.885463 0.004405 0.885463 0.000000 0.889868 0.000000 0.903084 0.004405 0.898678 0.017621 0.898678 0.022026 0.894273 0.026432 0.894273 0.030837 0.889868 0.035242 0.889868 0.039648 0.885463 0.044053 0.885463 0.048458 0.881057
0 0.691630 0.867841 0.691630 0.872247 0.696035 0.876652 0.700441 0.876652 0.704846 0.881057 0.709251 0.881057 0.713656 0.885463 0.718062 0.881057 0.722467 0.881057 0.726872 0.885463 0.731278 0.885463 0.744493 0.898678 0.753304 0.898678 0.757709 0.894273 0.757709 0.889868 0.762115 0.885463 0.757709 0.881057 0.748899 0.881057 0.744493 0.885463 0.740088 0.885463 0.735683 0.889868 0.731278 0.885463 0.726872 0.885463 0.722467 0.881057 0.722467 0.876652 0.718062 0.872247 0.718062 0.867841 0.713656 0.863436 0.696035 0.863436
0 0.233480 0.859031 0.233480 0.867841 0.237885 0.872247 0.246696 0.872247 0.251101 0.867841 0.255507 0.867841 0.259912 0.872247 0.264317 0.872247 0.290749 0.898678 0.290749 0.911894 0.286344 0.916300 0.281938 0.916300 0.277533 0.920705 0.281938 0.925110 0.290749 0.925110 0.295154 0.920705 0.312775 0.920705 0.317181 0.925110 0.321586 0.920705 0.321586 0.911894 0.312775 0.903084 0.308370 0.903084 0.299559 0.894273 0.299559 0.885463 0.281938 0.867841 0.273128 0.867841 0.268722 0.872247 0.259912 0.872247 0.255507 0.867841 0.251101 0.867841 0.237885 0.854626
0 0.026432 0.810573 0.022026 0.814978 0.026432 0.819383 0.030837 0.819383 0.035242 0.823789 0.035242 0.828194 0.039648 0.832599 0.039648 0.837004 0.044053 0.841410 0.044053 0.845815 0.048458 0.850220 0.057269 0.841410 0.057269 0.823789 0.052863 0.819383 0.044053 0.819383 0.039648 0.814978 0.035242 0.814978 0.030837 0.810573
0 0.299559 0.801762 0.303965 0.806167 0.303965 0.810573 0.325991 0.832599 0.330396 0.832599 0.334802 0.837004 0.339207 0.837004 0.343612 0.841410 0.348018 0.841410 0.352423 0.845815 0.361233 0.845815 0.365639 0.841410 0.365639 0.832599 0.374449 0.823789 0.378855 0.823789 0.383260 0.819383 0.387665 0.819383 0.392070 0.823789 0.396476 0.823789 0.400881 0.828194 0.405286 0.828194 0.427313 0.850220 0.431718 0.850220 0.436123 0.854626 0.440529 0.850220 0.440529 0.832599 0.418502 0.810573 0.405286 0.810573 0.400881 0.806167 0.396476 0.806167 0.392070 0.801762 0.387665 0.806167 0.374449 0.806167 0.361233 0.819383 0.356828 0.819383 0.352423 0.823789 0.348018 0.823789 0.343612 0.828194 0.339207 0.823789 0.330396 0.823789 0.325991 0.819383 0.321586 0.819383 0.317181 0.814978 0.317181 0.806167 0.308370 0.797357 0.303965 0.797357
0 0.198238 0.775330 0.193833 0.779736 0.207048 0.792952 0.207048 0.814978 0.211454 0.819383 0.215859 0.819383 0.224670 0.810573 0.224670 0.797357 0.202643 0.775330
0 0.480176 0.775330 0.475771 0.770925 0.471366 0.775330 0.466960 0.775330 0.462555 0.779736 0.453745 0.779736 0.449339 0.775330 0.436123 0.775330 0.427313 0.784141 0.427313 0.788546 0.431718 0.792952 0.440529 0.792952 0.444934 0.788546 0.449339 0.792952 0.453745 0.792952 0.458150 0.788546 0.466960 0.788546 0.471366 0.792952 0.475771 0.792952 0.480176 0.788546
0 0.277533 0.753304 0.268722 0.744493 0.259912 0.744493 0.255507 0.748899 0.251101 0.748899 0.246696 0.753304 0.242291 0.753304 0.237885 0.757709 0.237885 0.766520 0.246696 0.775330 0.255507 0.775330
0 0.101322 0.753304 0.105727 0.757709 0.110132 0.757709 0.114537 0.762115 0.123348 0.762115 0.127753 0.766520 0.145374 0.766520 0.149780 0.762115 0.149780 0.753304 0.145374 0.748899 0.140969 0.748899 0.136564 0.744493 0.118943 0.744493 0.114537 0.748899 0.105727 0.748899
0 0.000000 0.696035 0.000000 0.713656 0.004405 0.713656 0.008811 0.718062 0.022026 0.718062 0.026432 0.722467 0.030837 0.722467 0.039648 0.731278 0.044053 0.726872 0.039648 0.722467 0.035242 0.722467 0.026432 0.713656 0.026432 0.709251 0.022026 0.704846 0.017621 0.704846 0.013216 0.700441 0.008811 0.700441 0.004405 0.696035
0 0.422908 0.704846 0.431718 0.713656 0.436123 0.713656 0.444934 0.722467 0.444934 0.731278 0.453745 0.740088 0.458150 0.735683 0.462555 0.740088 0.471366 0.740088 0.475771 0.744493 0.480176 0.744493 0.488987 0.753304 0.493392 0.748899 0.497797 0.748899 0.502203 0.744493 0.502203 0.740088 0.497797 0.735683 0.493392 0.740088 0.488987 0.735683 0.484582 0.740088 0.480176 0.735683 0.475771 0.735683 0.471366 0.731278 0.466960 0.731278 0.462555 0.726872 0.462555 0.718062 0.458150 0.713656 0.453745 0.713656 0.444934 0.704846 0.444934 0.696035 0.440529 0.691630 0.436123 0.691630
0 0.356828 0.691630 0.352423 0.696035 0.352423 0.704846 0.356828 0.709251 0.356828 0.722467 0.352423 0.726872 0.352423 0.731278 0.361233 0.740088 0.365639 0.740088 0.370044 0.735683 0.374449 0.735683 0.378855 0.740088 0.392070 0.740088 0.396476 0.735683 0.396476 0.731278 0.387665 0.722467 0.383260 0.726872 0.374449 0.726872 0.370044 0.722467 0.365639 0.722467 0.361233 0.718062 0.361233 0.709251 0.365639 0.704846 0.370044 0.704846 0.374449 0.700441 0.365639 0.691630 0.361233 0.696035
0 0.951542 0.647577 0.947137 0.651982 0.942731 0.651982 0.938326 0.656388 0.938326 0.660793 0.933921 0.665198 0.933921 0.669604 0.925110 0.678414 0.925110 0.687225 0.929515 0.691630 0.942731 0.691630 0.951542 0.682819 0.951542 0.678414 0.960352 0.669604 0.960352 0.656388
0 0.740088 0.647577 0.731278 0.656388 0.731278 0.665198 0.735683 0.669604 0.740088 0.669604 0.744493 0.674009 0.748899 0.674009 0.757709 0.665198 0.757709 0.656388 0.748899 0.647577 0.744493 0.651982
0 0.264317 0.651982 0.273128 0.660793 0.277533 0.656388 0.281938 0.660793 0.295154 0.647577 0.299559 0.647577 0.303965 0.643172 0.312775 0.643172 0.321586 0.634361 0.317181 0.629956 0.286344 0.629956 0.281938 0.634361 0.277533 0.634361 0.264317 0.647577
0 0.140969 0.603524 0.136564 0.607930 0.136564 0.616740 0.145374 0.625551 0.145374 0.638767 0.140969 0.643172 0.136564 0.643172 0.132159 0.647577 0.127753 0.643172 0.123348 0.647577 0.123348 0.651982 0.127753 0.656388 0.140969 0.656388 0.145374 0.660793 0.149780 0.660793 0.162996 0.674009 0.167401 0.674009 0.176211 0.665198 0.176211 0.660793 0.171806 0.656388 0.167401 0.656388 0.154185 0.643172 0.149780 0.643172 0.145374 0.638767 0.145374 0.629956 0.149780 0.625551 0.154185 0.625551 0.158590 0.621145 0.154185 0.616740 0.154185 0.612335 0.145374 0.603524
0 0.660793 0.603524 0.647577 0.590308 0.643172 0.594714 0.638767 0.590308 0.634361 0.594714 0.625551 0.594714 0.621145 0.599119 0.616740 0.599119 0.612335 0.603524 0.607930 0.603524 0.603524 0.599119 0.599119 0.603524 0.599119 0.612335 0.603524 0.616740 0.616740 0.616740 0.621145 0.621145 0.625551 0.616740 0.629956 0.616740 0.634361 0.612335 0.647577 0.612335 0.651982 0.607930 0.656388 0.607930
0 0.044053 0.572687 0.035242 0.581498 0.039648 0.585903 0.048458 0.585903 0.052863 0.590308 0.057269 0.590308 0.061674 0.594714 0.061674 0.603524 0.070485 0.612335 0.070485 0.638767 0.061674 0.647577 0.061674 0.651982 0.057269 0.656388 0.052863 0.656388 0.048458 0.660793 0.044053 0.656388 0.039648 0.656388 0.035242 0.651982 0.030837 0.651982 0.026432 0.647577 0.022026 0.647577 0.017621 0.643172 0.013216 0.643172 0.008811 0.647577 0.000000 0.647577 0.000000 0.660793 0.008811 0.660793 0.013216 0.665198 0.035242 0.665198 0.039648 0.669604 0.044053 0.669604 0.048458 0.674009 0.052863 0.674009 0.061674 0.665198 0.066079 0.665198 0.070485 0.660793 0.074890 0.660793 0.079295 0.656388 0.079295 0.647577 0.074890 0.643172 0.074890 0.634361 0.083700 0.625551 0.083700 0.616740 0.079295 0.612335 0.079295 0.607930 0.070485 0.599119 0.066079 0.599119 0.061674 0.594714 0.061674 0.577093 0.057269 0.572687
0 0.189427 0.555066 0.185022 0.550661 0.167401 0.550661 0.162996 0.555066 0.162996 0.563877 0.158590 0.568282 0.158590 0.572687 0.154185 0.577093 0.158590 0.581498 0.162996 0.577093 0.167401 0.577093 0.171806 0.572687 0.185022 0.572687 0.189427 0.568282
0 0.792952 0.541850 0.784141 0.550661 0.784141 0.555066 0.792952 0.563877 0.797357 0.563877 0.810573 0.577093 0.814978 0.572687 0.810573 0.568282 0.810573 0.559471 0.806167 0.555066 0.806167 0.546256 0.801762 0.541850
0 0.273128 0.541850 0.268722 0.546256 0.268722 0.550661 0.277533 0.559471 0.281938 0.555066 0.286344 0.559471 0.295154 0.559471 0.299559 0.563877 0.303965 0.563877 0.308370 0.568282 0.308370 0.581498 0.312775 0.585903 0.312775 0.603524 0.317181 0.607930 0.325991 0.599119 0.325991 0.594714 0.330396 0.590308 0.330396 0.577093 0.321586 0.568282 0.317181 0.568282 0.308370 0.559471 0.308370 0.555066 0.299559 0.546256 0.295154 0.546256 0.290749 0.541850
0 0.625551 0.462555 0.625551 0.471366 0.629956 0.475771 0.629956 0.480176 0.634361 0.484582 0.647577 0.484582 0.651982 0.488987 0.656388 0.488987 0.665198 0.497797 0.700441 0.497797 0.709251 0.488987 0.713656 0.488987 0.718062 0.484582 0.722467 0.484582 0.726872 0.488987 0.731278 0.484582 0.753304 0.484582 0.757709 0.480176 0.770925 0.480176 0.775330 0.484582 0.779736 0.484582 0.784141 0.488987 0.788546 0.488987 0.792952 0.493392 0.797357 0.493392 0.801762 0.497797 0.801762 0.506608 0.806167 0.511013 0.819383 0.511013 0.823789 0.506608 0.823789 0.502203 0.819383 0.497797 0.814978 0.497797 0.810573 0.493392 0.806167 0.493392 0.801762 0.488987 0.801762 0.475771 0.792952 0.466960 0.762115 0.466960 0.757709 0.471366 0.753304 0.466960 0.744493 0.466960 0.740088 0.471366 0.735683 0.471366 0.731278 0.475771 0.726872 0.475771 0.718062 0.484582 0.713656 0.484582 0.709251 0.488987 0.704846 0.488987 0.700441 0.484582 0.678414 0.484582 0.674009 0.488987 0.669604 0.484582 0.665198 0.484582 0.660793 0.480176 0.660793 0.475771 0.651982 0.466960 0.647577 0.466960 0.643172 0.462555 0.638767 0.462555 0.634361 0.458150 0.629956 0.458150
0 0.140969 0.462555 0.140969 0.475771 0.145374 0.480176 0.176211 0.480176 0.180617 0.475771 0.185022 0.475771 0.189427 0.471366 0.193833 0.475771 0.198238 0.475771 0.211454 0.488987 0.220264 0.480176 0.211454 0.471366 0.202643 0.471366 0.198238 0.466960 0.193833 0.466960 0.189427 0.462555 0.185022 0.462555 0.176211 0.453745 0.158590 0.453745 0.154185 0.458150 0.145374 0.458150
0 0.682819 0.418502 0.682819 0.427313 0.687225 0.431718 0.691630 0.431718 0.696035 0.436123 0.696035 0.440529 0.700441 0.444934 0.718062 0.444934 0.726872 0.436123 0.722467 0.431718 0.718062 0.436123 0.709251 0.436123 0.704846 0.431718 0.700441 0.431718 0.696035 0.427313 0.696035 0.418502 0.691630 0.414097 0.687225 0.414097
0 0.744493 0.405286 0.740088 0.409692 0.740088 0.422908 0.744493 0.427313 0.762115 0.427313 0.766520 0.422908 0.766520 0.414097 0.757709 0.405286
0 0.995595 0.405286 0.991189 0.405286 0.986784 0.400881 0.977974 0.400881 0.960352 0.418502 0.964758 0.422908 0.964758 0.427313 0.969163 0.431718 0.973568 0.431718 0.982379 0.422908 0.982379 0.418502 0.986784 0.414097 0.991189 0.414097 0.995595 0.409692
0 0.493392 0.400881 0.484582 0.409692 0.484582 0.414097 0.497797 0.427313 0.497797 0.440529 0.493392 0.444934 0.497797 0.449339 0.502203 0.449339 0.506608 0.444934 0.506608 0.440529 0.511013 0.436123 0.511013 0.431718 0.506608 0.427313 0.506608 0.405286 0.502203 0.400881
0 0.740088 0.370044 0.735683 0.365639 0.722467 0.365639 0.718062 0.370044 0.704846 0.370044 0.700441 0.374449 0.700441 0.378855 0.709251 0.387665 0.713656 0.383260 0.731278 0.383260 0.740088 0.374449
0 0.559471 0.343612 0.555066 0.339207 0.546256 0.339207 0.537445 0.348018 0.533040 0.348018 0.524229 0.356828 0.528634 0.361233 0.533040 0.361233 0.537445 0.365639 0.541850 0.361233 0.550661 0.361233 0.555066 0.356828 0.555066 0.352423 0.559471 0.348018
0 0.850220 0.339207 0.850220 0.343612 0.854626 0.348018 0.859031 0.348018 0.863436 0.352423 0.876652 0.352423 0.881057 0.356828 0.885463 0.356828 0.894273 0.365639 0.894273 0.370044 0.898678 0.365639 0.903084 0.365639 0.911894 0.356828 0.889868 0.334802 0.885463 0.334802 0.881057 0.330396 0.859031 0.330396
0 0.418502 0.325991 0.431718 0.339207 0.436123 0.339207 0.440529 0.343612 0.444934 0.343612 0.449339 0.348018 0.449339 0.352423 0.453745 0.356828 0.458150 0.356828 0.462555 0.361233 0.471366 0.361233 0.475771 0.356828 0.475771 0.352423 0.471366 0.348018 0.471366 0.343612 0.462555 0.334802 0.458150 0.334802 0.449339 0.325991 0.444934 0.325991 0.440529 0.321586 0.422908 0.321586
0 0.237885 0.321586 0.229075 0.330396 0.229075 0.334802 0.233480 0.339207 0.237885 0.339207 0.242291 0.343612 0.246696 0.343612 0.251101 0.348018 0.255507 0.348018 0.264317 0.356828 0.268722 0.352423 0.264317 0.348018 0.264317 0.330396 0.255507 0.321586 0.251101 0.325991 0.246696 0.321586
0 0.383260 0.321586 0.378855 0.317181 0.374449 0.317181 0.370044 0.312775 0.365639 0.312775 0.361233 0.308370 0.361233 0.303965 0.356828 0.299559 0.348018 0.308370 0.348018 0.312775 0.339207 0.321586 0.334802 0.321586 0.330396 0.325991 0.325991 0.325991 0.321586 0.321586 0.317181 0.321586 0.312775 0.317181 0.295154 0.317181 0.290749 0.321586 0.290749 0.325991 0.303965 0.339207 0.308370 0.339207 0.312775 0.343612 0.330396 0.343612 0.334802 0.339207 0.334802 0.330396 0.339207 0.325991 0.343612 0.325991 0.348018 0.321586 0.352423 0.325991 0.370044 0.325991 0.374449 0.330396 0.378855 0.330396 0.383260 0.325991
0 0.704846 0.286344 0.709251 0.286344 0.713656 0.290749 0.713656 0.295154 0.718062 0.299559 0.744493 0.299559 0.748899 0.295154 0.748899 0.290749 0.744493 0.286344 0.731278 0.286344 0.726872 0.281938 0.713656 0.281938 0.709251 0.286344
0 0.000000 0.273128 0.000000 0.334802 0.079295 0.365639 0.140969 0.414097 0.193833 0.427313 0.361233 0.568282 0.480176 0.616740 0.488987 0.634361 0.458150 0.643172 0.370044 0.594714 0.356828 0.612335 0.370044 0.629956 0.383260 0.625551 0.427313 0.651982 0.471366 0.647577 0.568282 0.687225 0.590308 0.722467 0.638767 0.735683 0.726872 0.823789 0.801762 0.863436 0.845815 0.920705 0.995595 0.925110 0.991189 0.885463 0.854626 0.889868 0.806167 0.828194 0.828194 0.788546 0.841410 0.784141 0.863436 0.806167 0.854626 0.784141 0.885463 0.770925 0.995595 0.784141 0.995595 0.748899 0.929515 0.726872 0.898678 0.740088 0.837004 0.731278 0.837004 0.753304 0.810573 0.766520 0.801762 0.788546 0.766520 0.797357 0.753304 0.770925 0.722467 0.757709 0.629956 0.669604 0.603524 0.665198 0.581498 0.634361 0.550661 0.621145 0.555066 0.590308 0.524229 0.612335 0.497797 0.594714 0.475771 0.546256 0.444934 0.533040 0.422908 0.502203 0.422908 0.480176 0.444934 0.449339 0.418502 0.436123 0.418502 0.418502 0.339207 0.378855 0.312775 0.405286 0.325991 0.418502 0.356828 0.400881 0.418502 0.436123 0.405286 0.519824 0.392070 0.528634 0.211454 0.374449 0.127753 0.348018 0.052863 0.281938
0 0.638767 0.277533 0.651982 0.290749 0.656388 0.290749 0.660793 0.295154 0.682819 0.295154 0.691630 0.286344 0.696035 0.286344 0.691630 0.286344 0.687225 0.281938 0.669604 0.281938 0.665198 0.277533 0.660793 0.277533 0.651982 0.268722 0.647577 0.268722
0 0.251101 0.273128 0.251101 0.281938 0.255507 0.286344 0.259912 0.286344 0.264317 0.290749 0.273128 0.281938 0.277533 0.281938 0.281938 0.277533 0.286344 0.277533 0.290749 0.281938 0.299559 0.281938 0.303965 0.286344 0.308370 0.286344 0.317181 0.295154 0.321586 0.290749 0.308370 0.277533 0.308370 0.273128 0.303965 0.268722 0.295154 0.268722 0.286344 0.277533 0.281938 0.277533 0.277533 0.281938 0.273128 0.277533 0.268722 0.277533 0.259912 0.268722 0.255507 0.268722
0 0.942731 0.268722 0.933921 0.259912 0.925110 0.259912 0.920705 0.264317 0.911894 0.264317 0.903084 0.273128 0.898678 0.273128 0.894273 0.277533 0.889868 0.277533 0.885463 0.281938 0.881057 0.277533 0.876652 0.281938 0.881057 0.286344 0.885463 0.281938 0.898678 0.281938 0.903084 0.286344 0.907489 0.286344 0.911894 0.281938 0.920705 0.281938 0.925110 0.286344 0.929515 0.281938 0.933921 0.286344 0.942731 0.277533
0 0.797357 0.246696 0.797357 0.255507 0.801762 0.259912 0.806167 0.259912 0.810573 0.264317 0.823789 0.264317 0.828194 0.259912 0.845815 0.259912 0.850220 0.255507 0.845815 0.251101 0.841410 0.251101 0.832599 0.242291 0.828194 0.242291 0.823789 0.237885 0.806167 0.237885
0 0.422908 0.193833 0.418502 0.193833 0.414097 0.198238 0.414097 0.202643 0.409692 0.207048 0.405286 0.207048 0.400881 0.211454 0.396476 0.207048 0.387665 0.215859 0.383260 0.215859 0.378855 0.220264 0.370044 0.220264 0.365639 0.224670 0.356828 0.224670 0.352423 0.229075 0.352423 0.251101 0.348018 0.255507 0.361233 0.268722 0.361233 0.273128 0.370044 0.281938 0.378855 0.281938 0.383260 0.277533 0.383260 0.273128 0.365639 0.255507 0.365639 0.246696 0.374449 0.237885 0.378855 0.237885 0.392070 0.224670 0.392070 0.220264 0.400881 0.211454 0.405286 0.211454 0.409692 0.207048 0.414097 0.211454 0.418502 0.211454 0.431718 0.224670 0.436123 0.224670 0.440529 0.220264 0.440529 0.211454
0 0.691630 0.193833 0.691630 0.198238 0.704846 0.211454 0.718062 0.198238 0.722467 0.198238 0.726872 0.193833 0.731278 0.198238 0.735683 0.198238 0.740088 0.202643 0.748899 0.202643 0.753304 0.198238 0.753304 0.189427 0.744493 0.180617 0.735683 0.180617 0.731278 0.185022 0.726872 0.185022 0.722467 0.189427 0.718062 0.189427 0.713656 0.185022 0.709251 0.185022 0.704846 0.180617
0 0.074890 0.180617 0.070485 0.185022 0.070485 0.189427 0.057269 0.202643 0.066079 0.211454 0.070485 0.211454 0.074890 0.215859 0.083700 0.207048 0.083700 0.193833 0.079295 0.189427 0.079295 0.185022
0 0.110132 0.176211 0.110132 0.180617 0.114537 0.185022 0.118943 0.185022 0.127753 0.193833 0.132159 0.193833 0.145374 0.207048 0.149780 0.207048 0.154185 0.211454 0.158590 0.211454 0.162996 0.207048 0.167401 0.207048 0.162996 0.207048 0.154185 0.198238 0.154185 0.193833 0.132159 0.171806 0.127753 0.171806 0.123348 0.167401 0.118943 0.171806 0.114537 0.171806
0 0.977974 0.162996 0.964758 0.149780 0.955947 0.149780 0.951542 0.154185 0.947137 0.154185 0.933921 0.167401 0.933921 0.171806 0.929515 0.176211 0.925110 0.176211 0.920705 0.180617 0.916300 0.176211 0.903084 0.176211 0.898678 0.180617 0.898678 0.185022 0.903084 0.189427 0.907489 0.189427 0.911894 0.185022 0.916300 0.185022 0.920705 0.180617 0.929515 0.180617 0.933921 0.185022 0.938326 0.185022 0.942731 0.189427 0.955947 0.176211 0.960352 0.176211 0.964758 0.171806 0.969163 0.171806
0 0.616740 0.154185 0.616740 0.158590 0.621145 0.162996 0.625551 0.162996 0.629956 0.167401 0.634361 0.167401 0.638767 0.171806 0.651982 0.171806 0.656388 0.176211 0.660793 0.176211 0.665198 0.180617 0.669604 0.180617 0.674009 0.176211 0.669604 0.171806 0.665198 0.171806 0.660793 0.167401 0.656388 0.167401 0.638767 0.149780 0.629956 0.149780 0.625551 0.145374
0 0.832599 0.140969 0.828194 0.145374 0.832599 0.149780 0.832599 0.162996 0.828194 0.167401 0.828194 0.176211 0.832599 0.180617 0.832599 0.185022 0.837004 0.189427 0.837004 0.193833 0.845815 0.202643 0.850220 0.202643 0.854626 0.198238 0.854626 0.176211 0.859031 0.171806 0.841410 0.154185 0.841410 0.145374 0.837004 0.140969
0 0.259912 0.132159 0.255507 0.136564 0.255507 0.149780 0.259912 0.154185 0.273128 0.154185 0.281938 0.145374 0.281938 0.136564 0.277533 0.132159
0 0.162996 0.127753 0.162996 0.140969 0.167401 0.145374 0.176211 0.145374 0.180617 0.140969 0.185022 0.140969 0.189427 0.145374 0.207048 0.145374 0.215859 0.136564 0.207048 0.127753 0.180617 0.127753 0.176211 0.123348 0.167401 0.123348
0 0.577093 0.105727 0.577093 0.096916 0.568282 0.088106 0.550661 0.088106 0.541850 0.096916 0.537445 0.096916 0.533040 0.101322 0.528634 0.101322 0.524229 0.096916 0.519824 0.096916 0.515419 0.092511 0.511013 0.092511 0.506608 0.096916 0.506608 0.101322 0.519824 0.114537 0.533040 0.114537 0.537445 0.110132 0.541850 0.110132 0.546256 0.105727 0.550661 0.110132 0.563877 0.110132 0.568282 0.114537
0 0.947137 0.079295 0.938326 0.088106 0.938326 0.092511 0.942731 0.096916 0.947137 0.096916 0.951542 0.101322 0.955947 0.101322 0.960352 0.105727 0.964758 0.105727 0.969163 0.110132 0.977974 0.101322 0.977974 0.096916 0.964758 0.083700 0.960352 0.083700 0.955947 0.079295
0 0.837004 0.066079 0.832599 0.070485 0.832599 0.079295 0.837004 0.083700 0.837004 0.096916 0.850220 0.110132 0.854626 0.110132 0.863436 0.101322 0.863436 0.088106 0.859031 0.083700 0.854626 0.083700
0 0.277533 0.066079 0.268722 0.074890 0.268722 0.079295 0.273128 0.083700 0.273128 0.088106 0.281938 0.096916 0.286344 0.096916 0.295154 0.105727 0.308370 0.105727 0.317181 0.096916 0.312775 0.092511 0.312775 0.088106 0.299559 0.074890 0.295154 0.074890 0.290749 0.070485 0.281938 0.070485
0 0.422908 0.079295 0.414097 0.079295 0.405286 0.088106 0.400881 0.088106 0.396476 0.092511 0.392070 0.092511 0.387665 0.088106 0.383260 0.088106 0.378855 0.083700 0.378855 0.066079 0.383260 0.061674 0.378855 0.057269 0.374449 0.057269 0.370044 0.052863 0.365639 0.057269 0.365639 0.061674 0.356828 0.070485 0.356828 0.074890 0.352423 0.079295 0.352423 0.088106 0.343612 0.096916 0.343612 0.101322 0.348018 0.105727 0.348018 0.118943 0.339207 0.127753 0.348018 0.136564 0.348018 0.145374 0.343612 0.149780 0.339207 0.149780 0.334802 0.154185 0.330396 0.154185 0.325991 0.158590 0.321586 0.158590 0.317181 0.154185 0.312775 0.158590 0.317181 0.162996 0.321586 0.158590 0.325991 0.162996 0.330396 0.162996 0.339207 0.171806 0.343612 0.167401 0.343612 0.158590 0.348018 0.154185 0.352423 0.154185 0.356828 0.149780 0.361233 0.154185 0.365639 0.154185 0.370044 0.158590 0.383260 0.158590 0.387665 0.154185 0.387665 0.149780 0.392070 0.145374 0.392070 0.136564 0.396476 0.132159 0.396476 0.127753 0.392070 0.123348 0.387665 0.123348 0.383260 0.118943 0.383260 0.105727 0.387665 0.101322 0.392070 0.101322 0.396476 0.096916 0.400881 0.096916 0.405286 0.101322 0.409692 0.101322 0.414097 0.105727 0.414097 0.114537 0.418502 0.118943 0.427313 0.118943 0.436123 0.110132 0.436123 0.101322 0.431718 0.096916 0.431718 0.092511 0.427313 0.088106 0.427313 0.083700
0 0.092511 0.057269 0.092511 0.070485 0.110132 0.088106 0.114537 0.088106 0.118943 0.092511 0.132159 0.092511 0.140969 0.083700 0.145374 0.083700 0.140969 0.083700 0.136564 0.079295 0.132159 0.079295 0.127753 0.074890 0.123348 0.074890 0.110132 0.061674 0.110132 0.057269 0.105727 0.052863 0.101322 0.057269 0.096916 0.052863
0 0.603524 0.057269 0.612335 0.066079 0.621145 0.066079 0.625551 0.061674 0.629956 0.061674 0.634361 0.057269 0.638767 0.057269 0.647577 0.048458 0.643172 0.044053 0.616740 0.044053 0.612335 0.048458 0.607930 0.048458 0.603524 0.052863
0 0.246696 0.057269 0.237885 0.048458 0.237885 0.044053 0.233480 0.039648 0.224670 0.039648 0.220264 0.044053 0.215859 0.039648 0.198238 0.039648 0.193833 0.044053 0.193833 0.048458 0.185022 0.057269 0.180617 0.057269 0.176211 0.061674 0.176211 0.070485 0.171806 0.074890 0.167401 0.074890 0.158590 0.083700 0.154185 0.083700 0.158590 0.083700 0.162996 0.088106 0.162996 0.092511 0.167401 0.096916 0.171806 0.096916 0.176211 0.092511 0.176211 0.079295 0.180617 0.074890 0.185022 0.074890 0.189427 0.070485 0.193833 0.070485 0.198238 0.066079 0.198238 0.057269 0.202643 0.052863 0.207048 0.052863 0.211454 0.048458 0.215859 0.052863 0.220264 0.052863 0.224670 0.057269 0.229075 0.057269 0.233480 0.061674 0.242291 0.061674
0 0.872247 0.000000 0.872247 0.017621 0.876652 0.022026 0.881057 0.022026 0.885463 0.026432 0.894273 0.017621 0.894273 0.000000
0 0.502203 0.000000 0.511013 0.008811 0.515419 0.004405 0.519824 0.004405 0.524229 0.000000 0.528634 0.004405 0.533040 0.004405 0.541850 0.013216 0.541850 0.039648 0.550661 0.048458 0.555066 0.048458 0.559471 0.052863 0.568282 0.044053 0.568282 0.039648 0.555066 0.026432 0.555066 0.017621 0.550661 0.013216 0.550661 0.000000
0 0.308370 0.017621 0.321586 0.030837 0.325991 0.030837 0.330396 0.035242 0.356828 0.035242 0.361233 0.030837 0.365639 0.030837 0.370044 0.026432 0.374449 0.026432 0.378855 0.022026 0.383260 0.026432 0.387665 0.026432 0.396476 0.035242 0.400881 0.035242 0.405286 0.039648 0.409692 0.039648 0.414097 0.044053 0.427313 0.044053 0.431718 0.039648 0.431718 0.035242 0.427313 0.030837 0.422908 0.030837 0.418502 0.026432 0.418502 0.022026 0.409692 0.013216 0.405286 0.017621 0.400881 0.017621 0.396476 0.013216 0.392070 0.013216 0.387665 0.008811 0.387665 0.000000 0.343612 0.000000 0.343612 0.004405 0.334802 0.013216 0.330396 0.013216 0.325991 0.017621 0.321586 0.017621 0.317181 0.013216 0.312775 0.013216
