0 0.823789 0.889868 0.828194 0.894273 0.832599 0.894273 0.837004 0.898678 0.854626 0.898678 0.859031 0.894273 0.863436 0.898678 0.867841 0.894273 0.881057 0.894273 0.885463 0.889868 0.881057 0.885463 0.867841 0.885463 0.863436 0.889868 0.859031 0.885463 0.837004 0.885463 0.832599 0.889868 0.828194 0.885463
0 0.775330 0.784141 0.770925 0.788546 0.770925 0.810573 0.766520 0.814978 0.766520 0.823789 0.762115 0.828194 0.762115 0.837004 0.766520 0.841410 0.779736 0.841410 0.784141 0.837004 0.779736 0.832599 0.779736 0.823789 0.775330 0.819383 0.775330 0.801762 0.779736 0.797357 0.779736 0.788546
0 0.317181 0.770925 0.308370 0.779736 0.308370 0.792952 0.303965 0.797357 0.303965 0.801762 0.308370 0.806167 0.308370 0.819383 0.312775 0.823789 0.312775 0.837004 0.308370 0.841410 0.308370 0.850220 0.303965 0.854626 0.299559 0.854626 0.295154 0.859031 0.290749 0.859031 0.286344 0.863436 0.286344 0.867841 0.290749 0.872247 0.290749 0.876652 0.295154 0.881057 0.299559 0.881057 0.303965 0.876652 0.303965 0.867841 0.312775 0.859031 0.312775 0.845815 0.317181 0.841410 0.312775 0.837004 0.312775 0.828194 0.317181 0.823789 0.321586 0.823789 0.325991 0.819383 0.325991 0.797357 0.321586 0.792952 0.321586 0.775330
0 0.414097 0.691630 0.409692 0.691630 0.405286 0.696035 0.409692 0.700441 0.409692 0.740088 0.392070 0.757709 0.396476 0.762115 0.396476 0.766520 0.400881 0.770925 0.405286 0.766520 0.414097 0.766520 0.418502 0.762115 0.418502 0.753304 0.422908 0.748899 0.422908 0.731278 0.427313 0.726872 0.427313 0.700441 0.422908 0.696035 0.418502 0.696035
0 0.321586 0.674009 0.312775 0.674009 0.299559 0.687225 0.299559 0.691630 0.308370 0.700441 0.312775 0.700441 0.317181 0.704846 0.321586 0.700441 0.321586 0.691630 0.325991 0.687225 0.325991 0.678414
0 0.436123 0.603524 0.427313 0.594714 0.414097 0.607930 0.409692 0.607930 0.405286 0.612335 0.400881 0.612335 0.396476 0.607930 0.392070 0.607930 0.387665 0.603524 0.374449 0.603524 0.370044 0.607930 0.339207 0.607930 0.330396 0.616740 0.330396 0.621145 0.334802 0.625551 0.365639 0.625551 0.370044 0.629956 0.374449 0.625551 0.392070 0.625551 0.396476 0.621145 0.405286 0.621145 0.409692 0.625551 0.414097 0.625551 0.418502 0.629956 0.422908 0.629956 0.427313 0.634361 0.431718 0.629956 0.431718 0.607930
0 0.268722 0.484582 0.259912 0.484582 0.255507 0.488987 0.255507 0.493392 0.251101 0.497797 0.251101 0.511013 0.242291 0.519824 0.242291 0.524229 0.246696 0.528634 0.251101 0.524229 0.251101 0.519824 0.264317 0.506608 0.268722 0.506608 0.273128 0.502203 0.273128 0.488987
0 0.325991 0.409692 0.317181 0.409692 0.312775 0.414097 0.312775 0.422908 0.308370 0.427313 0.308370 0.449339 0.299559 0.458150 0.299559 0.466960 0.308370 0.475771 0.312775 0.475771 0.317181 0.471366 0.317181 0.458150 0.321586 0.453745 0.321586 0.444934 0.325991 0.440529 0.325991 0.431718 0.330396 0.427313 0.330396 0.414097
0 0.841410 0.400881 0.837004 0.405286 0.837004 0.418502 0.832599 0.422908 0.832599 0.427313 0.828194 0.431718 0.832599 0.436123 0.837004 0.436123 0.845815 0.444934 0.850220 0.444934 0.854626 0.440529 0.850220 0.436123 0.850220 0.431718 0.845815 0.427313 0.845815 0.418502 0.850220 0.414097 0.845815 0.409692 0.845815 0.405286
0 0.920705 0.348018 0.894273 0.374449 0.894273 0.378855 0.889868 0.383260 0.889868 0.409692 0.881057 0.418502 0.881057 0.427313 0.885463 0.431718 0.889868 0.427313 0.894273 0.431718 0.898678 0.431718 0.911894 0.444934 0.916300 0.444934 0.920705 0.449339 0.925110 0.449339 0.929515 0.453745 0.933921 0.453745 0.938326 0.449339 0.938326 0.414097 0.942731 0.409692 0.942731 0.396476 0.947137 0.392070 0.947137 0.387665 0.942731 0.383260 0.942731 0.378855 0.938326 0.374449 0.938326 0.370044 0.929515 0.361233 0.929515 0.356828 0.925110 0.352423 0.925110 0.348018
0 0.374449 0.317181 0.370044 0.321586 0.370044 0.330396 0.365639 0.334802 0.365639 0.348018 0.361233 0.352423 0.361233 0.356828 0.356828 0.361233 0.352423 0.361233 0.348018 0.365639 0.343612 0.365639 0.339207 0.370044 0.339207 0.374449 0.348018 0.383260 0.356828 0.383260 0.365639 0.374449 0.365639 0.370044 0.374449 0.361233 0.374449 0.356828 0.378855 0.352423 0.378855 0.321586
0 0.158590 0.299559 0.149780 0.308370 0.149780 0.325991 0.154185 0.330396 0.154185 0.339207 0.162996 0.348018 0.167401 0.348018 0.171806 0.343612 0.171806 0.334802 0.167401 0.330396 0.167401 0.312775 0.162996 0.308370 0.162996 0.303965
0 0.832599 0.237885 0.832599 0.251101 0.837004 0.255507 0.859031 0.255507 0.863436 0.251101 0.867841 0.251101 0.872247 0.246696 0.876652 0.251101 0.881057 0.251101 0.885463 0.255507 0.894273 0.255507 0.898678 0.251101 0.898678 0.242291 0.889868 0.233480 0.885463 0.233480 0.881057 0.237885 0.876652 0.237885 0.872247 0.242291 0.867841 0.242291 0.863436 0.237885 0.859031 0.237885 0.854626 0.233480 0.850220 0.233480 0.841410 0.224670 0.837004 0.229075 0.837004 0.233480
0 0.480176 0.176211 0.475771 0.180617 0.475771 0.193833 0.480176 0.198238 0.480176 0.215859 0.475771 0.220264 0.475771 0.224670 0.484582 0.233480 0.484582 0.246696 0.506608 0.268722 0.506608 0.273128 0.511013 0.277533 0.511013 0.312775 0.515419 0.317181 0.515419 0.321586 0.519824 0.325991 0.519824 0.330396 0.524229 0.334802 0.524229 0.339207 0.528634 0.343612 0.533040 0.339207 0.537445 0.343612 0.541850 0.343612 0.546256 0.348018 0.546256 0.352423 0.550661 0.356828 0.550661 0.361233 0.555066 0.365639 0.559471 0.361233 0.559471 0.348018 0.555066 0.343612 0.555066 0.334802 0.550661 0.330396 0.550661 0.321586 0.546256 0.317181 0.546256 0.286344 0.541850 0.281938 0.541850 0.259912 0.546256 0.255507 0.546256 0.246696 0.541850 0.242291 0.528634 0.255507 0.524229 0.255507 0.519824 0.259912 0.515419 0.259912 0.511013 0.255507 0.506608 0.255507 0.488987 0.237885 0.488987 0.229075 0.497797 0.220264 0.497797 0.211454 0.506608 0.202643 0.502203 0.198238 0.497797 0.198238 0.493392 0.193833 0.488987 0.193833 0.484582 0.189427 0.484582 0.180617
0 0.740088 0.167401 0.740088 0.171806 0.744493 0.176211 0.744493 0.180617 0.748899 0.185022 0.779736 0.185022 0.784141 0.180617 0.784141 0.167401 0.779736 0.162996 0.762115 0.162996 0.757709 0.158590 0.753304 0.162996 0.744493 0.162996
0 0.568282 0.154185 0.559471 0.162996 0.559471 0.167401 0.550661 0.176211 0.550661 0.193833 0.546256 0.198238 0.546256 0.202643 0.550661 0.207048 0.555066 0.202643 0.555066 0.198238 0.559471 0.193833 0.559471 0.189427 0.572687 0.176211 0.572687 0.171806 0.577093 0.167401 0.577093 0.162996
0 0.502203 0.052863 0.497797 0.057269 0.493392 0.052863 0.484582 0.061674 0.484582 0.066079 0.480176 0.070485 0.480176 0.079295 0.475771 0.083700 0.475771 0.101322 0.480176 0.105727 0.480176 0.114537 0.475771 0.118943 0.484582 0.127753 0.488987 0.127753 0.493392 0.123348 0.488987 0.118943 0.488987 0.101322 0.493392 0.096916 0.493392 0.092511 0.497797 0.088106 0.497797 0.074890 0.506608 0.066079 0.506608 0.057269
0 0.625551 0.000000 0.590308 0.026432 0.581498 0.057269 0.594714 0.079295 0.572687 0.088106 0.563877 0.110132 0.625551 0.176211 0.612335 0.193833 0.594714 0.189427 0.599119 0.202643 0.621145 0.207048 0.621145 0.233480 0.599119 0.237885 0.594714 0.251101 0.612335 0.264317 0.621145 0.334802 0.603524 0.339207 0.599119 0.352423 0.625551 0.361233 0.625551 0.400881 0.572687 0.418502 0.533040 0.378855 0.519824 0.383260 0.502203 0.370044 0.480176 0.400881 0.488987 0.414097 0.511013 0.392070 0.528634 0.392070 0.555066 0.418502 0.577093 0.466960 0.577093 0.524229 0.550661 0.550661 0.546256 0.603524 0.519824 0.629956 0.550661 0.651982 0.515419 0.687225 0.524229 0.696035 0.519824 0.740088 0.541850 0.770925 0.502203 0.806167 0.480176 0.784141 0.480176 0.806167 0.453745 0.819383 0.462555 0.832599 0.484582 0.819383 0.497797 0.823789 0.555066 0.881057 0.555066 0.894273 0.528634 0.911894 0.506608 0.881057 0.471366 0.894273 0.497797 0.947137 0.488987 0.995595 0.497797 0.995595 0.511013 0.951542 0.497797 0.925110 0.519824 0.907489 0.537445 0.916300 0.541850 0.933921 0.568282 0.942731 0.581498 0.964758 0.577093 0.986784 0.550661 0.982379 0.546256 0.995595 0.585903 0.995595 0.590308 0.986784 0.585903 0.951542 0.563877 0.929515 0.559471 0.801762 0.568282 0.792952 0.563877 0.770925 0.550661 0.762115 0.550661 0.718062 0.563877 0.682819 0.682819 0.533040 0.682819 0.497797 0.651982 0.466960 0.634361 0.405286 0.634361 0.334802 0.621145 0.290749 0.634361 0.162996 0.603524 0.136564
0 0.264317 0.000000 0.251101 0.000000 0.251101 0.004405 0.242291 0.013216 0.237885 0.013216 0.233480 0.017621 0.224670 0.017621 0.220264 0.022026 0.220264 0.026432 0.224670 0.030837 0.224670 0.039648 0.220264 0.044053 0.215859 0.044053 0.211454 0.048458 0.224670 0.061674 0.229075 0.061674 0.233480 0.057269 0.229075 0.052863 0.229075 0.048458 0.224670 0.044053 0.224670 0.035242 0.229075 0.030837 0.233480 0.030837 0.237885 0.026432 0.242291 0.026432 0.246696 0.022026 0.251101 0.022026 0.264317 0.008811
