0 0.000000 0.947137 0.000000 0.951542 0.004405 0.955947 0.008811 0.955947 0.017621 0.964758 0.022026 0.964758 0.026432 0.960352 0.030837 0.960352 0.039648 0.951542 0.035242 0.947137 0.026432 0.947137 0.022026 0.942731 0.008811 0.942731 0.004405 0.947137
0 0.643172 0.938326 0.647577 0.942731 0.651982 0.942731 0.665198 0.955947 0.665198 0.960352 0.669604 0.964758 0.669604 0.969163 0.678414 0.977974 0.687225 0.977974 0.691630 0.982379 0.696035 0.977974 0.700441 0.977974 0.700441 0.973568 0.682819 0.955947 0.682819 0.942731 0.687225 0.938326 0.682819 0.933921 0.678414 0.938326 0.674009 0.938326 0.669604 0.942731 0.665198 0.942731 0.660793 0.938326 0.656388 0.938326 0.651982 0.933921 0.647577 0.933921
0 0.057269 0.925110 0.057269 0.938326 0.061674 0.942731 0.092511 0.942731 0.096916 0.947137 0.101322 0.947137 0.105727 0.951542 0.105727 0.960352 0.101322 0.964758 0.101322 0.969163 0.110132 0.977974 0.136564 0.977974 0.140969 0.982379 0.154185 0.982379 0.162996 0.973568 0.162996 0.969163 0.167401 0.964758 0.171806 0.964758 0.176211 0.960352 0.180617 0.960352 0.207048 0.977974 0.220264 0.977974 0.224670 0.982379 0.233480 0.982379 0.237885 0.986784 0.242291 0.986784 0.246696 0.991189 0.246696 0.995595 0.264317 0.995595 0.264317 0.986784 0.259912 0.982379 0.255507 0.982379 0.237885 0.964758 0.237885 0.960352 0.233480 0.955947 0.233480 0.942731 0.237885 0.938326 0.237885 0.933921 0.229075 0.925110 0.220264 0.938326 0.224670 0.942731 0.224670 0.955947 0.211454 0.964758 0.198238 0.964758 0.193833 0.960352 0.189427 0.960352 0.185022 0.955947 0.185022 0.947137 0.176211 0.938326 0.167401 0.947137 0.167401 0.951542 0.154185 0.960352 0.118943 0.960352 0.105727 0.951542 0.105727 0.933921 0.096916 0.925110 0.083700 0.925110 0.079295 0.920705 0.061674 0.920705
0 0.264317 0.916300 0.264317 0.920705 0.273128 0.929515 0.286344 0.929515 0.290749 0.925110 0.321586 0.925110 0.325991 0.920705 0.330396 0.925110 0.339207 0.925110 0.343612 0.929515 0.348018 0.929515 0.352423 0.925110 0.356828 0.925110 0.361233 0.920705 0.356828 0.916300 0.348018 0.916300 0.343612 0.911894 0.334802 0.911894 0.330396 0.907489 0.325991 0.907489 0.321586 0.903084 0.303965 0.903084 0.299559 0.907489 0.281938 0.907489 0.277533 0.911894 0.268722 0.911894
0 0.903084 0.894273 0.907489 0.898678 0.911894 0.898678 0.916300 0.903084 0.920705 0.903084 0.925110 0.907489 0.925110 0.920705 0.920705 0.925110 0.920705 0.938326 0.929515 0.947137 0.942731 0.947137 0.947137 0.942731 0.951542 0.942731 0.955947 0.938326 0.960352 0.938326 0.969163 0.929515 0.969163 0.920705 0.964758 0.916300 0.964758 0.911894 0.960352 0.907489 0.955947 0.907489 0.951542 0.903084 0.947137 0.903084 0.942731 0.898678 0.942731 0.894273 0.933921 0.885463 0.929515 0.885463 0.925110 0.889868 0.920705 0.885463 0.916300 0.885463 0.911894 0.889868 0.907489 0.889868
0 0.722467 0.885463 0.722467 0.898678 0.731278 0.907489 0.735683 0.907489 0.740088 0.903084 0.740088 0.894273 0.753304 0.885463 0.766520 0.894273 0.792952 0.894273 0.797357 0.889868 0.801762 0.894273 0.806167 0.894273 0.819383 0.907489 0.819383 0.916300 0.814978 0.920705 0.814978 0.938326 0.810573 0.942731 0.806167 0.942731 0.801762 0.947137 0.797357 0.942731 0.792952 0.942731 0.779736 0.929515 0.770925 0.929515 0.753304 0.947137 0.753304 0.964758 0.762115 0.973568 0.770925 0.964758 0.770925 0.955947 0.779736 0.947137 0.784141 0.947137 0.788546 0.942731 0.801762 0.951542 0.801762 0.960352 0.806167 0.964758 0.814978 0.964758 0.819383 0.960352 0.819383 0.951542 0.823789 0.947137 0.823789 0.938326 0.828194 0.933921 0.828194 0.916300 0.837004 0.907489 0.841410 0.907489 0.845815 0.903084 0.850220 0.907489 0.854626 0.903084 0.850220 0.898678 0.837004 0.907489 0.832599 0.903084 0.828194 0.903084 0.819383 0.894273 0.814978 0.894273 0.810573 0.898678 0.806167 0.894273 0.801762 0.894273 0.792952 0.885463 0.784141 0.885463 0.770925 0.876652 0.766520 0.876652 0.757709 0.885463 0.753304 0.885463 0.748899 0.889868 0.735683 0.881057 0.726872 0.881057
0 0.876652 0.850220 0.872247 0.854626 0.872247 0.863436 0.876652 0.867841 0.876652 0.876652 0.881057 0.881057 0.885463 0.881057 0.889868 0.876652 0.889868 0.867841 0.894273 0.863436 0.894273 0.854626 0.889868 0.850220
0 0.669604 0.845815 0.665198 0.850220 0.660793 0.850220 0.656388 0.854626 0.656388 0.867841 0.669604 0.881057 0.674009 0.881057 0.678414 0.876652 0.678414 0.859031 0.674009 0.854626 0.674009 0.845815
0 0.550661 0.784141 0.550661 0.788546 0.555066 0.792952 0.559471 0.792952 0.563877 0.788546 0.568282 0.788546 0.572687 0.792952 0.577093 0.792952 0.581498 0.797357 0.581498 0.806167 0.585903 0.810573 0.599119 0.810573 0.603524 0.806167 0.607930 0.806167 0.612335 0.801762 0.607930 0.797357 0.594714 0.797357 0.590308 0.792952 0.585903 0.792952 0.581498 0.797357 0.577093 0.792952 0.572687 0.792952 0.568282 0.788546 0.568282 0.779736 0.563877 0.775330 0.559471 0.775330
0 0.440529 0.766520 0.422908 0.779736 0.422908 0.788546 0.418502 0.792952 0.431718 0.801762 0.431718 0.823789 0.444934 0.837004 0.449339 0.837004 0.453745 0.841410 0.466960 0.832599 0.480176 0.837004 0.488987 0.845815 0.488987 0.859031 0.484582 0.863436 0.471366 0.867841 0.458150 0.889868 0.453745 0.889868 0.440529 0.898678 0.436123 0.898678 0.431718 0.894273 0.422908 0.894273 0.418502 0.898678 0.414097 0.898678 0.414097 0.911894 0.418502 0.916300 0.431718 0.916300 0.444934 0.907489 0.453745 0.907489 0.466960 0.916300 0.466960 0.933921 0.462555 0.938326 0.462555 0.942731 0.444934 0.955947 0.440529 0.955947 0.436123 0.951542 0.431718 0.951542 0.427313 0.955947 0.431718 0.960352 0.436123 0.960352 0.440529 0.955947 0.444934 0.955947 0.449339 0.960352 0.458150 0.951542 0.471366 0.947137 0.475771 0.942731 0.475771 0.938326 0.488987 0.929515 0.511013 0.938326 0.515419 0.942731 0.515419 0.951542 0.519824 0.951542 0.524229 0.947137 0.528634 0.947137 0.546256 0.929515 0.541850 0.925110 0.533040 0.925110 0.519824 0.916300 0.511013 0.916300 0.488987 0.929515 0.484582 0.925110 0.471366 0.920705 0.462555 0.911894 0.462555 0.903084 0.493392 0.863436 0.497797 0.863436 0.502203 0.859031 0.519824 0.872247 0.537445 0.859031 0.528634 0.850220 0.528634 0.845815 0.502203 0.823789 0.488987 0.823789 0.475771 0.832599 0.458150 0.819383 0.453745 0.819383 0.444934 0.810573 0.440529 0.810573 0.436123 0.806167 0.436123 0.792952 0.444934 0.784141 0.444934 0.770925
0 0.674009 0.819383 0.674009 0.828194 0.678414 0.832599 0.678414 0.837004 0.682819 0.837004 0.687225 0.832599 0.696035 0.832599 0.700441 0.828194 0.704846 0.832599 0.709251 0.832599 0.713656 0.837004 0.713656 0.841410 0.718062 0.845815 0.726872 0.845815 0.731278 0.841410 0.735683 0.841410 0.740088 0.837004 0.744493 0.837004 0.748899 0.832599 0.762115 0.832599 0.766520 0.828194 0.775330 0.828194 0.779736 0.832599 0.784141 0.832599 0.788546 0.837004 0.801762 0.837004 0.806167 0.832599 0.788546 0.814978 0.775330 0.814978 0.770925 0.819383 0.766520 0.814978 0.762115 0.814978 0.757709 0.810573 0.757709 0.797357 0.753304 0.792952 0.748899 0.792952 0.744493 0.788546 0.744493 0.779736 0.740088 0.775330 0.740088 0.766520 0.735683 0.762115 0.726872 0.770925 0.722467 0.770925 0.718062 0.775330 0.718062 0.779736 0.722467 0.784141 0.731278 0.784141 0.735683 0.788546 0.740088 0.788546 0.744493 0.792952 0.744493 0.801762 0.753304 0.810573 0.753304 0.819383 0.748899 0.823789 0.744493 0.823789 0.740088 0.828194 0.718062 0.828194 0.713656 0.832599 0.709251 0.828194 0.704846 0.828194 0.700441 0.823789 0.700441 0.819383 0.691630 0.810573 0.687225 0.810573 0.682819 0.814978 0.678414 0.814978
0 0.955947 0.735683 0.947137 0.735683 0.942731 0.740088 0.942731 0.748899 0.938326 0.753304 0.942731 0.757709 0.942731 0.766520 0.947137 0.770925 0.947137 0.784141 0.938326 0.792952 0.938326 0.797357 0.942731 0.801762 0.955947 0.788546 0.955947 0.784141 0.960352 0.779736 0.960352 0.770925 0.964758 0.766520 0.964758 0.762115 0.969163 0.757709 0.964758 0.753304 0.964758 0.744493
0 0.920705 0.731278 0.916300 0.726872 0.898678 0.726872 0.894273 0.722467 0.889868 0.722467 0.885463 0.718062 0.863436 0.718062 0.859031 0.722467 0.859031 0.726872 0.854626 0.731278 0.850220 0.731278 0.845815 0.735683 0.850220 0.735683 0.854626 0.740088 0.854626 0.770925 0.850220 0.775330 0.850220 0.784141 0.845815 0.788546 0.841410 0.788546 0.837004 0.792952 0.832599 0.788546 0.823789 0.788546 0.819383 0.784141 0.810573 0.784141 0.806167 0.788546 0.814978 0.797357 0.814978 0.801762 0.828194 0.814978 0.837004 0.806167 0.837004 0.797357 0.841410 0.792952 0.845815 0.792952 0.850220 0.788546 0.854626 0.788546 0.859031 0.792952 0.872247 0.792952 0.876652 0.788546 0.876652 0.784141 0.867841 0.775330 0.867841 0.740088 0.872247 0.735683 0.876652 0.735683 0.881057 0.731278 0.898678 0.731278 0.903084 0.735683 0.911894 0.735683 0.916300 0.740088 0.920705 0.735683
0 0.621145 0.709251 0.607930 0.709251 0.603524 0.713656 0.603524 0.740088 0.599119 0.744493 0.594714 0.744493 0.590308 0.748899 0.594714 0.753304 0.599119 0.753304 0.607930 0.744493 0.612335 0.744493 0.616740 0.740088 0.616740 0.735683 0.629956 0.722467 0.625551 0.718062 0.625551 0.713656
0 0.651982 0.700441 0.656388 0.704846 0.656388 0.709251 0.665198 0.718062 0.669604 0.718062 0.674009 0.722467 0.674009 0.731278 0.678414 0.735683 0.678414 0.740088 0.682819 0.744493 0.687225 0.744493 0.700441 0.731278 0.704846 0.731278 0.709251 0.726872 0.713656 0.731278 0.718062 0.731278 0.726872 0.740088 0.731278 0.740088 0.740088 0.731278 0.740088 0.722467 0.731278 0.713656 0.726872 0.718062 0.722467 0.718062 0.713656 0.726872 0.709251 0.726872 0.704846 0.731278 0.700441 0.726872 0.696035 0.726872 0.687225 0.718062 0.687225 0.704846 0.682819 0.700441 0.674009 0.700441 0.669604 0.696035 0.656388 0.696035
0 0.762115 0.682819 0.762115 0.691630 0.766520 0.696035 0.766520 0.709251 0.762115 0.713656 0.762115 0.718062 0.766520 0.722467 0.766520 0.726872 0.770925 0.731278 0.775330 0.731278 0.779736 0.735683 0.779736 0.740088 0.788546 0.748899 0.788546 0.753304 0.792952 0.757709 0.801762 0.748899 0.801762 0.744493 0.806167 0.740088 0.810573 0.740088 0.814978 0.735683 0.819383 0.735683 0.823789 0.740088 0.828194 0.740088 0.832599 0.735683 0.837004 0.735683 0.837004 0.731278 0.832599 0.731278 0.819383 0.718062 0.814978 0.718062 0.810573 0.722467 0.810573 0.731278 0.806167 0.735683 0.801762 0.735683 0.797357 0.740088 0.792952 0.735683 0.788546 0.735683 0.784141 0.731278 0.779736 0.731278 0.775330 0.726872 0.775330 0.713656 0.770925 0.709251 0.770925 0.700441 0.775330 0.696035 0.779736 0.696035 0.784141 0.691630 0.788546 0.696035 0.792952 0.691630 0.784141 0.682819 0.779736 0.682819 0.775330 0.678414 0.766520 0.678414
0 0.784141 0.643172 0.797357 0.656388 0.801762 0.656388 0.806167 0.660793 0.819383 0.660793 0.828194 0.651982 0.819383 0.643172 0.810573 0.643172 0.806167 0.638767 0.788546 0.638767
0 0.088106 0.629956 0.083700 0.634361 0.079295 0.629956 0.074890 0.629956 0.070485 0.634361 0.070485 0.638767 0.057269 0.651982 0.052863 0.651982 0.048458 0.656388 0.044053 0.656388 0.039648 0.660793 0.022026 0.660793 0.017621 0.656388 0.013216 0.660793 0.004405 0.660793 0.000000 0.665198 0.000000 0.669604 0.004405 0.669604 0.008811 0.674009 0.013216 0.674009 0.017621 0.669604 0.022026 0.669604 0.026432 0.674009 0.030837 0.674009 0.039648 0.682819 0.048458 0.674009 0.048458 0.669604 0.052863 0.665198 0.057269 0.665198 0.070485 0.651982 0.074890 0.651982 0.079295 0.647577 0.083700 0.651982 0.088106 0.647577
0 0.220264 0.638767 0.220264 0.629956 0.215859 0.625551 0.215859 0.616740 0.211454 0.612335 0.207048 0.612335 0.202643 0.616740 0.202643 0.625551 0.198238 0.629956 0.193833 0.629956 0.189427 0.634361 0.185022 0.634361 0.180617 0.629956 0.176211 0.629956 0.167401 0.621145 0.158590 0.621145 0.145374 0.634361 0.149780 0.638767 0.154185 0.634361 0.158590 0.638767 0.162996 0.634361 0.167401 0.638767 0.171806 0.638767 0.176211 0.643172 0.202643 0.643172 0.207048 0.647577 0.211454 0.647577
0 0.947137 0.594714 0.933921 0.607930 0.933921 0.621145 0.929515 0.625551 0.925110 0.625551 0.920705 0.629956 0.920705 0.638767 0.925110 0.643172 0.933921 0.643172 0.938326 0.647577 0.942731 0.643172 0.942731 0.621145 0.947137 0.616740 0.951542 0.616740 0.955947 0.612335 0.960352 0.612335 0.964758 0.607930 0.964758 0.603524 0.960352 0.599119 0.951542 0.599119
0 0.215859 0.590308 0.220264 0.594714 0.242291 0.594714 0.246696 0.599119 0.251101 0.599119 0.255507 0.603524 0.255507 0.607930 0.264317 0.616740 0.273128 0.607930 0.273128 0.594714 0.268722 0.590308 0.259912 0.590308 0.255507 0.585903 0.251101 0.585903 0.246696 0.581498 0.242291 0.581498 0.237885 0.577093 0.224670 0.577093 0.220264 0.581498 0.220264 0.585903
0 0.299559 0.590308 0.308370 0.599119 0.312775 0.599119 0.317181 0.603524 0.325991 0.603524 0.330396 0.599119 0.339207 0.599119 0.343612 0.594714 0.348018 0.594714 0.352423 0.599119 0.356828 0.599119 0.370044 0.612335 0.387665 0.612335 0.392070 0.607930 0.378855 0.594714 0.365639 0.594714 0.361233 0.599119 0.356828 0.599119 0.352423 0.594714 0.348018 0.594714 0.343612 0.590308 0.343612 0.572687 0.334802 0.563877 0.317181 0.563877 0.303965 0.577093 0.303965 0.585903
0 0.000000 0.572687 0.004405 0.572687 0.008811 0.577093 0.017621 0.577093 0.022026 0.581498 0.026432 0.581498 0.030837 0.585903 0.039648 0.585903 0.044053 0.581498 0.048458 0.581498 0.052863 0.577093 0.057269 0.581498 0.070485 0.581498 0.074890 0.585903 0.079295 0.581498 0.083700 0.581498 0.088106 0.585903 0.092511 0.585903 0.096916 0.590308 0.096916 0.599119 0.101322 0.603524 0.101322 0.612335 0.096916 0.616740 0.096916 0.625551 0.101322 0.621145 0.105727 0.625551 0.118943 0.612335 0.118943 0.599119 0.123348 0.594714 0.118943 0.590308 0.114537 0.590308 0.110132 0.585903 0.105727 0.590308 0.101322 0.585903 0.096916 0.585903 0.092511 0.581498 0.092511 0.577093 0.088106 0.572687 0.083700 0.572687 0.079295 0.568282 0.066079 0.568282 0.061674 0.563877 0.052863 0.563877 0.048458 0.568282 0.022026 0.568282 0.017621 0.563877 0.013216 0.568282 0.008811 0.568282 0.004405 0.572687
0 0.942731 0.559471 0.942731 0.563877 0.947137 0.568282 0.960352 0.568282 0.964758 0.563877 0.969163 0.563877 0.973568 0.568282 0.977974 0.568282 0.995595 0.585903 0.995595 0.563877 0.991189 0.559471 0.986784 0.559471 0.982379 0.555066 0.977974 0.555066 0.973568 0.550661 0.964758 0.550661 0.960352 0.546256 0.955947 0.546256
0 0.819383 0.541850 0.810573 0.550661 0.806167 0.550661 0.801762 0.555066 0.797357 0.555066 0.792952 0.550661 0.788546 0.555066 0.784141 0.555066 0.775330 0.563877 0.775330 0.568282 0.779736 0.572687 0.779736 0.585903 0.784141 0.590308 0.784141 0.594714 0.788546 0.594714 0.792952 0.590308 0.792952 0.572687 0.797357 0.568282 0.797357 0.559471 0.801762 0.555066 0.806167 0.555066 0.810573 0.550661 0.814978 0.555066 0.819383 0.555066 0.823789 0.559471 0.828194 0.555066 0.828194 0.550661
0 0.136564 0.528634 0.136564 0.533040 0.140969 0.537445 0.149780 0.537445 0.154185 0.533040 0.162996 0.533040 0.167401 0.537445 0.171806 0.537445 0.176211 0.541850 0.180617 0.541850 0.185022 0.546256 0.193833 0.546256 0.198238 0.550661 0.202643 0.546256 0.207048 0.546256 0.207048 0.541850 0.202643 0.541850 0.185022 0.524229 0.176211 0.524229 0.171806 0.519824 0.162996 0.519824 0.158590 0.515419 0.154185 0.519824 0.145374 0.519824
0 0.039648 0.493392 0.035242 0.497797 0.035242 0.506608 0.039648 0.511013 0.044053 0.511013 0.048458 0.515419 0.052863 0.515419 0.057269 0.519824 0.057269 0.524229 0.061674 0.528634 0.070485 0.528634 0.074890 0.524229 0.074890 0.519824 0.070485 0.515419 0.066079 0.515419 0.061674 0.511013 0.057269 0.511013 0.052863 0.506608 0.052863 0.502203 0.048458 0.497797 0.044053 0.497797
0 0.409692 0.475771 0.409692 0.484582 0.418502 0.493392 0.422908 0.493392 0.427313 0.497797 0.431718 0.497797 0.436123 0.502203 0.440529 0.497797 0.444934 0.497797 0.449339 0.493392 0.449339 0.484582 0.440529 0.475771 0.436123 0.475771 0.431718 0.471366 0.414097 0.471366
0 0.123348 0.471366 0.118943 0.471366 0.105727 0.484582 0.105727 0.515419 0.110132 0.519824 0.123348 0.506608 0.123348 0.493392 0.127753 0.488987 0.127753 0.475771
0 0.572687 0.427313 0.559471 0.440529 0.563877 0.444934 0.563877 0.453745 0.568282 0.458150 0.577093 0.458150 0.581498 0.453745 0.585903 0.453745 0.590308 0.449339 0.585903 0.444934 0.585903 0.440529
0 0.365639 0.418502 0.365639 0.422908 0.374449 0.431718 0.400881 0.431718 0.405286 0.427313 0.409692 0.427313 0.414097 0.431718 0.418502 0.431718 0.431718 0.444934 0.440529 0.444934 0.444934 0.440529 0.440529 0.436123 0.440529 0.431718 0.431718 0.422908 0.427313 0.422908 0.418502 0.414097 0.392070 0.414097 0.387665 0.418502 0.383260 0.414097 0.370044 0.414097
0 0.158590 0.488987 0.162996 0.493392 0.171806 0.493392 0.185022 0.484582 0.171806 0.475771 0.171806 0.462555 0.180617 0.453745 0.185022 0.453745 0.189427 0.449339 0.193833 0.449339 0.198238 0.444934 0.198238 0.436123 0.211454 0.427313 0.237885 0.427313 0.251101 0.436123 0.251101 0.458150 0.246696 0.462555 0.242291 0.462555 0.229075 0.475771 0.233480 0.480176 0.237885 0.475771 0.242291 0.475771 0.246696 0.471366 0.251101 0.471366 0.251101 0.458150 0.264317 0.449339 0.273128 0.449339 0.277533 0.453745 0.281938 0.453745 0.290749 0.462555 0.303965 0.462555 0.308370 0.458150 0.330396 0.458150 0.339207 0.444934 0.339207 0.436123 0.334802 0.431718 0.325991 0.431718 0.312775 0.440529 0.299559 0.440529 0.295154 0.444934 0.281938 0.444934 0.268722 0.436123 0.255507 0.436123 0.251101 0.431718 0.246696 0.431718 0.242291 0.427313 0.242291 0.422908 0.233480 0.414097 0.220264 0.414097 0.215859 0.409692 0.211454 0.409692 0.207048 0.414097 0.207048 0.422908 0.202643 0.427313 0.198238 0.427313 0.193833 0.431718 0.185022 0.431718 0.176211 0.444934 0.171806 0.444934 0.158590 0.453745 0.171806 0.466960 0.171806 0.475771 0.167401 0.480176 0.162996 0.480176 0.158590 0.484582
0 0.088106 0.409692 0.079295 0.400881 0.074890 0.405286 0.070485 0.405286 0.066079 0.409692 0.057269 0.409692 0.052863 0.405286 0.048458 0.405286 0.044053 0.409692 0.044053 0.414097 0.048458 0.418502 0.048458 0.422908 0.052863 0.427313 0.057269 0.427313 0.061674 0.422908 0.066079 0.422908 0.070485 0.418502 0.074890 0.422908 0.079295 0.422908 0.083700 0.418502 0.083700 0.414097
0 0.651982 0.383260 0.638767 0.383260 0.634361 0.387665 0.629956 0.387665 0.625551 0.392070 0.625551 0.400881 0.634361 0.409692 0.643172 0.409692 0.651982 0.400881 0.651982 0.396476 0.656388 0.392070 0.656388 0.387665
0 0.563877 0.370044 0.559471 0.374449 0.559471 0.378855 0.563877 0.383260 0.563877 0.400881 0.572687 0.409692 0.581498 0.409692 0.585903 0.405286 0.585903 0.396476 0.581498 0.392070 0.581498 0.387665 0.577093 0.383260 0.577093 0.378855 0.568282 0.370044
0 0.995595 0.475771 0.947137 0.462555 0.973568 0.436123 0.947137 0.436123 0.907489 0.405286 0.894273 0.356828 0.876652 0.370044 0.885463 0.400881 0.911894 0.418502 0.898678 0.436123 0.841410 0.396476 0.832599 0.365639 0.806167 0.414097 0.779736 0.378855 0.753304 0.396476 0.762115 0.422908 0.696035 0.475771 0.607930 0.511013 0.559471 0.559471 0.440529 0.599119 0.405286 0.634361 0.325991 0.669604 0.378855 0.700441 0.361233 0.735683 0.303965 0.779736 0.242291 0.801762 0.215859 0.788546 0.167401 0.806167 0.132159 0.797357 0.101322 0.766520 0.127753 0.726872 0.110132 0.722467 0.088106 0.744493 0.074890 0.735683 0.088106 0.709251 0.052863 0.700441 0.074890 0.722467 0.061674 0.753304 0.083700 0.762115 0.083700 0.784141 0.052863 0.828194 0.000000 0.832599 0.000000 0.859031 0.070485 0.872247 0.092511 0.898678 0.132159 0.885463 0.202643 0.911894 0.255507 0.867841 0.312775 0.845815 0.348018 0.801762 0.383260 0.797357 0.378855 0.828194 0.396476 0.806167 0.383260 0.788546 0.427313 0.713656 0.471366 0.735683 0.502203 0.713656 0.436123 0.704846 0.436123 0.674009 0.484582 0.656388 0.515419 0.687225 0.537445 0.660793 0.555066 0.674009 0.577093 0.656388 0.621145 0.660793 0.625551 0.643172 0.581498 0.643172 0.563877 0.660793 0.528634 0.643172 0.616740 0.568282 0.651982 0.568282 0.647577 0.616740 0.682819 0.572687 0.669604 0.555066 0.696035 0.541850 0.731278 0.585903 0.731278 0.629956 0.748899 0.603524 0.779736 0.621145 0.779736 0.603524 0.726872 0.577093 0.726872 0.550661 0.709251 0.537445 0.722467 0.519824 0.748899 0.533040 0.735683 0.502203 0.770925 0.475771 0.911894 0.471366 0.947137 0.511013 0.920705 0.511013 0.894273 0.533040 0.863436 0.515419 0.872247 0.541850 0.920705 0.537445 0.947137 0.511013 0.995595 0.533040 0.995595 0.519824 0.964758 0.511013 0.977974 0.493392 0.995595 0.502203
0 0.167401 0.352423 0.162996 0.348018 0.158590 0.348018 0.154185 0.352423 0.154185 0.365639 0.149780 0.370044 0.145374 0.370044 0.140969 0.374449 0.136564 0.374449 0.132159 0.370044 0.123348 0.378855 0.127753 0.383260 0.136564 0.383260 0.140969 0.387665 0.145374 0.387665 0.149780 0.392070 0.154185 0.387665 0.154185 0.383260 0.158590 0.378855 0.158590 0.374449 0.167401 0.365639
0 0.462555 0.339207 0.453745 0.348018 0.458150 0.352423 0.462555 0.352423 0.475771 0.365639 0.475771 0.374449 0.484582 0.383260 0.493392 0.374449 0.493392 0.361233 0.475771 0.343612 0.471366 0.343612 0.466960 0.339207
0 0.700441 0.321586 0.691630 0.330396 0.696035 0.334802 0.696035 0.339207 0.704846 0.348018 0.704846 0.352423 0.709251 0.356828 0.709251 0.374449 0.718062 0.383260 0.722467 0.383260 0.731278 0.374449 0.731278 0.352423 0.726872 0.348018 0.726872 0.343612 0.704846 0.321586
0 0.995595 0.317181 0.986784 0.317181 0.982379 0.321586 0.977974 0.321586 0.969163 0.330396 0.964758 0.330396 0.960352 0.334802 0.955947 0.330396 0.951542 0.330396 0.947137 0.325991 0.942731 0.325991 0.938326 0.321586 0.933921 0.321586 0.929515 0.325991 0.929515 0.330396 0.925110 0.334802 0.938326 0.348018 0.942731 0.348018 0.947137 0.343612 0.955947 0.343612 0.960352 0.339207 0.995595 0.339207
0 0.775330 0.317181 0.766520 0.325991 0.766520 0.334802 0.775330 0.343612 0.779736 0.343612 0.784141 0.348018 0.792952 0.348018 0.797357 0.343612 0.797357 0.325991 0.788546 0.317181
0 0.281938 0.286344 0.286344 0.290749 0.290749 0.290749 0.308370 0.308370 0.312775 0.308370 0.317181 0.312775 0.321586 0.312775 0.325991 0.317181 0.330396 0.317181 0.334802 0.312775 0.330396 0.308370 0.330396 0.299559 0.317181 0.286344 0.290749 0.286344 0.286344 0.281938
0 0.431718 0.303965 0.431718 0.308370 0.436123 0.312775 0.440529 0.312775 0.444934 0.317181 0.449339 0.317181 0.453745 0.312775 0.449339 0.308370 0.449339 0.299559 0.453745 0.295154 0.453745 0.290749 0.458150 0.286344 0.462555 0.286344 0.466960 0.281938 0.480176 0.281938 0.484582 0.286344 0.488987 0.286344 0.497797 0.295154 0.497797 0.308370 0.493392 0.312775 0.493392 0.317181 0.502203 0.325991 0.502203 0.330396 0.506608 0.334802 0.506608 0.339207 0.511013 0.343612 0.515419 0.343612 0.519824 0.339207 0.524229 0.339207 0.528634 0.334802 0.533040 0.339207 0.541850 0.330396 0.537445 0.325991 0.533040 0.325991 0.528634 0.321586 0.524229 0.321586 0.515419 0.312775 0.515419 0.308370 0.511013 0.303965 0.511013 0.295154 0.506608 0.290749 0.506608 0.281938 0.497797 0.273128 0.488987 0.273128 0.484582 0.277533 0.480176 0.273128 0.475771 0.273128 0.471366 0.268722 0.466960 0.268722 0.458150 0.259912 0.453745 0.264317 0.453745 0.286344 0.449339 0.290749 0.444934 0.290749
0 0.559471 0.259912 0.550661 0.268722 0.550661 0.281938 0.563877 0.295154 0.572687 0.295154 0.577093 0.299559 0.590308 0.299559 0.594714 0.295154 0.599119 0.295154 0.607930 0.286344 0.607930 0.277533 0.599119 0.268722 0.594714 0.268722 0.590308 0.264317 0.585903 0.264317 0.577093 0.255507 0.572687 0.259912 0.568282 0.259912 0.563877 0.264317
0 0.079295 0.255507 0.074890 0.259912 0.074890 0.273128 0.079295 0.277533 0.079295 0.281938 0.083700 0.286344 0.083700 0.290749 0.092511 0.299559 0.101322 0.299559 0.105727 0.295154 0.105727 0.286344 0.101322 0.281938 0.101322 0.277533 0.092511 0.268722 0.092511 0.264317 0.083700 0.255507
0 0.211454 0.255507 0.202643 0.246696 0.198238 0.246696 0.193833 0.251101 0.180617 0.251101 0.176211 0.255507 0.189427 0.268722 0.202643 0.268722 0.207048 0.264317 0.207048 0.259912
0 0.969163 0.264317 0.964758 0.259912 0.960352 0.259912 0.951542 0.251101 0.947137 0.251101 0.938326 0.242291 0.933921 0.242291 0.929515 0.237885 0.925110 0.242291 0.925110 0.264317 0.920705 0.268722 0.916300 0.268722 0.911894 0.273128 0.907489 0.273128 0.903084 0.268722 0.898678 0.273128 0.898678 0.281938 0.903084 0.286344 0.907489 0.281938 0.916300 0.281938 0.925110 0.273128 0.929515 0.273128 0.933921 0.268722 0.942731 0.268722 0.947137 0.273128 0.964758 0.273128 0.969163 0.268722
0 0.784141 0.246696 0.784141 0.264317 0.775330 0.273128 0.779736 0.277533 0.784141 0.277533 0.792952 0.268722 0.792952 0.264317 0.801762 0.255507 0.806167 0.255507 0.810573 0.251101 0.814978 0.255507 0.819383 0.255507 0.841410 0.277533 0.845815 0.277533 0.850220 0.281938 0.854626 0.281938 0.863436 0.290749 0.863436 0.295154 0.867841 0.299559 0.872247 0.299559 0.876652 0.295154 0.876652 0.290749 0.872247 0.286344 0.867841 0.286344 0.863436 0.281938 0.863436 0.268722 0.850220 0.255507 0.845815 0.255507 0.837004 0.246696 0.832599 0.246696 0.828194 0.242291 0.823789 0.242291 0.819383 0.237885 0.797357 0.237885 0.792952 0.242291 0.788546 0.242291
0 0.400881 0.242291 0.400881 0.251101 0.409692 0.259912 0.418502 0.259912 0.422908 0.255507 0.431718 0.255507 0.436123 0.251101 0.436123 0.246696 0.440529 0.242291 0.436123 0.237885 0.431718 0.237885 0.427313 0.233480 0.414097 0.233480 0.409692 0.237885 0.405286 0.237885
0 0.251101 0.242291 0.251101 0.246696 0.259912 0.255507 0.273128 0.255507 0.277533 0.259912 0.281938 0.259912 0.286344 0.264317 0.290749 0.259912 0.290749 0.251101 0.273128 0.233480 0.259912 0.233480
0 0.105727 0.211454 0.101322 0.215859 0.101322 0.224670 0.118943 0.242291 0.118943 0.251101 0.127753 0.259912 0.132159 0.255507 0.132159 0.251101 0.136564 0.246696 0.132159 0.242291 0.132159 0.233480 0.123348 0.224670 0.123348 0.220264 0.118943 0.215859 0.114537 0.215859 0.110132 0.211454
0 0.356828 0.207048 0.348018 0.198238 0.343612 0.202643 0.339207 0.202643 0.330396 0.211454 0.325991 0.211454 0.321586 0.215859 0.317181 0.211454 0.312775 0.215859 0.317181 0.220264 0.321586 0.215859 0.330396 0.215859 0.334802 0.220264 0.339207 0.220264 0.343612 0.224670 0.348018 0.224670 0.356828 0.215859
0 0.044053 0.202643 0.035242 0.193833 0.030837 0.198238 0.000000 0.198238 0.000000 0.211454 0.013216 0.211454 0.017621 0.215859 0.022026 0.215859 0.030837 0.224670 0.035242 0.224670 0.044053 0.215859
0 0.572687 0.193833 0.572687 0.202643 0.577093 0.207048 0.581498 0.207048 0.585903 0.211454 0.590308 0.211454 0.599119 0.220264 0.603524 0.220264 0.607930 0.224670 0.616740 0.224670 0.629956 0.211454 0.634361 0.211454 0.638767 0.207048 0.643172 0.207048 0.647577 0.211454 0.660793 0.211454 0.665198 0.207048 0.669604 0.211454 0.674009 0.207048 0.678414 0.207048 0.687225 0.198238 0.682819 0.198238 0.678414 0.193833 0.651982 0.193833 0.647577 0.198238 0.643172 0.198238 0.638767 0.202643 0.634361 0.198238 0.629956 0.198238 0.616740 0.185022 0.612335 0.185022 0.607930 0.189427 0.603524 0.189427 0.599119 0.193833 0.590308 0.193833 0.585903 0.189427 0.577093 0.189427
0 0.295154 0.180617 0.290749 0.176211 0.259912 0.176211 0.255507 0.180617 0.255507 0.189427 0.246696 0.198238 0.242291 0.198238 0.237885 0.202643 0.229075 0.202643 0.224670 0.198238 0.215859 0.198238 0.211454 0.202643 0.207048 0.202643 0.202643 0.207048 0.198238 0.207048 0.193833 0.211454 0.189427 0.211454 0.185022 0.207048 0.180617 0.207048 0.176211 0.202643 0.167401 0.202643 0.162996 0.198238 0.149780 0.198238 0.140969 0.207048 0.145374 0.211454 0.149780 0.211454 0.154185 0.215859 0.158590 0.215859 0.162996 0.220264 0.171806 0.220264 0.176211 0.215859 0.180617 0.215859 0.185022 0.211454 0.189427 0.215859 0.193833 0.215859 0.198238 0.220264 0.202643 0.220264 0.207048 0.224670 0.215859 0.224670 0.229075 0.211454 0.233480 0.211454 0.237885 0.207048 0.242291 0.211454 0.246696 0.211454 0.251101 0.215859 0.259912 0.207048 0.259912 0.202643 0.268722 0.193833 0.273128 0.193833 0.277533 0.189427 0.290749 0.189427 0.295154 0.185022
0 0.387665 0.149780 0.387665 0.158590 0.392070 0.162996 0.400881 0.162996 0.405286 0.158590 0.409692 0.158590 0.414097 0.154185 0.418502 0.154185 0.422908 0.149780 0.431718 0.149780 0.436123 0.154185 0.440529 0.154185 0.444934 0.158590 0.444934 0.167401 0.453745 0.176211 0.458150 0.171806 0.458150 0.154185 0.462555 0.149780 0.458150 0.145374 0.449339 0.145374 0.444934 0.140969 0.436123 0.140969 0.431718 0.136564 0.400881 0.136564
0 0.788546 0.132159 0.788546 0.127753 0.779736 0.118943 0.770925 0.118943 0.762115 0.127753 0.757709 0.127753 0.753304 0.132159 0.748899 0.132159 0.744493 0.127753 0.718062 0.127753 0.713656 0.123348 0.709251 0.127753 0.718062 0.136564 0.722467 0.136564 0.735683 0.149780 0.735683 0.158590 0.740088 0.162996 0.748899 0.162996 0.757709 0.154185 0.757709 0.140969 0.762115 0.136564 0.766520 0.136564 0.770925 0.132159 0.775330 0.136564 0.784141 0.136564
0 0.361233 0.118943 0.348018 0.132159 0.348018 0.154185 0.343612 0.158590 0.348018 0.162996 0.352423 0.162996 0.356828 0.158590 0.356828 0.154185 0.361233 0.149780 0.361233 0.145374 0.365639 0.140969 0.365639 0.123348
0 0.000000 0.110132 0.000000 0.123348 0.008811 0.123348 0.013216 0.127753 0.030837 0.127753 0.035242 0.123348 0.035242 0.114537 0.030837 0.110132
0 0.339207 0.101322 0.334802 0.096916 0.321586 0.096916 0.312775 0.105727 0.299559 0.110132 0.295154 0.105727 0.290749 0.105727 0.277533 0.092511 0.273128 0.096916 0.273128 0.101322 0.277533 0.105727 0.277533 0.118943 0.281938 0.123348 0.281938 0.132159 0.268722 0.140969 0.255507 0.132159 0.255507 0.127753 0.251101 0.123348 0.251101 0.110132 0.246696 0.105727 0.242291 0.105727 0.224670 0.123348 0.220264 0.123348 0.215859 0.127753 0.211454 0.123348 0.198238 0.118943 0.193833 0.123348 0.193833 0.140969 0.180617 0.149780 0.167401 0.140969 0.167401 0.136564 0.158590 0.123348 0.145374 0.123348 0.140969 0.127753 0.140969 0.132159 0.149780 0.140969 0.154185 0.140969 0.158590 0.145374 0.162996 0.140969 0.167401 0.145374 0.171806 0.145374 0.176211 0.149780 0.176211 0.162996 0.180617 0.167401 0.193833 0.167401 0.198238 0.162996 0.198238 0.140969 0.224670 0.123348 0.237885 0.132159 0.237885 0.149780 0.224670 0.162996 0.224670 0.167401 0.229075 0.171806 0.233480 0.171806 0.237885 0.167401 0.237885 0.149780 0.242291 0.145374 0.255507 0.140969 0.268722 0.149780 0.281938 0.149780 0.286344 0.145374 0.286344 0.132159 0.290749 0.127753 0.295154 0.127753 0.299559 0.123348 0.308370 0.123348 0.312775 0.118943 0.325991 0.118943 0.334802 0.110132 0.334802 0.105727
0 0.436123 0.079295 0.436123 0.088106 0.444934 0.096916 0.449339 0.096916 0.453745 0.092511 0.462555 0.092511 0.466960 0.096916 0.471366 0.096916 0.475771 0.101322 0.484582 0.092511 0.475771 0.083700 0.471366 0.088106 0.466960 0.088106 0.462555 0.083700 0.458150 0.083700 0.444934 0.070485
0 0.000000 0.061674 0.000000 0.079295 0.026432 0.079295 0.030837 0.083700 0.035242 0.083700 0.039648 0.079295 0.044053 0.079295 0.048458 0.083700 0.052863 0.083700 0.066079 0.096916 0.074890 0.088106 0.079295 0.088106 0.083700 0.083700 0.088106 0.088106 0.092511 0.088106 0.101322 0.096916 0.101322 0.114537 0.096916 0.118943 0.096916 0.132159 0.101322 0.136564 0.105727 0.136564 0.118943 0.123348 0.123348 0.123348 0.123348 0.114537 0.114537 0.105727 0.114537 0.096916 0.110132 0.092511 0.105727 0.092511 0.101322 0.088106 0.101322 0.074890 0.096916 0.070485 0.092511 0.070485 0.083700 0.079295 0.079295 0.079295 0.074890 0.083700 0.070485 0.083700 0.066079 0.079295 0.061674 0.079295 0.057269 0.083700 0.048458 0.083700 0.044053 0.079295 0.039648 0.079295 0.030837 0.070485 0.026432 0.070485 0.022026 0.066079 0.017621 0.066079 0.013216 0.061674 0.008811 0.061674 0.004405 0.057269
0 0.211454 0.057269 0.215859 0.061674 0.215859 0.066079 0.233480 0.083700 0.237885 0.083700 0.242291 0.079295 0.242291 0.061674 0.246696 0.057269 0.251101 0.057269 0.255507 0.052863 0.259912 0.057269 0.264317 0.052863 0.259912 0.048458 0.255507 0.052863 0.251101 0.052863 0.246696 0.057269 0.237885 0.057269 0.233480 0.052863 0.229075 0.052863 0.224670 0.048458 0.220264 0.048458
0 0.374449 0.030837 0.370044 0.035242 0.370044 0.039648 0.374449 0.044053 0.374449 0.052863 0.370044 0.057269 0.370044 0.066079 0.365639 0.070485 0.365639 0.074890 0.370044 0.079295 0.370044 0.083700 0.374449 0.088106 0.383260 0.079295 0.383260 0.048458 0.378855 0.044053 0.378855 0.035242
0 0.722467 0.022026 0.718062 0.017621 0.713656 0.017621 0.709251 0.022026 0.704846 0.017621 0.700441 0.022026 0.696035 0.022026 0.691630 0.026432 0.687225 0.026432 0.682819 0.030837 0.682819 0.035242 0.687225 0.039648 0.691630 0.035242 0.696035 0.039648 0.700441 0.035242 0.713656 0.035242 0.722467 0.026432
0 0.885463 0.008811 0.881057 0.013216 0.881057 0.022026 0.876652 0.026432 0.876652 0.039648 0.885463 0.048458 0.898678 0.035242 0.898678 0.026432 0.894273 0.022026 0.894273 0.017621
0 0.933921 0.000000 0.933921 0.004405 0.947137 0.017621 0.947137 0.026432 0.955947 0.035242 0.960352 0.035242 0.969163 0.044053 0.969163 0.052863 0.964758 0.057269 0.964758 0.061674 0.960352 0.066079 0.960352 0.070485 0.955947 0.074890 0.955947 0.079295 0.933921 0.101322 0.933921 0.105727 0.929515 0.110132 0.925110 0.110132 0.916300 0.118943 0.925110 0.127753 0.933921 0.127753 0.938326 0.123348 0.942731 0.123348 0.947137 0.127753 0.951542 0.127753 0.955947 0.132159 0.955947 0.140969 0.960352 0.145374 0.964758 0.145374 0.969163 0.149780 0.977974 0.149780 0.982379 0.145374 0.995595 0.145374 0.995595 0.136564 0.991189 0.132159 0.986784 0.132159 0.982379 0.127753 0.977974 0.127753 0.973568 0.123348 0.969163 0.123348 0.960352 0.114537 0.960352 0.105727 0.969163 0.096916 0.973568 0.096916 0.977974 0.092511 0.982379 0.092511 0.986784 0.088106 0.991189 0.088106 0.995595 0.083700 0.995595 0.070485 0.991189 0.066079 0.986784 0.066079 0.982379 0.061674 0.982379 0.052863 0.986784 0.048458 0.991189 0.048458 0.995595 0.044053 0.995595 0.035242 0.991189 0.035242 0.986784 0.039648 0.982379 0.035242 0.977974 0.035242 0.969163 0.026432 0.964758 0.026432 0.960352 0.022026 0.955947 0.022026 0.951542 0.017621 0.951542 0.008811 0.955947 0.004405 0.955947 0.000000
0 0.625551 0.000000 0.625551 0.004405 0.621145 0.008811 0.616740 0.008811 0.607930 0.017621 0.616740 0.026432 0.616740 0.030837 0.621145 0.035242 0.629956 0.035242 0.643172 0.044053 0.643172 0.052863 0.634361 0.061674 0.634361 0.070485 0.643172 0.079295 0.643172 0.088106 0.638767 0.092511 0.634361 0.092511 0.616740 0.110132 0.612335 0.110132 0.607930 0.114537 0.603524 0.110132 0.599119 0.110132 0.590308 0.101322 0.577093 0.101322 0.563877 0.110132 0.559471 0.105727 0.555066 0.105727 0.541850 0.092511 0.533040 0.101322 0.541850 0.110132 0.541850 0.114537 0.546256 0.118943 0.550661 0.118943 0.563877 0.132159 0.577093 0.132159 0.581498 0.127753 0.581498 0.118943 0.594714 0.110132 0.599119 0.114537 0.603524 0.114537 0.607930 0.118943 0.607930 0.132159 0.616740 0.140969 0.616740 0.149780 0.607930 0.158590 0.607930 0.162996 0.612335 0.167401 0.616740 0.162996 0.616740 0.145374 0.629956 0.136564 0.629956 0.114537 0.643172 0.101322 0.643172 0.096916 0.651982 0.088106 0.651982 0.074890 0.656388 0.070485 0.656388 0.061674 0.643172 0.052863 0.643172 0.039648 0.647577 0.035242 0.647577 0.026432 0.625551 0.004405
0 0.039648 0.000000 0.039648 0.008811 0.035242 0.013216 0.035242 0.026432 0.039648 0.030837 0.044053 0.030837 0.048458 0.035242 0.061674 0.035242 0.066079 0.039648 0.070485 0.035242 0.052863 0.017621 0.052863 0.008811 0.057269 0.004405 0.057269 0.000000
