0 0.414097 0.964758 0.409692 0.969163 0.409692 0.982379 0.418502 0.991189 0.418502 0.995595 0.436123 0.995595 0.436123 0.986784
0 0.563877 0.964758 0.537445 0.938326 0.533040 0.938326 0.528634 0.933921 0.524229 0.933921 0.519824 0.938326 0.511013 0.938326 0.497797 0.951542 0.493392 0.951542 0.488987 0.955947 0.488987 0.964758 0.484582 0.969163 0.480176 0.969163 0.475771 0.973568 0.471366 0.969163 0.466960 0.973568 0.466960 0.977974 0.462555 0.982379 0.462555 0.986784 0.466960 0.991189 0.466960 0.995595 0.488987 0.995595 0.488987 0.991189 0.484582 0.986784 0.484582 0.973568 0.488987 0.969163 0.493392 0.969163 0.497797 0.964758 0.502203 0.964758 0.511013 0.955947 0.515419 0.955947 0.519824 0.951542 0.528634 0.951542 0.533040 0.955947 0.537445 0.955947 0.541850 0.960352 0.541850 0.964758 0.550661 0.973568 0.550661 0.982379 0.555066 0.986784 0.555066 0.995595 0.563877 0.995595
0 0.083700 0.925110 0.079295 0.925110 0.066079 0.938326 0.066079 0.960352 0.070485 0.955947 0.074890 0.960352 0.083700 0.960352 0.096916 0.947137 0.096916 0.942731 0.092511 0.938326 0.092511 0.933921
0 0.643172 0.920705 0.638767 0.925110 0.638767 0.929515 0.643172 0.933921 0.643172 0.938326 0.651982 0.947137 0.651982 0.951542 0.656388 0.955947 0.660793 0.955947 0.665198 0.960352 0.669604 0.960352 0.674009 0.964758 0.674009 0.973568 0.687225 0.986784 0.691630 0.986784 0.696035 0.982379 0.696035 0.977974 0.700441 0.973568 0.700441 0.960352 0.696035 0.955947 0.687225 0.955947 0.682819 0.951542 0.678414 0.951542 0.647577 0.920705
0 0.801762 0.903084 0.797357 0.903084 0.784141 0.916300 0.784141 0.920705 0.792952 0.929515 0.792952 0.938326 0.788546 0.942731 0.788546 0.951542 0.792952 0.955947 0.801762 0.955947 0.814978 0.942731 0.810573 0.942731 0.806167 0.938326 0.806167 0.920705 0.810573 0.916300 0.806167 0.911894 0.806167 0.907489
0 0.255507 0.903084 0.251101 0.907489 0.251101 0.933921 0.255507 0.938326 0.255507 0.942731 0.259912 0.947137 0.264317 0.947137 0.277533 0.960352 0.281938 0.960352 0.295154 0.973568 0.295154 0.982379 0.290749 0.986784 0.286344 0.986784 0.281938 0.991189 0.268722 0.991189 0.264317 0.986784 0.259912 0.991189 0.259912 0.995595 0.303965 0.995595 0.303965 0.991189 0.295154 0.982379 0.295154 0.973568 0.299559 0.969163 0.295154 0.964758 0.295154 0.955947 0.299559 0.951542 0.295154 0.951542 0.290749 0.947137 0.286344 0.947137 0.281938 0.942731 0.277533 0.942731 0.273128 0.938326 0.273128 0.920705
0 0.594714 0.898678 0.590308 0.903084 0.585903 0.903084 0.577093 0.911894 0.581498 0.916300 0.581498 0.920705 0.585903 0.925110 0.585903 0.933921 0.590308 0.938326 0.599119 0.938326 0.603524 0.942731 0.607930 0.938326 0.603524 0.933921 0.603524 0.907489
0 0.444934 0.898678 0.440529 0.903084 0.440529 0.907489 0.458150 0.925110 0.466960 0.925110 0.471366 0.920705 0.471366 0.907489 0.462555 0.898678 0.453745 0.898678 0.449339 0.903084
0 0.409692 0.889868 0.400881 0.881057 0.396476 0.881057 0.392070 0.885463 0.392070 0.907489 0.383260 0.916300 0.378855 0.916300 0.374449 0.920705 0.374449 0.925110 0.370044 0.929515 0.370044 0.947137 0.365639 0.951542 0.361233 0.951542 0.356828 0.955947 0.352423 0.951542 0.348018 0.951542 0.339207 0.942731 0.321586 0.942731 0.312775 0.951542 0.317181 0.951542 0.330396 0.964758 0.334802 0.960352 0.348018 0.960352 0.352423 0.964758 0.356828 0.964758 0.361233 0.969163 0.370044 0.960352 0.370044 0.955947 0.378855 0.947137 0.383260 0.947137 0.392070 0.938326 0.392070 0.933921 0.396476 0.929515 0.396476 0.925110 0.405286 0.916300 0.405286 0.898678 0.409692 0.894273
0 0.955947 0.872247 0.947137 0.881057 0.947137 0.898678 0.942731 0.903084 0.938326 0.903084 0.920705 0.920705 0.916300 0.920705 0.911894 0.925110 0.911894 0.933921 0.916300 0.938326 0.916300 0.942731 0.925110 0.951542 0.929515 0.947137 0.929515 0.929515 0.933921 0.925110 0.938326 0.925110 0.942731 0.920705 0.947137 0.920705 0.951542 0.916300 0.951542 0.907489 0.960352 0.898678 0.960352 0.876652
0 0.665198 0.885463 0.665198 0.889868 0.674009 0.898678 0.678414 0.898678 0.687225 0.907489 0.687225 0.916300 0.691630 0.920705 0.700441 0.920705 0.709251 0.911894 0.713656 0.911894 0.722467 0.903084 0.722467 0.898678 0.718062 0.894273 0.709251 0.903084 0.704846 0.903084 0.700441 0.907489 0.696035 0.907489 0.691630 0.903084 0.687225 0.903084 0.682819 0.898678 0.682819 0.876652 0.678414 0.872247 0.674009 0.872247 0.669604 0.876652 0.669604 0.881057
0 0.458150 0.867841 0.462555 0.872247 0.466960 0.872247 0.471366 0.876652 0.480176 0.876652 0.484582 0.872247 0.488987 0.872247 0.493392 0.876652 0.506608 0.876652 0.515419 0.867841 0.519824 0.867841 0.524229 0.863436 0.528634 0.863436 0.533040 0.859031 0.541850 0.859031 0.546256 0.863436 0.550661 0.863436 0.555066 0.867841 0.559471 0.867841 0.563877 0.863436 0.568282 0.863436 0.572687 0.867841 0.577093 0.867841 0.585903 0.876652 0.590308 0.876652 0.594714 0.872247 0.585903 0.863436 0.581498 0.863436 0.577093 0.859031 0.577093 0.850220 0.568282 0.841410 0.563877 0.841410 0.559471 0.845815 0.555066 0.845815 0.550661 0.850220 0.546256 0.850220 0.541850 0.845815 0.519824 0.845815 0.515419 0.841410 0.511013 0.841410 0.506608 0.845815 0.502203 0.845815 0.488987 0.859031 0.484582 0.859031 0.480176 0.863436 0.475771 0.863436 0.471366 0.859031 0.466960 0.863436 0.462555 0.863436
0 0.387665 0.819383 0.383260 0.823789 0.378855 0.823789 0.374449 0.828194 0.370044 0.828194 0.365639 0.832599 0.365639 0.837004 0.370044 0.841410 0.374449 0.841410 0.383260 0.850220 0.387665 0.850220 0.396476 0.841410 0.396476 0.823789 0.392070 0.823789
0 0.317181 0.819383 0.308370 0.828194 0.312775 0.832599 0.312775 0.841410 0.308370 0.845815 0.308370 0.850220 0.295154 0.863436 0.303965 0.872247 0.312775 0.872247 0.317181 0.867841 0.317181 0.845815 0.325991 0.837004 0.325991 0.828194
0 0.916300 0.823789 0.907489 0.814978 0.898678 0.814978 0.894273 0.819383 0.885463 0.819383 0.881057 0.823789 0.881057 0.837004 0.885463 0.832599 0.889868 0.837004 0.907489 0.837004 0.916300 0.828194
0 0.775330 0.819383 0.775330 0.823789 0.788546 0.837004 0.788546 0.841410 0.792952 0.845815 0.814978 0.845815 0.819383 0.841410 0.823789 0.845815 0.832599 0.845815 0.837004 0.850220 0.841410 0.850220 0.845815 0.854626 0.850220 0.854626 0.859031 0.863436 0.867841 0.863436 0.872247 0.859031 0.872247 0.841410 0.867841 0.845815 0.863436 0.841410 0.828194 0.841410 0.823789 0.837004 0.819383 0.841410 0.814978 0.837004 0.810573 0.837004 0.806167 0.832599 0.806167 0.828194 0.788546 0.810573 0.784141 0.810573
0 0.418502 0.797357 0.409692 0.806167 0.414097 0.810573 0.414097 0.819383 0.418502 0.819383 0.427313 0.828194 0.427313 0.845815 0.440529 0.859031 0.444934 0.854626 0.444934 0.850220 0.436123 0.841410 0.436123 0.819383 0.431718 0.814978 0.431718 0.806167 0.422908 0.797357
0 0.224670 0.797357 0.215859 0.806167 0.215859 0.810573 0.220264 0.814978 0.220264 0.823789 0.233480 0.837004 0.233480 0.859031 0.229075 0.863436 0.229075 0.876652 0.237885 0.885463 0.242291 0.885463 0.246696 0.889868 0.255507 0.881057 0.251101 0.876652 0.251101 0.850220 0.246696 0.845815 0.246696 0.828194 0.242291 0.823789 0.242291 0.810573 0.237885 0.806167 0.233480 0.806167
0 0.057269 0.797357 0.052863 0.801762 0.052863 0.806167 0.061674 0.814978 0.061674 0.828194 0.052863 0.837004 0.052863 0.841410 0.044053 0.850220 0.039648 0.850220 0.026432 0.863436 0.026432 0.867841 0.013216 0.881057 0.008811 0.881057 0.004405 0.885463 0.000000 0.881057 0.000000 0.898678 0.004405 0.898678 0.008811 0.894273 0.013216 0.894273 0.017621 0.889868 0.030837 0.889868 0.035242 0.894273 0.039648 0.894273 0.052863 0.907489 0.057269 0.907489 0.061674 0.903084 0.074890 0.903084 0.079295 0.907489 0.083700 0.907489 0.088106 0.911894 0.092511 0.907489 0.096916 0.907489 0.105727 0.898678 0.101322 0.894273 0.070485 0.894273 0.066079 0.898678 0.057269 0.898678 0.052863 0.894273 0.048458 0.894273 0.039648 0.885463 0.039648 0.867841 0.044053 0.863436 0.048458 0.863436 0.061674 0.850220 0.061674 0.845815 0.066079 0.841410 0.066079 0.828194 0.074890 0.819383 0.074890 0.806167 0.070485 0.801762 0.066079 0.801762 0.061674 0.797357
0 0.585903 0.814978 0.585903 0.819383 0.594714 0.828194 0.599119 0.823789 0.603524 0.828194 0.607930 0.828194 0.616740 0.837004 0.621145 0.837004 0.625551 0.841410 0.629956 0.837004 0.634361 0.837004 0.638767 0.832599 0.643172 0.837004 0.647577 0.837004 0.651982 0.841410 0.656388 0.841410 0.660793 0.837004 0.660793 0.832599 0.656388 0.828194 0.651982 0.828194 0.638767 0.814978 0.638767 0.806167 0.634361 0.801762 0.634361 0.797357 0.629956 0.797357 0.625551 0.792952 0.621145 0.797357 0.621145 0.806167 0.616740 0.810573 0.612335 0.810573 0.607930 0.814978 0.603524 0.814978 0.599119 0.810573 0.590308 0.810573
0 0.995595 0.770925 0.973568 0.770925 0.964758 0.779736 0.960352 0.779736 0.955947 0.784141 0.947137 0.784141 0.942731 0.779736 0.933921 0.779736 0.929515 0.775330 0.925110 0.775330 0.920705 0.779736 0.920705 0.788546 0.925110 0.792952 0.929515 0.788546 0.942731 0.788546 0.947137 0.784141 0.951542 0.784141 0.955947 0.788546 0.960352 0.788546 0.969163 0.797357 0.969163 0.801762 0.982379 0.814978 0.986784 0.810573 0.991189 0.810573 0.991189 0.806167 0.986784 0.806167 0.982379 0.801762 0.982379 0.792952 0.986784 0.788546 0.991189 0.788546 0.995595 0.784141
0 0.753304 0.775330 0.748899 0.770925 0.744493 0.775330 0.740088 0.775330 0.735683 0.779736 0.731278 0.779736 0.726872 0.784141 0.718062 0.784141 0.713656 0.779736 0.704846 0.779736 0.700441 0.784141 0.691630 0.784141 0.687225 0.779736 0.651982 0.779736 0.647577 0.784141 0.651982 0.788546 0.656388 0.788546 0.660793 0.792952 0.665198 0.792952 0.678414 0.806167 0.682819 0.806167 0.687225 0.801762 0.687225 0.797357 0.691630 0.792952 0.696035 0.792952 0.700441 0.788546 0.709251 0.788546 0.713656 0.792952 0.718062 0.792952 0.718062 0.788546 0.722467 0.784141 0.726872 0.784141 0.731278 0.779736 0.735683 0.784141 0.740088 0.784141 0.744493 0.788546 0.748899 0.788546 0.753304 0.784141
0 0.123348 0.770925 0.118943 0.775330 0.118943 0.779736 0.123348 0.784141 0.123348 0.797357 0.140969 0.814978 0.140969 0.828194 0.145374 0.832599 0.145374 0.845815 0.140969 0.850220 0.140969 0.854626 0.127753 0.863436 0.123348 0.863436 0.118943 0.859031 0.110132 0.859031 0.105727 0.863436 0.096916 0.863436 0.092511 0.859031 0.088106 0.863436 0.092511 0.867841 0.101322 0.867841 0.105727 0.872247 0.118943 0.872247 0.123348 0.867841 0.132159 0.867841 0.136564 0.872247 0.140969 0.872247 0.158590 0.889868 0.158590 0.898678 0.145374 0.907489 0.145374 0.916300 0.154185 0.925110 0.167401 0.925110 0.171806 0.929515 0.176211 0.929515 0.185022 0.942731 0.185022 0.951542 0.176211 0.960352 0.171806 0.960352 0.167401 0.964758 0.167401 0.986784 0.162996 0.991189 0.162996 0.995595 0.189427 0.995595 0.189427 0.969163 0.185022 0.964758 0.185022 0.951542 0.189427 0.947137 0.193833 0.947137 0.202643 0.938326 0.202643 0.933921 0.189427 0.920705 0.185022 0.920705 0.176211 0.907489 0.171806 0.907489 0.158590 0.898678 0.158590 0.889868 0.167401 0.881057 0.167401 0.876652 0.162996 0.872247 0.162996 0.863436 0.158590 0.859031 0.158590 0.832599 0.162996 0.828194 0.158590 0.823789 0.158590 0.810573 0.167401 0.801762 0.171806 0.801762 0.176211 0.797357 0.176211 0.792952 0.167401 0.784141 0.154185 0.792952 0.149780 0.788546 0.145374 0.788546 0.140969 0.784141 0.140969 0.779736 0.132159 0.770925
0 0.784141 0.757709 0.784141 0.775330 0.788546 0.779736 0.797357 0.779736 0.801762 0.784141 0.806167 0.784141 0.810573 0.779736 0.819383 0.779736 0.823789 0.784141 0.828194 0.784141 0.832599 0.788546 0.841410 0.788546 0.845815 0.792952 0.850220 0.792952 0.854626 0.788546 0.859031 0.788546 0.867841 0.779736 0.867841 0.775330 0.863436 0.770925 0.845815 0.770925 0.841410 0.775330 0.837004 0.775330 0.832599 0.779736 0.828194 0.779736 0.823789 0.784141 0.819383 0.779736 0.814978 0.779736 0.801762 0.766520 0.801762 0.762115 0.792952 0.753304 0.788546 0.753304
0 0.356828 0.748899 0.348018 0.757709 0.356828 0.766520 0.361233 0.766520 0.365639 0.770925 0.370044 0.770925 0.374449 0.775330 0.378855 0.770925 0.378855 0.753304 0.374449 0.748899
0 0.502203 0.748899 0.497797 0.744493 0.484582 0.744493 0.480176 0.748899 0.471366 0.748899 0.458150 0.762115 0.458150 0.766520 0.449339 0.775330 0.458150 0.784141 0.462555 0.779736 0.462555 0.770925 0.466960 0.766520 0.471366 0.766520 0.480176 0.757709 0.484582 0.757709 0.488987 0.753304 0.497797 0.753304
0 0.660793 0.713656 0.643172 0.731278 0.638767 0.731278 0.629956 0.740088 0.629956 0.744493 0.638767 0.753304 0.643172 0.753304 0.647577 0.748899 0.651982 0.748899 0.665198 0.735683 0.665198 0.718062
0 0.466960 0.691630 0.466960 0.700441 0.475771 0.709251 0.475771 0.713656 0.480176 0.718062 0.497797 0.718062 0.506608 0.709251 0.511013 0.709251 0.515419 0.704846 0.519824 0.704846 0.524229 0.709251 0.533040 0.709251 0.546256 0.696035 0.537445 0.687225 0.528634 0.687225 0.519824 0.696035 0.519824 0.700441 0.515419 0.704846 0.511013 0.704846 0.506608 0.709251 0.502203 0.704846 0.497797 0.704846 0.493392 0.700441 0.493392 0.696035 0.480176 0.682819 0.475771 0.682819
0 0.784141 0.687225 0.784141 0.696035 0.788546 0.700441 0.797357 0.700441 0.801762 0.704846 0.806167 0.704846 0.823789 0.722467 0.837004 0.722467 0.841410 0.718062 0.845815 0.718062 0.854626 0.709251 0.854626 0.700441 0.859031 0.696035 0.863436 0.696035 0.867841 0.691630 0.872247 0.696035 0.876652 0.696035 0.881057 0.700441 0.885463 0.700441 0.894273 0.691630 0.889868 0.687225 0.885463 0.687225 0.881057 0.682819 0.876652 0.687225 0.872247 0.687225 0.867841 0.691630 0.863436 0.687225 0.859031 0.687225 0.854626 0.682819 0.845815 0.682819 0.841410 0.687225 0.837004 0.682819 0.832599 0.682819 0.828194 0.678414 0.819383 0.678414 0.814978 0.682819 0.810573 0.682819 0.806167 0.687225 0.801762 0.682819 0.797357 0.682819 0.792952 0.678414
0 0.920705 0.665198 0.920705 0.674009 0.925110 0.678414 0.929515 0.678414 0.933921 0.682819 0.942731 0.682819 0.947137 0.687225 0.951542 0.687225 0.964758 0.700441 0.973568 0.700441 0.977974 0.704846 0.982379 0.704846 0.986784 0.709251 0.991189 0.709251 0.995595 0.713656 0.995595 0.691630 0.991189 0.687225 0.973568 0.687225 0.969163 0.691630 0.964758 0.691630 0.960352 0.687225 0.955947 0.687225 0.951542 0.682819 0.951542 0.678414 0.942731 0.669604 0.929515 0.669604 0.925110 0.665198
0 0.753304 0.660793 0.748899 0.660793 0.744493 0.665198 0.744493 0.674009 0.748899 0.678414 0.748899 0.691630 0.744493 0.696035 0.740088 0.696035 0.735683 0.700441 0.731278 0.700441 0.726872 0.696035 0.709251 0.696035 0.704846 0.700441 0.704846 0.704846 0.709251 0.709251 0.713656 0.709251 0.718062 0.713656 0.722467 0.709251 0.726872 0.713656 0.731278 0.713656 0.735683 0.718062 0.735683 0.722467 0.740088 0.726872 0.740088 0.740088 0.744493 0.744493 0.748899 0.740088 0.748899 0.735683 0.753304 0.731278 0.753304 0.718062 0.757709 0.713656 0.757709 0.704846 0.748899 0.696035 0.748899 0.682819 0.753304 0.678414 0.757709 0.678414 0.762115 0.674009 0.762115 0.669604
0 0.568282 0.656388 0.572687 0.660793 0.577093 0.660793 0.581498 0.665198 0.590308 0.665198 0.594714 0.660793 0.599119 0.665198 0.603524 0.665198 0.616740 0.678414 0.634361 0.678414 0.638767 0.682819 0.643172 0.682819 0.647577 0.687225 0.656388 0.687225 0.660793 0.682819 0.665198 0.682819 0.669604 0.678414 0.660793 0.669604 0.638767 0.669604 0.634361 0.665198 0.625551 0.665198 0.621145 0.660793 0.616740 0.665198 0.612335 0.665198 0.607930 0.669604 0.603524 0.665198 0.599119 0.665198 0.594714 0.660793 0.594714 0.656388 0.590308 0.651982 0.585903 0.656388 0.581498 0.656388 0.577093 0.651982 0.572687 0.651982
0 0.365639 0.541850 0.356828 0.550661 0.356828 0.563877 0.361233 0.568282 0.378855 0.568282 0.383260 0.563877 0.383260 0.559471
0 0.233480 0.524229 0.237885 0.528634 0.281938 0.528634 0.286344 0.524229 0.281938 0.519824 0.273128 0.519824 0.268722 0.515419 0.251101 0.515419 0.246696 0.519824 0.237885 0.519824
0 0.572687 0.471366 0.577093 0.475771 0.585903 0.475771 0.590308 0.480176 0.599119 0.480176 0.603524 0.484582 0.607930 0.484582 0.612335 0.488987 0.621145 0.488987 0.625551 0.493392 0.634361 0.493392 0.638767 0.488987 0.643172 0.488987 0.647577 0.484582 0.651982 0.484582 0.656388 0.488987 0.660793 0.488987 0.669604 0.497797 0.678414 0.497797 0.682819 0.493392 0.682819 0.484582 0.674009 0.475771 0.669604 0.475771 0.665198 0.480176 0.660793 0.480176 0.656388 0.475771 0.651982 0.475771 0.647577 0.471366 0.643172 0.471366 0.638767 0.466960 0.638767 0.462555 0.634361 0.458150 0.612335 0.458150 0.607930 0.453745 0.585903 0.453745 0.577093 0.462555 0.577093 0.466960
0 0.259912 0.462555 0.255507 0.458150 0.242291 0.458150 0.237885 0.453745 0.233480 0.453745 0.220264 0.466960 0.215859 0.466960 0.211454 0.471366 0.207048 0.471366 0.202643 0.475771 0.211454 0.484582 0.215859 0.484582 0.220264 0.488987 0.229075 0.488987 0.237885 0.480176 0.242291 0.480176 0.246696 0.475771 0.255507 0.475771 0.259912 0.471366
0 0.458150 0.444934 0.462555 0.449339 0.466960 0.444934 0.471366 0.444934 0.475771 0.449339 0.480176 0.449339 0.488987 0.458150 0.488987 0.466960 0.484582 0.471366 0.484582 0.475771 0.493392 0.484582 0.493392 0.488987 0.506608 0.502203 0.511013 0.497797 0.515419 0.497797 0.519824 0.493392 0.524229 0.493392 0.528634 0.497797 0.533040 0.497797 0.537445 0.502203 0.537445 0.519824 0.524229 0.533040 0.528634 0.537445 0.533040 0.533040 0.537445 0.533040 0.541850 0.528634 0.563877 0.528634 0.568282 0.524229 0.568282 0.515419 0.563877 0.511013 0.559471 0.511013 0.555066 0.506608 0.550661 0.506608 0.541850 0.497797 0.537445 0.502203 0.533040 0.497797 0.528634 0.497797 0.524229 0.493392 0.524229 0.488987 0.519824 0.484582 0.515419 0.484582 0.497797 0.466960 0.497797 0.462555 0.493392 0.458150 0.493392 0.440529 0.488987 0.436123 0.466960 0.436123
0 0.832599 0.440529 0.814978 0.422908 0.806167 0.422908 0.788546 0.440529 0.784141 0.440529 0.779736 0.444934 0.779736 0.453745 0.775330 0.458150 0.770925 0.458150 0.766520 0.462555 0.762115 0.458150 0.757709 0.462555 0.748899 0.462555 0.744493 0.466960 0.744493 0.471366 0.740088 0.475771 0.740088 0.480176 0.748899 0.488987 0.753304 0.484582 0.762115 0.484582 0.766520 0.480176 0.766520 0.475771 0.770925 0.471366 0.770925 0.462555 0.775330 0.458150 0.779736 0.458150 0.784141 0.453745 0.792952 0.453745 0.797357 0.449339 0.814978 0.449339 0.819383 0.444934 0.828194 0.444934
0 0.000000 0.682819 0.039648 0.704846 0.083700 0.687225 0.158590 0.722467 0.189427 0.722467 0.246696 0.748899 0.251101 0.766520 0.273128 0.779736 0.268722 0.744493 0.303965 0.709251 0.348018 0.704846 0.370044 0.669604 0.392070 0.665198 0.405286 0.674009 0.409692 0.704846 0.440529 0.718062 0.422908 0.682819 0.427313 0.665198 0.471366 0.669604 0.493392 0.638767 0.555066 0.607930 0.643172 0.616740 0.678414 0.643172 0.766520 0.629956 0.823789 0.594714 0.845815 0.603524 0.832599 0.634361 0.850220 0.621145 0.876652 0.629956 0.929515 0.603524 0.986784 0.607930 0.995595 0.603524 0.995595 0.519824 0.964758 0.524229 0.938326 0.511013 0.916300 0.537445 0.876652 0.546256 0.841410 0.537445 0.779736 0.581498 0.731278 0.590308 0.704846 0.607930 0.687225 0.599119 0.691630 0.577093 0.669604 0.590308 0.590308 0.581498 0.555066 0.555066 0.502203 0.590308 0.480176 0.577093 0.480176 0.603524 0.462555 0.616740 0.361233 0.625551 0.348018 0.638767 0.348018 0.665198 0.330396 0.674009 0.295154 0.665198 0.281938 0.638767 0.303965 0.612335 0.281938 0.581498 0.295154 0.572687 0.343612 0.577093 0.321586 0.568282 0.308370 0.546256 0.264317 0.559471 0.237885 0.550661 0.193833 0.594714 0.167401 0.577093 0.171806 0.506608 0.158590 0.462555 0.180617 0.440529 0.211454 0.436123 0.215859 0.422908 0.193833 0.418502 0.167401 0.427313 0.158590 0.458150 0.127753 0.471366 0.083700 0.471366 0.066079 0.502203 0.039648 0.506608 0.039648 0.528634 0.061674 0.546256 0.061674 0.559471 0.035242 0.603524 0.000000 0.585903 0.044053 0.621145 0.030837 0.638767 0.000000 0.638767
0 0.625551 0.396476 0.621145 0.396476 0.616740 0.392070 0.612335 0.396476 0.612335 0.400881 0.594714 0.418502 0.590308 0.418502 0.585903 0.422908 0.581498 0.422908 0.577093 0.418502 0.572687 0.418502 0.568282 0.414097 0.563877 0.418502 0.559471 0.418502 0.550661 0.427313 0.555066 0.431718 0.568282 0.431718 0.572687 0.427313 0.577093 0.427313 0.581498 0.422908 0.585903 0.422908 0.590308 0.418502 0.594714 0.418502 0.599119 0.422908 0.603524 0.422908 0.607930 0.427313 0.612335 0.427313 0.616740 0.422908 0.616740 0.409692 0.625551 0.400881
0 0.867841 0.396476 0.867841 0.400881 0.872247 0.405286 0.889868 0.405286 0.894273 0.400881 0.911894 0.400881 0.916300 0.405286 0.920705 0.400881 0.933921 0.400881 0.938326 0.405286 0.942731 0.405286 0.947137 0.409692 0.947137 0.418502 0.951542 0.422908 0.951542 0.427313 0.955947 0.431718 0.960352 0.431718 0.964758 0.436123 0.986784 0.436123 0.991189 0.431718 0.995595 0.436123 0.995595 0.427313 0.991189 0.422908 0.986784 0.422908 0.982379 0.418502 0.977974 0.418502 0.960352 0.400881 0.960352 0.392070 0.955947 0.387665 0.942731 0.387665 0.938326 0.392070 0.925110 0.392070 0.920705 0.387665 0.916300 0.387665 0.911894 0.383260 0.907489 0.383260 0.903084 0.387665 0.876652 0.387665
0 0.361233 0.383260 0.361233 0.392070 0.370044 0.400881 0.374449 0.400881 0.378855 0.405286 0.383260 0.400881 0.387665 0.405286 0.392070 0.405286 0.396476 0.409692 0.414097 0.409692 0.418502 0.405286 0.422908 0.405286 0.427313 0.409692 0.431718 0.409692 0.436123 0.414097 0.440529 0.409692 0.436123 0.405286 0.431718 0.409692 0.427313 0.409692 0.422908 0.405286 0.418502 0.405286 0.409692 0.396476 0.405286 0.396476 0.400881 0.392070 0.396476 0.392070 0.392070 0.387665 0.387665 0.387665 0.383260 0.383260 0.374449 0.383260 0.370044 0.378855 0.365639 0.378855
0 0.484582 0.370044 0.484582 0.383260 0.497797 0.396476 0.519824 0.396476 0.528634 0.387665 0.519824 0.378855 0.515419 0.378855 0.502203 0.365639 0.488987 0.365639
0 0.625551 0.352423 0.621145 0.356828 0.625551 0.361233 0.629956 0.356828 0.634361 0.361233 0.638767 0.361233 0.643172 0.365639 0.643172 0.387665 0.647577 0.392070 0.651982 0.392070 0.656388 0.396476 0.660793 0.396476 0.665198 0.392070 0.665198 0.383260 0.647577 0.365639 0.647577 0.361233 0.643172 0.356828 0.638767 0.361233 0.634361 0.356828 0.629956 0.356828
0 0.000000 0.348018 0.000000 0.370044 0.004405 0.374449 0.008811 0.374449 0.013216 0.378855 0.013216 0.396476 0.017621 0.400881 0.017621 0.405286 0.022026 0.409692 0.022026 0.418502 0.017621 0.422908 0.017621 0.431718 0.022026 0.436123 0.022026 0.440529 0.026432 0.444934 0.026432 0.449339 0.039648 0.462555 0.048458 0.462555 0.052863 0.458150 0.057269 0.458150 0.061674 0.453745 0.044053 0.436123 0.044053 0.431718 0.039648 0.427313 0.039648 0.414097 0.035242 0.409692 0.035242 0.396476 0.030837 0.392070 0.030837 0.383260 0.026432 0.378855 0.022026 0.378855 0.013216 0.370044 0.013216 0.356828 0.008811 0.352423 0.004405 0.352423
0 0.700441 0.343612 0.709251 0.352423 0.709251 0.356828 0.713656 0.361233 0.718062 0.361233 0.726872 0.370044 0.726872 0.374449 0.735683 0.383260 0.740088 0.383260 0.744493 0.378855 0.748899 0.378855 0.753304 0.374449 0.762115 0.374449 0.766520 0.378855 0.770925 0.374449 0.775330 0.374449 0.779736 0.370044 0.779736 0.348018 0.784141 0.343612 0.779736 0.339207 0.775330 0.339207 0.757709 0.356828 0.753304 0.356828 0.748899 0.361233 0.740088 0.361233 0.735683 0.365639 0.731278 0.365639 0.726872 0.361233 0.722467 0.361233 0.718062 0.356828 0.718062 0.352423 0.713656 0.348018 0.713656 0.339207 0.709251 0.334802
0 0.339207 0.317181 0.334802 0.321586 0.334802 0.325991 0.343612 0.334802 0.343612 0.348018 0.348018 0.352423 0.365639 0.352423 0.370044 0.348018 0.370044 0.343612 0.365639 0.339207 0.361233 0.339207 0.356828 0.334802 0.356828 0.330396 0.352423 0.325991 0.352423 0.321586 0.348018 0.317181
0 0.237885 0.290749 0.224670 0.303965 0.229075 0.303965 0.233480 0.308370 0.233480 0.334802 0.229075 0.339207 0.229075 0.352423 0.224670 0.356828 0.224670 0.374449 0.215859 0.383260 0.220264 0.387665 0.220264 0.392070 0.229075 0.400881 0.233480 0.396476 0.246696 0.405286 0.246696 0.418502 0.251101 0.422908 0.251101 0.427313 0.264317 0.440529 0.277533 0.431718 0.299559 0.444934 0.299559 0.449339 0.308370 0.458150 0.308370 0.475771 0.321586 0.488987 0.321586 0.493392 0.330396 0.506608 0.330396 0.519824 0.343612 0.533040 0.348018 0.528634 0.339207 0.515419 0.339207 0.497797 0.330396 0.488987 0.330396 0.471366 0.317181 0.458150 0.312775 0.458150 0.308370 0.453745 0.308370 0.444934 0.303965 0.440529 0.303965 0.436123 0.295154 0.427313 0.277533 0.427313 0.273128 0.422908 0.268722 0.422908 0.255507 0.409692 0.251101 0.409692 0.242291 0.400881 0.242291 0.392070 0.237885 0.387665 0.237885 0.370044 0.246696 0.361233 0.246696 0.356828 0.251101 0.352423 0.255507 0.352423 0.255507 0.339207 0.246696 0.330396 0.246696 0.317181 0.255507 0.308370 0.259912 0.308370 0.264317 0.303965 0.268722 0.303965 0.273128 0.308370 0.286344 0.299559 0.281938 0.295154 0.273128 0.295154 0.259912 0.303965
0 0.180617 0.277533 0.171806 0.286344 0.167401 0.286344 0.158590 0.295154 0.158590 0.303965 0.162996 0.308370 0.167401 0.303965 0.171806 0.303965 0.176211 0.299559 0.180617 0.299559 0.185022 0.303965 0.189427 0.303965 0.193833 0.308370 0.193833 0.317181 0.198238 0.312775 0.202643 0.312775 0.211454 0.303965 0.207048 0.303965 0.198238 0.295154 0.198238 0.286344 0.189427 0.277533
0 0.682819 0.273128 0.674009 0.281938 0.674009 0.286344 0.682819 0.295154 0.691630 0.295154 0.696035 0.299559 0.700441 0.299559 0.709251 0.290749 0.696035 0.277533 0.691630 0.277533 0.687225 0.273128
0 0.757709 0.281938 0.766520 0.290749 0.775330 0.290749 0.779736 0.286344 0.784141 0.286344 0.788546 0.281938 0.806167 0.281938 0.810573 0.277533 0.801762 0.268722 0.792952 0.268722 0.788546 0.264317 0.779736 0.264317 0.766520 0.277533 0.762115 0.277533
0 0.295154 0.237885 0.286344 0.246696 0.281938 0.246696 0.268722 0.259912 0.277533 0.268722 0.286344 0.268722 0.290749 0.273128 0.295154 0.273128 0.299559 0.277533 0.299559 0.286344 0.303965 0.290749 0.312775 0.290749 0.317181 0.286344 0.317181 0.281938 0.308370 0.273128 0.303965 0.273128 0.299559 0.268722 0.299559 0.259912 0.295154 0.255507 0.295154 0.246696 0.299559 0.242291
0 0.841410 0.233480 0.837004 0.237885 0.837004 0.242291 0.832599 0.246696 0.837004 0.251101 0.837004 0.255507 0.845815 0.264317 0.845815 0.281938 0.854626 0.290749 0.859031 0.290749 0.867841 0.299559 0.867841 0.308370 0.859031 0.317181 0.854626 0.317181 0.850220 0.321586 0.850220 0.325991 0.859031 0.334802 0.872247 0.334802 0.894273 0.312775 0.889868 0.308370 0.885463 0.308370 0.881057 0.303965 0.876652 0.303965 0.872247 0.299559 0.872247 0.290749 0.876652 0.286344 0.876652 0.277533 0.867841 0.268722 0.863436 0.268722 0.859031 0.264317 0.859031 0.251101 0.850220 0.242291 0.850220 0.237885 0.845815 0.233480
0 0.947137 0.224670 0.942731 0.229075 0.942731 0.237885 0.947137 0.237885 0.964758 0.255507 0.969163 0.255507 0.973568 0.251101 0.969163 0.246696 0.969163 0.237885 0.955947 0.224670 0.951542 0.229075
0 0.607930 0.220264 0.599119 0.220264 0.590308 0.229075 0.590308 0.237885 0.585903 0.242291 0.585903 0.246696 0.581498 0.251101 0.581498 0.255507 0.577093 0.259912 0.577093 0.264317 0.572687 0.268722 0.572687 0.273128 0.568282 0.277533 0.568282 0.281938 0.563877 0.286344 0.559471 0.286344 0.555066 0.290749 0.550661 0.286344 0.546256 0.290749 0.546256 0.295154 0.550661 0.299559 0.563877 0.299559 0.568282 0.303965 0.572687 0.303965 0.577093 0.299559 0.581498 0.303965 0.585903 0.303965 0.590308 0.308370 0.590308 0.317181 0.581498 0.325991 0.577093 0.325991 0.572687 0.330396 0.572687 0.334802 0.577093 0.339207 0.577093 0.343612 0.581498 0.348018 0.599119 0.348018 0.603524 0.343612 0.603524 0.321586 0.607930 0.317181 0.607930 0.308370 0.612335 0.303965 0.612335 0.299559 0.629956 0.281938 0.629956 0.277533 0.638767 0.268722 0.643172 0.268722 0.647577 0.264317 0.647577 0.251101 0.625551 0.229075 0.621145 0.229075 0.616740 0.224670 0.612335 0.224670
0 0.436123 0.220264 0.431718 0.220264 0.427313 0.224670 0.427313 0.246696 0.422908 0.251101 0.422908 0.255507 0.414097 0.264317 0.414097 0.277533 0.418502 0.281938 0.431718 0.281938 0.436123 0.277533 0.436123 0.268722 0.444934 0.259912 0.444934 0.229075
0 0.167401 0.207048 0.158590 0.207048 0.154185 0.211454 0.154185 0.224670 0.145374 0.233480 0.140969 0.233480 0.136564 0.237885 0.136564 0.242291 0.140969 0.246696 0.140969 0.251101 0.149780 0.259912 0.154185 0.259912 0.158590 0.255507 0.158590 0.229075 0.162996 0.224670 0.167401 0.224670 0.171806 0.220264 0.171806 0.211454
0 0.903084 0.198238 0.894273 0.198238 0.889868 0.202643 0.889868 0.207048 0.876652 0.220264 0.885463 0.229075 0.894273 0.229075 0.898678 0.224670 0.898678 0.220264 0.903084 0.215859 0.907489 0.215859 0.911894 0.211454 0.911894 0.207048
0 0.193833 0.158590 0.180617 0.171806 0.180617 0.176211 0.185022 0.180617 0.185022 0.189427 0.189427 0.193833 0.189427 0.198238 0.193833 0.202643 0.202643 0.202643 0.207048 0.198238 0.207048 0.193833 0.202643 0.189427 0.202643 0.176211 0.198238 0.171806 0.198238 0.162996
0 0.740088 0.149780 0.735683 0.154185 0.735683 0.171806 0.744493 0.180617 0.748899 0.180617 0.753304 0.176211 0.753304 0.167401 0.757709 0.162996 0.757709 0.158590 0.748899 0.149780
0 0.625551 0.158590 0.616740 0.149780 0.607930 0.149780 0.599119 0.158590 0.594714 0.158590 0.590308 0.162996 0.585903 0.162996 0.581498 0.167401 0.577093 0.167401 0.577093 0.171806 0.581498 0.171806 0.585903 0.176211 0.590308 0.176211 0.594714 0.180617 0.599119 0.180617 0.616740 0.162996 0.621145 0.162996
0 0.462555 0.149780 0.458150 0.154185 0.458150 0.167401 0.462555 0.171806 0.462555 0.185022 0.458150 0.189427 0.484582 0.215859 0.488987 0.211454 0.488987 0.198238 0.484582 0.193833 0.484582 0.185022 0.475771 0.176211 0.475771 0.158590 0.466960 0.149780
0 0.233480 0.158590 0.233480 0.167401 0.246696 0.180617 0.251101 0.180617 0.255507 0.185022 0.259912 0.185022 0.277533 0.202643 0.277533 0.207048 0.281938 0.211454 0.290749 0.211454 0.299559 0.202643 0.299559 0.198238 0.303965 0.193833 0.308370 0.193833 0.312775 0.189427 0.321586 0.189427 0.325991 0.185022 0.321586 0.180617 0.308370 0.180617 0.303965 0.185022 0.299559 0.185022 0.295154 0.189427 0.290749 0.189427 0.286344 0.185022 0.281938 0.185022 0.273128 0.176211 0.268722 0.176211 0.264317 0.171806 0.259912 0.171806 0.251101 0.162996 0.251101 0.158590 0.242291 0.149780
0 0.977974 0.145374 0.973568 0.140969 0.969163 0.140969 0.964758 0.136564 0.951542 0.136564 0.942731 0.145374 0.942731 0.149780 0.938326 0.154185 0.933921 0.154185 0.929515 0.158590 0.929515 0.162996 0.933921 0.167401 0.942731 0.167401 0.947137 0.162996 0.951542 0.162996 0.955947 0.158590 0.964758 0.158590 0.969163 0.154185 0.973568 0.154185 0.977974 0.149780
0 0.797357 0.132159 0.792952 0.136564 0.792952 0.145374 0.797357 0.149780 0.797357 0.154185 0.801762 0.158590 0.801762 0.162996 0.810573 0.171806 0.819383 0.171806 0.828194 0.162996 0.810573 0.145374 0.810573 0.140969 0.801762 0.132159
0 0.361233 0.123348 0.356828 0.127753 0.374449 0.145374 0.374449 0.162996 0.378855 0.167401 0.383260 0.167401 0.387665 0.162996 0.387665 0.149780 0.392070 0.145374 0.392070 0.132159 0.387665 0.127753 0.365639 0.127753
0 0.907489 0.136564 0.903084 0.132159 0.898678 0.132159 0.881057 0.114537 0.876652 0.118943 0.859031 0.118943 0.854626 0.123348 0.850220 0.118943 0.845815 0.123348 0.845815 0.127753 0.863436 0.145374 0.872247 0.136564 0.876652 0.136564 0.881057 0.132159 0.885463 0.136564 0.894273 0.136564 0.898678 0.140969 0.903084 0.140969
0 0.171806 0.118943 0.162996 0.110132 0.154185 0.110132 0.145374 0.118943 0.145374 0.127753 0.140969 0.132159 0.136564 0.132159 0.132159 0.136564 0.127753 0.136564 0.123348 0.132159 0.118943 0.132159 0.114537 0.127753 0.110132 0.132159 0.114537 0.136564 0.118943 0.136564 0.123348 0.140969 0.127753 0.140969 0.132159 0.145374 0.140969 0.145374 0.149780 0.136564 0.154185 0.136564 0.158590 0.132159 0.162996 0.132159 0.171806 0.123348
0 0.299559 0.092511 0.295154 0.096916 0.295154 0.118943 0.299559 0.123348 0.308370 0.123348 0.330396 0.101322 0.325991 0.096916 0.317181 0.096916 0.312775 0.092511
0 0.555066 0.088106 0.546256 0.096916 0.546256 0.101322 0.559471 0.114537 0.559471 0.118943 0.568282 0.127753 0.572687 0.127753 0.577093 0.123348 0.577093 0.110132 0.568282 0.101322 0.568282 0.096916 0.563877 0.092511 0.559471 0.092511
0 0.017621 0.088106 0.013216 0.092511 0.013216 0.101322 0.022026 0.110132 0.022026 0.127753 0.017621 0.132159 0.017621 0.140969 0.022026 0.145374 0.030837 0.167401 0.044053 0.180617 0.044053 0.193833 0.048458 0.198238 0.048458 0.207048 0.039648 0.220264 0.057269 0.242291 0.057269 0.246696 0.061674 0.251101 0.061674 0.259912 0.070485 0.273128 0.070485 0.286344 0.066079 0.290749 0.066079 0.303965 0.083700 0.321586 0.083700 0.339207 0.096916 0.348018 0.092511 0.370044 0.096916 0.374449 0.096916 0.387665 0.105727 0.396476 0.105727 0.400881 0.114537 0.414097 0.114537 0.427313 0.118943 0.431718 0.118943 0.440529 0.123348 0.444934 0.136564 0.449339 0.136564 0.440529 0.140969 0.436123 0.136564 0.431718 0.136564 0.418502 0.127753 0.409692 0.127753 0.383260 0.110132 0.365639 0.110132 0.361233 0.096916 0.352423 0.096916 0.339207 0.101322 0.334802 0.101322 0.325991 0.096916 0.321586 0.096916 0.290749 0.083700 0.277533 0.083700 0.259912 0.088106 0.255507 0.083700 0.251101 0.083700 0.242291 0.079295 0.237885 0.079295 0.233480 0.057269 0.211454 0.057269 0.202643 0.066079 0.193833 0.066079 0.185022 0.061674 0.180617 0.061674 0.176211 0.052863 0.162996 0.052863 0.154185 0.039648 0.132159 0.039648 0.118943 0.035242 0.114537 0.035242 0.105727 0.039648 0.101322 0.039648 0.096916 0.026432 0.088106 0.022026 0.092511
0 0.211454 0.083700 0.211454 0.092511 0.215859 0.096916 0.220264 0.096916 0.237885 0.114537 0.246696 0.114537 0.251101 0.110132 0.251101 0.101322 0.237885 0.088106 0.233480 0.088106 0.229075 0.083700 0.224670 0.083700 0.220264 0.079295 0.215859 0.083700
0 0.665198 0.083700 0.665198 0.096916 0.674009 0.105727 0.674009 0.110132 0.682819 0.118943 0.682819 0.123348 0.691630 0.132159 0.726872 0.132159 0.731278 0.127753 0.726872 0.123348 0.726872 0.114537 0.718062 0.105727 0.713656 0.105727 0.709251 0.101322 0.709251 0.096916 0.704846 0.092511 0.704846 0.088106 0.696035 0.079295 0.691630 0.079295 0.687225 0.074890 0.682819 0.079295 0.678414 0.074890 0.674009 0.074890
0 0.414097 0.057269 0.409692 0.061674 0.409692 0.079295 0.414097 0.083700 0.418502 0.083700 0.422908 0.088106 0.436123 0.088106 0.440529 0.083700 0.440529 0.079295 0.427313 0.066079 0.422908 0.066079
0 0.907489 0.044053 0.894273 0.030837 0.889868 0.030837 0.885463 0.035242 0.885463 0.039648 0.881057 0.044053 0.881057 0.052863 0.876652 0.057269 0.872247 0.057269 0.867841 0.061674 0.863436 0.057269 0.854626 0.057269 0.850220 0.061674 0.837004 0.061674 0.832599 0.066079 0.832599 0.070485 0.837004 0.074890 0.837004 0.079295 0.841410 0.083700 0.859031 0.066079 0.863436 0.066079 0.872247 0.057269 0.876652 0.057269 0.881057 0.052863 0.885463 0.052863 0.889868 0.057269 0.898678 0.057269 0.903084 0.052863 0.903084 0.048458
0 0.603524 0.026432 0.599119 0.030837 0.603524 0.035242 0.603524 0.039648 0.607930 0.044053 0.607930 0.052863 0.612335 0.057269 0.612335 0.070485 0.607930 0.074890 0.603524 0.074890 0.599119 0.079295 0.603524 0.083700 0.603524 0.118943 0.612335 0.127753 0.621145 0.127753 0.625551 0.123348 0.634361 0.123348 0.638767 0.127753 0.643172 0.127753 0.647577 0.132159 0.651982 0.127753 0.651982 0.123348 0.647577 0.118943 0.643172 0.123348 0.638767 0.123348 0.634361 0.118943 0.629956 0.118943 0.621145 0.110132 0.621145 0.088106 0.616740 0.083700 0.616740 0.074890 0.612335 0.070485 0.612335 0.061674 0.625551 0.048458 0.625551 0.039648 0.616740 0.030837 0.612335 0.030837 0.607930 0.026432
0 0.784141 0.026432 0.779736 0.026432 0.775330 0.022026 0.770925 0.022026 0.766520 0.017621 0.762115 0.022026 0.762115 0.026432 0.753304 0.035242 0.748899 0.035242 0.740088 0.044053 0.740088 0.048458 0.753304 0.061674 0.757709 0.061674 0.766520 0.052863 0.766520 0.039648 0.770925 0.035242 0.775330 0.035242 0.779736 0.030837 0.784141 0.030837
0 0.290749 0.026432 0.303965 0.039648 0.308370 0.039648 0.312775 0.044053 0.317181 0.044053 0.321586 0.048458 0.334802 0.048458 0.339207 0.044053 0.339207 0.035242 0.334802 0.030837 0.325991 0.030837 0.321586 0.026432 0.317181 0.026432 0.308370 0.017621 0.299559 0.017621
0 0.096916 0.017621 0.088106 0.017621 0.083700 0.022026 0.083700 0.030837 0.088106 0.035242 0.088106 0.039648 0.092511 0.044053 0.092511 0.048458 0.096916 0.052863 0.096916 0.074890 0.092511 0.079295 0.088106 0.079295 0.083700 0.083700 0.079295 0.083700 0.074890 0.088106 0.074890 0.092511 0.079295 0.096916 0.096916 0.096916 0.101322 0.092511 0.105727 0.092511 0.114537 0.083700 0.114537 0.079295 0.118943 0.074890 0.118943 0.070485 0.114537 0.066079 0.114537 0.061674 0.105727 0.052863 0.105727 0.026432
0 0.814978 0.000000 0.806167 0.000000 0.806167 0.022026 0.801762 0.026432 0.797357 0.026432 0.797357 0.030837 0.801762 0.030837 0.806167 0.035242 0.810573 0.035242 0.819383 0.026432 0.823789 0.026432 0.828194 0.022026 0.828194 0.013216 0.823789 0.008811 0.819383 0.008811 0.814978 0.004405
0 0.572687 0.000000 0.550661 0.000000 0.550661 0.013216 0.546256 0.017621 0.546256 0.022026 0.550661 0.026432 0.555066 0.026432 0.563877 0.017621 0.568282 0.017621 0.572687 0.013216
0 0.436123 0.000000 0.440529 0.004405 0.440529 0.008811 0.444934 0.013216 0.449339 0.013216 0.458150 0.022026 0.462555 0.022026 0.471366 0.030837 0.471366 0.039648 0.475771 0.044053 0.480176 0.044053 0.484582 0.039648 0.484582 0.030837 0.480176 0.026432 0.475771 0.026432 0.471366 0.022026 0.466960 0.022026 0.458150 0.013216 0.458150 0.000000
0 0.145374 0.000000 0.145374 0.008811 0.158590 0.022026 0.162996 0.022026 0.167401 0.026432 0.171806 0.026432 0.176211 0.030837 0.176211 0.039648 0.180617 0.044053 0.185022 0.044053 0.189427 0.048458 0.193833 0.048458 0.202643 0.039648 0.207048 0.039648 0.211454 0.035242 0.211454 0.030837 0.207048 0.026432 0.202643 0.026432 0.198238 0.022026 0.193833 0.022026 0.189427 0.017621 0.189427 0.000000
