0 0.185022 0.942731 0.180617 0.938326 0.167401 0.938326 0.162996 0.942731 0.158590 0.942731 0.154185 0.947137 0.145374 0.947137 0.140969 0.942731 0.132159 0.942731 0.127753 0.947137 0.127753 0.960352 0.132159 0.964758 0.136564 0.964758 0.149780 0.951542 0.154185 0.951542 0.158590 0.947137 0.167401 0.947137 0.171806 0.951542 0.180617 0.951542 0.185022 0.947137
0 0.660793 0.925110 0.656388 0.929515 0.656388 0.938326 0.660793 0.942731 0.660793 0.960352 0.669604 0.969163 0.674009 0.969163 0.678414 0.964758 0.678414 0.960352 0.674009 0.955947 0.674009 0.938326
0 0.541850 0.876652 0.533040 0.885463 0.550661 0.903084 0.559471 0.903084 0.568282 0.894273 0.568282 0.889868 0.563877 0.885463 0.559471 0.885463 0.555066 0.881057 0.550661 0.881057 0.546256 0.876652
0 0.088106 0.876652 0.079295 0.876652 0.074890 0.881057 0.074890 0.894273 0.070485 0.898678 0.070485 0.903084 0.066079 0.907489 0.066079 0.911894 0.070485 0.916300 0.079295 0.907489 0.079295 0.903084 0.083700 0.898678 0.088106 0.898678 0.096916 0.889868 0.092511 0.885463 0.092511 0.881057
0 0.101322 0.775330 0.101322 0.779736 0.105727 0.784141 0.110132 0.784141 0.114537 0.788546 0.132159 0.788546 0.136564 0.784141 0.136564 0.779736 0.127753 0.770925 0.105727 0.770925
0 0.925110 0.704846 0.925110 0.709251 0.933921 0.718062 0.955947 0.718062 0.960352 0.713656 0.960352 0.704846 0.947137 0.691630 0.942731 0.691630 0.938326 0.696035 0.933921 0.696035
0 0.792952 0.647577 0.784141 0.656388 0.784141 0.660793 0.779736 0.665198 0.784141 0.669604 0.784141 0.682819 0.788546 0.687225 0.788546 0.691630 0.792952 0.696035 0.797357 0.691630 0.797357 0.669604 0.801762 0.665198 0.801762 0.660793 0.806167 0.656388 0.801762 0.651982 0.797357 0.651982
0 0.691630 0.629956 0.687225 0.634361 0.687225 0.638767 0.704846 0.656388 0.713656 0.656388 0.718062 0.651982 0.718062 0.638767 0.713656 0.634361 0.704846 0.634361 0.700441 0.629956
0 0.528634 0.541850 0.533040 0.546256 0.541850 0.546256 0.546256 0.541850 0.550661 0.546256 0.555066 0.546256 0.568282 0.559471 0.577093 0.559471 0.590308 0.546256 0.585903 0.541850 0.577093 0.541850 0.572687 0.537445 0.563877 0.537445 0.559471 0.541850 0.555066 0.541850 0.550661 0.537445 0.546256 0.537445 0.541850 0.533040 0.537445 0.537445 0.533040 0.537445
0 0.903084 0.511013 0.894273 0.519824 0.894273 0.541850 0.903084 0.550661 0.907489 0.550661 0.916300 0.541850 0.907489 0.533040 0.907489 0.524229 0.911894 0.519824
0 0.859031 0.488987 0.850220 0.480176 0.845815 0.480176 0.841410 0.475771 0.837004 0.480176 0.828194 0.480176 0.823789 0.484582 0.823789 0.493392 0.828194 0.497797 0.837004 0.497797 0.841410 0.493392 0.854626 0.493392
0 0.000000 0.427313 0.000000 0.436123 0.008811 0.431718 0.030837 0.449339 0.026432 0.466960 0.000000 0.466960 0.000000 0.528634 0.057269 0.533040 0.105727 0.506608 0.123348 0.515419 0.149780 0.493392 0.162996 0.502203 0.167401 0.528634 0.211454 0.533040 0.220264 0.550661 0.273128 0.590308 0.365639 0.612335 0.400881 0.638767 0.440529 0.616740 0.480176 0.621145 0.511013 0.638767 0.572687 0.709251 0.594714 0.709251 0.603524 0.700441 0.590308 0.682819 0.607930 0.674009 0.621145 0.682819 0.616740 0.700441 0.651982 0.718062 0.656388 0.704846 0.638767 0.682819 0.651982 0.674009 0.687225 0.691630 0.682819 0.713656 0.762115 0.792952 0.792952 0.810573 0.806167 0.837004 0.841410 0.867841 0.837004 0.881057 0.819383 0.885463 0.828194 0.903084 0.841410 0.907489 0.850220 0.898678 0.845815 0.881057 0.863436 0.872247 0.911894 0.907489 0.925110 0.951542 0.960352 0.977974 0.964758 0.995595 0.995595 0.977974 0.995595 0.964758 0.973568 0.960352 0.995595 0.938326 0.951542 0.894273 0.942731 0.845815 0.960352 0.832599 0.951542 0.828194 0.933921 0.841410 0.837004 0.792952 0.850220 0.775330 0.845815 0.753304 0.819383 0.779736 0.678414 0.669604 0.643172 0.660793 0.599119 0.665198 0.533040 0.621145 0.488987 0.577093 0.458150 0.563877 0.405286 0.559471 0.374449 0.533040 0.215859 0.497797 0.185022 0.475771 0.136564 0.484582 0.083700 0.453745 0.066079 0.453745 0.035242 0.427313
0 0.281938 0.418502 0.277533 0.422908 0.277533 0.427313 0.281938 0.431718 0.281938 0.440529 0.290749 0.449339 0.295154 0.449339 0.308370 0.462555 0.312775 0.462555 0.317181 0.466960 0.321586 0.466960 0.325991 0.462555 0.325991 0.458150 0.330396 0.453745 0.330396 0.444934 0.325991 0.440529 0.317181 0.440529 0.312775 0.436123 0.308370 0.436123 0.295154 0.422908 0.290749 0.422908 0.286344 0.418502
0 0.995595 0.405286 0.995595 0.383260 0.977974 0.383260 0.973568 0.387665 0.969163 0.387665 0.964758 0.392070 0.955947 0.392070 0.951542 0.387665 0.942731 0.387665 0.938326 0.392070 0.947137 0.400881 0.951542 0.400881 0.955947 0.396476 0.964758 0.396476 0.969163 0.400881 0.973568 0.400881 0.977974 0.405286
0 0.484582 0.396476 0.488987 0.400881 0.515419 0.400881 0.519824 0.405286 0.533040 0.405286 0.537445 0.400881 0.533040 0.396476 0.528634 0.396476 0.524229 0.392070 0.519824 0.392070 0.515419 0.387665 0.511013 0.387665 0.506608 0.383260 0.497797 0.383260
0 0.325991 0.317181 0.317181 0.325991 0.317181 0.339207 0.321586 0.343612 0.325991 0.343612 0.334802 0.352423 0.339207 0.352423 0.343612 0.348018 0.343612 0.343612 0.339207 0.339207 0.339207 0.334802 0.334802 0.330396 0.334802 0.321586 0.330396 0.317181
0 0.224670 0.308370 0.220264 0.312775 0.220264 0.325991 0.233480 0.339207 0.237885 0.339207 0.242291 0.334802 0.242291 0.317181 0.233480 0.308370
0 0.000000 0.299559 0.004405 0.303965 0.008811 0.303965 0.013216 0.308370 0.022026 0.308370 0.026432 0.312775 0.030837 0.308370 0.035242 0.308370 0.039648 0.303965 0.039648 0.299559 0.026432 0.286344 0.022026 0.286344 0.017621 0.290749 0.013216 0.290749 0.008811 0.295154 0.004405 0.295154
0 0.696035 0.202643 0.691630 0.207048 0.691630 0.215859 0.704846 0.229075 0.709251 0.229075 0.713656 0.233480 0.713656 0.246696 0.722467 0.255507 0.726872 0.255507 0.735683 0.246696 0.735683 0.233480 0.731278 0.229075 0.726872 0.229075 0.700441 0.202643
0 0.872247 0.198238 0.867841 0.193833 0.863436 0.193833 0.859031 0.189427 0.854626 0.193833 0.845815 0.193833 0.841410 0.198238 0.837004 0.198238 0.828194 0.207048 0.837004 0.215859 0.841410 0.215859 0.850220 0.207048 0.854626 0.207048 0.859031 0.202643 0.867841 0.202643
0 0.709251 0.162996 0.718062 0.171806 0.722467 0.171806 0.726872 0.176211 0.735683 0.176211 0.740088 0.180617 0.744493 0.180617 0.748899 0.176211 0.744493 0.171806 0.744493 0.167401 0.735683 0.158590 0.713656 0.158590
0 0.334802 0.110132 0.334802 0.114537 0.352423 0.132159 0.356828 0.132159 0.361233 0.136564 0.365639 0.136564 0.370044 0.140969 0.374449 0.140969 0.378855 0.136564 0.378855 0.127753 0.370044 0.118943 0.365639 0.118943 0.361233 0.114537 0.356828 0.114537 0.352423 0.110132 0.348018 0.110132 0.343612 0.105727 0.339207 0.105727
0 0.748899 0.008811 0.740088 0.017621 0.740088 0.026432 0.744493 0.030837 0.753304 0.030837 0.757709 0.035242 0.762115 0.035242 0.775330 0.048458 0.775330 0.052863 0.779736 0.057269 0.779736 0.061674 0.792952 0.074890 0.797357 0.074890 0.806167 0.083700 0.806167 0.088106 0.810573 0.092511 0.810573 0.101322 0.814978 0.105727 0.823789 0.105727 0.828194 0.101322 0.823789 0.096916 0.823789 0.092511 0.810573 0.079295 0.806167 0.079295 0.797357 0.070485 0.797357 0.057269 0.792952 0.052863 0.792952 0.048458 0.788546 0.044053 0.788546 0.039648 0.784141 0.035242 0.779736 0.035242 0.757709 0.013216 0.753304 0.013216
