0 0.339207 0.947137 0.330396 0.955947 0.330396 0.964758 0.339207 0.973568 0.348018 0.973568 0.352423 0.977974 0.361233 0.977974 0.365639 0.973568 0.365639 0.969163 0.361233 0.964758 0.361233 0.960352 0.352423 0.951542 0.343612 0.951542
0 0.938326 0.929515 0.933921 0.933921 0.929515 0.933921 0.920705 0.942731 0.920705 0.951542 0.925110 0.955947 0.929515 0.955947 0.933921 0.960352 0.938326 0.960352 0.942731 0.955947 0.942731 0.933921
0 0.678414 0.925110 0.682819 0.929515 0.687225 0.929515 0.691630 0.925110 0.696035 0.925110 0.700441 0.920705 0.704846 0.925110 0.709251 0.925110 0.713656 0.929515 0.718062 0.929515 0.722467 0.925110 0.726872 0.925110 0.731278 0.920705 0.744493 0.920705 0.748899 0.925110 0.753304 0.925110 0.757709 0.929515 0.757709 0.938326 0.753304 0.942731 0.748899 0.942731 0.744493 0.947137 0.731278 0.947137 0.726872 0.942731 0.722467 0.942731 0.722467 0.951542 0.718062 0.955947 0.722467 0.960352 0.735683 0.960352 0.740088 0.964758 0.770925 0.964758 0.779736 0.955947 0.784141 0.955947 0.788546 0.951542 0.792952 0.955947 0.797357 0.951542 0.797357 0.947137 0.801762 0.942731 0.797357 0.938326 0.797357 0.933921 0.792952 0.929515 0.788546 0.929515 0.784141 0.925110 0.779736 0.925110 0.775330 0.920705 0.766520 0.920705 0.762115 0.916300 0.748899 0.916300 0.744493 0.911894 0.700441 0.911894 0.696035 0.916300 0.687225 0.916300
0 0.599119 0.929515 0.599119 0.920705 0.585903 0.907489 0.581498 0.911894 0.572687 0.911894 0.568282 0.916300 0.563877 0.916300 0.559471 0.920705 0.559471 0.925110 0.568282 0.933921 0.594714 0.933921
0 0.687225 0.859031 0.691630 0.863436 0.696035 0.859031 0.700441 0.863436 0.704846 0.863436 0.713656 0.872247 0.713656 0.876652 0.722467 0.885463 0.731278 0.885463 0.735683 0.881057 0.740088 0.881057 0.744493 0.876652 0.748899 0.881057 0.757709 0.881057 0.762115 0.885463 0.766520 0.885463 0.775330 0.894273 0.779736 0.894273 0.784141 0.898678 0.797357 0.898678 0.801762 0.894273 0.792952 0.885463 0.788546 0.885463 0.784141 0.881057 0.779736 0.881057 0.775330 0.876652 0.770925 0.881057 0.766520 0.876652 0.762115 0.876652 0.757709 0.872247 0.753304 0.876652 0.748899 0.872247 0.740088 0.872247 0.735683 0.867841 0.731278 0.867841 0.722467 0.859031 0.718062 0.859031 0.713656 0.863436 0.704846 0.863436 0.700441 0.859031 0.696035 0.859031 0.691630 0.854626
0 0.118943 0.854626 0.114537 0.859031 0.114537 0.867841 0.110132 0.872247 0.110132 0.894273 0.101322 0.903084 0.105727 0.907489 0.105727 0.911894 0.110132 0.916300 0.123348 0.916300 0.127753 0.911894 0.127753 0.863436
0 0.074890 0.762115 0.074890 0.770925 0.079295 0.775330 0.083700 0.775330 0.088106 0.779736 0.092511 0.779736 0.105727 0.792952 0.110132 0.792952 0.114537 0.788546 0.118943 0.792952 0.123348 0.788546 0.118943 0.784141 0.118943 0.779736 0.114537 0.775330 0.114537 0.770925 0.110132 0.766520 0.105727 0.766520 0.096916 0.757709 0.079295 0.757709
0 0.955947 0.674009 0.964758 0.682819 0.964758 0.687225 0.969163 0.691630 0.977974 0.691630 0.982379 0.687225 0.991189 0.687225 0.995595 0.691630 0.995595 0.678414 0.982379 0.678414 0.977974 0.674009 0.973568 0.674009 0.969163 0.669604 0.960352 0.669604
0 0.330396 0.568282 0.325991 0.563877 0.321586 0.568282 0.317181 0.563877 0.308370 0.563877 0.303965 0.559471 0.299559 0.563877 0.286344 0.563877 0.281938 0.568282 0.264317 0.568282 0.255507 0.577093 0.255507 0.585903 0.259912 0.590308 0.264317 0.585903 0.286344 0.585903 0.290749 0.581498 0.312775 0.581498 0.321586 0.572687 0.325991 0.572687
0 0.000000 0.607930 0.035242 0.621145 0.044053 0.656388 0.079295 0.616740 0.140969 0.643172 0.149780 0.674009 0.171806 0.665198 0.162996 0.651982 0.176211 0.643172 0.207048 0.678414 0.185022 0.709251 0.061674 0.674009 0.039648 0.700441 0.000000 0.678414 0.052863 0.740088 0.057269 0.696035 0.074890 0.687225 0.220264 0.718062 0.264317 0.744493 0.339207 0.704846 0.356828 0.718062 0.330396 0.700441 0.325991 0.674009 0.392070 0.599119 0.418502 0.607930 0.440529 0.568282 0.458150 0.607930 0.502203 0.590308 0.519824 0.599119 0.506608 0.634361 0.475771 0.634361 0.449339 0.665198 0.511013 0.696035 0.484582 0.651982 0.519824 0.638767 0.541850 0.607930 0.590308 0.718062 0.621145 0.700441 0.687225 0.731278 0.718062 0.722467 0.740088 0.762115 0.792952 0.740088 0.823789 0.762115 0.814978 0.801762 0.889868 0.797357 0.903084 0.823789 0.881057 0.837004 0.823789 0.828194 0.784141 0.801762 0.713656 0.806167 0.674009 0.762115 0.581498 0.735683 0.541850 0.766520 0.418502 0.726872 0.383260 0.731278 0.383260 0.753304 0.475771 0.788546 0.563877 0.788546 0.581498 0.801762 0.577093 0.779736 0.599119 0.766520 0.713656 0.814978 0.779736 0.810573 0.867841 0.845815 0.911894 0.837004 0.938326 0.863436 0.995595 0.841410 0.995595 0.801762 0.911894 0.770925 0.907489 0.748899 0.863436 0.766520 0.850220 0.757709 0.854626 0.726872 0.810573 0.735683 0.797357 0.713656 0.806167 0.678414 0.753304 0.700441 0.696035 0.687225 0.682819 0.709251 0.651982 0.709251 0.603524 0.674009 0.612335 0.651982 0.550661 0.599119 0.436123 0.555066 0.352423 0.594714 0.317181 0.643172 0.273128 0.656388 0.211454 0.643172 0.193833 0.621145 0.158590 0.634361 0.145374 0.607930 0.127753 0.625551 0.074890 0.603524
0 0.202643 0.537445 0.198238 0.541850 0.198238 0.546256 0.202643 0.550661 0.202643 0.555066 0.211454 0.563877 0.215859 0.563877 0.220264 0.568282 0.229075 0.559471 0.229075 0.555066 0.224670 0.550661 0.224670 0.546256 0.215859 0.537445
0 0.973568 0.546256 0.960352 0.533040 0.951542 0.533040 0.947137 0.537445 0.947137 0.541850 0.938326 0.550661 0.933921 0.550661 0.929515 0.555066 0.929515 0.559471 0.933921 0.563877 0.938326 0.559471 0.942731 0.559471 0.947137 0.555066 0.960352 0.555066 0.964758 0.550661 0.969163 0.550661
0 0.436123 0.519824 0.444934 0.528634 0.449339 0.528634 0.462555 0.541850 0.466960 0.537445 0.471366 0.537445 0.475771 0.533040 0.480176 0.537445 0.484582 0.537445 0.493392 0.546256 0.497797 0.546256 0.502203 0.550661 0.511013 0.550661 0.519824 0.541850 0.511013 0.533040 0.506608 0.533040 0.502203 0.528634 0.497797 0.528634 0.493392 0.533040 0.488987 0.533040 0.484582 0.537445 0.480176 0.533040 0.475771 0.533040 0.466960 0.524229 0.462555 0.528634 0.458150 0.524229 0.453745 0.524229 0.449339 0.519824 0.444934 0.519824 0.440529 0.515419
0 0.770925 0.502203 0.766520 0.506608 0.762115 0.506608 0.757709 0.511013 0.753304 0.511013 0.757709 0.511013 0.762115 0.515419 0.770925 0.515419 0.775330 0.511013 0.779736 0.515419 0.784141 0.515419 0.788546 0.519824 0.788546 0.537445 0.784141 0.541850 0.779736 0.541850 0.775330 0.546256 0.779736 0.550661 0.784141 0.546256 0.788546 0.546256 0.797357 0.537445 0.797357 0.533040 0.801762 0.528634 0.801762 0.519824 0.797357 0.515419 0.792952 0.515419 0.788546 0.519824 0.784141 0.515419 0.779736 0.515419 0.775330 0.511013 0.775330 0.506608
0 0.740088 0.511013 0.735683 0.511013 0.722467 0.497797 0.718062 0.497797 0.696035 0.519824 0.700441 0.524229 0.713656 0.524229 0.718062 0.519824 0.726872 0.519824 0.735683 0.511013
0 0.061674 0.497797 0.057269 0.493392 0.052863 0.493392 0.048458 0.488987 0.044053 0.493392 0.030837 0.493392 0.026432 0.497797 0.026432 0.502203 0.022026 0.506608 0.017621 0.506608 0.013216 0.511013 0.008811 0.511013 0.004405 0.515419 0.000000 0.511013 0.000000 0.524229 0.004405 0.524229 0.008811 0.519824 0.013216 0.519824 0.017621 0.515419 0.030837 0.515419 0.035242 0.511013 0.039648 0.511013 0.044053 0.506608 0.048458 0.506608 0.052863 0.502203 0.057269 0.502203
0 0.321586 0.471366 0.321586 0.480176 0.330396 0.488987 0.330396 0.493392 0.334802 0.497797 0.339207 0.497797 0.348018 0.506608 0.352423 0.506608 0.356828 0.511013 0.361233 0.511013 0.365639 0.506608 0.378855 0.506608 0.383260 0.511013 0.387665 0.511013 0.392070 0.515419 0.396476 0.515419 0.400881 0.511013 0.409692 0.511013 0.414097 0.506608 0.414097 0.502203 0.405286 0.493392 0.387665 0.493392 0.383260 0.488987 0.378855 0.493392 0.374449 0.493392 0.370044 0.497797 0.365639 0.493392 0.356828 0.493392 0.352423 0.488987 0.348018 0.488987 0.343612 0.484582 0.343612 0.471366 0.352423 0.462555 0.352423 0.458150 0.356828 0.453745 0.356828 0.449339 0.352423 0.444934 0.339207 0.444934 0.334802 0.449339 0.334802 0.453745 0.330396 0.458150 0.330396 0.462555
0 0.731278 0.453745 0.740088 0.462555 0.744493 0.462555 0.748899 0.458150 0.753304 0.458150 0.757709 0.453745 0.766520 0.453745 0.770925 0.458150 0.779736 0.458150 0.788546 0.449339 0.784141 0.444934 0.779736 0.444934 0.775330 0.440529 0.770925 0.440529 0.766520 0.444934 0.762115 0.440529 0.757709 0.440529 0.753304 0.436123 0.740088 0.436123 0.735683 0.440529 0.735683 0.449339
0 0.977974 0.418502 0.969163 0.409692 0.960352 0.409692 0.955947 0.414097 0.951542 0.414097 0.947137 0.418502 0.938326 0.418502 0.933921 0.414097 0.916300 0.414097 0.907489 0.422908 0.907489 0.427313 0.911894 0.431718 0.920705 0.431718 0.925110 0.436123 0.929515 0.431718 0.933921 0.431718 0.942731 0.422908 0.947137 0.422908 0.951542 0.418502 0.955947 0.422908 0.960352 0.422908 0.964758 0.427313 0.969163 0.427313
0 0.145374 0.409692 0.140969 0.414097 0.140969 0.418502 0.145374 0.422908 0.149780 0.422908 0.162996 0.436123 0.162996 0.453745 0.171806 0.462555 0.180617 0.453745 0.167401 0.440529 0.167401 0.427313 0.171806 0.422908 0.171806 0.418502 0.162996 0.409692
0 0.859031 0.365639 0.854626 0.370044 0.845815 0.370044 0.832599 0.383260 0.837004 0.387665 0.837004 0.392070 0.841410 0.396476 0.841410 0.409692 0.837004 0.414097 0.837004 0.422908 0.845815 0.431718 0.850220 0.427313 0.850220 0.422908 0.845815 0.418502 0.845815 0.414097 0.841410 0.409692 0.841410 0.396476 0.845815 0.392070 0.845815 0.387665 0.854626 0.378855 0.859031 0.378855 0.863436 0.374449 0.863436 0.370044
0 0.568282 0.352423 0.559471 0.361233 0.559471 0.365639 0.563877 0.370044 0.563877 0.374449 0.568282 0.378855 0.572687 0.378855 0.577093 0.383260 0.581498 0.383260 0.585903 0.387665 0.594714 0.387665 0.599119 0.392070 0.603524 0.392070 0.607930 0.396476 0.612335 0.396476 0.616740 0.400881 0.616740 0.414097 0.621145 0.418502 0.629956 0.409692 0.621145 0.400881 0.621145 0.392070 0.625551 0.387665 0.625551 0.383260 0.621145 0.383260 0.616740 0.378855 0.612335 0.378855 0.607930 0.383260 0.603524 0.378855 0.599119 0.378855 0.594714 0.374449 0.590308 0.374449
0 0.281938 0.343612 0.286344 0.348018 0.290749 0.348018 0.299559 0.356828 0.317181 0.356828 0.325991 0.348018 0.325991 0.343612 0.321586 0.339207 0.312775 0.339207 0.308370 0.334802 0.290749 0.334802
0 0.000000 0.330396 0.000000 0.348018 0.022026 0.348018 0.026432 0.352423 0.030837 0.352423 0.039648 0.361233 0.052863 0.361233 0.061674 0.352423 0.052863 0.343612 0.044053 0.343612 0.039648 0.348018 0.035242 0.343612 0.030837 0.343612 0.017621 0.330396
0 0.352423 0.325991 0.352423 0.334802 0.356828 0.339207 0.361233 0.339207 0.374449 0.352423 0.378855 0.352423 0.400881 0.374449 0.409692 0.374449 0.418502 0.365639 0.418502 0.361233 0.414097 0.356828 0.409692 0.356828 0.405286 0.352423 0.400881 0.352423 0.396476 0.348018 0.396476 0.343612 0.383260 0.330396 0.378855 0.330396 0.374449 0.325991 0.370044 0.325991 0.365639 0.321586 0.356828 0.321586
0 0.859031 0.299559 0.845815 0.299559 0.841410 0.303965 0.841410 0.308370 0.832599 0.317181 0.832599 0.339207 0.828194 0.343612 0.832599 0.348018 0.841410 0.348018 0.845815 0.343612 0.845815 0.330396 0.850220 0.325991 0.850220 0.321586 0.863436 0.308370 0.863436 0.303965
0 0.127753 0.277533 0.123348 0.281938 0.123348 0.286344 0.132159 0.295154 0.136564 0.295154 0.140969 0.299559 0.140969 0.303965 0.145374 0.308370 0.145374 0.330396 0.149780 0.334802 0.158590 0.334802 0.162996 0.330396 0.158590 0.325991 0.158590 0.303965 0.149780 0.295154 0.145374 0.295154
0 0.083700 0.264317 0.079295 0.268722 0.074890 0.268722 0.070485 0.273128 0.066079 0.273128 0.057269 0.281938 0.057269 0.290749 0.070485 0.303965 0.079295 0.295154 0.079295 0.290749 0.083700 0.286344 0.083700 0.281938 0.088106 0.277533 0.088106 0.268722
0 0.850220 0.246696 0.837004 0.259912 0.837004 0.264317 0.832599 0.268722 0.837004 0.273128 0.841410 0.273128 0.845815 0.277533 0.850220 0.273128 0.854626 0.273128 0.859031 0.268722 0.859031 0.255507
0 0.753304 0.224670 0.744493 0.233480 0.740088 0.233480 0.735683 0.237885 0.735683 0.251101 0.740088 0.255507 0.744493 0.251101 0.748899 0.255507 0.757709 0.246696 0.757709 0.242291 0.762115 0.237885 0.762115 0.233480
0 0.466960 0.268722 0.466960 0.273128 0.475771 0.281938 0.480176 0.281938 0.493392 0.268722 0.493392 0.264317 0.497797 0.259912 0.511013 0.255507 0.515419 0.259912 0.528634 0.264317 0.537445 0.273128 0.537445 0.281938 0.541850 0.286344 0.541850 0.299559 0.537445 0.303965 0.541850 0.308370 0.550661 0.308370 0.563877 0.299559 0.577093 0.308370 0.590308 0.303965 0.603524 0.312775 0.603524 0.321586 0.607930 0.325991 0.621145 0.325991 0.634361 0.317181 0.647577 0.321586 0.651982 0.317181 0.647577 0.312775 0.647577 0.303965 0.651982 0.299559 0.656388 0.299559 0.678414 0.277533 0.682819 0.264317 0.678414 0.259912 0.678414 0.237885 0.674009 0.233480 0.665198 0.233480 0.660793 0.237885 0.660793 0.268722 0.656388 0.273128 0.651982 0.286344 0.634361 0.303965 0.629956 0.303965 0.625551 0.308370 0.612335 0.308370 0.607930 0.312775 0.603524 0.312775 0.590308 0.303965 0.590308 0.295154 0.585903 0.290749 0.572687 0.299559 0.568282 0.295154 0.563877 0.295154 0.559471 0.290749 0.559471 0.286344 0.537445 0.268722 0.537445 0.259912 0.572687 0.233480 0.581498 0.233480 0.599119 0.246696 0.603524 0.242291 0.603524 0.237885 0.599119 0.233480 0.594714 0.233480 0.581498 0.215859 0.577093 0.215859 0.568282 0.224670 0.568282 0.229075 0.555066 0.237885 0.546256 0.237885 0.541850 0.242291 0.524229 0.242291 0.502203 0.255507 0.497797 0.251101 0.493392 0.251101 0.488987 0.255507 0.480176 0.255507
0 0.132159 0.220264 0.136564 0.224670 0.140969 0.220264 0.149780 0.220264 0.154185 0.224670 0.158590 0.224670 0.162996 0.229075 0.167401 0.224670 0.176211 0.224670 0.185022 0.215859 0.180617 0.211454 0.149780 0.211454 0.145374 0.215859 0.136564 0.215859
0 0.083700 0.189427 0.079295 0.193833 0.079295 0.207048 0.074890 0.211454 0.070485 0.211454 0.066079 0.215859 0.066079 0.220264 0.074890 0.229075 0.079295 0.229075 0.083700 0.224670 0.083700 0.220264 0.092511 0.211454 0.096916 0.211454 0.101322 0.207048 0.101322 0.202643 0.092511 0.193833 0.088106 0.193833
0 0.000000 0.171806 0.000000 0.268722 0.004405 0.273128 0.008811 0.268722 0.008811 0.246696 0.004405 0.242291 0.004405 0.229075 0.008811 0.224670 0.008811 0.211454 0.004405 0.207048 0.004405 0.198238 0.008811 0.193833 0.008811 0.180617
0 0.577093 0.149780 0.568282 0.158590 0.568282 0.171806 0.572687 0.176211 0.585903 0.176211 0.590308 0.171806 0.590308 0.158590 0.581498 0.149780
0 0.969163 0.145374 0.964758 0.149780 0.964758 0.158590 0.986784 0.180617 0.991189 0.180617 0.995595 0.185022 0.995595 0.158590 0.991189 0.158590 0.986784 0.154185 0.982379 0.154185 0.973568 0.145374
0 0.726872 0.123348 0.722467 0.127753 0.722467 0.136564 0.731278 0.145374 0.731278 0.149780 0.735683 0.154185 0.744493 0.154185 0.748899 0.158590 0.753304 0.158590 0.757709 0.162996 0.762115 0.158590 0.757709 0.154185 0.753304 0.154185 0.744493 0.145374 0.744493 0.140969
0 0.885463 0.110132 0.894273 0.118943 0.898678 0.118943 0.903084 0.123348 0.920705 0.123348 0.925110 0.118943 0.929515 0.118943 0.938326 0.110132 0.933921 0.105727 0.925110 0.105727 0.920705 0.110132 0.903084 0.110132 0.898678 0.105727 0.889868 0.105727
0 0.061674 0.105727 0.066079 0.110132 0.070485 0.110132 0.074890 0.105727 0.079295 0.105727 0.083700 0.101322 0.088106 0.101322 0.092511 0.105727 0.096916 0.105727 0.101322 0.110132 0.105727 0.110132 0.114537 0.101322 0.114537 0.096916 0.110132 0.092511 0.096916 0.092511 0.092511 0.096916 0.079295 0.096916 0.074890 0.092511 0.070485 0.092511 0.061674 0.101322
0 0.392070 0.061674 0.387665 0.066079 0.383260 0.066079 0.378855 0.070485 0.378855 0.079295 0.383260 0.083700 0.387665 0.083700 0.392070 0.088106 0.396476 0.088106 0.405286 0.079295 0.405286 0.070485 0.396476 0.061674
0 0.563877 0.035242 0.559471 0.039648 0.559471 0.044053 0.563877 0.048458 0.563877 0.052863 0.568282 0.057269 0.568282 0.066079 0.563877 0.070485 0.563877 0.083700 0.568282 0.088106 0.568282 0.092511 0.577093 0.101322 0.581498 0.096916 0.581498 0.083700 0.577093 0.079295 0.577093 0.070485 0.572687 0.066079 0.572687 0.052863 0.568282 0.048458 0.568282 0.039648
0 0.942731 0.008811 0.933921 0.017621 0.933921 0.022026 0.929515 0.026432 0.929515 0.030837 0.933921 0.035242 0.933921 0.039648 0.942731 0.048458 0.951542 0.048458 0.955947 0.044053 0.960352 0.044053 0.964758 0.039648 0.964758 0.026432 0.969163 0.022026 0.955947 0.008811
