0 0.334802 0.960352 0.330396 0.964758 0.330396 0.995595 0.343612 0.995595 0.343612 0.982379 0.352423 0.973568 0.348018 0.969163 0.348018 0.964758 0.343612 0.960352
0 0.277533 0.951542 0.273128 0.955947 0.273128 0.995595 0.286344 0.995595 0.286344 0.982379 0.290749 0.977974 0.290749 0.955947 0.286344 0.951542
0 0.616740 0.933921 0.612335 0.933921 0.607930 0.938326 0.607930 0.947137 0.603524 0.951542 0.603524 0.964758 0.607930 0.969163 0.612335 0.969163 0.625551 0.955947 0.625551 0.942731
0 0.788546 0.916300 0.779736 0.925110 0.775330 0.925110 0.770925 0.929515 0.770925 0.947137 0.775330 0.951542 0.775330 0.964758 0.770925 0.969163 0.770925 0.995595 0.784141 0.995595 0.784141 0.986784 0.788546 0.982379 0.788546 0.977974 0.792952 0.973568 0.792952 0.964758 0.788546 0.960352 0.788546 0.925110 0.792952 0.920705
0 0.462555 0.889868 0.458150 0.889868 0.453745 0.894273 0.453745 0.898678 0.449339 0.903084 0.449339 0.911894 0.436123 0.925110 0.431718 0.925110 0.427313 0.929515 0.418502 0.929515 0.414097 0.925110 0.405286 0.925110 0.400881 0.929515 0.405286 0.933921 0.405286 0.938326 0.409692 0.942731 0.409692 0.947137 0.414097 0.951542 0.414097 0.960352 0.418502 0.964758 0.422908 0.964758 0.427313 0.960352 0.427313 0.951542 0.431718 0.947137 0.431718 0.942731 0.436123 0.938326 0.436123 0.933921 0.444934 0.925110 0.449339 0.925110 0.462555 0.911894 0.462555 0.907489 0.466960 0.903084 0.466960 0.894273
0 0.502203 0.872247 0.497797 0.876652 0.502203 0.881057 0.502203 0.889868 0.497797 0.894273 0.497797 0.911894 0.502203 0.916300 0.502203 0.929515 0.506608 0.933921 0.511013 0.933921 0.515419 0.929515 0.515419 0.920705 0.519824 0.916300 0.519824 0.898678 0.511013 0.889868 0.511013 0.881057
0 0.149780 0.867841 0.140969 0.867841 0.132159 0.876652 0.132159 0.889868 0.140969 0.898678 0.145374 0.898678 0.149780 0.894273 0.149780 0.889868 0.154185 0.885463 0.154185 0.872247
0 0.828194 0.850220 0.823789 0.854626 0.823789 0.863436 0.828194 0.867841 0.828194 0.889868 0.832599 0.894273 0.845815 0.881057 0.845815 0.876652 0.850220 0.872247 0.850220 0.863436 0.845815 0.859031 0.841410 0.859031 0.832599 0.850220
0 0.048458 0.850220 0.044053 0.854626 0.044053 0.859031 0.039648 0.863436 0.039648 0.872247 0.044053 0.876652 0.044053 0.885463 0.048458 0.889868 0.052863 0.889868 0.057269 0.894273 0.057269 0.907489 0.052863 0.911894 0.052863 0.925110 0.048458 0.929515 0.048458 0.942731 0.052863 0.947137 0.057269 0.942731 0.057269 0.938326 0.070485 0.925110 0.070485 0.920705 0.074890 0.916300 0.074890 0.889868 0.070485 0.885463 0.070485 0.881057 0.066079 0.876652 0.066079 0.872247 0.061674 0.867841 0.061674 0.863436
0 0.281938 0.859031 0.281938 0.863436 0.290749 0.872247 0.295154 0.867841 0.299559 0.867841 0.303965 0.863436 0.308370 0.863436 0.312775 0.867841 0.317181 0.867841 0.321586 0.872247 0.330396 0.863436 0.321586 0.854626 0.317181 0.854626 0.312775 0.850220 0.308370 0.850220 0.303965 0.845815 0.299559 0.845815 0.295154 0.850220 0.290749 0.850220
0 0.211454 0.837004 0.207048 0.841410 0.207048 0.845815 0.211454 0.850220 0.215859 0.850220 0.224670 0.859031 0.224670 0.867841 0.220264 0.872247 0.220264 0.889868 0.224670 0.894273 0.224670 0.898678 0.229075 0.903084 0.229075 0.907489 0.233480 0.911894 0.242291 0.911894 0.251101 0.903084 0.251101 0.898678 0.246696 0.894273 0.246696 0.889868 0.242291 0.885463 0.242291 0.876652 0.237885 0.872247 0.237885 0.867841 0.229075 0.859031 0.224670 0.859031 0.220264 0.854626 0.220264 0.841410 0.215859 0.837004
0 0.555066 0.859031 0.568282 0.872247 0.572687 0.867841 0.577093 0.872247 0.585903 0.872247 0.590308 0.867841 0.594714 0.872247 0.599119 0.872247 0.607930 0.881057 0.607930 0.885463 0.612335 0.889868 0.616740 0.889868 0.629956 0.903084 0.634361 0.903084 0.643172 0.911894 0.647577 0.907489 0.647577 0.898678 0.651982 0.894273 0.656388 0.894273 0.660793 0.889868 0.674009 0.894273 0.682819 0.903084 0.682819 0.911894 0.687225 0.916300 0.687225 0.920705 0.704846 0.942731 0.704846 0.955947 0.713656 0.964758 0.722467 0.964758 0.726872 0.960352 0.713656 0.947137 0.713656 0.925110 0.709251 0.925110 0.700441 0.916300 0.700441 0.911894 0.696035 0.907489 0.691630 0.907489 0.682819 0.898678 0.682819 0.885463 0.678414 0.881057 0.678414 0.867841 0.674009 0.863436 0.674009 0.850220 0.687225 0.841410 0.691630 0.841410 0.696035 0.845815 0.704846 0.845815 0.709251 0.850220 0.718062 0.850220 0.722467 0.845815 0.722467 0.837004 0.713656 0.828194 0.709251 0.828194 0.704846 0.823789 0.682819 0.823789 0.678414 0.828194 0.669604 0.828194 0.660793 0.837004 0.660793 0.841410 0.665198 0.845815 0.665198 0.854626 0.660793 0.859031 0.660793 0.863436 0.665198 0.867841 0.665198 0.876652 0.656388 0.885463 0.651982 0.885463 0.647577 0.889868 0.643172 0.885463 0.638767 0.885463 0.621145 0.867841 0.603524 0.867841 0.599119 0.863436 0.585903 0.859031 0.577093 0.850220 0.568282 0.850220
0 0.268722 0.792952 0.264317 0.797357 0.264317 0.801762 0.277533 0.814978 0.281938 0.814978 0.286344 0.819383 0.290749 0.819383 0.295154 0.814978 0.295154 0.806167 0.281938 0.792952
0 0.348018 0.779736 0.343612 0.784141 0.343612 0.792952 0.339207 0.797357 0.339207 0.801762 0.334802 0.806167 0.334802 0.823789 0.339207 0.828194 0.339207 0.832599 0.352423 0.845815 0.361233 0.845815 0.365639 0.850220 0.370044 0.850220 0.374449 0.854626 0.378855 0.854626 0.383260 0.859031 0.383260 0.863436 0.387665 0.867841 0.387665 0.885463 0.383260 0.889868 0.378855 0.889868 0.374449 0.894273 0.374449 0.911894 0.378855 0.916300 0.387665 0.907489 0.387665 0.885463 0.392070 0.881057 0.396476 0.881057 0.400881 0.876652 0.400881 0.854626 0.396476 0.850220 0.396476 0.845815 0.387665 0.837004 0.378855 0.837004 0.374449 0.832599 0.370044 0.832599 0.356828 0.819383 0.356828 0.810573 0.361233 0.806167 0.361233 0.797357 0.356828 0.792952 0.356828 0.784141 0.352423 0.779736
0 0.211454 0.766520 0.207048 0.770925 0.207048 0.784141 0.220264 0.797357 0.224670 0.797357 0.229075 0.792952 0.229075 0.775330 0.220264 0.766520 0.215859 0.770925
0 0.713656 0.762115 0.709251 0.757709 0.704846 0.762115 0.704846 0.766520 0.700441 0.770925 0.696035 0.770925 0.691630 0.775330 0.687225 0.770925 0.665198 0.770925 0.660793 0.766520 0.656388 0.766520 0.647577 0.775330 0.647577 0.784141 0.643172 0.788546 0.651982 0.797357 0.665198 0.784141 0.669604 0.784141 0.674009 0.779736 0.678414 0.779736 0.682819 0.784141 0.700441 0.784141 0.704846 0.788546 0.713656 0.779736
0 0.444934 0.740088 0.436123 0.740088 0.431718 0.744493 0.431718 0.748899 0.427313 0.753304 0.427313 0.757709 0.422908 0.762115 0.422908 0.779736 0.427313 0.784141 0.431718 0.784141 0.436123 0.779736 0.436123 0.775330 0.453745 0.757709 0.453745 0.753304 0.449339 0.748899 0.449339 0.744493
0 0.017621 0.735683 0.013216 0.740088 0.013216 0.762115 0.026432 0.775330 0.030837 0.770925 0.030837 0.753304 0.026432 0.748899 0.026432 0.744493
0 0.766520 0.718062 0.762115 0.722467 0.766520 0.726872 0.766520 0.744493 0.770925 0.748899 0.770925 0.757709 0.766520 0.762115 0.766520 0.784141 0.770925 0.788546 0.775330 0.788546 0.779736 0.792952 0.779736 0.801762 0.801762 0.823789 0.801762 0.828194 0.806167 0.832599 0.810573 0.828194 0.814978 0.828194 0.819383 0.823789 0.823789 0.823789 0.828194 0.828194 0.837004 0.828194 0.845815 0.819383 0.850220 0.819383 0.850220 0.806167 0.845815 0.801762 0.845815 0.792952 0.832599 0.779736 0.823789 0.779736 0.819383 0.775330 0.814978 0.775330 0.810573 0.770925 0.806167 0.770925 0.801762 0.766520 0.801762 0.762115 0.797357 0.757709 0.797357 0.753304 0.788546 0.744493 0.788546 0.731278 0.779736 0.722467 0.770925 0.722467
0 0.154185 0.722467 0.149780 0.718062 0.140969 0.718062 0.136564 0.713656 0.132159 0.713656 0.127753 0.709251 0.123348 0.709251 0.118943 0.704846 0.096916 0.726872 0.096916 0.735683 0.101322 0.740088 0.101322 0.748899 0.088106 0.762115 0.092511 0.766520 0.101322 0.757709 0.101322 0.748899 0.105727 0.744493 0.110132 0.744493 0.123348 0.731278 0.127753 0.731278 0.132159 0.726872 0.136564 0.726872 0.140969 0.731278 0.145374 0.731278 0.149780 0.735683 0.154185 0.731278
0 0.193833 0.678414 0.189427 0.682819 0.189427 0.700441 0.193833 0.704846 0.193833 0.713656 0.198238 0.718062 0.198238 0.722467 0.211454 0.735683 0.215859 0.735683 0.229075 0.748899 0.233480 0.748899 0.237885 0.744493 0.237885 0.740088 0.224670 0.726872 0.224670 0.722467 0.220264 0.718062 0.220264 0.709251 0.215859 0.704846 0.215859 0.700441 0.211454 0.696035 0.211454 0.691630 0.207048 0.687225 0.202643 0.687225
0 0.277533 0.665198 0.273128 0.660793 0.255507 0.660793 0.251101 0.665198 0.251101 0.669604 0.246696 0.674009 0.242291 0.674009 0.233480 0.682819 0.242291 0.691630 0.246696 0.687225 0.259912 0.687225 0.264317 0.682819 0.268722 0.687225 0.281938 0.674009 0.277533 0.669604
0 0.348018 0.625551 0.339207 0.634361 0.339207 0.643172 0.356828 0.660793 0.361233 0.656388 0.361233 0.634361 0.356828 0.629956 0.352423 0.629956
0 0.797357 0.616740 0.792952 0.621145 0.792952 0.634361 0.784141 0.643172 0.770925 0.647577 0.762115 0.665198 0.753304 0.669604 0.748899 0.665198 0.744493 0.669604 0.748899 0.674009 0.753304 0.669604 0.766520 0.674009 0.784141 0.691630 0.806167 0.691630 0.823789 0.700441 0.845815 0.700441 0.850220 0.704846 0.854626 0.700441 0.867841 0.700441 0.894273 0.722467 0.894273 0.731278 0.876652 0.744493 0.881057 0.748899 0.885463 0.748899 0.889868 0.740088 0.903084 0.731278 0.947137 0.757709 0.947137 0.770925 0.955947 0.784141 0.955947 0.792952 0.938326 0.828194 0.929515 0.832599 0.925110 0.828194 0.920705 0.832599 0.903084 0.819383 0.894273 0.819383 0.881057 0.810573 0.867841 0.819383 0.867841 0.823789 0.889868 0.854626 0.898678 0.859031 0.911894 0.854626 0.933921 0.872247 0.947137 0.876652 0.955947 0.885463 0.973568 0.920705 0.977974 0.916300 0.982379 0.894273 0.995595 0.885463 0.995595 0.872247 0.982379 0.863436 0.977974 0.854626 0.977974 0.837004 0.973568 0.832599 0.973568 0.819383 0.982379 0.806167 0.995595 0.797357 0.995595 0.770925 0.977974 0.762115 0.977974 0.753304 0.995595 0.744493 0.995595 0.726872 0.977974 0.713656 0.969163 0.682819 0.955947 0.669604 0.938326 0.682819 0.925110 0.674009 0.920705 0.678414 0.898678 0.665198 0.889868 0.669604 0.881057 0.665198 0.863436 0.674009 0.859031 0.669604 0.837004 0.669604 0.832599 0.665198 0.806167 0.665198 0.792952 0.656388 0.792952 0.643172 0.810573 0.629956 0.806167 0.621145
0 0.246696 0.607930 0.242291 0.603524 0.237885 0.603524 0.233480 0.607930 0.215859 0.607930 0.211454 0.612335 0.207048 0.612335 0.198238 0.621145 0.198238 0.625551 0.207048 0.634361 0.211454 0.629956 0.215859 0.629956 0.220264 0.625551 0.224670 0.625551 0.233480 0.616740 0.237885 0.616740
0 0.052863 0.603524 0.044053 0.603524 0.035242 0.612335 0.035242 0.621145 0.039648 0.625551 0.039648 0.629956 0.044053 0.634361 0.044053 0.651982 0.035242 0.660793 0.039648 0.665198 0.048458 0.665198 0.052863 0.660793 0.052863 0.629956 0.057269 0.625551 0.057269 0.621145 0.061674 0.616740 0.061674 0.612335
0 0.903084 0.599119 0.898678 0.603524 0.898678 0.607930 0.903084 0.612335 0.907489 0.612335 0.911894 0.616740 0.911894 0.621145 0.916300 0.625551 0.916300 0.629956 0.920705 0.634361 0.920705 0.647577 0.933921 0.660793 0.938326 0.656388 0.938326 0.621145 0.920705 0.603524 0.916300 0.603524 0.911894 0.599119
0 0.167401 0.559471 0.171806 0.559471 0.180617 0.568282 0.189427 0.568282 0.193833 0.572687 0.202643 0.572687 0.207048 0.577093 0.211454 0.577093 0.215859 0.572687 0.202643 0.559471 0.198238 0.559471 0.189427 0.550661 0.180617 0.550661 0.171806 0.559471
0 0.118943 0.537445 0.110132 0.546256 0.114537 0.550661 0.118943 0.550661 0.123348 0.555066 0.127753 0.555066 0.132159 0.559471 0.132159 0.572687 0.123348 0.581498 0.123348 0.594714 0.154185 0.625551 0.158590 0.621145 0.162996 0.621145 0.167401 0.616740 0.149780 0.599119 0.149780 0.594714 0.145374 0.590308 0.140969 0.590308 0.136564 0.585903 0.136564 0.572687 0.140969 0.568282 0.145374 0.568282 0.154185 0.559471 0.158590 0.559471 0.154185 0.559471 0.149780 0.555066 0.145374 0.555066 0.140969 0.550661 0.136564 0.550661 0.123348 0.537445
0 0.502203 0.515419 0.493392 0.524229 0.497797 0.528634 0.497797 0.541850 0.502203 0.546256 0.502203 0.555066 0.488987 0.568282 0.493392 0.572687 0.493392 0.581498 0.502203 0.590308 0.506608 0.590308 0.511013 0.585903 0.506608 0.581498 0.506608 0.559471 0.519824 0.546256 0.519824 0.537445 0.515419 0.533040 0.515419 0.528634
0 0.995595 0.502203 0.986784 0.502203 0.973568 0.515419 0.969163 0.515419 0.964758 0.519824 0.960352 0.515419 0.955947 0.519824 0.955947 0.524229 0.960352 0.528634 0.964758 0.528634 0.969163 0.524229 0.995595 0.524229
0 0.669604 0.502203 0.660793 0.511013 0.660793 0.524229 0.651982 0.533040 0.647577 0.533040 0.643172 0.537445 0.638767 0.537445 0.634361 0.541850 0.634361 0.559471 0.629956 0.563877 0.629956 0.568282 0.634361 0.572687 0.638767 0.572687 0.647577 0.563877 0.647577 0.555066 0.656388 0.546256 0.660793 0.546256 0.665198 0.541850 0.665198 0.537445 0.660793 0.533040 0.660793 0.524229 0.674009 0.511013 0.674009 0.506608
0 0.546256 0.497797 0.541850 0.502203 0.541850 0.519824 0.546256 0.524229 0.546256 0.528634 0.555066 0.537445 0.555066 0.541850 0.559471 0.546256 0.559471 0.555066 0.555066 0.559471 0.555066 0.563877 0.537445 0.581498 0.537445 0.585903 0.541850 0.590308 0.550661 0.581498 0.555066 0.581498 0.559471 0.577093 0.563877 0.577093 0.568282 0.581498 0.572687 0.581498 0.581498 0.590308 0.585903 0.585903 0.590308 0.585903 0.599119 0.577093 0.581498 0.559471 0.581498 0.537445 0.577093 0.533040 0.577093 0.524229 0.572687 0.519824 0.572687 0.515419 0.568282 0.511013 0.563877 0.511013 0.559471 0.506608 0.555066 0.506608
0 0.281938 0.484582 0.277533 0.484582 0.277533 0.524229 0.273128 0.528634 0.273128 0.550661 0.268722 0.555066 0.268722 0.559471 0.264317 0.563877 0.264317 0.572687 0.268722 0.577093 0.268722 0.585903 0.273128 0.590308 0.277533 0.590308 0.281938 0.585903 0.281938 0.563877 0.277533 0.559471 0.277533 0.546256 0.281938 0.541850 0.286344 0.541850 0.290749 0.537445 0.295154 0.537445 0.299559 0.541850 0.303965 0.541850 0.308370 0.546256 0.308370 0.550661 0.312775 0.555066 0.321586 0.546256 0.321586 0.541850 0.317181 0.537445 0.312775 0.537445 0.308370 0.541850 0.303965 0.537445 0.299559 0.537445 0.295154 0.533040 0.295154 0.524229 0.286344 0.515419 0.286344 0.497797 0.290749 0.493392
0 0.854626 0.480176 0.850220 0.484582 0.850220 0.502203 0.854626 0.506608 0.854626 0.515419 0.859031 0.519824 0.859031 0.533040 0.863436 0.537445 0.863436 0.550661 0.859031 0.555066 0.863436 0.559471 0.863436 0.563877 0.867841 0.568282 0.867841 0.581498 0.876652 0.590308 0.881057 0.590308 0.885463 0.585903 0.885463 0.559471 0.881057 0.555066 0.881057 0.515419 0.876652 0.511013 0.876652 0.506608 0.872247 0.502203 0.872247 0.493392 0.867841 0.488987 0.867841 0.484582 0.863436 0.480176
0 0.158590 0.440529 0.154185 0.444934 0.162996 0.453745 0.162996 0.466960 0.171806 0.475771 0.176211 0.471366 0.180617 0.471366 0.185022 0.466960 0.189427 0.466960 0.193833 0.462555 0.198238 0.466960 0.202643 0.466960 0.207048 0.471366 0.207048 0.488987 0.198238 0.497797 0.198238 0.519824 0.207048 0.528634 0.215859 0.528634 0.220264 0.524229 0.220264 0.506608 0.215859 0.502203 0.215859 0.484582 0.211454 0.480176 0.211454 0.466960 0.207048 0.462555 0.202643 0.466960 0.198238 0.466960 0.193833 0.462555 0.189427 0.462555 0.185022 0.458150 0.176211 0.458150 0.171806 0.453745 0.167401 0.453745 0.162996 0.449339 0.162996 0.444934
0 0.638767 0.409692 0.638767 0.431718 0.647577 0.440529 0.651982 0.440529 0.656388 0.436123 0.660793 0.436123 0.665198 0.431718 0.669604 0.436123 0.674009 0.436123 0.678414 0.440529 0.678414 0.444934 0.682819 0.449339 0.691630 0.449339 0.696035 0.444934 0.691630 0.440529 0.691630 0.427313 0.687225 0.427313 0.682819 0.431718 0.678414 0.431718 0.674009 0.436123 0.669604 0.431718 0.665198 0.431718 0.660793 0.427313 0.660793 0.418502 0.656388 0.414097 0.656388 0.409692 0.651982 0.405286 0.643172 0.405286
0 0.859031 0.374449 0.859031 0.383260 0.863436 0.387665 0.867841 0.387665 0.872247 0.392070 0.872247 0.396476 0.876652 0.400881 0.911894 0.400881 0.916300 0.405286 0.920705 0.400881 0.920705 0.392070 0.911894 0.383260 0.907489 0.383260 0.903084 0.378855 0.894273 0.378855 0.889868 0.383260 0.885463 0.383260 0.881057 0.378855 0.867841 0.378855 0.863436 0.374449
0 0.762115 0.352423 0.757709 0.356828 0.757709 0.361233 0.762115 0.365639 0.766520 0.365639 0.770925 0.370044 0.775330 0.370044 0.779736 0.374449 0.784141 0.374449 0.792952 0.383260 0.792952 0.387665 0.797357 0.392070 0.797357 0.400881 0.806167 0.409692 0.806167 0.422908 0.801762 0.427313 0.801762 0.436123 0.810573 0.444934 0.819383 0.444934 0.828194 0.436123 0.823789 0.431718 0.823789 0.422908 0.819383 0.418502 0.819383 0.387665 0.814978 0.383260 0.797357 0.383260 0.792952 0.378855 0.788546 0.378855 0.784141 0.374449 0.784141 0.365639 0.770925 0.352423
0 0.422908 0.308370 0.418502 0.312775 0.418502 0.317181 0.431718 0.330396 0.431718 0.339207 0.427313 0.343612 0.431718 0.348018 0.431718 0.356828 0.436123 0.361233 0.440529 0.356828 0.440529 0.317181 0.436123 0.317181 0.431718 0.312775 0.427313 0.312775
0 0.832599 0.286344 0.828194 0.290749 0.828194 0.303965 0.832599 0.308370 0.832599 0.325991 0.837004 0.330396 0.837004 0.339207 0.841410 0.343612 0.841410 0.352423 0.850220 0.361233 0.854626 0.361233 0.854626 0.356828 0.859031 0.352423 0.859031 0.330396 0.854626 0.325991 0.854626 0.321586 0.850220 0.317181 0.850220 0.299559 0.845815 0.295154 0.845815 0.290749 0.841410 0.286344
0 0.000000 0.286344 0.000000 0.365639 0.035242 0.378855 0.079295 0.427313 0.079295 0.436123 0.044053 0.462555 0.048458 0.480176 0.066079 0.475771 0.092511 0.431718 0.118943 0.431718 0.140969 0.418502 0.189427 0.418502 0.237885 0.431718 0.264317 0.453745 0.268722 0.475771 0.290749 0.453745 0.317181 0.453745 0.352423 0.484582 0.348018 0.506608 0.365639 0.533040 0.370044 0.572687 0.400881 0.590308 0.449339 0.651982 0.475771 0.638767 0.572687 0.722467 0.634361 0.718062 0.647577 0.726872 0.665198 0.718062 0.656388 0.704846 0.669604 0.696035 0.682819 0.704846 0.674009 0.718062 0.687225 0.726872 0.731278 0.709251 0.726872 0.691630 0.687225 0.656388 0.647577 0.651982 0.638767 0.629956 0.621145 0.616740 0.616740 0.643172 0.629956 0.660793 0.616740 0.669604 0.581498 0.669604 0.466960 0.599119 0.431718 0.563877 0.436123 0.541850 0.418502 0.519824 0.422908 0.449339 0.330396 0.392070 0.312775 0.392070 0.281938 0.374449 0.246696 0.374449 0.224670 0.348018 0.237885 0.330396 0.233480 0.317181 0.211454 0.343612 0.167401 0.295154 0.162996 0.330396 0.149780 0.339207 0.123348 0.312775 0.132159 0.295154 0.123348 0.286344 0.118943 0.303965 0.101322 0.317181 0.118943 0.343612 0.140969 0.352423 0.189427 0.339207 0.224670 0.361233 0.229075 0.374449 0.207048 0.387665 0.162996 0.374449 0.088106 0.383260 0.035242 0.339207 0.044053 0.321586
0 0.634361 0.281938 0.625551 0.290749 0.634361 0.299559 0.634361 0.303965 0.638767 0.308370 0.643172 0.308370 0.647577 0.312775 0.651982 0.312775 0.656388 0.308370 0.656388 0.303965 0.651982 0.299559 0.651982 0.295154 0.643172 0.286344 0.638767 0.286344
0 0.533040 0.281938 0.524229 0.290749 0.524229 0.295154 0.528634 0.299559 0.528634 0.312775 0.519824 0.321586 0.515419 0.321586 0.511013 0.325991 0.506608 0.321586 0.488987 0.339207 0.488987 0.348018 0.484582 0.352423 0.484582 0.356828 0.488987 0.361233 0.488987 0.365639 0.493392 0.370044 0.493392 0.374449 0.506608 0.387665 0.511013 0.383260 0.515419 0.387665 0.524229 0.387665 0.528634 0.392070 0.533040 0.392070 0.533040 0.383260 0.537445 0.378855 0.541850 0.378855 0.546256 0.374449 0.550661 0.378855 0.555066 0.378855 0.577093 0.400881 0.577093 0.405286 0.585903 0.414097 0.599119 0.400881 0.599119 0.396476 0.594714 0.392070 0.590308 0.392070 0.577093 0.378855 0.577093 0.370044 0.572687 0.365639 0.572687 0.361233 0.568282 0.356828 0.563877 0.356828 0.559471 0.361233 0.555066 0.361233 0.550661 0.365639 0.546256 0.361233 0.541850 0.361233 0.537445 0.356828 0.533040 0.356828 0.528634 0.352423 0.524229 0.352423 0.519824 0.348018 0.515419 0.348018 0.511013 0.343612 0.511013 0.334802 0.515419 0.330396 0.519824 0.330396 0.524229 0.325991 0.528634 0.325991 0.533040 0.321586 0.533040 0.317181 0.550661 0.299559 0.550661 0.286344 0.546256 0.281938
0 0.982379 0.295154 0.977974 0.290749 0.977974 0.277533 0.973568 0.273128 0.969163 0.273128 0.964758 0.277533 0.964758 0.281938 0.960352 0.286344 0.955947 0.286344 0.951542 0.290749 0.947137 0.290749 0.942731 0.286344 0.933921 0.286344 0.925110 0.295154 0.925110 0.299559 0.933921 0.308370 0.938326 0.308370 0.951542 0.295154 0.955947 0.295154 0.960352 0.290749 0.964758 0.290749 0.969163 0.295154 0.973568 0.295154 0.977974 0.299559
0 0.757709 0.259912 0.748899 0.268722 0.748899 0.277533 0.744493 0.281938 0.744493 0.290749 0.735683 0.299559 0.735683 0.303965 0.753304 0.321586 0.762115 0.312775 0.762115 0.295154 0.766520 0.290749 0.766520 0.268722
0 0.361233 0.259912 0.356828 0.264317 0.356828 0.273128 0.352423 0.277533 0.352423 0.308370 0.348018 0.312775 0.352423 0.317181 0.352423 0.325991 0.356828 0.330396 0.361233 0.330396 0.365639 0.334802 0.370044 0.334802 0.374449 0.330396 0.374449 0.312775 0.370044 0.308370 0.370044 0.303965 0.365639 0.299559 0.365639 0.273128 0.370044 0.268722
0 0.215859 0.264317 0.224670 0.273128 0.233480 0.273128 0.237885 0.277533 0.246696 0.277533 0.251101 0.281938 0.259912 0.281938 0.264317 0.286344 0.277533 0.273128 0.273128 0.268722 0.268722 0.268722 0.264317 0.264317 0.255507 0.264317 0.251101 0.259912 0.246696 0.259912 0.242291 0.255507 0.229075 0.255507 0.224670 0.259912 0.220264 0.259912
0 0.105727 0.237885 0.105727 0.242291 0.110132 0.246696 0.123348 0.246696 0.132159 0.237885 0.136564 0.237885 0.140969 0.233480 0.145374 0.237885 0.149780 0.237885 0.154185 0.242291 0.158590 0.242291 0.176211 0.259912 0.185022 0.259912 0.189427 0.255507 0.185022 0.251101 0.185022 0.242291 0.176211 0.233480 0.167401 0.233480 0.162996 0.229075 0.158590 0.229075 0.154185 0.224670 0.149780 0.224670 0.140969 0.233480 0.136564 0.233480 0.132159 0.237885 0.127753 0.237885 0.123348 0.233480 0.110132 0.233480
0 0.453745 0.215859 0.444934 0.224670 0.449339 0.229075 0.449339 0.233480 0.453745 0.237885 0.453745 0.242291 0.466960 0.255507 0.471366 0.255507 0.484582 0.268722 0.493392 0.259912 0.488987 0.255507 0.488987 0.246696 0.484582 0.242291 0.484582 0.237885 0.480176 0.233480 0.475771 0.233480 0.471366 0.229075 0.466960 0.229075
0 0.766520 0.185022 0.762115 0.189427 0.762115 0.193833 0.766520 0.198238 0.766520 0.202643 0.775330 0.211454 0.775330 0.215859 0.784141 0.224670 0.792952 0.224670 0.797357 0.220264 0.797357 0.215859 0.792952 0.211454 0.792952 0.207048 0.788546 0.202643 0.788546 0.198238 0.779736 0.189427 0.775330 0.189427 0.770925 0.185022
0 0.603524 0.185022 0.594714 0.193833 0.599119 0.198238 0.599119 0.202643 0.603524 0.207048 0.603524 0.220264 0.607930 0.224670 0.607930 0.259912 0.612335 0.264317 0.621145 0.264317 0.625551 0.259912 0.625551 0.207048 0.616740 0.198238 0.612335 0.198238 0.607930 0.193833 0.607930 0.189427
0 0.044053 0.185022 0.039648 0.189427 0.030837 0.189427 0.026432 0.193833 0.026432 0.198238 0.035242 0.207048 0.035242 0.215859 0.039648 0.220264 0.039648 0.237885 0.044053 0.242291 0.048458 0.242291 0.061674 0.229075 0.061674 0.224670 0.070485 0.215859 0.057269 0.202643 0.057269 0.193833 0.052863 0.189427 0.048458 0.189427
0 0.845815 0.149780 0.841410 0.154185 0.845815 0.158590 0.845815 0.162996 0.850220 0.167401 0.850220 0.171806 0.859031 0.180617 0.859031 0.211454 0.854626 0.215859 0.859031 0.220264 0.859031 0.224670 0.863436 0.229075 0.867841 0.229075 0.872247 0.224670 0.872247 0.215859 0.876652 0.211454 0.872247 0.207048 0.872247 0.189427 0.867841 0.185022 0.867841 0.158590 0.859031 0.149780
0 0.506608 0.149780 0.502203 0.154185 0.511013 0.162996 0.515419 0.162996 0.519824 0.167401 0.519824 0.176211 0.528634 0.185022 0.528634 0.198238 0.524229 0.202643 0.524229 0.211454 0.528634 0.215859 0.528634 0.229075 0.546256 0.246696 0.550661 0.242291 0.546256 0.237885 0.546256 0.220264 0.550661 0.215859 0.546256 0.211454 0.546256 0.207048 0.541850 0.202643 0.541850 0.198238 0.537445 0.193833 0.537445 0.171806 0.533040 0.167401 0.533040 0.162996 0.519824 0.149780
0 0.590308 0.132159 0.585903 0.132159 0.581498 0.136564 0.577093 0.136564 0.568282 0.145374 0.581498 0.158590 0.590308 0.158590 0.599119 0.149780 0.599119 0.140969
0 0.356828 0.127753 0.352423 0.132159 0.352423 0.136564 0.361233 0.145374 0.361233 0.149780 0.365639 0.154185 0.365639 0.167401 0.370044 0.171806 0.370044 0.176211 0.374449 0.180617 0.392070 0.180617 0.396476 0.176211 0.383260 0.162996 0.383260 0.158590 0.378855 0.154185 0.378855 0.149780 0.374449 0.145374 0.374449 0.132159 0.370044 0.127753
0 0.026432 0.123348 0.022026 0.127753 0.022026 0.136564 0.035242 0.149780 0.035242 0.154185 0.052863 0.171806 0.057269 0.167401 0.057269 0.162996 0.061674 0.158590 0.061674 0.149780 0.039648 0.127753 0.030837 0.127753
0 0.665198 0.114537 0.660793 0.118943 0.660793 0.132159 0.656388 0.136564 0.656388 0.145374 0.660793 0.149780 0.660793 0.176211 0.656388 0.180617 0.656388 0.193833 0.665198 0.202643 0.669604 0.202643 0.674009 0.207048 0.674009 0.211454 0.678414 0.215859 0.678414 0.224670 0.682819 0.229075 0.687225 0.229075 0.691630 0.224670 0.691630 0.220264 0.687225 0.215859 0.687225 0.211454 0.682819 0.207048 0.682819 0.193833 0.678414 0.189427 0.678414 0.145374 0.682819 0.140969 0.682819 0.132159
0 0.246696 0.110132 0.242291 0.114537 0.242291 0.140969 0.251101 0.149780 0.251101 0.176211 0.255507 0.180617 0.255507 0.185022 0.259912 0.189427 0.259912 0.193833 0.264317 0.198238 0.264317 0.202643 0.268722 0.198238 0.273128 0.198238 0.277533 0.193833 0.290749 0.193833 0.295154 0.189427 0.299559 0.193833 0.303965 0.189427 0.308370 0.193833 0.312775 0.189427 0.317181 0.189427 0.321586 0.185022 0.321586 0.180617 0.317181 0.176211 0.308370 0.176211 0.303965 0.171806 0.299559 0.171806 0.295154 0.176211 0.290749 0.176211 0.286344 0.180617 0.281938 0.176211 0.277533 0.176211 0.273128 0.171806 0.268722 0.171806 0.259912 0.162996 0.259912 0.140969 0.255507 0.136564 0.255507 0.114537 0.251101 0.110132
0 0.123348 0.110132 0.110132 0.110132 0.101322 0.118943 0.101322 0.123348 0.096916 0.127753 0.096916 0.132159 0.105727 0.140969 0.110132 0.140969 0.114537 0.145374 0.114537 0.162996 0.110132 0.167401 0.110132 0.171806 0.105727 0.176211 0.110132 0.180617 0.114537 0.180617 0.127753 0.167401 0.127753 0.158590 0.123348 0.154185 0.123348 0.118943 0.127753 0.114537
0 0.431718 0.088106 0.422908 0.096916 0.427313 0.101322 0.427313 0.136564 0.431718 0.140969 0.431718 0.158590 0.436123 0.162996 0.440529 0.162996 0.444934 0.158590 0.444934 0.127753 0.449339 0.123348 0.449339 0.105727 0.444934 0.101322 0.444934 0.096916 0.436123 0.088106
0 0.964758 0.079295 0.960352 0.083700 0.960352 0.096916 0.951542 0.105727 0.947137 0.105727 0.942731 0.110132 0.942731 0.127753 0.947137 0.132159 0.947137 0.145374 0.955947 0.154185 0.964758 0.154185 0.969163 0.149780 0.969163 0.140969 0.973568 0.136564 0.969163 0.132159 0.969163 0.110132 0.973568 0.105727 0.977974 0.105727 0.982379 0.101322 0.982379 0.096916 0.977974 0.092511 0.977974 0.088106 0.973568 0.083700 0.969163 0.083700
0 0.889868 0.066079 0.881057 0.074890 0.881057 0.083700 0.876652 0.088106 0.872247 0.088106 0.872247 0.092511 0.876652 0.092511 0.881057 0.096916 0.881057 0.110132 0.885463 0.114537 0.885463 0.127753 0.889868 0.132159 0.894273 0.127753 0.894273 0.118943 0.898678 0.114537 0.898678 0.105727 0.903084 0.101322 0.903084 0.088106 0.898678 0.083700 0.898678 0.079295 0.894273 0.074890 0.894273 0.070485
0 0.770925 0.110132 0.779736 0.118943 0.797357 0.101322 0.801762 0.101322 0.806167 0.096916 0.814978 0.096916 0.819383 0.101322 0.823789 0.101322 0.828194 0.105727 0.850220 0.105727 0.854626 0.101322 0.854626 0.096916 0.859031 0.092511 0.863436 0.092511 0.859031 0.088106 0.854626 0.088106 0.850220 0.083700 0.828194 0.083700 0.823789 0.088106 0.819383 0.088106 0.814978 0.083700 0.810573 0.083700 0.801762 0.074890 0.801762 0.066079 0.797357 0.061674 0.792952 0.061674 0.788546 0.057269 0.784141 0.061674 0.784141 0.092511 0.770925 0.105727
0 0.740088 0.057269 0.735683 0.061674 0.740088 0.066079 0.740088 0.074890 0.726872 0.088106 0.726872 0.096916 0.718062 0.105727 0.718062 0.110132 0.722467 0.114537 0.726872 0.114537 0.740088 0.101322 0.744493 0.101322 0.748899 0.096916 0.748899 0.088106 0.740088 0.079295 0.740088 0.066079 0.744493 0.061674
0 0.638767 0.061674 0.643172 0.066079 0.643172 0.070485 0.647577 0.074890 0.647577 0.079295 0.656388 0.088106 0.669604 0.088106 0.674009 0.083700 0.691630 0.083700 0.696035 0.079295 0.696035 0.074890 0.687225 0.066079 0.682819 0.066079 0.678414 0.070485 0.674009 0.070485 0.669604 0.074890 0.665198 0.074890 0.660793 0.070485 0.656388 0.070485 0.643172 0.057269
0 0.211454 0.044053 0.198238 0.044053 0.193833 0.048458 0.185022 0.048458 0.180617 0.052863 0.180617 0.066079 0.189427 0.074890 0.189427 0.083700 0.180617 0.092511 0.180617 0.101322 0.185022 0.105727 0.189427 0.105727 0.193833 0.110132 0.198238 0.105727 0.198238 0.092511 0.193833 0.088106 0.193833 0.074890 0.215859 0.052863 0.215859 0.048458
0 0.960352 0.030837 0.955947 0.026432 0.947137 0.026432 0.942731 0.022026 0.933921 0.022026 0.925110 0.030837 0.920705 0.030837 0.916300 0.035242 0.911894 0.035242 0.907489 0.030837 0.903084 0.030837 0.898678 0.035242 0.898678 0.039648 0.911894 0.052863 0.916300 0.048458 0.920705 0.048458 0.925110 0.044053 0.929515 0.044053 0.933921 0.039648 0.938326 0.039648 0.942731 0.035242 0.947137 0.035242 0.951542 0.030837 0.955947 0.035242
0 0.718062 0.008811 0.709251 0.017621 0.709251 0.022026 0.722467 0.035242 0.726872 0.035242 0.731278 0.039648 0.735683 0.035242 0.735683 0.030837 0.740088 0.026432 0.740088 0.017621 0.731278 0.008811
0 0.841410 0.000000 0.823789 0.000000 0.823789 0.017621 0.810573 0.030837 0.814978 0.035242 0.823789 0.035242 0.828194 0.030837 0.828194 0.026432 0.841410 0.013216
0 0.255507 0.000000 0.255507 0.035242 0.246696 0.044053 0.255507 0.052863 0.259912 0.052863 0.264317 0.057269 0.264317 0.083700 0.268722 0.088106 0.273128 0.088106 0.277533 0.092511 0.281938 0.092511 0.286344 0.088106 0.286344 0.070485 0.281938 0.066079 0.277533 0.066079 0.273128 0.061674 0.268722 0.061674 0.264317 0.057269 0.264317 0.048458 0.268722 0.044053 0.268722 0.030837 0.273128 0.026432 0.273128 0.000000
