0 0.797357 0.955947 0.788546 0.964758 0.788546 0.995595 0.806167 0.995595 0.806167 0.973568 0.801762 0.969163 0.801762 0.960352
0 0.383260 0.955947 0.378855 0.960352 0.378855 0.973568 0.383260 0.977974 0.383260 0.991189 0.378855 0.995595 0.400881 0.995595 0.396476 0.991189 0.396476 0.960352 0.392070 0.955947
0 0.612335 0.955947 0.607930 0.951542 0.603524 0.955947 0.599119 0.951542 0.594714 0.955947 0.585903 0.955947 0.581498 0.960352 0.577093 0.960352 0.572687 0.964758 0.572687 0.977974 0.577093 0.982379 0.590308 0.982379 0.603524 0.969163 0.603524 0.964758
0 0.140969 0.951542 0.136564 0.947137 0.132159 0.947137 0.092511 0.986784 0.092511 0.995595 0.110132 0.995595 0.110132 0.986784 0.114537 0.982379 0.114537 0.977974 0.118943 0.973568 0.123348 0.973568 0.127753 0.969163 0.136564 0.969163 0.140969 0.964758
0 0.955947 0.903084 0.969163 0.916300 0.977974 0.916300 0.982379 0.911894 0.995595 0.911894 0.995595 0.898678 0.969163 0.898678 0.964758 0.894273
0 0.770925 0.894273 0.762115 0.894273 0.757709 0.898678 0.762115 0.903084 0.766520 0.903084 0.770925 0.907489 0.775330 0.907489 0.779736 0.911894 0.779736 0.920705 0.770925 0.929515 0.766520 0.929515 0.748899 0.947137 0.753304 0.951542 0.757709 0.951542 0.766520 0.942731 0.770925 0.942731 0.788546 0.925110 0.788546 0.920705 0.792952 0.916300 0.792952 0.911894 0.788546 0.907489 0.784141 0.907489
0 0.643172 0.898678 0.638767 0.894273 0.634361 0.894273 0.625551 0.903084 0.621145 0.903084 0.616740 0.907489 0.607930 0.907489 0.603524 0.903084 0.594714 0.903084 0.590308 0.898678 0.581498 0.898678 0.577093 0.903084 0.577093 0.907489 0.585903 0.916300 0.603524 0.916300 0.612335 0.907489 0.616740 0.907489 0.621145 0.903084 0.625551 0.903084 0.629956 0.907489 0.634361 0.907489
0 0.039648 0.854626 0.022026 0.854626 0.017621 0.859031 0.017621 0.863436 0.022026 0.867841 0.022026 0.876652 0.017621 0.881057 0.026432 0.889868 0.039648 0.876652 0.039648 0.872247 0.048458 0.863436
0 0.889868 0.845815 0.885463 0.850220 0.881057 0.845815 0.876652 0.845815 0.859031 0.863436 0.859031 0.872247 0.854626 0.876652 0.863436 0.885463 0.872247 0.885463 0.885463 0.872247 0.885463 0.867841 0.889868 0.863436 0.889868 0.859031 0.894273 0.854626 0.894273 0.850220
0 0.823789 0.832599 0.810573 0.845815 0.810573 0.850220 0.806167 0.854626 0.801762 0.854626 0.797357 0.859031 0.792952 0.859031 0.788546 0.863436 0.788546 0.876652 0.792952 0.881057 0.797357 0.876652 0.801762 0.876652 0.810573 0.867841 0.810573 0.859031 0.819383 0.850220 0.823789 0.850220 0.828194 0.845815 0.828194 0.837004
0 0.533040 0.792952 0.524229 0.792952 0.519824 0.797357 0.519824 0.810573 0.515419 0.814978 0.511013 0.814978 0.506608 0.819383 0.506608 0.823789 0.497797 0.832599 0.497797 0.850220 0.502203 0.854626 0.511013 0.854626 0.515419 0.850220 0.515419 0.845815 0.524229 0.837004 0.524229 0.832599 0.528634 0.828194 0.528634 0.823789 0.533040 0.819383 0.533040 0.814978 0.541850 0.806167 0.541850 0.801762
0 0.801762 0.784141 0.797357 0.788546 0.797357 0.792952 0.801762 0.797357 0.801762 0.806167 0.814978 0.819383 0.819383 0.819383 0.823789 0.814978 0.823789 0.792952 0.819383 0.788546 0.814978 0.788546 0.810573 0.784141
0 0.471366 0.788546 0.462555 0.779736 0.458150 0.784141 0.453745 0.784141 0.440529 0.797357 0.436123 0.797357 0.431718 0.801762 0.427313 0.801762 0.422908 0.797357 0.409692 0.797357 0.400881 0.806167 0.400881 0.810573 0.392070 0.819383 0.400881 0.828194 0.405286 0.823789 0.414097 0.823789 0.422908 0.814978 0.422908 0.806167 0.427313 0.801762 0.431718 0.801762 0.436123 0.797357 0.440529 0.797357 0.444934 0.801762 0.449339 0.801762 0.458150 0.810573 0.462555 0.810573 0.471366 0.801762
0 0.709251 0.770925 0.704846 0.775330 0.704846 0.801762 0.700441 0.806167 0.704846 0.810573 0.709251 0.806167 0.713656 0.806167 0.718062 0.801762 0.722467 0.801762 0.726872 0.806167 0.731278 0.806167 0.735683 0.810573 0.735683 0.823789 0.722467 0.837004 0.722467 0.841410 0.718062 0.845815 0.713656 0.845815 0.709251 0.850220 0.696035 0.850220 0.691630 0.854626 0.691630 0.859031 0.696035 0.863436 0.696035 0.872247 0.700441 0.876652 0.731278 0.845815 0.731278 0.841410 0.740088 0.832599 0.744493 0.832599 0.748899 0.828194 0.748899 0.823789 0.753304 0.819383 0.753304 0.797357 0.748899 0.792952 0.740088 0.801762 0.735683 0.801762 0.731278 0.806167 0.726872 0.801762 0.722467 0.801762 0.713656 0.792952 0.713656 0.775330
0 0.286344 0.762115 0.277533 0.762115 0.273128 0.766520 0.259912 0.766520 0.255507 0.762115 0.251101 0.766520 0.242291 0.766520 0.237885 0.770925 0.237885 0.779736 0.233480 0.784141 0.233480 0.797357 0.229075 0.801762 0.237885 0.810573 0.237885 0.819383 0.229075 0.828194 0.233480 0.832599 0.242291 0.823789 0.242291 0.814978 0.246696 0.810573 0.246696 0.797357 0.251101 0.792952 0.251101 0.784141 0.255507 0.779736 0.259912 0.779736 0.264317 0.775330 0.281938 0.775330 0.290749 0.766520
0 0.995595 0.762115 0.986784 0.762115 0.982379 0.757709 0.977974 0.757709 0.973568 0.762115 0.969163 0.762115 0.964758 0.766520 0.964758 0.770925 0.960352 0.775330 0.960352 0.779736 0.964758 0.784141 0.969163 0.779736 0.995595 0.779736
0 0.845815 0.753304 0.841410 0.757709 0.841410 0.762115 0.850220 0.770925 0.854626 0.770925 0.859031 0.775330 0.859031 0.788546 0.854626 0.792952 0.854626 0.797357 0.850220 0.801762 0.850220 0.806167 0.854626 0.810573 0.863436 0.801762 0.863436 0.797357 0.872247 0.788546 0.876652 0.788546 0.881057 0.784141 0.872247 0.775330 0.867841 0.775330 0.859031 0.766520 0.859031 0.762115 0.850220 0.753304
0 0.114537 0.748899 0.110132 0.744493 0.105727 0.744493 0.083700 0.766520 0.079295 0.766520 0.074890 0.770925 0.070485 0.770925 0.066079 0.775330 0.061674 0.775330 0.057269 0.779736 0.070485 0.792952 0.074890 0.792952 0.079295 0.788546 0.088106 0.788546 0.114537 0.762115
0 0.916300 0.704846 0.911894 0.700441 0.907489 0.704846 0.898678 0.704846 0.894273 0.709251 0.889868 0.709251 0.885463 0.704846 0.881057 0.704846 0.876652 0.700441 0.867841 0.700441 0.859031 0.709251 0.854626 0.709251 0.850220 0.713656 0.845815 0.709251 0.841410 0.709251 0.837004 0.704846 0.823789 0.718062 0.819383 0.718062 0.814978 0.722467 0.810573 0.722467 0.806167 0.726872 0.801762 0.726872 0.792952 0.735683 0.788546 0.735683 0.784141 0.740088 0.775330 0.740088 0.766520 0.748899 0.766520 0.757709 0.770925 0.762115 0.775330 0.762115 0.784141 0.753304 0.784141 0.748899 0.788546 0.744493 0.792952 0.744493 0.797357 0.740088 0.801762 0.740088 0.806167 0.744493 0.814978 0.744493 0.828194 0.731278 0.832599 0.731278 0.845815 0.718062 0.850220 0.718062 0.854626 0.713656 0.863436 0.713656 0.867841 0.718062 0.876652 0.718062 0.881057 0.713656 0.885463 0.713656 0.889868 0.718062 0.894273 0.718062 0.898678 0.722467 0.903084 0.722467 0.916300 0.709251
0 0.651982 0.687225 0.647577 0.687225 0.643172 0.691630 0.638767 0.691630 0.634361 0.696035 0.629956 0.696035 0.625551 0.700441 0.621145 0.700441 0.616740 0.704846 0.612335 0.704846 0.607930 0.700441 0.603524 0.700441 0.599119 0.696035 0.594714 0.696035 0.590308 0.700441 0.590308 0.704846 0.594714 0.709251 0.599119 0.709251 0.603524 0.704846 0.607930 0.704846 0.612335 0.709251 0.616740 0.709251 0.621145 0.713656 0.621145 0.731278 0.612335 0.740088 0.612335 0.744493 0.607930 0.748899 0.612335 0.753304 0.616740 0.753304 0.621145 0.748899 0.625551 0.748899 0.625551 0.722467 0.638767 0.709251 0.643172 0.709251 0.647577 0.704846 0.651982 0.704846 0.656388 0.700441 0.656388 0.691630
0 0.471366 0.687225 0.484582 0.700441 0.484582 0.704846 0.493392 0.713656 0.497797 0.713656 0.502203 0.718062 0.506608 0.718062 0.511013 0.713656 0.519824 0.713656 0.524229 0.709251 0.537445 0.709251 0.541850 0.704846 0.546256 0.709251 0.550661 0.704846 0.555066 0.709251 0.559471 0.709251 0.563877 0.713656 0.563877 0.731278 0.559471 0.735683 0.559471 0.744493 0.550661 0.753304 0.546256 0.753304 0.541850 0.757709 0.537445 0.757709 0.528634 0.766520 0.533040 0.770925 0.537445 0.770925 0.541850 0.775330 0.546256 0.775330 0.550661 0.770925 0.555066 0.770925 0.568282 0.757709 0.572687 0.757709 0.577093 0.753304 0.577093 0.722467 0.572687 0.718062 0.568282 0.718062 0.559471 0.709251 0.559471 0.696035 0.555066 0.691630 0.546256 0.691630 0.541850 0.696035 0.533040 0.696035 0.528634 0.691630 0.524229 0.696035 0.506608 0.696035 0.502203 0.691630 0.497797 0.691630 0.484582 0.678414 0.480176 0.678414
0 0.193833 0.669604 0.189427 0.674009 0.189427 0.678414 0.154185 0.713656 0.149780 0.713656 0.132159 0.726872 0.136564 0.731278 0.140969 0.731278 0.154185 0.744493 0.154185 0.766520 0.149780 0.770925 0.149780 0.801762 0.132159 0.814978 0.127753 0.814978 0.123348 0.810573 0.114537 0.810573 0.101322 0.823789 0.101322 0.837004 0.105727 0.841410 0.114537 0.841410 0.127753 0.832599 0.132159 0.837004 0.136564 0.837004 0.140969 0.841410 0.140969 0.854626 0.149780 0.863436 0.149780 0.872247 0.145374 0.876652 0.145374 0.889868 0.140969 0.894273 0.136564 0.894273 0.123348 0.907489 0.123348 0.925110 0.127753 0.929515 0.136564 0.929515 0.140969 0.925110 0.140969 0.916300 0.149780 0.903084 0.154185 0.903084 0.158590 0.898678 0.171806 0.898678 0.176211 0.894273 0.180617 0.898678 0.185022 0.898678 0.189427 0.903084 0.189427 0.907489 0.207048 0.920705 0.211454 0.916300 0.215859 0.903084 0.233480 0.889868 0.233480 0.881057 0.229075 0.876652 0.220264 0.876652 0.215859 0.881057 0.215859 0.889868 0.202643 0.898678 0.193833 0.898678 0.189427 0.903084 0.176211 0.894273 0.176211 0.872247 0.180617 0.867841 0.176211 0.863436 0.176211 0.819383 0.167401 0.810573 0.167401 0.779736 0.171806 0.775330 0.171806 0.766520 0.176211 0.762115 0.176211 0.735683 0.189427 0.718062 0.189427 0.709251 0.198238 0.700441 0.198238 0.696035 0.202643 0.691630 0.207048 0.691630 0.207048 0.687225 0.202643 0.687225 0.198238 0.682819 0.198238 0.674009
0 0.991189 0.660793 0.986784 0.660793 0.982379 0.656388 0.973568 0.656388 0.964758 0.665198 0.964758 0.674009 0.960352 0.678414 0.960352 0.682819 0.955947 0.687225 0.960352 0.691630 0.960352 0.696035 0.964758 0.700441 0.969163 0.696035 0.969163 0.691630 0.973568 0.687225 0.973568 0.682819 0.982379 0.674009 0.986784 0.674009 0.991189 0.669604 0.995595 0.669604 0.995595 0.665198
0 0.127753 0.625551 0.123348 0.621145 0.118943 0.625551 0.114537 0.625551 0.110132 0.629956 0.110132 0.634361 0.101322 0.643172 0.101322 0.647577 0.092511 0.656388 0.088106 0.656388 0.079295 0.665198 0.074890 0.665198 0.066079 0.674009 0.070485 0.678414 0.074890 0.674009 0.088106 0.674009 0.096916 0.665198 0.096916 0.651982 0.101322 0.647577 0.105727 0.647577 0.118943 0.634361 0.123348 0.634361 0.127753 0.629956
0 0.237885 0.616740 0.229075 0.625551 0.229075 0.629956 0.215859 0.643172 0.215859 0.647577 0.220264 0.651982 0.224670 0.647577 0.242291 0.647577 0.246696 0.643172 0.246696 0.625551
0 0.383260 0.599119 0.370044 0.612335 0.370044 0.621145 0.383260 0.634361 0.392070 0.625551 0.392070 0.603524 0.387665 0.603524
0 0.634361 0.590308 0.629956 0.590308 0.629956 0.594714 0.625551 0.599119 0.625551 0.625551 0.616740 0.634361 0.616740 0.643172 0.612335 0.647577 0.612335 0.656388 0.621145 0.665198 0.625551 0.665198 0.629956 0.660793 0.629956 0.651982 0.634361 0.647577 0.634361 0.638767 0.638767 0.634361 0.638767 0.625551 0.643172 0.621145 0.643172 0.616740 0.651982 0.607930 0.651982 0.603524 0.643172 0.594714 0.638767 0.594714
0 0.788546 0.585903 0.779736 0.599119 0.779736 0.603524 0.784141 0.607930 0.784141 0.625551 0.779736 0.629956 0.788546 0.643172 0.788546 0.651982 0.762115 0.678414 0.757709 0.678414 0.753304 0.682819 0.753304 0.696035 0.748899 0.700441 0.744493 0.700441 0.731278 0.709251 0.726872 0.709251 0.713656 0.700441 0.709251 0.700441 0.696035 0.709251 0.687225 0.709251 0.678414 0.718062 0.678414 0.726872 0.674009 0.731278 0.674009 0.735683 0.669604 0.740088 0.656388 0.744493 0.647577 0.753304 0.643172 0.753304 0.643172 0.762115 0.634361 0.770925 0.629956 0.770925 0.621145 0.784141 0.621145 0.814978 0.629956 0.828194 0.638767 0.828194 0.647577 0.814978 0.638767 0.806167 0.638767 0.779736 0.651982 0.766520 0.656388 0.766520 0.665198 0.757709 0.665198 0.744493 0.669604 0.740088 0.674009 0.740088 0.678414 0.735683 0.682819 0.735683 0.687225 0.740088 0.696035 0.731278 0.696035 0.722467 0.718062 0.709251 0.722467 0.709251 0.735683 0.718062 0.735683 0.726872 0.731278 0.731278 0.731278 0.735683 0.735683 0.740088 0.744493 0.731278 0.744493 0.726872 0.748899 0.722467 0.753304 0.709251 0.762115 0.700441 0.766520 0.700441 0.770925 0.696035 0.770925 0.691630 0.775330 0.687225 0.779736 0.687225 0.792952 0.674009 0.792952 0.665198 0.797357 0.660793 0.792952 0.656388 0.792952 0.647577 0.806167 0.634361 0.806167 0.603524
0 0.202643 0.568282 0.193833 0.568282 0.176211 0.585903 0.176211 0.590308 0.171806 0.594714 0.171806 0.603524 0.167401 0.607930 0.167401 0.621145 0.162996 0.625551 0.162996 0.629956 0.158590 0.634361 0.158590 0.643172 0.154185 0.647577 0.154185 0.665198 0.149780 0.669604 0.145374 0.669604 0.140969 0.674009 0.136564 0.674009 0.132159 0.678414 0.118943 0.678414 0.110132 0.687225 0.110132 0.691630 0.105727 0.696035 0.101322 0.696035 0.096916 0.700441 0.088106 0.700441 0.079295 0.709251 0.083700 0.713656 0.096916 0.713656 0.101322 0.709251 0.105727 0.713656 0.123348 0.696035 0.127753 0.696035 0.132159 0.691630 0.140969 0.691630 0.162996 0.669604 0.162996 0.660793 0.167401 0.656388 0.167401 0.651982 0.171806 0.647577 0.176211 0.647577 0.180617 0.643172 0.180617 0.638767 0.185022 0.634361 0.185022 0.629956 0.189427 0.625551 0.189427 0.607930 0.193833 0.603524 0.193833 0.599119 0.198238 0.594714 0.198238 0.590308 0.211454 0.577093
0 0.140969 0.550661 0.136564 0.546256 0.127753 0.555066 0.123348 0.555066 0.118943 0.559471 0.114537 0.555066 0.110132 0.555066 0.105727 0.550661 0.092511 0.550661 0.088106 0.555066 0.092511 0.559471 0.092511 0.563877 0.096916 0.568282 0.101322 0.568282 0.110132 0.577093 0.114537 0.577093 0.118943 0.572687 0.123348 0.572687 0.127753 0.568282 0.127753 0.559471 0.132159 0.555066 0.136564 0.555066
0 0.854626 0.541850 0.850220 0.546256 0.850220 0.568282 0.845815 0.572687 0.845815 0.577093 0.841410 0.581498 0.841410 0.585903 0.845815 0.590308 0.845815 0.616740 0.854626 0.625551 0.859031 0.621145 0.859031 0.585903 0.863436 0.581498 0.863436 0.577093 0.872247 0.568282 0.859031 0.555066 0.859031 0.546256
0 0.374449 0.537445 0.370044 0.537445 0.356828 0.550661 0.356828 0.559471 0.352423 0.563877 0.361233 0.572687 0.378855 0.555066 0.378855 0.541850
0 0.995595 0.533040 0.986784 0.533040 0.982379 0.528634 0.977974 0.528634 0.973568 0.533040 0.969163 0.533040 0.960352 0.541850 0.960352 0.546256 0.969163 0.555066 0.973568 0.550661 0.977974 0.550661 0.982379 0.546256 0.986784 0.546256 0.991189 0.541850 0.995595 0.546256
0 0.929515 0.488987 0.920705 0.497797 0.916300 0.497797 0.911894 0.502203 0.911894 0.506608 0.920705 0.515419 0.920705 0.528634 0.929515 0.537445 0.933921 0.533040 0.933921 0.524229 0.929515 0.519824 0.929515 0.502203 0.933921 0.497797 0.933921 0.493392
0 0.859031 0.466960 0.854626 0.471366 0.854626 0.497797 0.859031 0.502203 0.872247 0.502203 0.876652 0.497797 0.876652 0.493392 0.881057 0.488987 0.876652 0.484582 0.876652 0.475771 0.867841 0.466960
0 0.599119 0.422908 0.594714 0.418502 0.581498 0.418502 0.577093 0.422908 0.577093 0.427313 0.568282 0.436123 0.563877 0.436123 0.559471 0.440529 0.555066 0.440529 0.550661 0.444934 0.546256 0.444934 0.541850 0.449339 0.541850 0.453745 0.537445 0.458150 0.537445 0.466960 0.541850 0.471366 0.546256 0.471366 0.550661 0.466960 0.555066 0.466960 0.559471 0.462555 0.563877 0.462555 0.568282 0.458150 0.568282 0.453745 0.572687 0.449339 0.572687 0.444934 0.577093 0.440529 0.581498 0.440529 0.585903 0.436123 0.594714 0.436123 0.599119 0.431718
0 0.612335 0.405286 0.612335 0.409692 0.616740 0.414097 0.634361 0.414097 0.638767 0.418502 0.651982 0.418502 0.656388 0.414097 0.660793 0.414097 0.665198 0.409692 0.665198 0.405286 0.656388 0.396476 0.621145 0.396476
0 0.938326 0.392070 0.933921 0.392070 0.925110 0.400881 0.925110 0.405286 0.920705 0.409692 0.920705 0.427313 0.907489 0.440529 0.916300 0.449339 0.920705 0.444934 0.925110 0.444934 0.929515 0.440529 0.929515 0.436123 0.933921 0.431718 0.929515 0.427313 0.929515 0.418502 0.933921 0.414097 0.933921 0.409692 0.942731 0.400881 0.942731 0.396476
0 0.898678 0.361233 0.885463 0.361233 0.881057 0.365639 0.872247 0.365639 0.867841 0.370044 0.867841 0.378855 0.863436 0.383260 0.863436 0.387665 0.876652 0.400881 0.898678 0.378855 0.898678 0.374449 0.903084 0.370044 0.903084 0.365639
0 0.823789 0.308370 0.819383 0.312775 0.810573 0.312775 0.806167 0.317181 0.801762 0.317181 0.797357 0.321586 0.801762 0.325991 0.801762 0.334802 0.788546 0.348018 0.797357 0.356828 0.801762 0.352423 0.801762 0.343612 0.806167 0.339207 0.810573 0.339207 0.814978 0.334802 0.823789 0.334802 0.832599 0.325991 0.832599 0.317181
0 0.149780 0.299559 0.127753 0.321586 0.127753 0.330396 0.136564 0.339207 0.140969 0.339207 0.145374 0.334802 0.145374 0.330396 0.154185 0.321586 0.154185 0.312775 0.158590 0.308370
0 0.995595 0.295154 0.991189 0.299559 0.986784 0.299559 0.982379 0.303965 0.977974 0.303965 0.973568 0.308370 0.964758 0.308370 0.960352 0.312775 0.960352 0.317181 0.964758 0.321586 0.969163 0.321586 0.973568 0.317181 0.995595 0.317181
0 0.920705 0.295154 0.911894 0.295154 0.907489 0.299559 0.907489 0.303965 0.911894 0.308370 0.911894 0.312775 0.916300 0.317181 0.916300 0.330396 0.911894 0.334802 0.911894 0.339207 0.916300 0.343612 0.929515 0.330396 0.929515 0.317181 0.925110 0.312775 0.925110 0.299559
0 0.035242 0.290749 0.026432 0.290749 0.013216 0.303965 0.013216 0.321586 0.017621 0.325991 0.022026 0.325991 0.039648 0.308370 0.039648 0.303965 0.044053 0.299559
0 0.264317 0.198238 0.259912 0.198238 0.255507 0.202643 0.255507 0.215859 0.251101 0.220264 0.255507 0.224670 0.255507 0.229075 0.259912 0.233480 0.259912 0.242291 0.251101 0.251101 0.246696 0.251101 0.242291 0.255507 0.242291 0.264317 0.237885 0.268722 0.237885 0.273128 0.242291 0.277533 0.251101 0.277533 0.255507 0.273128 0.259912 0.273128 0.259912 0.259912 0.255507 0.255507 0.255507 0.246696 0.264317 0.237885 0.268722 0.237885 0.277533 0.229075 0.277533 0.215859 0.273128 0.211454 0.273128 0.207048
0 0.964758 0.193833 0.955947 0.193833 0.951542 0.198238 0.955947 0.202643 0.955947 0.215859 0.951542 0.220264 0.951542 0.242291 0.955947 0.246696 0.955947 0.268722 0.951542 0.273128 0.947137 0.273128 0.942731 0.277533 0.947137 0.281938 0.951542 0.281938 0.960352 0.273128 0.960352 0.268722 0.973568 0.255507 0.973568 0.251101 0.977974 0.246696 0.973568 0.242291 0.973568 0.233480 0.969163 0.229075 0.969163 0.220264 0.964758 0.215859 0.964758 0.207048 0.969163 0.202643 0.969163 0.198238
0 0.052863 0.185022 0.048458 0.185022 0.044053 0.189427 0.044053 0.193833 0.035242 0.202643 0.035242 0.215859 0.039648 0.220264 0.039648 0.224670 0.044053 0.229075 0.052863 0.220264 0.052863 0.211454 0.057269 0.207048 0.057269 0.189427
0 0.519824 0.185022 0.524229 0.185022 0.541850 0.202643 0.550661 0.202643 0.555066 0.198238 0.555066 0.185022 0.550661 0.180617 0.546256 0.180617 0.541850 0.176211 0.537445 0.180617 0.528634 0.180617 0.524229 0.185022
0 0.907489 0.215859 0.881057 0.211454 0.845815 0.255507 0.806167 0.259912 0.792952 0.251101 0.792952 0.233480 0.828194 0.189427 0.797357 0.215859 0.784141 0.207048 0.792952 0.171806 0.770925 0.167401 0.766520 0.207048 0.784141 0.220264 0.788546 0.264317 0.757709 0.273128 0.735683 0.220264 0.726872 0.237885 0.744493 0.255507 0.740088 0.281938 0.722467 0.290749 0.696035 0.273128 0.722467 0.312775 0.718062 0.405286 0.585903 0.493392 0.528634 0.511013 0.484582 0.493392 0.462555 0.533040 0.431718 0.502203 0.418502 0.511013 0.422908 0.555066 0.409692 0.599119 0.431718 0.607930 0.422908 0.656388 0.348018 0.696035 0.348018 0.735683 0.361233 0.753304 0.277533 0.823789 0.281938 0.872247 0.255507 0.920705 0.198238 0.955947 0.171806 0.942731 0.176211 0.955947 0.202643 0.964758 0.198238 0.995595 0.233480 0.995595 0.233480 0.969163 0.277533 0.916300 0.281938 0.859031 0.295154 0.837004 0.405286 0.762115 0.471366 0.634361 0.533040 0.599119 0.528634 0.563877 0.546256 0.533040 0.638767 0.506608 0.660793 0.484582 0.669604 0.449339 0.700441 0.458150 0.744493 0.422908 0.770925 0.462555 0.757709 0.493392 0.731278 0.511013 0.740088 0.563877 0.726872 0.572687 0.735683 0.577093 0.748899 0.555066 0.770925 0.546256 0.762115 0.515419 0.779736 0.449339 0.766520 0.418502 0.779736 0.409692 0.792952 0.418502 0.806167 0.400881 0.788546 0.378855 0.779736 0.405286 0.757709 0.400881 0.748899 0.330396 0.775330 0.286344 0.806167 0.264317 0.885463 0.277533 0.872247 0.246696
0 0.180617 0.136564 0.176211 0.140969 0.171806 0.140969 0.154185 0.158590 0.149780 0.158590 0.140969 0.167401 0.140969 0.176211 0.145374 0.180617 0.154185 0.171806 0.154185 0.167401 0.158590 0.162996 0.162996 0.162996 0.167401 0.158590 0.171806 0.158590 0.176211 0.162996 0.180617 0.162996 0.185022 0.158590 0.185022 0.140969
0 0.493392 0.114537 0.488987 0.110132 0.475771 0.110132 0.471366 0.114537 0.466960 0.114537 0.462555 0.118943 0.458150 0.118943 0.453745 0.123348 0.440529 0.123348 0.436123 0.118943 0.431718 0.118943 0.427313 0.114537 0.422908 0.114537 0.400881 0.136564 0.400881 0.140969 0.405286 0.145374 0.409692 0.140969 0.414097 0.140969 0.418502 0.136564 0.436123 0.136564 0.440529 0.132159 0.444934 0.132159 0.449339 0.127753 0.453745 0.132159 0.462555 0.132159 0.466960 0.127753 0.488987 0.127753 0.493392 0.123348
0 0.079295 0.127753 0.083700 0.132159 0.092511 0.123348 0.096916 0.123348 0.101322 0.118943 0.105727 0.118943 0.110132 0.114537 0.118943 0.114537 0.123348 0.118943 0.132159 0.118943 0.136564 0.114537 0.136564 0.105727 0.132159 0.101322 0.123348 0.101322 0.118943 0.105727 0.114537 0.105727 0.110132 0.110132 0.105727 0.105727 0.096916 0.105727 0.092511 0.101322 0.079295 0.114537
0 0.295154 0.105727 0.299559 0.110132 0.303965 0.105727 0.308370 0.105727 0.312775 0.101322 0.317181 0.105727 0.321586 0.105727 0.334802 0.118943 0.339207 0.114537 0.348018 0.114537 0.356828 0.105727 0.361233 0.105727 0.374449 0.092511 0.374449 0.083700 0.378855 0.079295 0.383260 0.079295 0.387665 0.074890 0.387665 0.070485 0.383260 0.066079 0.374449 0.066079 0.365639 0.074890 0.361233 0.074890 0.356828 0.079295 0.352423 0.074890 0.348018 0.074890 0.343612 0.070485 0.339207 0.070485 0.330396 0.061674 0.325991 0.066079 0.321586 0.061674 0.321586 0.070485 0.312775 0.079295 0.312775 0.083700 0.303965 0.092511 0.303965 0.096916
0 0.629956 0.057269 0.625551 0.061674 0.621145 0.061674 0.616740 0.066079 0.616740 0.074890 0.607930 0.083700 0.607930 0.101322 0.603524 0.105727 0.612335 0.114537 0.616740 0.110132 0.616740 0.096916 0.625551 0.088106 0.625551 0.083700 0.634361 0.074890 0.634361 0.061674
0 0.669604 0.052863 0.665198 0.057269 0.665198 0.061674 0.669604 0.066079 0.669604 0.074890 0.678414 0.083700 0.682819 0.083700 0.700441 0.066079 0.696035 0.061674 0.696035 0.057269 0.691630 0.057269 0.687225 0.061674 0.682819 0.061674 0.678414 0.057269 0.674009 0.057269
0 0.581498 0.044053 0.577093 0.048458 0.572687 0.048458 0.568282 0.052863 0.537445 0.052863 0.533040 0.057269 0.533040 0.061674 0.537445 0.066079 0.537445 0.083700 0.533040 0.088106 0.533040 0.096916 0.537445 0.101322 0.537445 0.114537 0.519824 0.132159 0.519824 0.140969 0.515419 0.145374 0.515419 0.149780 0.519824 0.154185 0.541850 0.132159 0.546256 0.132159 0.550661 0.127753 0.555066 0.132159 0.559471 0.132159 0.577093 0.149780 0.590308 0.149780 0.594714 0.154185 0.603524 0.154185 0.612335 0.145374 0.612335 0.140969 0.603524 0.132159 0.577093 0.132159 0.572687 0.127753 0.568282 0.127753 0.563877 0.123348 0.559471 0.127753 0.555066 0.127753 0.550661 0.123348 0.546256 0.123348 0.537445 0.114537 0.537445 0.101322 0.541850 0.096916 0.546256 0.096916 0.550661 0.092511 0.550661 0.079295 0.559471 0.070485 0.563877 0.070485 0.568282 0.066079 0.581498 0.066079 0.585903 0.061674 0.585903 0.048458
0 0.118943 0.026432 0.114537 0.026432 0.101322 0.039648 0.101322 0.052863 0.105727 0.057269 0.114537 0.057269 0.118943 0.052863 0.123348 0.052863 0.127753 0.048458 0.127753 0.035242
0 0.784141 0.022026 0.779736 0.026432 0.775330 0.022026 0.770925 0.026432 0.757709 0.026432 0.744493 0.039648 0.753304 0.048458 0.753304 0.057269 0.757709 0.061674 0.766520 0.052863 0.766520 0.035242 0.770925 0.030837 0.775330 0.030837 0.779736 0.026432 0.784141 0.030837 0.788546 0.026432
0 0.074890 0.013216 0.070485 0.017621 0.070485 0.030837 0.066079 0.035242 0.066079 0.039648 0.052863 0.052863 0.048458 0.052863 0.044053 0.057269 0.039648 0.057269 0.035242 0.061674 0.026432 0.061674 0.017621 0.070485 0.013216 0.070485 0.008811 0.074890 0.004405 0.070485 0.000000 0.070485 0.000000 0.132159 0.004405 0.127753 0.004405 0.118943 0.008811 0.114537 0.004405 0.110132 0.004405 0.101322 0.008811 0.096916 0.008811 0.092511 0.013216 0.088106 0.013216 0.079295 0.017621 0.074890 0.022026 0.074890 0.026432 0.070485 0.030837 0.074890 0.035242 0.074890 0.039648 0.070485 0.044053 0.070485 0.048458 0.066079 0.052863 0.066079 0.057269 0.070485 0.066079 0.070485 0.074890 0.061674 0.074890 0.039648 0.079295 0.035242 0.079295 0.017621
0 0.977974 0.000000 0.929515 0.013216 0.907489 0.000000 0.876652 0.052863 0.863436 0.044053 0.876652 0.000000 0.850220 0.000000 0.828194 0.039648 0.713656 0.154185 0.651982 0.154185 0.585903 0.185022 0.594714 0.224670 0.559471 0.220264 0.502203 0.264317 0.449339 0.229075 0.453745 0.176211 0.405286 0.167401 0.431718 0.264317 0.409692 0.268722 0.374449 0.325991 0.317181 0.378855 0.290749 0.365639 0.303965 0.348018 0.321586 0.352423 0.299559 0.325991 0.264317 0.387665 0.229075 0.387665 0.246696 0.339207 0.290749 0.295154 0.286344 0.268722 0.264317 0.308370 0.229075 0.303965 0.229075 0.352423 0.198238 0.361233 0.176211 0.348018 0.136564 0.396476 0.118943 0.387665 0.114537 0.361233 0.101322 0.365639 0.101322 0.392070 0.123348 0.414097 0.158590 0.409692 0.167401 0.378855 0.202643 0.365639 0.207048 0.383260 0.185022 0.414097 0.193833 0.440529 0.000000 0.431718 0.000000 0.475771 0.242291 0.497797 0.255507 0.506608 0.255507 0.568282 0.303965 0.568282 0.303965 0.555066 0.286344 0.563877 0.268722 0.550661 0.277533 0.480176 0.303965 0.453745 0.370044 0.431718 0.396476 0.471366 0.414097 0.462555 0.405286 0.374449 0.453745 0.290749 0.493392 0.295154 0.475771 0.330396 0.484582 0.334802 0.550661 0.268722 0.612335 0.251101 0.638767 0.207048 0.696035 0.207048 0.757709 0.118943 0.784141 0.123348 0.810573 0.105727 0.806167 0.070485 0.819383 0.061674 0.859031 0.079295 0.841410 0.110132 0.850220 0.118943 0.889868 0.110132 0.955947 0.035242 0.973568 0.057269 0.938326 0.083700 0.942731 0.110132 0.995595 0.052863 0.960352 0.030837
0 0.524229 0.000000 0.502203 0.000000 0.502203 0.026432 0.497797 0.030837 0.493392 0.030837 0.488987 0.035242 0.480176 0.035242 0.475771 0.039648 0.466960 0.039648 0.462555 0.035242 0.453745 0.044053 0.453745 0.057269 0.449339 0.061674 0.444934 0.061674 0.440529 0.066079 0.436123 0.066079 0.427313 0.074890 0.427313 0.083700 0.431718 0.088106 0.436123 0.083700 0.444934 0.083700 0.449339 0.079295 0.449339 0.074890 0.453745 0.070485 0.453745 0.057269 0.458150 0.052863 0.462555 0.052863 0.466960 0.048458 0.488987 0.048458 0.493392 0.044053 0.493392 0.035242 0.502203 0.026432 0.506608 0.026432 0.511013 0.022026 0.511013 0.013216
0 0.180617 0.048458 0.185022 0.052863 0.189427 0.052863 0.198238 0.044053 0.198238 0.035242 0.207048 0.026432 0.207048 0.022026 0.211454 0.017621 0.211454 0.008811 0.215859 0.004405 0.220264 0.004405 0.224670 0.000000 0.229075 0.004405 0.233480 0.004405 0.237885 0.008811 0.237885 0.022026 0.246696 0.030837 0.255507 0.030837 0.259912 0.035242 0.264317 0.035242 0.268722 0.039648 0.273128 0.039648 0.290749 0.057269 0.303965 0.057269 0.308370 0.052863 0.312775 0.057269 0.312775 0.017621 0.317181 0.013216 0.321586 0.013216 0.325991 0.008811 0.330396 0.008811 0.334802 0.013216 0.339207 0.013216 0.343612 0.017621 0.352423 0.017621 0.361233 0.008811 0.361233 0.000000 0.273128 0.000000 0.273128 0.013216 0.268722 0.017621 0.264317 0.017621 0.259912 0.022026 0.255507 0.017621 0.251101 0.017621 0.246696 0.013216 0.246696 0.008811 0.242291 0.004405 0.242291 0.000000 0.198238 0.000000 0.198238 0.022026 0.193833 0.026432 0.193833 0.035242
