0 0.819383 0.969163 0.819383 0.973568 0.828194 0.982379 0.841410 0.982379 0.845815 0.986784 0.850220 0.982379 0.854626 0.986784 0.859031 0.986784 0.863436 0.991189 0.863436 0.995595 0.881057 0.995595 0.881057 0.991189 0.876652 0.986784 0.872247 0.986784 0.867841 0.991189 0.863436 0.991189 0.859031 0.986784 0.854626 0.986784 0.850220 0.982379 0.850220 0.973568 0.845815 0.969163 0.841410 0.969163 0.832599 0.960352 0.828194 0.960352
0 0.096916 0.960352 0.092511 0.964758 0.092511 0.969163 0.088106 0.973568 0.092511 0.977974 0.092511 0.986784 0.088106 0.991189 0.088106 0.995595 0.110132 0.995595 0.110132 0.969163 0.105727 0.964758 0.101322 0.964758
0 0.466960 0.973568 0.466960 0.977974 0.480176 0.991189 0.480176 0.995595 0.563877 0.995595 0.559471 0.991189 0.555066 0.991189 0.550661 0.986784 0.546256 0.986784 0.541850 0.982379 0.537445 0.982379 0.533040 0.977974 0.533040 0.973568 0.524229 0.964758 0.519824 0.964758 0.515419 0.960352 0.511013 0.960352 0.506608 0.955947 0.502203 0.955947 0.497797 0.960352 0.493392 0.960352 0.488987 0.964758 0.484582 0.964758 0.480176 0.969163 0.471366 0.969163
0 0.471366 0.903084 0.466960 0.907489 0.466960 0.916300 0.453745 0.929515 0.453745 0.938326 0.444934 0.947137 0.440529 0.947137 0.436123 0.951542 0.431718 0.947137 0.422908 0.955947 0.422908 0.977974 0.418502 0.982379 0.414097 0.982379 0.405286 0.991189 0.405286 0.995595 0.422908 0.995595 0.422908 0.982379 0.431718 0.973568 0.436123 0.973568 0.440529 0.969163 0.444934 0.969163 0.449339 0.964758 0.449339 0.947137 0.458150 0.938326 0.462555 0.938326 0.466960 0.933921 0.471366 0.933921 0.475771 0.929515 0.475771 0.916300 0.480176 0.911894
0 0.872247 0.889868 0.876652 0.894273 0.889868 0.894273 0.894273 0.898678 0.898678 0.898678 0.903084 0.903084 0.907489 0.903084 0.911894 0.907489 0.916300 0.907489 0.920705 0.911894 0.933921 0.911894 0.938326 0.907489 0.929515 0.898678 0.925110 0.898678 0.920705 0.894273 0.903084 0.894273 0.898678 0.889868 0.894273 0.889868 0.885463 0.881057 0.881057 0.881057
0 0.801762 0.885463 0.797357 0.881057 0.766520 0.881057 0.762115 0.876652 0.748899 0.876652 0.744493 0.881057 0.735683 0.881057 0.726872 0.889868 0.722467 0.889868 0.718062 0.894273 0.713656 0.889868 0.709251 0.889868 0.704846 0.885463 0.700441 0.885463 0.696035 0.889868 0.691630 0.889868 0.678414 0.903084 0.678414 0.907489 0.665198 0.920705 0.665198 0.925110 0.669604 0.929515 0.678414 0.929515 0.682819 0.933921 0.691630 0.933921 0.696035 0.938326 0.700441 0.933921 0.700441 0.920705 0.691630 0.911894 0.691630 0.903084 0.696035 0.898678 0.700441 0.898678 0.704846 0.894273 0.709251 0.894273 0.713656 0.898678 0.718062 0.898678 0.722467 0.903084 0.726872 0.898678 0.731278 0.903084 0.735683 0.903084 0.740088 0.898678 0.753304 0.898678 0.757709 0.894273 0.766520 0.894273 0.770925 0.898678 0.775330 0.898678 0.779736 0.903084 0.784141 0.903084 0.788546 0.898678 0.797357 0.898678 0.801762 0.894273
0 0.167401 0.876652 0.167401 0.881057 0.171806 0.885463 0.176211 0.885463 0.198238 0.907489 0.215859 0.907489 0.220264 0.903084 0.220264 0.898678 0.215859 0.894273 0.215859 0.889868 0.207048 0.881057 0.202643 0.881057 0.189427 0.867841 0.185022 0.872247 0.171806 0.872247
0 0.088106 0.876652 0.083700 0.872247 0.079295 0.872247 0.074890 0.867841 0.066079 0.876652 0.066079 0.881057 0.057269 0.889868 0.057269 0.894273 0.052863 0.898678 0.048458 0.898678 0.044053 0.903084 0.039648 0.903084 0.026432 0.916300 0.035242 0.925110 0.039648 0.920705 0.048458 0.920705 0.052863 0.916300 0.057269 0.916300 0.061674 0.911894 0.066079 0.911894 0.092511 0.885463 0.088106 0.881057
0 0.299559 0.859031 0.286344 0.859031 0.281938 0.863436 0.281938 0.894273 0.273128 0.903084 0.277533 0.907489 0.281938 0.907489 0.286344 0.903084 0.286344 0.898678 0.290749 0.894273 0.295154 0.894273 0.299559 0.889868 0.299559 0.885463 0.308370 0.876652 0.308370 0.872247 0.303965 0.867841 0.303965 0.863436
0 0.546256 0.792952 0.537445 0.784141 0.528634 0.784141 0.524229 0.788546 0.519824 0.788546 0.511013 0.797357 0.511013 0.810573 0.515419 0.814978 0.519824 0.810573 0.524229 0.810573 0.533040 0.801762 0.537445 0.801762
0 0.863436 0.806167 0.863436 0.814978 0.867841 0.814978 0.885463 0.832599 0.885463 0.837004 0.889868 0.841410 0.894273 0.841410 0.898678 0.845815 0.903084 0.845815 0.907489 0.850220 0.907489 0.854626 0.920705 0.867841 0.929515 0.867841 0.933921 0.872247 0.938326 0.872247 0.947137 0.881057 0.947137 0.885463 0.951542 0.889868 0.955947 0.889868 0.964758 0.898678 0.964758 0.903084 0.973568 0.911894 0.986784 0.911894 0.991189 0.916300 0.995595 0.916300 0.995595 0.898678 0.991189 0.898678 0.986784 0.894273 0.982379 0.894273 0.973568 0.885463 0.973568 0.876652 0.977974 0.872247 0.977974 0.867841 0.973568 0.863436 0.973568 0.859031 0.969163 0.854626 0.969163 0.845815 0.964758 0.841410 0.964758 0.837004 0.960352 0.832599 0.955947 0.837004 0.947137 0.837004 0.938326 0.845815 0.933921 0.845815 0.929515 0.850220 0.925110 0.845815 0.920705 0.845815 0.916300 0.841410 0.916300 0.832599 0.907489 0.823789 0.907489 0.801762 0.933921 0.775330 0.929515 0.770925 0.925110 0.775330 0.907489 0.775330 0.903084 0.779736 0.903084 0.797357 0.898678 0.801762 0.894273 0.801762 0.889868 0.806167 0.885463 0.801762 0.881057 0.801762 0.876652 0.806167 0.872247 0.806167 0.867841 0.801762
0 0.471366 0.784141 0.466960 0.779736 0.462555 0.779736 0.444934 0.762115 0.436123 0.770925 0.436123 0.775330 0.431718 0.779736 0.431718 0.792952 0.418502 0.806167 0.414097 0.806167 0.409692 0.810573 0.396476 0.810573 0.392070 0.806167 0.387665 0.806167 0.374449 0.797357 0.374449 0.792952 0.370044 0.788546 0.370044 0.775330 0.356828 0.762115 0.348018 0.775330 0.348018 0.788546 0.334802 0.801762 0.334802 0.810573 0.321586 0.823789 0.321586 0.828194 0.325991 0.832599 0.330396 0.832599 0.334802 0.828194 0.334802 0.823789 0.343612 0.814978 0.348018 0.814978 0.356828 0.806167 0.361233 0.806167 0.365639 0.801762 0.378855 0.810573 0.378855 0.819383 0.370044 0.828194 0.370044 0.837004 0.383260 0.845815 0.383260 0.859031 0.378855 0.863436 0.378855 0.867841 0.370044 0.876652 0.365639 0.876652 0.361233 0.881057 0.356828 0.876652 0.352423 0.876652 0.343612 0.885463 0.339207 0.885463 0.330396 0.894273 0.330396 0.898678 0.334802 0.903084 0.339207 0.903084 0.343612 0.898678 0.348018 0.898678 0.361233 0.889868 0.370044 0.889868 0.378855 0.881057 0.392070 0.876652 0.400881 0.867841 0.383260 0.850220 0.383260 0.841410 0.392070 0.832599 0.392070 0.828194 0.405286 0.819383 0.418502 0.819383 0.431718 0.828194 0.436123 0.823789 0.449339 0.819383 0.453745 0.814978 0.458150 0.801762 0.471366 0.788546
0 0.392070 0.726872 0.387665 0.731278 0.387665 0.744493 0.392070 0.748899 0.405286 0.748899 0.414097 0.740088 0.414097 0.735683 0.405286 0.726872
0 0.511013 0.700441 0.493392 0.718062 0.488987 0.718062 0.484582 0.722467 0.484582 0.726872 0.480176 0.731278 0.480176 0.735683 0.475771 0.740088 0.475771 0.744493 0.480176 0.748899 0.484582 0.744493 0.488987 0.744493 0.493392 0.740088 0.497797 0.740088 0.502203 0.735683 0.506608 0.735683 0.511013 0.731278 0.511013 0.713656 0.515419 0.709251 0.515419 0.704846
0 0.370044 0.687225 0.365639 0.682819 0.356828 0.682819 0.348018 0.691630 0.348018 0.696035 0.334802 0.709251 0.330396 0.709251 0.321586 0.718062 0.325991 0.722467 0.330396 0.718062 0.334802 0.722467 0.352423 0.704846 0.356828 0.704846 0.370044 0.691630
0 0.251101 0.682819 0.242291 0.682819 0.237885 0.687225 0.237885 0.691630 0.233480 0.696035 0.233480 0.713656 0.229075 0.718062 0.229075 0.722467 0.233480 0.726872 0.237885 0.722467 0.237885 0.713656 0.242291 0.709251 0.246696 0.709251 0.255507 0.700441 0.255507 0.687225
0 0.185022 0.643172 0.176211 0.643172 0.167401 0.656388 0.154185 0.665198 0.145374 0.660793 0.118943 0.660793 0.114537 0.669604 0.096916 0.682819 0.066079 0.682819 0.061674 0.687225 0.061674 0.713656 0.048458 0.726872 0.057269 0.735683 0.052863 0.766520 0.092511 0.801762 0.101322 0.806167 0.105727 0.801762 0.118943 0.810573 0.123348 0.806167 0.136564 0.814978 0.149780 0.806167 0.167401 0.806167 0.185022 0.814978 0.215859 0.810573 0.237885 0.792952 0.237885 0.784141 0.268722 0.744493 0.259912 0.740088 0.233480 0.775330 0.229075 0.788546 0.211454 0.801762 0.193833 0.792952 0.193833 0.784141 0.207048 0.770925 0.198238 0.757709 0.176211 0.775330 0.176211 0.788546 0.162996 0.797357 0.140969 0.797357 0.136564 0.801762 0.127753 0.801762 0.123348 0.797357 0.118943 0.801762 0.105727 0.792952 0.088106 0.788546 0.061674 0.762115 0.061674 0.753304 0.070485 0.744493 0.070485 0.735683 0.083700 0.726872 0.096916 0.735683 0.096916 0.744493 0.092511 0.748899 0.096916 0.762115 0.101322 0.766520 0.105727 0.762115 0.114537 0.762115 0.123348 0.748899 0.105727 0.731278 0.096916 0.735683 0.083700 0.726872 0.083700 0.718062 0.096916 0.709251 0.101322 0.713656 0.136564 0.687225 0.149780 0.696035 0.145374 0.722467 0.149780 0.726872 0.162996 0.726872 0.167401 0.722467 0.167401 0.691630 0.162996 0.687225 0.162996 0.674009 0.189427 0.651982
0 0.317181 0.621145 0.308370 0.621145 0.295154 0.634361 0.295154 0.643172 0.303965 0.651982 0.308370 0.647577 0.317181 0.647577 0.321586 0.643172 0.321586 0.638767 0.325991 0.634361 0.321586 0.629956 0.321586 0.625551
0 0.559471 0.590308 0.555066 0.594714 0.559471 0.599119 0.559471 0.607930 0.563877 0.612335 0.568282 0.612335 0.572687 0.616740 0.577093 0.616740 0.585903 0.625551 0.590308 0.625551 0.599119 0.634361 0.599119 0.647577 0.590308 0.656388 0.585903 0.656388 0.577093 0.665198 0.577093 0.669604 0.572687 0.674009 0.568282 0.674009 0.550661 0.691630 0.550661 0.696035 0.555066 0.700441 0.559471 0.696035 0.563877 0.700441 0.568282 0.696035 0.577093 0.696035 0.585903 0.687225 0.585903 0.665198 0.590308 0.660793 0.594714 0.660793 0.607930 0.647577 0.612335 0.647577 0.621145 0.638767 0.621145 0.634361 0.612335 0.625551 0.607930 0.625551 0.590308 0.607930 0.585903 0.607930 0.572687 0.594714 0.563877 0.594714
0 0.889868 0.594714 0.881057 0.585903 0.876652 0.585903 0.854626 0.607930 0.850220 0.607930 0.841410 0.616740 0.841410 0.621145 0.845815 0.621145 0.850220 0.625551 0.859031 0.625551 0.867841 0.616740 0.872247 0.616740 0.876652 0.612335 0.881057 0.612335 0.885463 0.607930 0.885463 0.603524 0.889868 0.599119
0 0.070485 0.563877 0.070485 0.572687 0.074890 0.577093 0.079295 0.577093 0.083700 0.581498 0.092511 0.581498 0.096916 0.577093 0.101322 0.577093 0.105727 0.581498 0.110132 0.581498 0.118943 0.590308 0.127753 0.590308 0.132159 0.594714 0.136564 0.594714 0.145374 0.603524 0.154185 0.603524 0.158590 0.599119 0.149780 0.590308 0.145374 0.590308 0.136564 0.581498 0.136564 0.572687 0.140969 0.568282 0.140969 0.563877 0.132159 0.555066 0.118943 0.568282 0.114537 0.568282 0.110132 0.572687 0.105727 0.572687 0.101322 0.568282 0.096916 0.568282 0.083700 0.555066 0.079295 0.555066
0 0.885463 0.515419 0.881057 0.519824 0.885463 0.524229 0.889868 0.524229 0.894273 0.528634 0.894273 0.550661 0.903084 0.559471 0.907489 0.559471 0.916300 0.550661 0.916300 0.546256 0.920705 0.541850 0.898678 0.519824 0.889868 0.519824
0 0.295154 0.515419 0.277533 0.533040 0.277533 0.546256 0.281938 0.550661 0.281938 0.555066 0.290749 0.563877 0.295154 0.559471 0.295154 0.555066 0.299559 0.550661 0.299559 0.519824
0 0.590308 0.524229 0.594714 0.528634 0.599119 0.524229 0.603524 0.528634 0.607930 0.524229 0.612335 0.524229 0.616740 0.528634 0.621145 0.528634 0.625551 0.533040 0.625551 0.541850 0.634361 0.550661 0.638767 0.550661 0.643172 0.546256 0.629956 0.533040 0.629956 0.519824 0.634361 0.515419 0.634361 0.511013 0.629956 0.506608 0.612335 0.506608 0.607930 0.511013 0.603524 0.511013
0 0.960352 0.414097 0.947137 0.414097 0.938326 0.422908 0.938326 0.436123 0.942731 0.440529 0.951542 0.440529 0.955947 0.436123 0.960352 0.436123 0.964758 0.431718 0.964758 0.418502
0 0.180617 0.414097 0.167401 0.400881 0.145374 0.400881 0.140969 0.405286 0.136564 0.405286 0.132159 0.409692 0.132159 0.414097 0.127753 0.418502 0.123348 0.418502 0.118943 0.422908 0.114537 0.422908 0.110132 0.418502 0.101322 0.418502 0.096916 0.422908 0.092511 0.422908 0.088106 0.427313 0.096916 0.436123 0.096916 0.449339 0.092511 0.453745 0.088106 0.453745 0.083700 0.458150 0.079295 0.458150 0.074890 0.462555 0.074890 0.466960 0.079295 0.471366 0.083700 0.466960 0.088106 0.466960 0.092511 0.462555 0.105727 0.462555 0.110132 0.466960 0.123348 0.466960 0.127753 0.462555 0.154185 0.462555 0.158590 0.466960 0.171806 0.453745 0.171806 0.449339 0.176211 0.444934 0.176211 0.431718 0.180617 0.427313
0 0.048458 0.396476 0.044053 0.400881 0.044053 0.414097 0.048458 0.418502 0.061674 0.418502 0.070485 0.409692 0.070485 0.405286 0.061674 0.396476
0 0.603524 0.396476 0.603524 0.405286 0.621145 0.422908 0.625551 0.418502 0.629956 0.418502 0.634361 0.414097 0.643172 0.414097 0.647577 0.418502 0.651982 0.414097 0.656388 0.414097 0.660793 0.409692 0.665198 0.414097 0.669604 0.414097 0.682819 0.427313 0.691630 0.418502 0.682819 0.409692 0.678414 0.409692 0.674009 0.414097 0.669604 0.414097 0.665198 0.409692 0.660793 0.409692 0.651982 0.400881 0.647577 0.400881 0.643172 0.405286 0.634361 0.405286 0.629956 0.400881 0.625551 0.400881 0.621145 0.396476 0.612335 0.396476 0.607930 0.392070
0 0.237885 0.136564 0.233480 0.136564 0.229075 0.140969 0.229075 0.162996 0.220264 0.171806 0.220264 0.180617 0.224670 0.185022 0.229075 0.185022 0.233480 0.180617 0.233480 0.171806 0.237885 0.167401 0.237885 0.154185 0.242291 0.149780 0.242291 0.140969
0 0.621145 0.123348 0.621145 0.127753 0.629956 0.136564 0.660793 0.136564 0.665198 0.140969 0.678414 0.140969 0.682819 0.136564 0.682819 0.132159 0.678414 0.127753 0.674009 0.127753 0.669604 0.123348 0.651982 0.123348 0.647577 0.118943 0.638767 0.118943 0.634361 0.114537 0.629956 0.114537
0 0.259912 0.105727 0.259912 0.114537 0.264317 0.118943 0.273128 0.118943 0.277533 0.123348 0.281938 0.118943 0.290749 0.118943 0.295154 0.123348 0.299559 0.123348 0.308370 0.136564 0.321586 0.136564 0.325991 0.140969 0.334802 0.140969 0.339207 0.145374 0.348018 0.145374 0.352423 0.140969 0.352423 0.136564 0.361233 0.127753 0.365639 0.127753 0.370044 0.123348 0.374449 0.127753 0.387665 0.132159 0.400881 0.145374 0.400881 0.154185 0.392070 0.162996 0.392070 0.167401 0.400881 0.176211 0.405286 0.171806 0.405286 0.167401 0.418502 0.154185 0.422908 0.154185 0.427313 0.149780 0.440529 0.158590 0.440529 0.167401 0.427313 0.180617 0.427313 0.185022 0.431718 0.189427 0.440529 0.189427 0.444934 0.185022 0.449339 0.185022 0.466960 0.167401 0.462555 0.162996 0.458150 0.162996 0.449339 0.154185 0.449339 0.136564 0.462555 0.123348 0.453745 0.114537 0.453745 0.101322 0.462555 0.092511 0.449339 0.083700 0.449339 0.074890 0.431718 0.057269 0.414097 0.057269 0.409692 0.061674 0.396476 0.061674 0.392070 0.057269 0.387665 0.057269 0.383260 0.061674 0.378855 0.061674 0.370044 0.070485 0.370044 0.079295 0.378855 0.088106 0.383260 0.088106 0.387665 0.092511 0.387665 0.105727 0.383260 0.110132 0.383260 0.114537 0.370044 0.123348 0.365639 0.118943 0.352423 0.114537 0.339207 0.127753 0.325991 0.132159 0.321586 0.127753 0.317181 0.127753 0.303965 0.114537 0.299559 0.118943 0.295154 0.114537 0.290749 0.114537 0.286344 0.110132 0.286344 0.101322 0.277533 0.092511 0.268722 0.092511
0 0.859031 0.000000 0.845815 0.000000 0.845815 0.004405 0.828194 0.022026 0.837004 0.030837 0.837004 0.039648 0.832599 0.044053 0.828194 0.044053 0.823789 0.048458 0.806167 0.048458 0.801762 0.052863 0.797357 0.052863 0.792952 0.057269 0.792952 0.066079 0.788546 0.070485 0.788546 0.074890 0.784141 0.079295 0.779736 0.079295 0.775330 0.083700 0.770925 0.083700 0.766520 0.088106 0.762115 0.088106 0.748899 0.101322 0.748899 0.105727 0.744493 0.110132 0.744493 0.118943 0.740088 0.123348 0.744493 0.127753 0.748899 0.127753 0.766520 0.110132 0.770925 0.110132 0.775330 0.105727 0.775330 0.101322 0.779736 0.096916 0.784141 0.096916 0.814978 0.066079 0.819383 0.066079 0.823789 0.061674 0.828194 0.061674 0.837004 0.052863 0.837004 0.039648 0.841410 0.035242 0.845815 0.035242 0.854626 0.026432 0.854626 0.022026 0.859031 0.017621
0 0.022026 0.000000 0.057269 0.035242 0.022026 0.074890 0.039648 0.110132 0.000000 0.092511 0.026432 0.180617 0.000000 0.317181 0.378855 0.444934 0.365639 0.471366 0.281938 0.431718 0.246696 0.488987 0.299559 0.449339 0.303965 0.493392 0.352423 0.502203 0.330396 0.537445 0.387665 0.484582 0.436123 0.519824 0.418502 0.590308 0.462555 0.634361 0.418502 0.660793 0.436123 0.700441 0.484582 0.682819 0.484582 0.629956 0.524229 0.638767 0.436123 0.563877 0.484582 0.550661 0.519824 0.594714 0.524229 0.519824 0.568282 0.511013 0.400881 0.422908 0.621145 0.466960 0.449339 0.422908 0.348018 0.352423 0.273128 0.356828 0.202643 0.312775 0.220264 0.273128 0.409692 0.229075 0.497797 0.312775 0.317181 0.303965 0.383260 0.339207 0.414097 0.308370 0.436123 0.348018 0.493392 0.325991 0.568282 0.383260 0.784141 0.290749 0.814978 0.251101 0.784141 0.224670 0.872247 0.145374 0.819383 0.370044 0.656388 0.480176 0.687225 0.502203 0.757709 0.471366 0.784141 0.559471 0.731278 0.550661 0.718062 0.603524 0.687225 0.563877 0.621145 0.590308 0.674009 0.656388 0.643172 0.788546 0.590308 0.872247 0.506608 0.876652 0.577093 0.903084 0.546256 0.951542 0.590308 0.916300 0.612335 0.938326 0.625551 0.828194 0.731278 0.647577 0.801762 0.744493 0.735683 0.709251 0.704846 0.819383 0.845815 0.863436 0.841410 0.819383 0.757709 0.832599 0.726872 0.770925 0.814978 0.779736 0.837004 0.726872 0.762115 0.651982 0.788546 0.594714 0.823789 0.629956 0.788546 0.488987 0.885463 0.466960 0.854626 0.427313 0.951542 0.378855 0.960352 0.339207 0.894273 0.383260 0.850220 0.352423 0.907489 0.277533 0.920705 0.127753 0.973568 0.105727 0.995595 0.132159 0.995595 0.035242 0.951542 0.044053 0.995595 0.000000 0.903084 0.048458 0.722467 0.255507 0.735683 0.193833 0.704846 0.167401 0.577093 0.207048 0.581498 0.277533 0.625551 0.312775 0.559471 0.352423 0.506608 0.317181 0.537445 0.273128 0.458150 0.259912 0.515419 0.215859 0.374449 0.224670 0.352423 0.171806 0.321586 0.215859 0.167401 0.220264 0.145374 0.154185 0.105727 0.167401 0.105727 0.127753 0.044053 0.096916 0.123348 0.008811 0.180617 0.000000
