0 0.149780 0.942731 0.145374 0.947137 0.145374 0.955947 0.154185 0.964758 0.158590 0.964758 0.162996 0.969163 0.167401 0.969163 0.176211 0.960352 0.162996 0.947137 0.158590 0.947137 0.154185 0.942731
0 0.515419 0.925110 0.511013 0.929515 0.511013 0.942731 0.515419 0.947137 0.519824 0.947137 0.524229 0.951542 0.524229 0.960352 0.519824 0.964758 0.528634 0.973568 0.533040 0.969163 0.533040 0.964758 0.528634 0.960352 0.528634 0.942731 0.537445 0.933921 0.528634 0.925110
0 0.810573 0.876652 0.806167 0.881057 0.806167 0.889868 0.801762 0.894273 0.801762 0.903084 0.806167 0.907489 0.806167 0.938326 0.792952 0.951542 0.788546 0.951542 0.784141 0.955947 0.788546 0.960352 0.792952 0.960352 0.814978 0.938326 0.819383 0.938326 0.823789 0.933921 0.823789 0.929515 0.828194 0.925110 0.828194 0.907489 0.819383 0.898678 0.819383 0.889868 0.814978 0.885463 0.814978 0.881057
0 0.550661 0.885463 0.559471 0.894273 0.568282 0.894273 0.572687 0.889868 0.577093 0.889868 0.585903 0.881057 0.581498 0.876652 0.572687 0.876652 0.568282 0.872247 0.559471 0.872247 0.555066 0.876652 0.555066 0.881057
0 0.762115 0.854626 0.744493 0.854626 0.740088 0.859031 0.740088 0.863436 0.735683 0.867841 0.735683 0.872247 0.744493 0.881057 0.748899 0.876652 0.753304 0.876652 0.757709 0.872247 0.762115 0.872247 0.766520 0.867841 0.766520 0.859031
0 0.651982 0.850220 0.634361 0.867841 0.634361 0.872247 0.643172 0.881057 0.651982 0.881057 0.660793 0.872247 0.660793 0.859031
0 0.925110 0.814978 0.920705 0.814978 0.907489 0.828194 0.907489 0.845815 0.911894 0.850220 0.916300 0.850220 0.925110 0.841410 0.925110 0.837004 0.929515 0.832599 0.929515 0.819383
0 0.136564 0.797357 0.132159 0.792952 0.127753 0.797357 0.123348 0.797357 0.118943 0.801762 0.114537 0.801762 0.096916 0.819383 0.092511 0.819383 0.088106 0.823789 0.079295 0.823789 0.074890 0.828194 0.074890 0.832599 0.066079 0.841410 0.061674 0.841410 0.057269 0.845815 0.052863 0.845815 0.048458 0.850220 0.030837 0.850220 0.026432 0.854626 0.004405 0.854626 0.000000 0.859031 0.000000 0.867841 0.004405 0.863436 0.026432 0.863436 0.030837 0.859031 0.048458 0.859031 0.052863 0.854626 0.066079 0.854626 0.088106 0.832599 0.092511 0.832599 0.096916 0.828194 0.101322 0.828194 0.118943 0.810573 0.123348 0.810573
0 0.911894 0.665198 0.903084 0.674009 0.907489 0.678414 0.911894 0.678414 0.916300 0.682819 0.916300 0.709251 0.911894 0.713656 0.911894 0.722467 0.916300 0.726872 0.920705 0.726872 0.929515 0.735683 0.929515 0.740088 0.947137 0.757709 0.951542 0.753304 0.955947 0.757709 0.960352 0.753304 0.960352 0.748899 0.929515 0.718062 0.929515 0.691630 0.920705 0.682819 0.920705 0.669604 0.916300 0.665198
0 0.775330 0.603524 0.770925 0.607930 0.770925 0.612335 0.766520 0.616740 0.766520 0.625551 0.762115 0.629956 0.762115 0.665198 0.757709 0.669604 0.757709 0.678414 0.748899 0.687225 0.744493 0.687225 0.740088 0.691630 0.740088 0.700441 0.735683 0.704846 0.735683 0.709251 0.731278 0.713656 0.731278 0.718062 0.735683 0.722467 0.740088 0.722467 0.744493 0.726872 0.753304 0.718062 0.753304 0.709251 0.757709 0.704846 0.757709 0.691630 0.766520 0.682819 0.770925 0.682819 0.779736 0.674009 0.779736 0.651982 0.784141 0.647577 0.784141 0.634361 0.788546 0.629956 0.788546 0.612335 0.784141 0.607930 0.779736 0.607930
0 0.123348 0.603524 0.118943 0.607930 0.118943 0.612335 0.114537 0.616740 0.118943 0.621145 0.118943 0.625551 0.127753 0.634361 0.132159 0.634361 0.140969 0.625551 0.136564 0.621145 0.136564 0.612335 0.127753 0.603524
0 0.251101 0.590308 0.242291 0.599119 0.242291 0.603524 0.255507 0.616740 0.259912 0.616740 0.264317 0.621145 0.264317 0.629956 0.268722 0.634361 0.268722 0.647577 0.281938 0.660793 0.281938 0.665198 0.286344 0.669604 0.286344 0.678414 0.295154 0.687225 0.308370 0.674009 0.308370 0.669604 0.290749 0.651982 0.290749 0.647577 0.286344 0.643172 0.286344 0.638767 0.281938 0.634361 0.281938 0.625551 0.277533 0.621145 0.273128 0.621145 0.264317 0.612335 0.264317 0.603524 0.259912 0.599119 0.259912 0.594714 0.255507 0.590308
0 0.493392 0.563877 0.471366 0.563877 0.466960 0.568282 0.466960 0.572687 0.475771 0.581498 0.475771 0.594714 0.480176 0.599119 0.493392 0.585903 0.493392 0.581498 0.497797 0.577093 0.497797 0.568282
0 0.797357 0.555066 0.792952 0.559471 0.792952 0.568282 0.797357 0.572687 0.797357 0.581498 0.806167 0.590308 0.810573 0.585903 0.814978 0.590308 0.819383 0.590308 0.828194 0.599119 0.828194 0.616740 0.832599 0.621145 0.832599 0.625551 0.850220 0.643172 0.850220 0.647577 0.863436 0.660793 0.872247 0.660793 0.876652 0.656388 0.876652 0.651982 0.859031 0.634361 0.859031 0.629956 0.854626 0.625551 0.854626 0.616740 0.850220 0.612335 0.845815 0.612335 0.841410 0.607930 0.841410 0.585903 0.837004 0.581498 0.832599 0.585903 0.828194 0.581498 0.823789 0.581498 0.814978 0.572687 0.814978 0.568282 0.801762 0.555066
0 0.017621 0.528634 0.013216 0.533040 0.013216 0.555066 0.017621 0.559471 0.022026 0.559471 0.026432 0.563877 0.039648 0.550661 0.035242 0.546256 0.035242 0.533040 0.030837 0.528634
0 0.370044 0.519824 0.365639 0.524229 0.365639 0.533040 0.370044 0.537445 0.370044 0.546256 0.365639 0.550661 0.365639 0.555066 0.374449 0.563877 0.374449 0.577093 0.378855 0.581498 0.378855 0.590308 0.383260 0.594714 0.383260 0.612335 0.378855 0.616740 0.374449 0.616740 0.370044 0.621145 0.370044 0.651982 0.378855 0.660793 0.387665 0.660793 0.392070 0.656388 0.392070 0.651982 0.387665 0.647577 0.387665 0.612335 0.392070 0.607930 0.392070 0.572687 0.378855 0.559471 0.378855 0.555066 0.374449 0.550661 0.374449 0.537445 0.378855 0.533040 0.374449 0.528634 0.374449 0.524229
0 0.995595 0.497797 0.977974 0.497797 0.969163 0.506608 0.964758 0.506608 0.951542 0.519824 0.947137 0.519824 0.942731 0.524229 0.938326 0.519824 0.933921 0.524229 0.920705 0.524229 0.916300 0.519824 0.911894 0.524229 0.916300 0.528634 0.916300 0.537445 0.907489 0.546256 0.907489 0.550661 0.916300 0.559471 0.920705 0.555066 0.920705 0.541850 0.929515 0.533040 0.933921 0.533040 0.938326 0.528634 0.947137 0.528634 0.951542 0.524229 0.955947 0.528634 0.964758 0.528634 0.977974 0.515419 0.982379 0.515419 0.986784 0.511013 0.995595 0.511013
0 0.568282 0.449339 0.555066 0.462555 0.550661 0.462555 0.546256 0.466960 0.546256 0.471366 0.541850 0.475771 0.541850 0.480176 0.537445 0.484582 0.537445 0.497797 0.528634 0.506608 0.528634 0.515419 0.533040 0.519824 0.541850 0.519824 0.546256 0.515419 0.541850 0.511013 0.541850 0.497797 0.546256 0.493392 0.546256 0.488987 0.577093 0.458150
0 0.026432 0.422908 0.026432 0.431718 0.035242 0.440529 0.039648 0.440529 0.044053 0.436123 0.048458 0.436123 0.052863 0.440529 0.057269 0.440529 0.061674 0.444934 0.070485 0.444934 0.074890 0.440529 0.079295 0.440529 0.083700 0.436123 0.092511 0.436123 0.096916 0.431718 0.092511 0.427313 0.079295 0.427313 0.074890 0.431718 0.066079 0.431718 0.061674 0.436123 0.057269 0.431718 0.052863 0.431718 0.044053 0.422908 0.044053 0.418502 0.039648 0.414097 0.035242 0.414097
0 0.180617 0.405286 0.167401 0.418502 0.171806 0.422908 0.171806 0.436123 0.176211 0.440529 0.180617 0.440529 0.185022 0.444934 0.185022 0.466960 0.180617 0.471366 0.180617 0.480176 0.193833 0.493392 0.193833 0.502203 0.198238 0.506608 0.198238 0.511013 0.202643 0.515419 0.211454 0.506608 0.211454 0.502203 0.207048 0.497797 0.202643 0.497797 0.198238 0.493392 0.198238 0.458150 0.193833 0.453745 0.189427 0.453745 0.185022 0.449339 0.185022 0.436123 0.180617 0.431718 0.180617 0.414097 0.185022 0.409692
0 0.925110 0.392070 0.920705 0.396476 0.916300 0.396476 0.907489 0.405286 0.907489 0.409692 0.903084 0.414097 0.903084 0.418502 0.898678 0.422908 0.907489 0.431718 0.911894 0.427313 0.916300 0.427313 0.920705 0.422908 0.920705 0.414097 0.925110 0.409692
0 0.466960 0.356828 0.462555 0.352423 0.453745 0.352423 0.449339 0.356828 0.444934 0.356828 0.440529 0.361233 0.436123 0.361233 0.422908 0.374449 0.418502 0.374449 0.400881 0.392070 0.400881 0.405286 0.405286 0.409692 0.414097 0.409692 0.436123 0.387665 0.436123 0.383260 0.444934 0.374449 0.449339 0.374449 0.453745 0.370044 0.458150 0.370044 0.466960 0.361233
0 0.568282 0.330396 0.563877 0.334802 0.563877 0.339207 0.559471 0.343612 0.559471 0.348018 0.563877 0.352423 0.563877 0.365639 0.572687 0.374449 0.577093 0.370044 0.577093 0.365639 0.581498 0.361233 0.581498 0.348018 0.572687 0.339207 0.572687 0.334802
0 0.995595 0.321586 0.955947 0.299559 0.863436 0.303965 0.797357 0.361233 0.784141 0.356828 0.735683 0.405286 0.726872 0.449339 0.625551 0.537445 0.590308 0.546256 0.392070 0.726872 0.334802 0.735683 0.325991 0.753304 0.343612 0.788546 0.330396 0.797357 0.303965 0.784141 0.299559 0.757709 0.264317 0.770925 0.154185 0.731278 0.127753 0.709251 0.101322 0.718062 0.066079 0.696035 0.000000 0.713656 0.000000 0.740088 0.008811 0.744493 0.030837 0.718062 0.070485 0.709251 0.105727 0.731278 0.083700 0.753304 0.088106 0.766520 0.167401 0.757709 0.189427 0.775330 0.224670 0.775330 0.264317 0.792952 0.273128 0.810573 0.259912 0.819383 0.237885 0.810573 0.202643 0.819383 0.207048 0.828194 0.229075 0.819383 0.251101 0.841410 0.308370 0.801762 0.330396 0.819383 0.365639 0.788546 0.387665 0.788546 0.440529 0.753304 0.471366 0.784141 0.471366 0.863436 0.484582 0.881057 0.506608 0.885463 0.519824 0.867841 0.515419 0.832599 0.537445 0.806167 0.568282 0.792952 0.550661 0.766520 0.537445 0.779736 0.541850 0.801762 0.515419 0.819383 0.484582 0.788546 0.484582 0.757709 0.506608 0.700441 0.603524 0.674009 0.625551 0.651982 0.634361 0.603524 0.656388 0.581498 0.713656 0.559471 0.753304 0.502203 0.797357 0.462555 0.806167 0.431718 0.837004 0.409692 0.823789 0.387665 0.845815 0.356828 0.907489 0.339207 0.925110 0.308370 0.942731 0.317181 0.933921 0.348018 0.964758 0.339207 0.995595 0.356828
0 0.744493 0.295154 0.735683 0.303965 0.735683 0.312775 0.753304 0.330396 0.757709 0.325991 0.757709 0.308370
0 0.136564 0.290749 0.132159 0.295154 0.132159 0.330396 0.136564 0.334802 0.136564 0.339207 0.145374 0.348018 0.149780 0.343612 0.149780 0.325991 0.145374 0.321586 0.145374 0.308370 0.149780 0.303965 0.149780 0.299559 0.140969 0.290749
0 0.052863 0.299559 0.052863 0.312775 0.057269 0.317181 0.070485 0.317181 0.074890 0.312775 0.079295 0.317181 0.083700 0.317181 0.092511 0.325991 0.101322 0.317181 0.101322 0.312775 0.096916 0.308370 0.092511 0.308370 0.088106 0.312775 0.083700 0.308370 0.079295 0.308370 0.074890 0.303965 0.074890 0.299559 0.066079 0.290749 0.061674 0.290749
0 0.374449 0.233480 0.370044 0.229075 0.365639 0.233480 0.361233 0.233480 0.356828 0.237885 0.352423 0.233480 0.343612 0.242291 0.343612 0.251101 0.348018 0.255507 0.356828 0.255507 0.361233 0.251101 0.365639 0.251101 0.374449 0.242291
0 0.700441 0.215859 0.696035 0.220264 0.696035 0.229075 0.691630 0.233480 0.713656 0.255507 0.722467 0.255507 0.726872 0.251101 0.726872 0.246696 0.718062 0.237885 0.718062 0.233480 0.713656 0.229075 0.713656 0.220264 0.709251 0.215859
0 0.594714 0.215859 0.585903 0.224670 0.585903 0.229075 0.577093 0.237885 0.577093 0.246696 0.568282 0.255507 0.563877 0.255507 0.559471 0.259912 0.555066 0.255507 0.550661 0.255507 0.546256 0.251101 0.546256 0.246696 0.541850 0.242291 0.537445 0.242291 0.533040 0.246696 0.541850 0.255507 0.546256 0.251101 0.550661 0.255507 0.555066 0.255507 0.559471 0.259912 0.559471 0.273128 0.572687 0.286344 0.572687 0.290749 0.577093 0.295154 0.585903 0.286344 0.585903 0.281938 0.581498 0.277533 0.581498 0.251101 0.585903 0.246696 0.590308 0.246696 0.599119 0.237885 0.599119 0.220264
0 0.167401 0.224670 0.176211 0.233480 0.185022 0.233480 0.189427 0.229075 0.193833 0.229075 0.198238 0.233480 0.202643 0.229075 0.207048 0.229075 0.211454 0.224670 0.207048 0.220264 0.198238 0.220264 0.193833 0.215859 0.185022 0.215859 0.180617 0.220264 0.171806 0.220264
0 0.110132 0.180617 0.101322 0.189427 0.101322 0.202643 0.105727 0.207048 0.123348 0.207048 0.127753 0.202643 0.127753 0.189427 0.118943 0.180617
0 0.480176 0.171806 0.471366 0.171806 0.462555 0.180617 0.462555 0.185022 0.458150 0.189427 0.458150 0.193833 0.453745 0.198238 0.453745 0.202643 0.449339 0.207048 0.449339 0.220264 0.444934 0.224670 0.444934 0.229075 0.440529 0.233480 0.440529 0.237885 0.422908 0.255507 0.418502 0.255507 0.414097 0.259912 0.409692 0.259912 0.400881 0.268722 0.400881 0.273128 0.392070 0.281938 0.387665 0.281938 0.383260 0.286344 0.378855 0.286344 0.370044 0.295154 0.374449 0.299559 0.378855 0.295154 0.383260 0.299559 0.387665 0.295154 0.392070 0.299559 0.396476 0.299559 0.400881 0.303965 0.405286 0.299559 0.409692 0.299559 0.414097 0.295154 0.431718 0.295154 0.440529 0.286344 0.440529 0.281938 0.449339 0.273128 0.449339 0.264317 0.453745 0.259912 0.458150 0.259912 0.462555 0.255507 0.466960 0.255507 0.475771 0.246696 0.475771 0.224670 0.480176 0.220264 0.480176 0.198238 0.488987 0.189427 0.488987 0.180617
0 0.779736 0.167401 0.770925 0.176211 0.775330 0.180617 0.775330 0.193833 0.770925 0.198238 0.770925 0.211454 0.784141 0.224670 0.784141 0.229075 0.788546 0.233480 0.788546 0.255507 0.784141 0.259912 0.784141 0.268722 0.788546 0.273128 0.792952 0.273128 0.797357 0.268722 0.797357 0.264317 0.801762 0.259912 0.801762 0.255507 0.806167 0.251101 0.806167 0.233480 0.801762 0.229075 0.801762 0.220264 0.788546 0.207048 0.788546 0.202643 0.784141 0.198238 0.784141 0.189427 0.779736 0.185022 0.779736 0.176211 0.784141 0.171806
0 0.374449 0.154185 0.361233 0.167401 0.356828 0.167401 0.356828 0.171806 0.361233 0.176211 0.361233 0.180617 0.370044 0.189427 0.374449 0.189427 0.378855 0.185022 0.378855 0.180617 0.383260 0.176211 0.383260 0.162996
0 0.572687 0.145374 0.568282 0.149780 0.568282 0.162996 0.572687 0.167401 0.572687 0.180617 0.581498 0.189427 0.585903 0.189427 0.590308 0.193833 0.594714 0.189427 0.594714 0.180617 0.599119 0.176211 0.594714 0.171806 0.594714 0.167401
0 0.845815 0.140969 0.841410 0.145374 0.841410 0.154185 0.850220 0.162996 0.850220 0.176211 0.845815 0.180617 0.845815 0.189427 0.850220 0.193833 0.859031 0.193833 0.863436 0.198238 0.867841 0.193833 0.867841 0.189427 0.863436 0.185022 0.863436 0.176211 0.859031 0.171806 0.859031 0.158590 0.863436 0.154185 0.863436 0.145374 0.859031 0.140969
0 0.533040 0.140969 0.524229 0.149780 0.519824 0.149780 0.515419 0.154185 0.515419 0.158590 0.511013 0.162996 0.511013 0.167401 0.515419 0.171806 0.515419 0.185022 0.519824 0.189427 0.524229 0.189427 0.528634 0.185022 0.528634 0.180617 0.533040 0.176211 0.533040 0.167401 0.537445 0.162996 0.537445 0.145374
0 0.947137 0.127753 0.942731 0.132159 0.942731 0.171806 0.938326 0.176211 0.933921 0.176211 0.929515 0.180617 0.925110 0.180617 0.920705 0.185022 0.911894 0.185022 0.907489 0.180617 0.903084 0.185022 0.903084 0.189427 0.911894 0.198238 0.916300 0.198238 0.925110 0.207048 0.947137 0.207048 0.951542 0.211454 0.955947 0.211454 0.960352 0.207048 0.964758 0.207048 0.969163 0.202643 0.977974 0.202643 0.982379 0.207048 0.986784 0.207048 0.995595 0.215859 0.995595 0.202643 0.991189 0.202643 0.986784 0.207048 0.982379 0.202643 0.977974 0.202643 0.973568 0.198238 0.973568 0.189427 0.977974 0.185022 0.977974 0.149780 0.986784 0.140969 0.991189 0.140969 0.995595 0.136564 0.995595 0.127753 0.991189 0.132159 0.986784 0.132159 0.982379 0.136564 0.977974 0.132159 0.973568 0.136564 0.964758 0.136564 0.960352 0.132159 0.951542 0.132159
0 0.224670 0.127753 0.220264 0.132159 0.220264 0.136564 0.215859 0.140969 0.215859 0.158590 0.220264 0.162996 0.224670 0.158590 0.229075 0.158590 0.237885 0.149780 0.237885 0.140969
0 0.453745 0.096916 0.449339 0.096916 0.440529 0.105727 0.440529 0.127753 0.444934 0.132159 0.449339 0.132159 0.458150 0.123348 0.458150 0.101322
0 0.744493 0.092511 0.740088 0.092511 0.735683 0.096916 0.735683 0.114537 0.731278 0.118943 0.740088 0.127753 0.753304 0.114537 0.753304 0.110132 0.757709 0.105727
0 0.867841 0.066079 0.863436 0.070485 0.863436 0.074890 0.859031 0.079295 0.859031 0.092511 0.863436 0.096916 0.863436 0.101322 0.867841 0.105727 0.872247 0.105727 0.881057 0.114537 0.889868 0.114537 0.894273 0.110132 0.894273 0.105727 0.889868 0.101322 0.889868 0.092511 0.881057 0.083700 0.881057 0.070485 0.876652 0.066079 0.872247 0.070485
0 0.621145 0.061674 0.621145 0.070485 0.616740 0.074890 0.616740 0.079295 0.621145 0.083700 0.621145 0.096916 0.616740 0.101322 0.616740 0.105727 0.621145 0.110132 0.625551 0.110132 0.629956 0.105727 0.629956 0.088106 0.634361 0.083700 0.638767 0.083700 0.643172 0.079295 0.651982 0.079295 0.656388 0.083700 0.660793 0.079295 0.656388 0.074890 0.647577 0.074890 0.643172 0.070485 0.638767 0.070485 0.634361 0.066079 0.629956 0.066079 0.625551 0.061674
0 0.105727 0.052863 0.096916 0.061674 0.096916 0.079295 0.101322 0.083700 0.101322 0.088106 0.110132 0.096916 0.114537 0.096916 0.123348 0.088106 0.123348 0.083700 0.118943 0.079295 0.118943 0.070485 0.114537 0.066079 0.114537 0.061674
0 0.973568 0.048458 0.955947 0.066079 0.951542 0.066079 0.947137 0.070485 0.947137 0.074890 0.942731 0.079295 0.942731 0.092511 0.947137 0.096916 0.951542 0.096916 0.969163 0.079295 0.973568 0.079295 0.977974 0.074890 0.977974 0.052863
0 0.383260 0.039648 0.378855 0.044053 0.378855 0.057269 0.396476 0.074890 0.414097 0.074890 0.418502 0.070485 0.418502 0.066079 0.414097 0.061674 0.409692 0.061674 0.400881 0.052863 0.396476 0.052863
0 0.193833 0.026432 0.189427 0.026432 0.180617 0.035242 0.180617 0.061674 0.176211 0.066079 0.180617 0.070485 0.193833 0.070485 0.198238 0.066079 0.193833 0.061674 0.193833 0.039648 0.198238 0.035242 0.198238 0.030837
0 0.810573 0.000000 0.792952 0.000000 0.792952 0.008811 0.797357 0.013216 0.797357 0.026432 0.792952 0.030837 0.792952 0.039648 0.788546 0.044053 0.788546 0.074890 0.792952 0.079295 0.806167 0.066079 0.810573 0.066079 0.814978 0.061674 0.814978 0.048458 0.810573 0.044053
0 0.590308 0.000000 0.590308 0.004405 0.599119 0.013216 0.599119 0.030837 0.603524 0.035242 0.603524 0.039648 0.607930 0.044053 0.607930 0.048458 0.612335 0.052863 0.616740 0.052863 0.616740 0.039648 0.607930 0.030837 0.607930 0.017621 0.603524 0.013216 0.603524 0.000000
0 0.537445 0.000000 0.515419 0.000000 0.515419 0.013216 0.519824 0.017621 0.519824 0.022026 0.524229 0.026432 0.524229 0.039648 0.515419 0.048458 0.515419 0.052863 0.511013 0.057269 0.515419 0.061674 0.519824 0.057269 0.524229 0.061674 0.533040 0.052863 0.528634 0.048458 0.528634 0.044053 0.524229 0.039648 0.524229 0.030837 0.528634 0.026432 0.533040 0.026432 0.537445 0.022026
