0 0.070485 0.955947 0.061674 0.964758 0.083700 0.986784 0.083700 0.995595 0.092511 0.995595 0.092511 0.991189 0.088106 0.986784 0.088106 0.969163 0.092511 0.964758 0.092511 0.960352 0.088106 0.955947
0 0.960352 0.942731 0.951542 0.951542 0.951542 0.960352 0.964758 0.973568 0.964758 0.995595 0.977974 0.995595 0.977974 0.982379 0.973568 0.977974 0.973568 0.955947 0.977974 0.951542 0.969163 0.942731
0 0.396476 0.916300 0.392070 0.920705 0.392070 0.925110 0.396476 0.929515 0.400881 0.929515 0.405286 0.933921 0.409692 0.933921 0.422908 0.947137 0.427313 0.942731 0.427313 0.938326 0.431718 0.933921 0.431718 0.929515 0.427313 0.925110 0.422908 0.925110 0.418502 0.920705 0.414097 0.920705 0.409692 0.916300
0 0.753304 0.898678 0.744493 0.907489 0.740088 0.907489 0.735683 0.911894 0.735683 0.925110 0.740088 0.929515 0.748899 0.929515 0.762115 0.916300 0.762115 0.911894 0.757709 0.907489 0.757709 0.903084
0 0.132159 0.898678 0.123348 0.889868 0.118943 0.894273 0.114537 0.894273 0.092511 0.916300 0.096916 0.920705 0.101322 0.920705 0.105727 0.925110 0.118943 0.925110 0.123348 0.920705 0.123348 0.911894 0.127753 0.907489 0.127753 0.903084
0 0.872247 0.881057 0.863436 0.872247 0.845815 0.872247 0.841410 0.876652 0.837004 0.876652 0.832599 0.881057 0.823789 0.881057 0.819383 0.876652 0.810573 0.876652 0.806167 0.881057 0.806167 0.898678 0.810573 0.903084 0.814978 0.903084 0.819383 0.898678 0.823789 0.898678 0.832599 0.889868 0.837004 0.889868 0.841410 0.885463 0.850220 0.885463 0.854626 0.889868 0.859031 0.885463 0.867841 0.885463
0 0.242291 0.881057 0.233480 0.872247 0.229075 0.876652 0.224670 0.876652 0.215859 0.885463 0.215859 0.894273 0.211454 0.898678 0.207048 0.898678 0.202643 0.903084 0.198238 0.903084 0.193833 0.898678 0.185022 0.907489 0.189427 0.911894 0.189427 0.916300 0.193833 0.920705 0.202643 0.911894 0.202643 0.907489 0.207048 0.903084 0.211454 0.903084 0.215859 0.898678 0.220264 0.898678 0.224670 0.903084 0.229075 0.903084 0.237885 0.894273 0.237885 0.889868 0.242291 0.885463
0 0.748899 0.837004 0.740088 0.845815 0.744493 0.850220 0.744493 0.854626 0.757709 0.867841 0.762115 0.863436 0.762115 0.859031 0.766520 0.854626 0.766520 0.845815 0.757709 0.837004
0 0.841410 0.801762 0.837004 0.806167 0.837004 0.814978 0.854626 0.832599 0.859031 0.832599 0.867841 0.823789 0.845815 0.801762
0 0.140969 0.792952 0.136564 0.797357 0.136564 0.810573 0.140969 0.814978 0.154185 0.814978 0.158590 0.819383 0.162996 0.819383 0.167401 0.823789 0.167401 0.828194 0.171806 0.832599 0.171806 0.854626 0.176211 0.859031 0.189427 0.845815 0.185022 0.841410 0.185022 0.823789 0.180617 0.819383 0.176211 0.819383 0.171806 0.823789 0.167401 0.819383 0.162996 0.819383 0.158590 0.814978 0.158590 0.801762 0.154185 0.797357 0.145374 0.797357
0 0.814978 0.788546 0.810573 0.784141 0.810573 0.779736 0.806167 0.775330 0.788546 0.775330 0.784141 0.779736 0.779736 0.779736 0.775330 0.784141 0.770925 0.784141 0.766520 0.788546 0.766520 0.792952 0.775330 0.801762 0.784141 0.801762 0.788546 0.797357 0.792952 0.797357 0.797357 0.792952 0.801762 0.792952 0.806167 0.797357
0 0.691630 0.770925 0.687225 0.766520 0.682819 0.766520 0.678414 0.770925 0.674009 0.770925 0.656388 0.788546 0.656388 0.792952 0.660793 0.797357 0.669604 0.797357 0.674009 0.792952 0.678414 0.792952 0.687225 0.784141 0.687225 0.775330
0 0.193833 0.704846 0.185022 0.713656 0.180617 0.713656 0.176211 0.718062 0.176211 0.731278 0.180617 0.735683 0.189427 0.735683 0.198238 0.726872 0.198238 0.709251
0 0.000000 0.696035 0.000000 0.704846 0.004405 0.709251 0.008811 0.709251 0.013216 0.713656 0.017621 0.713656 0.022026 0.718062 0.022026 0.731278 0.026432 0.735683 0.030837 0.735683 0.039648 0.726872 0.035242 0.722467 0.035242 0.713656 0.030837 0.709251 0.030837 0.704846 0.026432 0.700441 0.013216 0.700441 0.008811 0.696035
0 0.171806 0.647577 0.167401 0.651982 0.167401 0.665198 0.171806 0.669604 0.176211 0.669604 0.180617 0.674009 0.189427 0.674009 0.193833 0.669604 0.193833 0.656388 0.189427 0.651982 0.180617 0.651982 0.176211 0.647577
0 0.352423 0.621145 0.343612 0.629956 0.343612 0.638767 0.334802 0.647577 0.334802 0.669604 0.330396 0.674009 0.330396 0.687225 0.334802 0.691630 0.339207 0.691630 0.343612 0.687225 0.343612 0.682819 0.348018 0.678414 0.348018 0.656388 0.343612 0.651982 0.343612 0.638767 0.356828 0.625551
0 0.616740 0.643172 0.621145 0.647577 0.625551 0.643172 0.629956 0.643172 0.634361 0.638767 0.638767 0.638767 0.643172 0.634361 0.647577 0.634361 0.651982 0.629956 0.660793 0.629956 0.665198 0.634361 0.669604 0.634361 0.678414 0.643172 0.682819 0.643172 0.691630 0.634361 0.687225 0.629956 0.682819 0.629956 0.678414 0.625551 0.674009 0.625551 0.665198 0.616740 0.647577 0.616740 0.643172 0.621145 0.625551 0.621145 0.621145 0.625551 0.621145 0.629956 0.616740 0.634361
0 0.770925 0.607930 0.762115 0.616740 0.762115 0.621145 0.766520 0.625551 0.766520 0.647577 0.775330 0.656388 0.779736 0.656388 0.784141 0.651982 0.784141 0.638767 0.779736 0.634361 0.779736 0.625551 0.784141 0.621145 0.784141 0.616740 0.779736 0.612335 0.775330 0.612335
0 0.083700 0.581498 0.079295 0.581498 0.074890 0.577093 0.070485 0.581498 0.070485 0.590308 0.066079 0.594714 0.066079 0.603524 0.057269 0.612335 0.057269 0.616740 0.048458 0.625551 0.052863 0.629956 0.066079 0.629956 0.070485 0.625551 0.070485 0.621145 0.083700 0.607930 0.083700 0.599119 0.088106 0.594714 0.088106 0.585903
0 0.528634 0.563877 0.524229 0.563877 0.506608 0.581498 0.502203 0.581498 0.497797 0.585903 0.497797 0.590308 0.506608 0.599119 0.515419 0.590308 0.515419 0.585903 0.519824 0.581498 0.524229 0.581498 0.533040 0.572687 0.533040 0.568282
0 0.273128 0.568282 0.268722 0.563877 0.264317 0.563877 0.259912 0.568282 0.259912 0.572687 0.255507 0.577093 0.251101 0.577093 0.242291 0.585903 0.237885 0.585903 0.229075 0.594714 0.229075 0.599119 0.233480 0.603524 0.237885 0.603524 0.242291 0.599119 0.246696 0.599119 0.259912 0.585903 0.264317 0.585903 0.273128 0.577093
0 0.154185 0.550661 0.154185 0.555066 0.158590 0.559471 0.158590 0.563877 0.162996 0.568282 0.171806 0.568282 0.176211 0.572687 0.185022 0.563877 0.189427 0.563877 0.193833 0.559471 0.198238 0.563877 0.207048 0.555066 0.207048 0.550661 0.202643 0.546256 0.193833 0.555066 0.189427 0.555066 0.185022 0.559471 0.180617 0.555066 0.176211 0.555066 0.167401 0.546256 0.158590 0.546256
0 0.612335 0.431718 0.603524 0.440529 0.603524 0.449339 0.625551 0.471366 0.629956 0.471366 0.634361 0.475771 0.643172 0.475771 0.647577 0.480176 0.651982 0.475771 0.629956 0.453745 0.629956 0.444934 0.616740 0.431718
0 0.092511 0.396476 0.088106 0.392070 0.074890 0.392070 0.070485 0.396476 0.048458 0.396476 0.044053 0.400881 0.035242 0.400881 0.030837 0.396476 0.022026 0.405286 0.022026 0.409692 0.017621 0.414097 0.017621 0.418502 0.022026 0.422908 0.026432 0.422908 0.035242 0.414097 0.039648 0.414097 0.044053 0.409692 0.052863 0.409692 0.057269 0.414097 0.074890 0.414097 0.079295 0.409692 0.083700 0.409692 0.092511 0.400881
0 0.431718 0.321586 0.422908 0.312775 0.418502 0.312775 0.414097 0.317181 0.405286 0.317181 0.400881 0.321586 0.400881 0.325991 0.396476 0.330396 0.405286 0.339207 0.409692 0.339207 0.414097 0.334802 0.422908 0.334802 0.431718 0.325991
0 0.127753 0.325991 0.136564 0.334802 0.162996 0.334802 0.167401 0.330396 0.180617 0.330396 0.185022 0.325991 0.193833 0.325991 0.202643 0.317181 0.198238 0.312775 0.158590 0.312775 0.154185 0.317181 0.145374 0.317181 0.140969 0.312775 0.136564 0.317181 0.132159 0.317181 0.127753 0.321586
0 0.378855 0.299559 0.374449 0.295154 0.356828 0.295154 0.352423 0.299559 0.343612 0.299559 0.339207 0.303965 0.334802 0.303965 0.330396 0.308370 0.325991 0.308370 0.321586 0.312775 0.317181 0.308370 0.312775 0.308370 0.308370 0.303965 0.303965 0.303965 0.299559 0.308370 0.295154 0.308370 0.290749 0.312775 0.295154 0.317181 0.321586 0.317181 0.325991 0.321586 0.330396 0.321586 0.334802 0.325991 0.339207 0.325991 0.343612 0.321586 0.348018 0.321586 0.352423 0.317181 0.374449 0.317181 0.378855 0.312775
0 0.000000 0.268722 0.000000 0.281938 0.004405 0.281938 0.008811 0.286344 0.013216 0.286344 0.022026 0.295154 0.022026 0.303965 0.026432 0.308370 0.030837 0.303965 0.035242 0.303965 0.039648 0.299559 0.039648 0.290749 0.035242 0.286344 0.030837 0.286344 0.026432 0.281938 0.022026 0.281938 0.017621 0.277533 0.013216 0.277533 0.004405 0.268722
0 0.801762 0.246696 0.792952 0.246696 0.784141 0.255507 0.784141 0.268722 0.792952 0.277533 0.806167 0.264317 0.806167 0.251101
0 0.995595 0.295154 0.960352 0.268722 0.929515 0.268722 0.929515 0.246696 0.916300 0.237885 0.916300 0.277533 0.889868 0.281938 0.863436 0.264317 0.779736 0.303965 0.744493 0.348018 0.713656 0.356828 0.656388 0.348018 0.607930 0.365639 0.590308 0.343612 0.563877 0.361233 0.555066 0.356828 0.550661 0.330396 0.537445 0.339207 0.546256 0.356828 0.475771 0.383260 0.449339 0.361233 0.444934 0.365639 0.462555 0.387665 0.440529 0.405286 0.418502 0.409692 0.396476 0.427313 0.317181 0.440529 0.295154 0.453745 0.237885 0.458150 0.215859 0.471366 0.145374 0.458150 0.096916 0.480176 0.070485 0.444934 0.048458 0.449339 0.022026 0.440529 0.000000 0.453745 0.000000 0.480176 0.017621 0.480176 0.035242 0.506608 0.000000 0.528634 0.013216 0.537445 0.105727 0.533040 0.123348 0.524229 0.167401 0.528634 0.246696 0.502203 0.268722 0.484582 0.352423 0.466960 0.444934 0.466960 0.462555 0.458150 0.431718 0.458150 0.418502 0.440529 0.466960 0.422908 0.488987 0.400881 0.568282 0.400881 0.607930 0.418502 0.629956 0.396476 0.665198 0.383260 0.726872 0.392070 0.744493 0.378855 0.792952 0.378855 0.881057 0.325991 0.947137 0.330396 0.955947 0.325991 0.947137 0.321586 0.947137 0.308370 0.969163 0.295154 0.991189 0.303965 0.991189 0.312775 0.969163 0.325991 0.995595 0.343612
0 0.960352 0.185022 0.947137 0.198238 0.947137 0.207048 0.942731 0.211454 0.942731 0.224670 0.951542 0.233480 0.955947 0.229075 0.960352 0.229075 0.964758 0.224670 0.964758 0.215859 0.969163 0.211454 0.969163 0.193833
0 0.409692 0.154185 0.400881 0.162996 0.400881 0.167401 0.409692 0.176211 0.422908 0.176211 0.431718 0.167401 0.427313 0.162996 0.427313 0.158590 0.422908 0.154185
0 0.616740 0.149780 0.616740 0.154185 0.629956 0.167401 0.634361 0.167401 0.638767 0.162996 0.638767 0.158590 0.643172 0.154185 0.647577 0.154185 0.651982 0.149780 0.656388 0.154185 0.660793 0.154185 0.665198 0.158590 0.669604 0.154185 0.669604 0.149780 0.665198 0.145374 0.660793 0.145374 0.656388 0.149780 0.647577 0.149780 0.643172 0.145374 0.638767 0.145374 0.634361 0.140969 0.625551 0.140969
0 0.295154 0.118943 0.290749 0.123348 0.290749 0.127753 0.295154 0.132159 0.295154 0.145374 0.290749 0.149780 0.286344 0.149780 0.281938 0.154185 0.277533 0.149780 0.273128 0.154185 0.268722 0.149780 0.264317 0.154185 0.277533 0.167401 0.281938 0.167401 0.290749 0.158590 0.295154 0.158590 0.299559 0.154185 0.303965 0.154185 0.308370 0.149780 0.312775 0.154185 0.317181 0.149780 0.317181 0.145374 0.312775 0.140969 0.308370 0.140969 0.303965 0.136564 0.303965 0.132159 0.299559 0.127753 0.299559 0.123348
0 0.674009 0.110132 0.674009 0.114537 0.682819 0.123348 0.691630 0.123348 0.696035 0.127753 0.700441 0.127753 0.704846 0.132159 0.704846 0.154185 0.709251 0.158590 0.713656 0.154185 0.718062 0.154185 0.722467 0.158590 0.726872 0.158590 0.731278 0.162996 0.735683 0.158590 0.740088 0.162996 0.744493 0.158590 0.753304 0.158590 0.762115 0.149780 0.762115 0.145374 0.766520 0.140969 0.762115 0.136564 0.757709 0.136564 0.744493 0.149780 0.740088 0.149780 0.735683 0.154185 0.731278 0.149780 0.726872 0.149780 0.722467 0.145374 0.722467 0.140969 0.718062 0.136564 0.713656 0.136564 0.709251 0.132159 0.704846 0.132159 0.700441 0.127753 0.700441 0.118943 0.704846 0.114537 0.704846 0.105727 0.700441 0.101322 0.687225 0.101322 0.682819 0.105727 0.678414 0.105727
0 0.000000 0.088106 0.000000 0.110132 0.008811 0.110132 0.013216 0.114537 0.026432 0.118943 0.035242 0.132159 0.035242 0.140969 0.048458 0.154185 0.048458 0.158590 0.057269 0.167401 0.061674 0.167401 0.074890 0.180617 0.079295 0.180617 0.083700 0.185022 0.118943 0.185022 0.123348 0.180617 0.136564 0.176211 0.140969 0.180617 0.145374 0.180617 0.149780 0.185022 0.149780 0.189427 0.171806 0.211454 0.176211 0.211454 0.180617 0.215859 0.193833 0.215859 0.198238 0.220264 0.202643 0.220264 0.207048 0.224670 0.207048 0.233480 0.211454 0.237885 0.211454 0.242291 0.233480 0.264317 0.246696 0.268722 0.259912 0.281938 0.264317 0.277533 0.277533 0.277533 0.281938 0.273128 0.281938 0.259912 0.268722 0.246696 0.268722 0.242291 0.259912 0.233480 0.255507 0.233480 0.251101 0.229075 0.242291 0.229075 0.229075 0.220264 0.224670 0.224670 0.215859 0.224670 0.211454 0.220264 0.207048 0.220264 0.202643 0.215859 0.202643 0.207048 0.189427 0.193833 0.176211 0.189427 0.149780 0.162996 0.145374 0.162996 0.140969 0.167401 0.127753 0.167401 0.123348 0.162996 0.118943 0.162996 0.114537 0.158590 0.110132 0.158590 0.105727 0.154185 0.092511 0.149780 0.079295 0.136564 0.066079 0.132159 0.057269 0.123348 0.052863 0.110132 0.039648 0.096916 0.035242 0.096916 0.030837 0.092511 0.022026 0.092511 0.017621 0.088106
0 0.594714 0.074890 0.594714 0.079295 0.599119 0.083700 0.621145 0.083700 0.625551 0.088106 0.629956 0.088106 0.634361 0.092511 0.643172 0.083700 0.643172 0.079295 0.638767 0.074890 0.634361 0.079295 0.629956 0.074890 0.621145 0.074890 0.616740 0.070485 0.612335 0.070485 0.607930 0.066079 0.603524 0.066079
0 0.506608 0.061674 0.502203 0.066079 0.502203 0.070485 0.497797 0.074890 0.497797 0.096916 0.502203 0.101322 0.502203 0.118943 0.493392 0.127753 0.493392 0.132159 0.488987 0.136564 0.488987 0.140969 0.480176 0.149780 0.475771 0.149780 0.466960 0.158590 0.466960 0.162996 0.471366 0.167401 0.480176 0.167401 0.488987 0.158590 0.493392 0.158590 0.497797 0.154185 0.506608 0.154185 0.511013 0.149780 0.511013 0.145374 0.515419 0.140969 0.515419 0.132159 0.511013 0.127753 0.511013 0.110132 0.515419 0.105727 0.515419 0.074890 0.511013 0.070485 0.511013 0.066079
0 0.400881 0.066079 0.396476 0.061674 0.396476 0.057269 0.392070 0.052863 0.378855 0.066079 0.374449 0.066079 0.370044 0.070485 0.365639 0.066079 0.361233 0.066079 0.356828 0.061674 0.352423 0.061674 0.348018 0.066079 0.348018 0.074890 0.352423 0.079295 0.361233 0.079295 0.370044 0.070485 0.374449 0.070485 0.378855 0.066079 0.383260 0.070485 0.387665 0.070485 0.392070 0.074890
0 0.969163 0.052863 0.969163 0.048458 0.964758 0.044053 0.964758 0.039648 0.960352 0.035242 0.951542 0.044053 0.951542 0.057269 0.947137 0.061674 0.942731 0.061674 0.938326 0.066079 0.933921 0.061674 0.925110 0.061674 0.920705 0.057269 0.916300 0.057269 0.907489 0.048458 0.898678 0.048458 0.894273 0.044053 0.889868 0.048458 0.903084 0.061674 0.903084 0.066079 0.911894 0.074890 0.925110 0.074890 0.929515 0.070485 0.933921 0.070485 0.942731 0.061674 0.947137 0.061674 0.951542 0.057269 0.955947 0.061674 0.960352 0.061674
0 0.519824 0.000000 0.511013 0.000000 0.511013 0.013216 0.502203 0.022026 0.502203 0.026432 0.497797 0.030837 0.497797 0.035242 0.502203 0.039648 0.511013 0.039648 0.515419 0.035242 0.515419 0.030837 0.519824 0.026432
0 0.405286 0.000000 0.383260 0.000000 0.383260 0.026432 0.387665 0.030837 0.400881 0.017621 0.400881 0.013216 0.405286 0.008811
