0 0.748899 0.938326 0.744493 0.942731 0.740088 0.942731 0.731278 0.951542 0.731278 0.955947 0.735683 0.960352 0.735683 0.964758 0.740088 0.969163 0.740088 0.973568 0.744493 0.977974 0.744493 0.995595 0.762115 0.995595 0.762115 0.960352 0.757709 0.955947 0.757709 0.947137
0 0.268722 0.929515 0.255507 0.942731 0.255507 0.951542 0.251101 0.955947 0.251101 0.964758 0.255507 0.969163 0.259912 0.964758 0.264317 0.964758 0.273128 0.955947 0.273128 0.947137 0.277533 0.942731 0.277533 0.938326
0 0.202643 0.929515 0.198238 0.925110 0.193833 0.929515 0.189427 0.925110 0.180617 0.933921 0.180617 0.942731 0.176211 0.947137 0.176211 0.951542 0.158590 0.969163 0.154185 0.969163 0.149780 0.973568 0.145374 0.973568 0.140969 0.977974 0.145374 0.982379 0.149780 0.982379 0.154185 0.977974 0.158590 0.977974 0.162996 0.973568 0.167401 0.977974 0.171806 0.977974 0.176211 0.982379 0.180617 0.982379 0.189427 0.973568 0.189427 0.964758 0.198238 0.955947 0.198238 0.947137 0.202643 0.942731
0 0.572687 0.920705 0.577093 0.925110 0.581498 0.925110 0.585903 0.929515 0.599119 0.929515 0.603524 0.933921 0.607930 0.933921 0.612335 0.938326 0.616740 0.938326 0.625551 0.947137 0.625551 0.951542 0.629956 0.955947 0.634361 0.955947 0.638767 0.960352 0.643172 0.955947 0.643172 0.947137 0.638767 0.942731 0.634361 0.942731 0.625551 0.933921 0.625551 0.925110 0.621145 0.920705 0.621145 0.916300 0.616740 0.911894 0.616740 0.907489 0.612335 0.907489 0.607930 0.911894 0.581498 0.911894
0 0.911894 0.894273 0.907489 0.898678 0.903084 0.898678 0.898678 0.903084 0.898678 0.907489 0.911894 0.920705 0.916300 0.920705 0.920705 0.916300 0.925110 0.916300 0.933921 0.907489 0.929515 0.903084 0.925110 0.903084 0.920705 0.898678 0.916300 0.898678
0 0.396476 0.903084 0.387665 0.894273 0.378855 0.894273 0.374449 0.898678 0.361233 0.898678 0.356828 0.903084 0.352423 0.903084 0.352423 0.907489 0.356828 0.907489 0.361233 0.911894 0.365639 0.911894 0.374449 0.920705 0.378855 0.916300 0.383260 0.920705 0.396476 0.907489
0 0.453745 0.907489 0.458150 0.911894 0.462555 0.907489 0.466960 0.911894 0.475771 0.911894 0.480176 0.907489 0.484582 0.907489 0.488987 0.903084 0.497797 0.903084 0.502203 0.907489 0.506608 0.903084 0.519824 0.903084 0.524229 0.907489 0.528634 0.903084 0.524229 0.898678 0.519824 0.898678 0.515419 0.894273 0.511013 0.894273 0.506608 0.889868 0.502203 0.889868 0.497797 0.885463 0.493392 0.889868 0.480176 0.889868 0.475771 0.885463 0.471366 0.889868 0.462555 0.889868 0.458150 0.894273 0.458150 0.903084
0 0.872247 0.889868 0.863436 0.881057 0.845815 0.881057 0.841410 0.885463 0.837004 0.881057 0.832599 0.885463 0.828194 0.885463 0.823789 0.889868 0.819383 0.889868 0.810573 0.898678 0.810573 0.929515 0.814978 0.933921 0.819383 0.933921 0.823789 0.929515 0.823789 0.911894 0.832599 0.903084 0.837004 0.903084 0.841410 0.898678 0.845815 0.903084 0.867841 0.903084 0.872247 0.898678
0 0.762115 0.889868 0.753304 0.881057 0.744493 0.881057 0.740088 0.885463 0.735683 0.885463 0.731278 0.889868 0.722467 0.889868 0.718062 0.894273 0.713656 0.889868 0.709251 0.889868 0.704846 0.885463 0.700441 0.885463 0.691630 0.894273 0.696035 0.898678 0.713656 0.898678 0.718062 0.903084 0.722467 0.903084 0.726872 0.907489 0.735683 0.907489 0.740088 0.911894 0.748899 0.911894 0.753304 0.907489 0.753304 0.903084 0.757709 0.898678 0.757709 0.894273
0 0.964758 0.828194 0.960352 0.832599 0.960352 0.841410 0.947137 0.854626 0.942731 0.854626 0.938326 0.859031 0.947137 0.867841 0.951542 0.867841 0.955947 0.863436 0.960352 0.863436 0.969163 0.854626 0.969163 0.850220 0.973568 0.845815 0.969163 0.841410 0.969163 0.832599
0 0.907489 0.814978 0.903084 0.819383 0.898678 0.814978 0.889868 0.823789 0.889868 0.828194 0.885463 0.832599 0.885463 0.845815 0.876652 0.854626 0.876652 0.859031 0.885463 0.867841 0.889868 0.867841 0.894273 0.863436 0.894273 0.854626 0.898678 0.850220 0.898678 0.845815 0.903084 0.841410 0.907489 0.841410 0.916300 0.832599 0.916300 0.828194 0.911894 0.823789 0.911894 0.819383
0 0.220264 0.753304 0.215859 0.748899 0.211454 0.748899 0.207048 0.744493 0.167401 0.744493 0.145374 0.766520 0.140969 0.766520 0.136564 0.770925 0.132159 0.770925 0.127753 0.766520 0.123348 0.766520 0.118943 0.762115 0.114537 0.766520 0.110132 0.766520 0.105727 0.770925 0.101322 0.766520 0.096916 0.766520 0.092511 0.762115 0.088106 0.762115 0.083700 0.766520 0.079295 0.766520 0.074890 0.770925 0.074890 0.784141 0.079295 0.788546 0.083700 0.784141 0.088106 0.788546 0.092511 0.784141 0.092511 0.779736 0.096916 0.775330 0.101322 0.775330 0.105727 0.770925 0.110132 0.770925 0.114537 0.766520 0.118943 0.770925 0.123348 0.766520 0.127753 0.770925 0.132159 0.770925 0.136564 0.775330 0.136564 0.779736 0.140969 0.784141 0.149780 0.784141 0.167401 0.766520 0.171806 0.766520 0.176211 0.762115 0.211454 0.762115
0 0.502203 0.722467 0.502203 0.726872 0.511013 0.735683 0.515419 0.731278 0.541850 0.731278 0.546256 0.726872 0.550661 0.726872 0.555066 0.731278 0.559471 0.731278 0.563877 0.735683 0.563877 0.744493 0.568282 0.748899 0.568282 0.753304 0.572687 0.757709 0.590308 0.757709 0.599119 0.748899 0.590308 0.740088 0.590308 0.735683 0.585903 0.731278 0.572687 0.731278 0.568282 0.735683 0.563877 0.735683 0.559471 0.731278 0.555066 0.731278 0.550661 0.726872 0.550661 0.722467 0.546256 0.718062 0.541850 0.718062 0.537445 0.713656 0.524229 0.713656 0.519824 0.718062 0.506608 0.718062
0 0.140969 0.700441 0.136564 0.700441 0.127753 0.691630 0.118943 0.691630 0.114537 0.696035 0.110132 0.691630 0.101322 0.691630 0.096916 0.696035 0.088106 0.696035 0.079295 0.704846 0.074890 0.704846 0.066079 0.713656 0.066079 0.718062 0.070485 0.722467 0.079295 0.722467 0.083700 0.718062 0.092511 0.718062 0.096916 0.713656 0.101322 0.713656 0.105727 0.709251 0.127753 0.709251 0.136564 0.700441
0 0.995595 0.682819 0.964758 0.696035 0.947137 0.678414 0.920705 0.696035 0.929515 0.718062 0.872247 0.748899 0.845815 0.753304 0.819383 0.735683 0.784141 0.740088 0.766520 0.726872 0.748899 0.731278 0.735683 0.744493 0.744493 0.753304 0.770925 0.740088 0.784141 0.748899 0.766520 0.788546 0.775330 0.806167 0.731278 0.841410 0.709251 0.837004 0.682819 0.850220 0.651982 0.850220 0.555066 0.792952 0.497797 0.770925 0.462555 0.792952 0.418502 0.784141 0.414097 0.770925 0.440529 0.748899 0.431718 0.744493 0.409692 0.762115 0.396476 0.753304 0.400881 0.735683 0.480176 0.700441 0.453745 0.709251 0.431718 0.691630 0.414097 0.691630 0.365639 0.726872 0.343612 0.775330 0.352423 0.784141 0.348018 0.797357 0.334802 0.801762 0.299559 0.784141 0.303965 0.810573 0.273128 0.828194 0.246696 0.810573 0.220264 0.850220 0.185022 0.859031 0.162996 0.881057 0.088106 0.881057 0.048458 0.911894 0.013216 0.916300 0.000000 0.907489 0.000000 0.951542 0.013216 0.951542 0.026432 0.920705 0.088106 0.907489 0.101322 0.916300 0.096916 0.955947 0.105727 0.960352 0.123348 0.933921 0.118943 0.916300 0.202643 0.889868 0.229075 0.894273 0.273128 0.859031 0.299559 0.867841 0.370044 0.837004 0.436123 0.832599 0.466960 0.814978 0.488987 0.823789 0.506608 0.806167 0.599119 0.828194 0.647577 0.859031 0.704846 0.850220 0.722467 0.867841 0.779736 0.814978 0.797357 0.814978 0.814978 0.837004 0.828194 0.837004 0.854626 0.784141 0.889868 0.748899 0.951542 0.722467
0 0.281938 0.651982 0.277533 0.647577 0.273128 0.647577 0.268722 0.643172 0.264317 0.643172 0.259912 0.647577 0.255507 0.647577 0.246696 0.656388 0.242291 0.656388 0.237885 0.660793 0.233480 0.660793 0.229075 0.665198 0.220264 0.665198 0.215859 0.669604 0.215859 0.678414 0.220264 0.682819 0.233480 0.682819 0.255507 0.660793 0.259912 0.660793 0.264317 0.656388 0.268722 0.656388 0.273128 0.660793
0 0.524229 0.638767 0.528634 0.643172 0.550661 0.643172 0.555066 0.647577 0.563877 0.647577 0.568282 0.651982 0.572687 0.647577 0.572687 0.638767 0.568282 0.634361 0.563877 0.634361 0.555066 0.625551 0.533040 0.625551 0.528634 0.629956 0.528634 0.634361
0 0.387665 0.577093 0.383260 0.572687 0.370044 0.572687 0.365639 0.577093 0.361233 0.577093 0.356828 0.581498 0.348018 0.581498 0.343612 0.585903 0.334802 0.585903 0.330396 0.590308 0.334802 0.594714 0.343612 0.594714 0.348018 0.590308 0.365639 0.590308 0.370044 0.585903 0.374449 0.585903 0.378855 0.581498 0.383260 0.581498
0 0.229075 0.568282 0.211454 0.585903 0.211454 0.590308 0.207048 0.594714 0.211454 0.599119 0.224670 0.599119 0.233480 0.590308 0.233480 0.572687
0 0.180617 0.563877 0.171806 0.555066 0.167401 0.555066 0.162996 0.559471 0.154185 0.559471 0.149780 0.563877 0.145374 0.563877 0.136564 0.572687 0.132159 0.572687 0.127753 0.577093 0.114537 0.577093 0.110132 0.581498 0.101322 0.581498 0.096916 0.585903 0.092511 0.581498 0.083700 0.581498 0.079295 0.585903 0.088106 0.594714 0.110132 0.594714 0.114537 0.599119 0.118943 0.599119 0.123348 0.603524 0.132159 0.603524 0.140969 0.594714 0.140969 0.590308 0.145374 0.585903 0.149780 0.585903 0.154185 0.581498 0.167401 0.581498 0.171806 0.577093 0.176211 0.577093 0.180617 0.572687
0 0.000000 0.541850 0.000000 0.559471 0.004405 0.563877 0.008811 0.563877 0.026432 0.581498 0.026432 0.603524 0.022026 0.607930 0.026432 0.612335 0.030837 0.612335 0.035242 0.607930 0.035242 0.599119 0.039648 0.594714 0.039648 0.590308 0.035242 0.585903 0.035242 0.572687 0.030837 0.568282 0.030837 0.563877 0.026432 0.559471 0.026432 0.555066 0.022026 0.550661 0.022026 0.546256 0.017621 0.541850
0 0.762115 0.528634 0.748899 0.528634 0.744493 0.533040 0.744493 0.537445 0.740088 0.541850 0.744493 0.546256 0.744493 0.555066 0.740088 0.559471 0.744493 0.563877 0.753304 0.563877 0.757709 0.559471 0.757709 0.555066 0.762115 0.550661 0.762115 0.546256 0.766520 0.541850 0.766520 0.533040
0 0.665198 0.524229 0.656388 0.533040 0.656388 0.537445 0.651982 0.541850 0.651982 0.546256 0.647577 0.550661 0.643172 0.550661 0.638767 0.555066 0.638767 0.559471 0.634361 0.563877 0.643172 0.572687 0.651982 0.572687 0.665198 0.559471 0.665198 0.555066 0.674009 0.546256 0.674009 0.533040
0 0.581498 0.519824 0.577093 0.524229 0.572687 0.524229 0.568282 0.528634 0.568282 0.533040 0.559471 0.541850 0.559471 0.559471 0.563877 0.563877 0.568282 0.563877 0.577093 0.555066 0.577093 0.546256 0.581498 0.541850 0.581498 0.537445 0.590308 0.528634
0 0.431718 0.519824 0.422908 0.519824 0.418502 0.524229 0.418502 0.533040 0.422908 0.537445 0.422908 0.559471 0.427313 0.563877 0.431718 0.559471 0.431718 0.541850 0.436123 0.537445 0.436123 0.524229
0 0.057269 0.480176 0.052863 0.480176 0.048458 0.484582 0.044053 0.484582 0.017621 0.511013 0.017621 0.515419 0.022026 0.519824 0.026432 0.519824 0.030837 0.515419 0.035242 0.515419 0.039648 0.511013 0.044053 0.511013 0.052863 0.502203 0.052863 0.497797 0.057269 0.493392
0 0.414097 0.480176 0.422908 0.488987 0.444934 0.488987 0.449339 0.484582 0.449339 0.475771 0.444934 0.471366 0.422908 0.471366
0 0.753304 0.480176 0.762115 0.488987 0.775330 0.488987 0.779736 0.493392 0.788546 0.493392 0.792952 0.488987 0.792952 0.484582 0.788546 0.480176 0.784141 0.480176 0.775330 0.471366 0.770925 0.471366 0.766520 0.466960 0.762115 0.466960 0.762115 0.471366
0 0.590308 0.475771 0.590308 0.480176 0.599119 0.488987 0.607930 0.488987 0.612335 0.484582 0.616740 0.484582 0.621145 0.480176 0.621145 0.471366 0.616740 0.466960 0.599119 0.466960
0 0.383260 0.475771 0.374449 0.466960 0.370044 0.471366 0.365639 0.471366 0.356828 0.480176 0.356828 0.484582 0.352423 0.488987 0.352423 0.493392 0.348018 0.497797 0.343612 0.497797 0.339207 0.502203 0.334802 0.497797 0.330396 0.497797 0.325991 0.502203 0.330396 0.506608 0.334802 0.506608 0.339207 0.511013 0.343612 0.511013 0.352423 0.519824 0.361233 0.511013 0.361233 0.506608 0.378855 0.488987 0.378855 0.480176
0 0.563877 0.449339 0.559471 0.444934 0.528634 0.444934 0.524229 0.449339 0.506608 0.449339 0.502203 0.453745 0.502203 0.458150 0.506608 0.462555 0.506608 0.471366 0.497797 0.480176 0.493392 0.480176 0.475771 0.497797 0.488987 0.511013 0.493392 0.511013 0.497797 0.506608 0.502203 0.506608 0.515419 0.493392 0.515419 0.484582 0.511013 0.480176 0.511013 0.471366 0.515419 0.466960 0.519824 0.466960 0.524229 0.462555 0.541850 0.462555 0.546256 0.466960 0.555066 0.466960 0.563877 0.458150
0 0.167401 0.449339 0.162996 0.444934 0.158590 0.444934 0.140969 0.462555 0.136564 0.462555 0.132159 0.466960 0.127753 0.462555 0.123348 0.462555 0.114537 0.453745 0.110132 0.458150 0.105727 0.458150 0.096916 0.466960 0.096916 0.471366 0.105727 0.480176 0.110132 0.475771 0.114537 0.475771 0.118943 0.471366 0.123348 0.471366 0.127753 0.475771 0.136564 0.475771 0.140969 0.480176 0.154185 0.480176 0.167401 0.466960
0 0.299559 0.440529 0.295154 0.440529 0.290749 0.444934 0.295154 0.449339 0.295154 0.458150 0.290749 0.462555 0.286344 0.462555 0.281938 0.466960 0.277533 0.466960 0.273128 0.471366 0.268722 0.471366 0.264317 0.475771 0.264317 0.480176 0.268722 0.484582 0.290749 0.484582 0.299559 0.475771 0.299559 0.458150 0.303965 0.453745 0.303965 0.444934
0 0.762115 0.436123 0.757709 0.431718 0.748899 0.431718 0.744493 0.436123 0.740088 0.436123 0.735683 0.440529 0.718062 0.440529 0.713656 0.444934 0.704846 0.444934 0.700441 0.449339 0.696035 0.449339 0.687225 0.458150 0.696035 0.466960 0.709251 0.466960 0.722467 0.453745 0.726872 0.453745 0.731278 0.449339 0.748899 0.449339 0.753304 0.453745 0.757709 0.453745 0.762115 0.449339
0 0.193833 0.414097 0.189427 0.418502 0.189427 0.436123 0.198238 0.444934 0.202643 0.444934 0.207048 0.449339 0.207048 0.462555 0.202643 0.466960 0.202643 0.488987 0.198238 0.493392 0.193833 0.493392 0.189427 0.497797 0.185022 0.497797 0.180617 0.502203 0.180617 0.506608 0.185022 0.511013 0.202643 0.511013 0.211454 0.502203 0.211454 0.484582 0.215859 0.480176 0.215859 0.475771 0.220264 0.471366 0.220264 0.466960 0.215859 0.462555 0.211454 0.462555 0.207048 0.458150 0.207048 0.449339 0.211454 0.444934 0.211454 0.436123 0.215859 0.431718 0.211454 0.427313 0.211454 0.422908 0.207048 0.418502 0.198238 0.418502
0 0.017621 0.396476 0.022026 0.400881 0.022026 0.405286 0.026432 0.409692 0.030837 0.409692 0.039648 0.418502 0.039648 0.431718 0.044053 0.436123 0.048458 0.436123 0.066079 0.418502 0.070485 0.418502 0.074890 0.414097 0.079295 0.418502 0.083700 0.418502 0.088106 0.422908 0.096916 0.422908 0.101322 0.418502 0.105727 0.418502 0.110132 0.414097 0.110132 0.405286 0.105727 0.400881 0.092511 0.400881 0.088106 0.405286 0.083700 0.405286 0.079295 0.409692 0.074890 0.409692 0.070485 0.414097 0.066079 0.414097 0.061674 0.409692 0.048458 0.409692 0.044053 0.405286 0.039648 0.405286 0.035242 0.400881 0.035242 0.392070 0.030837 0.387665 0.026432 0.392070 0.022026 0.392070
0 0.317181 0.387665 0.312775 0.383260 0.312775 0.378855 0.308370 0.374449 0.308370 0.370044 0.303965 0.365639 0.290749 0.378855 0.290749 0.383260 0.286344 0.387665 0.281938 0.387665 0.277533 0.392070 0.273128 0.387665 0.268722 0.387665 0.264317 0.383260 0.255507 0.383260 0.251101 0.387665 0.251101 0.396476 0.255507 0.400881 0.264317 0.400881 0.268722 0.396476 0.273128 0.396476 0.277533 0.392070 0.281938 0.392070 0.286344 0.396476 0.290749 0.396476 0.295154 0.400881 0.303965 0.400881
0 0.339207 0.370044 0.343612 0.374449 0.352423 0.365639 0.356828 0.365639 0.361233 0.361233 0.365639 0.365639 0.370044 0.365639 0.378855 0.374449 0.396476 0.374449 0.400881 0.370044 0.405286 0.370044 0.409692 0.365639 0.414097 0.370044 0.418502 0.370044 0.431718 0.383260 0.436123 0.383260 0.440529 0.378855 0.440529 0.374449 0.444934 0.370044 0.444934 0.365639 0.440529 0.361233 0.440529 0.352423 0.436123 0.348018 0.427313 0.356828 0.427313 0.361233 0.422908 0.365639 0.418502 0.365639 0.414097 0.370044 0.409692 0.365639 0.405286 0.365639 0.392070 0.352423 0.387665 0.352423 0.383260 0.348018 0.378855 0.348018 0.374449 0.343612 0.370044 0.343612 0.365639 0.339207 0.361233 0.339207 0.352423 0.348018 0.352423 0.361233 0.348018 0.365639 0.343612 0.365639
0 0.942731 0.343612 0.933921 0.334802 0.929515 0.334802 0.920705 0.343612 0.920705 0.348018 0.907489 0.361233 0.903084 0.361233 0.898678 0.365639 0.894273 0.365639 0.889868 0.370044 0.885463 0.365639 0.876652 0.365639 0.872247 0.370044 0.872247 0.378855 0.876652 0.383260 0.885463 0.383260 0.889868 0.387665 0.894273 0.387665 0.903084 0.378855 0.903084 0.374449 0.911894 0.365639 0.916300 0.365639 0.920705 0.361233 0.925110 0.365639 0.929515 0.361233 0.933921 0.361233 0.938326 0.356828 0.938326 0.352423 0.942731 0.348018
0 0.823789 0.325991 0.819383 0.330396 0.814978 0.330396 0.814978 0.348018 0.819383 0.352423 0.819383 0.361233 0.814978 0.365639 0.810573 0.365639 0.801762 0.374449 0.801762 0.383260 0.797357 0.387665 0.806167 0.396476 0.810573 0.396476 0.819383 0.387665 0.819383 0.383260 0.823789 0.378855 0.823789 0.365639 0.828194 0.361233 0.832599 0.361233 0.837004 0.356828 0.837004 0.334802 0.832599 0.330396 0.828194 0.330396
0 0.251101 0.317181 0.246696 0.312775 0.229075 0.312775 0.224670 0.317181 0.220264 0.317181 0.215859 0.321586 0.215859 0.325991 0.224670 0.334802 0.233480 0.334802 0.237885 0.330396 0.242291 0.330396 0.246696 0.325991 0.246696 0.321586
0 0.867841 0.312775 0.867841 0.321586 0.876652 0.330396 0.881057 0.330396 0.885463 0.325991 0.889868 0.325991 0.894273 0.321586 0.903084 0.321586 0.907489 0.317181 0.903084 0.312775 0.889868 0.312775 0.885463 0.308370 0.872247 0.308370
0 0.797357 0.321586 0.792952 0.317181 0.788546 0.317181 0.784141 0.312775 0.779736 0.312775 0.770925 0.303965 0.766520 0.303965 0.762115 0.308370 0.753304 0.308370 0.740088 0.321586 0.740088 0.348018 0.735683 0.352423 0.735683 0.361233 0.726872 0.370044 0.722467 0.370044 0.718062 0.374449 0.713656 0.374449 0.709251 0.378855 0.704846 0.374449 0.700441 0.374449 0.696035 0.370044 0.691630 0.370044 0.674009 0.352423 0.669604 0.352423 0.665198 0.356828 0.660793 0.356828 0.660793 0.361233 0.665198 0.365639 0.665198 0.370044 0.669604 0.374449 0.669604 0.383260 0.674009 0.383260 0.678414 0.378855 0.687225 0.378855 0.691630 0.374449 0.696035 0.378855 0.700441 0.374449 0.704846 0.374449 0.709251 0.378855 0.713656 0.378855 0.740088 0.405286 0.744493 0.400881 0.748899 0.400881 0.766520 0.383260 0.766520 0.352423 0.792952 0.325991 0.797357 0.325991
0 0.643172 0.321586 0.638767 0.317181 0.634361 0.317181 0.625551 0.308370 0.621145 0.308370 0.616740 0.303965 0.607930 0.303965 0.603524 0.299559 0.594714 0.308370 0.594714 0.325991 0.585903 0.334802 0.581498 0.334802 0.572687 0.343612 0.572687 0.356828 0.568282 0.361233 0.568282 0.370044 0.559471 0.378855 0.559471 0.383260 0.555066 0.387665 0.555066 0.392070 0.559471 0.396476 0.563877 0.396476 0.572687 0.387665 0.572687 0.383260 0.585903 0.370044 0.585903 0.356828 0.590308 0.352423 0.590308 0.334802 0.594714 0.330396 0.599119 0.330396 0.603524 0.325991 0.616740 0.325991 0.621145 0.330396 0.625551 0.330396 0.629956 0.334802 0.629956 0.361233 0.625551 0.365639 0.629956 0.370044 0.634361 0.365639 0.634361 0.361233 0.638767 0.356828 0.643172 0.356828 0.643172 0.343612 0.638767 0.339207 0.638767 0.330396 0.643172 0.325991
0 0.493392 0.299559 0.488987 0.303965 0.484582 0.303965 0.480176 0.308370 0.475771 0.308370 0.471366 0.303965 0.466960 0.303965 0.462555 0.308370 0.462555 0.312775 0.458150 0.317181 0.462555 0.321586 0.466960 0.321586 0.471366 0.317181 0.475771 0.321586 0.480176 0.321586 0.484582 0.325991 0.484582 0.365639 0.475771 0.374449 0.471366 0.374449 0.466960 0.378855 0.466960 0.383260 0.480176 0.396476 0.480176 0.400881 0.484582 0.405286 0.488987 0.400881 0.488987 0.374449 0.502203 0.361233 0.502203 0.356828 0.506608 0.352423 0.506608 0.339207 0.502203 0.339207 0.497797 0.334802 0.497797 0.321586 0.502203 0.317181 0.502203 0.308370
0 0.149780 0.281938 0.136564 0.295154 0.136564 0.299559 0.140969 0.303965 0.145374 0.303965 0.154185 0.312775 0.154185 0.325991 0.149780 0.330396 0.149780 0.334802 0.154185 0.339207 0.154185 0.348018 0.145374 0.356828 0.140969 0.356828 0.136564 0.361233 0.127753 0.361233 0.123348 0.365639 0.118943 0.365639 0.114537 0.370044 0.114537 0.374449 0.123348 0.383260 0.127753 0.378855 0.136564 0.378855 0.140969 0.374449 0.145374 0.374449 0.149780 0.370044 0.149780 0.352423 0.154185 0.348018 0.158590 0.348018 0.162996 0.343612 0.167401 0.343612 0.171806 0.339207 0.171806 0.303965
0 0.515419 0.255507 0.515419 0.268722 0.519824 0.273128 0.537445 0.273128 0.541850 0.268722 0.546256 0.273128 0.550661 0.268722 0.559471 0.268722 0.563877 0.264317 0.559471 0.259912 0.555066 0.259912 0.550661 0.255507 0.537445 0.255507 0.533040 0.251101 0.519824 0.251101
0 0.925110 0.242291 0.920705 0.237885 0.920705 0.233480 0.916300 0.229075 0.911894 0.233480 0.907489 0.233480 0.903084 0.237885 0.894273 0.237885 0.885463 0.246696 0.885463 0.251101 0.876652 0.259912 0.872247 0.259912 0.859031 0.273128 0.854626 0.273128 0.850220 0.277533 0.845815 0.273128 0.841410 0.273128 0.832599 0.264317 0.828194 0.264317 0.823789 0.268722 0.823789 0.273128 0.819383 0.277533 0.819383 0.286344 0.823789 0.290749 0.832599 0.290749 0.845815 0.277533 0.850220 0.277533 0.854626 0.273128 0.859031 0.273128 0.863436 0.277533 0.867841 0.273128 0.876652 0.273128 0.881057 0.268722 0.885463 0.268722 0.889868 0.264317 0.894273 0.264317 0.898678 0.259912 0.903084 0.259912 0.907489 0.255507 0.911894 0.255507
0 0.634361 0.229075 0.629956 0.233480 0.629956 0.259912 0.634361 0.264317 0.643172 0.264317 0.647577 0.259912 0.651982 0.259912 0.647577 0.255507 0.647577 0.233480 0.643172 0.229075
0 0.951542 0.237885 0.951542 0.242291 0.955947 0.246696 0.960352 0.246696 0.964758 0.242291 0.969163 0.242291 0.973568 0.237885 0.982379 0.237885 0.986784 0.242291 0.995595 0.242291 0.995595 0.229075 0.986784 0.229075 0.982379 0.224670 0.964758 0.224670
0 0.255507 0.215859 0.251101 0.220264 0.251101 0.229075 0.264317 0.242291 0.268722 0.242291 0.273128 0.246696 0.277533 0.246696 0.281938 0.251101 0.286344 0.251101 0.290749 0.246696 0.290749 0.242291 0.286344 0.237885 0.286344 0.224670 0.281938 0.220264 0.268722 0.220264 0.264317 0.215859
0 0.801762 0.207048 0.792952 0.198238 0.788546 0.198238 0.784141 0.202643 0.779736 0.202643 0.766520 0.215859 0.762115 0.215859 0.753304 0.224670 0.757709 0.229075 0.784141 0.229075 0.797357 0.215859 0.797357 0.211454
0 0.334802 0.273128 0.339207 0.277533 0.339207 0.281938 0.343612 0.286344 0.356828 0.286344 0.361233 0.281938 0.365639 0.281938 0.370044 0.277533 0.374449 0.277533 0.378855 0.281938 0.383260 0.281938 0.400881 0.299559 0.405286 0.295154 0.409692 0.295154 0.418502 0.286344 0.422908 0.286344 0.427313 0.281938 0.431718 0.281938 0.436123 0.277533 0.440529 0.277533 0.444934 0.273128 0.449339 0.273128 0.466960 0.255507 0.471366 0.255507 0.480176 0.246696 0.480176 0.220264 0.475771 0.215859 0.471366 0.220264 0.471366 0.224670 0.462555 0.233480 0.458150 0.233480 0.453745 0.237885 0.453745 0.251101 0.449339 0.255507 0.444934 0.255507 0.431718 0.268722 0.427313 0.268722 0.422908 0.273128 0.418502 0.273128 0.414097 0.277533 0.400881 0.277533 0.396476 0.273128 0.383260 0.273128 0.378855 0.277533 0.374449 0.273128 0.370044 0.273128 0.365639 0.268722 0.361233 0.268722 0.348018 0.255507 0.348018 0.242291 0.352423 0.237885 0.352423 0.229075 0.356828 0.224670 0.361233 0.224670 0.365639 0.220264 0.370044 0.220264 0.378855 0.211454 0.378855 0.202643 0.374449 0.198238 0.365639 0.207048 0.361233 0.207048 0.334802 0.233480
0 0.000000 0.202643 0.000000 0.224670 0.004405 0.224670 0.008811 0.220264 0.013216 0.220264 0.017621 0.215859 0.022026 0.215859 0.026432 0.211454 0.030837 0.211454 0.035242 0.207048 0.039648 0.207048 0.044053 0.211454 0.048458 0.211454 0.052863 0.215859 0.057269 0.215859 0.061674 0.220264 0.061674 0.224670 0.066079 0.229075 0.070485 0.229075 0.074890 0.233480 0.074890 0.246696 0.083700 0.255507 0.092511 0.255507 0.096916 0.251101 0.096916 0.237885 0.088106 0.229075 0.083700 0.229075 0.074890 0.220264 0.070485 0.224670 0.066079 0.220264 0.061674 0.220264 0.057269 0.215859 0.057269 0.202643 0.052863 0.198238 0.048458 0.198238 0.044053 0.202643 0.035242 0.202643 0.030837 0.198238 0.026432 0.198238 0.022026 0.193833 0.013216 0.193833 0.008811 0.198238 0.004405 0.198238
0 0.295154 0.185022 0.312775 0.202643 0.317181 0.202643 0.321586 0.198238 0.325991 0.198238 0.334802 0.189427 0.325991 0.180617 0.299559 0.180617
0 0.845815 0.162996 0.841410 0.162996 0.837004 0.167401 0.828194 0.167401 0.823789 0.171806 0.823789 0.176211 0.837004 0.189427 0.841410 0.189427 0.845815 0.185022 0.850220 0.185022 0.859031 0.176211
0 0.669604 0.162996 0.660793 0.171806 0.660793 0.176211 0.656388 0.180617 0.656388 0.185022 0.643172 0.198238 0.647577 0.202643 0.660793 0.202643 0.665198 0.207048 0.669604 0.207048 0.674009 0.211454 0.674009 0.215859 0.678414 0.220264 0.678414 0.224670 0.682819 0.229075 0.682819 0.237885 0.674009 0.246696 0.674009 0.255507 0.669604 0.259912 0.665198 0.259912 0.669604 0.259912 0.674009 0.264317 0.678414 0.264317 0.691630 0.251101 0.691630 0.246696 0.687225 0.242291 0.687225 0.233480 0.696035 0.224670 0.696035 0.215859 0.691630 0.211454 0.687225 0.211454 0.682819 0.207048 0.678414 0.207048 0.674009 0.202643 0.674009 0.185022 0.678414 0.180617 0.682819 0.180617 0.678414 0.176211 0.678414 0.167401 0.674009 0.162996
0 0.528634 0.123348 0.524229 0.118943 0.497797 0.118943 0.493392 0.123348 0.488987 0.123348 0.475771 0.136564 0.471366 0.136564 0.466960 0.140969 0.462555 0.140969 0.458150 0.145374 0.453745 0.145374 0.449339 0.149780 0.431718 0.149780 0.427313 0.154185 0.427313 0.162996 0.422908 0.167401 0.418502 0.167401 0.414097 0.171806 0.409692 0.167401 0.400881 0.176211 0.400881 0.185022 0.405286 0.189427 0.409692 0.189427 0.418502 0.180617 0.418502 0.171806 0.422908 0.167401 0.427313 0.167401 0.431718 0.162996 0.436123 0.167401 0.449339 0.167401 0.453745 0.162996 0.462555 0.162996 0.466960 0.158590 0.475771 0.158590 0.480176 0.154185 0.484582 0.154185 0.502203 0.136564 0.506608 0.136564 0.511013 0.132159 0.515419 0.132159 0.519824 0.127753 0.524229 0.127753
0 0.845815 0.114537 0.845815 0.118943 0.841410 0.123348 0.841410 0.127753 0.845815 0.132159 0.850220 0.132159 0.854626 0.127753 0.859031 0.127753 0.863436 0.123348 0.872247 0.123348 0.876652 0.127753 0.881057 0.127753 0.889868 0.136564 0.898678 0.136564 0.903084 0.140969 0.907489 0.140969 0.911894 0.145374 0.916300 0.145374 0.920705 0.149780 0.920705 0.158590 0.911894 0.167401 0.911894 0.171806 0.907489 0.176211 0.916300 0.185022 0.920705 0.180617 0.925110 0.180617 0.929515 0.176211 0.929515 0.158590 0.920705 0.149780 0.920705 0.140969 0.907489 0.127753 0.907489 0.118943 0.903084 0.114537 0.898678 0.114537 0.894273 0.110132 0.889868 0.114537 0.867841 0.114537 0.863436 0.110132 0.850220 0.110132
0 0.603524 0.088106 0.599119 0.088106 0.590308 0.096916 0.590308 0.110132 0.585903 0.114537 0.581498 0.114537 0.577093 0.118943 0.572687 0.118943 0.568282 0.114537 0.559471 0.114537 0.555066 0.118943 0.555066 0.123348 0.559471 0.127753 0.559471 0.145374 0.555066 0.149780 0.550661 0.149780 0.546256 0.154185 0.541850 0.149780 0.533040 0.149780 0.519824 0.162996 0.519824 0.167401 0.515419 0.171806 0.515419 0.198238 0.533040 0.215859 0.550661 0.215859 0.559471 0.207048 0.559471 0.189427 0.563877 0.185022 0.563877 0.171806 0.559471 0.167401 0.559471 0.158590 0.568282 0.149780 0.572687 0.149780 0.577093 0.145374 0.577093 0.118943 0.581498 0.114537 0.585903 0.114537 0.590308 0.110132 0.594714 0.114537 0.599119 0.114537 0.607930 0.105727 0.607930 0.092511
0 0.325991 0.079295 0.321586 0.079295 0.317181 0.083700 0.312775 0.083700 0.308370 0.088106 0.308370 0.101322 0.317181 0.110132 0.334802 0.092511 0.334802 0.088106
0 0.092511 0.074890 0.079295 0.088106 0.079295 0.096916 0.088106 0.101322 0.105727 0.088106 0.118943 0.096916 0.118943 0.118943 0.123348 0.123348 0.123348 0.132159 0.114537 0.140969 0.096916 0.149780 0.079295 0.149780 0.070485 0.158590 0.070485 0.167401 0.079295 0.176211 0.083700 0.176211 0.101322 0.158590 0.110132 0.154185 0.136564 0.154185 0.149780 0.145374 0.158590 0.149780 0.162996 0.158590 0.171806 0.162996 0.176211 0.171806 0.193833 0.185022 0.198238 0.202643 0.180617 0.215859 0.167401 0.207048 0.158590 0.207048 0.149780 0.215859 0.149780 0.220264 0.154185 0.224670 0.162996 0.224670 0.167401 0.220264 0.185022 0.224670 0.189427 0.229075 0.189427 0.255507 0.193833 0.259912 0.198238 0.255507 0.198238 0.215859 0.211454 0.202643 0.211454 0.193833 0.224670 0.176211 0.224670 0.167401 0.242291 0.158590 0.251101 0.162996 0.264317 0.180617 0.268722 0.176211 0.255507 0.167401 0.259912 0.123348 0.268722 0.114537 0.255507 0.101322 0.242291 0.110132 0.237885 0.154185 0.224670 0.162996 0.211454 0.154185 0.211454 0.145374 0.207048 0.140969 0.193833 0.136564 0.185022 0.127753 0.167401 0.127753 0.158590 0.140969 0.140969 0.145374 0.127753 0.136564 0.127753 0.123348 0.140969 0.110132 0.140969 0.092511 0.132159 0.088106 0.118943 0.096916 0.105727 0.088106 0.105727 0.079295 0.101322 0.074890
0 0.000000 0.074890 0.000000 0.092511 0.004405 0.092511 0.008811 0.088106 0.013216 0.088106 0.017621 0.083700 0.022026 0.088106 0.026432 0.088106 0.035242 0.096916 0.039648 0.096916 0.044053 0.092511 0.048458 0.092511 0.052863 0.088106 0.039648 0.074890 0.035242 0.074890 0.030837 0.079295 0.026432 0.079295 0.022026 0.074890
0 0.709251 0.066079 0.709251 0.074890 0.713656 0.079295 0.735683 0.079295 0.740088 0.074890 0.762115 0.074890 0.766520 0.070485 0.762115 0.066079 0.748899 0.066079 0.744493 0.061674 0.735683 0.061674 0.731278 0.057269 0.718062 0.057269
0 0.660793 0.044053 0.656388 0.044053 0.647577 0.052863 0.647577 0.079295 0.643172 0.083700 0.643172 0.101322 0.647577 0.105727 0.656388 0.105727 0.660793 0.101322 0.660793 0.079295 0.669604 0.070485 0.669604 0.057269 0.665198 0.052863 0.665198 0.048458
0 0.995595 0.022026 0.991189 0.022026 0.986784 0.026432 0.986784 0.035242 0.977974 0.044053 0.973568 0.044053 0.960352 0.057269 0.960352 0.061674 0.955947 0.066079 0.955947 0.070485 0.951542 0.074890 0.960352 0.083700 0.964758 0.083700 0.973568 0.074890 0.973568 0.066079 0.977974 0.061674 0.977974 0.057269 0.982379 0.052863 0.982379 0.048458 0.986784 0.044053 0.991189 0.044053 0.995595 0.039648
0 0.502203 0.035242 0.493392 0.026432 0.488987 0.026432 0.484582 0.022026 0.480176 0.026432 0.480176 0.030837 0.475771 0.035242 0.475771 0.039648 0.466960 0.048458 0.471366 0.052863 0.475771 0.052863 0.480176 0.048458 0.497797 0.048458 0.502203 0.044053
0 0.837004 0.000000 0.814978 0.000000 0.814978 0.004405 0.823789 0.013216 0.828194 0.013216 0.837004 0.022026 0.837004 0.048458 0.832599 0.052863 0.828194 0.052863 0.823789 0.057269 0.819383 0.052863 0.814978 0.052863 0.801762 0.039648 0.792952 0.039648 0.788546 0.035242 0.770925 0.035242 0.766520 0.039648 0.766520 0.044053 0.770925 0.048458 0.775330 0.044053 0.788546 0.044053 0.792952 0.048458 0.797357 0.048458 0.801762 0.052863 0.806167 0.052863 0.819383 0.066079 0.819383 0.079295 0.814978 0.083700 0.814978 0.096916 0.806167 0.105727 0.801762 0.105727 0.797357 0.110132 0.792952 0.110132 0.784141 0.118943 0.784141 0.127753 0.775330 0.140969 0.770925 0.140969 0.766520 0.145374 0.748899 0.145374 0.744493 0.149780 0.744493 0.158590 0.748899 0.162996 0.753304 0.162996 0.757709 0.167401 0.762115 0.162996 0.770925 0.162996 0.788546 0.145374 0.788546 0.132159 0.792952 0.127753 0.797357 0.127753 0.810573 0.114537 0.810573 0.101322 0.819383 0.092511 0.823789 0.092511 0.832599 0.083700 0.832599 0.070485 0.828194 0.066079 0.828194 0.057269 0.837004 0.048458 0.841410 0.048458 0.850220 0.039648 0.850220 0.026432 0.837004 0.017621
0 0.585903 0.000000 0.572687 0.000000 0.572687 0.004405 0.568282 0.008811 0.568282 0.013216 0.555066 0.026432 0.550661 0.026432 0.546256 0.030837 0.541850 0.030837 0.537445 0.035242 0.541850 0.039648 0.546256 0.039648 0.550661 0.044053 0.555066 0.044053 0.559471 0.039648 0.563877 0.039648 0.568282 0.035242 0.572687 0.035242 0.577093 0.030837 0.581498 0.030837 0.590308 0.022026 0.590308 0.013216 0.585903 0.008811
0 0.273128 0.044053 0.295154 0.066079 0.299559 0.066079 0.303965 0.061674 0.303965 0.052863 0.308370 0.048458 0.308370 0.039648 0.317181 0.030837 0.317181 0.026432 0.321586 0.022026 0.325991 0.022026 0.330396 0.017621 0.334802 0.022026 0.339207 0.022026 0.343612 0.026432 0.348018 0.026432 0.356828 0.035242 0.356828 0.039648 0.361233 0.044053 0.365639 0.039648 0.370044 0.039648 0.374449 0.044053 0.378855 0.044053 0.383260 0.048458 0.383260 0.057269 0.387665 0.061674 0.392070 0.057269 0.396476 0.057269 0.427313 0.026432 0.427313 0.008811 0.422908 0.004405 0.422908 0.000000 0.396476 0.000000 0.396476 0.008811 0.387665 0.017621 0.387665 0.022026 0.383260 0.026432 0.378855 0.026432 0.374449 0.030837 0.370044 0.030837 0.365639 0.035242 0.361233 0.035242 0.356828 0.030837 0.352423 0.030837 0.348018 0.026432 0.348018 0.017621 0.343612 0.013216 0.339207 0.017621 0.330396 0.017621 0.325991 0.013216 0.321586 0.013216 0.312775 0.004405 0.312775 0.000000 0.295154 0.000000 0.295154 0.004405 0.290749 0.008811 0.290749 0.013216 0.281938 0.022026 0.281938 0.026432 0.277533 0.030837 0.277533 0.039648
