0 0.572687 0.973568 0.581498 0.982379 0.599119 0.982379 0.603524 0.986784 0.616740 0.986784 0.621145 0.982379 0.625551 0.982379 0.629956 0.977974 0.629956 0.973568 0.625551 0.969163 0.616740 0.969163 0.612335 0.964758 0.603524 0.964758 0.599119 0.960352 0.594714 0.960352 0.590308 0.964758 0.581498 0.964758
0 0.105727 0.964758 0.105727 0.969163 0.114537 0.977974 0.118943 0.973568 0.132159 0.973568 0.136564 0.977974 0.154185 0.977974 0.158590 0.982379 0.167401 0.982379 0.171806 0.977974 0.154185 0.960352 0.149780 0.960352 0.145374 0.955947 0.127753 0.955947 0.123348 0.960352 0.114537 0.960352 0.110132 0.964758
0 0.762115 0.951542 0.762115 0.955947 0.757709 0.960352 0.757709 0.964758 0.762115 0.969163 0.762115 0.977974 0.766520 0.982379 0.770925 0.982379 0.779736 0.991189 0.779736 0.995595 0.801762 0.995595 0.801762 0.986784 0.792952 0.977974 0.788546 0.977974 0.784141 0.973568 0.784141 0.969163 0.766520 0.951542
0 0.955947 0.995595 0.955947 0.977974 0.947137 0.969163 0.947137 0.951542 0.938326 0.942731 0.929515 0.951542 0.929515 0.955947 0.925110 0.960352 0.920705 0.960352 0.916300 0.964758 0.911894 0.964758 0.907489 0.960352 0.889868 0.960352 0.881057 0.969163 0.885463 0.973568 0.889868 0.973568 0.894273 0.977974 0.907489 0.977974 0.911894 0.973568 0.916300 0.973568 0.920705 0.969163 0.925110 0.969163 0.929515 0.973568 0.933921 0.973568 0.938326 0.977974 0.938326 0.995595
0 0.185022 0.929515 0.180617 0.933921 0.180617 0.942731 0.189427 0.951542 0.189427 0.955947 0.198238 0.964758 0.207048 0.964758 0.211454 0.969163 0.215859 0.969163 0.215859 0.964758 0.224670 0.955947 0.215859 0.947137 0.207048 0.947137 0.202643 0.942731 0.198238 0.942731 0.193833 0.938326 0.193833 0.933921 0.189427 0.929515
0 0.942731 0.916300 0.960352 0.933921 0.964758 0.929515 0.973568 0.929515 0.982379 0.920705 0.969163 0.907489 0.964758 0.911894 0.960352 0.907489 0.955947 0.907489 0.951542 0.911894 0.947137 0.911894
0 0.229075 0.916300 0.229075 0.925110 0.233480 0.929515 0.259912 0.929515 0.264317 0.933921 0.268722 0.933921 0.281938 0.947137 0.286344 0.947137 0.295154 0.938326 0.290749 0.933921 0.290749 0.929515 0.286344 0.925110 0.286344 0.920705 0.273128 0.907489 0.268722 0.907489 0.264317 0.903084 0.255507 0.903084 0.251101 0.907489 0.246696 0.907489 0.242291 0.911894 0.233480 0.911894
0 0.757709 0.933921 0.753304 0.929515 0.748899 0.933921 0.744493 0.929515 0.740088 0.929515 0.731278 0.920705 0.731278 0.911894 0.726872 0.907489 0.722467 0.907489 0.713656 0.916300 0.709251 0.916300 0.704846 0.920705 0.687225 0.920705 0.682819 0.916300 0.678414 0.916300 0.674009 0.911894 0.674009 0.903084 0.669604 0.898678 0.665198 0.903084 0.647577 0.903084 0.638767 0.911894 0.638767 0.933921 0.629956 0.942731 0.634361 0.947137 0.638767 0.947137 0.643172 0.951542 0.643172 0.960352 0.647577 0.964758 0.651982 0.964758 0.660793 0.973568 0.660793 0.982379 0.665198 0.986784 0.665198 0.995595 0.674009 0.995595 0.674009 0.977974 0.665198 0.969163 0.665198 0.964758 0.656388 0.955947 0.656388 0.947137 0.660793 0.942731 0.665198 0.942731 0.669604 0.938326 0.674009 0.938326 0.678414 0.933921 0.691630 0.933921 0.696035 0.929515 0.709251 0.929515 0.713656 0.925110 0.722467 0.925110 0.726872 0.929515 0.731278 0.929515 0.740088 0.938326 0.744493 0.933921 0.748899 0.933921 0.753304 0.938326 0.757709 0.938326
0 0.568282 0.898678 0.568282 0.933921 0.572687 0.938326 0.577093 0.938326 0.590308 0.925110 0.590308 0.920705 0.594714 0.916300 0.594714 0.907489 0.590308 0.903084 0.581498 0.903084 0.577093 0.898678 0.572687 0.903084
0 0.859031 0.885463 0.850220 0.885463 0.845815 0.889868 0.845815 0.907489 0.850220 0.911894 0.854626 0.911894 0.859031 0.916300 0.859031 0.938326 0.854626 0.942731 0.850220 0.942731 0.845815 0.947137 0.841410 0.947137 0.837004 0.951542 0.837004 0.964758 0.832599 0.969163 0.832599 0.973568 0.837004 0.977974 0.841410 0.977974 0.850220 0.969163 0.854626 0.969163 0.859031 0.964758 0.859031 0.960352 0.854626 0.955947 0.854626 0.942731 0.859031 0.938326 0.863436 0.938326 0.867841 0.933921 0.872247 0.938326 0.876652 0.933921 0.876652 0.929515 0.881057 0.925110 0.876652 0.920705 0.876652 0.911894 0.872247 0.907489 0.872247 0.903084 0.867841 0.898678 0.867841 0.894273
0 0.365639 0.881057 0.370044 0.881057 0.374449 0.885463 0.374449 0.889868 0.378855 0.894273 0.396476 0.894273 0.400881 0.889868 0.409692 0.889868 0.414097 0.885463 0.400881 0.872247 0.378855 0.872247 0.370044 0.881057
0 0.511013 0.859031 0.511013 0.872247 0.506608 0.876652 0.506608 0.881057 0.515419 0.889868 0.524229 0.889868 0.528634 0.885463 0.537445 0.885463 0.541850 0.889868 0.546256 0.889868 0.550661 0.894273 0.555066 0.889868 0.559471 0.894273 0.559471 0.885463 0.555066 0.881057 0.550661 0.885463 0.546256 0.885463 0.541850 0.881057 0.537445 0.881057 0.533040 0.876652 0.533040 0.867841 0.528634 0.863436 0.528634 0.859031 0.524229 0.854626 0.519824 0.859031 0.515419 0.854626
0 0.867841 0.837004 0.867841 0.845815 0.876652 0.854626 0.881057 0.854626 0.885463 0.859031 0.889868 0.859031 0.907489 0.876652 0.916300 0.876652 0.925110 0.867841 0.925110 0.863436 0.920705 0.859031 0.911894 0.859031 0.907489 0.854626 0.903084 0.854626 0.898678 0.850220 0.898678 0.845815 0.881057 0.828194 0.876652 0.832599 0.872247 0.832599
0 0.321586 0.828194 0.317181 0.832599 0.317181 0.837004 0.312775 0.841410 0.317181 0.845815 0.317181 0.854626 0.330396 0.867841 0.330396 0.885463 0.334802 0.889868 0.334802 0.911894 0.330396 0.916300 0.330396 0.925110 0.334802 0.929515 0.343612 0.929515 0.352423 0.920705 0.348018 0.916300 0.348018 0.885463 0.352423 0.881057 0.356828 0.881057 0.352423 0.881057 0.348018 0.876652 0.348018 0.872247 0.343612 0.867841 0.343612 0.859031 0.348018 0.854626 0.343612 0.850220 0.343612 0.841410 0.330396 0.828194
0 0.665198 0.823789 0.687225 0.845815 0.687225 0.854626 0.691630 0.859031 0.696035 0.859031 0.704846 0.867841 0.709251 0.863436 0.731278 0.863436 0.735683 0.859031 0.735683 0.854626 0.744493 0.845815 0.748899 0.845815 0.757709 0.837004 0.748899 0.828194 0.735683 0.828194 0.722467 0.841410 0.718062 0.841410 0.713656 0.845815 0.700441 0.845815 0.696035 0.841410 0.691630 0.841410 0.669604 0.819383
0 0.471366 0.797357 0.449339 0.819383 0.444934 0.819383 0.440529 0.823789 0.440529 0.828194 0.453745 0.841410 0.453745 0.845815 0.462555 0.854626 0.466960 0.854626 0.471366 0.859031 0.475771 0.859031 0.497797 0.837004 0.493392 0.832599 0.488987 0.832599 0.484582 0.828194 0.484582 0.814978 0.475771 0.806167 0.475771 0.801762
0 0.176211 0.797357 0.171806 0.801762 0.171806 0.814978 0.176211 0.819383 0.176211 0.832599 0.171806 0.837004 0.167401 0.837004 0.162996 0.841410 0.154185 0.841410 0.136564 0.859031 0.132159 0.859031 0.127753 0.863436 0.105727 0.863436 0.096916 0.872247 0.096916 0.881057 0.092511 0.885463 0.088106 0.885463 0.083700 0.889868 0.079295 0.889868 0.070485 0.898678 0.070485 0.907489 0.066079 0.911894 0.070485 0.916300 0.070485 0.925110 0.066079 0.929515 0.070485 0.933921 0.079295 0.925110 0.083700 0.925110 0.092511 0.916300 0.092511 0.911894 0.096916 0.907489 0.096916 0.894273 0.101322 0.889868 0.105727 0.889868 0.110132 0.885463 0.118943 0.885463 0.132159 0.872247 0.136564 0.872247 0.140969 0.867841 0.145374 0.867841 0.149780 0.872247 0.158590 0.872247 0.162996 0.867841 0.167401 0.867841 0.176211 0.859031 0.176211 0.850220 0.180617 0.845815 0.176211 0.841410 0.176211 0.832599 0.189427 0.819383 0.189427 0.810573
0 0.973568 0.797357 0.964758 0.797357 0.960352 0.792952 0.955947 0.797357 0.951542 0.792952 0.942731 0.801762 0.942731 0.806167 0.938326 0.810573 0.933921 0.810573 0.929515 0.814978 0.925110 0.810573 0.920705 0.810573 0.916300 0.814978 0.916300 0.819383 0.920705 0.823789 0.920705 0.828194 0.929515 0.837004 0.933921 0.837004 0.947137 0.850220 0.951542 0.850220 0.955947 0.845815 0.947137 0.837004 0.947137 0.828194 0.951542 0.823789 0.955947 0.823789 0.960352 0.819383 0.964758 0.819383 0.969163 0.814978 0.973568 0.819383 0.977974 0.814978 0.977974 0.801762
0 0.502203 0.762115 0.506608 0.766520 0.506608 0.770925 0.511013 0.775330 0.524229 0.775330 0.528634 0.770925 0.533040 0.775330 0.537445 0.775330 0.546256 0.784141 0.546256 0.801762 0.559471 0.814978 0.563877 0.814978 0.568282 0.819383 0.572687 0.819383 0.577093 0.823789 0.585903 0.823789 0.590308 0.828194 0.607930 0.828194 0.612335 0.823789 0.612335 0.814978 0.607930 0.810573 0.603524 0.810573 0.599119 0.806167 0.590308 0.806167 0.585903 0.801762 0.581498 0.801762 0.572687 0.792952 0.568282 0.792952 0.563877 0.788546 0.559471 0.788546 0.541850 0.770925 0.537445 0.775330 0.533040 0.770925 0.528634 0.770925 0.515419 0.757709 0.506608 0.757709
0 0.207048 0.757709 0.202643 0.762115 0.211454 0.770925 0.220264 0.770925 0.224670 0.775330 0.229075 0.775330 0.233480 0.779736 0.237885 0.779736 0.251101 0.792952 0.251101 0.801762 0.255507 0.806167 0.259912 0.806167 0.264317 0.810573 0.264317 0.814978 0.273128 0.823789 0.273128 0.841410 0.259912 0.854626 0.259912 0.859031 0.255507 0.863436 0.255507 0.867841 0.268722 0.881057 0.273128 0.876652 0.273128 0.872247 0.281938 0.863436 0.281938 0.859031 0.286344 0.854626 0.286344 0.841410 0.290749 0.837004 0.290749 0.814978 0.286344 0.810573 0.286344 0.806167 0.281938 0.801762 0.281938 0.797357 0.268722 0.784141 0.268722 0.779736 0.264317 0.775330 0.259912 0.775330 0.251101 0.766520 0.246696 0.766520 0.237885 0.757709
0 0.330396 0.744493 0.321586 0.753304 0.325991 0.757709 0.325991 0.775330 0.334802 0.784141 0.339207 0.784141 0.343612 0.779736 0.343612 0.753304 0.334802 0.744493
0 0.577093 0.735683 0.577093 0.740088 0.572687 0.744493 0.581498 0.753304 0.594714 0.753304 0.599119 0.757709 0.603524 0.757709 0.607930 0.762115 0.612335 0.762115 0.621145 0.770925 0.621145 0.775330 0.629956 0.784141 0.634361 0.784141 0.647577 0.797357 0.651982 0.792952 0.651982 0.775330 0.647577 0.770925 0.643172 0.770925 0.638767 0.766520 0.634361 0.766520 0.629956 0.762115 0.629956 0.757709 0.621145 0.748899 0.621145 0.744493 0.607930 0.731278 0.599119 0.731278 0.594714 0.726872 0.590308 0.726872 0.585903 0.731278 0.581498 0.731278
0 0.674009 0.726872 0.678414 0.726872 0.691630 0.740088 0.696035 0.740088 0.700441 0.744493 0.704846 0.740088 0.709251 0.744493 0.722467 0.744493 0.726872 0.748899 0.744493 0.748899 0.748899 0.753304 0.757709 0.753304 0.762115 0.757709 0.766520 0.757709 0.770925 0.762115 0.775330 0.762115 0.779736 0.757709 0.788546 0.757709 0.792952 0.762115 0.797357 0.762115 0.801762 0.766520 0.810573 0.766520 0.814978 0.762115 0.814978 0.753304 0.810573 0.748899 0.806167 0.748899 0.801762 0.753304 0.797357 0.753304 0.792952 0.757709 0.788546 0.753304 0.784141 0.753304 0.779736 0.748899 0.779736 0.744493 0.775330 0.740088 0.762115 0.740088 0.757709 0.735683 0.744493 0.735683 0.740088 0.731278 0.735683 0.731278 0.731278 0.726872 0.709251 0.726872 0.704846 0.722467 0.691630 0.722467 0.687225 0.726872 0.682819 0.722467 0.678414 0.726872
0 0.810573 0.700441 0.806167 0.704846 0.806167 0.713656 0.810573 0.718062 0.814978 0.718062 0.828194 0.731278 0.828194 0.735683 0.832599 0.740088 0.837004 0.735683 0.837004 0.731278 0.841410 0.726872 0.837004 0.722467 0.837004 0.713656 0.832599 0.709251 0.828194 0.709251 0.819383 0.700441
0 0.000000 0.691630 0.000000 0.704846 0.008811 0.704846 0.013216 0.709251 0.035242 0.709251 0.039648 0.704846 0.044053 0.709251 0.048458 0.709251 0.057269 0.718062 0.057269 0.722467 0.066079 0.731278 0.074890 0.731278 0.079295 0.726872 0.083700 0.726872 0.088106 0.731278 0.092511 0.731278 0.096916 0.726872 0.096916 0.722467 0.092511 0.718062 0.083700 0.718062 0.079295 0.713656 0.074890 0.713656 0.070485 0.709251 0.066079 0.709251 0.057269 0.700441 0.052863 0.700441 0.048458 0.696035 0.039648 0.696035 0.035242 0.691630 0.013216 0.691630 0.008811 0.696035 0.004405 0.691630
0 0.612335 0.687225 0.621145 0.696035 0.625551 0.696035 0.629956 0.700441 0.638767 0.700441 0.647577 0.691630 0.643172 0.687225 0.643172 0.682819 0.634361 0.674009 0.629956 0.674009 0.625551 0.678414 0.621145 0.678414
0 0.898678 0.678414 0.907489 0.687225 0.907489 0.691630 0.916300 0.700441 0.916300 0.704846 0.933921 0.722467 0.938326 0.722467 0.947137 0.731278 0.951542 0.731278 0.977974 0.757709 0.982379 0.757709 0.986784 0.762115 0.995595 0.762115 0.995595 0.740088 0.991189 0.735683 0.986784 0.740088 0.977974 0.740088 0.973568 0.735683 0.969163 0.735683 0.964758 0.731278 0.964758 0.722467 0.977974 0.709251 0.977974 0.700441 0.973568 0.696035 0.960352 0.696035 0.955947 0.691630 0.951542 0.691630 0.947137 0.687225 0.947137 0.682819 0.942731 0.678414 0.938326 0.678414 0.929515 0.669604 0.925110 0.669604 0.920705 0.674009 0.916300 0.674009 0.911894 0.678414 0.907489 0.674009 0.903084 0.674009
0 0.674009 0.656388 0.682819 0.665198 0.687225 0.660793 0.691630 0.660793 0.696035 0.656388 0.700441 0.656388 0.704846 0.660793 0.709251 0.660793 0.713656 0.665198 0.718062 0.665198 0.722467 0.669604 0.726872 0.669604 0.731278 0.674009 0.735683 0.674009 0.740088 0.678414 0.744493 0.678414 0.753304 0.687225 0.762115 0.678414 0.744493 0.660793 0.740088 0.660793 0.722467 0.643172 0.718062 0.643172 0.713656 0.638767 0.709251 0.638767 0.700441 0.647577 0.696035 0.647577 0.691630 0.651982 0.678414 0.651982
0 0.995595 0.629956 0.991189 0.625551 0.986784 0.625551 0.977974 0.616740 0.973568 0.621145 0.973568 0.625551 0.951542 0.647577 0.960352 0.656388 0.964758 0.656388 0.969163 0.651982 0.973568 0.651982 0.977974 0.647577 0.986784 0.647577 0.991189 0.643172 0.995595 0.643172
0 0.030837 0.550661 0.013216 0.550661 0.008811 0.555066 0.000000 0.555066 0.000000 0.572687 0.013216 0.572687 0.017621 0.577093 0.022026 0.572687 0.026432 0.572687 0.030837 0.568282 0.030837 0.563877 0.035242 0.559471 0.035242 0.555066
0 0.995595 0.555066 0.982379 0.550661 0.925110 0.577093 0.907489 0.555066 0.823789 0.537445 0.775330 0.541850 0.762115 0.533040 0.762115 0.515419 0.722467 0.519824 0.704846 0.511013 0.682819 0.537445 0.643172 0.550661 0.559471 0.607930 0.519824 0.590308 0.555066 0.555066 0.550661 0.546256 0.493392 0.590308 0.444934 0.590308 0.400881 0.568282 0.339207 0.559471 0.352423 0.581498 0.374449 0.572687 0.436123 0.599119 0.431718 0.612335 0.374449 0.634361 0.356828 0.651982 0.330396 0.621145 0.299559 0.634361 0.281938 0.616740 0.185022 0.647577 0.096916 0.621145 0.083700 0.638767 0.101322 0.629956 0.185022 0.656388 0.220264 0.700441 0.101322 0.757709 0.000000 0.770925 0.035242 0.779736 0.110132 0.766520 0.189427 0.722467 0.224670 0.718062 0.246696 0.700441 0.281938 0.700441 0.308370 0.678414 0.334802 0.704846 0.374449 0.704846 0.387665 0.696035 0.374449 0.678414 0.387665 0.660793 0.414097 0.660793 0.431718 0.643172 0.480176 0.643172 0.515419 0.625551 0.533040 0.638767 0.581498 0.638767 0.625551 0.607930 0.643172 0.612335 0.665198 0.599119 0.691630 0.568282 0.731278 0.546256 0.775330 0.550661 0.810573 0.541850 0.837004 0.555066 0.872247 0.555066 0.885463 0.563877 0.867841 0.585903 0.876652 0.616740 0.894273 0.607930 0.894273 0.577093 0.938326 0.585903
0 0.057269 0.515419 0.057269 0.519824 0.061674 0.524229 0.079295 0.524229 0.083700 0.528634 0.092511 0.528634 0.096916 0.533040 0.110132 0.533040 0.114537 0.528634 0.114537 0.524229 0.105727 0.515419 0.079295 0.515419 0.074890 0.511013 0.061674 0.511013
0 0.343612 0.502203 0.334802 0.511013 0.334802 0.519824 0.343612 0.528634 0.361233 0.528634 0.365639 0.524229 0.365639 0.515419 0.361233 0.511013 0.356828 0.511013 0.352423 0.506608 0.348018 0.506608
0 0.907489 0.488987 0.911894 0.493392 0.911894 0.497797 0.916300 0.502203 0.920705 0.502203 0.925110 0.497797 0.929515 0.497797 0.933921 0.502203 0.938326 0.502203 0.942731 0.506608 0.942731 0.511013 0.951542 0.519824 0.964758 0.519824 0.969163 0.515419 0.995595 0.515419 0.995595 0.493392 0.991189 0.497797 0.982379 0.497797 0.977974 0.502203 0.973568 0.497797 0.942731 0.497797 0.938326 0.502203 0.933921 0.502203 0.929515 0.497797 0.925110 0.497797 0.911894 0.484582
0 0.132159 0.475771 0.123348 0.484582 0.123348 0.493392 0.132159 0.502203 0.145374 0.502203 0.154185 0.493392 0.154185 0.484582 0.149780 0.480176 0.145374 0.480176 0.140969 0.475771
0 0.185022 0.444934 0.185022 0.453745 0.193833 0.462555 0.215859 0.462555 0.220264 0.458150 0.233480 0.458150 0.237885 0.462555 0.242291 0.462555 0.246696 0.466960 0.251101 0.466960 0.255507 0.471366 0.259912 0.466960 0.268722 0.466960 0.273128 0.462555 0.273128 0.458150 0.268722 0.453745 0.264317 0.453745 0.251101 0.440529 0.246696 0.440529 0.242291 0.444934 0.237885 0.444934 0.229075 0.453745 0.224670 0.453745 0.220264 0.458150 0.215859 0.453745 0.211454 0.453745 0.202643 0.444934 0.198238 0.444934 0.193833 0.440529 0.189427 0.440529
0 0.845815 0.431718 0.841410 0.427313 0.837004 0.431718 0.832599 0.431718 0.828194 0.436123 0.806167 0.436123 0.801762 0.440529 0.792952 0.440529 0.788546 0.444934 0.792952 0.449339 0.806167 0.449339 0.810573 0.444934 0.828194 0.444934 0.832599 0.440529 0.841410 0.440529 0.845815 0.436123
0 0.629956 0.427313 0.625551 0.427313 0.621145 0.431718 0.621145 0.440529 0.594714 0.466960 0.594714 0.493392 0.603524 0.502203 0.607930 0.497797 0.612335 0.502203 0.616740 0.497797 0.616740 0.484582 0.607930 0.475771 0.607930 0.462555 0.612335 0.458150 0.616740 0.458150 0.621145 0.453745 0.643172 0.453745 0.647577 0.449339 0.647577 0.444934 0.643172 0.440529 0.643172 0.436123 0.638767 0.431718 0.634361 0.431718
0 0.370044 0.374449 0.343612 0.374449 0.339207 0.370044 0.334802 0.374449 0.330396 0.374449 0.325991 0.378855 0.325991 0.383260 0.321586 0.387665 0.321586 0.396476 0.312775 0.405286 0.308370 0.405286 0.303965 0.409692 0.303965 0.418502 0.299559 0.422908 0.299559 0.427313 0.295154 0.431718 0.295154 0.440529 0.299559 0.444934 0.299559 0.449339 0.321586 0.471366 0.325991 0.466960 0.325991 0.444934 0.321586 0.440529 0.321586 0.409692 0.330396 0.400881 0.334802 0.400881 0.339207 0.396476 0.343612 0.396476 0.348018 0.392070 0.361233 0.392070 0.365639 0.396476 0.370044 0.396476 0.383260 0.409692 0.383260 0.422908 0.365639 0.440529 0.365639 0.444934 0.378855 0.458150 0.383260 0.453745 0.387665 0.453745 0.392070 0.449339 0.392070 0.444934 0.396476 0.440529 0.396476 0.431718 0.409692 0.418502 0.409692 0.409692 0.392070 0.392070 0.387665 0.392070
0 0.000000 0.370044 0.000000 0.387665 0.004405 0.387665 0.008811 0.383260 0.013216 0.383260 0.017621 0.387665 0.022026 0.387665 0.026432 0.392070 0.030837 0.392070 0.035242 0.396476 0.039648 0.396476 0.044053 0.400881 0.048458 0.396476 0.052863 0.400881 0.057269 0.396476 0.066079 0.396476 0.070485 0.392070 0.061674 0.383260 0.057269 0.383260 0.052863 0.378855 0.044053 0.378855 0.039648 0.374449 0.035242 0.374449 0.030837 0.370044 0.026432 0.374449 0.022026 0.374449 0.017621 0.370044
0 0.696035 0.383260 0.700441 0.387665 0.704846 0.387665 0.709251 0.392070 0.731278 0.392070 0.735683 0.396476 0.740088 0.392070 0.740088 0.387665 0.735683 0.383260 0.735683 0.378855 0.726872 0.370044 0.722467 0.370044 0.718062 0.365639 0.713656 0.365639 0.709251 0.370044 0.704846 0.370044 0.700441 0.374449 0.700441 0.378855
0 0.193833 0.365639 0.189427 0.370044 0.189427 0.383260 0.193833 0.387665 0.193833 0.396476 0.202643 0.405286 0.207048 0.405286 0.211454 0.409692 0.220264 0.409692 0.224670 0.405286 0.224670 0.396476 0.220264 0.392070 0.220264 0.387665 0.215859 0.383260 0.215859 0.378855 0.202643 0.365639
0 0.537445 0.352423 0.541850 0.356828 0.541850 0.365639 0.546256 0.370044 0.546256 0.374449 0.559471 0.387665 0.577093 0.387665 0.581498 0.392070 0.585903 0.387665 0.590308 0.387665 0.594714 0.392070 0.607930 0.378855 0.607930 0.374449 0.603524 0.370044 0.563877 0.370044 0.559471 0.365639 0.555066 0.365639 0.546256 0.356828 0.546256 0.352423 0.541850 0.348018
0 0.995595 0.321586 0.986784 0.321586 0.982379 0.317181 0.977974 0.317181 0.973568 0.321586 0.969163 0.321586 0.964758 0.325991 0.960352 0.325991 0.955947 0.330396 0.951542 0.330396 0.947137 0.334802 0.960352 0.348018 0.964758 0.343612 0.977974 0.343612 0.982379 0.339207 0.986784 0.339207 0.991189 0.334802 0.995595 0.334802
0 0.889868 0.317181 0.885463 0.321586 0.885463 0.334802 0.898678 0.348018 0.911894 0.348018 0.916300 0.352423 0.920705 0.352423 0.929515 0.361233 0.929515 0.370044 0.925110 0.374449 0.925110 0.378855 0.920705 0.383260 0.920705 0.387665 0.911894 0.396476 0.925110 0.409692 0.929515 0.405286 0.933921 0.405286 0.938326 0.409692 0.942731 0.405286 0.933921 0.396476 0.933921 0.387665 0.938326 0.383260 0.938326 0.374449 0.942731 0.370044 0.938326 0.365639 0.933921 0.365639 0.925110 0.356828 0.925110 0.343612 0.903084 0.321586 0.894273 0.321586
0 0.180617 0.308370 0.176211 0.312775 0.176211 0.321586 0.171806 0.325991 0.167401 0.325991 0.162996 0.330396 0.154185 0.330396 0.149780 0.334802 0.149780 0.348018 0.145374 0.352423 0.145374 0.356828 0.140969 0.361233 0.136564 0.361233 0.132159 0.365639 0.127753 0.365639 0.123348 0.370044 0.123348 0.378855 0.132159 0.387665 0.136564 0.387665 0.140969 0.392070 0.145374 0.387665 0.145374 0.378855 0.158590 0.365639 0.162996 0.365639 0.167401 0.361233 0.162996 0.356828 0.162996 0.343612 0.176211 0.330396 0.180617 0.330396 0.185022 0.325991 0.185022 0.321586 0.189427 0.317181
0 0.044053 0.312775 0.044053 0.330396 0.048458 0.334802 0.052863 0.334802 0.057269 0.339207 0.061674 0.339207 0.066079 0.343612 0.070485 0.343612 0.074890 0.348018 0.079295 0.348018 0.083700 0.352423 0.083700 0.356828 0.088106 0.361233 0.096916 0.361233 0.105727 0.352423 0.096916 0.343612 0.092511 0.343612 0.088106 0.339207 0.083700 0.343612 0.079295 0.339207 0.074890 0.339207 0.070485 0.334802 0.070485 0.325991 0.066079 0.321586 0.066079 0.312775 0.061674 0.308370 0.048458 0.308370
0 0.731278 0.303965 0.731278 0.312775 0.735683 0.317181 0.740088 0.317181 0.744493 0.321586 0.762115 0.321586 0.766520 0.325991 0.770925 0.325991 0.784141 0.339207 0.788546 0.339207 0.792952 0.343612 0.792952 0.348018 0.806167 0.361233 0.810573 0.361233 0.814978 0.365639 0.819383 0.365639 0.823789 0.370044 0.828194 0.370044 0.832599 0.365639 0.832599 0.356828 0.810573 0.334802 0.806167 0.334802 0.801762 0.330396 0.797357 0.330396 0.792952 0.325991 0.784141 0.325991 0.779736 0.321586 0.775330 0.321586 0.757709 0.303965 0.753304 0.303965 0.748899 0.299559 0.735683 0.299559
0 0.400881 0.281938 0.414097 0.295154 0.418502 0.295154 0.422908 0.299559 0.427313 0.299559 0.436123 0.308370 0.440529 0.303965 0.440529 0.295154 0.422908 0.277533 0.418502 0.277533 0.414097 0.273128 0.409692 0.277533 0.405286 0.277533
0 0.290749 0.295154 0.286344 0.290749 0.281938 0.290749 0.264317 0.273128 0.259912 0.273128 0.255507 0.277533 0.251101 0.277533 0.246696 0.281938 0.242291 0.281938 0.233480 0.290749 0.233480 0.299559 0.242291 0.308370 0.251101 0.308370 0.259912 0.299559 0.264317 0.299559 0.268722 0.295154 0.281938 0.295154 0.286344 0.299559
0 0.920705 0.220264 0.916300 0.224670 0.916300 0.229075 0.920705 0.233480 0.925110 0.233480 0.929515 0.237885 0.933921 0.237885 0.938326 0.242291 0.942731 0.242291 0.951542 0.251101 0.955947 0.251101 0.960352 0.255507 0.960352 0.268722 0.955947 0.273128 0.951542 0.273128 0.947137 0.277533 0.951542 0.281938 0.955947 0.281938 0.969163 0.295154 0.973568 0.295154 0.977974 0.290749 0.977974 0.281938 0.969163 0.273128 0.964758 0.273128 0.960352 0.268722 0.960352 0.255507 0.964758 0.251101 0.969163 0.251101 0.973568 0.246696 0.973568 0.242291 0.960352 0.229075 0.955947 0.229075 0.947137 0.220264 0.938326 0.220264 0.933921 0.224670 0.929515 0.220264
0 0.422908 0.233480 0.414097 0.224670 0.409692 0.224670 0.405286 0.220264 0.392070 0.220264 0.383260 0.229075 0.383260 0.233480 0.378855 0.237885 0.374449 0.237885 0.370044 0.242291 0.361233 0.242291 0.356828 0.246696 0.356828 0.268722 0.365639 0.277533 0.374449 0.277533 0.378855 0.273128 0.378855 0.268722 0.374449 0.264317 0.374449 0.242291 0.378855 0.237885 0.383260 0.237885 0.387665 0.233480 0.392070 0.233480 0.396476 0.237885 0.400881 0.237885 0.405286 0.242291 0.414097 0.242291
0 0.709251 0.185022 0.704846 0.185022 0.696035 0.193833 0.691630 0.193833 0.687225 0.198238 0.687225 0.202643 0.682819 0.207048 0.682819 0.233480 0.687225 0.237885 0.687225 0.242291 0.691630 0.246696 0.696035 0.242291 0.696035 0.233480 0.700441 0.229075 0.700441 0.215859 0.704846 0.211454 0.709251 0.211454 0.713656 0.207048 0.718062 0.207048 0.722467 0.202643 0.718062 0.198238 0.718062 0.193833
0 0.449339 0.176211 0.444934 0.180617 0.453745 0.189427 0.453745 0.220264 0.458150 0.224670 0.466960 0.215859 0.471366 0.215859 0.475771 0.211454 0.475771 0.198238 0.471366 0.193833 0.466960 0.193833 0.462555 0.189427 0.458150 0.189427 0.453745 0.185022 0.453745 0.180617
0 0.022026 0.171806 0.017621 0.176211 0.022026 0.180617 0.022026 0.185022 0.026432 0.189427 0.030837 0.185022 0.035242 0.189427 0.039648 0.189427 0.044053 0.193833 0.044053 0.202643 0.048458 0.207048 0.048458 0.224670 0.052863 0.229075 0.052863 0.233480 0.066079 0.246696 0.066079 0.251101 0.070485 0.255507 0.070485 0.264317 0.074890 0.268722 0.074890 0.286344 0.083700 0.295154 0.096916 0.281938 0.096916 0.264317 0.092511 0.259912 0.092511 0.255507 0.088106 0.251101 0.088106 0.242291 0.083700 0.237885 0.079295 0.237885 0.074890 0.233480 0.074890 0.229075 0.066079 0.220264 0.066079 0.207048 0.070485 0.202643 0.070485 0.198238 0.066079 0.193833 0.061674 0.193833 0.057269 0.189427 0.052863 0.189427 0.048458 0.193833 0.044053 0.189427 0.039648 0.189427 0.035242 0.185022 0.035242 0.176211 0.030837 0.171806
0 0.268722 0.158590 0.268722 0.167401 0.277533 0.176211 0.281938 0.176211 0.286344 0.180617 0.295154 0.180617 0.303965 0.171806 0.290749 0.158590 0.286344 0.158590 0.281938 0.154185 0.273128 0.154185
0 0.533040 0.127753 0.524229 0.136564 0.524229 0.140969 0.541850 0.158590 0.541850 0.167401 0.546256 0.171806 0.555066 0.171806 0.559471 0.176211 0.568282 0.167401 0.559471 0.158590 0.555066 0.158590 0.541850 0.145374 0.541850 0.136564
0 0.964758 0.162996 0.947137 0.149780 0.933921 0.149780 0.929515 0.145374 0.925110 0.149780 0.920705 0.149780 0.916300 0.145374 0.911894 0.145374 0.903084 0.136564 0.903084 0.127753 0.898678 0.123348 0.894273 0.123348 0.889868 0.127753 0.889868 0.140969 0.876652 0.149780 0.872247 0.149780 0.841410 0.132159 0.828194 0.140969 0.814978 0.136564 0.797357 0.149780 0.806167 0.158590 0.806167 0.167401 0.801762 0.171806 0.797357 0.171806 0.792952 0.176211 0.779736 0.167401 0.775330 0.171806 0.770925 0.167401 0.762115 0.167401 0.748899 0.180617 0.748899 0.185022 0.753304 0.189427 0.766520 0.193833 0.775330 0.202643 0.775330 0.211454 0.762115 0.224670 0.762115 0.229075 0.770925 0.237885 0.779736 0.237885 0.784141 0.233480 0.784141 0.229075 0.779736 0.224670 0.779736 0.202643 0.784141 0.198238 0.784141 0.193833 0.788546 0.189427 0.801762 0.185022 0.832599 0.202643 0.832599 0.211454 0.823789 0.220264 0.832599 0.229075 0.837004 0.224670 0.845815 0.224670 0.850220 0.229075 0.863436 0.233480 0.872247 0.242291 0.872247 0.251101 0.894273 0.268722 0.894273 0.281938 0.903084 0.290749 0.911894 0.290749 0.920705 0.281938 0.920705 0.277533 0.903084 0.264317 0.898678 0.264317 0.894273 0.259912 0.894273 0.246696 0.889868 0.242291 0.889868 0.237885 0.867841 0.224670 0.867841 0.211454 0.881057 0.202643 0.872247 0.193833 0.872247 0.185022 0.885463 0.176211 0.885463 0.154185 0.898678 0.145374 0.911894 0.149780 0.925110 0.171806 0.955947 0.171806
0 0.088106 0.110132 0.083700 0.114537 0.079295 0.114537 0.074890 0.118943 0.074890 0.123348 0.079295 0.127753 0.079295 0.136564 0.083700 0.140969 0.083700 0.154185 0.088106 0.158590 0.096916 0.158590 0.105727 0.149780 0.105727 0.132159 0.096916 0.123348 0.096916 0.118943
0 0.616740 0.092511 0.612335 0.096916 0.616740 0.101322 0.616740 0.105727 0.621145 0.110132 0.625551 0.110132 0.643172 0.127753 0.647577 0.127753 0.651982 0.132159 0.651982 0.140969 0.660793 0.149780 0.665198 0.149780 0.669604 0.145374 0.665198 0.140969 0.660793 0.140969 0.651982 0.132159 0.651982 0.114537 0.656388 0.110132 0.651982 0.110132 0.647577 0.105727 0.638767 0.105727 0.634361 0.101322 0.629956 0.101322 0.621145 0.092511
0 0.290749 0.092511 0.286344 0.092511 0.281938 0.096916 0.281938 0.101322 0.277533 0.105727 0.277533 0.110132 0.273128 0.114537 0.273128 0.118943 0.277533 0.123348 0.286344 0.123348 0.295154 0.114537 0.295154 0.110132 0.299559 0.105727 0.295154 0.101322 0.295154 0.096916
0 0.044053 0.096916 0.039648 0.092511 0.026432 0.092511 0.022026 0.096916 0.022026 0.105727 0.008811 0.118943 0.004405 0.118943 0.000000 0.123348 0.004405 0.123348 0.008811 0.127753 0.017621 0.127753 0.044053 0.101322
0 0.850220 0.079295 0.845815 0.083700 0.845815 0.088106 0.841410 0.092511 0.841410 0.105727 0.850220 0.114537 0.854626 0.114537 0.859031 0.110132 0.867841 0.110132 0.872247 0.105727 0.872247 0.092511 0.863436 0.083700 0.854626 0.083700
0 0.361233 0.061674 0.356828 0.066079 0.356828 0.070485 0.352423 0.074890 0.352423 0.079295 0.361233 0.088106 0.365639 0.088106 0.383260 0.105727 0.387665 0.101322 0.387665 0.092511 0.374449 0.079295 0.374449 0.074890
0 0.678414 0.035242 0.678414 0.039648 0.682819 0.044053 0.709251 0.044053 0.713656 0.039648 0.713656 0.035242 0.704846 0.026432 0.687225 0.026432
0 0.211454 0.017621 0.207048 0.022026 0.207048 0.035242 0.211454 0.039648 0.215859 0.035242 0.220264 0.039648 0.224670 0.035242 0.229075 0.039648 0.233480 0.039648 0.237885 0.044053 0.237885 0.057269 0.242291 0.061674 0.246696 0.061674 0.255507 0.052863 0.246696 0.044053 0.242291 0.044053 0.237885 0.039648 0.233480 0.039648 0.229075 0.035242 0.229075 0.030837 0.215859 0.017621
0 0.083700 0.026432 0.083700 0.052863 0.092511 0.061674 0.096916 0.061674 0.105727 0.070485 0.132159 0.070485 0.136564 0.074890 0.154185 0.074890 0.158590 0.070485 0.158590 0.061674 0.162996 0.057269 0.154185 0.048458 0.149780 0.052863 0.145374 0.052863 0.140969 0.057269 0.136564 0.057269 0.132159 0.061674 0.127753 0.061674 0.123348 0.057269 0.118943 0.057269 0.105727 0.044053 0.105727 0.022026 0.101322 0.017621 0.092511 0.017621
0 0.969163 0.000000 0.969163 0.004405 0.964758 0.008811 0.960352 0.008811 0.955947 0.013216 0.955947 0.017621 0.947137 0.026432 0.947137 0.030837 0.960352 0.044053 0.964758 0.044053 0.969163 0.048458 0.973568 0.048458 0.977974 0.052863 0.982379 0.052863 0.991189 0.061674 0.995595 0.057269 0.995595 0.000000
0 0.889868 0.000000 0.889868 0.013216 0.885463 0.017621 0.885463 0.022026 0.881057 0.026432 0.881057 0.030837 0.885463 0.035242 0.889868 0.035242 0.894273 0.039648 0.898678 0.039648 0.903084 0.044053 0.903084 0.052863 0.898678 0.057269 0.903084 0.061674 0.907489 0.061674 0.911894 0.066079 0.916300 0.061674 0.920705 0.061674 0.925110 0.066079 0.929515 0.066079 0.933921 0.070485 0.942731 0.070485 0.947137 0.066079 0.942731 0.061674 0.938326 0.061674 0.933921 0.057269 0.920705 0.057269 0.916300 0.052863 0.911894 0.052863 0.907489 0.048458 0.907489 0.000000
0 0.541850 0.000000 0.524229 0.000000 0.524229 0.013216 0.515419 0.022026 0.511013 0.022026 0.506608 0.026432 0.502203 0.026432 0.497797 0.022026 0.484582 0.022026 0.475771 0.030837 0.471366 0.030837 0.466960 0.035242 0.471366 0.039648 0.475771 0.035242 0.493392 0.035242 0.497797 0.030837 0.506608 0.030837 0.511013 0.035242 0.515419 0.035242 0.519824 0.039648 0.524229 0.039648 0.528634 0.044053 0.537445 0.035242 0.537445 0.026432 0.533040 0.022026 0.533040 0.013216 0.541850 0.004405
