0 0.246696 0.942731 0.242291 0.947137 0.242291 0.964758 0.237885 0.969163 0.237885 0.995595 0.251101 0.995595 0.251101 0.982379 0.259912 0.973568 0.259912 0.969163 0.264317 0.964758 0.264317 0.960352
0 0.458150 0.920705 0.453745 0.925110 0.453745 0.933921 0.458150 0.938326 0.466960 0.929515 0.471366 0.929515 0.475771 0.925110 0.480176 0.925110 0.484582 0.929515 0.488987 0.929515 0.493392 0.933921 0.497797 0.933921 0.502203 0.938326 0.502203 0.951542 0.506608 0.955947 0.506608 0.964758 0.511013 0.969163 0.511013 0.977974 0.506608 0.982379 0.506608 0.991189 0.502203 0.995595 0.511013 0.995595 0.511013 0.986784 0.528634 0.969163 0.528634 0.955947 0.519824 0.947137 0.519824 0.942731 0.511013 0.933921 0.511013 0.929515 0.497797 0.916300 0.484582 0.916300 0.480176 0.920705 0.475771 0.920705 0.471366 0.925110 0.466960 0.925110 0.462555 0.920705
0 0.951542 0.885463 0.947137 0.889868 0.947137 0.907489 0.951542 0.911894 0.951542 0.920705 0.955947 0.925110 0.960352 0.920705 0.960352 0.916300 0.964758 0.911894 0.964758 0.894273 0.955947 0.885463
0 0.876652 0.845815 0.867841 0.854626 0.867841 0.867841 0.872247 0.872247 0.885463 0.872247 0.894273 0.863436 0.894273 0.850220 0.889868 0.845815
0 0.947137 0.823789 0.942731 0.828194 0.942731 0.832599 0.947137 0.837004 0.947137 0.845815 0.960352 0.859031 0.960352 0.872247 0.964758 0.872247 0.969163 0.867841 0.964758 0.863436 0.964758 0.845815 0.960352 0.841410 0.960352 0.828194 0.955947 0.823789
0 0.656388 0.766520 0.647577 0.775330 0.647577 0.779736 0.643172 0.784141 0.643172 0.788546 0.638767 0.792952 0.638767 0.806167 0.647577 0.814978 0.651982 0.810573 0.651982 0.806167 0.656388 0.801762 0.656388 0.788546 0.660793 0.784141 0.660793 0.770925
0 0.118943 0.762115 0.114537 0.762115 0.110132 0.766520 0.105727 0.766520 0.101322 0.770925 0.101322 0.779736 0.088106 0.792952 0.088106 0.801762 0.096916 0.810573 0.101322 0.806167 0.105727 0.806167 0.110132 0.801762 0.110132 0.797357 0.114537 0.792952 0.114537 0.788546 0.118943 0.784141 0.118943 0.779736 0.123348 0.775330 0.123348 0.766520
0 0.841410 0.770925 0.841410 0.775330 0.850220 0.784141 0.854626 0.779736 0.859031 0.779736 0.863436 0.784141 0.867841 0.779736 0.876652 0.779736 0.881057 0.784141 0.885463 0.779736 0.867841 0.762115 0.863436 0.762115 0.859031 0.757709 0.854626 0.757709
0 0.942731 0.748899 0.933921 0.757709 0.933921 0.770925 0.942731 0.779736 0.955947 0.779736 0.960352 0.775330 0.960352 0.762115 0.947137 0.748899
0 0.290749 0.704846 0.286344 0.700441 0.273128 0.713656 0.273128 0.722467 0.268722 0.726872 0.268722 0.744493 0.259912 0.757709 0.255507 0.757709 0.242291 0.766520 0.237885 0.762115 0.233480 0.766520 0.224670 0.766520 0.220264 0.770925 0.207048 0.770925 0.193833 0.784141 0.180617 0.788546 0.176211 0.792952 0.176211 0.797357 0.162996 0.806167 0.149780 0.806167 0.145374 0.810573 0.132159 0.814978 0.123348 0.823789 0.118943 0.823789 0.079295 0.845815 0.066079 0.845815 0.044053 0.859031 0.035242 0.859031 0.030837 0.863436 0.022026 0.863436 0.008811 0.872247 0.000000 0.872247 0.000000 0.907489 0.004405 0.907489 0.017621 0.898678 0.035242 0.898678 0.039648 0.894273 0.048458 0.894273 0.052863 0.889868 0.074890 0.885463 0.105727 0.863436 0.114537 0.863436 0.118943 0.859031 0.145374 0.859031 0.154185 0.850220 0.154185 0.841410 0.167401 0.832599 0.189427 0.832599 0.193833 0.837004 0.207048 0.828194 0.220264 0.828194 0.233480 0.814978 0.237885 0.814978 0.251101 0.806167 0.264317 0.806167 0.286344 0.784141 0.290749 0.784141 0.286344 0.784141 0.281938 0.779736 0.281938 0.775330 0.273128 0.766520 0.273128 0.757709 0.277533 0.753304 0.277533 0.726872 0.281938 0.722467 0.281938 0.718062 0.290749 0.709251
0 0.638767 0.696035 0.625551 0.696035 0.612335 0.709251 0.612335 0.713656 0.621145 0.722467 0.629956 0.722467 0.634361 0.718062 0.634361 0.713656 0.643172 0.704846 0.643172 0.700441
0 0.810573 0.687225 0.806167 0.691630 0.801762 0.691630 0.801762 0.696035 0.806167 0.700441 0.806167 0.709251 0.801762 0.713656 0.801762 0.735683 0.797357 0.740088 0.792952 0.740088 0.784141 0.748899 0.784141 0.762115 0.788546 0.766520 0.797357 0.766520 0.806167 0.757709 0.806167 0.748899 0.801762 0.744493 0.801762 0.735683 0.806167 0.731278 0.810573 0.731278 0.814978 0.726872 0.814978 0.722467 0.819383 0.718062 0.819383 0.713656 0.823789 0.709251 0.823789 0.704846 0.819383 0.700441 0.819383 0.696035
0 0.132159 0.687225 0.132159 0.696035 0.136564 0.700441 0.149780 0.700441 0.154185 0.704846 0.158590 0.704846 0.162996 0.709251 0.167401 0.704846 0.171806 0.704846 0.176211 0.700441 0.180617 0.700441 0.176211 0.700441 0.171806 0.696035 0.167401 0.696035 0.162996 0.691630 0.158590 0.691630 0.149780 0.682819 0.136564 0.682819
0 0.378855 0.643172 0.374449 0.638767 0.361233 0.638767 0.356828 0.643172 0.352423 0.643172 0.348018 0.647577 0.343612 0.647577 0.334802 0.656388 0.334802 0.660793 0.339207 0.665198 0.343612 0.665198 0.348018 0.660793 0.352423 0.660793 0.356828 0.656388 0.361233 0.660793 0.365639 0.656388 0.370044 0.656388 0.378855 0.647577
0 0.497797 0.656388 0.488987 0.647577 0.471366 0.647577 0.466960 0.651982 0.462555 0.647577 0.458150 0.647577 0.453745 0.643172 0.453745 0.625551 0.462555 0.616740 0.458150 0.612335 0.449339 0.621145 0.449339 0.625551 0.444934 0.629956 0.440529 0.629956 0.436123 0.634361 0.422908 0.634361 0.414097 0.643172 0.414097 0.651982 0.400881 0.665198 0.396476 0.665198 0.392070 0.669604 0.392070 0.674009 0.396476 0.678414 0.405286 0.678414 0.414097 0.669604 0.414097 0.660793 0.418502 0.656388 0.422908 0.656388 0.427313 0.651982 0.431718 0.651982 0.436123 0.647577 0.449339 0.647577 0.453745 0.643172 0.458150 0.647577 0.462555 0.647577 0.471366 0.656388 0.475771 0.656388 0.484582 0.665198 0.493392 0.665198 0.497797 0.660793
0 0.325991 0.599119 0.321586 0.594714 0.317181 0.594714 0.312775 0.590308 0.303965 0.590308 0.299559 0.585903 0.295154 0.585903 0.255507 0.563877 0.246696 0.563877 0.233480 0.572687 0.198238 0.572687 0.176211 0.585903 0.167401 0.585903 0.162996 0.590308 0.149780 0.590308 0.145374 0.594714 0.136564 0.594714 0.132159 0.599119 0.127753 0.599119 0.123348 0.594714 0.105727 0.594714 0.101322 0.599119 0.092511 0.599119 0.074890 0.616740 0.070485 0.616740 0.066079 0.621145 0.052863 0.621145 0.039648 0.629956 0.022026 0.629956 0.000000 0.643172 0.000000 0.704846 0.004405 0.709251 0.013216 0.700441 0.013216 0.696035 0.017621 0.691630 0.022026 0.691630 0.052863 0.674009 0.061674 0.674009 0.066079 0.669604 0.079295 0.669604 0.083700 0.665198 0.088106 0.669604 0.114537 0.651982 0.127753 0.651982 0.132159 0.647577 0.132159 0.638767 0.136564 0.634361 0.140969 0.634361 0.162996 0.621145 0.180617 0.621145 0.185022 0.616740 0.198238 0.616740 0.202643 0.612335 0.207048 0.616740 0.215859 0.616740 0.220264 0.612335 0.233480 0.612335 0.246696 0.603524 0.268722 0.603524 0.290749 0.616740 0.312775 0.621145 0.325991 0.629956 0.330396 0.625551 0.321586 0.616740 0.321586 0.607930 0.325991 0.603524
0 0.110132 0.537445 0.105727 0.533040 0.101322 0.533040 0.088106 0.546256 0.083700 0.546256 0.079295 0.550661 0.074890 0.550661 0.057269 0.568282 0.057269 0.577093 0.061674 0.581498 0.070485 0.581498 0.083700 0.568282 0.088106 0.568282 0.092511 0.563877 0.092511 0.559471 0.096916 0.555066 0.101322 0.555066 0.105727 0.550661 0.105727 0.541850
0 0.823789 0.581498 0.819383 0.577093 0.779736 0.577093 0.775330 0.572687 0.770925 0.572687 0.762115 0.563877 0.757709 0.563877 0.744493 0.555066 0.744493 0.541850 0.726872 0.524229 0.722467 0.524229 0.709251 0.515419 0.704846 0.519824 0.704846 0.524229 0.696035 0.533040 0.691630 0.533040 0.687225 0.537445 0.682819 0.537445 0.678414 0.533040 0.669604 0.533040 0.647577 0.519824 0.643172 0.524229 0.634361 0.524229 0.629956 0.528634 0.621145 0.528634 0.599119 0.546256 0.585903 0.550661 0.577093 0.559471 0.577093 0.563877 0.572687 0.568282 0.568282 0.568282 0.563877 0.572687 0.550661 0.572687 0.546256 0.577093 0.537445 0.577093 0.524229 0.585903 0.511013 0.581498 0.497797 0.594714 0.493392 0.594714 0.480176 0.603524 0.484582 0.607930 0.493392 0.607930 0.497797 0.603524 0.519824 0.594714 0.533040 0.603524 0.533040 0.612335 0.528634 0.616740 0.533040 0.621145 0.537445 0.621145 0.559471 0.607930 0.581498 0.607930 0.585903 0.603524 0.590308 0.603524 0.603524 0.590308 0.607930 0.590308 0.638767 0.559471 0.643172 0.559471 0.647577 0.555066 0.665198 0.555066 0.669604 0.559471 0.726872 0.559471 0.731278 0.563877 0.744493 0.568282 0.753304 0.577093 0.766520 0.581498 0.775330 0.590308 0.779736 0.585903 0.819383 0.585903
0 0.370044 0.559471 0.374449 0.563877 0.374449 0.568282 0.383260 0.577093 0.387665 0.577093 0.396476 0.585903 0.396476 0.590308 0.400881 0.594714 0.405286 0.590308 0.409692 0.590308 0.414097 0.585903 0.427313 0.585903 0.431718 0.581498 0.440529 0.581498 0.444934 0.577093 0.449339 0.577093 0.475771 0.550661 0.480176 0.550661 0.488987 0.541850 0.488987 0.533040 0.502203 0.519824 0.506608 0.519824 0.511013 0.515419 0.515419 0.515419 0.519824 0.511013 0.511013 0.502203 0.506608 0.506608 0.502203 0.506608 0.497797 0.511013 0.493392 0.511013 0.488987 0.515419 0.488987 0.519824 0.480176 0.528634 0.480176 0.537445 0.475771 0.541850 0.471366 0.541850 0.444934 0.568282 0.440529 0.568282 0.436123 0.572687 0.431718 0.572687 0.427313 0.577093 0.414097 0.577093 0.409692 0.581498 0.405286 0.581498 0.400881 0.577093 0.396476 0.577093 0.392070 0.572687 0.392070 0.537445 0.400881 0.528634 0.405286 0.528634 0.409692 0.524229 0.414097 0.524229 0.418502 0.519824 0.422908 0.519824 0.431718 0.511013 0.431718 0.506608 0.436123 0.502203 0.431718 0.497797 0.418502 0.497797 0.414097 0.502203 0.409692 0.502203 0.396476 0.515419 0.392070 0.515419 0.387665 0.519824 0.387665 0.524229 0.378855 0.533040 0.378855 0.541850 0.374449 0.546256 0.374449 0.555066
0 0.061674 0.480176 0.057269 0.480176 0.039648 0.497797 0.039648 0.502203 0.035242 0.506608 0.044053 0.515419 0.048458 0.515419 0.052863 0.511013 0.057269 0.511013 0.074890 0.493392
0 0.929515 0.436123 0.916300 0.436123 0.911894 0.440529 0.911894 0.444934 0.907489 0.449339 0.907489 0.458150 0.911894 0.462555 0.920705 0.462555 0.933921 0.449339 0.933921 0.440529
0 0.114537 0.427313 0.114537 0.431718 0.110132 0.436123 0.110132 0.440529 0.114537 0.444934 0.114537 0.449339 0.118943 0.453745 0.127753 0.453745 0.132159 0.458150 0.136564 0.458150 0.140969 0.462555 0.140969 0.471366 0.118943 0.493392 0.118943 0.502203 0.123348 0.506608 0.127753 0.502203 0.132159 0.502203 0.140969 0.493392 0.140969 0.488987 0.154185 0.475771 0.158590 0.475771 0.167401 0.466960 0.162996 0.462555 0.149780 0.462555 0.145374 0.458150 0.140969 0.458150 0.136564 0.453745 0.136564 0.440529 0.132159 0.436123 0.127753 0.436123 0.123348 0.431718 0.118943 0.431718
0 0.233480 0.396476 0.229075 0.392070 0.224670 0.396476 0.220264 0.392070 0.215859 0.392070 0.207048 0.383260 0.202643 0.383260 0.198238 0.387665 0.198238 0.392070 0.193833 0.396476 0.193833 0.400881 0.189427 0.405286 0.185022 0.405286 0.180617 0.409692 0.180617 0.418502 0.185022 0.422908 0.189427 0.422908 0.198238 0.414097 0.198238 0.405286 0.202643 0.400881 0.207048 0.400881 0.211454 0.396476 0.215859 0.400881 0.220264 0.400881 0.229075 0.409692 0.233480 0.405286
0 0.114537 0.356828 0.105727 0.365639 0.105727 0.370044 0.101322 0.374449 0.101322 0.392070 0.096916 0.396476 0.096916 0.409692 0.105727 0.418502 0.110132 0.418502 0.110132 0.409692 0.114537 0.405286 0.114537 0.400881 0.118943 0.396476 0.118943 0.361233
0 0.753304 0.334802 0.744493 0.343612 0.744493 0.348018 0.748899 0.352423 0.748899 0.370044 0.744493 0.374449 0.744493 0.383260 0.740088 0.387665 0.740088 0.396476 0.744493 0.400881 0.748899 0.400881 0.753304 0.396476 0.753304 0.387665 0.762115 0.378855 0.762115 0.365639 0.766520 0.361233 0.766520 0.356828 0.762115 0.352423 0.762115 0.343612
0 0.867841 0.312775 0.863436 0.312775 0.859031 0.308370 0.854626 0.308370 0.845815 0.317181 0.845815 0.325991 0.841410 0.330396 0.837004 0.330396 0.832599 0.334802 0.832599 0.339207 0.841410 0.348018 0.850220 0.348018 0.859031 0.339207 0.859031 0.334802 0.872247 0.321586 0.872247 0.317181
0 0.356828 0.299559 0.352423 0.303965 0.352423 0.308370 0.348018 0.312775 0.348018 0.325991 0.352423 0.330396 0.365639 0.330396 0.370044 0.325991 0.370044 0.312775
0 0.995595 0.286344 0.986784 0.286344 0.951542 0.325991 0.938326 0.330396 0.894273 0.370044 0.898678 0.387665 0.889868 0.405286 0.850220 0.422908 0.819383 0.458150 0.788546 0.480176 0.766520 0.475771 0.757709 0.462555 0.762115 0.449339 0.788546 0.436123 0.784141 0.431718 0.766520 0.436123 0.753304 0.427313 0.748899 0.431718 0.753304 0.444934 0.748899 0.466960 0.731278 0.480176 0.704846 0.475771 0.696035 0.466960 0.691630 0.449339 0.696035 0.427313 0.687225 0.418502 0.682819 0.422908 0.687225 0.427313 0.687225 0.444934 0.682819 0.449339 0.643172 0.462555 0.616740 0.449339 0.599119 0.462555 0.607930 0.471366 0.621145 0.462555 0.643172 0.471366 0.651982 0.480176 0.682819 0.471366 0.709251 0.488987 0.731278 0.488987 0.735683 0.484582 0.744493 0.488987 0.779736 0.488987 0.792952 0.497797 0.788546 0.524229 0.801762 0.528634 0.814978 0.515419 0.792952 0.497797 0.797357 0.484582 0.841410 0.453745 0.845815 0.458150 0.920705 0.400881 0.929515 0.405286 0.951542 0.400881 0.969163 0.383260 0.969163 0.374449 0.977974 0.365639 0.995595 0.361233 0.995595 0.339207 0.986784 0.339207 0.977974 0.348018 0.973568 0.365639 0.933921 0.383260 0.920705 0.374449 0.920705 0.361233 0.942731 0.339207 0.955947 0.334802 0.982379 0.312775 0.991189 0.317181 0.995595 0.312775
0 0.207048 0.277533 0.202643 0.277533 0.198238 0.281938 0.193833 0.281938 0.189427 0.286344 0.189427 0.290749 0.185022 0.295154 0.185022 0.303965 0.189427 0.308370 0.202643 0.308370 0.207048 0.303965 0.207048 0.299559 0.211454 0.295154 0.211454 0.281938
0 0.466960 0.268722 0.458150 0.268722 0.453745 0.273128 0.453745 0.277533 0.449339 0.281938 0.444934 0.281938 0.440529 0.286344 0.440529 0.299559 0.444934 0.303965 0.449339 0.303965 0.458150 0.295154 0.458150 0.286344 0.462555 0.281938 0.466960 0.281938 0.471366 0.277533 0.471366 0.273128
0 0.837004 0.229075 0.828194 0.237885 0.828194 0.242291 0.837004 0.251101 0.841410 0.251101 0.845815 0.255507 0.854626 0.255507 0.859031 0.251101 0.859031 0.233480 0.854626 0.229075
0 0.418502 0.220264 0.414097 0.220264 0.409692 0.224670 0.409692 0.233480 0.405286 0.237885 0.405286 0.251101 0.409692 0.255507 0.414097 0.255507 0.422908 0.246696 0.422908 0.237885 0.427313 0.233480 0.422908 0.229075 0.422908 0.224670
0 0.669604 0.211454 0.665198 0.215859 0.669604 0.220264 0.669604 0.229075 0.674009 0.233480 0.674009 0.242291 0.669604 0.246696 0.665198 0.246696 0.660793 0.251101 0.660793 0.273128 0.669604 0.281938 0.678414 0.281938 0.682819 0.277533 0.682819 0.264317 0.678414 0.259912 0.678414 0.251101 0.674009 0.246696 0.674009 0.233480 0.678414 0.229075 0.678414 0.215859 0.674009 0.211454
0 0.348018 0.162996 0.343612 0.167401 0.348018 0.171806 0.348018 0.180617 0.352423 0.185022 0.352423 0.189427 0.356828 0.193833 0.370044 0.193833 0.374449 0.189427 0.374449 0.180617 0.356828 0.162996
0 0.519824 0.127753 0.519824 0.136564 0.528634 0.145374 0.550661 0.145374 0.559471 0.136564 0.555066 0.132159 0.550661 0.132159 0.546256 0.127753 0.537445 0.127753 0.533040 0.123348 0.524229 0.123348
0 0.621145 0.114537 0.599119 0.136564 0.599119 0.145374 0.603524 0.149780 0.612335 0.149780 0.616740 0.145374 0.621145 0.145374 0.634361 0.132159 0.634361 0.127753
0 0.973568 0.105727 0.969163 0.105727 0.960352 0.114537 0.960352 0.132159 0.964758 0.136564 0.969163 0.136564 0.982379 0.123348 0.982379 0.114537
0 0.383260 0.101322 0.378855 0.105727 0.374449 0.105727 0.370044 0.110132 0.370044 0.114537 0.365639 0.118943 0.365639 0.123348 0.374449 0.132159 0.378855 0.127753 0.383260 0.127753 0.392070 0.118943 0.392070 0.114537 0.387665 0.110132 0.387665 0.105727
0 0.259912 0.092511 0.264317 0.096916 0.264317 0.101322 0.277533 0.114537 0.286344 0.114537 0.290749 0.118943 0.295154 0.114537 0.299559 0.114537 0.303965 0.118943 0.308370 0.114537 0.308370 0.110132 0.299559 0.101322 0.290749 0.101322 0.286344 0.096916 0.281938 0.096916 0.273128 0.088106 0.268722 0.092511 0.264317 0.088106
0 0.070485 0.066079 0.066079 0.070485 0.070485 0.074890 0.070485 0.079295 0.083700 0.092511 0.083700 0.101322 0.066079 0.118943 0.066079 0.149780 0.044053 0.171806 0.044053 0.176211 0.048458 0.180617 0.066079 0.180617 0.070485 0.176211 0.070485 0.158590 0.083700 0.145374 0.083700 0.136564 0.088106 0.132159 0.088106 0.096916 0.092511 0.092511 0.092511 0.088106
0 0.740088 0.035242 0.735683 0.039648 0.735683 0.044053 0.753304 0.061674 0.753304 0.066079 0.766520 0.079295 0.779736 0.079295 0.784141 0.074890 0.784141 0.066079 0.775330 0.057269 0.775330 0.052863 0.766520 0.044053 0.762115 0.044053 0.757709 0.039648 0.753304 0.039648 0.748899 0.035242
0 0.515419 0.017621 0.511013 0.022026 0.511013 0.035242 0.515419 0.039648 0.519824 0.035242 0.524229 0.039648 0.528634 0.039648 0.537445 0.048458 0.537445 0.061674 0.541850 0.066079 0.541850 0.074890 0.546256 0.079295 0.546256 0.083700 0.555066 0.092511 0.559471 0.092511 0.563877 0.096916 0.572687 0.096916 0.577093 0.092511 0.577093 0.088106 0.555066 0.066079 0.555066 0.030837 0.550661 0.026432 0.541850 0.026432 0.537445 0.030837 0.533040 0.030837 0.528634 0.026432 0.524229 0.026432
