0 0.325991 0.885463 0.317181 0.876652 0.312775 0.881057 0.303965 0.881057 0.299559 0.885463 0.299559 0.889868 0.295154 0.894273 0.290749 0.894273 0.286344 0.898678 0.277533 0.898678 0.273128 0.903084 0.273128 0.907489 0.281938 0.916300 0.295154 0.916300 0.299559 0.911894 0.299559 0.907489 0.308370 0.898678 0.312775 0.898678 0.317181 0.894273 0.321586 0.894273 0.325991 0.889868
0 0.502203 0.872247 0.493392 0.881057 0.493392 0.889868 0.497797 0.894273 0.497797 0.907489 0.493392 0.911894 0.493392 0.920705 0.497797 0.925110 0.506608 0.925110 0.515419 0.916300 0.506608 0.907489 0.502203 0.907489 0.497797 0.903084 0.497797 0.894273 0.506608 0.885463 0.506608 0.876652
0 0.964758 0.863436 0.960352 0.859031 0.947137 0.859031 0.938326 0.867841 0.933921 0.867841 0.929515 0.872247 0.920705 0.872247 0.916300 0.867841 0.911894 0.872247 0.907489 0.872247 0.903084 0.876652 0.898678 0.876652 0.894273 0.881057 0.889868 0.881057 0.885463 0.885463 0.889868 0.889868 0.907489 0.889868 0.911894 0.885463 0.925110 0.885463 0.929515 0.881057 0.933921 0.881057 0.938326 0.876652 0.947137 0.876652 0.951542 0.872247 0.955947 0.876652 0.964758 0.867841
0 0.471366 0.876652 0.466960 0.872247 0.462555 0.872247 0.440529 0.850220 0.436123 0.850220 0.427313 0.859031 0.422908 0.859031 0.418502 0.863436 0.405286 0.863436 0.392070 0.876652 0.396476 0.881057 0.409692 0.881057 0.414097 0.876652 0.414097 0.872247 0.418502 0.867841 0.422908 0.867841 0.427313 0.863436 0.431718 0.867841 0.436123 0.867841 0.440529 0.872247 0.453745 0.872247 0.458150 0.876652 0.462555 0.876652 0.466960 0.881057
0 0.185022 0.859031 0.176211 0.850220 0.171806 0.854626 0.162996 0.854626 0.154185 0.863436 0.154185 0.867841 0.149780 0.872247 0.145374 0.872247 0.140969 0.876652 0.136564 0.872247 0.132159 0.876652 0.123348 0.876652 0.118943 0.881057 0.114537 0.881057 0.096916 0.898678 0.101322 0.903084 0.114537 0.903084 0.118943 0.898678 0.127753 0.898678 0.132159 0.894273 0.132159 0.889868 0.140969 0.881057 0.140969 0.876652 0.145374 0.872247 0.149780 0.872247 0.154185 0.867841 0.158590 0.872247 0.176211 0.872247 0.185022 0.863436
0 0.797357 0.832599 0.801762 0.837004 0.806167 0.837004 0.810573 0.841410 0.823789 0.841410 0.828194 0.837004 0.832599 0.837004 0.837004 0.832599 0.854626 0.832599 0.859031 0.828194 0.850220 0.819383 0.837004 0.819383 0.832599 0.814978 0.823789 0.814978 0.819383 0.819383 0.814978 0.819383 0.810573 0.823789 0.801762 0.823789 0.797357 0.828194
0 0.480176 0.792952 0.475771 0.797357 0.475771 0.806167 0.493392 0.823789 0.497797 0.819383 0.497797 0.797357 0.493392 0.792952
0 0.105727 0.788546 0.101322 0.784141 0.088106 0.784141 0.083700 0.788546 0.074890 0.788546 0.061674 0.801762 0.066079 0.806167 0.088106 0.806167 0.092511 0.801762 0.096916 0.801762 0.105727 0.792952
0 0.612335 0.775330 0.612335 0.779736 0.616740 0.784141 0.621145 0.784141 0.625551 0.788546 0.634361 0.788546 0.638767 0.792952 0.643172 0.792952 0.647577 0.797357 0.651982 0.797357 0.656388 0.801762 0.660793 0.797357 0.651982 0.788546 0.647577 0.788546 0.638767 0.779736 0.634361 0.779736 0.629956 0.775330 0.625551 0.775330 0.621145 0.770925 0.616740 0.770925
0 0.995595 0.766520 0.991189 0.762115 0.969163 0.762115 0.964758 0.766520 0.955947 0.766520 0.951542 0.770925 0.947137 0.770925 0.942731 0.775330 0.929515 0.775330 0.925110 0.779736 0.920705 0.775330 0.916300 0.779736 0.916300 0.784141 0.907489 0.792952 0.907489 0.801762 0.916300 0.810573 0.920705 0.810573 0.925110 0.814978 0.925110 0.823789 0.929515 0.828194 0.933921 0.828194 0.960352 0.801762 0.964758 0.801762 0.969163 0.797357 0.973568 0.797357 0.977974 0.792952 0.982379 0.797357 0.986784 0.797357 0.991189 0.801762 0.991189 0.810573 0.986784 0.814978 0.986784 0.823789 0.991189 0.828194 0.995595 0.823789
0 0.374449 0.762115 0.365639 0.753304 0.361233 0.757709 0.356828 0.757709 0.352423 0.762115 0.352423 0.779736 0.343612 0.788546 0.339207 0.788546 0.334802 0.792952 0.330396 0.792952 0.325991 0.797357 0.317181 0.797357 0.312775 0.792952 0.299559 0.792952 0.295154 0.797357 0.290749 0.797357 0.286344 0.801762 0.281938 0.801762 0.273128 0.810573 0.268722 0.810573 0.264317 0.814978 0.259912 0.814978 0.251101 0.823789 0.246696 0.823789 0.242291 0.828194 0.233480 0.828194 0.229075 0.832599 0.224670 0.832599 0.220264 0.837004 0.224670 0.841410 0.229075 0.841410 0.233480 0.845815 0.246696 0.845815 0.251101 0.841410 0.259912 0.841410 0.277533 0.823789 0.281938 0.823789 0.286344 0.819383 0.295154 0.819383 0.299559 0.814978 0.312775 0.814978 0.317181 0.810573 0.325991 0.810573 0.330396 0.806167 0.339207 0.806167 0.352423 0.792952 0.356828 0.792952 0.361233 0.788546 0.361233 0.784141 0.370044 0.775330 0.370044 0.770925 0.374449 0.766520
0 0.894273 0.678414 0.898678 0.682819 0.907489 0.682819 0.911894 0.687225 0.916300 0.682819 0.920705 0.687225 0.925110 0.687225 0.929515 0.682819 0.933921 0.682819 0.938326 0.687225 0.942731 0.682819 0.947137 0.682819 0.951542 0.678414 0.947137 0.674009 0.933921 0.674009 0.929515 0.669604 0.911894 0.669604 0.907489 0.674009 0.898678 0.674009
0 0.339207 0.674009 0.330396 0.665198 0.321586 0.674009 0.317181 0.674009 0.312775 0.678414 0.303965 0.678414 0.299559 0.682819 0.299559 0.691630 0.303965 0.696035 0.308370 0.691630 0.312775 0.691630 0.317181 0.696035 0.330396 0.696035 0.334802 0.691630 0.334802 0.687225 0.339207 0.682819
0 0.814978 0.665198 0.810573 0.660793 0.801762 0.660793 0.797357 0.665198 0.792952 0.665198 0.788546 0.669604 0.779736 0.669604 0.770925 0.678414 0.770925 0.687225 0.779736 0.696035 0.784141 0.696035 0.797357 0.682819 0.801762 0.682819 0.814978 0.669604
0 0.471366 0.665198 0.466960 0.660793 0.462555 0.660793 0.458150 0.656388 0.453745 0.660793 0.449339 0.660793 0.444934 0.665198 0.444934 0.669604 0.436123 0.678414 0.436123 0.682819 0.427313 0.691630 0.427313 0.696035 0.431718 0.700441 0.436123 0.696035 0.444934 0.696035 0.453745 0.687225 0.458150 0.687225 0.462555 0.682819 0.462555 0.678414 0.471366 0.669604
0 0.083700 0.656388 0.092511 0.665198 0.096916 0.665198 0.101322 0.660793 0.123348 0.660793 0.136564 0.647577 0.132159 0.643172 0.092511 0.643172 0.083700 0.651982
0 0.969163 0.599119 0.964758 0.594714 0.955947 0.594714 0.951542 0.599119 0.947137 0.599119 0.942731 0.603524 0.938326 0.603524 0.925110 0.616740 0.920705 0.616740 0.916300 0.621145 0.916300 0.625551 0.925110 0.634361 0.933921 0.625551 0.938326 0.625551 0.942731 0.621145 0.947137 0.625551 0.951542 0.621145 0.955947 0.621145 0.969163 0.607930
0 0.616740 0.594714 0.616740 0.599119 0.621145 0.603524 0.625551 0.603524 0.634361 0.612335 0.634361 0.616740 0.643172 0.625551 0.647577 0.625551 0.651982 0.629956 0.656388 0.629956 0.660793 0.634361 0.682819 0.634361 0.687225 0.629956 0.691630 0.629956 0.696035 0.625551 0.700441 0.625551 0.704846 0.621145 0.696035 0.612335 0.691630 0.612335 0.687225 0.616740 0.674009 0.616740 0.669604 0.612335 0.665198 0.612335 0.660793 0.607930 0.651982 0.607930 0.647577 0.603524 0.643172 0.603524 0.629956 0.590308 0.621145 0.590308
0 0.735683 0.572687 0.731278 0.572687 0.718062 0.585903 0.718062 0.599119 0.722467 0.603524 0.726872 0.603524 0.740088 0.590308 0.740088 0.577093
0 0.590308 0.541850 0.607930 0.559471 0.616740 0.559471 0.621145 0.563877 0.625551 0.563877 0.629956 0.568282 0.643172 0.568282 0.647577 0.563877 0.651982 0.563877 0.656388 0.559471 0.669604 0.559471 0.674009 0.563877 0.678414 0.563877 0.682819 0.568282 0.700441 0.568282 0.704846 0.563877 0.704846 0.550661 0.700441 0.546256 0.687225 0.546256 0.682819 0.550661 0.665198 0.550661 0.660793 0.546256 0.643172 0.546256 0.638767 0.550661 0.634361 0.550661 0.629956 0.546256 0.625551 0.546256 0.612335 0.533040 0.607930 0.533040 0.603524 0.537445 0.594714 0.537445
0 0.872247 0.533040 0.863436 0.524229 0.859031 0.528634 0.854626 0.528634 0.850220 0.533040 0.845815 0.533040 0.828194 0.550661 0.823789 0.550661 0.819383 0.555066 0.814978 0.550661 0.810573 0.550661 0.806167 0.546256 0.801762 0.546256 0.792952 0.537445 0.788546 0.537445 0.784141 0.541850 0.779736 0.541850 0.775330 0.546256 0.770925 0.546256 0.762115 0.555066 0.770925 0.563877 0.775330 0.559471 0.779736 0.559471 0.784141 0.563877 0.788546 0.559471 0.792952 0.559471 0.797357 0.555066 0.810573 0.555066 0.814978 0.559471 0.819383 0.559471 0.832599 0.572687 0.837004 0.572687 0.841410 0.568282 0.841410 0.559471 0.845815 0.555066 0.845815 0.550661 0.850220 0.546256 0.854626 0.546256 0.859031 0.541850 0.867841 0.541850 0.872247 0.537445
0 0.920705 0.475771 0.916300 0.480176 0.916300 0.488987 0.925110 0.497797 0.938326 0.497797 0.942731 0.493392 0.942731 0.480176 0.938326 0.475771
0 0.550661 0.475771 0.550661 0.480176 0.555066 0.484582 0.559471 0.484582 0.568282 0.493392 0.572687 0.493392 0.577093 0.497797 0.581498 0.493392 0.590308 0.493392 0.594714 0.488987 0.572687 0.466960 0.568282 0.466960 0.563877 0.471366 0.555066 0.471366
0 0.823789 0.466960 0.828194 0.471366 0.828194 0.475771 0.832599 0.480176 0.837004 0.480176 0.841410 0.475771 0.845815 0.475771 0.850220 0.471366 0.859031 0.471366 0.863436 0.475771 0.872247 0.466960 0.872247 0.462555 0.867841 0.458150 0.832599 0.458150
0 0.625551 0.475771 0.629956 0.480176 0.647577 0.480176 0.651982 0.475771 0.656388 0.480176 0.660793 0.480176 0.669604 0.471366 0.669604 0.466960 0.674009 0.462555 0.669604 0.458150 0.643172 0.458150
0 0.502203 0.449339 0.484582 0.449339 0.475771 0.458150 0.471366 0.458150 0.466960 0.462555 0.462555 0.462555 0.458150 0.458150 0.453745 0.458150 0.449339 0.462555 0.444934 0.458150 0.436123 0.458150 0.427313 0.466960 0.431718 0.471366 0.444934 0.471366 0.449339 0.475771 0.453745 0.475771 0.458150 0.480176 0.458150 0.493392 0.444934 0.506608 0.444934 0.511013 0.449339 0.515419 0.453745 0.515419 0.458150 0.511013 0.462555 0.511013 0.471366 0.502203 0.471366 0.484582 0.475771 0.480176 0.475771 0.471366 0.484582 0.462555 0.488987 0.462555 0.493392 0.458150 0.502203 0.458150 0.506608 0.453745
0 0.215859 0.400881 0.220264 0.405286 0.220264 0.409692 0.224670 0.414097 0.229075 0.414097 0.233480 0.418502 0.237885 0.418502 0.242291 0.422908 0.246696 0.422908 0.251101 0.427313 0.255507 0.422908 0.259912 0.427313 0.264317 0.422908 0.268722 0.422908 0.273128 0.418502 0.281938 0.418502 0.290749 0.409692 0.286344 0.405286 0.273128 0.405286 0.268722 0.409692 0.246696 0.409692 0.242291 0.405286 0.237885 0.405286 0.233480 0.400881 0.233480 0.396476 0.229075 0.392070 0.224670 0.396476 0.220264 0.396476
0 0.370044 0.352423 0.365639 0.356828 0.365639 0.370044 0.352423 0.383260 0.348018 0.383260 0.334802 0.396476 0.334802 0.422908 0.339207 0.427313 0.348018 0.418502 0.348018 0.414097 0.352423 0.409692 0.352423 0.405286 0.356828 0.400881 0.356828 0.392070 0.370044 0.378855 0.370044 0.365639 0.374449 0.361233 0.374449 0.356828
0 0.911894 0.343612 0.920705 0.352423 0.929515 0.352423 0.933921 0.348018 0.951542 0.348018 0.955947 0.352423 0.960352 0.352423 0.969163 0.343612 0.973568 0.343612 0.977974 0.339207 0.973568 0.334802 0.969163 0.339207 0.964758 0.334802 0.960352 0.339207 0.951542 0.339207 0.947137 0.334802 0.942731 0.334802 0.938326 0.339207 0.933921 0.334802 0.925110 0.334802 0.920705 0.330396 0.911894 0.339207
0 0.317181 0.303965 0.308370 0.303965 0.303965 0.308370 0.299559 0.308370 0.290749 0.317181 0.290749 0.321586 0.281938 0.330396 0.281938 0.339207 0.286344 0.343612 0.295154 0.343612 0.308370 0.330396 0.312775 0.330396 0.317181 0.325991 0.317181 0.317181 0.321586 0.312775 0.321586 0.308370
0 0.691630 0.303965 0.687225 0.299559 0.678414 0.308370 0.674009 0.308370 0.669604 0.312775 0.665198 0.308370 0.660793 0.308370 0.656388 0.303965 0.651982 0.308370 0.647577 0.308370 0.643172 0.312775 0.643172 0.317181 0.638767 0.321586 0.647577 0.330396 0.651982 0.330396 0.656388 0.325991 0.665198 0.325991 0.669604 0.321586 0.669604 0.312775 0.674009 0.308370 0.678414 0.308370 0.682819 0.303965 0.687225 0.308370
0 0.436123 0.299559 0.418502 0.317181 0.418502 0.330396 0.422908 0.334802 0.427313 0.330396 0.431718 0.330396 0.436123 0.325991 0.436123 0.321586 0.444934 0.312775 0.444934 0.308370
0 0.215859 0.299559 0.211454 0.295154 0.198238 0.295154 0.180617 0.312775 0.176211 0.312775 0.171806 0.317181 0.167401 0.317181 0.162996 0.312775 0.158590 0.312775 0.154185 0.317181 0.154185 0.325991 0.158590 0.330396 0.162996 0.325991 0.167401 0.325991 0.171806 0.321586 0.176211 0.321586 0.180617 0.317181 0.185022 0.317181 0.189427 0.321586 0.193833 0.317181 0.198238 0.317181
0 0.286344 0.251101 0.290749 0.255507 0.312775 0.255507 0.317181 0.251101 0.321586 0.255507 0.330396 0.255507 0.334802 0.259912 0.343612 0.259912 0.348018 0.255507 0.348018 0.246696 0.343612 0.242291 0.334802 0.242291 0.330396 0.237885 0.325991 0.242291 0.321586 0.242291 0.317181 0.237885 0.299559 0.237885
0 0.603524 0.242291 0.594714 0.233480 0.585903 0.233480 0.581498 0.237885 0.572687 0.237885 0.563877 0.246696 0.563877 0.251101 0.572687 0.259912 0.577093 0.255507 0.581498 0.259912 0.590308 0.259912 0.603524 0.246696
0 0.462555 0.242291 0.453745 0.233480 0.436123 0.233480 0.431718 0.237885 0.427313 0.237885 0.409692 0.255507 0.409692 0.264317 0.414097 0.268722 0.427313 0.268722 0.436123 0.259912 0.440529 0.259912 0.444934 0.255507 0.449339 0.255507
0 0.088106 0.193833 0.092511 0.198238 0.101322 0.198238 0.105727 0.202643 0.110132 0.198238 0.114537 0.198238 0.118943 0.193833 0.123348 0.193833 0.127753 0.198238 0.145374 0.198238 0.158590 0.185022 0.154185 0.180617 0.149780 0.180617 0.145374 0.185022 0.123348 0.185022 0.118943 0.180617 0.092511 0.180617 0.088106 0.185022
0 0.519824 0.158590 0.511013 0.167401 0.511013 0.171806 0.497797 0.185022 0.497797 0.189427 0.493392 0.193833 0.506608 0.207048 0.511013 0.207048 0.515419 0.202643 0.519824 0.202643 0.524229 0.198238 0.524229 0.193833 0.515419 0.185022 0.515419 0.176211 0.524229 0.167401 0.524229 0.162996
0 0.414097 0.145374 0.405286 0.154185 0.405286 0.167401 0.414097 0.176211 0.414097 0.185022 0.418502 0.189427 0.427313 0.180617 0.422908 0.176211 0.422908 0.158590 0.418502 0.154185 0.418502 0.149780
0 0.876652 0.149780 0.872247 0.145374 0.867841 0.145374 0.863436 0.140969 0.859031 0.145374 0.841410 0.145374 0.837004 0.149780 0.832599 0.149780 0.828194 0.154185 0.823789 0.154185 0.819383 0.158590 0.814978 0.158590 0.810573 0.162996 0.810573 0.167401 0.814978 0.171806 0.819383 0.167401 0.823789 0.171806 0.841410 0.171806 0.845815 0.167401 0.854626 0.167401 0.859031 0.162996 0.872247 0.162996 0.876652 0.158590
0 0.590308 0.132159 0.590308 0.136564 0.599119 0.145374 0.607930 0.145374 0.612335 0.140969 0.647577 0.140969 0.651982 0.145374 0.656388 0.145374 0.660793 0.149780 0.665198 0.149780 0.669604 0.154185 0.674009 0.149780 0.674009 0.145374 0.665198 0.136564 0.656388 0.136564 0.651982 0.132159 0.647577 0.132159 0.638767 0.123348 0.634361 0.123348 0.629956 0.118943 0.616740 0.118943 0.612335 0.123348 0.603524 0.123348 0.599119 0.127753 0.594714 0.127753
0 0.863436 0.052863 0.859031 0.048458 0.850220 0.048458 0.845815 0.052863 0.841410 0.052863 0.837004 0.057269 0.823789 0.057269 0.819383 0.061674 0.814978 0.061674 0.810573 0.066079 0.806167 0.066079 0.801762 0.070485 0.792952 0.070485 0.788546 0.066079 0.757709 0.066079 0.753304 0.070485 0.748899 0.066079 0.731278 0.066079 0.726872 0.070485 0.722467 0.070485 0.718062 0.074890 0.718062 0.079295 0.713656 0.083700 0.718062 0.088106 0.731278 0.088106 0.735683 0.083700 0.784141 0.083700 0.788546 0.079295 0.792952 0.079295 0.797357 0.083700 0.801762 0.083700 0.810573 0.092511 0.814978 0.088106 0.819383 0.088106 0.828194 0.079295 0.832599 0.079295 0.837004 0.074890 0.854626 0.074890 0.863436 0.066079
0 0.237885 0.048458 0.229075 0.057269 0.229075 0.061674 0.246696 0.079295 0.246696 0.083700 0.255507 0.092511 0.264317 0.092511 0.268722 0.088106 0.268722 0.074890 0.251101 0.057269 0.246696 0.057269
0 0.740088 0.000000 0.748899 0.008811 0.823789 0.008811 0.828194 0.004405 0.828194 0.000000
0 0.361233 0.000000 0.348018 0.000000 0.348018 0.008811 0.343612 0.013216 0.339207 0.013216 0.321586 0.030837 0.321586 0.035242 0.312775 0.044053 0.312775 0.048458 0.308370 0.052863 0.312775 0.057269 0.317181 0.057269 0.321586 0.052863 0.325991 0.052863 0.334802 0.044053 0.339207 0.044053 0.352423 0.030837 0.352423 0.026432 0.356828 0.022026 0.356828 0.013216 0.361233 0.008811
0 0.000000 0.000000 0.000000 0.070485 0.022026 0.092511 0.017621 0.154185 0.000000 0.171806 0.000000 0.202643 0.013216 0.211454 0.013216 0.264317 0.000000 0.281938 0.017621 0.303965 0.030837 0.378855 0.096916 0.387665 0.096916 0.405286 0.061674 0.414097 0.052863 0.436123 0.074890 0.440529 0.101322 0.418502 0.123348 0.440529 0.136564 0.515419 0.123348 0.524229 0.101322 0.511013 0.110132 0.537445 0.193833 0.528634 0.242291 0.546256 0.255507 0.528634 0.286344 0.524229 0.290749 0.559471 0.330396 0.559471 0.427313 0.625551 0.506608 0.660793 0.524229 0.713656 0.497797 0.731278 0.449339 0.722467 0.466960 0.748899 0.488987 0.748899 0.524229 0.722467 0.559471 0.748899 0.563877 0.735683 0.541850 0.704846 0.559471 0.691630 0.603524 0.696035 0.594714 0.726872 0.607930 0.744493 0.647577 0.748899 0.704846 0.779736 0.709251 0.814978 0.674009 0.876652 0.696035 0.929515 0.757709 0.977974 0.757709 0.995595 0.797357 0.995595 0.797357 0.942731 0.766520 0.969163 0.726872 0.916300 0.726872 0.788546 0.665198 0.718062 0.612335 0.704846 0.599119 0.669604 0.581498 0.665198 0.563877 0.682819 0.493392 0.638767 0.506608 0.621145 0.550661 0.634361 0.550661 0.616740 0.475771 0.599119 0.436123 0.541850 0.414097 0.568282 0.387665 0.555066 0.374449 0.528634 0.405286 0.502203 0.365639 0.524229 0.330396 0.511013 0.290749 0.528634 0.273128 0.511013 0.215859 0.506608 0.180617 0.488987 0.180617 0.449339 0.211454 0.436123 0.193833 0.440529 0.158590 0.409692 0.140969 0.409692 0.066079 0.339207 0.052863 0.273128 0.052863 0.211454 0.066079 0.198238 0.052863 0.171806 0.096916 0.105727 0.070485 0.096916 0.061674 0.048458 0.035242 0.030837 0.022026 0.000000
