0 0.779736 0.955947 0.775330 0.955947 0.770925 0.960352 0.770925 0.964758 0.766520 0.969163 0.766520 0.973568 0.770925 0.977974 0.770925 0.986784 0.766520 0.991189 0.766520 0.995595 0.784141 0.995595 0.784141 0.960352
0 0.220264 0.955947 0.207048 0.969163 0.207048 0.977974 0.202643 0.982379 0.202643 0.986784 0.198238 0.991189 0.198238 0.995595 0.215859 0.995595 0.215859 0.986784 0.220264 0.982379 0.224670 0.982379 0.229075 0.977974 0.229075 0.964758
0 0.118943 0.942731 0.110132 0.951542 0.110132 0.960352 0.114537 0.964758 0.118943 0.964758 0.132159 0.977974 0.136564 0.973568 0.136564 0.969163 0.140969 0.964758 0.140969 0.955947 0.127753 0.942731
0 0.422908 0.942731 0.414097 0.933921 0.387665 0.933921 0.383260 0.938326 0.378855 0.938326 0.370044 0.947137 0.365639 0.947137 0.361233 0.951542 0.356828 0.951542 0.352423 0.947137 0.343612 0.947137 0.339207 0.951542 0.339207 0.964758 0.343612 0.969163 0.356828 0.969163 0.365639 0.960352 0.370044 0.960352 0.374449 0.955947 0.378855 0.955947 0.383260 0.960352 0.392070 0.960352 0.396476 0.955947 0.400881 0.955947 0.405286 0.951542 0.414097 0.951542
0 0.603524 0.929515 0.594714 0.938326 0.594714 0.951542 0.599119 0.955947 0.612335 0.955947 0.621145 0.947137 0.621145 0.942731 0.616740 0.938326 0.616740 0.933921 0.612335 0.929515
0 0.295154 0.925110 0.290749 0.929515 0.290749 0.933921 0.281938 0.942731 0.281938 0.955947 0.277533 0.960352 0.277533 0.964758 0.299559 0.986784 0.299559 0.995595 0.308370 0.995595 0.308370 0.991189 0.312775 0.986784 0.308370 0.982379 0.308370 0.973568 0.299559 0.964758 0.299559 0.929515
0 0.484582 0.911894 0.471366 0.911894 0.462555 0.920705 0.462555 0.933921 0.466960 0.938326 0.475771 0.938326 0.488987 0.925110 0.488987 0.916300
0 0.995595 0.933921 0.991189 0.929515 0.986784 0.929515 0.977974 0.920705 0.973568 0.925110 0.969163 0.920705 0.964758 0.920705 0.960352 0.916300 0.960352 0.898678 0.955947 0.898678 0.951542 0.894273 0.942731 0.894273 0.938326 0.898678 0.933921 0.898678 0.929515 0.903084 0.920705 0.903084 0.916300 0.907489 0.907489 0.907489 0.903084 0.911894 0.898678 0.907489 0.889868 0.907489 0.885463 0.903084 0.881057 0.907489 0.876652 0.903084 0.872247 0.903084 0.867841 0.907489 0.867841 0.929515 0.863436 0.933921 0.867841 0.938326 0.872247 0.933921 0.872247 0.929515 0.876652 0.925110 0.881057 0.925110 0.885463 0.920705 0.889868 0.920705 0.894273 0.916300 0.898678 0.916300 0.903084 0.920705 0.947137 0.920705 0.951542 0.916300 0.955947 0.916300 0.960352 0.920705 0.964758 0.920705 0.969163 0.925110 0.969163 0.933921 0.973568 0.938326 0.986784 0.938326 0.991189 0.933921
0 0.074890 0.876652 0.061674 0.876652 0.057269 0.881057 0.057269 0.889868 0.052863 0.894273 0.061674 0.903084 0.066079 0.903084 0.070485 0.898678 0.074890 0.898678 0.083700 0.889868 0.083700 0.885463
0 0.784141 0.872247 0.779736 0.876652 0.779736 0.881057 0.775330 0.885463 0.775330 0.903084 0.770925 0.907489 0.770925 0.920705 0.775330 0.925110 0.779736 0.925110 0.788546 0.933921 0.792952 0.929515 0.797357 0.933921 0.801762 0.933921 0.810573 0.942731 0.819383 0.942731 0.823789 0.938326 0.814978 0.929515 0.810573 0.929515 0.806167 0.933921 0.801762 0.933921 0.797357 0.929515 0.792952 0.929515 0.788546 0.925110 0.788546 0.916300 0.792952 0.911894 0.792952 0.903084 0.797357 0.898678 0.797357 0.885463
0 0.995595 0.863436 0.991189 0.863436 0.986784 0.867841 0.977974 0.867841 0.973568 0.872247 0.973568 0.885463 0.977974 0.889868 0.995595 0.889868
0 0.299559 0.859031 0.295154 0.863436 0.295154 0.872247 0.308370 0.885463 0.308370 0.889868 0.312775 0.894273 0.312775 0.903084 0.321586 0.911894 0.325991 0.911894 0.330396 0.907489 0.330396 0.903084 0.334802 0.898678 0.330396 0.894273 0.330396 0.885463 0.325991 0.881057 0.317181 0.881057 0.312775 0.876652 0.308370 0.876652 0.303965 0.872247 0.303965 0.863436
0 0.621145 0.841410 0.621145 0.854626 0.625551 0.859031 0.629956 0.859031 0.634361 0.854626 0.651982 0.854626 0.656388 0.859031 0.660793 0.859031 0.669604 0.850220 0.656388 0.837004 0.651982 0.837004 0.647577 0.832599 0.643172 0.832599 0.638767 0.837004 0.634361 0.832599 0.629956 0.832599
0 0.938326 0.819383 0.938326 0.823789 0.951542 0.837004 0.964758 0.837004 0.969163 0.832599 0.969163 0.828194 0.951542 0.810573 0.947137 0.814978 0.942731 0.814978
0 0.837004 0.810573 0.828194 0.810573 0.819383 0.819383 0.819383 0.832599 0.823789 0.837004 0.828194 0.837004 0.832599 0.832599 0.841410 0.832599 0.845815 0.828194 0.845815 0.819383
0 0.215859 0.819383 0.215859 0.823789 0.220264 0.828194 0.224670 0.828194 0.229075 0.832599 0.233480 0.832599 0.237885 0.837004 0.246696 0.837004 0.251101 0.832599 0.255507 0.832599 0.259912 0.828194 0.264317 0.832599 0.268722 0.832599 0.273128 0.837004 0.277533 0.832599 0.273128 0.828194 0.268722 0.832599 0.264317 0.828194 0.259912 0.828194 0.242291 0.810573 0.229075 0.810573 0.224670 0.814978 0.220264 0.814978
0 0.392070 0.832599 0.400881 0.841410 0.405286 0.841410 0.418502 0.828194 0.422908 0.828194 0.427313 0.823789 0.431718 0.823789 0.436123 0.819383 0.440529 0.819383 0.444934 0.814978 0.449339 0.814978 0.453745 0.819383 0.458150 0.819383 0.466960 0.828194 0.471366 0.823789 0.471366 0.819383 0.466960 0.814978 0.458150 0.814978 0.453745 0.810573 0.449339 0.810573 0.440529 0.801762 0.422908 0.801762 0.418502 0.806167 0.418502 0.810573 0.409692 0.819383 0.405286 0.819383 0.400881 0.823789 0.396476 0.823789 0.392070 0.828194
0 0.629956 0.766520 0.625551 0.762115 0.621145 0.766520 0.616740 0.766520 0.612335 0.770925 0.599119 0.770925 0.590308 0.779736 0.590308 0.784141 0.599119 0.792952 0.603524 0.792952 0.607930 0.797357 0.616740 0.788546 0.616740 0.779736
0 0.916300 0.766520 0.907489 0.757709 0.903084 0.757709 0.898678 0.762115 0.898678 0.766520 0.894273 0.770925 0.889868 0.770925 0.885463 0.775330 0.876652 0.775330 0.867841 0.784141 0.867841 0.788546 0.872247 0.792952 0.894273 0.792952 0.903084 0.784141 0.907489 0.784141 0.916300 0.775330
0 0.784141 0.775330 0.766520 0.757709 0.762115 0.762115 0.757709 0.762115 0.744493 0.775330 0.740088 0.775330 0.731278 0.784141 0.731278 0.792952 0.735683 0.797357 0.740088 0.792952 0.744493 0.797357 0.748899 0.792952 0.753304 0.792952 0.757709 0.788546 0.762115 0.788546 0.766520 0.784141 0.770925 0.784141 0.775330 0.779736 0.779736 0.784141 0.784141 0.779736
0 0.281938 0.722467 0.268722 0.709251 0.259912 0.718062 0.255507 0.718062 0.251101 0.722467 0.246696 0.718062 0.242291 0.718062 0.237885 0.713656 0.233480 0.713656 0.229075 0.709251 0.224670 0.709251 0.220264 0.704846 0.220264 0.700441 0.215859 0.696035 0.211454 0.700441 0.211454 0.704846 0.215859 0.709251 0.215859 0.731278 0.211454 0.735683 0.207048 0.735683 0.202643 0.740088 0.198238 0.740088 0.193833 0.735683 0.189427 0.735683 0.185022 0.740088 0.185022 0.753304 0.180617 0.757709 0.185022 0.762115 0.185022 0.770925 0.189427 0.775330 0.193833 0.775330 0.198238 0.770925 0.198238 0.766520 0.202643 0.762115 0.202643 0.740088 0.207048 0.735683 0.211454 0.735683 0.215859 0.731278 0.220264 0.731278 0.224670 0.735683 0.229075 0.735683 0.233480 0.740088 0.237885 0.735683 0.246696 0.735683 0.255507 0.726872 0.259912 0.726872 0.264317 0.722467 0.268722 0.722467 0.273128 0.726872 0.277533 0.726872
0 0.801762 0.691630 0.797357 0.691630 0.792952 0.696035 0.788546 0.691630 0.784141 0.696035 0.784141 0.718062 0.779736 0.722467 0.784141 0.726872 0.792952 0.726872 0.797357 0.722467 0.797357 0.713656 0.806167 0.704846 0.806167 0.696035
0 0.171806 0.687225 0.167401 0.682819 0.162996 0.687225 0.158590 0.687225 0.149780 0.696035 0.149780 0.704846 0.145374 0.709251 0.145374 0.713656 0.140969 0.718062 0.136564 0.718062 0.132159 0.722467 0.123348 0.722467 0.118943 0.726872 0.123348 0.731278 0.123348 0.748899 0.118943 0.753304 0.114537 0.753304 0.110132 0.757709 0.105727 0.753304 0.101322 0.753304 0.096916 0.748899 0.092511 0.753304 0.083700 0.753304 0.079295 0.757709 0.074890 0.757709 0.070485 0.762115 0.070485 0.766520 0.074890 0.770925 0.088106 0.770925 0.096916 0.762115 0.101322 0.762115 0.105727 0.757709 0.110132 0.757709 0.114537 0.753304 0.118943 0.753304 0.123348 0.757709 0.127753 0.757709 0.132159 0.762115 0.132159 0.770925 0.136564 0.775330 0.136564 0.788546 0.140969 0.792952 0.145374 0.788546 0.145374 0.762115 0.140969 0.757709 0.140969 0.726872 0.145374 0.722467 0.149780 0.722467 0.154185 0.718062 0.162996 0.718062 0.167401 0.713656 0.167401 0.709251 0.171806 0.704846
0 0.660793 0.669604 0.656388 0.669604 0.651982 0.674009 0.651982 0.678414 0.647577 0.682819 0.647577 0.687225 0.651982 0.691630 0.651982 0.700441 0.634361 0.718062 0.634361 0.726872 0.629956 0.731278 0.629956 0.735683 0.634361 0.740088 0.643172 0.740088 0.651982 0.731278 0.651982 0.726872 0.656388 0.722467 0.656388 0.718062 0.660793 0.713656 0.660793 0.709251 0.665198 0.704846 0.665198 0.691630 0.669604 0.687225 0.669604 0.682819 0.665198 0.678414 0.665198 0.674009
0 0.449339 0.674009 0.444934 0.674009 0.440529 0.678414 0.436123 0.678414 0.431718 0.682819 0.427313 0.678414 0.422908 0.678414 0.414097 0.669604 0.396476 0.669604 0.383260 0.682819 0.383260 0.687225 0.378855 0.691630 0.378855 0.704846 0.374449 0.709251 0.383260 0.718062 0.383260 0.740088 0.378855 0.744493 0.378855 0.748899 0.374449 0.753304 0.378855 0.757709 0.392070 0.757709 0.396476 0.753304 0.396476 0.731278 0.400881 0.726872 0.392070 0.718062 0.392070 0.700441 0.400881 0.691630 0.405286 0.691630 0.409692 0.687225 0.414097 0.687225 0.418502 0.682819 0.422908 0.682819 0.427313 0.687225 0.431718 0.687225 0.444934 0.700441 0.449339 0.696035 0.449339 0.691630 0.453745 0.687225 0.453745 0.678414
0 0.933921 0.651982 0.929515 0.656388 0.925110 0.656388 0.911894 0.669604 0.911894 0.674009 0.920705 0.682819 0.929515 0.682819 0.933921 0.678414 0.933921 0.674009 0.938326 0.669604 0.938326 0.656388
0 0.343612 0.638767 0.334802 0.638767 0.325991 0.647577 0.321586 0.647577 0.317181 0.651982 0.317181 0.665198 0.321586 0.669604 0.339207 0.651982 0.343612 0.651982 0.348018 0.647577 0.348018 0.643172
0 0.850220 0.638767 0.845815 0.634361 0.828194 0.651982 0.823789 0.651982 0.819383 0.656388 0.810573 0.656388 0.806167 0.651982 0.792952 0.665198 0.797357 0.669604 0.801762 0.665198 0.806167 0.665198 0.810573 0.660793 0.819383 0.660793 0.823789 0.665198 0.828194 0.665198 0.832599 0.669604 0.837004 0.665198 0.837004 0.660793 0.850220 0.647577
0 0.167401 0.643172 0.171806 0.647577 0.180617 0.647577 0.185022 0.651982 0.193833 0.651982 0.198238 0.656388 0.202643 0.656388 0.207048 0.651982 0.215859 0.651982 0.220264 0.656388 0.224670 0.656388 0.229075 0.660793 0.229075 0.674009 0.233480 0.678414 0.237885 0.674009 0.237885 0.665198 0.242291 0.660793 0.242291 0.651982 0.229075 0.638767 0.220264 0.638767 0.215859 0.634361 0.211454 0.634361 0.207048 0.629956 0.202643 0.634361 0.193833 0.634361 0.189427 0.638767 0.185022 0.638767 0.180617 0.634361 0.176211 0.634361
0 0.643172 0.590308 0.634361 0.590308 0.625551 0.599119 0.625551 0.603524 0.621145 0.607930 0.621145 0.616740 0.616740 0.621145 0.616740 0.625551 0.621145 0.629956 0.621145 0.634361 0.625551 0.638767 0.634361 0.629956 0.634361 0.621145 0.638767 0.616740 0.638767 0.603524 0.647577 0.594714
0 0.696035 0.581498 0.691630 0.585903 0.691630 0.603524 0.674009 0.621145 0.674009 0.629956 0.678414 0.634361 0.687225 0.634361 0.691630 0.629956 0.691630 0.603524 0.696035 0.599119 0.700441 0.599119 0.709251 0.590308 0.704846 0.585903 0.700441 0.585903
0 0.537445 0.581498 0.528634 0.581498 0.524229 0.585903 0.524229 0.590308 0.528634 0.594714 0.528634 0.603524 0.533040 0.607930 0.533040 0.616740 0.537445 0.621145 0.537445 0.629956 0.533040 0.634361 0.533040 0.638767 0.528634 0.643172 0.533040 0.647577 0.555066 0.625551 0.555066 0.621145 0.559471 0.616740 0.555066 0.612335 0.555066 0.603524 0.550661 0.599119 0.550661 0.594714
0 0.440529 0.568282 0.431718 0.577093 0.431718 0.585903 0.436123 0.590308 0.440529 0.590308 0.449339 0.599119 0.449339 0.603524 0.453745 0.607930 0.453745 0.638767 0.458150 0.643172 0.462555 0.638767 0.462555 0.625551 0.475771 0.612335 0.475771 0.603524 0.466960 0.594714 0.458150 0.594714 0.453745 0.590308 0.449339 0.590308 0.444934 0.585903 0.444934 0.572687
0 0.788546 0.559471 0.779736 0.568282 0.784141 0.568282 0.792952 0.577093 0.797357 0.577093 0.801762 0.581498 0.801762 0.599119 0.797357 0.603524 0.797357 0.616740 0.801762 0.621145 0.814978 0.607930 0.819383 0.607930 0.823789 0.603524 0.832599 0.603524 0.837004 0.599119 0.837004 0.594714 0.832599 0.590308 0.823789 0.590308 0.819383 0.594714 0.814978 0.590308 0.810573 0.590308 0.801762 0.581498 0.801762 0.572687 0.806167 0.568282 0.797357 0.559471
0 0.303965 0.546256 0.286344 0.563877 0.286344 0.585903 0.273128 0.599119 0.268722 0.599119 0.264317 0.603524 0.264317 0.612335 0.273128 0.621145 0.277533 0.621145 0.290749 0.607930 0.290749 0.603524 0.295154 0.599119 0.290749 0.594714 0.290749 0.585903 0.303965 0.572687 0.303965 0.568282 0.308370 0.563877 0.308370 0.550661
0 0.140969 0.528634 0.132159 0.528634 0.127753 0.533040 0.123348 0.533040 0.118943 0.537445 0.123348 0.541850 0.132159 0.541850 0.136564 0.537445 0.140969 0.537445 0.145374 0.541850 0.149780 0.541850 0.154185 0.546256 0.154185 0.555066 0.149780 0.559471 0.149780 0.572687 0.140969 0.581498 0.136564 0.581498 0.118943 0.599119 0.114537 0.599119 0.110132 0.603524 0.123348 0.616740 0.127753 0.612335 0.132159 0.612335 0.145374 0.599119 0.145374 0.585903 0.149780 0.581498 0.149780 0.577093 0.167401 0.559471 0.167401 0.550661 0.158590 0.541850 0.154185 0.541850
0 0.083700 0.528634 0.074890 0.528634 0.066079 0.537445 0.061674 0.537445 0.057269 0.541850 0.052863 0.541850 0.048458 0.546256 0.048458 0.563877 0.044053 0.568282 0.044053 0.599119 0.048458 0.603524 0.048458 0.607930 0.052863 0.612335 0.052863 0.616740 0.057269 0.621145 0.066079 0.621145 0.070485 0.616740 0.070485 0.612335 0.074890 0.607930 0.074890 0.603524 0.070485 0.599119 0.070485 0.594714 0.061674 0.585903 0.061674 0.572687 0.066079 0.568282 0.066079 0.559471 0.074890 0.550661 0.079295 0.550661 0.088106 0.541850 0.088106 0.533040
0 0.581498 0.515419 0.572687 0.515419 0.568282 0.519824 0.568282 0.528634 0.563877 0.533040 0.559471 0.533040 0.555066 0.537445 0.550661 0.537445 0.546256 0.541850 0.546256 0.546256 0.541850 0.550661 0.541850 0.555066 0.546256 0.559471 0.550661 0.559471 0.555066 0.555066 0.559471 0.555066 0.563877 0.550661 0.563877 0.546256 0.568282 0.541850 0.568282 0.537445 0.572687 0.533040 0.577093 0.533040 0.585903 0.524229 0.585903 0.519824
0 0.224670 0.497797 0.220264 0.493392 0.207048 0.493392 0.202643 0.497797 0.198238 0.497797 0.189427 0.506608 0.189427 0.519824 0.193833 0.524229 0.202643 0.524229 0.215859 0.511013 0.215859 0.506608
0 0.784141 0.480176 0.766520 0.480176 0.762115 0.484582 0.757709 0.484582 0.753304 0.488987 0.740088 0.488987 0.726872 0.502203 0.726872 0.519824 0.731278 0.524229 0.735683 0.524229 0.744493 0.533040 0.744493 0.541850 0.748899 0.546256 0.748899 0.559471 0.740088 0.568282 0.740088 0.572687 0.735683 0.577093 0.740088 0.581498 0.744493 0.577093 0.748899 0.577093 0.753304 0.572687 0.757709 0.572687 0.762115 0.568282 0.766520 0.568282 0.762115 0.568282 0.757709 0.563877 0.757709 0.550661 0.779736 0.528634 0.784141 0.528634 0.788546 0.524229 0.792952 0.528634 0.797357 0.528634 0.810573 0.541850 0.819383 0.541850 0.823789 0.537445 0.819383 0.533040 0.819383 0.524229 0.814978 0.519824 0.810573 0.519824 0.806167 0.515419 0.801762 0.515419 0.797357 0.511013 0.797357 0.502203 0.801762 0.497797
0 0.132159 0.471366 0.118943 0.458150 0.114537 0.462555 0.110132 0.462555 0.101322 0.471366 0.101322 0.475771 0.092511 0.484582 0.096916 0.488987 0.114537 0.488987 0.118943 0.484582 0.123348 0.484582 0.127753 0.480176 0.127753 0.475771
0 0.365639 0.400881 0.365639 0.405286 0.374449 0.414097 0.378855 0.414097 0.383260 0.418502 0.387665 0.418502 0.400881 0.431718 0.405286 0.431718 0.409692 0.427313 0.409692 0.422908 0.405286 0.418502 0.405286 0.414097 0.396476 0.405286 0.387665 0.405286 0.383260 0.400881 0.378855 0.400881 0.374449 0.396476 0.370044 0.396476
0 0.290749 0.370044 0.286344 0.374449 0.286344 0.378855 0.303965 0.396476 0.308370 0.396476 0.312775 0.400881 0.312775 0.431718 0.317181 0.436123 0.321586 0.436123 0.325991 0.431718 0.330396 0.431718 0.334802 0.427313 0.334802 0.409692 0.321586 0.396476 0.321586 0.392070 0.299559 0.370044
0 0.101322 0.339207 0.092511 0.348018 0.092511 0.361233 0.105727 0.374449 0.105727 0.387665 0.110132 0.392070 0.114537 0.392070 0.118943 0.396476 0.127753 0.396476 0.132159 0.392070 0.132159 0.387665 0.127753 0.383260 0.123348 0.383260 0.114537 0.374449 0.114537 0.348018 0.105727 0.339207
0 0.118943 0.299559 0.114537 0.303965 0.118943 0.308370 0.123348 0.308370 0.127753 0.312775 0.127753 0.317181 0.140969 0.330396 0.145374 0.330396 0.149780 0.334802 0.158590 0.334802 0.162996 0.339207 0.167401 0.339207 0.171806 0.343612 0.171806 0.356828 0.167401 0.361233 0.171806 0.365639 0.176211 0.365639 0.180617 0.370044 0.189427 0.361233 0.185022 0.356828 0.185022 0.343612 0.189427 0.339207 0.193833 0.339207 0.198238 0.334802 0.202643 0.334802 0.207048 0.330396 0.211454 0.330396 0.215859 0.325991 0.215859 0.308370 0.211454 0.303965 0.162996 0.303965 0.158590 0.299559 0.149780 0.299559 0.145374 0.295154 0.140969 0.299559 0.132159 0.299559 0.127753 0.303965 0.123348 0.299559
0 0.634361 0.290749 0.647577 0.303965 0.665198 0.303965 0.669604 0.308370 0.674009 0.308370 0.682819 0.317181 0.687225 0.317181 0.691630 0.312775 0.687225 0.308370 0.687225 0.303965 0.682819 0.299559 0.678414 0.299559 0.674009 0.295154 0.669604 0.295154 0.660793 0.286344 0.647577 0.286344 0.643172 0.281938
0 0.621145 0.202643 0.616740 0.198238 0.612335 0.198238 0.603524 0.189427 0.599119 0.193833 0.594714 0.193833 0.590308 0.198238 0.585903 0.198238 0.577093 0.207048 0.572687 0.207048 0.568282 0.211454 0.563877 0.207048 0.559471 0.211454 0.555066 0.211454 0.550661 0.215859 0.550661 0.224670 0.555066 0.229075 0.563877 0.229075 0.577093 0.215859 0.581498 0.215859 0.585903 0.211454 0.590308 0.215859 0.599119 0.215859 0.603524 0.211454 0.612335 0.211454
0 0.660793 0.193833 0.660793 0.198238 0.665198 0.202643 0.700441 0.202643 0.704846 0.198238 0.709251 0.198238 0.713656 0.202643 0.718062 0.202643 0.726872 0.211454 0.731278 0.211454 0.735683 0.215859 0.740088 0.215859 0.744493 0.220264 0.753304 0.211454 0.753304 0.207048 0.740088 0.193833 0.731278 0.193833 0.726872 0.189427 0.713656 0.189427 0.709251 0.185022 0.704846 0.185022 0.696035 0.176211 0.691630 0.180617 0.687225 0.180617 0.682819 0.185022 0.674009 0.185022 0.669604 0.189427 0.665198 0.189427
0 0.986784 0.154185 0.964758 0.176211 0.969163 0.180617 0.986784 0.180617 0.991189 0.185022 0.995595 0.185022 0.995595 0.158590 0.991189 0.154185
0 0.000000 0.242291 0.013216 0.251101 0.000000 0.299559 0.017621 0.303965 0.000000 0.317181 0.000000 0.374449 0.052863 0.383260 0.052863 0.365639 0.017621 0.370044 0.004405 0.339207 0.088106 0.308370 0.035242 0.277533 0.035242 0.251101 0.070485 0.233480 0.220264 0.229075 0.286344 0.290749 0.277533 0.321586 0.303965 0.343612 0.475771 0.400881 0.471366 0.449339 0.524229 0.444934 0.528634 0.493392 0.572687 0.440529 0.696035 0.414097 0.748899 0.458150 0.797357 0.440529 0.845815 0.506608 0.903084 0.519824 0.911894 0.537445 0.894273 0.568282 0.859031 0.541850 0.837004 0.550661 0.889868 0.607930 0.916300 0.594714 0.920705 0.550661 0.995595 0.533040 0.995595 0.493392 0.911894 0.515419 0.859031 0.453745 0.894273 0.418502 0.969163 0.466960 0.964758 0.414097 0.929515 0.414097 0.889868 0.374449 0.845815 0.409692 0.832599 0.400881 0.854626 0.365639 0.881057 0.365639 0.911894 0.321586 0.995595 0.268722 0.995595 0.215859 0.942731 0.246696 0.964758 0.268722 0.951542 0.290749 0.920705 0.264317 0.867841 0.303965 0.837004 0.356828 0.806167 0.361233 0.814978 0.387665 0.757709 0.431718 0.713656 0.405286 0.590308 0.436123 0.484582 0.383260 0.480176 0.325991 0.427313 0.378855 0.400881 0.361233 0.396476 0.325991 0.361233 0.325991 0.352423 0.303965 0.370044 0.286344 0.356828 0.277533 0.334802 0.303965 0.339207 0.325991 0.303965 0.330396 0.255507 0.233480 0.321586 0.233480 0.348018 0.264317 0.348018 0.215859 0.365639 0.202643 0.409692 0.242291 0.462555 0.198238 0.480176 0.229075 0.497797 0.202643 0.449339 0.180617 0.422908 0.189427 0.392070 0.149780 0.387665 0.167401 0.414097 0.189427 0.400881 0.207048 0.361233 0.185022 0.343612 0.202643 0.308370 0.193833 0.242291 0.145374 0.171806 0.171806 0.127753 0.149780 0.110132 0.202643 0.066079 0.180617 0.070485 0.224670 0.039648 0.207048
0 0.594714 0.114537 0.590308 0.118943 0.590308 0.145374 0.594714 0.149780 0.599119 0.149780 0.607930 0.140969 0.607930 0.123348 0.599119 0.114537
0 0.762115 0.118943 0.762115 0.123348 0.766520 0.127753 0.770925 0.127753 0.788546 0.145374 0.792952 0.145374 0.810573 0.162996 0.810573 0.180617 0.801762 0.189427 0.801762 0.198238 0.810573 0.207048 0.810573 0.215859 0.806167 0.220264 0.810573 0.224670 0.810573 0.229075 0.823789 0.237885 0.837004 0.237885 0.841410 0.242291 0.845815 0.237885 0.850220 0.242291 0.854626 0.237885 0.859031 0.242291 0.863436 0.242291 0.872247 0.251101 0.876652 0.251101 0.885463 0.242291 0.889868 0.242291 0.894273 0.237885 0.898678 0.237885 0.903084 0.242291 0.907489 0.242291 0.920705 0.229075 0.925110 0.229075 0.947137 0.207048 0.951542 0.207048 0.955947 0.202643 0.947137 0.193833 0.920705 0.220264 0.916300 0.220264 0.898678 0.237885 0.894273 0.237885 0.889868 0.242291 0.881057 0.242291 0.876652 0.237885 0.863436 0.237885 0.823789 0.211454 0.823789 0.189427 0.819383 0.185022 0.819383 0.176211 0.832599 0.162996 0.832599 0.158590 0.828194 0.154185 0.828194 0.149780 0.819383 0.140969 0.814978 0.140969 0.810573 0.136564 0.806167 0.136564 0.801762 0.132159 0.797357 0.132159 0.792952 0.127753 0.792952 0.118943 0.784141 0.110132 0.779736 0.114537 0.766520 0.114537
0 0.044053 0.092511 0.035242 0.083700 0.030837 0.083700 0.026432 0.088106 0.026432 0.092511 0.022026 0.096916 0.017621 0.096916 0.013216 0.101322 0.000000 0.101322 0.000000 0.114537 0.004405 0.114537 0.008811 0.110132 0.022026 0.110132 0.035242 0.096916 0.039648 0.096916
0 0.599119 0.066079 0.616740 0.083700 0.621145 0.083700 0.625551 0.088106 0.629956 0.088106 0.634361 0.092511 0.647577 0.092511 0.656388 0.083700 0.656388 0.079295 0.647577 0.070485 0.643172 0.074890 0.629956 0.074890 0.625551 0.070485 0.621145 0.070485 0.616740 0.066079 0.612335 0.066079 0.607930 0.061674 0.603524 0.061674
0 0.955947 0.052863 0.947137 0.052863 0.942731 0.057269 0.942731 0.061674 0.947137 0.066079 0.947137 0.074890 0.955947 0.083700 0.955947 0.092511 0.951542 0.096916 0.951542 0.105727 0.947137 0.110132 0.942731 0.110132 0.938326 0.114537 0.933921 0.114537 0.929515 0.118943 0.929515 0.127753 0.933921 0.127753 0.938326 0.132159 0.947137 0.132159 0.960352 0.118943 0.964758 0.118943 0.973568 0.110132 0.973568 0.105727 0.977974 0.101322 0.973568 0.096916 0.973568 0.092511 0.964758 0.083700 0.964758 0.070485 0.969163 0.066079
0 0.123348 0.044053 0.114537 0.044053 0.110132 0.048458 0.110132 0.052863 0.105727 0.057269 0.105727 0.074890 0.101322 0.079295 0.101322 0.083700 0.105727 0.088106 0.114537 0.079295 0.114537 0.070485 0.127753 0.057269 0.127753 0.048458
0 0.819383 0.030837 0.814978 0.035242 0.814978 0.052863 0.823789 0.061674 0.828194 0.061674 0.832599 0.066079 0.841410 0.057269 0.841410 0.044053 0.837004 0.039648 0.832599 0.039648 0.823789 0.030837
0 0.295154 0.022026 0.290749 0.026432 0.286344 0.026432 0.281938 0.030837 0.281938 0.035242 0.273128 0.044053 0.268722 0.044053 0.264317 0.048458 0.264317 0.052863 0.259912 0.057269 0.264317 0.061674 0.264317 0.066079 0.268722 0.070485 0.281938 0.070485 0.290749 0.061674 0.290749 0.048458 0.299559 0.039648 0.299559 0.026432
0 0.867841 0.017621 0.863436 0.022026 0.863436 0.026432 0.872247 0.035242 0.876652 0.035242 0.881057 0.039648 0.881057 0.048458 0.876652 0.052863 0.876652 0.061674 0.872247 0.066079 0.872247 0.083700 0.885463 0.096916 0.885463 0.110132 0.889868 0.114537 0.894273 0.110132 0.894273 0.052863 0.885463 0.044053 0.885463 0.026432 0.876652 0.017621 0.872247 0.022026
0 0.365639 0.000000 0.370044 0.000000 0.374449 0.004405 0.374449 0.013216 0.370044 0.017621 0.365639 0.017621 0.356828 0.026432 0.361233 0.030837 0.361233 0.035242 0.370044 0.044053 0.374449 0.044053 0.383260 0.052863 0.387665 0.052863 0.396476 0.061674 0.396476 0.066079 0.400881 0.070485 0.414097 0.061674 0.418502 0.066079 0.422908 0.066079 0.427313 0.070485 0.427313 0.074890 0.436123 0.083700 0.436123 0.092511 0.431718 0.096916 0.436123 0.101322 0.436123 0.105727 0.449339 0.118943 0.462555 0.118943 0.466960 0.114537 0.466960 0.105727 0.453745 0.092511 0.449339 0.092511 0.436123 0.083700 0.436123 0.070485 0.444934 0.061674 0.449339 0.061674 0.453745 0.057269 0.462555 0.057269 0.466960 0.061674 0.471366 0.057269 0.444934 0.017621 0.444934 0.000000 0.427313 0.000000 0.427313 0.013216 0.431718 0.017621 0.431718 0.030837 0.436123 0.030837 0.444934 0.039648 0.444934 0.052863 0.440529 0.057269 0.436123 0.057269 0.422908 0.066079 0.418502 0.066079 0.405286 0.057269 0.405286 0.048458 0.414097 0.039648 0.414097 0.035242 0.409692 0.030837 0.405286 0.030837 0.396476 0.022026 0.396476 0.017621 0.383260 0.004405 0.383260 0.000000
