0 0.995595 0.942731 0.982379 0.942731 0.977974 0.947137 0.977974 0.951542 0.973568 0.955947 0.969163 0.955947 0.964758 0.960352 0.960352 0.960352 0.955947 0.955947 0.951542 0.955947 0.947137 0.960352 0.947137 0.969163 0.951542 0.973568 0.955947 0.973568 0.969163 0.960352 0.973568 0.960352 0.977974 0.955947 0.982379 0.960352 0.986784 0.960352 0.991189 0.964758 0.995595 0.964758
0 0.907489 0.947137 0.898678 0.938326 0.881057 0.938326 0.876652 0.942731 0.872247 0.942731 0.863436 0.951542 0.859031 0.951542 0.854626 0.955947 0.845815 0.955947 0.837004 0.964758 0.837004 0.969163 0.841410 0.973568 0.845815 0.973568 0.850220 0.977974 0.854626 0.973568 0.859031 0.973568 0.863436 0.969163 0.867841 0.969163 0.872247 0.964758 0.876652 0.964758 0.881057 0.960352 0.889868 0.960352 0.894273 0.955947 0.903084 0.955947 0.907489 0.951542
0 0.334802 0.907489 0.321586 0.920705 0.325991 0.925110 0.325991 0.938326 0.321586 0.942731 0.321586 0.964758 0.317181 0.969163 0.312775 0.969163 0.308370 0.973568 0.299559 0.973568 0.295154 0.977974 0.295154 0.995595 0.317181 0.995595 0.317181 0.969163 0.321586 0.964758 0.325991 0.964758 0.339207 0.951542 0.339207 0.911894
0 0.378855 0.885463 0.370044 0.894273 0.370044 0.903084 0.374449 0.907489 0.374449 0.911894 0.378855 0.916300 0.387665 0.916300 0.396476 0.907489 0.396476 0.903084 0.392070 0.898678 0.392070 0.894273 0.383260 0.885463
0 0.955947 0.872247 0.951542 0.867841 0.947137 0.867841 0.942731 0.863436 0.929515 0.876652 0.929515 0.881057 0.925110 0.885463 0.925110 0.889868 0.920705 0.894273 0.916300 0.894273 0.911894 0.898678 0.911894 0.903084 0.907489 0.907489 0.911894 0.911894 0.925110 0.911894 0.929515 0.907489 0.929515 0.894273 0.933921 0.889868 0.938326 0.889868
0 0.303965 0.832599 0.290749 0.832599 0.286344 0.837004 0.277533 0.837004 0.259912 0.854626 0.259912 0.859031 0.246696 0.872247 0.246696 0.881057 0.242291 0.885463 0.237885 0.885463 0.233480 0.889868 0.229075 0.885463 0.224670 0.885463 0.220264 0.881057 0.215859 0.881057 0.207048 0.889868 0.202643 0.889868 0.189427 0.898678 0.189427 0.903084 0.185022 0.907489 0.189427 0.911894 0.189427 0.920705 0.176211 0.933921 0.189427 0.947137 0.189427 0.955947 0.180617 0.969163 0.185022 0.973568 0.193833 0.973568 0.198238 0.969163 0.198238 0.960352 0.211454 0.951542 0.215859 0.955947 0.220264 0.955947 0.233480 0.969163 0.246696 0.969163 0.251101 0.964758 0.229075 0.942731 0.215859 0.951542 0.211454 0.947137 0.207048 0.947137 0.193833 0.933921 0.193833 0.920705 0.198238 0.916300 0.202643 0.916300 0.207048 0.911894 0.207048 0.907489 0.220264 0.894273 0.224670 0.894273 0.237885 0.885463 0.242291 0.885463 0.246696 0.889868 0.251101 0.889868 0.259912 0.881057 0.264317 0.881057 0.277533 0.872247 0.286344 0.872247 0.299559 0.863436 0.308370 0.863436 0.312775 0.867841 0.317181 0.867841 0.321586 0.872247 0.325991 0.872247 0.330396 0.867841 0.330396 0.863436 0.317181 0.854626 0.317181 0.845815
0 0.039648 0.828194 0.035242 0.832599 0.039648 0.837004 0.039648 0.845815 0.035242 0.850220 0.035242 0.859031 0.030837 0.863436 0.030837 0.876652 0.026432 0.881057 0.022026 0.881057 0.017621 0.885463 0.013216 0.885463 0.008811 0.881057 0.000000 0.881057 0.000000 0.898678 0.026432 0.898678 0.030837 0.894273 0.026432 0.889868 0.026432 0.881057 0.030837 0.876652 0.035242 0.876652 0.039648 0.872247 0.044053 0.872247 0.057269 0.859031 0.057269 0.845815 0.052863 0.841410 0.048458 0.841410 0.044053 0.837004 0.044053 0.832599
0 0.629956 0.801762 0.643172 0.814978 0.660793 0.814978 0.665198 0.810573 0.678414 0.810573 0.682819 0.814978 0.696035 0.814978 0.700441 0.819383 0.709251 0.810573 0.709251 0.806167 0.700441 0.797357 0.660793 0.797357 0.656388 0.792952 0.643172 0.792952 0.638767 0.797357 0.634361 0.797357
0 0.449339 0.788546 0.444934 0.792952 0.449339 0.797357 0.449339 0.806167 0.453745 0.810573 0.453745 0.823789 0.449339 0.828194 0.449339 0.837004 0.453745 0.841410 0.458150 0.841410 0.462555 0.837004 0.466960 0.837004 0.471366 0.832599 0.471366 0.828194 0.462555 0.819383 0.462555 0.810573 0.466960 0.806167 0.466960 0.792952 0.462555 0.788546
0 0.193833 0.801762 0.198238 0.806167 0.202643 0.806167 0.207048 0.810573 0.211454 0.810573 0.215859 0.814978 0.215859 0.819383 0.220264 0.823789 0.224670 0.819383 0.215859 0.810573 0.215859 0.797357 0.220264 0.792952 0.224670 0.792952 0.229075 0.788546 0.233480 0.788546 0.237885 0.792952 0.242291 0.792952 0.246696 0.788546 0.251101 0.788546 0.255507 0.792952 0.259912 0.792952 0.264317 0.797357 0.264317 0.806167 0.268722 0.810573 0.273128 0.806167 0.277533 0.806167 0.281938 0.801762 0.286344 0.801762 0.290749 0.797357 0.295154 0.797357 0.299559 0.801762 0.303965 0.797357 0.303965 0.792952 0.299559 0.788546 0.290749 0.788546 0.286344 0.784141 0.268722 0.784141 0.264317 0.788546 0.259912 0.788546 0.255507 0.784141 0.251101 0.784141 0.246696 0.779736 0.229075 0.779736 0.224670 0.784141 0.224670 0.788546 0.220264 0.792952 0.215859 0.792952 0.211454 0.797357 0.198238 0.797357
0 0.092511 0.770925 0.088106 0.770925 0.083700 0.775330 0.083700 0.788546 0.079295 0.792952 0.074890 0.792952 0.070485 0.797357 0.052863 0.797357 0.048458 0.801762 0.048458 0.806167 0.052863 0.810573 0.057269 0.810573 0.061674 0.806167 0.066079 0.810573 0.070485 0.810573 0.074890 0.814978 0.074890 0.828194 0.079295 0.832599 0.079295 0.837004 0.083700 0.841410 0.092511 0.832599 0.092511 0.828194 0.079295 0.814978 0.079295 0.806167 0.083700 0.801762 0.083700 0.788546 0.088106 0.784141 0.092511 0.784141 0.096916 0.779736 0.096916 0.775330
0 0.753304 0.731278 0.744493 0.740088 0.744493 0.748899 0.740088 0.753304 0.740088 0.775330 0.735683 0.779736 0.740088 0.784141 0.753304 0.784141 0.762115 0.775330 0.762115 0.744493 0.757709 0.740088 0.757709 0.735683
0 0.995595 0.726872 0.960352 0.735683 0.925110 0.762115 0.845815 0.792952 0.823789 0.819383 0.757709 0.863436 0.735683 0.898678 0.709251 0.916300 0.674009 0.929515 0.647577 0.925110 0.634361 0.942731 0.621145 0.942731 0.599119 0.960352 0.585903 0.951542 0.585903 0.933921 0.603524 0.925110 0.607930 0.911894 0.594714 0.907489 0.590308 0.925110 0.563877 0.942731 0.563877 0.951542 0.581498 0.964758 0.581498 0.973568 0.568282 0.982379 0.515419 0.947137 0.502203 0.947137 0.484582 0.960352 0.466960 0.947137 0.480176 0.925110 0.480176 0.903084 0.497797 0.876652 0.471366 0.867841 0.462555 0.876652 0.462555 0.920705 0.453745 0.933921 0.431718 0.942731 0.422908 0.955947 0.427313 0.973568 0.414097 0.982379 0.387665 0.977974 0.374449 0.986784 0.374449 0.995595 0.449339 0.995595 0.436123 0.973568 0.466960 0.960352 0.519824 0.995595 0.638767 0.995595 0.656388 0.977974 0.682819 0.986784 0.744493 0.982379 0.779736 0.955947 0.801762 0.907489 0.828194 0.894273 0.837004 0.898678 0.859031 0.881057 0.885463 0.876652 0.933921 0.837004 0.995595 0.819383 0.995595 0.810573 0.977974 0.810573 0.920705 0.832599 0.885463 0.863436 0.850220 0.872247 0.832599 0.885463 0.810573 0.876652 0.810573 0.867841 0.841410 0.850220 0.863436 0.823789 0.920705 0.801762 0.951542 0.779736 0.995595 0.775330
0 0.127753 0.687225 0.114537 0.700441 0.114537 0.704846 0.105727 0.713656 0.105727 0.718062 0.101322 0.722467 0.101322 0.735683 0.105727 0.740088 0.114537 0.740088 0.123348 0.731278 0.123348 0.704846 0.132159 0.696035 0.132159 0.691630
0 0.735683 0.687225 0.731278 0.691630 0.748899 0.709251 0.753304 0.709251 0.757709 0.713656 0.766520 0.704846 0.766520 0.700441 0.770925 0.696035 0.770925 0.691630 0.762115 0.682819 0.744493 0.682819 0.740088 0.687225
0 0.894273 0.682819 0.889868 0.678414 0.885463 0.678414 0.881057 0.682819 0.881057 0.691630 0.872247 0.700441 0.867841 0.700441 0.863436 0.704846 0.845815 0.704846 0.841410 0.709251 0.841410 0.722467 0.845815 0.726872 0.859031 0.726872 0.863436 0.722467 0.872247 0.722467 0.876652 0.718062 0.885463 0.718062 0.889868 0.713656 0.889868 0.704846 0.894273 0.700441
0 0.995595 0.669604 0.986784 0.669604 0.982379 0.674009 0.960352 0.674009 0.951542 0.682819 0.947137 0.682819 0.942731 0.687225 0.938326 0.687225 0.933921 0.682819 0.925110 0.682819 0.920705 0.687225 0.920705 0.696035 0.929515 0.704846 0.942731 0.704846 0.947137 0.709251 0.951542 0.704846 0.951542 0.696035 0.955947 0.691630 0.960352 0.691630 0.964758 0.687225 0.969163 0.691630 0.982379 0.691630 0.986784 0.687225 0.991189 0.691630 0.995595 0.691630
0 0.955947 0.621145 0.947137 0.612335 0.938326 0.612335 0.929515 0.621145 0.929515 0.625551 0.925110 0.629956 0.925110 0.634361 0.929515 0.638767 0.938326 0.638767 0.942731 0.634361 0.947137 0.634361 0.955947 0.625551
0 0.814978 0.603524 0.806167 0.612335 0.806167 0.629956 0.801762 0.634361 0.797357 0.634361 0.806167 0.643172 0.806167 0.647577 0.828194 0.669604 0.841410 0.656388 0.841410 0.634361 0.837004 0.629956 0.837004 0.621145 0.841410 0.616740 0.845815 0.616740 0.841410 0.612335 0.837004 0.612335 0.832599 0.607930 0.828194 0.607930 0.823789 0.603524
0 0.718062 0.616740 0.709251 0.607930 0.704846 0.607930 0.696035 0.599119 0.691630 0.599119 0.687225 0.603524 0.682819 0.603524 0.678414 0.607930 0.674009 0.607930 0.669604 0.612335 0.660793 0.612335 0.651982 0.621145 0.651982 0.625551 0.647577 0.629956 0.647577 0.634361 0.651982 0.638767 0.656388 0.638767 0.660793 0.643172 0.674009 0.643172 0.678414 0.638767 0.691630 0.638767 0.709251 0.621145 0.713656 0.621145
0 0.405286 0.753304 0.414097 0.762115 0.422908 0.762115 0.427313 0.757709 0.436123 0.757709 0.444934 0.748899 0.449339 0.748899 0.466960 0.731278 0.471366 0.731278 0.475771 0.726872 0.480176 0.726872 0.484582 0.731278 0.493392 0.731278 0.502203 0.722467 0.502203 0.718062 0.506608 0.713656 0.506608 0.704846 0.519824 0.696035 0.537445 0.709251 0.537445 0.718062 0.541850 0.722467 0.559471 0.709251 0.563877 0.713656 0.568282 0.713656 0.568282 0.709251 0.572687 0.704846 0.577093 0.704846 0.590308 0.696035 0.599119 0.696035 0.616740 0.682819 0.621145 0.687225 0.634361 0.691630 0.638767 0.687225 0.634361 0.682819 0.629956 0.660793 0.621145 0.651982 0.612335 0.651982 0.603524 0.660793 0.599119 0.660793 0.585903 0.669604 0.577093 0.669604 0.572687 0.674009 0.559471 0.674009 0.555066 0.678414 0.546256 0.678414 0.533040 0.669604 0.533040 0.660793 0.528634 0.656388 0.528634 0.651982 0.511013 0.638767 0.511013 0.629956 0.515419 0.625551 0.515419 0.621145 0.506608 0.612335 0.502203 0.616740 0.497797 0.612335 0.493392 0.612335 0.480176 0.594714 0.466960 0.607930 0.466960 0.621145 0.462555 0.625551 0.458150 0.625551 0.453745 0.629956 0.449339 0.629956 0.444934 0.625551 0.436123 0.634361 0.436123 0.638767 0.440529 0.643172 0.440529 0.669604 0.444934 0.674009 0.458150 0.660793 0.471366 0.656388 0.488987 0.669604 0.488987 0.678414 0.497797 0.687225 0.497797 0.696035 0.493392 0.700441 0.488987 0.700441 0.466960 0.722467 0.462555 0.722467 0.440529 0.735683 0.431718 0.735683 0.427313 0.740088 0.414097 0.744493
0 0.092511 0.585903 0.074890 0.585903 0.057269 0.603524 0.070485 0.616740 0.074890 0.616740 0.088106 0.603524 0.092511 0.603524 0.096916 0.599119 0.096916 0.590308
0 0.643172 0.563877 0.634361 0.572687 0.634361 0.590308 0.638767 0.594714 0.651982 0.594714 0.660793 0.585903 0.660793 0.581498
0 0.101322 0.528634 0.096916 0.533040 0.096916 0.541850 0.101322 0.546256 0.110132 0.546256 0.114537 0.550661 0.118943 0.550661 0.123348 0.555066 0.123348 0.577093 0.127753 0.581498 0.132159 0.581498 0.136564 0.577093 0.132159 0.572687 0.132159 0.563877 0.127753 0.559471 0.127753 0.550661 0.132159 0.546256 0.127753 0.541850 0.123348 0.541850 0.110132 0.528634
0 0.409692 0.590308 0.392070 0.581498 0.378855 0.581498 0.361233 0.568282 0.361233 0.559471 0.370044 0.546256 0.370044 0.533040 0.361233 0.524229 0.356828 0.524229 0.348018 0.533040 0.348018 0.577093 0.334802 0.585903 0.317181 0.581498 0.308370 0.594714 0.312775 0.599119 0.312775 0.607930 0.281938 0.625551 0.273128 0.621145 0.255507 0.621145 0.246696 0.629956 0.255507 0.638767 0.268722 0.638767 0.273128 0.629956 0.286344 0.621145 0.308370 0.638767 0.312775 0.634361 0.312775 0.612335 0.321586 0.603524 0.325991 0.603524 0.339207 0.585903 0.348018 0.581498 0.361233 0.590308 0.378855 0.594714 0.392070 0.607930 0.392070 0.616740 0.383260 0.629956 0.348018 0.638767 0.339207 0.647577 0.330396 0.665198 0.321586 0.669604 0.299559 0.669604 0.286344 0.682819 0.251101 0.700441 0.242291 0.696035 0.215859 0.665198 0.202643 0.665198 0.189427 0.674009 0.185022 0.669604 0.180617 0.674009 0.167401 0.674009 0.162996 0.678414 0.171806 0.682819 0.176211 0.678414 0.193833 0.674009 0.211454 0.682819 0.233480 0.700441 0.242291 0.696035 0.251101 0.700441 0.259912 0.713656 0.273128 0.713656 0.290749 0.691630 0.299559 0.687225 0.308370 0.691630 0.317181 0.691630 0.321586 0.687225 0.325991 0.691630 0.325991 0.674009 0.339207 0.665198 0.352423 0.665198 0.374449 0.647577 0.400881 0.634361 0.409692 0.616740 0.405286 0.612335 0.405286 0.599119
0 0.286344 0.537445 0.281938 0.533040 0.277533 0.533040 0.268722 0.524229 0.264317 0.524229 0.259912 0.519824 0.251101 0.528634 0.251101 0.550661 0.242291 0.559471 0.246696 0.563877 0.255507 0.563877 0.268722 0.550661 0.273128 0.550661 0.277533 0.546256 0.281938 0.546256 0.286344 0.541850
0 0.599119 0.475771 0.594714 0.475771 0.590308 0.480176 0.590308 0.484582 0.585903 0.488987 0.585903 0.493392 0.572687 0.506608 0.568282 0.506608 0.563877 0.511013 0.563877 0.519824 0.555066 0.528634 0.550661 0.528634 0.546256 0.533040 0.528634 0.533040 0.524229 0.528634 0.519824 0.533040 0.519824 0.537445 0.528634 0.546256 0.528634 0.550661 0.537445 0.559471 0.546256 0.559471 0.581498 0.524229 0.581498 0.519824 0.585903 0.515419 0.585903 0.511013 0.594714 0.502203 0.594714 0.497797 0.599119 0.493392 0.599119 0.488987 0.603524 0.484582 0.603524 0.480176
0 0.343612 0.466960 0.334802 0.475771 0.334802 0.484582 0.348018 0.497797 0.352423 0.497797 0.356828 0.493392 0.356828 0.475771 0.348018 0.466960
0 0.198238 0.462555 0.202643 0.462555 0.211454 0.471366 0.215859 0.471366 0.233480 0.488987 0.246696 0.488987 0.251101 0.493392 0.255507 0.493392 0.259912 0.497797 0.264317 0.497797 0.268722 0.493392 0.273128 0.493392 0.268722 0.493392 0.255507 0.480176 0.246696 0.480176 0.242291 0.475771 0.237885 0.475771 0.233480 0.471366 0.229075 0.471366 0.220264 0.462555 0.220264 0.458150 0.215859 0.453745 0.211454 0.453745 0.207048 0.458150 0.202643 0.458150
0 0.162996 0.422908 0.158590 0.422908 0.149780 0.431718 0.149780 0.440529 0.158590 0.449339 0.162996 0.449339 0.167401 0.453745 0.167401 0.475771 0.158590 0.484582 0.154185 0.484582 0.149780 0.488987 0.145374 0.484582 0.136564 0.493392 0.132159 0.493392 0.127753 0.497797 0.127753 0.502203 0.132159 0.506608 0.140969 0.493392 0.145374 0.493392 0.154185 0.484582 0.158590 0.484582 0.162996 0.480176 0.167401 0.484582 0.171806 0.484582 0.180617 0.493392 0.180617 0.511013 0.176211 0.515419 0.176211 0.524229 0.162996 0.537445 0.162996 0.550661 0.171806 0.563877 0.171806 0.599119 0.158590 0.607930 0.154185 0.607930 0.149780 0.603524 0.145374 0.607930 0.145374 0.616740 0.123348 0.634361 0.123348 0.638767 0.114537 0.651982 0.114537 0.656388 0.118943 0.660793 0.123348 0.660793 0.140969 0.643172 0.140969 0.634361 0.145374 0.629956 0.145374 0.621145 0.149780 0.616740 0.154185 0.616740 0.162996 0.603524 0.167401 0.603524 0.171806 0.599119 0.185022 0.607930 0.193833 0.594714 0.193833 0.581498 0.176211 0.563877 0.176211 0.555066 0.180617 0.550661 0.176211 0.546256 0.176211 0.533040 0.180617 0.528634 0.193833 0.524229 0.202643 0.515419 0.202643 0.511013 0.193833 0.502203 0.193833 0.497797 0.189427 0.493392 0.185022 0.493392 0.176211 0.484582 0.176211 0.475771 0.180617 0.471366 0.180617 0.466960 0.185022 0.462555 0.189427 0.462555 0.189427 0.458150 0.185022 0.458150 0.180617 0.453745 0.180617 0.440529
0 0.691630 0.409692 0.687225 0.414097 0.687225 0.418502 0.682819 0.422908 0.678414 0.422908 0.674009 0.427313 0.669604 0.427313 0.660793 0.436123 0.660793 0.444934 0.674009 0.458150 0.678414 0.458150 0.682819 0.462555 0.682819 0.475771 0.678414 0.480176 0.678414 0.484582 0.682819 0.488987 0.687225 0.488987 0.691630 0.484582 0.691630 0.475771 0.682819 0.466960 0.682819 0.458150 0.691630 0.449339 0.691630 0.436123 0.687225 0.431718 0.687225 0.422908 0.696035 0.414097
0 0.497797 0.378855 0.493392 0.383260 0.493392 0.387665 0.484582 0.396476 0.480176 0.396476 0.475771 0.400881 0.471366 0.396476 0.462555 0.405286 0.462555 0.414097 0.466960 0.418502 0.471366 0.418502 0.480176 0.409692 0.480176 0.405286 0.484582 0.400881 0.488987 0.400881 0.493392 0.396476 0.497797 0.400881 0.502203 0.396476 0.502203 0.383260
0 0.127753 0.414097 0.123348 0.409692 0.114537 0.409692 0.110132 0.405286 0.105727 0.405286 0.101322 0.400881 0.070485 0.400881 0.066079 0.405286 0.061674 0.405286 0.057269 0.400881 0.052863 0.400881 0.048458 0.396476 0.044053 0.396476 0.035242 0.387665 0.035242 0.383260 0.030837 0.378855 0.026432 0.383260 0.022026 0.383260 0.017621 0.387665 0.000000 0.387665 0.000000 0.400881 0.004405 0.405286 0.008811 0.405286 0.017621 0.414097 0.017621 0.436123 0.022026 0.440529 0.022026 0.458150 0.017621 0.462555 0.017621 0.466960 0.008811 0.475771 0.004405 0.475771 0.000000 0.480176 0.000000 0.515419 0.004405 0.515419 0.013216 0.506608 0.017621 0.506608 0.039648 0.484582 0.044053 0.484582 0.048458 0.480176 0.066079 0.480176 0.079295 0.466960 0.079295 0.458150 0.088106 0.449339 0.092511 0.449339 0.096916 0.444934 0.096916 0.440529 0.110132 0.427313 0.114537 0.427313
0 0.533040 0.387665 0.541850 0.396476 0.546256 0.396476 0.550661 0.392070 0.568282 0.392070 0.572687 0.396476 0.577093 0.396476 0.581498 0.400881 0.585903 0.400881 0.603524 0.418502 0.612335 0.418502 0.616740 0.414097 0.603524 0.400881 0.594714 0.400881 0.590308 0.396476 0.585903 0.396476 0.577093 0.387665 0.572687 0.387665 0.568282 0.383260 0.563877 0.383260 0.555066 0.374449 0.541850 0.374449 0.537445 0.378855 0.537445 0.383260
0 0.378855 0.374449 0.370044 0.365639 0.370044 0.356828 0.365639 0.352423 0.348018 0.352423 0.343612 0.356828 0.339207 0.356828 0.334802 0.361233 0.330396 0.356828 0.325991 0.361233 0.303965 0.361233 0.299559 0.356828 0.290749 0.356828 0.286344 0.361233 0.286344 0.365639 0.281938 0.370044 0.286344 0.374449 0.286344 0.378855 0.290749 0.383260 0.295154 0.378855 0.303965 0.378855 0.308370 0.374449 0.317181 0.374449 0.321586 0.370044 0.343612 0.370044 0.348018 0.374449 0.361233 0.374449 0.365639 0.378855 0.374449 0.378855
0 0.198238 0.348018 0.193833 0.352423 0.198238 0.356828 0.198238 0.361233 0.202643 0.365639 0.224670 0.365639 0.229075 0.370044 0.233480 0.370044 0.237885 0.374449 0.237885 0.392070 0.233480 0.396476 0.233480 0.400881 0.224670 0.409692 0.220264 0.409692 0.215859 0.414097 0.220264 0.418502 0.229075 0.409692 0.233480 0.409692 0.237885 0.405286 0.242291 0.409692 0.246696 0.409692 0.251101 0.414097 0.255507 0.414097 0.259912 0.418502 0.264317 0.414097 0.264317 0.396476 0.246696 0.378855 0.246696 0.374449 0.242291 0.370044 0.237885 0.370044 0.229075 0.361233 0.229075 0.352423 0.224670 0.348018
0 0.502203 0.330396 0.506608 0.334802 0.528634 0.334802 0.533040 0.339207 0.537445 0.339207 0.541850 0.343612 0.541850 0.348018 0.546256 0.352423 0.550661 0.348018 0.550661 0.334802 0.537445 0.321586 0.533040 0.321586 0.528634 0.325991 0.524229 0.321586 0.511013 0.321586
0 0.621145 0.290749 0.612335 0.290749 0.607930 0.295154 0.612335 0.299559 0.612335 0.321586 0.616740 0.325991 0.616740 0.339207 0.612335 0.343612 0.612335 0.348018 0.603524 0.356828 0.603524 0.365639 0.607930 0.370044 0.612335 0.370044 0.616740 0.365639 0.616740 0.352423 0.621145 0.348018 0.625551 0.348018 0.629956 0.343612 0.634361 0.348018 0.638767 0.348018 0.647577 0.356828 0.651982 0.356828 0.656388 0.352423 0.656388 0.343612 0.647577 0.334802 0.643172 0.334802 0.638767 0.330396 0.634361 0.330396 0.629956 0.325991 0.629956 0.299559
0 0.202643 0.295154 0.202643 0.303965 0.207048 0.308370 0.215859 0.308370 0.220264 0.312775 0.224670 0.312775 0.233480 0.321586 0.259912 0.321586 0.264317 0.325991 0.277533 0.325991 0.281938 0.321586 0.290749 0.321586 0.299559 0.312775 0.299559 0.308370 0.295154 0.303965 0.290749 0.308370 0.255507 0.308370 0.251101 0.303965 0.246696 0.303965 0.242291 0.299559 0.237885 0.299559 0.233480 0.295154 0.229075 0.295154 0.224670 0.290749 0.207048 0.290749
0 0.819383 0.299559 0.819383 0.303965 0.823789 0.308370 0.823789 0.312775 0.828194 0.317181 0.828194 0.321586 0.850220 0.343612 0.850220 0.348018 0.881057 0.378855 0.885463 0.378855 0.894273 0.387665 0.907489 0.387665 0.911894 0.392070 0.920705 0.392070 0.925110 0.396476 0.938326 0.396476 0.942731 0.392070 0.947137 0.396476 0.951542 0.392070 0.955947 0.392070 0.960352 0.387665 0.964758 0.387665 0.969163 0.383260 0.973568 0.383260 0.977974 0.387665 0.982379 0.387665 0.991189 0.396476 0.995595 0.396476 0.995595 0.374449 0.991189 0.374449 0.986784 0.370044 0.982379 0.370044 0.977974 0.365639 0.977974 0.361233 0.973568 0.356828 0.969163 0.356828 0.960352 0.348018 0.960352 0.339207 0.964758 0.334802 0.964758 0.330396 0.969163 0.325991 0.973568 0.325991 0.973568 0.312775 0.977974 0.308370 0.977974 0.299559 0.973568 0.295154 0.969163 0.299559 0.964758 0.299559 0.951542 0.308370 0.951542 0.343612 0.947137 0.348018 0.942731 0.348018 0.938326 0.352423 0.933921 0.352423 0.929515 0.348018 0.920705 0.348018 0.916300 0.352423 0.907489 0.352423 0.898678 0.361233 0.894273 0.361233 0.889868 0.365639 0.885463 0.365639 0.881057 0.361233 0.876652 0.361233 0.863436 0.348018 0.863436 0.334802 0.867841 0.330396 0.872247 0.330396 0.881057 0.321586 0.881057 0.317181 0.876652 0.312775 0.876652 0.295154 0.867841 0.286344 0.859031 0.286344 0.845815 0.299559 0.841410 0.299559 0.837004 0.303965 0.823789 0.295154
0 0.938326 0.202643 0.933921 0.207048 0.929515 0.207048 0.925110 0.211454 0.920705 0.207048 0.916300 0.211454 0.911894 0.211454 0.903084 0.220264 0.907489 0.224670 0.911894 0.224670 0.916300 0.229075 0.920705 0.224670 0.925110 0.224670 0.929515 0.229075 0.933921 0.229075 0.938326 0.233480 0.938326 0.242291 0.933921 0.246696 0.933921 0.251101 0.929515 0.255507 0.929515 0.259912 0.925110 0.264317 0.920705 0.264317 0.916300 0.268722 0.911894 0.268722 0.907489 0.273128 0.907489 0.290749 0.911894 0.295154 0.916300 0.290749 0.916300 0.286344 0.920705 0.281938 0.920705 0.268722 0.925110 0.264317 0.929515 0.264317 0.933921 0.259912 0.938326 0.259912 0.942731 0.264317 0.947137 0.264317 0.951542 0.268722 0.955947 0.264317 0.960352 0.268722 0.964758 0.268722 0.973568 0.277533 0.982379 0.277533 0.986784 0.273128 0.995595 0.273128 0.995595 0.255507 0.991189 0.255507 0.986784 0.259912 0.982379 0.259912 0.977974 0.264317 0.973568 0.264317 0.969163 0.268722 0.964758 0.264317 0.960352 0.264317 0.955947 0.259912 0.955947 0.255507 0.938326 0.237885 0.938326 0.229075 0.947137 0.220264 0.947137 0.215859 0.942731 0.211454 0.942731 0.207048
0 0.176211 0.246696 0.176211 0.251101 0.180617 0.255507 0.185022 0.251101 0.189427 0.251101 0.193833 0.255507 0.198238 0.255507 0.202643 0.259912 0.215859 0.246696 0.220264 0.246696 0.233480 0.233480 0.237885 0.233480 0.242291 0.229075 0.255507 0.229075 0.259912 0.233480 0.264317 0.233480 0.281938 0.251101 0.295154 0.251101 0.299559 0.255507 0.308370 0.255507 0.312775 0.251101 0.308370 0.246696 0.299559 0.246696 0.295154 0.242291 0.290749 0.242291 0.286344 0.237885 0.281938 0.237885 0.273128 0.229075 0.268722 0.229075 0.264317 0.224670 0.259912 0.224670 0.255507 0.220264 0.255507 0.211454 0.259912 0.207048 0.264317 0.207048 0.268722 0.202643 0.268722 0.198238 0.264317 0.193833 0.259912 0.193833 0.255507 0.189427 0.242291 0.189427 0.237885 0.193833 0.237885 0.198238 0.233480 0.202643 0.233480 0.211454 0.229075 0.215859 0.224670 0.215859 0.220264 0.220264 0.215859 0.215859 0.211454 0.215859 0.207048 0.211454 0.207048 0.207048 0.202643 0.202643 0.193833 0.211454 0.193833 0.215859 0.198238 0.220264 0.198238 0.229075 0.185022 0.242291 0.180617 0.242291
0 0.933921 0.149780 0.925110 0.140969 0.920705 0.140969 0.911894 0.149780 0.907489 0.149780 0.903084 0.154185 0.889868 0.154185 0.872247 0.171806 0.876652 0.176211 0.881057 0.171806 0.885463 0.176211 0.894273 0.176211 0.898678 0.171806 0.907489 0.171806 0.911894 0.176211 0.916300 0.176211 0.929515 0.162996 0.929515 0.154185
0 0.947137 0.123348 0.951542 0.127753 0.955947 0.127753 0.960352 0.123348 0.964758 0.123348 0.969163 0.127753 0.982379 0.127753 0.986784 0.132159 0.995595 0.132159 0.995595 0.114537 0.991189 0.114537 0.986784 0.110132 0.982379 0.110132 0.977974 0.105727 0.964758 0.105727
0 0.321586 0.048458 0.312775 0.048458 0.308370 0.052863 0.299559 0.052863 0.295154 0.057269 0.290749 0.057269 0.281938 0.066079 0.281938 0.070485 0.277533 0.074890 0.273128 0.074890 0.268722 0.079295 0.264317 0.074890 0.259912 0.074890 0.251101 0.066079 0.246696 0.070485 0.251101 0.074890 0.251101 0.079295 0.259912 0.088106 0.264317 0.088106 0.277533 0.101322 0.277533 0.105727 0.286344 0.114537 0.299559 0.114537 0.308370 0.105727 0.303965 0.101322 0.295154 0.101322 0.290749 0.096916 0.286344 0.096916 0.281938 0.092511 0.281938 0.083700 0.290749 0.074890 0.295154 0.074890 0.299559 0.070485 0.303965 0.074890 0.308370 0.070485 0.312775 0.074890 0.321586 0.066079 0.321586 0.061674 0.325991 0.057269 0.325991 0.052863
0 0.070485 0.044053 0.061674 0.044053 0.057269 0.048458 0.044053 0.048458 0.039648 0.044053 0.035242 0.044053 0.030837 0.048458 0.030837 0.057269 0.035242 0.061674 0.039648 0.061674 0.052863 0.074890 0.052863 0.079295 0.057269 0.083700 0.057269 0.105727 0.052863 0.110132 0.052863 0.123348 0.044053 0.132159 0.039648 0.132159 0.035242 0.136564 0.030837 0.136564 0.026432 0.140969 0.022026 0.140969 0.017621 0.136564 0.013216 0.136564 0.008811 0.140969 0.004405 0.140969 0.000000 0.145374 0.000000 0.162996 0.004405 0.162996 0.017621 0.149780 0.022026 0.149780 0.026432 0.145374 0.035242 0.145374 0.039648 0.149780 0.044053 0.149780 0.048458 0.145374 0.066079 0.145374 0.079295 0.132159 0.083700 0.132159 0.088106 0.127753 0.092511 0.127753 0.096916 0.123348 0.096916 0.092511 0.101322 0.088106 0.105727 0.088106 0.110132 0.083700 0.105727 0.083700 0.101322 0.079295 0.101322 0.074890 0.096916 0.070485 0.088106 0.070485 0.083700 0.066079 0.079295 0.066079 0.074890 0.061674 0.074890 0.048458
0 0.537445 0.035242 0.533040 0.039648 0.537445 0.044053 0.541850 0.044053 0.550661 0.052863 0.550661 0.057269 0.555066 0.061674 0.555066 0.070485 0.568282 0.083700 0.568282 0.088106 0.572687 0.092511 0.577093 0.088106 0.581498 0.088106 0.590308 0.079295 0.590308 0.052863 0.594714 0.048458 0.594714 0.044053 0.585903 0.035242 0.577093 0.035242 0.572687 0.039648 0.568282 0.039648 0.563877 0.044053 0.559471 0.044053 0.555066 0.039648 0.550661 0.039648 0.546256 0.035242
0 0.942731 0.039648 0.942731 0.044053 0.951542 0.052863 0.969163 0.052863 0.973568 0.057269 0.995595 0.057269 0.995595 0.044053 0.991189 0.039648 0.986784 0.044053 0.982379 0.039648 0.977974 0.039648 0.973568 0.035242 0.969163 0.035242 0.964758 0.030837 0.951542 0.030837
0 0.035242 0.017621 0.026432 0.008811 0.022026 0.013216 0.000000 0.013216 0.000000 0.039648 0.004405 0.039648 0.017621 0.026432 0.022026 0.026432 0.026432 0.022026 0.030837 0.022026
0 0.845815 0.000000 0.854626 0.008811 0.859031 0.004405 0.863436 0.008811 0.867841 0.008811 0.872247 0.013216 0.872247 0.022026 0.867841 0.026432 0.863436 0.026432 0.859031 0.030837 0.863436 0.035242 0.867841 0.035242 0.881057 0.048458 0.881057 0.057269 0.876652 0.061674 0.876652 0.066079 0.872247 0.070485 0.872247 0.079295 0.867841 0.083700 0.863436 0.083700 0.859031 0.088106 0.854626 0.088106 0.845815 0.096916 0.845815 0.105727 0.841410 0.110132 0.841410 0.114537 0.832599 0.123348 0.832599 0.127753 0.837004 0.132159 0.845815 0.132159 0.859031 0.118943 0.863436 0.118943 0.867841 0.114537 0.867841 0.092511 0.872247 0.088106 0.876652 0.088106 0.881057 0.083700 0.885463 0.088106 0.889868 0.088106 0.898678 0.096916 0.903084 0.096916 0.907489 0.101322 0.907489 0.118943 0.911894 0.123348 0.916300 0.123348 0.920705 0.118943 0.916300 0.114537 0.916300 0.110132 0.907489 0.101322 0.907489 0.092511 0.911894 0.088106 0.911894 0.079295 0.916300 0.074890 0.916300 0.061674 0.911894 0.057269 0.911894 0.048458 0.907489 0.044053 0.903084 0.044053 0.898678 0.039648 0.898678 0.030837 0.911894 0.017621 0.911894 0.013216 0.903084 0.004405 0.903084 0.000000 0.885463 0.000000 0.885463 0.004405 0.881057 0.008811 0.876652 0.008811 0.872247 0.013216 0.867841 0.008811 0.863436 0.008811 0.859031 0.004405 0.859031 0.000000
0 0.995595 0.577093 0.995595 0.511013 0.925110 0.497797 0.951542 0.471366 0.995595 0.475771 0.995595 0.444934 0.955947 0.409692 0.925110 0.422908 0.925110 0.449339 0.881057 0.453745 0.872247 0.414097 0.797357 0.339207 0.792952 0.312775 0.713656 0.220264 0.638767 0.167401 0.651982 0.145374 0.696035 0.158590 0.779736 0.215859 0.806167 0.264317 0.859031 0.264317 0.859031 0.242291 0.797357 0.224670 0.832599 0.189427 0.792952 0.193833 0.775330 0.180617 0.806167 0.136564 0.757709 0.096916 0.757709 0.061674 0.797357 0.000000 0.748899 0.000000 0.709251 0.035242 0.691630 0.017621 0.629956 0.022026 0.621145 0.030837 0.638767 0.039648 0.696035 0.026432 0.709251 0.035242 0.669604 0.101322 0.541850 0.127753 0.471366 0.176211 0.396476 0.171806 0.246696 0.123348 0.158590 0.145374 0.140969 0.114537 0.154185 0.088106 0.132159 0.074890 0.118943 0.088106 0.140969 0.101322 0.149780 0.158590 0.110132 0.189427 0.048458 0.193833 0.000000 0.220264 0.000000 0.255507 0.030837 0.229075 0.048458 0.233480 0.066079 0.202643 0.127753 0.233480 0.114537 0.198238 0.162996 0.158590 0.224670 0.136564 0.295154 0.149780 0.317181 0.189427 0.361233 0.180617 0.396476 0.207048 0.484582 0.185022 0.585903 0.246696 0.607930 0.246696 0.625551 0.268722 0.682819 0.273128 0.740088 0.321586 0.832599 0.458150 0.837004 0.497797 0.872247 0.519824 0.841410 0.550661 0.850220 0.559471 0.872247 0.546256 0.903084 0.563877 0.854626 0.616740 0.885463 0.621145 0.942731 0.572687
0 0.343612 0.000000 0.343612 0.004405 0.352423 0.013216 0.352423 0.026432 0.361233 0.035242 0.365639 0.030837 0.365639 0.000000
0 0.259912 0.000000 0.215859 0.000000 0.215859 0.013216 0.211454 0.017621 0.207048 0.017621 0.202643 0.022026 0.193833 0.022026 0.189427 0.026432 0.185022 0.026432 0.180617 0.030837 0.176211 0.026432 0.158590 0.026432 0.149780 0.035242 0.149780 0.039648 0.158590 0.048458 0.162996 0.048458 0.167401 0.052863 0.176211 0.052863 0.180617 0.048458 0.189427 0.048458 0.198238 0.039648 0.202643 0.039648 0.220264 0.022026 0.220264 0.017621 0.229075 0.008811 0.233480 0.008811 0.237885 0.004405 0.251101 0.004405 0.255507 0.008811 0.259912 0.004405
0 0.057269 0.000000 0.057269 0.008811 0.061674 0.013216 0.066079 0.013216 0.074890 0.022026 0.079295 0.022026 0.088106 0.030837 0.096916 0.030837 0.101322 0.026432 0.101322 0.022026 0.096916 0.017621 0.092511 0.017621 0.088106 0.013216 0.083700 0.013216 0.079295 0.008811 0.074890 0.008811 0.070485 0.004405 0.070485 0.000000
