0 0.488987 0.960352 0.488987 0.973568 0.497797 0.982379 0.502203 0.982379 0.511013 0.991189 0.511013 0.995595 0.533040 0.995595 0.533040 0.986784 0.528634 0.982379 0.528634 0.977974 0.519824 0.969163 0.511013 0.969163 0.506608 0.964758 0.502203 0.964758 0.493392 0.955947
0 0.127753 0.929515 0.132159 0.933921 0.136564 0.933921 0.140969 0.938326 0.140969 0.942731 0.145374 0.947137 0.145374 0.955947 0.167401 0.977974 0.167401 0.982379 0.171806 0.986784 0.180617 0.977974 0.185022 0.977974 0.189427 0.973568 0.189427 0.969163 0.193833 0.964758 0.189427 0.960352 0.185022 0.960352 0.180617 0.964758 0.176211 0.964758 0.171806 0.960352 0.167401 0.960352 0.162996 0.955947 0.162996 0.947137 0.149780 0.933921 0.145374 0.933921 0.136564 0.925110 0.132159 0.929515
0 0.506608 0.898678 0.497797 0.889868 0.488987 0.889868 0.484582 0.894273 0.480176 0.894273 0.471366 0.903084 0.466960 0.903084 0.462555 0.907489 0.462555 0.911894 0.466960 0.916300 0.497797 0.916300 0.506608 0.907489
0 0.237885 0.837004 0.237885 0.841410 0.242291 0.845815 0.246696 0.845815 0.255507 0.837004 0.259912 0.837004 0.264317 0.832599 0.268722 0.837004 0.273128 0.837004 0.281938 0.845815 0.286344 0.841410 0.281938 0.837004 0.277533 0.837004 0.273128 0.832599 0.273128 0.823789 0.264317 0.814978 0.255507 0.814978 0.242291 0.828194 0.242291 0.832599
0 0.995595 0.819383 0.977974 0.819383 0.973568 0.814978 0.969163 0.814978 0.960352 0.806167 0.955947 0.806167 0.951542 0.810573 0.951542 0.823789 0.947137 0.828194 0.942731 0.828194 0.938326 0.832599 0.938326 0.854626 0.942731 0.859031 0.947137 0.859031 0.951542 0.863436 0.951542 0.876652 0.942731 0.885463 0.938326 0.885463 0.929515 0.894273 0.938326 0.903084 0.969163 0.872247 0.973568 0.872247 0.977974 0.867841 0.995595 0.867841
0 0.030837 0.806167 0.026432 0.810573 0.026432 0.814978 0.022026 0.819383 0.022026 0.837004 0.026432 0.841410 0.026432 0.850220 0.035242 0.859031 0.039648 0.859031 0.044053 0.863436 0.048458 0.863436 0.052863 0.867841 0.052863 0.885463 0.079295 0.911894 0.079295 0.920705 0.083700 0.925110 0.088106 0.925110 0.101322 0.938326 0.110132 0.938326 0.114537 0.933921 0.118943 0.933921 0.118943 0.929515 0.114537 0.929515 0.110132 0.925110 0.105727 0.925110 0.101322 0.920705 0.096916 0.920705 0.092511 0.916300 0.088106 0.916300 0.083700 0.911894 0.083700 0.889868 0.079295 0.885463 0.079295 0.881057 0.070485 0.872247 0.066079 0.872247 0.057269 0.863436 0.057269 0.859031 0.052863 0.854626 0.052863 0.845815 0.048458 0.841410 0.048458 0.819383 0.035242 0.806167
0 0.572687 0.903084 0.568282 0.964758 0.577093 0.969163 0.585903 0.955947 0.594714 0.911894 0.612335 0.898678 0.625551 0.903084 0.643172 0.885463 0.651982 0.863436 0.678414 0.859031 0.691630 0.867841 0.691630 0.876652 0.704846 0.889868 0.709251 0.920705 0.696035 0.929515 0.678414 0.925110 0.665198 0.911894 0.647577 0.920705 0.656388 0.929515 0.660793 0.925110 0.669604 0.929515 0.687225 0.955947 0.709251 0.969163 0.704846 0.982379 0.709251 0.995595 0.726872 0.995595 0.726872 0.986784 0.709251 0.969163 0.704846 0.933921 0.718062 0.925110 0.753304 0.942731 0.779736 0.969163 0.784141 0.964758 0.801762 0.969163 0.806167 0.995595 0.823789 0.995595 0.814978 0.986784 0.819383 0.960352 0.806167 0.951542 0.784141 0.960352 0.770925 0.951542 0.770925 0.942731 0.784141 0.925110 0.819383 0.903084 0.810573 0.881057 0.828194 0.872247 0.850220 0.889868 0.854626 0.925110 0.876652 0.977974 0.876652 0.995595 0.907489 0.995595 0.889868 0.938326 0.889868 0.907489 0.898678 0.894273 0.889868 0.885463 0.872247 0.894273 0.854626 0.881057 0.850220 0.854626 0.814978 0.841410 0.823789 0.823789 0.819383 0.810573 0.801762 0.797357 0.784141 0.810573 0.757709 0.797357 0.753304 0.801762 0.744493 0.797357 0.731278 0.806167 0.757709 0.810573 0.770925 0.823789 0.770925 0.832599 0.744493 0.850220 0.740088 0.881057 0.726872 0.889868 0.713656 0.885463 0.696035 0.859031 0.691630 0.863436 0.678414 0.854626 0.678414 0.837004 0.687225 0.828194 0.682819 0.819383 0.656388 0.863436 0.647577 0.867841 0.629956 0.850220 0.625551 0.876652 0.616740 0.889868 0.607930 0.894273 0.585903 0.889868
0 0.629956 0.810573 0.625551 0.806167 0.621145 0.806167 0.616740 0.801762 0.612335 0.801762 0.603524 0.792952 0.594714 0.792952 0.590308 0.797357 0.590308 0.806167 0.585903 0.810573 0.581498 0.810573 0.577093 0.814978 0.568282 0.814978 0.563877 0.810573 0.559471 0.814978 0.559471 0.819383 0.577093 0.837004 0.585903 0.837004 0.590308 0.832599 0.590308 0.823789 0.594714 0.819383 0.599119 0.819383 0.603524 0.814978 0.616740 0.814978 0.621145 0.819383
0 0.480176 0.753304 0.475771 0.757709 0.475771 0.762115 0.471366 0.766520 0.466960 0.766520 0.462555 0.770925 0.458150 0.766520 0.453745 0.766520 0.440529 0.753304 0.431718 0.762115 0.431718 0.775330 0.436123 0.779736 0.449339 0.779736 0.453745 0.784141 0.458150 0.784141 0.462555 0.788546 0.462555 0.806167 0.458150 0.810573 0.458150 0.819383 0.449339 0.828194 0.444934 0.828194 0.436123 0.837004 0.444934 0.845815 0.449339 0.841410 0.449339 0.828194 0.453745 0.823789 0.458150 0.823789 0.462555 0.819383 0.471366 0.819383 0.480176 0.810573 0.480176 0.797357 0.475771 0.792952 0.475771 0.784141 0.493392 0.766520 0.493392 0.762115 0.488987 0.757709 0.484582 0.757709
0 0.286344 0.784141 0.281938 0.779736 0.281938 0.766520 0.273128 0.757709 0.264317 0.757709 0.259912 0.753304 0.255507 0.757709 0.246696 0.757709 0.242291 0.762115 0.224670 0.762115 0.207048 0.779736 0.207048 0.788546 0.215859 0.797357 0.237885 0.775330 0.242291 0.775330 0.246696 0.770925 0.255507 0.770925 0.259912 0.766520 0.264317 0.766520 0.268722 0.770925 0.273128 0.770925 0.277533 0.775330 0.277533 0.784141 0.281938 0.788546
0 0.973568 0.735683 0.960352 0.735683 0.955947 0.740088 0.955947 0.748899 0.951542 0.753304 0.951542 0.762115 0.964758 0.775330 0.973568 0.766520 0.973568 0.753304 0.977974 0.748899 0.977974 0.740088
0 0.035242 0.740088 0.035242 0.748899 0.039648 0.753304 0.039648 0.757709 0.044053 0.762115 0.061674 0.762115 0.066079 0.766520 0.074890 0.757709 0.066079 0.748899 0.061674 0.748899 0.048458 0.735683 0.039648 0.735683
0 0.612335 0.718062 0.603524 0.726872 0.603524 0.731278 0.607930 0.735683 0.612335 0.735683 0.621145 0.744493 0.625551 0.744493 0.643172 0.762115 0.647577 0.762115 0.651982 0.757709 0.651982 0.748899 0.647577 0.744493 0.643172 0.744493 0.638767 0.740088 0.634361 0.740088 0.629956 0.735683 0.629956 0.726872 0.625551 0.722467 0.616740 0.722467
0 0.400881 0.718062 0.392070 0.709251 0.387665 0.713656 0.378855 0.713656 0.374449 0.709251 0.370044 0.709251 0.365639 0.704846 0.356828 0.704846 0.352423 0.709251 0.352423 0.718062 0.348018 0.722467 0.343612 0.722467 0.339207 0.726872 0.334802 0.726872 0.330396 0.722467 0.325991 0.722467 0.321586 0.718062 0.317181 0.722467 0.317181 0.731278 0.321586 0.735683 0.330396 0.735683 0.334802 0.731278 0.339207 0.731278 0.343612 0.735683 0.348018 0.735683 0.356828 0.744493 0.361233 0.740088 0.356828 0.735683 0.356828 0.722467 0.361233 0.718062 0.365639 0.718062 0.370044 0.713656 0.374449 0.713656 0.378855 0.718062 0.383260 0.718062 0.387665 0.722467 0.396476 0.722467
0 0.000000 0.656388 0.000000 0.687225 0.017621 0.696035 0.030837 0.687225 0.057269 0.713656 0.101322 0.744493 0.101322 0.762115 0.079295 0.784141 0.079295 0.797357 0.088106 0.810573 0.123348 0.828194 0.145374 0.859031 0.145374 0.867841 0.132159 0.876652 0.114537 0.872247 0.110132 0.889868 0.118943 0.894273 0.136564 0.881057 0.185022 0.929515 0.233480 0.929515 0.237885 0.982379 0.259912 0.969163 0.264317 0.929515 0.277533 0.920705 0.334802 0.951542 0.365639 0.947137 0.387665 0.973568 0.414097 0.977974 0.444934 0.964758 0.444934 0.933921 0.436123 0.933921 0.431718 0.947137 0.414097 0.960352 0.383260 0.947137 0.365639 0.916300 0.365639 0.894273 0.361233 0.907489 0.334802 0.920705 0.321586 0.911894 0.321586 0.903084 0.352423 0.867841 0.387665 0.854626 0.405286 0.819383 0.400881 0.797357 0.365639 0.797357 0.356828 0.788546 0.356828 0.775330 0.339207 0.762115 0.330396 0.770925 0.334802 0.792952 0.365639 0.810573 0.361233 0.828194 0.348018 0.837004 0.330396 0.837004 0.317181 0.828194 0.317181 0.859031 0.273128 0.898678 0.268722 0.916300 0.242291 0.920705 0.220264 0.903084 0.220264 0.889868 0.237885 0.872247 0.224670 0.863436 0.220264 0.876652 0.202643 0.885463 0.176211 0.863436 0.176211 0.845815 0.207048 0.832599 0.198238 0.823789 0.185022 0.832599 0.171806 0.828194 0.154185 0.779736 0.132159 0.762115 0.136564 0.726872 0.162996 0.726872 0.180617 0.740088 0.189427 0.731278 0.158590 0.718062 0.145374 0.700441 0.136564 0.718062 0.118943 0.726872 0.092511 0.713656 0.070485 0.687225
0 0.700441 0.660793 0.696035 0.656388 0.691630 0.656388 0.687225 0.651982 0.678414 0.660793 0.674009 0.660793 0.669604 0.665198 0.665198 0.660793 0.660793 0.660793 0.660793 0.669604 0.669604 0.678414 0.674009 0.674009 0.687225 0.674009
0 0.581498 0.656388 0.577093 0.651982 0.572687 0.651982 0.559471 0.665198 0.559471 0.669604 0.555066 0.674009 0.550661 0.674009 0.546256 0.678414 0.541850 0.678414 0.537445 0.674009 0.533040 0.674009 0.528634 0.669604 0.524229 0.674009 0.515419 0.674009 0.511013 0.678414 0.511013 0.682819 0.506608 0.687225 0.506608 0.700441 0.497797 0.709251 0.493392 0.709251 0.488987 0.713656 0.488987 0.722467 0.484582 0.726872 0.488987 0.731278 0.497797 0.731278 0.502203 0.726872 0.506608 0.726872 0.515419 0.718062 0.515419 0.713656 0.511013 0.709251 0.511013 0.700441 0.515419 0.696035 0.519824 0.696035 0.524229 0.691630 0.528634 0.691630 0.533040 0.687225 0.541850 0.687225 0.546256 0.682819 0.550661 0.682819 0.555066 0.678414 0.559471 0.682819 0.563877 0.682819 0.568282 0.687225 0.577093 0.687225 0.581498 0.682819 0.581498 0.669604 0.585903 0.665198 0.581498 0.660793
0 0.105727 0.629956 0.101322 0.634361 0.101322 0.638767 0.105727 0.643172 0.105727 0.656388 0.110132 0.660793 0.118943 0.660793 0.123348 0.665198 0.127753 0.665198 0.132159 0.660793 0.132159 0.656388 0.127753 0.651982 0.127753 0.647577 0.118943 0.638767 0.118943 0.634361 0.114537 0.629956
0 0.392070 0.612335 0.387665 0.616740 0.387665 0.621145 0.392070 0.625551 0.392070 0.638767 0.387665 0.643172 0.387665 0.656388 0.392070 0.660793 0.392070 0.665198 0.409692 0.682819 0.418502 0.682819 0.427313 0.674009 0.427313 0.665198 0.422908 0.660793 0.418502 0.660793 0.414097 0.656388 0.409692 0.656388 0.405286 0.651982 0.400881 0.651982 0.396476 0.647577 0.396476 0.643172 0.392070 0.638767 0.392070 0.625551 0.396476 0.621145 0.396476 0.616740
0 0.118943 0.577093 0.114537 0.572687 0.105727 0.572687 0.101322 0.577093 0.096916 0.577093 0.088106 0.585903 0.083700 0.585903 0.079295 0.590308 0.070485 0.590308 0.066079 0.585903 0.061674 0.585903 0.057269 0.581498 0.052863 0.581498 0.048458 0.577093 0.044053 0.577093 0.035242 0.585903 0.057269 0.607930 0.057269 0.612335 0.066079 0.621145 0.079295 0.607930 0.079295 0.603524 0.088106 0.594714 0.092511 0.594714 0.096916 0.590308 0.114537 0.590308 0.118943 0.585903
0 0.281938 0.572687 0.281938 0.577093 0.286344 0.581498 0.295154 0.581498 0.299559 0.585903 0.312775 0.585903 0.317181 0.581498 0.321586 0.585903 0.325991 0.585903 0.330396 0.590308 0.330396 0.594714 0.339207 0.603524 0.343612 0.603524 0.348018 0.607930 0.352423 0.603524 0.352423 0.590308 0.339207 0.577093 0.330396 0.577093 0.325991 0.581498 0.321586 0.581498 0.317181 0.577093 0.312775 0.577093 0.299559 0.563877 0.290749 0.563877
0 0.480176 0.541850 0.475771 0.546256 0.475771 0.555066 0.484582 0.563877 0.484582 0.572687 0.475771 0.581498 0.475771 0.599119 0.484582 0.607930 0.488987 0.607930 0.493392 0.612335 0.497797 0.612335 0.511013 0.625551 0.524229 0.625551 0.528634 0.621145 0.533040 0.625551 0.537445 0.621145 0.541850 0.625551 0.546256 0.625551 0.550661 0.629956 0.555066 0.625551 0.537445 0.607930 0.528634 0.607930 0.524229 0.603524 0.515419 0.603524 0.511013 0.599119 0.506608 0.599119 0.493392 0.585903 0.493392 0.550661 0.484582 0.541850
0 0.493392 0.484582 0.488987 0.488987 0.488987 0.497797 0.484582 0.502203 0.480176 0.502203 0.484582 0.502203 0.497797 0.515419 0.502203 0.515419 0.506608 0.511013 0.511013 0.515419 0.515419 0.515419 0.519824 0.519824 0.519824 0.537445 0.524229 0.541850 0.533040 0.533040 0.533040 0.528634 0.537445 0.524229 0.537445 0.515419 0.533040 0.511013 0.528634 0.511013 0.524229 0.515419 0.519824 0.511013 0.515419 0.511013 0.506608 0.502203 0.506608 0.488987 0.502203 0.484582
0 0.118943 0.484582 0.114537 0.488987 0.114537 0.502203 0.101322 0.515419 0.101322 0.519824 0.110132 0.528634 0.118943 0.528634 0.123348 0.533040 0.132159 0.533040 0.136564 0.537445 0.149780 0.541850 0.171806 0.563877 0.176211 0.563877 0.198238 0.577093 0.198238 0.585903 0.189427 0.594714 0.189427 0.603524 0.193833 0.607930 0.198238 0.607930 0.207048 0.616740 0.207048 0.625551 0.185022 0.638767 0.162996 0.629956 0.158590 0.634361 0.158590 0.638767 0.167401 0.647577 0.171806 0.647577 0.176211 0.651982 0.180617 0.651982 0.185022 0.647577 0.189427 0.651982 0.198238 0.651982 0.202643 0.656388 0.207048 0.656388 0.211454 0.660793 0.211454 0.669604 0.215859 0.674009 0.220264 0.674009 0.229075 0.682819 0.233480 0.678414 0.233480 0.669604 0.229075 0.665198 0.229075 0.651982 0.224670 0.647577 0.224670 0.638767 0.246696 0.616740 0.246696 0.599119 0.233480 0.585903 0.229075 0.585903 0.202643 0.559471 0.198238 0.559471 0.193833 0.555066 0.193833 0.546256 0.207048 0.537445 0.220264 0.546256 0.233480 0.546256 0.242291 0.537445 0.255507 0.533040 0.264317 0.524229 0.264317 0.519824 0.259912 0.515419 0.251101 0.515419 0.242291 0.524229 0.237885 0.524229 0.233480 0.528634 0.229075 0.528634 0.224670 0.524229 0.215859 0.524229 0.211454 0.528634 0.207048 0.524229 0.202643 0.528634 0.202643 0.537445 0.189427 0.546256 0.176211 0.537445 0.176211 0.533040 0.167401 0.524229 0.167401 0.519824 0.158590 0.511013 0.158590 0.506608 0.154185 0.502203 0.140969 0.506608 0.136564 0.502203 0.132159 0.502203 0.127753 0.497797 0.127753 0.493392
0 0.000000 0.466960 0.000000 0.537445 0.004405 0.541850 0.013216 0.533040 0.013216 0.528634 0.022026 0.519824 0.026432 0.519824 0.030837 0.515419 0.039648 0.515419 0.044053 0.519824 0.048458 0.519824 0.057269 0.528634 0.057269 0.541850 0.066079 0.550661 0.074890 0.541850 0.070485 0.537445 0.070485 0.533040 0.066079 0.528634 0.066079 0.515419 0.061674 0.511013 0.061674 0.502203 0.066079 0.497797 0.066079 0.488987 0.061674 0.484582 0.048458 0.484582 0.044053 0.480176 0.039648 0.480176 0.026432 0.466960 0.022026 0.471366 0.017621 0.471366 0.013216 0.475771 0.008811 0.471366 0.004405 0.471366
0 0.762115 0.418502 0.757709 0.422908 0.757709 0.427313 0.753304 0.431718 0.753304 0.436123 0.748899 0.440529 0.748899 0.453745 0.762115 0.466960 0.766520 0.466960 0.775330 0.458150 0.775330 0.449339 0.770925 0.444934 0.770925 0.431718 0.766520 0.427313 0.766520 0.422908
0 0.947137 0.378855 0.942731 0.383260 0.942731 0.418502 0.938326 0.422908 0.938326 0.431718 0.942731 0.436123 0.947137 0.436123 0.951542 0.440529 0.955947 0.440529 0.960352 0.444934 0.964758 0.444934 0.969163 0.440529 0.973568 0.440529 0.977974 0.444934 0.982379 0.444934 0.986784 0.449339 0.986784 0.453745 0.991189 0.458150 0.995595 0.458150 0.995595 0.436123 0.991189 0.436123 0.986784 0.440529 0.977974 0.440529 0.973568 0.436123 0.969163 0.436123 0.960352 0.427313 0.960352 0.400881 0.964758 0.396476 0.964758 0.392070 0.969163 0.387665 0.955947 0.374449 0.951542 0.378855
0 0.762115 0.361233 0.757709 0.365639 0.762115 0.370044 0.762115 0.374449 0.766520 0.378855 0.766520 0.400881 0.770925 0.405286 0.775330 0.400881 0.779736 0.400881 0.779736 0.383260 0.775330 0.378855 0.775330 0.370044 0.766520 0.361233
0 0.568282 0.356828 0.563877 0.361233 0.563877 0.370044 0.568282 0.374449 0.568282 0.387665 0.559471 0.396476 0.559471 0.409692 0.563877 0.414097 0.563877 0.418502 0.577093 0.431718 0.585903 0.422908 0.585903 0.409692 0.577093 0.400881 0.577093 0.396476 0.568282 0.387665 0.568282 0.378855 0.572687 0.374449 0.577093 0.374449 0.581498 0.370044
0 0.000000 0.334802 0.000000 0.378855 0.004405 0.383260 0.013216 0.374449 0.013216 0.370044 0.017621 0.365639 0.017621 0.343612 0.030837 0.330396 0.035242 0.330396 0.039648 0.325991 0.044053 0.330396 0.048458 0.330396 0.052863 0.334802 0.052863 0.365639 0.057269 0.370044 0.057269 0.378855 0.061674 0.383260 0.061674 0.387665 0.066079 0.392070 0.070485 0.392070 0.074890 0.396476 0.074890 0.405286 0.066079 0.414097 0.066079 0.436123 0.074890 0.444934 0.079295 0.440529 0.088106 0.440529 0.092511 0.444934 0.101322 0.436123 0.074890 0.409692 0.074890 0.396476 0.079295 0.392070 0.074890 0.387665 0.074890 0.374449 0.070485 0.370044 0.070485 0.343612 0.074890 0.339207 0.074890 0.334802 0.070485 0.330396 0.066079 0.334802 0.061674 0.334802 0.057269 0.330396 0.052863 0.330396 0.044053 0.321586 0.039648 0.325991 0.035242 0.325991 0.030837 0.330396 0.026432 0.325991 0.022026 0.325991 0.017621 0.330396 0.008811 0.330396 0.004405 0.334802
0 0.299559 0.321586 0.299559 0.325991 0.303965 0.330396 0.308370 0.330396 0.312775 0.325991 0.317181 0.325991 0.321586 0.321586 0.330396 0.321586 0.334802 0.325991 0.339207 0.325991 0.343612 0.330396 0.352423 0.330396 0.356828 0.325991 0.356828 0.321586 0.348018 0.312775 0.343612 0.312775 0.339207 0.308370 0.330396 0.308370 0.325991 0.303965 0.317181 0.312775 0.312775 0.312775 0.308370 0.317181 0.303965 0.317181
0 0.000000 0.281938 0.000000 0.295154 0.008811 0.295154 0.013216 0.299559 0.017621 0.299559 0.026432 0.308370 0.030837 0.303965 0.030837 0.290749 0.026432 0.286344 0.026432 0.281938 0.022026 0.277533 0.013216 0.277533 0.008811 0.281938
0 0.378855 0.273128 0.365639 0.286344 0.400881 0.312775 0.400881 0.321586 0.378855 0.339207 0.392070 0.356828 0.409692 0.348018 0.427313 0.356828 0.449339 0.378855 0.453745 0.409692 0.440529 0.418502 0.427313 0.414097 0.422908 0.422908 0.427313 0.436123 0.458150 0.466960 0.458150 0.480176 0.444934 0.488987 0.431718 0.484582 0.418502 0.466960 0.405286 0.462555 0.383260 0.440529 0.387665 0.422908 0.378855 0.418502 0.374449 0.422908 0.383260 0.431718 0.383260 0.440529 0.365639 0.453745 0.378855 0.466960 0.378855 0.484582 0.365639 0.497797 0.378855 0.515419 0.378855 0.528634 0.387665 0.546256 0.383260 0.568282 0.392070 0.577093 0.392070 0.585903 0.396476 0.590308 0.414097 0.585903 0.436123 0.603524 0.431718 0.625551 0.449339 0.651982 0.462555 0.643172 0.462555 0.634361 0.436123 0.607930 0.440529 0.581498 0.422908 0.563877 0.427313 0.550661 0.436123 0.546256 0.440529 0.550661 0.453745 0.541850 0.458150 0.511013 0.471366 0.502203 0.462555 0.497797 0.466960 0.462555 0.449339 0.436123 0.449339 0.418502 0.462555 0.409692 0.488987 0.418502 0.515419 0.444934 0.519824 0.466960 0.541850 0.484582 0.546256 0.480176 0.537445 0.462555 0.541850 0.444934 0.533040 0.436123 0.528634 0.440529 0.515419 0.436123 0.511013 0.418502 0.502203 0.409692 0.497797 0.414097 0.488987 0.409692 0.471366 0.387665 0.471366 0.361233 0.484582 0.352423 0.515419 0.383260 0.519824 0.378855 0.493392 0.348018 0.493392 0.339207 0.506608 0.325991 0.488987 0.303965 0.480176 0.299559 0.449339 0.330396 0.431718 0.321586 0.396476 0.281938
0 0.259912 0.251101 0.246696 0.277533 0.233480 0.281938 0.215859 0.264317 0.202643 0.277533 0.198238 0.290749 0.202643 0.299559 0.202643 0.321586 0.198238 0.325991 0.220264 0.348018 0.211454 0.383260 0.237885 0.409692 0.237885 0.422908 0.233480 0.427313 0.242291 0.436123 0.237885 0.449339 0.229075 0.453745 0.202643 0.449339 0.162996 0.414097 0.158590 0.378855 0.132159 0.365639 0.132159 0.356828 0.149780 0.330396 0.162996 0.321586 0.167401 0.325991 0.176211 0.321586 0.176211 0.312775 0.167401 0.303965 0.158590 0.303965 0.154185 0.317181 0.140969 0.325991 0.110132 0.325991 0.096916 0.343612 0.118943 0.370044 0.123348 0.365639 0.136564 0.374449 0.136564 0.396476 0.132159 0.400881 0.136564 0.405286 0.140969 0.436123 0.132159 0.449339 0.140969 0.458150 0.149780 0.458150 0.162996 0.440529 0.171806 0.436123 0.193833 0.453745 0.193833 0.466960 0.180617 0.484582 0.202643 0.506608 0.211454 0.502203 0.224670 0.506608 0.251101 0.488987 0.251101 0.471366 0.242291 0.462555 0.242291 0.453745 0.255507 0.444934 0.259912 0.449339 0.273128 0.449339 0.277533 0.444934 0.290749 0.449339 0.295154 0.444934 0.330396 0.449339 0.343612 0.440529 0.343612 0.431718 0.330396 0.418502 0.317181 0.418502 0.303965 0.409692 0.308370 0.396476 0.334802 0.392070 0.330396 0.378855 0.312775 0.365639 0.303965 0.370044 0.295154 0.365639 0.286344 0.348018 0.242291 0.321586 0.220264 0.299559 0.220264 0.290749 0.233480 0.281938 0.251101 0.295154 0.259912 0.295154 0.268722 0.286344 0.273128 0.268722
0 0.546256 0.220264 0.541850 0.224670 0.541850 0.237885 0.537445 0.242291 0.537445 0.246696 0.533040 0.251101 0.533040 0.259912 0.541850 0.268722 0.541850 0.277533 0.533040 0.286344 0.533040 0.299559 0.537445 0.303965 0.537445 0.308370 0.550661 0.321586 0.550661 0.325991 0.555066 0.330396 0.555066 0.339207 0.559471 0.343612 0.563877 0.343612 0.568282 0.339207 0.568282 0.334802 0.563877 0.330396 0.563877 0.312775 0.559471 0.308370 0.559471 0.303965 0.546256 0.290749 0.546256 0.281938 0.541850 0.277533 0.541850 0.268722 0.550661 0.259912 0.550661 0.255507 0.555066 0.251101 0.555066 0.237885 0.550661 0.233480 0.550661 0.224670
0 0.493392 0.220264 0.488987 0.220264 0.484582 0.224670 0.484582 0.229075 0.480176 0.233480 0.475771 0.233480 0.471366 0.237885 0.466960 0.237885 0.462555 0.233480 0.458150 0.237885 0.453745 0.237885 0.449339 0.242291 0.436123 0.242291 0.431718 0.246696 0.431718 0.251101 0.453745 0.273128 0.453745 0.277533 0.458150 0.281938 0.462555 0.281938 0.466960 0.277533 0.471366 0.277533 0.475771 0.273128 0.480176 0.273128 0.488987 0.264317 0.484582 0.259912 0.480176 0.259912 0.475771 0.255507 0.475771 0.251101 0.471366 0.246696 0.471366 0.237885 0.475771 0.233480 0.480176 0.233480 0.484582 0.229075 0.488987 0.229075 0.493392 0.233480 0.497797 0.233480 0.502203 0.229075
0 0.612335 0.207048 0.607930 0.211454 0.607930 0.220264 0.612335 0.224670 0.612335 0.229075 0.616740 0.233480 0.616740 0.286344 0.634361 0.303965 0.634361 0.308370 0.647577 0.321586 0.656388 0.321586 0.660793 0.317181 0.660793 0.312775 0.656388 0.308370 0.656388 0.299559 0.651982 0.295154 0.647577 0.295154 0.643172 0.290749 0.638767 0.290749 0.629956 0.281938 0.629956 0.277533 0.625551 0.273128 0.625551 0.224670 0.629956 0.220264 0.616740 0.207048
0 0.281938 0.171806 0.281938 0.176211 0.286344 0.180617 0.286344 0.185022 0.290749 0.189427 0.290749 0.193833 0.295154 0.198238 0.295154 0.202643 0.303965 0.211454 0.303965 0.220264 0.308370 0.224670 0.308370 0.233480 0.312775 0.237885 0.312775 0.242291 0.317181 0.246696 0.325991 0.246696 0.330396 0.242291 0.325991 0.237885 0.325991 0.215859 0.321586 0.211454 0.321586 0.198238 0.299559 0.176211 0.290749 0.176211 0.286344 0.171806
0 0.220264 0.171806 0.211454 0.171806 0.207048 0.176211 0.207048 0.180617 0.193833 0.193833 0.193833 0.207048 0.198238 0.207048 0.202643 0.211454 0.207048 0.211454 0.211454 0.207048 0.211454 0.189427 0.224670 0.176211
0 0.361233 0.167401 0.352423 0.176211 0.361233 0.185022 0.370044 0.185022 0.374449 0.189427 0.378855 0.189427 0.400881 0.211454 0.400881 0.220264 0.392070 0.229075 0.387665 0.229075 0.383260 0.233480 0.383260 0.242291 0.392070 0.251101 0.396476 0.251101 0.400881 0.246696 0.400881 0.233480 0.405286 0.229075 0.409692 0.229075 0.414097 0.224670 0.427313 0.224670 0.431718 0.220264 0.431718 0.211454 0.427313 0.207048 0.422908 0.207048 0.418502 0.202643 0.414097 0.202643 0.396476 0.185022 0.392070 0.185022 0.387665 0.180617 0.383260 0.180617 0.378855 0.176211 0.378855 0.167401 0.374449 0.171806 0.370044 0.167401
0 0.246696 0.123348 0.242291 0.127753 0.246696 0.132159 0.251101 0.132159 0.255507 0.136564 0.255507 0.149780 0.264317 0.158590 0.268722 0.158590 0.273128 0.162996 0.277533 0.162996 0.277533 0.158590 0.286344 0.149780 0.273128 0.136564 0.264317 0.136564 0.259912 0.132159 0.255507 0.132159
0 0.303965 0.114537 0.303965 0.118943 0.308370 0.123348 0.312775 0.123348 0.317181 0.127753 0.321586 0.127753 0.325991 0.132159 0.330396 0.132159 0.348018 0.149780 0.352423 0.145374 0.356828 0.145374 0.361233 0.140969 0.352423 0.132159 0.352423 0.123348 0.339207 0.110132 0.330396 0.110132 0.325991 0.105727 0.321586 0.105727 0.317181 0.101322
0 0.471366 0.048458 0.458150 0.061674 0.458150 0.074890 0.462555 0.079295 0.462555 0.083700 0.471366 0.092511 0.471366 0.101322 0.466960 0.105727 0.462555 0.105727 0.458150 0.110132 0.449339 0.110132 0.444934 0.114537 0.444934 0.132159 0.440529 0.136564 0.444934 0.136564 0.449339 0.140969 0.449339 0.145374 0.458150 0.154185 0.458150 0.167401 0.453745 0.171806 0.449339 0.171806 0.444934 0.176211 0.440529 0.171806 0.436123 0.176211 0.440529 0.180617 0.449339 0.171806 0.453745 0.171806 0.458150 0.167401 0.462555 0.171806 0.475771 0.171806 0.480176 0.167401 0.493392 0.167401 0.497797 0.171806 0.502203 0.167401 0.497797 0.162996 0.497797 0.154185 0.480176 0.136564 0.480176 0.132159 0.475771 0.127753 0.475771 0.123348 0.466960 0.114537 0.466960 0.105727 0.471366 0.101322 0.475771 0.101322 0.480176 0.096916 0.480176 0.088106 0.488987 0.079295 0.488987 0.070485 0.484582 0.066079 0.484582 0.061674
0 0.960352 0.044053 0.955947 0.048458 0.955947 0.057269 0.973568 0.074890 0.977974 0.074890 0.982379 0.079295 0.982379 0.088106 0.986784 0.092511 0.986784 0.096916 0.995595 0.105727 0.995595 0.079295 0.991189 0.074890 0.986784 0.074890 0.982379 0.070485 0.982379 0.066079 0.977974 0.061674 0.977974 0.057269 0.973568 0.052863 0.973568 0.048458 0.969163 0.044053
0 0.202643 0.035242 0.207048 0.035242 0.211454 0.039648 0.211454 0.057269 0.215859 0.061674 0.215859 0.070485 0.211454 0.074890 0.207048 0.074890 0.202643 0.079295 0.193833 0.079295 0.189427 0.083700 0.189427 0.088106 0.185022 0.092511 0.185022 0.105727 0.189427 0.110132 0.198238 0.110132 0.207048 0.101322 0.207048 0.096916 0.211454 0.092511 0.211454 0.074890 0.215859 0.070485 0.220264 0.070485 0.224670 0.066079 0.229075 0.066079 0.233480 0.070485 0.237885 0.070485 0.242291 0.074890 0.242291 0.079295 0.255507 0.092511 0.259912 0.092511 0.273128 0.105727 0.277533 0.101322 0.277533 0.079295 0.259912 0.061674 0.255507 0.061674 0.251101 0.057269 0.242291 0.057269 0.237885 0.052863 0.233480 0.052863 0.229075 0.048458 0.229075 0.044053 0.224670 0.039648 0.220264 0.039648 0.211454 0.030837 0.207048 0.035242
0 0.735683 0.000000 0.784141 0.083700 0.779736 0.114537 0.801762 0.145374 0.792952 0.167401 0.801762 0.185022 0.837004 0.198238 0.872247 0.251101 0.907489 0.246696 0.933921 0.295154 0.933921 0.321586 0.916300 0.334802 0.876652 0.321586 0.872247 0.295154 0.859031 0.295154 0.872247 0.325991 0.898678 0.343612 0.898678 0.361233 0.859031 0.431718 0.837004 0.440529 0.841410 0.462555 0.859031 0.475771 0.850220 0.493392 0.872247 0.506608 0.867841 0.524229 0.907489 0.577093 0.911894 0.603524 0.925110 0.616740 0.942731 0.616740 0.955947 0.634361 0.951542 0.647577 0.964758 0.669604 0.960352 0.687225 0.916300 0.709251 0.898678 0.700441 0.885463 0.709251 0.898678 0.757709 0.881057 0.784141 0.854626 0.784141 0.863436 0.841410 0.903084 0.867841 0.907489 0.854626 0.881057 0.823789 0.872247 0.788546 0.903084 0.775330 0.907489 0.744493 0.938326 0.704846 0.955947 0.696035 0.995595 0.704846 0.995595 0.665198 0.977974 0.647577 0.977974 0.634361 0.995595 0.621145 0.995595 0.603524 0.955947 0.563877 0.955947 0.546256 0.977974 0.533040 0.982379 0.506608 0.955947 0.497797 0.929515 0.453745 0.916300 0.458150 0.894273 0.440529 0.876652 0.440529 0.872247 0.422908 0.907489 0.374449 0.907489 0.361233 0.933921 0.352423 0.929515 0.339207 0.955947 0.312775 0.973568 0.321586 0.991189 0.295154 0.960352 0.277533 0.947137 0.233480 0.964758 0.220264 0.995595 0.224670 0.995595 0.202643 0.973568 0.220264 0.951542 0.202643 0.947137 0.180617 0.929515 0.215859 0.907489 0.220264 0.881057 0.171806 0.881057 0.145374 0.894273 0.136564 0.916300 0.149780 0.942731 0.132159 0.911894 0.110132 0.889868 0.070485 0.832599 0.013216 0.832599 0.000000 0.810573 0.000000 0.828194 0.013216 0.828194 0.026432 0.814978 0.035242 0.779736 0.000000
0 0.277533 0.000000 0.277533 0.004405 0.281938 0.008811 0.281938 0.013216 0.286344 0.017621 0.286344 0.022026 0.299559 0.035242 0.308370 0.035242 0.312775 0.039648 0.334802 0.039648 0.339207 0.044053 0.343612 0.044053 0.352423 0.052863 0.352423 0.057269 0.356828 0.061674 0.361233 0.061674 0.400881 0.101322 0.400881 0.110132 0.405286 0.114537 0.405286 0.123348 0.400881 0.127753 0.400881 0.132159 0.396476 0.136564 0.396476 0.140969 0.387665 0.149780 0.387665 0.162996 0.392070 0.158590 0.396476 0.162996 0.405286 0.162996 0.414097 0.154185 0.414097 0.149780 0.418502 0.145374 0.418502 0.140969 0.422908 0.136564 0.427313 0.136564 0.422908 0.136564 0.418502 0.132159 0.418502 0.127753 0.409692 0.118943 0.409692 0.096916 0.418502 0.088106 0.418502 0.083700 0.422908 0.079295 0.427313 0.079295 0.431718 0.074890 0.422908 0.066079 0.418502 0.066079 0.414097 0.061674 0.414097 0.057269 0.400881 0.044053 0.396476 0.044053 0.378855 0.026432 0.370044 0.026432 0.365639 0.030837 0.361233 0.030837 0.356828 0.026432 0.352423 0.026432 0.348018 0.022026 0.348018 0.017621 0.343612 0.013216 0.339207 0.013216 0.334802 0.008811 0.330396 0.008811 0.325991 0.004405 0.325991 0.000000
0 0.026432 0.000000 0.039648 0.008811 0.061674 0.000000 0.070485 0.004405 0.074890 0.030837 0.057269 0.044053 0.039648 0.039648 0.022026 0.057269 0.000000 0.061674 0.000000 0.074890 0.030837 0.070485 0.044053 0.079295 0.039648 0.092511 0.000000 0.101322 0.000000 0.110132 0.030837 0.140969 0.030837 0.158590 0.013216 0.189427 0.022026 0.198238 0.022026 0.207048 0.000000 0.229075 0.022026 0.251101 0.052863 0.237885 0.066079 0.246696 0.066079 0.273128 0.057269 0.286344 0.061674 0.295154 0.079295 0.281938 0.101322 0.295154 0.118943 0.295154 0.123348 0.290749 0.096916 0.268722 0.088106 0.273128 0.074890 0.264317 0.074890 0.246696 0.088106 0.237885 0.110132 0.242291 0.118943 0.255507 0.127753 0.251101 0.105727 0.237885 0.105727 0.224670 0.088106 0.198238 0.070485 0.202643 0.057269 0.193833 0.057269 0.180617 0.066079 0.167401 0.066079 0.136564 0.039648 0.105727 0.039648 0.096916 0.066079 0.070485 0.083700 0.083700 0.110132 0.132159 0.105727 0.154185 0.145374 0.180617 0.140969 0.202643 0.149780 0.211454 0.149780 0.233480 0.154185 0.237885 0.180617 0.224670 0.176211 0.211454 0.154185 0.193833 0.158590 0.171806 0.127753 0.154185 0.127753 0.123348 0.118943 0.110132 0.118943 0.092511 0.074890 0.066079 0.070485 0.052863 0.088106 0.039648 0.105727 0.052863 0.136564 0.052863 0.158590 0.070485 0.176211 0.066079 0.185022 0.057269 0.189427 0.035242 0.171806 0.022026 0.136564 0.017621 0.132159 0.000000
