0 0.127753 0.960352 0.132159 0.964758 0.136564 0.960352 0.140969 0.960352 0.145374 0.955947 0.149780 0.960352 0.154185 0.960352 0.158590 0.964758 0.167401 0.964758 0.171806 0.969163 0.189427 0.969163 0.193833 0.964758 0.198238 0.964758 0.202643 0.960352 0.198238 0.955947 0.180617 0.955947 0.176211 0.951542 0.171806 0.951542 0.167401 0.947137 0.158590 0.947137 0.149780 0.955947 0.145374 0.955947 0.140969 0.960352 0.136564 0.960352 0.132159 0.955947
0 0.440529 0.933921 0.436123 0.938326 0.436123 0.942731 0.422908 0.955947 0.422908 0.964758 0.431718 0.973568 0.436123 0.973568 0.440529 0.969163 0.440529 0.964758 0.444934 0.960352 0.444934 0.955947 0.440529 0.951542 0.440529 0.942731 0.444934 0.938326
0 0.872247 0.832599 0.867841 0.828194 0.859031 0.828194 0.850220 0.837004 0.845815 0.837004 0.841410 0.841410 0.837004 0.841410 0.832599 0.837004 0.828194 0.837004 0.823789 0.832599 0.814978 0.841410 0.814978 0.845815 0.819383 0.850220 0.823789 0.845815 0.828194 0.845815 0.832599 0.841410 0.841410 0.841410 0.845815 0.845815 0.859031 0.845815
0 0.436123 0.748899 0.431718 0.753304 0.422908 0.753304 0.414097 0.762115 0.414097 0.766520 0.427313 0.779736 0.431718 0.779736 0.440529 0.770925 0.440529 0.766520 0.444934 0.762115 0.444934 0.757709
0 0.330396 0.691630 0.321586 0.700441 0.325991 0.704846 0.325991 0.713656 0.321586 0.718062 0.321586 0.722467 0.330396 0.731278 0.330396 0.735683 0.334802 0.740088 0.339207 0.740088 0.348018 0.748899 0.352423 0.744493 0.356828 0.744493 0.361233 0.740088 0.365639 0.740088 0.374449 0.731278 0.374449 0.713656 0.370044 0.709251 0.370044 0.700441 0.361233 0.691630
0 0.960352 0.634361 0.955947 0.638767 0.955947 0.656388 0.960352 0.660793 0.964758 0.660793 0.969163 0.665198 0.973568 0.665198 0.982379 0.656388 0.982379 0.651982 0.977974 0.647577 0.977974 0.643172 0.969163 0.634361
0 0.321586 0.590308 0.312775 0.581498 0.308370 0.585903 0.299559 0.585903 0.286344 0.599119 0.286344 0.603524 0.290749 0.607930 0.299559 0.607930 0.303965 0.603524 0.312775 0.603524 0.321586 0.594714
0 0.409692 0.581498 0.405286 0.577093 0.396476 0.577093 0.392070 0.581498 0.387665 0.581498 0.378855 0.590308 0.374449 0.590308 0.370044 0.594714 0.365639 0.594714 0.361233 0.590308 0.356828 0.594714 0.356828 0.599119 0.352423 0.603524 0.352423 0.607930 0.356828 0.612335 0.356828 0.616740 0.361233 0.621145 0.370044 0.621145 0.378855 0.612335 0.378855 0.599119 0.383260 0.594714 0.387665 0.594714 0.392070 0.590308 0.400881 0.590308
0 0.202643 0.471366 0.198238 0.466960 0.193833 0.471366 0.193833 0.475771 0.185022 0.484582 0.180617 0.484582 0.176211 0.488987 0.167401 0.488987 0.162996 0.493392 0.167401 0.497797 0.189427 0.497797 0.198238 0.488987 0.198238 0.480176 0.202643 0.475771
0 0.370044 0.436123 0.348018 0.453745 0.348018 0.458150 0.356828 0.466960 0.370044 0.466960 0.392070 0.449339 0.405286 0.458150 0.405286 0.471366 0.396476 0.480176 0.396476 0.488987 0.422908 0.519824 0.431718 0.519824 0.436123 0.524229 0.444934 0.524229 0.458150 0.533040 0.471366 0.533040 0.475771 0.537445 0.484582 0.537445 0.488987 0.533040 0.502203 0.541850 0.502203 0.555066 0.493392 0.563877 0.493392 0.572687 0.480176 0.581498 0.471366 0.577093 0.462555 0.585903 0.458150 0.594714 0.458150 0.607930 0.444934 0.616740 0.427313 0.607930 0.422908 0.612335 0.405286 0.616740 0.400881 0.621145 0.400881 0.638767 0.387665 0.647577 0.378855 0.647577 0.370044 0.656388 0.370044 0.665198 0.378855 0.674009 0.387665 0.674009 0.400881 0.660793 0.396476 0.643172 0.405286 0.634361 0.414097 0.629956 0.436123 0.629956 0.453745 0.638767 0.462555 0.629956 0.462555 0.612335 0.475771 0.603524 0.475771 0.594714 0.484582 0.577093 0.493392 0.572687 0.511013 0.585903 0.524229 0.577093 0.537445 0.577093 0.541850 0.572687 0.550661 0.577093 0.559471 0.568282 0.541850 0.555066 0.537445 0.559471 0.524229 0.550661 0.524229 0.541850 0.502203 0.528634 0.502203 0.515419 0.493392 0.506608 0.471366 0.502203 0.436123 0.484582 0.431718 0.475771 0.409692 0.453745 0.405286 0.458150 0.396476 0.453745 0.383260 0.436123
0 0.546256 0.295154 0.550661 0.299559 0.568282 0.299559 0.572687 0.295154 0.577093 0.299559 0.585903 0.290749 0.572687 0.277533 0.555066 0.277533 0.550661 0.281938 0.550661 0.286344 0.546256 0.290749
0 0.000000 0.242291 0.000000 0.286344 0.052863 0.277533 0.096916 0.312775 0.123348 0.303965 0.149780 0.321586 0.211454 0.334802 0.273128 0.370044 0.334802 0.374449 0.348018 0.370044 0.361233 0.348018 0.387665 0.343612 0.436123 0.374449 0.431718 0.387665 0.396476 0.405286 0.392070 0.400881 0.387665 0.405286 0.396476 0.414097 0.458150 0.383260 0.480176 0.409692 0.493392 0.400881 0.506608 0.405286 0.506608 0.422908 0.524229 0.440529 0.621145 0.405286 0.629956 0.409692 0.629956 0.383260 0.643172 0.374449 0.691630 0.392070 0.792952 0.405286 0.859031 0.392070 0.889868 0.396476 0.920705 0.383260 0.933921 0.330396 0.947137 0.321586 0.995595 0.356828 0.995595 0.321586 0.964758 0.303965 0.942731 0.303965 0.889868 0.361233 0.850220 0.356828 0.779736 0.374449 0.687225 0.356828 0.660793 0.343612 0.634361 0.343612 0.594714 0.361233 0.581498 0.352423 0.590308 0.334802 0.581498 0.321586 0.568282 0.330396 0.563877 0.352423 0.528634 0.370044 0.466960 0.348018 0.436123 0.348018 0.405286 0.312775 0.374449 0.317181 0.330396 0.343612 0.281938 0.339207 0.246696 0.321586 0.220264 0.295154 0.105727 0.259912 0.057269 0.229075
0 0.947137 0.220264 0.938326 0.229075 0.938326 0.246696 0.951542 0.259912 0.960352 0.251101 0.960352 0.237885 0.955947 0.233480 0.955947 0.229075
0 0.444934 0.118943 0.440529 0.118943 0.427313 0.132159 0.422908 0.132159 0.418502 0.136564 0.414097 0.136564 0.409692 0.140969 0.409692 0.154185 0.396476 0.167401 0.396476 0.171806 0.392070 0.176211 0.392070 0.185022 0.396476 0.189427 0.400881 0.189427 0.405286 0.185022 0.405286 0.167401 0.422908 0.149780 0.427313 0.149780 0.431718 0.145374 0.436123 0.145374 0.440529 0.140969 0.440529 0.136564 0.449339 0.127753 0.449339 0.123348
0 0.837004 0.127753 0.850220 0.140969 0.859031 0.132159 0.859031 0.123348 0.863436 0.118943 0.867841 0.118943 0.872247 0.114537 0.876652 0.118943 0.881057 0.114537 0.876652 0.110132 0.872247 0.114537 0.859031 0.114537 0.854626 0.110132 0.850220 0.110132 0.845815 0.114537 0.841410 0.114537 0.837004 0.118943
0 0.000000 0.017621 0.000000 0.030837 0.013216 0.030837 0.017621 0.026432 0.022026 0.030837 0.026432 0.026432 0.030837 0.030837 0.035242 0.030837 0.039648 0.035242 0.044053 0.030837 0.048458 0.030837 0.052863 0.026432 0.052863 0.022026 0.048458 0.017621 0.039648 0.017621 0.035242 0.022026 0.030837 0.022026 0.026432 0.026432 0.022026 0.022026 0.013216 0.022026 0.008811 0.017621
0 0.837004 0.008811 0.828194 0.008811 0.819383 0.017621 0.819383 0.026432 0.814978 0.030837 0.814978 0.039648 0.819383 0.044053 0.819383 0.048458 0.823789 0.052863 0.823789 0.057269 0.828194 0.061674 0.832599 0.061674 0.841410 0.052863 0.841410 0.039648 0.837004 0.035242 0.837004 0.022026 0.841410 0.017621 0.841410 0.013216
