0 0.938326 0.889868 0.929515 0.889868 0.925110 0.894273 0.925110 0.903084 0.916300 0.911894 0.916300 0.920705 0.925110 0.929515 0.925110 0.933921 0.929515 0.938326 0.933921 0.938326 0.938326 0.933921 0.938326 0.929515 0.933921 0.925110 0.933921 0.911894 0.938326 0.907489 0.938326 0.903084 0.942731 0.898678 0.942731 0.894273
0 0.660793 0.863436 0.660793 0.867841 0.665198 0.872247 0.665198 0.889868 0.669604 0.894273 0.669604 0.898678 0.674009 0.903084 0.682819 0.894273 0.687225 0.894273 0.691630 0.889868 0.696035 0.894273 0.700441 0.894273 0.709251 0.903084 0.713656 0.903084 0.718062 0.898678 0.718062 0.894273 0.713656 0.889868 0.709251 0.889868 0.704846 0.885463 0.700441 0.889868 0.691630 0.889868 0.687225 0.885463 0.682819 0.885463 0.678414 0.881057 0.678414 0.876652 0.674009 0.872247 0.674009 0.863436 0.669604 0.859031 0.665198 0.859031
0 0.942731 0.792952 0.933921 0.801762 0.933921 0.819383 0.911894 0.841410 0.916300 0.845815 0.925110 0.845815 0.938326 0.832599 0.938326 0.819383 0.947137 0.810573 0.947137 0.797357
0 0.845815 0.788546 0.837004 0.788546 0.832599 0.792952 0.841410 0.801762 0.841410 0.814978 0.828194 0.828194 0.828194 0.841410 0.832599 0.845815 0.841410 0.845815 0.845815 0.841410 0.845815 0.837004 0.850220 0.832599 0.850220 0.828194 0.845815 0.823789 0.845815 0.819383 0.841410 0.814978 0.841410 0.806167 0.850220 0.797357 0.850220 0.792952
0 0.493392 0.784141 0.488987 0.788546 0.488987 0.792952 0.493392 0.797357 0.493392 0.814978 0.497797 0.819383 0.497797 0.837004 0.502203 0.841410 0.502203 0.845815 0.506608 0.850220 0.519824 0.850220 0.524229 0.845815 0.524229 0.837004 0.519824 0.832599 0.519824 0.828194 0.515419 0.823789 0.515419 0.819383 0.511013 0.814978 0.511013 0.810573 0.502203 0.801762 0.502203 0.788546 0.497797 0.784141
0 0.911894 0.704846 0.907489 0.709251 0.903084 0.709251 0.898678 0.713656 0.898678 0.718062 0.907489 0.726872 0.907489 0.735683 0.911894 0.740088 0.911894 0.744493 0.916300 0.748899 0.916300 0.757709 0.920705 0.762115 0.925110 0.762115 0.929515 0.757709 0.929515 0.748899 0.925110 0.744493 0.925110 0.731278 0.920705 0.726872 0.920705 0.713656
0 0.290749 0.704846 0.281938 0.696035 0.277533 0.700441 0.273128 0.700441 0.268722 0.704846 0.268722 0.709251 0.264317 0.713656 0.259912 0.713656 0.255507 0.718062 0.251101 0.713656 0.229075 0.713656 0.224670 0.718062 0.207048 0.718062 0.202643 0.722467 0.193833 0.722467 0.189427 0.726872 0.193833 0.731278 0.207048 0.731278 0.211454 0.726872 0.215859 0.726872 0.220264 0.731278 0.224670 0.731278 0.229075 0.726872 0.246696 0.726872 0.255507 0.718062 0.259912 0.718062 0.264317 0.713656 0.268722 0.718062 0.281938 0.718062 0.290749 0.709251
0 0.647577 0.691630 0.643172 0.696035 0.643172 0.704846 0.638767 0.709251 0.643172 0.713656 0.643172 0.718062 0.651982 0.726872 0.651982 0.753304 0.647577 0.757709 0.647577 0.784141 0.643172 0.788546 0.647577 0.792952 0.647577 0.797357 0.651982 0.801762 0.651982 0.828194 0.647577 0.832599 0.660793 0.845815 0.665198 0.841410 0.665198 0.828194 0.674009 0.819383 0.674009 0.797357 0.665198 0.788546 0.665198 0.762115 0.660793 0.757709 0.660793 0.735683 0.656388 0.731278 0.656388 0.722467 0.660793 0.718062 0.660793 0.709251 0.656388 0.704846 0.656388 0.700441
0 0.603524 0.674009 0.594714 0.682819 0.590308 0.682819 0.581498 0.691630 0.581498 0.704846 0.590308 0.713656 0.594714 0.713656 0.599119 0.718062 0.603524 0.718062 0.607930 0.722467 0.612335 0.718062 0.612335 0.713656 0.599119 0.700441 0.599119 0.691630 0.603524 0.687225 0.603524 0.682819 0.607930 0.678414
0 0.453745 0.559471 0.449339 0.563877 0.449339 0.568282 0.444934 0.572687 0.444934 0.581498 0.449339 0.585903 0.453745 0.585903 0.458150 0.590308 0.462555 0.590308 0.471366 0.599119 0.471366 0.603524 0.475771 0.607930 0.484582 0.607930 0.488987 0.603524 0.488987 0.599119 0.480176 0.590308 0.475771 0.590308 0.466960 0.581498 0.466960 0.572687 0.462555 0.568282 0.462555 0.563877 0.458150 0.559471
0 0.537445 0.533040 0.533040 0.537445 0.537445 0.541850 0.537445 0.546256 0.546256 0.555066 0.546256 0.568282 0.550661 0.572687 0.559471 0.572687 0.563877 0.568282 0.563877 0.550661 0.559471 0.546256 0.559471 0.541850 0.555066 0.537445 0.546256 0.537445 0.541850 0.533040
0 0.753304 0.519824 0.757709 0.524229 0.762115 0.524229 0.766520 0.528634 0.770925 0.528634 0.788546 0.546256 0.792952 0.546256 0.797357 0.550661 0.801762 0.550661 0.806167 0.555066 0.806167 0.563877 0.810573 0.568282 0.810573 0.572687 0.814978 0.577093 0.823789 0.577093 0.828194 0.581498 0.832599 0.577093 0.832599 0.572687 0.823789 0.563877 0.823789 0.555066 0.819383 0.550661 0.810573 0.550661 0.806167 0.546256 0.801762 0.546256 0.797357 0.541850 0.797357 0.533040 0.792952 0.528634 0.788546 0.528634 0.779736 0.519824 0.775330 0.519824 0.766520 0.511013 0.762115 0.511013
0 0.920705 0.493392 0.920705 0.502203 0.925110 0.502203 0.929515 0.506608 0.938326 0.506608 0.942731 0.511013 0.947137 0.511013 0.951542 0.515419 0.960352 0.515419 0.964758 0.511013 0.964758 0.502203 0.960352 0.497797 0.951542 0.497797 0.947137 0.493392 0.938326 0.493392 0.933921 0.488987 0.925110 0.488987
0 0.682819 0.440529 0.678414 0.436123 0.665198 0.436123 0.660793 0.440529 0.656388 0.436123 0.651982 0.440529 0.647577 0.440529 0.643172 0.436123 0.638767 0.440529 0.634361 0.440529 0.629956 0.444934 0.629956 0.449339 0.621145 0.458150 0.621145 0.466960 0.616740 0.471366 0.625551 0.480176 0.634361 0.471366 0.634361 0.466960 0.638767 0.462555 0.638767 0.458150 0.647577 0.449339 0.651982 0.449339 0.656388 0.444934 0.660793 0.449339 0.665198 0.449339 0.678414 0.462555 0.682819 0.458150
0 0.995595 0.387665 0.955947 0.387665 0.942731 0.396476 0.872247 0.387665 0.797357 0.400881 0.775330 0.383260 0.682819 0.361233 0.643172 0.365639 0.594714 0.392070 0.572687 0.396476 0.555066 0.387665 0.471366 0.440529 0.444934 0.418502 0.387665 0.414097 0.356828 0.449339 0.317181 0.466960 0.321586 0.488987 0.295154 0.515419 0.277533 0.515419 0.251101 0.541850 0.277533 0.555066 0.246696 0.603524 0.255507 0.616740 0.251101 0.629956 0.198238 0.643172 0.180617 0.638767 0.127753 0.674009 0.096916 0.674009 0.079295 0.656388 0.039648 0.687225 0.000000 0.696035 0.000000 0.748899 0.083700 0.722467 0.118943 0.700441 0.140969 0.704846 0.211454 0.678414 0.334802 0.559471 0.325991 0.541850 0.378855 0.497797 0.431718 0.484582 0.519824 0.480176 0.590308 0.418502 0.621145 0.409692 0.735683 0.414097 0.819383 0.484582 0.850220 0.484582 0.907489 0.458150 0.995595 0.449339 0.995595 0.440529 0.907489 0.449339 0.863436 0.471366 0.828194 0.475771 0.810573 0.462555 0.810573 0.444934 0.775330 0.431718 0.779736 0.418502 0.850220 0.422908 0.867841 0.409692 0.995595 0.409692
0 0.132159 0.370044 0.140969 0.378855 0.145374 0.378855 0.158590 0.392070 0.162996 0.392070 0.167401 0.396476 0.171806 0.396476 0.176211 0.392070 0.180617 0.392070 0.185022 0.387665 0.180617 0.383260 0.176211 0.383260 0.171806 0.378855 0.167401 0.378855 0.162996 0.374449 0.158590 0.374449 0.154185 0.370044 0.154185 0.365639 0.149780 0.361233 0.140969 0.361233
0 0.317181 0.334802 0.308370 0.343612 0.312775 0.348018 0.312775 0.356828 0.308370 0.361233 0.308370 0.374449 0.303965 0.378855 0.299559 0.378855 0.295154 0.383260 0.290749 0.383260 0.286344 0.387665 0.286344 0.396476 0.299559 0.409692 0.299559 0.414097 0.303965 0.418502 0.308370 0.418502 0.317181 0.409692 0.303965 0.396476 0.303965 0.387665 0.312775 0.378855 0.317181 0.378855 0.321586 0.374449 0.325991 0.374449 0.330396 0.370044 0.330396 0.365639 0.334802 0.361233 0.330396 0.356828 0.330396 0.352423 0.325991 0.348018 0.325991 0.343612
0 0.995595 0.237885 0.986784 0.237885 0.973568 0.251101 0.969163 0.251101 0.964758 0.255507 0.894273 0.255507 0.889868 0.259912 0.876652 0.259912 0.872247 0.264317 0.863436 0.264317 0.837004 0.281938 0.814978 0.281938 0.801762 0.290749 0.788546 0.290749 0.784141 0.295154 0.779736 0.295154 0.775330 0.299559 0.775330 0.308370 0.770925 0.312775 0.766520 0.312775 0.748899 0.330396 0.748899 0.339207 0.753304 0.343612 0.757709 0.343612 0.762115 0.339207 0.766520 0.343612 0.788546 0.321586 0.788546 0.317181 0.797357 0.308370 0.801762 0.308370 0.806167 0.303965 0.810573 0.308370 0.814978 0.308370 0.828194 0.299559 0.837004 0.299559 0.841410 0.295154 0.841410 0.290749 0.854626 0.281938 0.881057 0.281938 0.885463 0.277533 0.894273 0.277533 0.898678 0.273128 0.916300 0.273128 0.920705 0.277533 0.925110 0.273128 0.960352 0.273128 0.964758 0.277533 0.969163 0.273128 0.969163 0.268722 0.977974 0.259912 0.982379 0.259912 0.986784 0.255507 0.995595 0.255507
0 0.202643 0.242291 0.198238 0.237885 0.185022 0.237885 0.180617 0.233480 0.176211 0.233480 0.171806 0.237885 0.154185 0.237885 0.145374 0.246696 0.149780 0.251101 0.158590 0.251101 0.162996 0.246696 0.167401 0.246696 0.171806 0.242291 0.176211 0.246696 0.185022 0.246696 0.189427 0.251101 0.193833 0.251101
0 0.696035 0.202643 0.691630 0.207048 0.691630 0.215859 0.696035 0.220264 0.700441 0.220264 0.704846 0.224670 0.704846 0.237885 0.709251 0.242291 0.713656 0.242291 0.718062 0.237885 0.718062 0.233480 0.722467 0.229075 0.713656 0.220264 0.713656 0.215859 0.704846 0.207048 0.700441 0.207048
0 0.841410 0.189427 0.832599 0.198238 0.832599 0.211454 0.837004 0.215859 0.837004 0.220264 0.841410 0.224670 0.845815 0.224670 0.854626 0.215859 0.854626 0.202643
0 0.123348 0.123348 0.118943 0.127753 0.118943 0.136564 0.123348 0.140969 0.127753 0.140969 0.132159 0.145374 0.136564 0.145374 0.140969 0.149780 0.140969 0.154185 0.145374 0.158590 0.145374 0.162996 0.149780 0.167401 0.162996 0.154185 0.158590 0.149780 0.158590 0.145374 0.154185 0.140969 0.149780 0.145374 0.145374 0.140969 0.140969 0.140969 0.132159 0.132159 0.132159 0.127753 0.127753 0.123348
0 0.704846 0.118943 0.682819 0.140969 0.687225 0.145374 0.687225 0.158590 0.682819 0.162996 0.682819 0.167401 0.687225 0.171806 0.691630 0.171806 0.696035 0.167401 0.691630 0.162996 0.691630 0.154185 0.700441 0.145374 0.704846 0.145374 0.709251 0.140969 0.709251 0.136564 0.713656 0.132159 0.713656 0.127753
0 0.788546 0.079295 0.779736 0.088106 0.779736 0.096916 0.792952 0.110132 0.792952 0.123348 0.801762 0.132159 0.806167 0.127753 0.806167 0.114537 0.797357 0.105727 0.797357 0.092511 0.801762 0.088106 0.801762 0.083700 0.797357 0.079295
