0 0.876652 0.933921 0.867841 0.942731 0.867841 0.960352 0.872247 0.964758 0.872247 0.969163 0.876652 0.973568 0.885463 0.964758 0.885463 0.960352 0.889868 0.955947 0.889868 0.947137
0 0.929515 0.845815 0.929515 0.850220 0.933921 0.854626 0.942731 0.854626 0.947137 0.850220 0.951542 0.854626 0.955947 0.854626 0.960352 0.859031 0.964758 0.859031 0.969163 0.863436 0.973568 0.863436 0.986784 0.876652 0.991189 0.876652 0.995595 0.872247 0.995595 0.859031 0.991189 0.854626 0.982379 0.854626 0.977974 0.850220 0.973568 0.854626 0.969163 0.850220 0.964758 0.850220 0.960352 0.845815 0.951542 0.845815 0.947137 0.841410 0.942731 0.841410 0.938326 0.837004
0 0.775330 0.837004 0.766520 0.845815 0.766520 0.850220 0.779736 0.863436 0.784141 0.863436 0.792952 0.872247 0.792952 0.876652 0.797357 0.881057 0.797357 0.885463 0.801762 0.889868 0.806167 0.889868 0.810573 0.885463 0.810573 0.881057 0.801762 0.872247 0.797357 0.872247 0.792952 0.867841 0.788546 0.867841 0.784141 0.863436 0.784141 0.845815
0 0.444934 0.766520 0.440529 0.766520 0.436123 0.770925 0.436123 0.784141 0.431718 0.788546 0.431718 0.792952 0.418502 0.806167 0.418502 0.810573 0.414097 0.814978 0.414097 0.841410 0.418502 0.845815 0.422908 0.845815 0.427313 0.841410 0.427313 0.837004 0.422908 0.832599 0.422908 0.823789 0.427313 0.819383 0.427313 0.810573 0.431718 0.806167 0.436123 0.806167 0.440529 0.801762 0.440529 0.797357 0.444934 0.792952 0.444934 0.775330 0.449339 0.770925
0 0.713656 0.766520 0.718062 0.770925 0.731278 0.770925 0.740088 0.762115 0.744493 0.762115 0.748899 0.757709 0.757709 0.757709 0.762115 0.762115 0.766520 0.757709 0.762115 0.753304 0.757709 0.757709 0.748899 0.757709 0.744493 0.753304 0.735683 0.753304 0.731278 0.748899 0.722467 0.748899 0.713656 0.757709
0 0.237885 0.735683 0.229075 0.744493 0.229075 0.748899 0.233480 0.753304 0.237885 0.753304 0.242291 0.757709 0.246696 0.757709 0.251101 0.762115 0.255507 0.762115 0.259912 0.757709 0.259912 0.744493 0.255507 0.740088 0.251101 0.740088 0.246696 0.735683
0 0.555066 0.678414 0.555066 0.682819 0.559471 0.687225 0.563877 0.687225 0.568282 0.691630 0.572687 0.691630 0.581498 0.700441 0.603524 0.700441 0.607930 0.704846 0.612335 0.704846 0.616740 0.709251 0.616740 0.718062 0.621145 0.722467 0.621145 0.731278 0.625551 0.735683 0.629956 0.731278 0.629956 0.726872 0.634361 0.722467 0.634361 0.718062 0.625551 0.709251 0.621145 0.709251 0.612335 0.700441 0.612335 0.691630 0.599119 0.678414 0.585903 0.678414 0.581498 0.674009 0.577093 0.674009 0.572687 0.678414 0.568282 0.678414 0.563877 0.674009 0.559471 0.674009
0 0.889868 0.678414 0.889868 0.682819 0.894273 0.687225 0.898678 0.682819 0.903084 0.687225 0.907489 0.687225 0.911894 0.682819 0.925110 0.682819 0.929515 0.687225 0.933921 0.682819 0.933921 0.674009 0.929515 0.669604 0.925110 0.669604 0.920705 0.674009 0.903084 0.674009 0.898678 0.669604
0 0.713656 0.585903 0.709251 0.590308 0.718062 0.599119 0.718062 0.603524 0.722467 0.607930 0.722467 0.621145 0.726872 0.625551 0.726872 0.629956 0.735683 0.638767 0.740088 0.634361 0.740088 0.616740 0.731278 0.607930 0.731278 0.603524
0 0.383260 0.568282 0.374449 0.568282 0.370044 0.572687 0.365639 0.572687 0.361233 0.577093 0.361233 0.581498 0.356828 0.585903 0.356828 0.590308 0.352423 0.594714 0.352423 0.599119 0.348018 0.603524 0.348018 0.625551 0.352423 0.629956 0.356828 0.629956 0.365639 0.621145 0.365639 0.616740 0.370044 0.612335 0.370044 0.607930 0.374449 0.603524 0.374449 0.599119 0.392070 0.581498 0.392070 0.577093
0 0.215859 0.515419 0.211454 0.519824 0.211454 0.524229 0.215859 0.528634 0.220264 0.528634 0.237885 0.546256 0.237885 0.563877 0.246696 0.572687 0.259912 0.559471 0.259912 0.541850 0.255507 0.537445 0.255507 0.533040 0.251101 0.528634 0.246696 0.528634 0.237885 0.519824 0.233480 0.519824 0.229075 0.515419
0 0.383260 0.409692 0.374449 0.418502 0.378855 0.422908 0.383260 0.422908 0.387665 0.427313 0.387665 0.440529 0.378855 0.449339 0.378855 0.453745 0.383260 0.458150 0.392070 0.458150 0.400881 0.449339 0.400881 0.444934 0.392070 0.436123 0.392070 0.427313 0.396476 0.422908 0.392070 0.418502 0.392070 0.414097 0.387665 0.409692
0 0.546256 0.387665 0.541850 0.392070 0.541850 0.400881 0.546256 0.405286 0.546256 0.414097 0.555066 0.422908 0.559471 0.418502 0.563877 0.418502 0.568282 0.414097 0.568282 0.405286 0.559471 0.396476 0.559471 0.392070 0.555066 0.387665
0 0.964758 0.370044 0.955947 0.370044 0.951542 0.374449 0.947137 0.374449 0.942731 0.378855 0.947137 0.383260 0.947137 0.387665 0.951542 0.392070 0.951542 0.405286 0.947137 0.409692 0.947137 0.414097 0.951542 0.418502 0.955947 0.414097 0.955947 0.400881 0.969163 0.387665 0.969163 0.374449
0 0.806167 0.339207 0.801762 0.334802 0.797357 0.334802 0.792952 0.330396 0.784141 0.330396 0.775330 0.339207 0.775330 0.343612 0.770925 0.348018 0.766520 0.348018 0.762115 0.352423 0.757709 0.352423 0.753304 0.356828 0.753304 0.361233 0.757709 0.365639 0.762115 0.365639 0.766520 0.370044 0.770925 0.365639 0.775330 0.365639 0.784141 0.356828 0.788546 0.356828 0.792952 0.352423 0.797357 0.352423 0.806167 0.343612
0 0.845815 0.303965 0.837004 0.312775 0.837004 0.317181 0.845815 0.325991 0.854626 0.325991 0.859031 0.330396 0.867841 0.321586 0.867841 0.317181 0.859031 0.308370 0.854626 0.308370 0.850220 0.303965
0 0.444934 0.290749 0.436123 0.299559 0.436123 0.303965 0.449339 0.317181 0.453745 0.317181 0.458150 0.321586 0.462555 0.317181 0.462555 0.303965 0.449339 0.290749
0 0.334802 0.277533 0.334802 0.286344 0.343612 0.295154 0.348018 0.295154 0.352423 0.299559 0.365639 0.299559 0.370044 0.303965 0.392070 0.303965 0.405286 0.290749 0.405286 0.286344 0.409692 0.281938 0.409692 0.273128 0.405286 0.268722 0.387665 0.286344 0.383260 0.286344 0.378855 0.290749 0.374449 0.286344 0.370044 0.286344 0.352423 0.268722 0.343612 0.268722
0 0.951542 0.264317 0.938326 0.277533 0.938326 0.286344 0.955947 0.303965 0.955947 0.308370 0.960352 0.312775 0.964758 0.312775 0.969163 0.308370 0.969163 0.303965 0.960352 0.295154 0.960352 0.277533 0.955947 0.273128 0.955947 0.268722
0 0.762115 0.251101 0.757709 0.255507 0.757709 0.259912 0.753304 0.264317 0.753304 0.273128 0.757709 0.277533 0.779736 0.277533 0.784141 0.281938 0.788546 0.281938 0.792952 0.286344 0.797357 0.281938 0.792952 0.277533 0.788546 0.277533
0 0.722467 0.215859 0.726872 0.220264 0.731278 0.220264 0.735683 0.215859 0.753304 0.215859 0.762115 0.207048 0.757709 0.202643 0.748899 0.202643 0.744493 0.198238 0.735683 0.198238 0.731278 0.193833 0.722467 0.202643
0 0.973568 0.158590 0.964758 0.167401 0.964758 0.171806 0.955947 0.180617 0.951542 0.180617 0.947137 0.185022 0.942731 0.185022 0.938326 0.189427 0.947137 0.198238 0.951542 0.198238 0.960352 0.189427 0.964758 0.189427 0.977974 0.176211 0.977974 0.162996
0 0.264317 0.092511 0.259912 0.096916 0.255507 0.096916 0.251101 0.101322 0.251101 0.110132 0.246696 0.114537 0.242291 0.114537 0.229075 0.127753 0.229075 0.132159 0.224670 0.136564 0.224670 0.158590 0.220264 0.162996 0.220264 0.176211 0.215859 0.180617 0.215859 0.189427 0.220264 0.193833 0.220264 0.202643 0.224670 0.207048 0.224670 0.211454 0.229075 0.215859 0.237885 0.215859 0.242291 0.211454 0.242291 0.193833 0.237885 0.189427 0.237885 0.176211 0.242291 0.171806 0.242291 0.127753 0.246696 0.123348 0.251101 0.123348 0.255507 0.118943 0.255507 0.114537 0.259912 0.110132 0.264317 0.110132 0.268722 0.105727 0.264317 0.101322
0 0.665198 0.074890 0.656388 0.074890 0.651982 0.079295 0.651982 0.088106 0.643172 0.096916 0.638767 0.096916 0.634361 0.101322 0.634361 0.105727 0.629956 0.110132 0.634361 0.114537 0.643172 0.114537 0.651982 0.105727 0.651982 0.101322 0.656388 0.096916 0.660793 0.096916 0.669604 0.088106 0.669604 0.079295
0 0.000000 0.220264 0.004405 0.264317 0.092511 0.312775 0.110132 0.299559 0.140969 0.308370 0.167401 0.334802 0.224670 0.303965 0.268722 0.303965 0.334802 0.229075 0.422908 0.189427 0.484582 0.268722 0.511013 0.264317 0.524229 0.295154 0.555066 0.303965 0.621145 0.361233 0.709251 0.458150 0.837004 0.515419 0.863436 0.537445 0.911894 0.550661 0.977974 0.599119 0.995595 0.599119 0.995595 0.563877 0.925110 0.519824 0.933921 0.488987 0.916300 0.511013 0.894273 0.506608 0.726872 0.422908 0.696035 0.378855 0.669604 0.365639 0.594714 0.281938 0.563877 0.277533 0.559471 0.264317 0.581498 0.251101 0.581498 0.237885 0.555066 0.193833 0.506608 0.167401 0.484582 0.176211 0.546256 0.207048 0.550661 0.242291 0.537445 0.251101 0.462555 0.189427 0.444934 0.189427 0.400881 0.123348 0.462555 0.110132 0.400881 0.101322 0.383260 0.070485 0.325991 0.039648 0.299559 0.000000 0.268722 0.000000 0.281938 0.026432 0.268722 0.083700 0.303965 0.061674 0.295154 0.048458 0.308370 0.039648 0.321586 0.048458 0.312775 0.066079 0.325991 0.079295 0.365639 0.074890 0.378855 0.083700 0.365639 0.145374 0.286344 0.215859 0.277533 0.237885 0.259912 0.246696 0.237885 0.233480 0.224670 0.255507 0.198238 0.268722 0.136564 0.273128
