0 0.281938 0.947137 0.273128 0.947137 0.268722 0.951542 0.268722 0.977974 0.264317 0.982379 0.264317 0.986784 0.259912 0.991189 0.259912 0.995595 0.277533 0.995595 0.277533 0.982379 0.281938 0.977974 0.281938 0.973568 0.286344 0.969163 0.286344 0.951542
0 0.982379 0.920705 0.973568 0.911894 0.960352 0.911894 0.951542 0.920705 0.947137 0.920705 0.942731 0.925110 0.942731 0.929515 0.933921 0.938326 0.933921 0.942731 0.929515 0.947137 0.929515 0.951542 0.925110 0.955947 0.920705 0.955947 0.916300 0.960352 0.911894 0.960352 0.907489 0.964758 0.907489 0.969163 0.894273 0.982379 0.894273 0.986784 0.889868 0.991189 0.889868 0.995595 0.911894 0.995595 0.911894 0.991189 0.916300 0.986784 0.916300 0.977974 0.925110 0.969163 0.929515 0.969163 0.933921 0.964758 0.938326 0.964758 0.942731 0.960352 0.947137 0.960352 0.951542 0.955947 0.951542 0.951542
0 0.828194 0.881057 0.845815 0.898678 0.872247 0.898678 0.876652 0.894273 0.876652 0.889868 0.867841 0.881057 0.854626 0.881057 0.850220 0.876652 0.845815 0.876652 0.841410 0.881057 0.837004 0.876652 0.832599 0.876652
0 0.185022 0.876652 0.180617 0.876652 0.180617 0.881057 0.176211 0.885463 0.176211 0.889868 0.167401 0.898678 0.167401 0.907489 0.158590 0.916300 0.158590 0.933921 0.162996 0.938326 0.167401 0.938326 0.176211 0.929515 0.176211 0.925110 0.180617 0.920705 0.180617 0.911894 0.189427 0.903084 0.189427 0.898678 0.198238 0.889868 0.202643 0.889868 0.198238 0.885463 0.193833 0.885463
0 0.035242 0.872247 0.026432 0.863436 0.013216 0.863436 0.008811 0.867841 0.000000 0.867841 0.000000 0.885463 0.004405 0.881057 0.008811 0.885463 0.026432 0.885463 0.035242 0.876652
0 0.524229 0.828194 0.515419 0.828194 0.511013 0.832599 0.511013 0.837004 0.506608 0.841410 0.506608 0.859031 0.502203 0.863436 0.497797 0.863436 0.493392 0.867841 0.493392 0.876652 0.484582 0.885463 0.484582 0.889868 0.493392 0.898678 0.502203 0.889868 0.502203 0.863436 0.506608 0.859031 0.511013 0.859031 0.515419 0.854626 0.519824 0.854626 0.524229 0.850220 0.524229 0.845815 0.528634 0.841410 0.528634 0.832599
0 0.594714 0.814978 0.599119 0.819383 0.599119 0.832599 0.603524 0.837004 0.607930 0.837004 0.612335 0.832599 0.616740 0.837004 0.621145 0.837004 0.634361 0.850220 0.638767 0.850220 0.647577 0.841410 0.647577 0.837004 0.638767 0.828194 0.634361 0.828194 0.629956 0.832599 0.625551 0.832599 0.621145 0.828194 0.616740 0.828194 0.612335 0.823789 0.612335 0.819383 0.603524 0.810573 0.599119 0.810573
0 0.933921 0.814978 0.942731 0.823789 0.947137 0.823789 0.951542 0.819383 0.955947 0.819383 0.960352 0.823789 0.964758 0.823789 0.969163 0.828194 0.969163 0.832599 0.973568 0.837004 0.977974 0.832599 0.995595 0.832599 0.995595 0.814978 0.991189 0.814978 0.986784 0.819383 0.982379 0.819383 0.977974 0.823789 0.973568 0.823789 0.969163 0.828194 0.964758 0.823789 0.960352 0.823789 0.955947 0.819383 0.955947 0.810573 0.947137 0.801762
0 0.396476 0.801762 0.387665 0.792952 0.370044 0.792952 0.352423 0.810573 0.352423 0.814978 0.334802 0.832599 0.339207 0.837004 0.352423 0.837004 0.378855 0.810573 0.383260 0.810573 0.387665 0.806167 0.392070 0.806167
0 0.312775 0.775330 0.299559 0.775330 0.295154 0.779736 0.295154 0.784141 0.290749 0.788546 0.290749 0.797357 0.295154 0.801762 0.299559 0.801762 0.303965 0.806167 0.312775 0.797357 0.312775 0.792952 0.317181 0.788546 0.317181 0.779736
0 0.466960 0.753304 0.466960 0.757709 0.475771 0.766520 0.480176 0.766520 0.484582 0.770925 0.493392 0.770925 0.506608 0.757709 0.497797 0.748899 0.471366 0.748899
0 0.546256 0.740088 0.541850 0.744493 0.546256 0.748899 0.546256 0.762115 0.559471 0.775330 0.568282 0.775330 0.572687 0.770925 0.572687 0.762115 0.568282 0.757709 0.563877 0.757709 0.559471 0.753304 0.555066 0.753304 0.550661 0.748899 0.550661 0.744493
0 0.942731 0.726872 0.938326 0.731278 0.938326 0.740088 0.942731 0.744493 0.942731 0.748899 0.955947 0.762115 0.973568 0.762115 0.977974 0.757709 0.977974 0.744493 0.969163 0.735683 0.964758 0.735683 0.955947 0.726872
0 0.365639 0.696035 0.356828 0.704846 0.356828 0.713656 0.361233 0.718062 0.361233 0.722467 0.378855 0.740088 0.383260 0.740088 0.392070 0.748899 0.392070 0.753304 0.400881 0.762115 0.409692 0.753304 0.409692 0.744493 0.392070 0.726872 0.392070 0.722467 0.387665 0.718062 0.387665 0.713656 0.383260 0.709251 0.383260 0.704846 0.374449 0.696035
0 0.502203 0.700441 0.497797 0.696035 0.493392 0.696035 0.488987 0.691630 0.484582 0.696035 0.480176 0.691630 0.475771 0.691630 0.471366 0.696035 0.466960 0.696035 0.458150 0.704846 0.458150 0.718062 0.462555 0.722467 0.471366 0.713656 0.475771 0.713656 0.480176 0.709251 0.484582 0.709251 0.488987 0.704846 0.497797 0.704846
0 0.933921 0.696035 0.933921 0.700441 0.938326 0.704846 0.942731 0.704846 0.947137 0.709251 0.955947 0.709251 0.960352 0.704846 0.995595 0.704846 0.995595 0.687225 0.991189 0.687225 0.986784 0.691630 0.969163 0.691630 0.964758 0.687225 0.942731 0.687225
0 0.678414 0.687225 0.660793 0.687225 0.656388 0.691630 0.656388 0.696035 0.651982 0.700441 0.651982 0.704846 0.647577 0.709251 0.647577 0.713656 0.638767 0.722467 0.634361 0.722467 0.629956 0.726872 0.629956 0.740088 0.638767 0.748899 0.647577 0.740088 0.647577 0.731278 0.651982 0.726872 0.651982 0.722467 0.656388 0.718062 0.660793 0.718062 0.665198 0.713656 0.669604 0.713656 0.682819 0.700441 0.682819 0.691630
0 0.810573 0.665198 0.801762 0.674009 0.801762 0.682819 0.784141 0.700441 0.792952 0.709251 0.806167 0.709251 0.814978 0.700441 0.814978 0.691630 0.819383 0.687225 0.819383 0.682819 0.814978 0.678414 0.814978 0.669604
0 0.286344 0.665198 0.273128 0.665198 0.268722 0.669604 0.268722 0.682819 0.259912 0.700441 0.224670 0.722467 0.224670 0.740088 0.211454 0.748899 0.202643 0.744493 0.193833 0.753304 0.167401 0.766520 0.149780 0.753304 0.136564 0.748899 0.127753 0.740088 0.127753 0.726872 0.140969 0.713656 0.158590 0.704846 0.162996 0.709251 0.176211 0.709251 0.185022 0.700441 0.185022 0.682819 0.189427 0.678414 0.185022 0.674009 0.154185 0.700441 0.145374 0.704846 0.140969 0.700441 0.127753 0.709251 0.114537 0.700441 0.114537 0.687225 0.118943 0.682819 0.118943 0.669604 0.114537 0.665198 0.105727 0.682819 0.096916 0.687225 0.083700 0.687225 0.061674 0.704846 0.057269 0.704846 0.048458 0.713656 0.048458 0.726872 0.052863 0.731278 0.066079 0.726872 0.070485 0.718062 0.092511 0.700441 0.110132 0.709251 0.105727 0.731278 0.114537 0.735683 0.123348 0.748899 0.123348 0.762115 0.118943 0.770925 0.132159 0.779736 0.140969 0.775330 0.154185 0.784141 0.149780 0.810573 0.140969 0.819383 0.140969 0.828194 0.154185 0.854626 0.176211 0.867841 0.176211 0.850220 0.167401 0.841410 0.162996 0.841410 0.154185 0.828194 0.154185 0.819383 0.167401 0.797357 0.167401 0.788546 0.185022 0.770925 0.202643 0.766520 0.211454 0.757709 0.211454 0.748899 0.224670 0.740088 0.233480 0.744493 0.264317 0.709251 0.281938 0.700441 0.277533 0.696035 0.277533 0.678414 0.290749 0.669604
0 0.030837 0.607930 0.017621 0.621145 0.017621 0.634361 0.026432 0.643172 0.030837 0.643172 0.035242 0.647577 0.035242 0.656388 0.026432 0.665198 0.026432 0.669604 0.013216 0.682819 0.008811 0.682819 0.004405 0.687225 0.000000 0.687225 0.000000 0.704846 0.022026 0.682819 0.026432 0.682819 0.030837 0.678414 0.030837 0.674009 0.035242 0.669604 0.039648 0.669604 0.044053 0.665198 0.048458 0.665198 0.052863 0.669604 0.057269 0.669604 0.061674 0.674009 0.066079 0.669604 0.070485 0.669604 0.079295 0.660793 0.074890 0.656388 0.057269 0.656388 0.052863 0.660793 0.048458 0.660793 0.044053 0.656388 0.039648 0.656388 0.035242 0.651982 0.035242 0.643172 0.039648 0.638767 0.039648 0.616740
0 0.550661 0.585903 0.541850 0.594714 0.541850 0.607930 0.546256 0.612335 0.546256 0.616740 0.550661 0.621145 0.563877 0.621145 0.568282 0.616740 0.559471 0.607930 0.559471 0.599119 0.555066 0.594714 0.555066 0.590308
0 0.418502 0.581498 0.414097 0.577093 0.414097 0.572687 0.409692 0.568282 0.400881 0.577093 0.400881 0.603524 0.396476 0.607930 0.392070 0.607930 0.387665 0.612335 0.374449 0.612335 0.370044 0.607930 0.356828 0.607930 0.352423 0.603524 0.343612 0.603524 0.339207 0.607930 0.339207 0.612335 0.348018 0.621145 0.352423 0.621145 0.356828 0.625551 0.365639 0.625551 0.370044 0.629956 0.374449 0.625551 0.383260 0.625551 0.387665 0.629956 0.392070 0.629956 0.396476 0.634361 0.400881 0.629956 0.409692 0.629956 0.414097 0.625551 0.414097 0.603524 0.418502 0.599119
0 0.079295 0.361233 0.074890 0.361233 0.070485 0.365639 0.057269 0.365639 0.048458 0.374449 0.048458 0.396476 0.052863 0.400881 0.057269 0.396476 0.057269 0.392070 0.061674 0.387665 0.066079 0.387665 0.074890 0.378855 0.074890 0.374449 0.083700 0.365639
0 0.823789 0.356828 0.819383 0.361233 0.814978 0.361233 0.810573 0.365639 0.814978 0.370044 0.814978 0.378855 0.823789 0.387665 0.828194 0.387665 0.832599 0.383260 0.837004 0.383260 0.841410 0.378855 0.841410 0.370044 0.845815 0.365639 0.841410 0.361233 0.828194 0.361233
0 0.911894 0.317181 0.903084 0.317181 0.894273 0.325991 0.889868 0.325991 0.885463 0.330396 0.885463 0.334802 0.881057 0.339207 0.889868 0.348018 0.903084 0.348018 0.907489 0.343612 0.907489 0.334802 0.916300 0.325991 0.916300 0.321586
0 0.405286 0.321586 0.414097 0.330396 0.418502 0.330396 0.427313 0.321586 0.431718 0.321586 0.436123 0.317181 0.440529 0.321586 0.444934 0.317181 0.449339 0.321586 0.453745 0.321586 0.458150 0.325991 0.458150 0.334802 0.466960 0.343612 0.471366 0.343612 0.475771 0.339207 0.475771 0.330396 0.466960 0.321586 0.462555 0.321586 0.458150 0.317181 0.453745 0.317181 0.449339 0.312775 0.444934 0.317181 0.440529 0.312775 0.436123 0.317181 0.431718 0.317181 0.427313 0.312775 0.422908 0.312775 0.418502 0.308370
0 0.000000 0.462555 0.118943 0.475771 0.096916 0.502203 0.035242 0.502203 0.030837 0.550661 0.000000 0.572687 0.061674 0.599119 0.140969 0.572687 0.171806 0.612335 0.123348 0.612335 0.176211 0.638767 0.211454 0.581498 0.264317 0.621145 0.281938 0.577093 0.378855 0.563877 0.414097 0.524229 0.480176 0.555066 0.449339 0.581498 0.449339 0.616740 0.502203 0.629956 0.466960 0.581498 0.546256 0.550661 0.563877 0.515419 0.603524 0.502203 0.696035 0.528634 0.731278 0.511013 0.643172 0.506608 0.555066 0.466960 0.533040 0.497797 0.563877 0.515419 0.541850 0.528634 0.409692 0.519824 0.387665 0.480176 0.325991 0.519824 0.334802 0.559471 0.251101 0.581498 0.114537 0.541850 0.061674 0.590308 0.035242 0.572687 0.039648 0.546256 0.127753 0.506608 0.136564 0.471366 0.167401 0.475771 0.167401 0.502203 0.211454 0.502203 0.233480 0.471366 0.378855 0.431718 0.427313 0.480176 0.502203 0.444934 0.537445 0.458150 0.528634 0.431718 0.488987 0.444934 0.462555 0.418502 0.612335 0.378855 0.651982 0.431718 0.669604 0.427313 0.638767 0.414097 0.656388 0.387665 0.700441 0.440529 0.731278 0.409692 0.863436 0.444934 0.823789 0.502203 0.762115 0.488987 0.810573 0.537445 0.766520 0.572687 0.744493 0.563877 0.740088 0.594714 0.696035 0.616740 0.766520 0.599119 0.810573 0.550661 0.819383 0.585903 0.929515 0.634361 0.938326 0.607930 0.894273 0.607930 0.894273 0.581498 0.955947 0.563877 0.995595 0.581498 0.964758 0.555066 0.995595 0.541850 0.995595 0.506608 0.938326 0.436123 0.898678 0.444934 0.823789 0.422908 0.819383 0.400881 0.792952 0.422908 0.651982 0.378855 0.660793 0.356828 0.757709 0.356828 0.709251 0.321586 0.665198 0.321586 0.647577 0.348018 0.590308 0.321586 0.594714 0.361233 0.546256 0.383260 0.519824 0.339207 0.480176 0.387665 0.444934 0.374449 0.365639 0.418502 0.339207 0.387665 0.255507 0.405286 0.215859 0.440529 0.202643 0.422908 0.251101 0.348018 0.198238 0.308370 0.176211 0.330396 0.229075 0.365639 0.154185 0.400881 0.123348 0.356828 0.123348 0.418502 0.096916 0.431718 0.145374 0.436123 0.154185 0.458150 0.035242 0.440529
0 0.074890 0.308370 0.061674 0.308370 0.052863 0.317181 0.052863 0.325991 0.057269 0.330396 0.057269 0.334802 0.061674 0.339207 0.074890 0.325991 0.074890 0.321586 0.079295 0.317181 0.079295 0.312775
0 0.348018 0.273128 0.339207 0.281938 0.339207 0.286344 0.348018 0.295154 0.348018 0.308370 0.343612 0.312775 0.343612 0.325991 0.339207 0.330396 0.339207 0.334802 0.343612 0.339207 0.348018 0.339207 0.356828 0.330396 0.356828 0.325991 0.361233 0.321586 0.361233 0.303965 0.356828 0.299559 0.356828 0.281938
0 0.431718 0.255507 0.427313 0.259912 0.427313 0.268722 0.453745 0.295154 0.458150 0.290749 0.458150 0.286344 0.462555 0.281938 0.462555 0.268722 0.453745 0.259912 0.449339 0.259912 0.444934 0.255507
0 0.096916 0.233480 0.092511 0.237885 0.088106 0.237885 0.083700 0.242291 0.083700 0.251101 0.079295 0.255507 0.079295 0.259912 0.083700 0.264317 0.092511 0.264317 0.096916 0.268722 0.101322 0.268722 0.105727 0.264317 0.101322 0.259912 0.101322 0.246696 0.105727 0.242291 0.101322 0.237885 0.101322 0.233480
0 0.273128 0.237885 0.264317 0.229075 0.259912 0.233480 0.255507 0.229075 0.251101 0.229075 0.246696 0.224670 0.242291 0.224670 0.237885 0.220264 0.229075 0.220264 0.224670 0.224670 0.224670 0.233480 0.207048 0.251101 0.202643 0.251101 0.198238 0.255507 0.193833 0.255507 0.189427 0.259912 0.189427 0.264317 0.193833 0.268722 0.198238 0.268722 0.202643 0.273128 0.207048 0.273128 0.211454 0.268722 0.215859 0.268722 0.229075 0.255507 0.229075 0.251101 0.242291 0.237885 0.246696 0.237885 0.251101 0.233480 0.255507 0.233480 0.259912 0.237885 0.264317 0.237885 0.268722 0.242291
0 0.806167 0.215859 0.801762 0.211454 0.788546 0.211454 0.784141 0.215859 0.784141 0.220264 0.775330 0.229075 0.770925 0.229075 0.766520 0.233480 0.753304 0.233480 0.748899 0.237885 0.748899 0.242291 0.753304 0.246696 0.766520 0.246696 0.779736 0.233480 0.784141 0.233480 0.788546 0.229075 0.797357 0.229075 0.801762 0.224670 0.801762 0.220264
0 0.951542 0.193833 0.938326 0.207048 0.938326 0.211454 0.920705 0.229075 0.925110 0.233480 0.938326 0.233480 0.947137 0.224670 0.951542 0.224670 0.960352 0.215859 0.960352 0.202643
0 0.616740 0.189427 0.612335 0.193833 0.616740 0.198238 0.621145 0.198238 0.625551 0.202643 0.625551 0.211454 0.629956 0.215859 0.629956 0.220264 0.634361 0.224670 0.634361 0.229075 0.638767 0.233480 0.638767 0.237885 0.643172 0.242291 0.647577 0.242291 0.651982 0.246696 0.656388 0.242291 0.656388 0.237885 0.660793 0.233480 0.660793 0.220264 0.647577 0.207048 0.643172 0.207048 0.638767 0.202643 0.634361 0.202643 0.629956 0.198238 0.625551 0.198238
0 0.471366 0.180617 0.466960 0.185022 0.466960 0.193833 0.471366 0.198238 0.475771 0.193833 0.480176 0.198238 0.484582 0.198238 0.493392 0.207048 0.493392 0.211454 0.497797 0.215859 0.502203 0.215859 0.511013 0.224670 0.511013 0.233480 0.515419 0.237885 0.515419 0.246696 0.511013 0.251101 0.511013 0.259912 0.524229 0.273128 0.528634 0.273128 0.533040 0.277533 0.533040 0.281938 0.541850 0.290749 0.541850 0.295154 0.555066 0.308370 0.559471 0.308370 0.563877 0.303965 0.563877 0.290749 0.559471 0.286344 0.555066 0.286344 0.550661 0.281938 0.550661 0.277533 0.541850 0.268722 0.541850 0.264317 0.537445 0.259912 0.533040 0.259912 0.528634 0.255507 0.524229 0.255507 0.515419 0.246696 0.515419 0.237885 0.524229 0.229075 0.519824 0.224670 0.515419 0.224670 0.506608 0.215859 0.506608 0.207048 0.493392 0.193833 0.493392 0.189427 0.484582 0.180617
0 0.140969 0.180617 0.136564 0.185022 0.136564 0.198238 0.145374 0.207048 0.149780 0.207048 0.154185 0.211454 0.154185 0.215859 0.167401 0.229075 0.167401 0.233480 0.171806 0.237885 0.176211 0.233480 0.176211 0.215859 0.167401 0.207048 0.167401 0.202643 0.154185 0.189427 0.149780 0.189427
0 0.819383 0.167401 0.814978 0.171806 0.819383 0.176211 0.819383 0.185022 0.823789 0.189427 0.823789 0.193833 0.837004 0.207048 0.837004 0.246696 0.841410 0.251101 0.841410 0.255507 0.845815 0.259912 0.845815 0.268722 0.837004 0.277533 0.832599 0.277533 0.828194 0.281938 0.828194 0.290749 0.832599 0.295154 0.837004 0.290749 0.845815 0.290749 0.850220 0.295154 0.859031 0.295154 0.863436 0.290749 0.863436 0.281938 0.867841 0.277533 0.872247 0.277533 0.876652 0.273128 0.881057 0.277533 0.889868 0.277533 0.894273 0.273128 0.898678 0.273128 0.903084 0.277533 0.907489 0.277533 0.916300 0.286344 0.920705 0.281938 0.920705 0.268722 0.911894 0.259912 0.907489 0.259912 0.903084 0.264317 0.889868 0.264317 0.885463 0.268722 0.881057 0.268722 0.872247 0.277533 0.867841 0.277533 0.863436 0.281938 0.859031 0.281938 0.854626 0.277533 0.850220 0.277533 0.845815 0.273128 0.845815 0.259912 0.859031 0.246696 0.859031 0.224670 0.850220 0.215859 0.845815 0.215859 0.837004 0.207048 0.837004 0.193833 0.841410 0.189427 0.841410 0.180617 0.832599 0.171806 0.828194 0.171806 0.823789 0.167401
0 0.246696 0.145374 0.242291 0.145374 0.237885 0.149780 0.237885 0.158590 0.229075 0.167401 0.229075 0.171806 0.224670 0.176211 0.229075 0.180617 0.229075 0.185022 0.233480 0.189427 0.237885 0.189427 0.246696 0.180617 0.246696 0.171806 0.251101 0.167401 0.251101 0.149780
0 0.876652 0.132159 0.876652 0.136564 0.881057 0.140969 0.894273 0.140969 0.898678 0.136564 0.907489 0.136564 0.911894 0.140969 0.925110 0.140969 0.929515 0.136564 0.920705 0.127753 0.916300 0.127753 0.911894 0.132159 0.903084 0.132159 0.898678 0.127753 0.889868 0.127753 0.885463 0.123348
0 0.030837 0.092511 0.022026 0.101322 0.022026 0.105727 0.035242 0.118943 0.035242 0.132159 0.039648 0.136564 0.048458 0.136564 0.052863 0.132159 0.052863 0.127753 0.044053 0.118943 0.044053 0.096916 0.039648 0.092511
0 0.493392 0.079295 0.484582 0.079295 0.480176 0.083700 0.462555 0.083700 0.458150 0.088106 0.458150 0.114537 0.462555 0.118943 0.471366 0.110132 0.471366 0.101322 0.480176 0.092511 0.484582 0.092511 0.488987 0.088106 0.493392 0.088106 0.497797 0.083700
0 0.696035 0.079295 0.700441 0.083700 0.709251 0.083700 0.713656 0.079295 0.713656 0.074890 0.718062 0.070485 0.722467 0.070485 0.726872 0.066079 0.731278 0.066079 0.735683 0.061674 0.740088 0.061674 0.744493 0.057269 0.748899 0.061674 0.753304 0.061674 0.757709 0.066079 0.762115 0.061674 0.775330 0.061674 0.779736 0.066079 0.784141 0.061674 0.779736 0.057269 0.775330 0.061674 0.762115 0.061674 0.757709 0.057269 0.753304 0.061674 0.748899 0.057269 0.744493 0.057269 0.735683 0.048458 0.726872 0.048458 0.722467 0.052863 0.718062 0.052863 0.704846 0.066079 0.704846 0.070485
0 0.951542 0.044053 0.938326 0.044053 0.933921 0.048458 0.933921 0.070485 0.938326 0.074890 0.942731 0.074890 0.947137 0.070485 0.947137 0.061674 0.955947 0.052863 0.955947 0.048458
0 0.189427 0.044053 0.176211 0.044053 0.158590 0.061674 0.158590 0.066079 0.149780 0.074890 0.145374 0.074890 0.140969 0.079295 0.140969 0.083700 0.149780 0.092511 0.158590 0.092511 0.167401 0.083700 0.167401 0.079295 0.180617 0.066079 0.180617 0.061674 0.193833 0.048458
