0 0.145374 0.995595 0.167401 0.995595 0.167401 0.986784 0.171806 0.982379 0.176211 0.982379 0.180617 0.977974 0.189427 0.977974 0.193833 0.973568 0.198238 0.973568 0.202643 0.977974 0.207048 0.977974 0.211454 0.982379 0.229075 0.982379 0.233480 0.977974 0.233480 0.969163 0.229075 0.964758 0.224670 0.964758 0.220264 0.969163 0.215859 0.969163 0.211454 0.973568 0.207048 0.973568 0.202643 0.977974 0.198238 0.973568 0.193833 0.973568 0.189427 0.969163 0.185022 0.969163 0.180617 0.964758 0.176211 0.964758 0.171806 0.969163 0.167401 0.969163 0.162996 0.973568 0.158590 0.973568 0.154185 0.977974 0.149780 0.977974 0.145374 0.982379
0 0.955947 0.960352 0.947137 0.951542 0.942731 0.951542 0.938326 0.955947 0.933921 0.955947 0.929515 0.960352 0.920705 0.960352 0.911894 0.969163 0.911894 0.973568 0.903084 0.982379 0.903084 0.986784 0.898678 0.991189 0.898678 0.995595 0.951542 0.995595 0.951542 0.982379 0.960352 0.973568 0.955947 0.969163
0 0.039648 0.947137 0.035242 0.951542 0.035242 0.955947 0.039648 0.960352 0.039648 0.964758 0.048458 0.973568 0.057269 0.973568 0.066079 0.964758 0.066079 0.951542 0.061674 0.947137
0 0.687225 0.942731 0.678414 0.951542 0.678414 0.964758 0.691630 0.977974 0.691630 0.982379 0.696035 0.986784 0.696035 0.995595 0.713656 0.995595 0.700441 0.982379 0.700441 0.964758 0.709251 0.955947 0.713656 0.955947 0.709251 0.951542 0.704846 0.951542 0.700441 0.947137 0.696035 0.947137 0.691630 0.942731
0 0.577093 0.969163 0.577093 0.964758 0.572687 0.960352 0.568282 0.960352 0.550661 0.942731 0.546256 0.947137 0.546256 0.951542 0.541850 0.955947 0.537445 0.955947 0.533040 0.960352 0.528634 0.960352 0.524229 0.955947 0.519824 0.955947 0.515419 0.960352 0.515419 0.964758 0.519824 0.969163 0.528634 0.969163 0.537445 0.960352 0.541850 0.960352 0.546256 0.955947 0.550661 0.960352 0.555066 0.960352 0.559471 0.964758 0.563877 0.964758 0.572687 0.973568
0 0.810573 0.942731 0.810573 0.947137 0.814978 0.951542 0.819383 0.951542 0.823789 0.955947 0.828194 0.955947 0.832599 0.960352 0.841410 0.960352 0.845815 0.964758 0.850220 0.964758 0.854626 0.960352 0.854626 0.951542 0.850220 0.947137 0.850220 0.942731 0.845815 0.938326 0.841410 0.938326 0.837004 0.933921 0.819383 0.933921
0 0.237885 0.933921 0.237885 0.938326 0.242291 0.942731 0.246696 0.942731 0.251101 0.947137 0.264317 0.947137 0.273128 0.938326 0.273128 0.925110 0.268722 0.920705 0.255507 0.920705 0.251101 0.925110 0.246696 0.925110
0 0.405286 0.933921 0.405286 0.942731 0.409692 0.947137 0.418502 0.947137 0.427313 0.938326 0.431718 0.938326 0.436123 0.933921 0.449339 0.933921 0.453745 0.938326 0.458150 0.938326 0.462555 0.942731 0.484582 0.942731 0.488987 0.938326 0.488987 0.933921 0.475771 0.920705 0.471366 0.920705 0.466960 0.916300 0.458150 0.916300 0.453745 0.911894 0.449339 0.916300 0.444934 0.911894 0.440529 0.911894 0.431718 0.920705 0.427313 0.920705 0.422908 0.925110 0.418502 0.925110 0.414097 0.929515 0.409692 0.929515
0 0.070485 0.911894 0.074890 0.916300 0.074890 0.920705 0.083700 0.929515 0.096916 0.929515 0.101322 0.933921 0.105727 0.933921 0.110132 0.938326 0.114537 0.933921 0.114537 0.925110 0.110132 0.920705 0.105727 0.920705 0.096916 0.911894 0.092511 0.911894 0.088106 0.907489 0.074890 0.907489
0 0.674009 0.907489 0.669604 0.903084 0.660793 0.903084 0.656388 0.907489 0.643172 0.907489 0.638767 0.911894 0.621145 0.911894 0.616740 0.916300 0.616740 0.925110 0.621145 0.929515 0.625551 0.925110 0.629956 0.929515 0.643172 0.929515 0.647577 0.925110 0.651982 0.925110 0.656388 0.920705 0.669604 0.920705 0.674009 0.916300
0 0.295154 0.872247 0.277533 0.889868 0.277533 0.894273 0.281938 0.898678 0.286344 0.898678 0.290749 0.894273 0.295154 0.898678 0.299559 0.894273 0.303965 0.894273 0.308370 0.889868 0.312775 0.894273 0.317181 0.894273 0.325991 0.903084 0.325991 0.907489 0.343612 0.925110 0.348018 0.925110 0.352423 0.929515 0.352423 0.938326 0.348018 0.942731 0.348018 0.947137 0.352423 0.951542 0.352423 0.955947 0.356828 0.960352 0.365639 0.960352 0.370044 0.964758 0.374449 0.960352 0.365639 0.951542 0.365639 0.947137 0.361233 0.942731 0.361233 0.933921 0.370044 0.925110 0.370044 0.916300 0.365639 0.911894 0.361233 0.911894 0.356828 0.916300 0.352423 0.916300 0.348018 0.911894 0.343612 0.911894 0.334802 0.903084 0.334802 0.898678 0.330396 0.894273 0.325991 0.894273 0.321586 0.898678 0.317181 0.894273 0.312775 0.894273 0.308370 0.889868 0.308370 0.881057 0.303965 0.876652 0.299559 0.876652
0 0.634361 0.867841 0.638767 0.872247 0.647577 0.872247 0.651982 0.867841 0.669604 0.867841 0.674009 0.872247 0.678414 0.872247 0.682819 0.867841 0.674009 0.859031 0.660793 0.859031 0.656388 0.854626 0.651982 0.854626 0.647577 0.850220 0.638767 0.859031 0.638767 0.863436
0 0.480176 0.837004 0.475771 0.841410 0.475771 0.845815 0.480176 0.850220 0.480176 0.867841 0.475771 0.872247 0.488987 0.885463 0.493392 0.885463 0.502203 0.876652 0.502203 0.872247 0.484582 0.854626 0.484582 0.841410
0 0.444934 0.837004 0.440529 0.832599 0.436123 0.832599 0.431718 0.828194 0.422908 0.828194 0.418502 0.832599 0.414097 0.832599 0.409692 0.837004 0.405286 0.837004 0.400881 0.841410 0.396476 0.841410 0.387665 0.850220 0.387665 0.867841 0.383260 0.872247 0.378855 0.872247 0.374449 0.876652 0.374449 0.885463 0.378855 0.889868 0.392070 0.876652 0.392070 0.863436 0.396476 0.859031 0.400881 0.859031 0.405286 0.854626 0.414097 0.854626 0.418502 0.850220 0.422908 0.850220 0.427313 0.845815 0.440529 0.845815 0.444934 0.841410
0 0.458150 0.770925 0.462555 0.775330 0.466960 0.770925 0.480176 0.770925 0.484582 0.775330 0.493392 0.775330 0.497797 0.770925 0.497797 0.762115 0.493392 0.757709 0.475771 0.757709 0.471366 0.753304 0.466960 0.757709 0.466960 0.762115
0 0.383260 0.753304 0.374449 0.753304 0.370044 0.757709 0.370044 0.766520 0.365639 0.770925 0.361233 0.770925 0.356828 0.775330 0.352423 0.775330 0.343612 0.784141 0.348018 0.788546 0.348018 0.797357 0.361233 0.810573 0.374449 0.797357 0.365639 0.788546 0.365639 0.775330 0.370044 0.770925 0.374449 0.770925 0.378855 0.766520 0.383260 0.770925 0.387665 0.766520 0.387665 0.757709
0 0.052863 0.753304 0.048458 0.757709 0.048458 0.762115 0.044053 0.766520 0.039648 0.766520 0.035242 0.770925 0.030837 0.766520 0.026432 0.770925 0.026432 0.775330 0.017621 0.784141 0.017621 0.797357 0.022026 0.801762 0.026432 0.801762 0.035242 0.792952 0.035242 0.770925 0.039648 0.766520 0.044053 0.766520 0.048458 0.762115 0.052863 0.766520 0.057269 0.766520 0.061674 0.762115
0 0.281938 0.744493 0.277533 0.748899 0.277533 0.757709 0.281938 0.762115 0.281938 0.766520 0.295154 0.779736 0.299559 0.779736 0.303965 0.784141 0.308370 0.779736 0.308370 0.775330 0.295154 0.762115 0.295154 0.753304 0.286344 0.744493
0 0.180617 0.726872 0.176211 0.722467 0.167401 0.722467 0.162996 0.726872 0.154185 0.726872 0.149780 0.722467 0.140969 0.731278 0.136564 0.731278 0.132159 0.735683 0.123348 0.735683 0.118943 0.740088 0.123348 0.744493 0.127753 0.744493 0.132159 0.740088 0.136564 0.740088 0.140969 0.735683 0.158590 0.735683 0.162996 0.740088 0.171806 0.740088 0.176211 0.735683 0.176211 0.731278
0 0.374449 0.687225 0.356828 0.674009 0.343612 0.674009 0.339207 0.669604 0.334802 0.669604 0.321586 0.651982 0.317181 0.651982 0.303965 0.660793 0.299559 0.656388 0.251101 0.656388 0.246696 0.651982 0.242291 0.651982 0.237885 0.656388 0.233480 0.651982 0.229075 0.656388 0.215859 0.647577 0.215859 0.638767 0.211454 0.634361 0.207048 0.638767 0.202643 0.638767 0.193833 0.651982 0.189427 0.651982 0.185022 0.656388 0.176211 0.656388 0.171806 0.660793 0.167401 0.656388 0.118943 0.656388 0.105727 0.647577 0.096916 0.656388 0.096916 0.669604 0.092511 0.674009 0.088106 0.674009 0.083700 0.678414 0.066079 0.678414 0.061674 0.682819 0.044053 0.682819 0.039648 0.678414 0.026432 0.678414 0.022026 0.674009 0.000000 0.665198 0.000000 0.674009 0.017621 0.687225 0.039648 0.687225 0.044053 0.691630 0.066079 0.691630 0.070485 0.687225 0.083700 0.687225 0.088106 0.682819 0.096916 0.682819 0.101322 0.678414 0.105727 0.682819 0.132159 0.665198 0.167401 0.665198 0.171806 0.669604 0.176211 0.665198 0.211454 0.665198 0.242291 0.682819 0.246696 0.678414 0.251101 0.682819 0.295154 0.682819 0.299559 0.678414 0.317181 0.678414 0.321586 0.682819 0.325991 0.678414 0.334802 0.678414 0.339207 0.682819 0.348018 0.682819 0.361233 0.691630
0 0.885463 0.607930 0.881057 0.607930 0.876652 0.612335 0.876652 0.638767 0.867841 0.647577 0.872247 0.651982 0.876652 0.647577 0.885463 0.647577 0.889868 0.643172 0.889868 0.634361 0.894273 0.629956 0.894273 0.625551 0.889868 0.621145 0.889868 0.612335
0 0.718062 0.599119 0.722467 0.603524 0.735683 0.603524 0.740088 0.599119 0.748899 0.599119 0.757709 0.590308 0.762115 0.590308 0.766520 0.585903 0.770925 0.585903 0.775330 0.581498 0.770925 0.577093 0.735683 0.577093 0.722467 0.590308 0.722467 0.594714
0 0.000000 0.528634 0.004405 0.528634 0.008811 0.533040 0.052863 0.533040 0.057269 0.528634 0.066079 0.528634 0.070485 0.524229 0.074890 0.524229 0.079295 0.528634 0.088106 0.528634 0.092511 0.533040 0.136564 0.533040 0.140969 0.528634 0.149780 0.528634 0.154185 0.524229 0.158590 0.524229 0.162996 0.519824 0.158590 0.515419 0.154185 0.515419 0.149780 0.519824 0.140969 0.519824 0.136564 0.524229 0.092511 0.524229 0.088106 0.519824 0.079295 0.519824 0.074890 0.515419 0.070485 0.515419 0.066079 0.519824 0.057269 0.519824 0.052863 0.524229 0.008811 0.524229 0.004405 0.528634
0 0.246696 0.418502 0.251101 0.422908 0.255507 0.418502 0.255507 0.414097 0.264317 0.405286 0.264317 0.400881 0.268722 0.396476 0.273128 0.396476 0.277533 0.392070 0.286344 0.392070 0.290749 0.396476 0.295154 0.396476 0.299559 0.400881 0.303965 0.400881 0.312775 0.392070 0.312775 0.387665 0.308370 0.383260 0.277533 0.383260 0.273128 0.387665 0.268722 0.383260 0.259912 0.383260 0.255507 0.387665 0.255507 0.392070 0.251101 0.396476 0.251101 0.414097
0 0.392070 0.383260 0.387665 0.378855 0.370044 0.378855 0.365639 0.383260 0.352423 0.383260 0.348018 0.387665 0.361233 0.400881 0.370044 0.400881 0.378855 0.392070 0.383260 0.392070
0 0.823789 0.383260 0.837004 0.396476 0.845815 0.396476 0.850220 0.400881 0.859031 0.400881 0.863436 0.405286 0.885463 0.405286 0.889868 0.409692 0.894273 0.409692 0.898678 0.405286 0.898678 0.387665 0.894273 0.383260 0.889868 0.387665 0.881057 0.387665 0.876652 0.392070 0.872247 0.392070 0.867841 0.387665 0.854626 0.387665 0.850220 0.383260 0.845815 0.383260 0.841410 0.378855 0.837004 0.378855 0.832599 0.374449
0 0.995595 0.365639 0.986784 0.365639 0.982379 0.370044 0.960352 0.370044 0.955947 0.374449 0.951542 0.374449 0.947137 0.378855 0.942731 0.378855 0.933921 0.387665 0.933921 0.396476 0.938326 0.400881 0.938326 0.414097 0.947137 0.422908 0.960352 0.409692 0.955947 0.405286 0.955947 0.392070 0.964758 0.383260 0.969163 0.383260 0.973568 0.378855 0.995595 0.378855
0 0.299559 0.541850 0.339207 0.559471 0.303965 0.603524 0.330396 0.634361 0.361233 0.625551 0.325991 0.621145 0.334802 0.585903 0.400881 0.585903 0.497797 0.647577 0.484582 0.665198 0.422908 0.656388 0.383260 0.682819 0.528634 0.718062 0.647577 0.801762 0.665198 0.753304 0.766520 0.744493 0.784141 0.770925 0.762115 0.810573 0.704846 0.792952 0.691630 0.806167 0.722467 0.850220 0.766520 0.854626 0.806167 0.832599 0.797357 0.797357 0.814978 0.788546 0.929515 0.881057 0.995595 0.889868 0.995595 0.859031 0.947137 0.859031 0.894273 0.814978 0.995595 0.735683 0.995595 0.691630 0.964758 0.713656 0.925110 0.700441 0.942731 0.669604 0.885463 0.700441 0.837004 0.691630 0.872247 0.735683 0.942731 0.722467 0.960352 0.744493 0.903084 0.792952 0.872247 0.770925 0.845815 0.792952 0.788546 0.753304 0.797357 0.713656 0.651982 0.713656 0.616740 0.731278 0.568282 0.696035 0.585903 0.669604 0.700441 0.674009 0.722467 0.696035 0.713656 0.669604 0.585903 0.660793 0.563877 0.638767 0.546256 0.665198 0.511013 0.647577 0.537445 0.621145 0.533040 0.603524 0.493392 0.629956 0.400881 0.568282 0.422908 0.511013 0.475771 0.458150 0.770925 0.466960 0.810573 0.502203 0.832599 0.480176 0.986784 0.550661 0.995595 0.515419 0.925110 0.471366 0.995595 0.462555 0.832599 0.418502 0.718062 0.414097 0.704846 0.396476 0.762115 0.370044 0.718062 0.374449 0.696035 0.356828 0.704846 0.396476 0.625551 0.427313 0.436123 0.418502 0.387665 0.533040 0.356828 0.550661
0 0.352423 0.325991 0.356828 0.330396 0.356828 0.334802 0.361233 0.339207 0.365639 0.339207 0.370044 0.334802 0.374449 0.339207 0.378855 0.339207 0.383260 0.343612 0.400881 0.343612 0.405286 0.339207 0.409692 0.339207 0.414097 0.343612 0.418502 0.343612 0.422908 0.339207 0.418502 0.334802 0.405286 0.334802 0.400881 0.330396 0.396476 0.330396 0.392070 0.325991 0.387665 0.325991 0.383260 0.321586 0.356828 0.321586
0 0.977974 0.299559 0.973568 0.299559 0.960352 0.312775 0.960352 0.317181 0.955947 0.321586 0.955947 0.325991 0.951542 0.330396 0.964758 0.343612 0.969163 0.339207 0.969163 0.321586 0.982379 0.308370 0.982379 0.303965
0 0.123348 0.299559 0.118943 0.303965 0.118943 0.308370 0.127753 0.317181 0.127753 0.334802 0.136564 0.343612 0.145374 0.334802 0.145374 0.303965 0.140969 0.299559
0 0.806167 0.308370 0.792952 0.295154 0.779736 0.295154 0.775330 0.299559 0.770925 0.299559 0.766520 0.303965 0.766520 0.312775 0.762115 0.317181 0.757709 0.317181 0.753304 0.321586 0.744493 0.321586 0.735683 0.330396 0.735683 0.334802 0.740088 0.339207 0.757709 0.339207 0.766520 0.330396 0.766520 0.325991 0.770925 0.321586 0.775330 0.321586 0.779736 0.317181 0.788546 0.317181 0.792952 0.321586 0.797357 0.317181 0.801762 0.321586 0.806167 0.317181
0 0.625551 0.273128 0.616740 0.281938 0.616740 0.299559 0.612335 0.303965 0.612335 0.312775 0.616740 0.317181 0.621145 0.317181 0.629956 0.308370 0.629956 0.303965 0.625551 0.299559 0.625551 0.290749 0.629956 0.286344 0.629956 0.277533
0 0.740088 0.259912 0.731278 0.268722 0.731278 0.273128 0.726872 0.277533 0.731278 0.281938 0.735683 0.281938 0.740088 0.286344 0.753304 0.286344 0.757709 0.281938 0.757709 0.268722 0.753304 0.264317 0.748899 0.264317 0.744493 0.259912
0 0.995595 0.255507 0.973568 0.255507 0.969163 0.259912 0.964758 0.259912 0.955947 0.268722 0.951542 0.268722 0.947137 0.273128 0.942731 0.268722 0.938326 0.273128 0.929515 0.273128 0.925110 0.277533 0.925110 0.281938 0.929515 0.286344 0.933921 0.286344 0.942731 0.277533 0.947137 0.277533 0.951542 0.273128 0.955947 0.277533 0.960352 0.277533 0.964758 0.281938 0.973568 0.281938 0.977974 0.277533 0.982379 0.277533 0.986784 0.273128 0.991189 0.273128 0.995595 0.268722
0 0.220264 0.255507 0.215859 0.259912 0.215859 0.268722 0.198238 0.286344 0.198238 0.299559 0.202643 0.303965 0.207048 0.303965 0.211454 0.299559 0.211454 0.295154 0.215859 0.290749 0.215859 0.286344 0.229075 0.273128 0.229075 0.264317
0 0.066079 0.255507 0.061674 0.251101 0.057269 0.251101 0.052863 0.255507 0.048458 0.251101 0.039648 0.251101 0.035242 0.255507 0.030837 0.255507 0.026432 0.259912 0.017621 0.259912 0.013216 0.264317 0.017621 0.268722 0.030837 0.268722 0.035242 0.264317 0.052863 0.264317 0.057269 0.259912 0.061674 0.259912
0 0.806167 0.259912 0.810573 0.264317 0.814978 0.259912 0.819383 0.259912 0.823789 0.264317 0.837004 0.264317 0.845815 0.255507 0.841410 0.251101 0.832599 0.251101 0.828194 0.246696 0.814978 0.246696 0.806167 0.255507
0 0.145374 0.246696 0.140969 0.242291 0.136564 0.246696 0.127753 0.246696 0.110132 0.264317 0.105727 0.264317 0.101322 0.268722 0.101322 0.273128 0.096916 0.277533 0.101322 0.281938 0.105727 0.281938 0.118943 0.268722 0.123348 0.268722 0.127753 0.264317 0.136564 0.264317 0.145374 0.255507
0 0.471366 0.224670 0.462555 0.233480 0.462555 0.237885 0.466960 0.242291 0.466960 0.246696 0.471366 0.251101 0.471366 0.255507 0.475771 0.259912 0.480176 0.259912 0.484582 0.255507 0.484582 0.251101 0.488987 0.246696 0.488987 0.233480 0.480176 0.224670
0 0.629956 0.220264 0.621145 0.211454 0.616740 0.215859 0.607930 0.215859 0.603524 0.220264 0.603524 0.229075 0.599119 0.233480 0.594714 0.233480 0.590308 0.237885 0.581498 0.237885 0.577093 0.242291 0.572687 0.242291 0.568282 0.246696 0.563877 0.246696 0.559471 0.251101 0.546256 0.251101 0.541850 0.246696 0.537445 0.246696 0.528634 0.237885 0.519824 0.237885 0.515419 0.242291 0.519824 0.246696 0.519824 0.255507 0.524229 0.259912 0.537445 0.259912 0.541850 0.264317 0.546256 0.264317 0.550661 0.268722 0.559471 0.268722 0.563877 0.264317 0.568282 0.264317 0.581498 0.251101 0.585903 0.251101 0.590308 0.246696 0.594714 0.246696 0.603524 0.237885 0.607930 0.237885 0.616740 0.229075 0.621145 0.229075
0 0.259912 0.220264 0.268722 0.229075 0.273128 0.224670 0.277533 0.224670 0.281938 0.220264 0.295154 0.220264 0.299559 0.215859 0.312775 0.215859 0.317181 0.220264 0.321586 0.220264 0.334802 0.233480 0.343612 0.233480 0.348018 0.237885 0.352423 0.237885 0.356828 0.242291 0.370044 0.242291 0.374449 0.237885 0.374449 0.224670 0.370044 0.220264 0.361233 0.220264 0.356828 0.224670 0.352423 0.224670 0.348018 0.229075 0.343612 0.224670 0.339207 0.224670 0.334802 0.220264 0.330396 0.220264 0.312775 0.202643 0.308370 0.202643 0.303965 0.207048 0.299559 0.202643 0.295154 0.207048 0.286344 0.207048 0.281938 0.211454 0.277533 0.211454 0.273128 0.215859 0.264317 0.215859
0 0.123348 0.193833 0.132159 0.202643 0.136564 0.198238 0.145374 0.198238 0.149780 0.193833 0.167401 0.193833 0.171806 0.189427 0.171806 0.185022 0.167401 0.180617 0.158590 0.180617 0.154185 0.176211 0.132159 0.176211 0.127753 0.180617 0.127753 0.185022 0.123348 0.189427
0 0.770925 0.176211 0.775330 0.180617 0.775330 0.185022 0.779736 0.189427 0.784141 0.189427 0.788546 0.185022 0.792952 0.185022 0.797357 0.180617 0.801762 0.180617 0.806167 0.185022 0.810573 0.185022 0.819383 0.193833 0.819383 0.198238 0.823789 0.202643 0.828194 0.202643 0.832599 0.198238 0.837004 0.202643 0.841410 0.202643 0.845815 0.207048 0.845815 0.211454 0.850220 0.215859 0.867841 0.215859 0.872247 0.211454 0.872247 0.207048 0.863436 0.198238 0.859031 0.202643 0.854626 0.202643 0.850220 0.207048 0.845815 0.207048 0.841410 0.202643 0.837004 0.202643 0.832599 0.198238 0.832599 0.193833 0.828194 0.189427 0.828194 0.180617 0.819383 0.171806 0.810573 0.171806 0.806167 0.176211 0.792952 0.176211 0.788546 0.171806 0.775330 0.171806
0 0.977974 0.123348 0.969163 0.132159 0.969163 0.140969 0.964758 0.145374 0.964758 0.149780 0.969163 0.154185 0.969163 0.158590 0.973568 0.162996 0.982379 0.162996 0.986784 0.158590 0.991189 0.158590 0.991189 0.154185 0.986784 0.154185 0.982379 0.149780 0.982379 0.145374 0.977974 0.140969 0.977974 0.132159 0.982379 0.127753
0 0.237885 0.118943 0.255507 0.136564 0.259912 0.136564 0.264317 0.132159 0.268722 0.132159 0.273128 0.127753 0.277533 0.127753 0.281938 0.132159 0.286344 0.132159 0.290749 0.136564 0.295154 0.136564 0.299559 0.132159 0.299559 0.123348 0.295154 0.118943 0.290749 0.118943 0.286344 0.123348 0.281938 0.123348 0.277533 0.127753 0.273128 0.127753 0.268722 0.123348 0.264317 0.123348 0.259912 0.118943 0.255507 0.118943 0.251101 0.114537 0.242291 0.114537
0 0.136564 0.114537 0.132159 0.110132 0.123348 0.110132 0.118943 0.114537 0.114537 0.114537 0.083700 0.145374 0.079295 0.145374 0.074890 0.149780 0.070485 0.149780 0.061674 0.158590 0.061674 0.167401 0.066079 0.171806 0.074890 0.171806 0.101322 0.145374 0.105727 0.145374 0.118943 0.132159 0.123348 0.132159 0.136564 0.118943
0 0.017621 0.110132 0.017621 0.123348 0.022026 0.127753 0.030837 0.127753 0.035242 0.123348 0.048458 0.123348 0.052863 0.118943 0.052863 0.110132 0.048458 0.105727 0.022026 0.105727
0 0.343612 0.083700 0.339207 0.083700 0.325991 0.096916 0.325991 0.101322 0.321586 0.105727 0.325991 0.110132 0.348018 0.110132 0.352423 0.105727 0.352423 0.096916 0.348018 0.092511 0.348018 0.088106
0 0.590308 0.074890 0.585903 0.074890 0.581498 0.070485 0.572687 0.070485 0.568282 0.074890 0.568282 0.079295 0.559471 0.088106 0.555066 0.088106 0.550661 0.092511 0.546256 0.088106 0.541850 0.088106 0.533040 0.079295 0.528634 0.083700 0.533040 0.088106 0.537445 0.088106 0.550661 0.101322 0.550661 0.105727 0.555066 0.110132 0.559471 0.105727 0.559471 0.101322 0.572687 0.088106 0.577093 0.088106 0.585903 0.079295 0.590308 0.079295
0 0.431718 0.035242 0.427313 0.035242 0.405286 0.057269 0.405286 0.061674 0.400881 0.066079 0.400881 0.074890 0.405286 0.079295 0.418502 0.066079 0.422908 0.066079 0.427313 0.061674 0.427313 0.057269 0.431718 0.052863 0.431718 0.048458 0.436123 0.044053 0.436123 0.039648
0 0.383260 0.017621 0.378855 0.013216 0.374449 0.017621 0.365639 0.017621 0.356828 0.026432 0.352423 0.026432 0.339207 0.039648 0.348018 0.048458 0.352423 0.048458 0.356828 0.044053 0.356828 0.035242 0.361233 0.030837 0.365639 0.030837 0.370044 0.026432 0.374449 0.026432
0 0.568282 0.000000 0.559471 0.000000 0.559471 0.004405 0.555066 0.008811 0.555066 0.017621 0.550661 0.022026 0.550661 0.026432 0.546256 0.030837 0.546256 0.035242 0.550661 0.039648 0.555066 0.035242 0.559471 0.035242 0.563877 0.030837 0.568282 0.030837 0.577093 0.022026 0.577093 0.013216 0.568282 0.004405
0 0.167401 0.000000 0.167401 0.004405 0.162996 0.008811 0.162996 0.013216 0.167401 0.017621 0.167401 0.022026 0.176211 0.030837 0.180617 0.026432 0.185022 0.026432 0.189427 0.030837 0.193833 0.030837 0.198238 0.035242 0.202643 0.030837 0.198238 0.026432 0.193833 0.026432 0.185022 0.017621 0.185022 0.013216 0.176211 0.004405 0.176211 0.000000
0 0.114537 0.000000 0.114537 0.004405 0.105727 0.013216 0.105727 0.017621 0.114537 0.026432 0.114537 0.052863 0.118943 0.057269 0.123348 0.057269 0.127753 0.061674 0.132159 0.057269 0.132159 0.048458 0.136564 0.044053 0.127753 0.035242 0.123348 0.035242 0.118943 0.030837 0.118943 0.013216 0.123348 0.008811 0.123348 0.000000
