0 0.471366 0.995595 0.484582 0.995595 0.484582 0.991189 0.488987 0.986784 0.493392 0.986784 0.497797 0.982379 0.506608 0.982379 0.511013 0.986784 0.519824 0.977974 0.511013 0.969163 0.506608 0.973568 0.502203 0.973568 0.497797 0.969163 0.484582 0.969163 0.471366 0.982379
0 0.000000 0.898678 0.000000 0.911894 0.004405 0.911894 0.008811 0.916300 0.013216 0.916300 0.017621 0.920705 0.017621 0.925110 0.026432 0.933921 0.026432 0.942731 0.013216 0.955947 0.008811 0.955947 0.004405 0.960352 0.000000 0.960352 0.000000 0.973568 0.013216 0.973568 0.017621 0.969163 0.022026 0.969163 0.026432 0.964758 0.039648 0.964758 0.044053 0.960352 0.048458 0.960352 0.048458 0.955947 0.044053 0.951542 0.044053 0.947137 0.039648 0.942731 0.039648 0.933921 0.035242 0.929515 0.035242 0.911894 0.039648 0.907489 0.035242 0.903084 0.030837 0.907489 0.026432 0.903084 0.022026 0.903084 0.017621 0.907489 0.013216 0.907489 0.008811 0.903084 0.004405 0.903084
0 0.321586 0.841410 0.317181 0.837004 0.312775 0.837004 0.308370 0.841410 0.303965 0.841410 0.290749 0.854626 0.290749 0.859031 0.295154 0.863436 0.308370 0.863436 0.312775 0.859031 0.317181 0.859031 0.321586 0.854626
0 0.982379 0.814978 0.977974 0.810573 0.969163 0.810573 0.964758 0.814978 0.960352 0.814978 0.955947 0.819383 0.951542 0.819383 0.947137 0.814978 0.942731 0.814978 0.933921 0.806167 0.920705 0.806167 0.916300 0.810573 0.898678 0.810573 0.894273 0.814978 0.889868 0.814978 0.885463 0.819383 0.876652 0.819383 0.872247 0.823789 0.859031 0.823789 0.854626 0.828194 0.850220 0.828194 0.850220 0.837004 0.841410 0.845815 0.837004 0.845815 0.832599 0.850220 0.828194 0.850220 0.823789 0.845815 0.814978 0.845815 0.810573 0.850220 0.806167 0.850220 0.801762 0.854626 0.784141 0.854626 0.775330 0.863436 0.779736 0.867841 0.784141 0.863436 0.788546 0.867841 0.797357 0.867841 0.801762 0.863436 0.823789 0.863436 0.828194 0.859031 0.832599 0.859031 0.837004 0.854626 0.845815 0.854626 0.850220 0.859031 0.854626 0.859031 0.859031 0.854626 0.863436 0.854626 0.867841 0.850220 0.872247 0.850220 0.876652 0.845815 0.881057 0.845815 0.885463 0.841410 0.889868 0.841410 0.903084 0.828194 0.907489 0.828194 0.911894 0.823789 0.925110 0.823789 0.929515 0.828194 0.933921 0.828194 0.938326 0.832599 0.947137 0.832599 0.951542 0.837004 0.955947 0.837004 0.960352 0.841410 0.964758 0.841410 0.969163 0.845815 0.973568 0.841410 0.973568 0.837004 0.977974 0.832599 0.977974 0.823789 0.982379 0.819383
0 0.770925 0.801762 0.770925 0.806167 0.779736 0.814978 0.792952 0.814978 0.797357 0.819383 0.801762 0.819383 0.810573 0.828194 0.823789 0.828194 0.828194 0.823789 0.832599 0.823789 0.832599 0.819383 0.823789 0.810573 0.819383 0.814978 0.814978 0.810573 0.810573 0.810573 0.801762 0.801762 0.801762 0.797357 0.797357 0.792952 0.779736 0.792952
0 0.383260 0.784141 0.378855 0.779736 0.374449 0.779736 0.370044 0.784141 0.365639 0.784141 0.361233 0.788546 0.352423 0.788546 0.343612 0.797357 0.339207 0.797357 0.343612 0.801762 0.343612 0.806167 0.348018 0.810573 0.352423 0.806167 0.356828 0.806167 0.365639 0.797357 0.370044 0.797357
0 0.995595 0.757709 0.982379 0.757709 0.969163 0.770925 0.969163 0.779736 0.973568 0.784141 0.977974 0.784141 0.986784 0.792952 0.991189 0.788546 0.995595 0.788546
0 0.995595 0.691630 0.991189 0.691630 0.986784 0.696035 0.982379 0.691630 0.977974 0.696035 0.969163 0.696035 0.960352 0.704846 0.955947 0.704846 0.951542 0.709251 0.947137 0.709251 0.938326 0.718062 0.938326 0.722467 0.933921 0.726872 0.933921 0.731278 0.929515 0.735683 0.925110 0.735683 0.911894 0.748899 0.911894 0.753304 0.898678 0.766520 0.894273 0.766520 0.885463 0.775330 0.881057 0.775330 0.876652 0.779736 0.867841 0.779736 0.863436 0.784141 0.859031 0.784141 0.859031 0.788546 0.863436 0.792952 0.885463 0.792952 0.889868 0.788546 0.894273 0.788546 0.898678 0.784141 0.903084 0.784141 0.907489 0.779736 0.907489 0.775330 0.920705 0.762115 0.925110 0.762115 0.933921 0.753304 0.933921 0.744493 0.938326 0.740088 0.942731 0.740088 0.947137 0.735683 0.951542 0.740088 0.960352 0.731278 0.964758 0.731278 0.969163 0.726872 0.973568 0.726872 0.977974 0.722467 0.982379 0.722467 0.986784 0.718062 0.991189 0.718062 0.995595 0.713656
0 0.268722 0.546256 0.264317 0.541850 0.259912 0.541850 0.255507 0.537445 0.251101 0.541850 0.242291 0.541850 0.215859 0.568282 0.215859 0.585903 0.220264 0.590308 0.224670 0.585903 0.224670 0.572687 0.242291 0.555066 0.246696 0.555066 0.251101 0.550661 0.264317 0.550661
0 0.290749 0.453745 0.286344 0.449339 0.281938 0.449339 0.277533 0.453745 0.268722 0.453745 0.264317 0.458150 0.259912 0.458150 0.251101 0.466960 0.246696 0.466960 0.242291 0.471366 0.229075 0.471366 0.211454 0.488987 0.207048 0.488987 0.202643 0.493392 0.198238 0.493392 0.193833 0.497797 0.198238 0.502203 0.229075 0.502203 0.246696 0.484582 0.251101 0.484582 0.255507 0.480176 0.259912 0.480176 0.264317 0.475771 0.268722 0.475771 0.281938 0.462555 0.286344 0.462555 0.290749 0.458150
0 0.154185 0.405286 0.149780 0.405286 0.145374 0.400881 0.136564 0.400881 0.127753 0.409692 0.123348 0.409692 0.118943 0.414097 0.114537 0.414097 0.079295 0.449339 0.083700 0.453745 0.088106 0.453745 0.092511 0.449339 0.096916 0.449339 0.101322 0.444934 0.105727 0.449339 0.110132 0.449339 0.118943 0.440529 0.118943 0.436123 0.123348 0.431718 0.127753 0.431718 0.132159 0.427313 0.136564 0.427313 0.154185 0.409692
0 0.392070 0.396476 0.400881 0.405286 0.405286 0.405286 0.409692 0.409692 0.414097 0.409692 0.418502 0.414097 0.418502 0.422908 0.405286 0.436123 0.409692 0.440529 0.414097 0.440529 0.418502 0.436123 0.422908 0.436123 0.431718 0.427313 0.436123 0.427313 0.440529 0.422908 0.440529 0.418502 0.458150 0.400881 0.453745 0.396476 0.449339 0.396476 0.436123 0.409692 0.431718 0.409692 0.427313 0.414097 0.422908 0.409692 0.418502 0.409692 0.414097 0.405286 0.414097 0.400881 0.405286 0.392070 0.396476 0.392070
0 0.268722 0.387665 0.255507 0.374449 0.255507 0.370044 0.251101 0.365639 0.242291 0.365639 0.237885 0.370044 0.215859 0.370044 0.198238 0.387665 0.193833 0.387665 0.189427 0.392070 0.185022 0.392070 0.180617 0.396476 0.176211 0.396476 0.171806 0.400881 0.176211 0.405286 0.202643 0.405286 0.211454 0.396476 0.211454 0.392070 0.215859 0.387665 0.220264 0.387665 0.224670 0.383260 0.229075 0.383260 0.233480 0.378855 0.237885 0.378855 0.242291 0.383260 0.246696 0.383260 0.251101 0.387665 0.259912 0.387665 0.264317 0.392070
0 0.995595 0.356828 0.925110 0.352423 0.757709 0.466960 0.744493 0.550661 0.638767 0.572687 0.665198 0.603524 0.629956 0.625551 0.577093 0.568282 0.678414 0.506608 0.594714 0.515419 0.590308 0.466960 0.674009 0.422908 0.682819 0.462555 0.713656 0.405286 0.744493 0.444934 0.748899 0.387665 0.590308 0.449339 0.572687 0.418502 0.625551 0.400881 0.590308 0.365639 0.550661 0.475771 0.515419 0.488987 0.546256 0.533040 0.466960 0.493392 0.511013 0.462555 0.497797 0.427313 0.317181 0.546256 0.392070 0.537445 0.383260 0.612335 0.268722 0.577093 0.211454 0.634361 0.154185 0.616740 0.185022 0.665198 0.136564 0.744493 0.123348 0.678414 0.000000 0.656388 0.030837 0.682819 0.000000 0.735683 0.105727 0.713656 0.039648 0.788546 0.110132 0.832599 0.057269 0.828194 0.017621 0.876652 0.052863 0.841410 0.070485 0.889868 0.127753 0.863436 0.074890 0.933921 0.110132 0.960352 0.114537 0.916300 0.158590 0.916300 0.132159 0.955947 0.189427 0.995595 0.330396 0.916300 0.361233 0.964758 0.317181 0.995595 0.427313 0.973568 0.471366 0.898678 0.546256 0.942731 0.511013 0.911894 0.541850 0.876652 0.453745 0.876652 0.537445 0.823789 0.585903 0.867841 0.568282 0.907489 0.634361 0.925110 0.621145 0.995595 0.903084 0.951542 0.995595 0.977974 0.955947 0.964758 0.982379 0.925110 0.903084 0.947137 0.872247 0.903084 0.942731 0.903084 0.889868 0.876652 0.784141 0.947137 0.806167 0.889868 0.770925 0.916300 0.704846 0.832599 0.621145 0.832599 0.599119 0.784141 0.629956 0.753304 0.559471 0.766520 0.506608 0.832599 0.436123 0.801762 0.264317 0.929515 0.167401 0.916300 0.251101 0.881057 0.251101 0.845815 0.405286 0.709251 0.458150 0.731278 0.453745 0.687225 0.497797 0.691630 0.524229 0.766520 0.537445 0.718062 0.616740 0.726872 0.616740 0.691630 0.594714 0.713656 0.541850 0.674009 0.577093 0.634361 0.907489 0.660793 0.850220 0.713656 0.651982 0.674009 0.669604 0.726872 0.722467 0.691630 0.854626 0.731278 0.995595 0.656388 0.938326 0.590308 0.982379 0.541850 0.933921 0.550661 0.995595 0.497797 0.955947 0.414097
0 0.995595 0.237885 0.991189 0.237885 0.986784 0.242291 0.986784 0.246696 0.991189 0.251101 0.991189 0.259912 0.986784 0.264317 0.982379 0.264317 0.977974 0.268722 0.969163 0.268722 0.964758 0.273128 0.955947 0.273128 0.938326 0.259912 0.933921 0.264317 0.933921 0.277533 0.929515 0.281938 0.925110 0.281938 0.876652 0.308370 0.867841 0.308370 0.863436 0.312775 0.850220 0.317181 0.837004 0.330396 0.832599 0.330396 0.828194 0.334802 0.814978 0.334802 0.806167 0.343612 0.801762 0.343612 0.788546 0.352423 0.779736 0.352423 0.775330 0.356828 0.744493 0.343612 0.735683 0.334802 0.731278 0.339207 0.726872 0.334802 0.713656 0.330396 0.704846 0.321586 0.691630 0.321586 0.687225 0.325991 0.682819 0.325991 0.678414 0.330396 0.669604 0.330396 0.665198 0.334802 0.687225 0.352423 0.696035 0.352423 0.700441 0.356828 0.718062 0.356828 0.722467 0.361233 0.726872 0.361233 0.740088 0.352423 0.753304 0.361233 0.766520 0.361233 0.770925 0.365639 0.775330 0.365639 0.779736 0.361233 0.792952 0.361233 0.806167 0.370044 0.814978 0.370044 0.819383 0.365639 0.819383 0.348018 0.832599 0.339207 0.841410 0.339207 0.859031 0.325991 0.863436 0.330396 0.867841 0.330396 0.872247 0.334802 0.872247 0.339207 0.885463 0.352423 0.889868 0.348018 0.885463 0.343612 0.885463 0.334802 0.894273 0.325991 0.889868 0.321586 0.889868 0.312775 0.894273 0.308370 0.898678 0.308370 0.929515 0.290749 0.938326 0.290749 0.942731 0.286344 0.955947 0.286344 0.960352 0.281938 0.973568 0.281938 0.977974 0.277533 0.995595 0.277533
0 0.096916 0.246696 0.092511 0.242291 0.079295 0.242291 0.074890 0.237885 0.070485 0.242291 0.061674 0.242291 0.057269 0.246696 0.052863 0.246696 0.044053 0.255507 0.039648 0.255507 0.035242 0.259912 0.030837 0.259912 0.026432 0.255507 0.008811 0.255507 0.004405 0.251101 0.000000 0.251101 0.000000 0.268722 0.017621 0.268722 0.022026 0.273128 0.035242 0.273128 0.044053 0.264317 0.048458 0.264317 0.052863 0.259912 0.083700 0.259912 0.088106 0.255507 0.092511 0.255507 0.096916 0.251101
0 0.643172 0.312775 0.563877 0.273128 0.497797 0.273128 0.484582 0.264317 0.471366 0.273128 0.453745 0.273128 0.440529 0.264317 0.427313 0.273128 0.422908 0.290749 0.378855 0.303965 0.365639 0.295154 0.365639 0.286344 0.418502 0.242291 0.422908 0.229075 0.409692 0.220264 0.392070 0.246696 0.374449 0.251101 0.352423 0.268722 0.339207 0.268722 0.334802 0.290749 0.264317 0.290749 0.259912 0.312775 0.246696 0.321586 0.224670 0.317181 0.211454 0.290749 0.180617 0.312775 0.158590 0.308370 0.145374 0.317181 0.123348 0.312775 0.110132 0.295154 0.092511 0.295154 0.030837 0.334802 0.008811 0.312775 0.000000 0.312775 0.000000 0.405286 0.013216 0.405286 0.079295 0.365639 0.083700 0.370044 0.123348 0.352423 0.180617 0.352423 0.233480 0.330396 0.273128 0.325991 0.308370 0.303965 0.339207 0.303965 0.352423 0.312775 0.352423 0.321586 0.325991 0.339207 0.312775 0.339207 0.286344 0.365639 0.308370 0.365639 0.356828 0.392070 0.361233 0.387665 0.325991 0.356828 0.325991 0.348018 0.365639 0.325991 0.378855 0.330396 0.387665 0.343612 0.387665 0.312775 0.431718 0.303965 0.449339 0.290749 0.475771 0.299559 0.475771 0.308370 0.453745 0.325991 0.458150 0.330396 0.475771 0.325991 0.502203 0.339207 0.550661 0.339207 0.581498 0.325991 0.607930 0.339207 0.621145 0.365639 0.634361 0.361233 0.621145 0.334802 0.634361 0.325991 0.638767 0.330396
0 0.616740 0.202643 0.612335 0.207048 0.603524 0.207048 0.581498 0.229075 0.581498 0.246696 0.577093 0.251101 0.572687 0.251101 0.568282 0.255507 0.572687 0.259912 0.577093 0.255507 0.577093 0.251101 0.585903 0.242291 0.590308 0.242291 0.603524 0.229075 0.607930 0.229075 0.612335 0.224670 0.616740 0.224670 0.621145 0.220264 0.621145 0.207048
0 0.797357 0.207048 0.797357 0.224670 0.801762 0.229075 0.806167 0.229075 0.810573 0.224670 0.814978 0.224670 0.819383 0.220264 0.823789 0.220264 0.828194 0.215859 0.837004 0.215859 0.841410 0.211454 0.845815 0.215859 0.850220 0.215859 0.854626 0.220264 0.854626 0.224670 0.859031 0.229075 0.863436 0.229075 0.867841 0.233480 0.872247 0.233480 0.885463 0.246696 0.903084 0.246696 0.911894 0.237885 0.916300 0.237885 0.925110 0.229075 0.929515 0.229075 0.933921 0.224670 0.938326 0.224670 0.942731 0.220264 0.951542 0.220264 0.955947 0.215859 0.951542 0.211454 0.947137 0.215859 0.942731 0.211454 0.929515 0.211454 0.925110 0.215859 0.907489 0.215859 0.894273 0.229075 0.889868 0.229075 0.885463 0.233480 0.881057 0.229075 0.876652 0.229075 0.872247 0.224670 0.872247 0.220264 0.867841 0.215859 0.863436 0.215859 0.859031 0.220264 0.854626 0.220264 0.850220 0.215859 0.845815 0.215859 0.841410 0.211454 0.841410 0.202643 0.837004 0.198238 0.819383 0.198238 0.814978 0.202643 0.801762 0.202643
0 0.687225 0.237885 0.691630 0.242291 0.713656 0.242291 0.726872 0.229075 0.731278 0.229075 0.757709 0.202643 0.757709 0.198238 0.762115 0.193833 0.757709 0.189427 0.753304 0.189427 0.744493 0.198238 0.744493 0.202643 0.740088 0.207048 0.735683 0.207048 0.731278 0.211454 0.726872 0.207048 0.722467 0.207048 0.713656 0.198238 0.713656 0.193833 0.709251 0.189427 0.704846 0.189427 0.700441 0.185022 0.691630 0.193833 0.700441 0.202643 0.704846 0.202643 0.713656 0.211454 0.713656 0.220264 0.704846 0.229075 0.700441 0.229075 0.696035 0.233480 0.691630 0.233480
0 0.079295 0.185022 0.070485 0.176211 0.066079 0.176211 0.057269 0.185022 0.052863 0.185022 0.048458 0.189427 0.044053 0.185022 0.039648 0.189427 0.035242 0.185022 0.026432 0.185022 0.017621 0.193833 0.017621 0.202643 0.022026 0.207048 0.044053 0.207048 0.048458 0.202643 0.048458 0.193833 0.052863 0.189427 0.057269 0.189427 0.061674 0.185022 0.066079 0.189427 0.070485 0.189427 0.074890 0.193833 0.079295 0.189427
0 0.925110 0.162996 0.920705 0.162996 0.916300 0.167401 0.903084 0.167401 0.894273 0.176211 0.894273 0.185022 0.898678 0.189427 0.920705 0.189427 0.925110 0.185022
0 0.524229 0.167401 0.519824 0.162996 0.506608 0.162996 0.502203 0.167401 0.493392 0.167401 0.488987 0.171806 0.484582 0.171806 0.480176 0.176211 0.480176 0.185022 0.475771 0.189427 0.475771 0.198238 0.480176 0.202643 0.484582 0.202643 0.488987 0.198238 0.493392 0.198238 0.506608 0.185022 0.511013 0.185022 0.519824 0.176211 0.519824 0.171806
0 0.964758 0.158590 0.964758 0.171806 0.969163 0.176211 0.977974 0.176211 0.982379 0.171806 0.986784 0.171806 0.991189 0.167401 0.995595 0.167401 0.995595 0.149780 0.973568 0.149780
0 0.916300 0.118943 0.907489 0.127753 0.907489 0.136564 0.911894 0.140969 0.916300 0.140969 0.920705 0.145374 0.925110 0.145374 0.929515 0.149780 0.929515 0.154185 0.933921 0.154185 0.942731 0.145374 0.942731 0.136564 0.933921 0.127753 0.929515 0.127753 0.925110 0.123348 0.920705 0.123348
0 0.876652 0.114537 0.872247 0.110132 0.863436 0.118943 0.863436 0.123348 0.854626 0.132159 0.850220 0.132159 0.845815 0.136564 0.832599 0.136564 0.814978 0.154185 0.810573 0.154185 0.814978 0.154185 0.819383 0.158590 0.837004 0.158590 0.872247 0.123348 0.872247 0.118943
0 0.863436 0.079295 0.859031 0.079295 0.854626 0.074890 0.850220 0.074890 0.845815 0.079295 0.841410 0.079295 0.828194 0.070485 0.819383 0.070485 0.814978 0.066079 0.810573 0.066079 0.806167 0.061674 0.806167 0.052863 0.819383 0.039648 0.814978 0.035242 0.801762 0.035242 0.792952 0.044053 0.788546 0.044053 0.784141 0.048458 0.779736 0.048458 0.770925 0.057269 0.770925 0.074890 0.757709 0.088106 0.753304 0.088106 0.748899 0.092511 0.744493 0.092511 0.740088 0.096916 0.735683 0.096916 0.726872 0.105727 0.722467 0.105727 0.718062 0.110132 0.709251 0.110132 0.696035 0.123348 0.691630 0.123348 0.687225 0.127753 0.674009 0.127753 0.665198 0.136564 0.665198 0.140969 0.651982 0.154185 0.651982 0.162996 0.665198 0.171806 0.678414 0.162996 0.691630 0.171806 0.696035 0.167401 0.691630 0.162996 0.687225 0.162996 0.678414 0.154185 0.678414 0.140969 0.687225 0.132159 0.691630 0.132159 0.696035 0.127753 0.735683 0.127753 0.757709 0.105727 0.762115 0.105727 0.766520 0.101322 0.770925 0.101322 0.784141 0.110132 0.788546 0.105727 0.792952 0.110132 0.797357 0.110132 0.801762 0.114537 0.801762 0.123348 0.806167 0.127753 0.810573 0.123348 0.814978 0.123348 0.828194 0.110132 0.832599 0.110132 0.837004 0.105727 0.841410 0.105727 0.854626 0.092511 0.854626 0.083700 0.859031 0.079295
0 0.876652 0.079295 0.881057 0.079295 0.885463 0.083700 0.894273 0.083700 0.898678 0.088106 0.903084 0.088106 0.916300 0.101322 0.920705 0.101322 0.925110 0.096916 0.925110 0.088106 0.933921 0.079295 0.933921 0.074890 0.938326 0.070485 0.942731 0.070485 0.947137 0.066079 0.951542 0.066079 0.955947 0.061674 0.969163 0.061674 0.973568 0.066079 0.977974 0.066079 0.982379 0.070485 0.986784 0.070485 0.991189 0.066079 0.995595 0.070485 0.995595 0.057269 0.982379 0.057269 0.977974 0.052863 0.973568 0.052863 0.969163 0.048458 0.969163 0.044053 0.964758 0.039648 0.955947 0.039648 0.951542 0.044053 0.933921 0.044053 0.929515 0.039648 0.925110 0.039648 0.920705 0.035242 0.911894 0.035242 0.907489 0.030837 0.903084 0.030837 0.898678 0.026432 0.894273 0.030837 0.894273 0.035242 0.889868 0.039648 0.894273 0.044053 0.907489 0.044053 0.911894 0.048458 0.916300 0.048458 0.925110 0.057269 0.925110 0.074890 0.920705 0.079295 0.916300 0.079295 0.911894 0.083700 0.907489 0.079295 0.903084 0.083700 0.898678 0.079295 0.894273 0.079295 0.889868 0.074890 0.885463 0.074890 0.881057 0.079295
0 0.127753 0.264317 0.154185 0.281938 0.180617 0.264317 0.198238 0.264317 0.211454 0.233480 0.193833 0.224670 0.193833 0.211454 0.207048 0.202643 0.229075 0.224670 0.251101 0.220264 0.255507 0.246696 0.273128 0.242291 0.295154 0.264317 0.325991 0.229075 0.374449 0.220264 0.396476 0.189427 0.427313 0.185022 0.440529 0.158590 0.466960 0.154185 0.502203 0.132159 0.563877 0.149780 0.559471 0.185022 0.572687 0.189427 0.594714 0.171806 0.590308 0.154185 0.599119 0.145374 0.625551 0.140969 0.634361 0.110132 0.682819 0.101322 0.691630 0.083700 0.678414 0.079295 0.643172 0.092511 0.634361 0.110132 0.594714 0.132159 0.572687 0.127753 0.555066 0.105727 0.541850 0.114537 0.528634 0.105727 0.533040 0.083700 0.581498 0.057269 0.599119 0.061674 0.577093 0.052863 0.563877 0.026432 0.550661 0.039648 0.555066 0.052863 0.541850 0.061674 0.502203 0.066079 0.484582 0.057269 0.466960 0.079295 0.436123 0.070485 0.414097 0.096916 0.383260 0.088106 0.370044 0.070485 0.343612 0.066079 0.317181 0.079295 0.290749 0.070485 0.246696 0.110132 0.233480 0.092511 0.264317 0.030837 0.242291 0.035242 0.246696 0.061674 0.233480 0.070485 0.211454 0.039648 0.185022 0.074890 0.198238 0.088106 0.193833 0.105727 0.202643 0.114537 0.185022 0.136564 0.215859 0.136564 0.237885 0.171806 0.255507 0.167401 0.286344 0.180617 0.312775 0.167401 0.312775 0.149780 0.277533 0.136564 0.281938 0.096916 0.299559 0.083700 0.374449 0.136564 0.392070 0.123348 0.414097 0.140969 0.431718 0.140969 0.436123 0.154185 0.361233 0.207048 0.334802 0.185022 0.321586 0.233480 0.308370 0.242291 0.290749 0.233480 0.281938 0.211454 0.259912 0.224670 0.246696 0.220264 0.215859 0.185022 0.167401 0.202643 0.140969 0.189427 0.136564 0.207048 0.171806 0.215859 0.176211 0.233480 0.140969 0.246696
0 0.171806 0.030837 0.167401 0.026432 0.154185 0.026432 0.145374 0.035242 0.140969 0.035242 0.136564 0.039648 0.132159 0.039648 0.127753 0.035242 0.110132 0.035242 0.105727 0.039648 0.110132 0.044053 0.110132 0.048458 0.114537 0.052863 0.114537 0.061674 0.110132 0.066079 0.105727 0.066079 0.101322 0.070485 0.096916 0.070485 0.083700 0.083700 0.083700 0.088106 0.088106 0.092511 0.101322 0.092511 0.110132 0.083700 0.114537 0.083700 0.118943 0.079295 0.123348 0.083700 0.127753 0.083700 0.132159 0.088106 0.132159 0.096916 0.127753 0.101322 0.132159 0.105727 0.149780 0.105727 0.154185 0.101322 0.154185 0.096916 0.145374 0.088106 0.140969 0.088106 0.132159 0.079295 0.132159 0.070485 0.136564 0.066079 0.140969 0.066079 0.145374 0.061674 0.149780 0.061674 0.167401 0.044053 0.167401 0.035242
0 0.678414 0.026432 0.678414 0.030837 0.674009 0.035242 0.674009 0.048458 0.678414 0.052863 0.682819 0.052863 0.687225 0.048458 0.691630 0.048458 0.696035 0.044053 0.700441 0.048458 0.704846 0.048458 0.722467 0.066079 0.726872 0.066079 0.731278 0.070485 0.735683 0.070485 0.740088 0.066079 0.740088 0.061674 0.726872 0.048458 0.718062 0.048458 0.713656 0.044053 0.709251 0.044053 0.700441 0.035242 0.700441 0.022026 0.696035 0.017621 0.691630 0.017621 0.687225 0.022026 0.682819 0.022026
0 0.590308 0.008811 0.590308 0.017621 0.594714 0.022026 0.599119 0.022026 0.603524 0.026432 0.607930 0.026432 0.621145 0.039648 0.638767 0.039648 0.647577 0.030837 0.647577 0.026432 0.643172 0.022026 0.634361 0.022026 0.629956 0.026432 0.625551 0.026432 0.621145 0.030837 0.616740 0.026432 0.612335 0.026432 0.607930 0.022026 0.607930 0.008811 0.603524 0.004405 0.603524 0.000000 0.594714 0.000000 0.594714 0.004405
0 0.471366 0.000000 0.462555 0.000000 0.462555 0.004405 0.458150 0.008811 0.453745 0.008811 0.449339 0.013216 0.440529 0.013216 0.431718 0.022026 0.431718 0.026432 0.440529 0.035242 0.444934 0.030837 0.449339 0.030837 0.453745 0.026432 0.453745 0.022026 0.458150 0.017621 0.462555 0.017621 0.471366 0.008811
0 0.105727 0.000000 0.088106 0.000000 0.088106 0.008811 0.079295 0.017621 0.074890 0.017621 0.070485 0.022026 0.057269 0.022026 0.048458 0.030837 0.044053 0.030837 0.039648 0.035242 0.035242 0.035242 0.030837 0.039648 0.026432 0.039648 0.022026 0.035242 0.017621 0.035242 0.008811 0.026432 0.004405 0.030837 0.000000 0.030837 0.000000 0.092511 0.004405 0.088106 0.008811 0.088106 0.013216 0.083700 0.017621 0.088106 0.022026 0.088106 0.026432 0.092511 0.026432 0.101322 0.030837 0.105727 0.035242 0.105727 0.044053 0.114537 0.044053 0.123348 0.039648 0.127753 0.035242 0.127753 0.030837 0.132159 0.017621 0.132159 0.013216 0.136564 0.013216 0.149780 0.017621 0.154185 0.039648 0.154185 0.048458 0.145374 0.048458 0.136564 0.044053 0.132159 0.044053 0.123348 0.048458 0.118943 0.052863 0.118943 0.061674 0.110132 0.061674 0.105727 0.052863 0.096916 0.048458 0.096916 0.039648 0.088106 0.035242 0.088106 0.030837 0.083700 0.030837 0.070485 0.057269 0.044053 0.061674 0.044053 0.074890 0.030837 0.074890 0.026432 0.079295 0.022026 0.083700 0.022026 0.088106 0.017621 0.092511 0.017621 0.101322 0.008811 0.101322 0.004405
