0 0.784141 0.969163 0.779736 0.969163 0.766520 0.982379 0.766520 0.995595 0.788546 0.995595 0.788546 0.973568
0 0.585903 0.982379 0.590308 0.986784 0.594714 0.986784 0.599119 0.982379 0.603524 0.982379 0.607930 0.977974 0.603524 0.973568 0.603524 0.964758 0.607930 0.960352 0.612335 0.960352 0.616740 0.955947 0.621145 0.955947 0.625551 0.951542 0.629956 0.951542 0.634361 0.955947 0.638767 0.955947 0.643172 0.960352 0.660793 0.960352 0.665198 0.955947 0.665198 0.947137 0.656388 0.938326 0.651982 0.942731 0.638767 0.942731 0.634361 0.947137 0.629956 0.947137 0.625551 0.942731 0.621145 0.942731 0.616740 0.938326 0.607930 0.938326 0.603524 0.942731 0.603524 0.964758 0.599119 0.969163 0.594714 0.969163 0.585903 0.977974
0 0.387665 0.925110 0.378855 0.933921 0.374449 0.933921 0.361233 0.947137 0.365639 0.951542 0.365639 0.955947 0.370044 0.960352 0.370044 0.964758 0.378855 0.973568 0.383260 0.969163 0.383260 0.947137 0.387665 0.942731 0.387665 0.938326 0.392070 0.933921 0.392070 0.929515
0 0.537445 0.925110 0.519824 0.907489 0.515419 0.907489 0.511013 0.911894 0.480176 0.911894 0.475771 0.916300 0.471366 0.916300 0.466960 0.920705 0.458150 0.920705 0.453745 0.916300 0.449339 0.916300 0.449339 0.920705 0.436123 0.933921 0.436123 0.942731 0.431718 0.947137 0.431718 0.960352 0.436123 0.964758 0.436123 0.995595 0.453745 0.995595 0.453745 0.986784 0.449339 0.982379 0.449339 0.969163 0.453745 0.964758 0.453745 0.960352 0.458150 0.955947 0.458150 0.951542 0.462555 0.947137 0.462555 0.933921 0.471366 0.925110 0.475771 0.925110 0.480176 0.920705 0.484582 0.925110 0.493392 0.925110 0.497797 0.920705 0.502203 0.925110 0.506608 0.925110 0.515419 0.933921 0.515419 0.942731 0.519824 0.947137 0.519824 0.964758 0.524229 0.969163 0.524229 0.977974 0.528634 0.982379 0.533040 0.982379 0.546256 0.969163 0.546256 0.951542 0.541850 0.947137 0.541850 0.933921 0.537445 0.929515
0 0.039648 0.907489 0.030837 0.907489 0.026432 0.911894 0.022026 0.911894 0.017621 0.916300 0.022026 0.920705 0.022026 0.951542 0.026432 0.955947 0.026432 0.964758 0.035242 0.973568 0.039648 0.969163 0.039648 0.955947 0.044053 0.951542 0.044053 0.911894
0 0.775330 0.898678 0.770925 0.903084 0.770925 0.920705 0.766520 0.925110 0.766520 0.933921 0.770925 0.938326 0.770925 0.942731 0.775330 0.947137 0.779736 0.947137 0.788546 0.938326 0.788546 0.911894
0 0.325991 0.885463 0.321586 0.889868 0.321586 0.903084 0.330396 0.911894 0.339207 0.911894 0.348018 0.903084 0.348018 0.898678 0.352423 0.894273 0.348018 0.889868 0.343612 0.889868 0.339207 0.885463
0 0.832599 0.920705 0.837004 0.925110 0.845815 0.925110 0.867841 0.903084 0.872247 0.903084 0.876652 0.898678 0.885463 0.898678 0.889868 0.903084 0.894273 0.903084 0.907489 0.916300 0.938326 0.916300 0.942731 0.911894 0.947137 0.911894 0.955947 0.903084 0.951542 0.898678 0.947137 0.903084 0.942731 0.898678 0.907489 0.898678 0.903084 0.894273 0.898678 0.894273 0.889868 0.885463 0.876652 0.885463 0.872247 0.881057 0.867841 0.881057 0.841410 0.907489 0.841410 0.911894
0 0.101322 0.850220 0.092511 0.850220 0.079295 0.863436 0.079295 0.872247 0.074890 0.876652 0.074890 0.881057 0.079295 0.885463 0.083700 0.881057 0.096916 0.881057 0.101322 0.876652 0.101322 0.863436 0.105727 0.859031 0.105727 0.854626
0 0.740088 0.841410 0.735683 0.837004 0.722467 0.837004 0.700441 0.859031 0.700441 0.863436 0.704846 0.867841 0.713656 0.867841 0.718062 0.872247 0.722467 0.867841 0.726872 0.867841 0.740088 0.854626
0 0.215859 0.845815 0.215859 0.859031 0.220264 0.863436 0.229075 0.863436 0.233480 0.867841 0.237885 0.863436 0.251101 0.863436 0.255507 0.867841 0.259912 0.867841 0.268722 0.876652 0.268722 0.889868 0.277533 0.898678 0.286344 0.898678 0.299559 0.885463 0.299559 0.881057 0.290749 0.872247 0.281938 0.872247 0.277533 0.867841 0.273128 0.867841 0.268722 0.863436 0.268722 0.859031 0.259912 0.850220 0.255507 0.854626 0.251101 0.854626 0.246696 0.850220 0.242291 0.850220 0.233480 0.841410 0.229075 0.841410 0.224670 0.837004
0 0.898678 0.837004 0.907489 0.845815 0.911894 0.845815 0.916300 0.841410 0.920705 0.841410 0.929515 0.832599 0.933921 0.832599 0.938326 0.828194 0.942731 0.832599 0.947137 0.828194 0.951542 0.832599 0.960352 0.823789 0.960352 0.819383 0.955947 0.814978 0.938326 0.814978 0.933921 0.819383 0.929515 0.814978 0.920705 0.814978 0.916300 0.819383 0.911894 0.819383 0.903084 0.828194 0.903084 0.832599
0 0.669604 0.784141 0.665198 0.788546 0.674009 0.797357 0.674009 0.801762 0.678414 0.806167 0.678414 0.814978 0.687225 0.823789 0.691630 0.819383 0.696035 0.819383 0.704846 0.810573 0.700441 0.806167 0.700441 0.801762 0.696035 0.797357 0.691630 0.797357 0.682819 0.788546 0.674009 0.788546
0 0.290749 0.775330 0.286344 0.775330 0.281938 0.779736 0.281938 0.792952 0.273128 0.801762 0.268722 0.801762 0.264317 0.806167 0.259912 0.806167 0.255507 0.810573 0.264317 0.819383 0.277533 0.819383 0.281938 0.823789 0.286344 0.819383 0.286344 0.814978 0.290749 0.810573 0.290749 0.806167 0.295154 0.801762 0.295154 0.779736
0 0.832599 0.766520 0.828194 0.762115 0.819383 0.762115 0.810573 0.770925 0.806167 0.770925 0.801762 0.775330 0.792952 0.775330 0.788546 0.770925 0.784141 0.770925 0.779736 0.775330 0.775330 0.775330 0.762115 0.788546 0.766520 0.792952 0.766520 0.801762 0.770925 0.806167 0.775330 0.806167 0.797357 0.784141 0.801762 0.784141 0.806167 0.779736 0.819383 0.779736 0.823789 0.775330 0.828194 0.775330 0.832599 0.770925
0 0.515419 0.770925 0.506608 0.762115 0.502203 0.766520 0.497797 0.766520 0.493392 0.770925 0.475771 0.770925 0.471366 0.775330 0.471366 0.784141 0.475771 0.788546 0.497797 0.788546
0 0.436123 0.757709 0.414097 0.779736 0.409692 0.779736 0.400881 0.788546 0.400881 0.792952 0.387665 0.806167 0.383260 0.806167 0.378855 0.810573 0.374449 0.810573 0.370044 0.814978 0.370044 0.823789 0.378855 0.832599 0.383260 0.828194 0.387665 0.828194 0.392070 0.823789 0.396476 0.823789 0.409692 0.810573 0.409692 0.806167 0.422908 0.792952 0.427313 0.792952 0.431718 0.788546 0.436123 0.788546 0.444934 0.779736 0.444934 0.766520
0 0.162996 0.757709 0.158590 0.762115 0.158590 0.766520 0.167401 0.775330 0.167401 0.784141 0.149780 0.801762 0.158590 0.810573 0.171806 0.810573 0.176211 0.806167 0.176211 0.797357 0.167401 0.788546 0.167401 0.779736 0.176211 0.770925 0.176211 0.762115 0.171806 0.757709
0 0.590308 0.748899 0.585903 0.753304 0.590308 0.757709 0.590308 0.766520 0.594714 0.770925 0.603524 0.770925 0.607930 0.775330 0.612335 0.770925 0.612335 0.753304 0.603524 0.744493 0.599119 0.748899
0 0.955947 0.735683 0.951542 0.731278 0.942731 0.731278 0.938326 0.735683 0.933921 0.735683 0.929515 0.740088 0.920705 0.740088 0.916300 0.744493 0.916300 0.748899 0.911894 0.753304 0.916300 0.757709 0.933921 0.757709 0.938326 0.753304 0.942731 0.753304 0.955947 0.740088
0 0.000000 0.735683 0.000000 0.757709 0.022026 0.757709 0.026432 0.753304 0.030837 0.753304 0.035242 0.748899 0.044053 0.748899 0.048458 0.753304 0.052863 0.753304 0.057269 0.757709 0.057269 0.762115 0.061674 0.766520 0.061674 0.788546 0.088106 0.814978 0.092511 0.810573 0.088106 0.806167 0.088106 0.788546 0.083700 0.784141 0.083700 0.775330 0.074890 0.766520 0.070485 0.766520 0.061674 0.757709 0.061674 0.748899 0.057269 0.744493 0.057269 0.731278 0.061674 0.726872 0.057269 0.722467 0.052863 0.722467 0.048458 0.718062 0.048458 0.713656 0.044053 0.709251 0.039648 0.713656 0.044053 0.718062 0.044053 0.740088 0.039648 0.744493 0.035242 0.744493 0.030837 0.748899 0.026432 0.744493 0.022026 0.744493 0.017621 0.740088 0.004405 0.740088
0 0.881057 0.691630 0.876652 0.691630 0.867841 0.700441 0.867841 0.709251 0.863436 0.713656 0.863436 0.722467 0.872247 0.731278 0.881057 0.722467 0.885463 0.722467 0.889868 0.718062 0.889868 0.713656 0.894273 0.709251 0.894273 0.700441 0.889868 0.696035 0.885463 0.696035
0 0.171806 0.669604 0.167401 0.665198 0.162996 0.669604 0.158590 0.665198 0.154185 0.665198 0.145374 0.674009 0.140969 0.674009 0.136564 0.678414 0.132159 0.678414 0.127753 0.674009 0.110132 0.674009 0.105727 0.669604 0.096916 0.678414 0.101322 0.682819 0.105727 0.682819 0.110132 0.687225 0.118943 0.687225 0.123348 0.691630 0.127753 0.687225 0.149780 0.687225 0.158590 0.678414 0.162996 0.678414
0 0.515419 0.660793 0.524229 0.669604 0.524229 0.678414 0.519824 0.682819 0.515419 0.682819 0.511013 0.687225 0.511013 0.700441 0.515419 0.704846 0.519824 0.704846 0.524229 0.709251 0.533040 0.709251 0.537445 0.713656 0.546256 0.713656 0.550661 0.709251 0.555066 0.709251 0.559471 0.704846 0.563877 0.704846 0.568282 0.700441 0.572687 0.704846 0.577093 0.700441 0.581498 0.700441 0.585903 0.696035 0.577093 0.687225 0.568282 0.687225 0.563877 0.691630 0.559471 0.691630 0.555066 0.696035 0.550661 0.696035 0.546256 0.691630 0.541850 0.691630 0.528634 0.678414 0.528634 0.669604 0.537445 0.660793 0.537445 0.656388 0.533040 0.651982 0.528634 0.656388 0.524229 0.651982
0 0.281938 0.643172 0.273128 0.643172 0.255507 0.660793 0.251101 0.660793 0.246696 0.665198 0.246696 0.678414 0.251101 0.682819 0.255507 0.682819 0.259912 0.687225 0.268722 0.678414 0.268722 0.674009 0.286344 0.656388 0.290749 0.656388 0.286344 0.651982 0.286344 0.647577
0 0.444934 0.638767 0.431718 0.638767 0.427313 0.643172 0.427313 0.647577 0.422908 0.651982 0.422908 0.669604 0.427313 0.674009 0.427313 0.678414 0.436123 0.687225 0.453745 0.669604 0.453745 0.660793 0.449339 0.656388 0.449339 0.643172
0 0.696035 0.629956 0.682819 0.643172 0.687225 0.647577 0.687225 0.651982 0.691630 0.656388 0.691630 0.660793 0.700441 0.669604 0.709251 0.669604 0.713656 0.665198 0.713656 0.660793 0.709251 0.656388 0.709251 0.651982 0.704846 0.647577 0.704846 0.643172 0.700441 0.638767 0.700441 0.634361
0 0.889868 0.621145 0.885463 0.621145 0.881057 0.625551 0.881057 0.629956 0.872247 0.638767 0.867841 0.638767 0.863436 0.643172 0.863436 0.647577 0.854626 0.656388 0.850220 0.656388 0.845815 0.660793 0.845815 0.665198 0.850220 0.669604 0.854626 0.669604 0.859031 0.665198 0.859031 0.660793 0.867841 0.651982 0.872247 0.651982 0.876652 0.647577 0.885463 0.647577 0.894273 0.638767 0.894273 0.625551
0 0.687225 0.590308 0.687225 0.599119 0.696035 0.607930 0.700441 0.607930 0.704846 0.603524 0.713656 0.603524 0.718062 0.599119 0.726872 0.599119 0.731278 0.603524 0.735683 0.603524 0.740088 0.607930 0.744493 0.607930 0.753304 0.616740 0.757709 0.616740 0.762115 0.621145 0.766520 0.621145 0.784141 0.603524 0.784141 0.599119 0.779736 0.594714 0.770925 0.594714 0.766520 0.599119 0.762115 0.599119 0.757709 0.603524 0.753304 0.599119 0.748899 0.599119 0.744493 0.594714 0.740088 0.594714 0.735683 0.599119 0.731278 0.594714 0.726872 0.594714 0.722467 0.590308 0.722467 0.585903 0.718062 0.581498 0.696035 0.581498
0 0.074890 0.581498 0.070485 0.581498 0.044053 0.607930 0.044053 0.612335 0.039648 0.616740 0.039648 0.621145 0.035242 0.625551 0.035242 0.629956 0.030837 0.634361 0.030837 0.638767 0.039648 0.647577 0.052863 0.647577 0.057269 0.643172 0.057269 0.625551 0.066079 0.616740 0.066079 0.612335 0.070485 0.607930 0.070485 0.603524 0.083700 0.590308
0 0.550661 0.585903 0.550661 0.594714 0.555066 0.599119 0.572687 0.599119 0.577093 0.603524 0.585903 0.603524 0.590308 0.599119 0.590308 0.594714 0.581498 0.585903 0.572687 0.585903 0.568282 0.581498 0.563877 0.581498 0.559471 0.577093
0 0.651982 0.581498 0.647577 0.577093 0.643172 0.577093 0.638767 0.572687 0.634361 0.572687 0.629956 0.577093 0.629956 0.581498 0.621145 0.590308 0.621145 0.594714 0.625551 0.599119 0.634361 0.599119 0.638767 0.594714 0.647577 0.594714 0.651982 0.590308
0 0.823789 0.577093 0.823789 0.581498 0.837004 0.594714 0.845815 0.594714 0.850220 0.590308 0.854626 0.590308 0.859031 0.585903 0.859031 0.577093 0.854626 0.572687 0.837004 0.572687 0.832599 0.568282
0 0.180617 0.555066 0.176211 0.559471 0.171806 0.559471 0.162996 0.568282 0.167401 0.572687 0.171806 0.572687 0.193833 0.594714 0.193833 0.607930 0.189427 0.612335 0.189427 0.621145 0.193833 0.625551 0.193833 0.634361 0.189427 0.638767 0.189427 0.651982 0.193833 0.656388 0.198238 0.656388 0.207048 0.665198 0.220264 0.665198 0.224670 0.660793 0.229075 0.660793 0.229075 0.651982 0.224670 0.647577 0.220264 0.647577 0.202643 0.629956 0.202643 0.607930 0.198238 0.603524 0.198238 0.594714 0.207048 0.585903 0.202643 0.581498 0.202643 0.572687 0.193833 0.563877 0.189427 0.563877
0 0.048458 0.555066 0.044053 0.550661 0.035242 0.559471 0.030837 0.559471 0.026432 0.563877 0.022026 0.559471 0.000000 0.559471 0.000000 0.581498 0.013216 0.581498 0.017621 0.585903 0.022026 0.581498 0.022026 0.577093 0.026432 0.572687 0.026432 0.563877 0.030837 0.559471 0.035242 0.559471 0.039648 0.555066 0.044053 0.559471
0 0.991189 0.533040 0.986784 0.533040 0.982379 0.528634 0.977974 0.528634 0.964758 0.541850 0.964758 0.550661 0.960352 0.555066 0.955947 0.555066 0.951542 0.559471 0.955947 0.563877 0.955947 0.572687 0.960352 0.577093 0.964758 0.572687 0.964758 0.568282 0.969163 0.563877 0.969163 0.555066 0.973568 0.550661 0.977974 0.550661 0.982379 0.546256 0.982379 0.537445 0.986784 0.533040
0 0.449339 0.515419 0.440529 0.506608 0.431718 0.515419 0.431718 0.519824 0.427313 0.524229 0.427313 0.528634 0.422908 0.533040 0.422908 0.537445 0.414097 0.546256 0.409692 0.546256 0.400881 0.555066 0.396476 0.555066 0.392070 0.559471 0.383260 0.559471 0.378855 0.563877 0.374449 0.563877 0.365639 0.572687 0.361233 0.572687 0.356828 0.577093 0.352423 0.577093 0.348018 0.581498 0.343612 0.577093 0.339207 0.577093 0.334802 0.572687 0.330396 0.577093 0.330396 0.581498 0.334802 0.585903 0.339207 0.585903 0.343612 0.581498 0.348018 0.581498 0.352423 0.577093 0.356828 0.577093 0.361233 0.581498 0.370044 0.581498 0.374449 0.585903 0.383260 0.585903 0.387665 0.581498 0.392070 0.581498 0.396476 0.577093 0.400881 0.577093 0.405286 0.572687 0.405286 0.568282 0.409692 0.563877 0.414097 0.563877 0.436123 0.541850 0.440529 0.541850 0.444934 0.537445 0.444934 0.519824
0 0.603524 0.506608 0.603524 0.511013 0.607930 0.515419 0.612335 0.515419 0.616740 0.519824 0.621145 0.519824 0.634361 0.533040 0.647577 0.533040 0.651982 0.537445 0.656388 0.533040 0.643172 0.519824 0.638767 0.519824 0.634361 0.515419 0.629956 0.515419 0.621145 0.506608 0.621145 0.502203 0.616740 0.497797 0.612335 0.502203 0.607930 0.502203
0 0.616740 0.449339 0.612335 0.453745 0.612335 0.462555 0.616740 0.466960 0.616740 0.480176 0.621145 0.484582 0.625551 0.484582 0.629956 0.480176 0.629956 0.462555 0.634361 0.458150 0.634361 0.453745 0.629956 0.449339 0.625551 0.453745 0.621145 0.449339
0 0.828194 0.422908 0.810573 0.440529 0.814978 0.444934 0.819383 0.444934 0.823789 0.449339 0.828194 0.449339 0.832599 0.453745 0.832599 0.458150 0.841410 0.466960 0.850220 0.466960 0.859031 0.458150 0.850220 0.449339 0.845815 0.453745 0.841410 0.449339 0.837004 0.449339 0.832599 0.444934 0.832599 0.431718 0.837004 0.427313 0.832599 0.422908
0 0.281938 0.422908 0.277533 0.422908 0.273128 0.427313 0.273128 0.431718 0.268722 0.436123 0.268722 0.440529 0.264317 0.444934 0.259912 0.444934 0.255507 0.449339 0.255507 0.458150 0.251101 0.462555 0.246696 0.462555 0.237885 0.471366 0.237885 0.475771 0.246696 0.484582 0.251101 0.484582 0.255507 0.488987 0.259912 0.488987 0.264317 0.484582 0.259912 0.480176 0.259912 0.453745 0.264317 0.449339 0.268722 0.449339 0.273128 0.444934 0.286344 0.444934 0.290749 0.440529 0.290749 0.431718
0 0.114537 0.418502 0.101322 0.418502 0.092511 0.427313 0.092511 0.440529 0.101322 0.449339 0.105727 0.444934 0.110132 0.444934 0.118943 0.436123 0.118943 0.422908
0 0.167401 0.400881 0.162996 0.405286 0.162996 0.409692 0.167401 0.414097 0.171806 0.414097 0.176211 0.418502 0.180617 0.418502 0.193833 0.431718 0.198238 0.427313 0.198238 0.422908 0.193833 0.418502 0.189427 0.418502 0.185022 0.414097 0.185022 0.400881 0.180617 0.396476 0.176211 0.396476 0.171806 0.400881
0 0.352423 0.387665 0.348018 0.392070 0.348018 0.396476 0.339207 0.405286 0.339207 0.409692 0.330396 0.418502 0.330396 0.427313 0.325991 0.431718 0.325991 0.436123 0.334802 0.444934 0.334802 0.466960 0.343612 0.475771 0.348018 0.475771 0.356828 0.484582 0.356828 0.493392 0.352423 0.497797 0.356828 0.502203 0.356828 0.506608 0.361233 0.511013 0.370044 0.511013 0.374449 0.506608 0.374449 0.488987 0.365639 0.480176 0.361233 0.480176 0.352423 0.471366 0.352423 0.453745 0.348018 0.449339 0.343612 0.449339 0.339207 0.444934 0.339207 0.431718 0.343612 0.427313 0.348018 0.427313 0.352423 0.422908 0.356828 0.422908 0.365639 0.414097 0.365639 0.396476 0.370044 0.392070 0.365639 0.387665
0 0.621145 0.405286 0.625551 0.409692 0.629956 0.409692 0.634361 0.405286 0.638767 0.405286 0.643172 0.400881 0.651982 0.400881 0.656388 0.396476 0.660793 0.396476 0.665198 0.392070 0.665198 0.387665 0.669604 0.383260 0.674009 0.383260 0.678414 0.378855 0.682819 0.383260 0.691630 0.383260 0.696035 0.387665 0.700441 0.383260 0.704846 0.383260 0.709251 0.387665 0.713656 0.387665 0.722467 0.396476 0.735683 0.396476 0.740088 0.400881 0.748899 0.400881 0.753304 0.396476 0.757709 0.396476 0.762115 0.400881 0.766520 0.396476 0.770925 0.396476 0.775330 0.392070 0.779736 0.392070 0.784141 0.387665 0.792952 0.387665 0.801762 0.378855 0.801762 0.374449 0.797357 0.370044 0.788546 0.370044 0.784141 0.365639 0.779736 0.365639 0.775330 0.370044 0.770925 0.370044 0.762115 0.378855 0.757709 0.378855 0.753304 0.383260 0.726872 0.383260 0.722467 0.378855 0.718062 0.378855 0.709251 0.370044 0.704846 0.370044 0.700441 0.365639 0.682819 0.365639 0.678414 0.370044 0.674009 0.370044 0.669604 0.374449 0.656388 0.374449 0.651982 0.378855 0.647577 0.378855 0.643172 0.383260 0.643172 0.392070 0.638767 0.396476 0.634361 0.396476 0.629956 0.400881 0.625551 0.396476 0.621145 0.400881
0 0.528634 0.348018 0.533040 0.352423 0.563877 0.352423 0.568282 0.348018 0.572687 0.348018 0.577093 0.352423 0.581498 0.352423 0.590308 0.361233 0.594714 0.361233 0.599119 0.356828 0.603524 0.356828 0.607930 0.352423 0.612335 0.352423 0.621145 0.343612 0.616740 0.339207 0.612335 0.339207 0.607930 0.334802 0.603524 0.339207 0.585903 0.339207 0.581498 0.343612 0.577093 0.343612 0.572687 0.348018 0.568282 0.343612 0.563877 0.343612 0.555066 0.334802 0.550661 0.334802 0.546256 0.330396 0.537445 0.330396 0.533040 0.334802 0.533040 0.339207 0.528634 0.343612
0 0.493392 0.325991 0.488987 0.321586 0.484582 0.325991 0.480176 0.325991 0.475771 0.330396 0.471366 0.330396 0.458150 0.343612 0.453745 0.343612 0.449339 0.348018 0.444934 0.348018 0.440529 0.352423 0.431718 0.352423 0.427313 0.356828 0.418502 0.356828 0.414097 0.361233 0.409692 0.361233 0.400881 0.370044 0.405286 0.374449 0.414097 0.374449 0.422908 0.365639 0.427313 0.365639 0.431718 0.361233 0.444934 0.361233 0.449339 0.356828 0.453745 0.356828 0.458150 0.352423 0.466960 0.352423 0.471366 0.348018 0.484582 0.348018 0.488987 0.343612 0.488987 0.339207 0.493392 0.334802
0 0.400881 0.286344 0.396476 0.286344 0.383260 0.299559 0.383260 0.317181 0.378855 0.321586 0.378855 0.325991 0.374449 0.330396 0.374449 0.334802 0.378855 0.339207 0.396476 0.321586 0.396476 0.317181 0.405286 0.308370 0.405286 0.290749
0 0.533040 0.255507 0.537445 0.259912 0.537445 0.264317 0.541850 0.268722 0.546256 0.268722 0.550661 0.273128 0.555066 0.273128 0.559471 0.277533 0.563877 0.277533 0.568282 0.273128 0.568282 0.268722 0.563877 0.264317 0.563877 0.259912 0.559471 0.255507 0.555066 0.255507 0.546256 0.246696 0.541850 0.251101 0.537445 0.251101
0 0.955947 0.237885 0.951542 0.242291 0.951542 0.251101 0.933921 0.268722 0.933921 0.277533 0.938326 0.281938 0.947137 0.281938 0.960352 0.268722 0.960352 0.264317 0.955947 0.259912 0.955947 0.246696 0.960352 0.242291
0 0.898678 0.211454 0.889868 0.202643 0.885463 0.202643 0.863436 0.224670 0.863436 0.229075 0.867841 0.233480 0.881057 0.233480 0.898678 0.215859
0 0.550661 0.207048 0.546256 0.202643 0.533040 0.207048 0.484582 0.207048 0.480176 0.211454 0.440529 0.207048 0.400881 0.220264 0.365639 0.215859 0.339207 0.229075 0.330396 0.224670 0.308370 0.237885 0.224670 0.242291 0.220264 0.246696 0.207048 0.242291 0.207048 0.246696 0.193833 0.255507 0.154185 0.264317 0.110132 0.303965 0.088106 0.290749 0.092511 0.268722 0.074890 0.246696 0.066079 0.242291 0.061674 0.251101 0.048458 0.259912 0.026432 0.242291 0.000000 0.242291 0.000000 0.281938 0.039648 0.303965 0.079295 0.339207 0.114537 0.348018 0.140969 0.370044 0.149780 0.361233 0.145374 0.352423 0.092511 0.330396 0.092511 0.321586 0.114537 0.303965 0.140969 0.312775 0.149780 0.325991 0.162996 0.308370 0.180617 0.295154 0.215859 0.286344 0.233480 0.273128 0.264317 0.281938 0.317181 0.277533 0.339207 0.264317 0.365639 0.259912 0.383260 0.246696 0.422908 0.251101 0.427313 0.242291 0.440529 0.233480 0.493392 0.246696 0.502203 0.237885 0.519824 0.233480 0.528634 0.215859
0 0.189427 0.189427 0.185022 0.193833 0.189427 0.198238 0.189427 0.224670 0.198238 0.233480 0.202643 0.233480 0.202643 0.229075 0.211454 0.220264 0.211454 0.207048 0.207048 0.202643 0.207048 0.193833 0.202643 0.189427
0 0.568282 0.171806 0.577093 0.180617 0.581498 0.176211 0.590308 0.180617 0.603524 0.198238 0.625551 0.202643 0.638767 0.211454 0.638767 0.220264 0.625551 0.229075 0.616740 0.242291 0.625551 0.251101 0.643172 0.246696 0.647577 0.237885 0.660793 0.229075 0.674009 0.233480 0.678414 0.237885 0.678414 0.251101 0.687225 0.259912 0.709251 0.264317 0.713656 0.268722 0.713656 0.277533 0.722467 0.286344 0.731278 0.286344 0.735683 0.281938 0.753304 0.286344 0.757709 0.290749 0.757709 0.312775 0.766520 0.321586 0.770925 0.317181 0.788546 0.317181 0.810573 0.330396 0.837004 0.334802 0.845815 0.339207 0.872247 0.370044 0.881057 0.370044 0.894273 0.378855 0.911894 0.383260 0.920705 0.392070 0.920705 0.405286 0.911894 0.414097 0.933921 0.431718 0.942731 0.431718 0.977974 0.458150 0.977974 0.471366 0.982379 0.475771 0.995595 0.466960 0.995595 0.414097 0.986784 0.409692 0.938326 0.356828 0.920705 0.356828 0.903084 0.343612 0.867841 0.325991 0.854626 0.312775 0.841410 0.308370 0.828194 0.295154 0.788546 0.295154 0.766520 0.286344 0.757709 0.277533 0.748899 0.251101 0.731278 0.233480 0.696035 0.229075 0.656388 0.202643 0.647577 0.202643 0.634361 0.193833 0.603524 0.189427 0.594714 0.185022 0.581498 0.167401 0.572687 0.167401
0 0.449339 0.149780 0.444934 0.145374 0.436123 0.145374 0.431718 0.149780 0.427313 0.149780 0.422908 0.154185 0.414097 0.154185 0.405286 0.162996 0.405286 0.167401 0.414097 0.176211 0.418502 0.176211 0.431718 0.162996 0.436123 0.162996 0.440529 0.158590 0.444934 0.158590 0.449339 0.154185
0 0.132159 0.145374 0.123348 0.136564 0.118943 0.136564 0.110132 0.145374 0.105727 0.145374 0.101322 0.149780 0.092511 0.149780 0.079295 0.162996 0.074890 0.162996 0.070485 0.167401 0.066079 0.162996 0.052863 0.176211 0.052863 0.180617 0.035242 0.198238 0.044053 0.207048 0.048458 0.207048 0.066079 0.189427 0.066079 0.185022 0.070485 0.180617 0.070485 0.176211 0.074890 0.171806 0.079295 0.171806 0.083700 0.167401 0.088106 0.167401 0.092511 0.162996 0.101322 0.162996 0.105727 0.158590 0.110132 0.162996 0.114537 0.162996 0.118943 0.158590 0.123348 0.158590 0.132159 0.149780
0 0.660793 0.140969 0.674009 0.154185 0.687225 0.154185 0.691630 0.149780 0.696035 0.149780 0.700441 0.145374 0.700441 0.136564 0.696035 0.132159 0.669604 0.132159
0 0.814978 0.123348 0.810573 0.127753 0.810573 0.136564 0.823789 0.149780 0.823789 0.162996 0.832599 0.171806 0.837004 0.171806 0.845815 0.162996 0.845815 0.158590 0.837004 0.149780 0.832599 0.149780 0.828194 0.145374 0.828194 0.127753 0.823789 0.123348
0 0.220264 0.101322 0.215859 0.101322 0.211454 0.105727 0.207048 0.105727 0.202643 0.110132 0.198238 0.110132 0.193833 0.114537 0.189427 0.110132 0.185022 0.110132 0.180617 0.114537 0.185022 0.118943 0.189427 0.118943 0.193833 0.114537 0.202643 0.114537 0.207048 0.118943 0.211454 0.118943 0.220264 0.127753 0.220264 0.136564 0.215859 0.140969 0.215859 0.145374 0.207048 0.154185 0.207048 0.158590 0.211454 0.162996 0.220264 0.154185 0.220264 0.149780 0.224670 0.145374 0.224670 0.140969 0.229075 0.136564 0.233480 0.136564 0.237885 0.132159 0.233480 0.127753 0.233480 0.118943 0.224670 0.110132 0.224670 0.105727
0 0.405286 0.096916 0.396476 0.096916 0.392070 0.101322 0.387665 0.101322 0.378855 0.110132 0.378855 0.114537 0.374449 0.118943 0.383260 0.127753 0.400881 0.110132 0.405286 0.110132 0.409692 0.105727 0.409692 0.101322
0 0.533040 0.088106 0.537445 0.092511 0.550661 0.092511 0.555066 0.088106 0.555066 0.083700 0.559471 0.079295 0.563877 0.079295 0.568282 0.074890 0.572687 0.074890 0.577093 0.079295 0.581498 0.079295 0.585903 0.083700 0.585903 0.088106 0.590308 0.092511 0.594714 0.088106 0.599119 0.092511 0.603524 0.092511 0.607930 0.096916 0.616740 0.096916 0.621145 0.092511 0.621145 0.088106 0.616740 0.083700 0.612335 0.083700 0.607930 0.088106 0.603524 0.083700 0.599119 0.083700 0.590308 0.074890 0.590308 0.070485 0.585903 0.066079 0.577093 0.066079 0.568282 0.074890 0.563877 0.074890 0.559471 0.079295 0.555066 0.074890 0.550661 0.079295 0.546256 0.074890 0.541850 0.074890 0.537445 0.079295 0.537445 0.083700
0 0.453745 0.057269 0.444934 0.066079 0.449339 0.070485 0.449339 0.079295 0.444934 0.083700 0.444934 0.092511 0.453745 0.101322 0.453745 0.110132 0.458150 0.114537 0.458150 0.118943 0.462555 0.123348 0.466960 0.123348 0.471366 0.127753 0.475771 0.127753 0.480176 0.123348 0.471366 0.114537 0.466960 0.114537 0.453745 0.101322 0.453745 0.079295 0.466960 0.066079 0.466960 0.061674 0.462555 0.057269
0 0.784141 0.070485 0.784141 0.066079 0.779736 0.061674 0.779736 0.052863 0.770925 0.044053 0.766520 0.044053 0.757709 0.052863 0.753304 0.052863 0.748899 0.057269 0.740088 0.057269 0.735683 0.052863 0.731278 0.057269 0.735683 0.061674 0.740088 0.057269 0.748899 0.057269 0.753304 0.061674 0.757709 0.061674 0.770925 0.074890 0.779736 0.074890
0 0.656388 0.048458 0.656388 0.057269 0.665198 0.066079 0.669604 0.066079 0.678414 0.074890 0.687225 0.074890 0.696035 0.066079 0.696035 0.061674 0.704846 0.052863 0.700441 0.048458 0.696035 0.052863 0.674009 0.052863 0.669604 0.048458 0.665198 0.048458 0.660793 0.044053
0 0.837004 0.017621 0.832599 0.022026 0.845815 0.035242 0.845815 0.039648 0.854626 0.048458 0.859031 0.044053 0.859031 0.039648 0.863436 0.035242 0.863436 0.026432 0.859031 0.022026 0.854626 0.022026 0.850220 0.017621
0 0.105727 0.017621 0.101322 0.022026 0.101322 0.035242 0.110132 0.044053 0.110132 0.066079 0.105727 0.070485 0.105727 0.074890 0.101322 0.079295 0.101322 0.083700 0.105727 0.088106 0.114537 0.088106 0.118943 0.092511 0.123348 0.092511 0.127753 0.088106 0.118943 0.079295 0.118943 0.070485 0.114537 0.066079 0.114537 0.057269 0.118943 0.052863 0.118943 0.035242 0.123348 0.030837 0.110132 0.017621
0 0.537445 0.000000 0.515419 0.000000 0.515419 0.008811 0.511013 0.013216 0.511013 0.017621 0.497797 0.030837 0.493392 0.030837 0.488987 0.035242 0.493392 0.039648 0.515419 0.039648 0.519824 0.035242 0.519824 0.030837 0.524229 0.026432 0.524229 0.017621 0.533040 0.008811 0.533040 0.004405
