0 0.947137 0.960352 0.942731 0.964758 0.942731 0.995595 0.960352 0.995595 0.960352 0.969163 0.951542 0.960352
0 0.440529 0.960352 0.436123 0.964758 0.436123 0.969163 0.444934 0.977974 0.444934 0.982379 0.449339 0.986784 0.449339 0.995595 0.458150 0.995595 0.458150 0.991189 0.462555 0.986784 0.462555 0.977974 0.444934 0.960352
0 0.757709 0.951542 0.770925 0.964758 0.770925 0.973568 0.775330 0.977974 0.792952 0.977974 0.797357 0.973568 0.797357 0.964758 0.792952 0.960352 0.788546 0.960352 0.784141 0.955947 0.779736 0.955947 0.775330 0.951542 0.770925 0.951542 0.766520 0.947137 0.762115 0.947137
0 0.687225 0.876652 0.682819 0.872247 0.665198 0.872247 0.656388 0.881057 0.656388 0.885463 0.643172 0.898678 0.638767 0.898678 0.634361 0.903084 0.634361 0.907489 0.638767 0.911894 0.651982 0.911894 0.674009 0.889868 0.678414 0.889868 0.682819 0.885463 0.682819 0.881057
0 0.907489 0.859031 0.911894 0.863436 0.916300 0.863436 0.920705 0.867841 0.929515 0.867841 0.933921 0.872247 0.938326 0.867841 0.942731 0.867841 0.947137 0.872247 0.951542 0.872247 0.955947 0.876652 0.955947 0.881057 0.960352 0.885463 0.964758 0.885463 0.969163 0.881057 0.973568 0.885463 0.977974 0.885463 0.982379 0.889868 0.982379 0.903084 0.969163 0.916300 0.969163 0.920705 0.977974 0.929515 0.986784 0.920705 0.991189 0.920705 0.995595 0.916300 0.995595 0.894273 0.991189 0.894273 0.986784 0.889868 0.982379 0.889868 0.977974 0.885463 0.977974 0.881057 0.969163 0.872247 0.960352 0.872247 0.955947 0.876652 0.951542 0.872247 0.947137 0.872247 0.942731 0.867841 0.942731 0.859031 0.933921 0.850220 0.916300 0.850220
0 0.814978 0.845815 0.810573 0.841410 0.806167 0.841410 0.801762 0.845815 0.792952 0.845815 0.788546 0.850220 0.753304 0.850220 0.735683 0.867841 0.735683 0.872247 0.731278 0.876652 0.731278 0.881057 0.740088 0.889868 0.740088 0.898678 0.744493 0.903084 0.748899 0.903084 0.753304 0.898678 0.753304 0.872247 0.757709 0.867841 0.762115 0.867841 0.766520 0.863436 0.784141 0.863436 0.788546 0.859031 0.806167 0.859031 0.810573 0.854626 0.810573 0.850220
0 0.625551 0.854626 0.625551 0.841410 0.616740 0.832599 0.612335 0.832599 0.607930 0.837004 0.590308 0.837004 0.585903 0.841410 0.590308 0.845815 0.594714 0.845815 0.599119 0.850220 0.603524 0.850220 0.612335 0.859031 0.621145 0.859031
0 0.356828 0.837004 0.356828 0.841410 0.361233 0.845815 0.383260 0.845815 0.387665 0.841410 0.392070 0.845815 0.396476 0.841410 0.396476 0.837004 0.387665 0.828194 0.383260 0.828194 0.378855 0.823789 0.374449 0.823789 0.370044 0.828194 0.365639 0.828194
0 0.449339 0.806167 0.440529 0.814978 0.449339 0.823789 0.449339 0.837004 0.444934 0.841410 0.444934 0.850220 0.453745 0.859031 0.458150 0.854626 0.466960 0.854626 0.471366 0.850220 0.458150 0.837004 0.458150 0.814978
0 0.330396 0.806167 0.325991 0.810573 0.312775 0.810573 0.303965 0.819383 0.303965 0.832599 0.312775 0.841410 0.312775 0.854626 0.317181 0.859031 0.321586 0.859031 0.325991 0.854626 0.317181 0.845815 0.317181 0.832599 0.330396 0.819383 0.330396 0.814978 0.334802 0.810573
0 0.942731 0.819383 0.960352 0.837004 0.969163 0.837004 0.973568 0.841410 0.995595 0.841410 0.995595 0.814978 0.991189 0.814978 0.986784 0.810573 0.982379 0.810573 0.969163 0.797357 0.960352 0.797357 0.955947 0.801762 0.955947 0.806167
0 0.577093 0.762115 0.568282 0.762115 0.546256 0.784141 0.555066 0.792952 0.559471 0.792952 0.563877 0.797357 0.581498 0.779736 0.581498 0.766520
0 0.453745 0.735683 0.449339 0.735683 0.440529 0.744493 0.440529 0.766520 0.436123 0.770925 0.436123 0.775330 0.440529 0.779736 0.453745 0.779736 0.458150 0.775330 0.458150 0.766520 0.453745 0.762115 0.453745 0.748899 0.458150 0.744493 0.458150 0.740088
0 0.185022 0.713656 0.180617 0.718062 0.185022 0.722467 0.189427 0.722467 0.198238 0.731278 0.198238 0.748899 0.202643 0.753304 0.202643 0.762115 0.198238 0.766520 0.193833 0.766520 0.185022 0.775330 0.189427 0.779736 0.202643 0.779736 0.207048 0.775330 0.207048 0.757709 0.211454 0.753304 0.211454 0.748899 0.215859 0.744493 0.215859 0.735683 0.207048 0.726872 0.207048 0.718062 0.202643 0.713656 0.198238 0.718062 0.193833 0.713656
0 0.392070 0.704846 0.387665 0.704846 0.383260 0.709251 0.387665 0.713656 0.387665 0.722467 0.383260 0.726872 0.383260 0.735683 0.378855 0.740088 0.378855 0.744493 0.383260 0.748899 0.392070 0.748899 0.396476 0.744493 0.396476 0.709251
0 0.352423 0.682819 0.334802 0.700441 0.330396 0.700441 0.321586 0.709251 0.321586 0.713656 0.325991 0.718062 0.325991 0.726872 0.330396 0.731278 0.339207 0.731278 0.343612 0.726872 0.343612 0.718062 0.356828 0.704846 0.361233 0.704846 0.365639 0.700441 0.361233 0.696035 0.361233 0.691630
0 0.788546 0.656388 0.766520 0.678414 0.770925 0.682819 0.779736 0.682819 0.784141 0.687225 0.797357 0.687225 0.806167 0.678414 0.806167 0.669604 0.801762 0.665198 0.801762 0.660793 0.797357 0.656388
0 0.132159 0.629956 0.132159 0.647577 0.136564 0.651982 0.167401 0.651982 0.171806 0.647577 0.171806 0.643172 0.167401 0.638767 0.154185 0.638767 0.149780 0.634361 0.145374 0.634361 0.136564 0.625551
0 0.039648 0.603524 0.048458 0.612335 0.052863 0.612335 0.057269 0.616740 0.070485 0.616740 0.074890 0.621145 0.079295 0.621145 0.088106 0.629956 0.092511 0.625551 0.096916 0.625551 0.105727 0.616740 0.101322 0.612335 0.096916 0.612335 0.088106 0.603524 0.079295 0.603524 0.074890 0.599119 0.057269 0.599119 0.052863 0.594714 0.048458 0.594714
0 0.286344 0.537445 0.281938 0.541850 0.277533 0.541850 0.273128 0.546256 0.273128 0.550661 0.268722 0.555066 0.268722 0.563877 0.277533 0.572687 0.290749 0.572687 0.299559 0.563877 0.299559 0.555066 0.295154 0.550661 0.295154 0.546256
0 0.154185 0.533040 0.149780 0.537445 0.140969 0.537445 0.132159 0.546256 0.132159 0.550661 0.127753 0.555066 0.145374 0.572687 0.149780 0.572687 0.154185 0.568282 0.154185 0.546256 0.158590 0.541850 0.158590 0.537445
0 0.066079 0.502203 0.061674 0.506608 0.057269 0.502203 0.052863 0.506608 0.052863 0.511013 0.048458 0.515419 0.048458 0.519824 0.044053 0.524229 0.044053 0.528634 0.052863 0.537445 0.057269 0.537445 0.066079 0.528634 0.066079 0.524229 0.070485 0.519824 0.070485 0.506608
0 0.321586 0.497797 0.321586 0.506608 0.330396 0.515419 0.352423 0.515419 0.356828 0.511013 0.356828 0.506608 0.348018 0.497797 0.339207 0.497797 0.334802 0.493392 0.330396 0.497797 0.325991 0.493392
0 0.092511 0.427313 0.088106 0.422908 0.083700 0.427313 0.079295 0.427313 0.074890 0.422908 0.070485 0.422908 0.066079 0.418502 0.061674 0.422908 0.039648 0.422908 0.035242 0.427313 0.035242 0.431718 0.039648 0.436123 0.048458 0.436123 0.052863 0.440529 0.061674 0.431718 0.066079 0.431718 0.070485 0.427313 0.083700 0.427313 0.088106 0.431718
0 0.299559 0.414097 0.290749 0.422908 0.290749 0.436123 0.295154 0.440529 0.299559 0.436123 0.303965 0.436123 0.308370 0.440529 0.312775 0.436123 0.312775 0.431718 0.317181 0.427313 0.317181 0.418502 0.312775 0.414097
0 0.444934 0.405286 0.440529 0.400881 0.440529 0.396476 0.436123 0.392070 0.422908 0.392070 0.409692 0.405286 0.409692 0.414097 0.405286 0.418502 0.400881 0.418502 0.396476 0.422908 0.387665 0.422908 0.383260 0.418502 0.374449 0.427313 0.378855 0.431718 0.383260 0.431718 0.387665 0.436123 0.396476 0.436123 0.405286 0.427313 0.409692 0.427313 0.414097 0.422908 0.427313 0.422908
0 0.162996 0.361233 0.158590 0.356828 0.154185 0.356828 0.149780 0.361233 0.127753 0.361233 0.123348 0.365639 0.123348 0.370044 0.127753 0.374449 0.158590 0.374449 0.162996 0.370044
0 0.233480 0.339207 0.224670 0.339207 0.220264 0.343612 0.220264 0.348018 0.224670 0.352423 0.224670 0.365639 0.220264 0.370044 0.220264 0.374449 0.202643 0.392070 0.207048 0.396476 0.220264 0.396476 0.224670 0.392070 0.233480 0.392070 0.237885 0.387665 0.237885 0.383260 0.242291 0.378855 0.242291 0.352423 0.237885 0.348018 0.237885 0.343612
0 0.722467 0.330396 0.718062 0.334802 0.722467 0.339207 0.722467 0.348018 0.731278 0.356828 0.744493 0.356828 0.753304 0.348018 0.753304 0.343612 0.735683 0.325991 0.731278 0.325991 0.726872 0.330396
0 0.088106 0.334802 0.079295 0.325991 0.074890 0.330396 0.070485 0.325991 0.066079 0.330396 0.044053 0.330396 0.039648 0.334802 0.039648 0.343612 0.044053 0.348018 0.048458 0.348018 0.052863 0.352423 0.057269 0.352423 0.061674 0.348018 0.074890 0.348018 0.079295 0.352423 0.088106 0.343612
0 0.378855 0.378855 0.378855 0.374449 0.374449 0.370044 0.352423 0.370044 0.348018 0.374449 0.339207 0.374449 0.334802 0.370044 0.330396 0.370044 0.325991 0.365639 0.325991 0.339207 0.334802 0.330396 0.339207 0.330396 0.343612 0.325991 0.339207 0.321586 0.334802 0.325991 0.334802 0.330396 0.325991 0.339207 0.321586 0.339207 0.317181 0.343612 0.308370 0.343612 0.295154 0.356828 0.295154 0.361233 0.290749 0.365639 0.286344 0.365639 0.281938 0.370044 0.286344 0.374449 0.290749 0.370044 0.303965 0.370044 0.308370 0.365639 0.312775 0.365639 0.317181 0.361233 0.321586 0.365639 0.325991 0.365639 0.330396 0.370044 0.330396 0.383260 0.334802 0.387665 0.339207 0.387665 0.343612 0.383260 0.348018 0.387665 0.352423 0.387665 0.356828 0.383260 0.361233 0.387665 0.365639 0.383260 0.374449 0.383260
0 0.995595 0.312775 0.991189 0.312775 0.973568 0.330396 0.973568 0.348018 0.969163 0.352423 0.964758 0.352423 0.960352 0.356828 0.951542 0.356828 0.947137 0.361233 0.951542 0.365639 0.969163 0.365639 0.973568 0.361233 0.973568 0.356828 0.977974 0.352423 0.982379 0.352423 0.986784 0.348018 0.991189 0.352423 0.995595 0.352423
0 0.977974 0.264317 0.973568 0.264317 0.969163 0.268722 0.964758 0.268722 0.960352 0.273128 0.960352 0.277533 0.951542 0.286344 0.951542 0.290749 0.938326 0.303965 0.942731 0.308370 0.951542 0.308370 0.955947 0.303965 0.960352 0.303965 0.969163 0.295154 0.973568 0.295154 0.982379 0.286344 0.982379 0.268722
0 0.907489 0.229075 0.898678 0.237885 0.898678 0.242291 0.907489 0.251101 0.907489 0.264317 0.889868 0.281938 0.889868 0.286344 0.885463 0.290749 0.894273 0.299559 0.898678 0.295154 0.903084 0.295154 0.916300 0.281938 0.916300 0.237885
0 0.863436 0.158590 0.859031 0.162996 0.854626 0.162996 0.850220 0.167401 0.850220 0.171806 0.854626 0.176211 0.854626 0.189427 0.850220 0.193833 0.850220 0.202643 0.854626 0.207048 0.859031 0.207048 0.863436 0.211454 0.872247 0.202643 0.872247 0.193833 0.867841 0.189427 0.867841 0.162996
0 0.837004 0.114537 0.832599 0.118943 0.823789 0.118943 0.810573 0.132159 0.810573 0.140969 0.814978 0.145374 0.819383 0.140969 0.828194 0.140969 0.832599 0.136564 0.841410 0.136564 0.845815 0.132159 0.841410 0.127753 0.841410 0.118943
0 0.894273 0.105727 0.889868 0.110132 0.889868 0.118943 0.903084 0.132159 0.916300 0.132159 0.920705 0.127753 0.920705 0.118943 0.911894 0.110132 0.898678 0.110132
0 0.748899 0.105727 0.740088 0.114537 0.740088 0.127753 0.735683 0.132159 0.731278 0.132159 0.726872 0.136564 0.726872 0.145374 0.722467 0.149780 0.722467 0.154185 0.718062 0.158590 0.718062 0.162996 0.713656 0.167401 0.718062 0.171806 0.722467 0.171806 0.726872 0.167401 0.731278 0.171806 0.735683 0.167401 0.735683 0.162996 0.740088 0.158590 0.740088 0.154185 0.748899 0.145374 0.748899 0.132159 0.753304 0.127753 0.753304 0.118943 0.757709 0.114537
0 0.519824 0.101322 0.519824 0.110132 0.524229 0.114537 0.541850 0.114537 0.546256 0.110132 0.550661 0.110132 0.555066 0.105727 0.559471 0.110132 0.568282 0.110132 0.572687 0.105727 0.577093 0.110132 0.581498 0.110132 0.599119 0.127753 0.607930 0.127753 0.612335 0.123348 0.612335 0.118943 0.594714 0.101322 0.581498 0.101322 0.577093 0.105727 0.572687 0.105727 0.568282 0.101322 0.559471 0.101322 0.555066 0.105727 0.550661 0.105727 0.546256 0.101322 0.541850 0.101322 0.537445 0.096916 0.524229 0.096916
0 0.387665 0.092511 0.387665 0.105727 0.392070 0.110132 0.405286 0.110132 0.409692 0.105727 0.414097 0.110132 0.418502 0.110132 0.427313 0.118943 0.427313 0.123348 0.431718 0.127753 0.436123 0.127753 0.453745 0.145374 0.458150 0.145374 0.466960 0.136564 0.466960 0.132159 0.471366 0.127753 0.475771 0.127753 0.484582 0.118943 0.480176 0.114537 0.471366 0.114537 0.466960 0.118943 0.462555 0.118943 0.458150 0.123348 0.453745 0.123348 0.449339 0.118943 0.444934 0.118943 0.436123 0.110132 0.427313 0.110132 0.422908 0.105727 0.418502 0.105727 0.414097 0.101322 0.414097 0.092511 0.405286 0.083700 0.396476 0.083700
0 0.092511 0.074890 0.088106 0.079295 0.092511 0.083700 0.092511 0.101322 0.096916 0.105727 0.096916 0.110132 0.105727 0.118943 0.118943 0.105727 0.118943 0.096916 0.114537 0.092511 0.110132 0.092511 0.105727 0.088106 0.101322 0.088106 0.096916 0.083700 0.096916 0.079295
0 0.704846 0.066079 0.700441 0.066079 0.696035 0.070485 0.696035 0.079295 0.687225 0.088106 0.687225 0.101322 0.691630 0.105727 0.718062 0.079295
0 0.000000 0.066079 0.000000 0.079295 0.004405 0.083700 0.008811 0.083700 0.022026 0.096916 0.030837 0.088106 0.030837 0.079295 0.022026 0.070485 0.004405 0.070485
0 0.731278 0.030837 0.726872 0.035242 0.726872 0.039648 0.722467 0.044053 0.731278 0.052863 0.744493 0.052863 0.753304 0.044053 0.753304 0.039648 0.744493 0.030837
0 0.810573 0.026432 0.806167 0.030837 0.810573 0.035242 0.810573 0.044053 0.806167 0.048458 0.810573 0.052863 0.810573 0.061674 0.814978 0.066079 0.819383 0.066079 0.823789 0.070485 0.841410 0.070485 0.845815 0.066079 0.845815 0.061674 0.841410 0.057269 0.837004 0.057269 0.828194 0.048458 0.828194 0.044053 0.823789 0.039648 0.819383 0.039648 0.814978 0.035242 0.814978 0.030837
0 0.405286 0.030837 0.409692 0.035242 0.414097 0.035242 0.418502 0.030837 0.422908 0.035242 0.427313 0.035242 0.431718 0.039648 0.431718 0.048458 0.436123 0.052863 0.449339 0.052863 0.458150 0.044053 0.458150 0.039648 0.453745 0.035242 0.449339 0.035242 0.444934 0.030837 0.431718 0.030837 0.427313 0.035242 0.422908 0.030837 0.418502 0.030837 0.414097 0.026432 0.409692 0.026432
0 0.607930 0.000000 0.594714 0.000000 0.594714 0.013216 0.590308 0.017621 0.590308 0.030837 0.581498 0.039648 0.577093 0.039648 0.568282 0.048458 0.563877 0.048458 0.559471 0.052863 0.555066 0.048458 0.546256 0.048458 0.537445 0.057269 0.537445 0.066079 0.541850 0.070485 0.546256 0.070485 0.550661 0.074890 0.563877 0.061674 0.568282 0.061674 0.572687 0.057269 0.577093 0.057269 0.590308 0.044053 0.594714 0.044053 0.599119 0.039648 0.603524 0.039648 0.612335 0.030837 0.612335 0.022026 0.607930 0.017621
0 0.000000 0.171806 0.000000 0.198238 0.088106 0.224670 0.074890 0.255507 0.030837 0.237885 0.110132 0.286344 0.193833 0.268722 0.268722 0.299559 0.348018 0.286344 0.361233 0.312775 0.458150 0.259912 0.471366 0.277533 0.422908 0.312775 0.453745 0.308370 0.480176 0.365639 0.484582 0.321586 0.563877 0.295154 0.594714 0.330396 0.629956 0.303965 0.651982 0.374449 0.757709 0.409692 0.933921 0.577093 0.731278 0.475771 0.634361 0.387665 0.559471 0.392070 0.519824 0.361233 0.506608 0.405286 0.383260 0.488987 0.480176 0.471366 0.484582 0.524229 0.427313 0.533040 0.444934 0.563877 0.484582 0.550661 0.458150 0.594714 0.511013 0.607930 0.568282 0.577093 0.563877 0.625551 0.590308 0.599119 0.625551 0.656388 0.682819 0.656388 0.607930 0.599119 0.651982 0.577093 0.572687 0.524229 0.546256 0.533040 0.563877 0.568282 0.502203 0.563877 0.511013 0.475771 0.537445 0.449339 0.559471 0.488987 0.607930 0.422908 0.709251 0.519824 0.660793 0.541850 0.700441 0.577093 0.665198 0.621145 0.726872 0.665198 0.753304 0.647577 0.718062 0.638767 0.744493 0.616740 0.722467 0.585903 0.748899 0.511013 0.797357 0.572687 0.854626 0.590308 0.788546 0.603524 0.792952 0.634361 0.867841 0.603524 0.933921 0.634361 0.920705 0.687225 0.841410 0.638767 0.876652 0.687225 0.832599 0.696035 0.933921 0.713656 0.995595 0.775330 0.969163 0.709251 0.995595 0.647577 0.938326 0.603524 0.951542 0.585903 0.986784 0.616740 0.995595 0.581498 0.898678 0.528634 0.916300 0.480176 0.841410 0.458150 0.859031 0.392070 0.823789 0.339207 0.779736 0.348018 0.841410 0.383260 0.841410 0.431718 0.810573 0.449339 0.784141 0.396476 0.674009 0.361233 0.568282 0.215859 0.515419 0.264317 0.440529 0.220264 0.453745 0.167401 0.383260 0.171806 0.356828 0.145374 0.348018 0.189427 0.312775 0.158590 0.295154 0.185022 0.237885 0.171806 0.242291 0.127753 0.171806 0.105727 0.215859 0.074890 0.180617 0.039648 0.189427 0.000000 0.145374 0.000000 0.162996 0.136564 0.281938 0.198238 0.400881 0.185022 0.422908 0.233480 0.317181 0.224670 0.255507 0.259912 0.083700 0.180617
