0 0.334802 0.969163 0.334802 0.973568 0.339207 0.977974 0.356828 0.977974 0.361233 0.982379 0.365639 0.982379 0.374449 0.991189 0.374449 0.995595 0.383260 0.995595 0.383260 0.991189 0.374449 0.982379 0.374449 0.969163 0.370044 0.964758 0.356828 0.964758 0.352423 0.969163 0.348018 0.964758 0.339207 0.964758
0 0.740088 0.955947 0.740088 0.964758 0.744493 0.969163 0.753304 0.969163 0.757709 0.973568 0.762115 0.973568 0.775330 0.986784 0.775330 0.995595 0.801762 0.995595 0.797357 0.995595 0.792952 0.991189 0.792952 0.986784 0.788546 0.982379 0.788546 0.969163 0.784141 0.964758 0.784141 0.960352 0.779736 0.955947 0.775330 0.960352 0.770925 0.955947 0.762115 0.955947 0.757709 0.951542 0.744493 0.951542
0 0.841410 0.960352 0.845815 0.964758 0.867841 0.964758 0.876652 0.955947 0.881057 0.955947 0.885463 0.951542 0.881057 0.947137 0.867841 0.947137 0.863436 0.942731 0.850220 0.942731 0.841410 0.951542
0 0.511013 0.955947 0.515419 0.960352 0.515419 0.964758 0.524229 0.973568 0.528634 0.969163 0.533040 0.969163 0.537445 0.964758 0.537445 0.960352 0.541850 0.955947 0.541850 0.942731 0.546256 0.938326 0.550661 0.938326 0.555066 0.933921 0.568282 0.933921 0.572687 0.938326 0.577093 0.938326 0.581498 0.942731 0.581498 0.947137 0.590308 0.955947 0.594714 0.955947 0.599119 0.960352 0.603524 0.960352 0.612335 0.951542 0.616740 0.951542 0.621145 0.947137 0.625551 0.951542 0.638767 0.951542 0.643172 0.947137 0.643172 0.938326 0.638767 0.933921 0.621145 0.933921 0.616740 0.938326 0.616740 0.942731 0.612335 0.947137 0.607930 0.947137 0.603524 0.951542 0.599119 0.947137 0.594714 0.947137 0.585903 0.938326 0.585903 0.929515 0.581498 0.925110 0.577093 0.925110 0.572687 0.920705 0.568282 0.920705 0.563877 0.916300 0.559471 0.920705 0.555066 0.920705 0.546256 0.929515 0.546256 0.933921 0.541850 0.938326 0.537445 0.938326 0.533040 0.942731 0.528634 0.942731 0.519824 0.951542 0.515419 0.951542
0 0.964758 0.911894 0.955947 0.911894 0.942731 0.925110 0.942731 0.929515 0.938326 0.933921 0.947137 0.942731 0.955947 0.942731 0.969163 0.929515 0.969163 0.916300
0 0.308370 0.911894 0.290749 0.911894 0.286344 0.916300 0.277533 0.916300 0.273128 0.920705 0.273128 0.925110 0.268722 0.929515 0.268722 0.933921 0.273128 0.938326 0.273128 0.955947 0.268722 0.960352 0.273128 0.964758 0.281938 0.964758 0.286344 0.960352 0.286344 0.938326 0.290749 0.933921 0.295154 0.933921 0.299559 0.929515 0.308370 0.929515 0.317181 0.920705
0 0.356828 0.916300 0.365639 0.925110 0.370044 0.925110 0.378855 0.933921 0.392070 0.933921 0.396476 0.929515 0.396476 0.925110 0.400881 0.920705 0.400881 0.916300 0.396476 0.911894 0.392070 0.911894 0.387665 0.907489 0.378855 0.907489 0.374449 0.903084 0.370044 0.903084
0 0.911894 0.894273 0.907489 0.894273 0.885463 0.916300 0.885463 0.920705 0.894273 0.929515 0.898678 0.925110 0.903084 0.925110 0.911894 0.916300 0.911894 0.911894 0.916300 0.907489 0.916300 0.898678
0 0.713656 0.889868 0.709251 0.889868 0.704846 0.885463 0.700441 0.885463 0.696035 0.889868 0.696035 0.898678 0.700441 0.903084 0.700441 0.925110 0.687225 0.938326 0.682819 0.938326 0.674009 0.947137 0.669604 0.947137 0.665198 0.951542 0.660793 0.951542 0.660793 0.973568 0.643172 0.991189 0.643172 0.995595 0.656388 0.995595 0.656388 0.991189 0.660793 0.986784 0.660793 0.973568 0.665198 0.969163 0.669604 0.969163 0.674009 0.964758 0.682819 0.964758 0.687225 0.960352 0.691630 0.964758 0.696035 0.964758 0.700441 0.969163 0.700441 0.995595 0.722467 0.995595 0.722467 0.986784 0.718062 0.982379 0.718062 0.977974 0.713656 0.973568 0.709251 0.973568 0.704846 0.969163 0.704846 0.955947 0.713656 0.947137 0.713656 0.942731 0.718062 0.938326 0.718062 0.929515 0.722467 0.925110 0.722467 0.916300 0.718062 0.911894 0.718062 0.894273
0 0.806167 0.863436 0.797357 0.854626 0.792952 0.859031 0.784141 0.859031 0.779736 0.863436 0.775330 0.859031 0.753304 0.859031 0.744493 0.867841 0.744493 0.872247 0.748899 0.876652 0.757709 0.876652 0.762115 0.881057 0.766520 0.881057 0.770925 0.876652 0.784141 0.876652 0.788546 0.881057 0.792952 0.876652 0.797357 0.881057 0.806167 0.872247
0 0.259912 0.872247 0.264317 0.876652 0.268722 0.876652 0.273128 0.881057 0.277533 0.876652 0.321586 0.876652 0.325991 0.881057 0.330396 0.881057 0.334802 0.885463 0.352423 0.885463 0.361233 0.876652 0.361233 0.872247 0.348018 0.859031 0.339207 0.859031 0.334802 0.863436 0.325991 0.863436 0.321586 0.859031 0.317181 0.859031 0.312775 0.854626 0.277533 0.854626
0 0.449339 0.850220 0.444934 0.854626 0.444934 0.859031 0.440529 0.863436 0.440529 0.885463 0.436123 0.889868 0.436123 0.898678 0.440529 0.903084 0.449339 0.903084 0.453745 0.898678 0.458150 0.898678 0.462555 0.894273 0.466960 0.898678 0.471366 0.898678 0.480176 0.907489 0.484582 0.907489 0.493392 0.898678 0.493392 0.894273 0.488987 0.889868 0.484582 0.889868 0.480176 0.894273 0.475771 0.894273 0.471366 0.898678 0.466960 0.894273 0.462555 0.894273 0.458150 0.889868 0.458150 0.876652 0.462555 0.872247 0.462555 0.854626 0.458150 0.850220
0 0.004405 0.845815 0.008811 0.845815 0.026432 0.863436 0.030837 0.863436 0.035242 0.859031 0.044053 0.859031 0.048458 0.863436 0.052863 0.863436 0.057269 0.867841 0.061674 0.867841 0.066079 0.872247 0.074890 0.863436 0.074890 0.859031 0.070485 0.854626 0.070485 0.845815 0.066079 0.841410 0.061674 0.845815 0.052863 0.845815 0.048458 0.850220 0.039648 0.850220 0.035242 0.845815 0.030837 0.845815 0.022026 0.837004 0.017621 0.837004 0.008811 0.845815
0 0.616740 0.828194 0.612335 0.823789 0.603524 0.823789 0.585903 0.841410 0.585903 0.845815 0.581498 0.850220 0.577093 0.850220 0.572687 0.854626 0.577093 0.859031 0.581498 0.859031 0.594714 0.845815 0.599119 0.845815 0.603524 0.841410 0.607930 0.841410 0.616740 0.832599
0 0.171806 0.810573 0.167401 0.814978 0.167401 0.819383 0.162996 0.823789 0.162996 0.828194 0.158590 0.832599 0.158590 0.841410 0.167401 0.850220 0.171806 0.850220 0.176211 0.845815 0.176211 0.828194 0.180617 0.823789 0.176211 0.819383 0.176211 0.814978
0 0.559471 0.766520 0.555066 0.762115 0.546256 0.762115 0.533040 0.775330 0.528634 0.775330 0.524229 0.779736 0.524229 0.788546 0.528634 0.792952 0.541850 0.792952 0.555066 0.779736 0.555066 0.775330 0.559471 0.770925
0 0.127753 0.762115 0.123348 0.766520 0.118943 0.766520 0.110132 0.775330 0.110132 0.784141 0.105727 0.788546 0.110132 0.792952 0.110132 0.801762 0.105727 0.806167 0.105727 0.814978 0.101322 0.819383 0.101322 0.823789 0.096916 0.828194 0.092511 0.828194 0.088106 0.832599 0.092511 0.837004 0.101322 0.837004 0.105727 0.841410 0.114537 0.841410 0.123348 0.832599 0.123348 0.814978 0.114537 0.806167 0.114537 0.797357 0.118943 0.792952 0.123348 0.792952 0.127753 0.788546 0.132159 0.788546 0.140969 0.779736 0.136564 0.775330 0.136564 0.770925
0 0.810573 0.762115 0.806167 0.757709 0.788546 0.775330 0.784141 0.775330 0.779736 0.779736 0.779736 0.788546 0.775330 0.792952 0.770925 0.792952 0.766520 0.797357 0.762115 0.797357 0.757709 0.792952 0.753304 0.792952 0.748899 0.797357 0.740088 0.797357 0.735683 0.801762 0.731278 0.801762 0.726872 0.797357 0.722467 0.797357 0.718062 0.792952 0.718062 0.788546 0.713656 0.784141 0.704846 0.784141 0.691630 0.797357 0.687225 0.797357 0.682819 0.801762 0.665198 0.801762 0.660793 0.806167 0.660793 0.814978 0.665198 0.819383 0.678414 0.819383 0.682819 0.814978 0.696035 0.814978 0.700441 0.810573 0.709251 0.810573 0.713656 0.806167 0.718062 0.806167 0.722467 0.801762 0.735683 0.801762 0.740088 0.806167 0.753304 0.806167 0.757709 0.810573 0.766520 0.810573 0.770925 0.806167 0.770925 0.801762 0.775330 0.797357 0.779736 0.797357 0.784141 0.792952 0.788546 0.792952 0.792952 0.788546 0.797357 0.788546 0.801762 0.784141 0.801762 0.779736 0.806167 0.775330 0.806167 0.770925 0.810573 0.766520
0 0.035242 0.762115 0.030837 0.762115 0.026432 0.757709 0.022026 0.757709 0.017621 0.753304 0.008811 0.762115 0.004405 0.762115 0.000000 0.766520 0.000000 0.792952 0.017621 0.775330 0.022026 0.775330 0.030837 0.766520 0.035242 0.766520
0 0.938326 0.757709 0.929515 0.748899 0.920705 0.757709 0.916300 0.757709 0.911894 0.762115 0.903084 0.762115 0.894273 0.770925 0.894273 0.775330 0.889868 0.779736 0.894273 0.784141 0.894273 0.792952 0.885463 0.801762 0.885463 0.806167 0.881057 0.810573 0.876652 0.810573 0.872247 0.814978 0.867841 0.810573 0.863436 0.810573 0.859031 0.806167 0.859031 0.801762 0.850220 0.792952 0.841410 0.792952 0.837004 0.797357 0.837004 0.814978 0.841410 0.819383 0.841410 0.823789 0.845815 0.828194 0.850220 0.828194 0.859031 0.819383 0.863436 0.819383 0.867841 0.814978 0.872247 0.814978 0.876652 0.819383 0.881057 0.819383 0.889868 0.828194 0.898678 0.819383 0.898678 0.792952 0.916300 0.775330 0.920705 0.775330 0.925110 0.770925 0.929515 0.770925 0.938326 0.762115
0 0.502203 0.731278 0.497797 0.731278 0.480176 0.748899 0.480176 0.762115 0.484582 0.766520 0.484582 0.775330 0.480176 0.779736 0.475771 0.779736 0.471366 0.784141 0.458150 0.784141 0.444934 0.797357 0.444934 0.801762 0.436123 0.810573 0.436123 0.819383 0.440529 0.823789 0.444934 0.823789 0.458150 0.810573 0.462555 0.810573 0.466960 0.806167 0.480176 0.806167 0.484582 0.810573 0.493392 0.801762 0.493392 0.788546 0.488987 0.784141 0.488987 0.770925 0.502203 0.757709 0.502203 0.753304 0.506608 0.748899 0.506608 0.735683
0 0.370044 0.792952 0.361233 0.784141 0.352423 0.788546 0.339207 0.784141 0.330396 0.762115 0.312775 0.753304 0.290749 0.731278 0.281938 0.731278 0.268722 0.740088 0.255507 0.731278 0.251101 0.718062 0.242291 0.718062 0.229075 0.731278 0.229075 0.762115 0.211454 0.784141 0.207048 0.797357 0.215859 0.810573 0.220264 0.850220 0.215859 0.854626 0.211454 0.885463 0.193833 0.898678 0.198238 0.951542 0.180617 0.964758 0.171806 0.960352 0.149780 0.925110 0.154185 0.911894 0.149780 0.881057 0.145374 0.876652 0.123348 0.876652 0.118943 0.881057 0.110132 0.876652 0.096916 0.885463 0.092511 0.898678 0.074890 0.907489 0.079295 0.911894 0.079295 0.933921 0.057269 0.955947 0.070485 0.969163 0.083700 0.955947 0.096916 0.933921 0.096916 0.903084 0.114537 0.889868 0.149780 0.920705 0.149780 0.938326 0.158590 0.947137 0.158590 0.960352 0.154185 0.964758 0.158590 0.973568 0.180617 0.982379 0.185022 0.995595 0.193833 0.995595 0.193833 0.955947 0.224670 0.942731 0.211454 0.925110 0.211454 0.911894 0.233480 0.881057 0.237885 0.837004 0.255507 0.819383 0.268722 0.814978 0.251101 0.806167 0.259912 0.748899 0.273128 0.740088 0.281938 0.744493 0.308370 0.770925 0.317181 0.792952 0.330396 0.788546 0.343612 0.792952 0.356828 0.806167 0.356828 0.823789 0.365639 0.845815 0.383260 0.828194
0 0.792952 0.718062 0.788546 0.713656 0.779736 0.713656 0.775330 0.718062 0.770925 0.718062 0.766520 0.722467 0.762115 0.722467 0.757709 0.726872 0.753304 0.722467 0.740088 0.722467 0.726872 0.735683 0.731278 0.740088 0.731278 0.744493 0.744493 0.757709 0.748899 0.753304 0.748899 0.748899 0.757709 0.740088 0.762115 0.740088 0.766520 0.735683 0.775330 0.735683 0.779736 0.731278 0.784141 0.735683 0.788546 0.735683 0.792952 0.731278
0 0.634361 0.700441 0.616740 0.718062 0.616740 0.744493 0.621145 0.748899 0.634361 0.735683 0.634361 0.731278 0.643172 0.722467 0.643172 0.709251
0 0.947137 0.678414 0.942731 0.682819 0.942731 0.691630 0.929515 0.704846 0.925110 0.704846 0.920705 0.709251 0.916300 0.704846 0.907489 0.713656 0.907489 0.722467 0.916300 0.731278 0.929515 0.718062 0.929515 0.709251 0.938326 0.700441 0.942731 0.700441 0.951542 0.691630 0.951542 0.682819
0 0.132159 0.656388 0.127753 0.660793 0.123348 0.660793 0.118943 0.665198 0.110132 0.665198 0.105727 0.669604 0.105727 0.709251 0.101322 0.713656 0.101322 0.718062 0.096916 0.722467 0.092511 0.722467 0.088106 0.726872 0.083700 0.726872 0.079295 0.722467 0.074890 0.722467 0.061674 0.709251 0.052863 0.718062 0.061674 0.726872 0.061674 0.731278 0.070485 0.740088 0.070485 0.744493 0.074890 0.740088 0.079295 0.740088 0.083700 0.735683 0.083700 0.731278 0.088106 0.726872 0.092511 0.726872 0.096916 0.722467 0.101322 0.722467 0.105727 0.726872 0.110132 0.722467 0.114537 0.722467 0.118943 0.726872 0.123348 0.726872 0.140969 0.744493 0.149780 0.735683 0.149780 0.731278 0.145374 0.726872 0.145374 0.722467 0.140969 0.718062 0.136564 0.718062 0.123348 0.704846 0.123348 0.687225 0.127753 0.682819 0.127753 0.678414 0.140969 0.665198
0 0.607930 0.651982 0.603524 0.656388 0.599119 0.656388 0.590308 0.665198 0.590308 0.674009 0.581498 0.682819 0.590308 0.691630 0.599119 0.682819 0.603524 0.682819 0.616740 0.669604 0.616740 0.665198 0.612335 0.660793 0.612335 0.656388
0 0.537445 0.643172 0.533040 0.643172 0.528634 0.647577 0.528634 0.651982 0.515419 0.665198 0.515419 0.678414 0.524229 0.687225 0.524229 0.700441 0.519824 0.704846 0.519824 0.709251 0.524229 0.713656 0.533040 0.713656 0.537445 0.709251 0.528634 0.700441 0.528634 0.687225 0.537445 0.678414 0.537445 0.665198 0.541850 0.660793 0.541850 0.647577
0 0.903084 0.638767 0.898678 0.638767 0.894273 0.643172 0.894273 0.651982 0.889868 0.656388 0.889868 0.660793 0.885463 0.665198 0.885463 0.669604 0.881057 0.674009 0.876652 0.674009 0.872247 0.678414 0.867841 0.678414 0.863436 0.682819 0.854626 0.682819 0.850220 0.687225 0.850220 0.696035 0.854626 0.700441 0.859031 0.696035 0.863436 0.700441 0.881057 0.682819 0.881057 0.678414 0.885463 0.674009 0.889868 0.674009 0.894273 0.669604 0.898678 0.674009 0.903084 0.669604 0.907489 0.669604 0.916300 0.660793 0.916300 0.656388 0.907489 0.647577 0.907489 0.643172
0 0.202643 0.625551 0.193833 0.634361 0.193833 0.638767 0.189427 0.643172 0.193833 0.647577 0.193833 0.669604 0.189427 0.674009 0.185022 0.674009 0.180617 0.678414 0.176211 0.678414 0.171806 0.682819 0.176211 0.687225 0.180617 0.687225 0.185022 0.682819 0.189427 0.682819 0.193833 0.678414 0.202643 0.678414 0.207048 0.682819 0.211454 0.682819 0.215859 0.678414 0.224670 0.678414 0.229075 0.682819 0.233480 0.682819 0.237885 0.687225 0.242291 0.687225 0.246696 0.691630 0.251101 0.691630 0.255507 0.696035 0.264317 0.687225 0.264317 0.665198 0.268722 0.660793 0.268722 0.656388 0.273128 0.651982 0.273128 0.634361 0.264317 0.625551 0.255507 0.625551 0.242291 0.638767 0.242291 0.643172 0.237885 0.647577 0.237885 0.651982 0.233480 0.656388 0.229075 0.656388 0.224670 0.660793 0.220264 0.656388 0.215859 0.656388 0.211454 0.651982 0.211454 0.629956 0.207048 0.625551
0 0.356828 0.621145 0.352423 0.625551 0.352423 0.634361 0.356828 0.638767 0.356828 0.643172 0.361233 0.647577 0.361233 0.660793 0.365639 0.665198 0.370044 0.665198 0.374449 0.660793 0.374449 0.656388 0.378855 0.651982 0.378855 0.634361 0.365639 0.621145
0 0.013216 0.634361 0.017621 0.638767 0.022026 0.638767 0.026432 0.643172 0.030837 0.643172 0.035242 0.638767 0.044053 0.638767 0.052863 0.629956 0.057269 0.629956 0.061674 0.625551 0.066079 0.629956 0.070485 0.629956 0.074890 0.634361 0.083700 0.634361 0.088106 0.629956 0.088106 0.621145 0.083700 0.616740 0.074890 0.616740 0.066079 0.625551 0.061674 0.625551 0.057269 0.629956 0.052863 0.625551 0.048458 0.625551 0.044053 0.621145 0.039648 0.621145 0.035242 0.616740 0.030837 0.616740 0.026432 0.621145 0.022026 0.621145 0.013216 0.629956
0 0.920705 0.612335 0.925110 0.616740 0.942731 0.616740 0.947137 0.621145 0.951542 0.621145 0.960352 0.629956 0.969163 0.621145 0.969163 0.616740 0.960352 0.607930 0.960352 0.603524 0.951542 0.594714 0.942731 0.594714 0.938326 0.599119 0.933921 0.599119
0 0.629956 0.590308 0.625551 0.594714 0.621145 0.594714 0.612335 0.603524 0.612335 0.607930 0.625551 0.621145 0.629956 0.621145 0.638767 0.612335 0.638767 0.599119
0 0.541850 0.590308 0.537445 0.590308 0.533040 0.585903 0.528634 0.590308 0.524229 0.590308 0.519824 0.594714 0.519824 0.599119 0.506608 0.612335 0.502203 0.612335 0.488987 0.625551 0.488987 0.629956 0.493392 0.634361 0.502203 0.634361 0.506608 0.629956 0.511013 0.629956 0.515419 0.625551 0.515419 0.621145 0.519824 0.616740 0.519824 0.607930 0.524229 0.603524 0.528634 0.603524 0.533040 0.599119 0.533040 0.594714 0.537445 0.590308
0 0.176211 0.594714 0.171806 0.590308 0.158590 0.590308 0.154185 0.585903 0.149780 0.585903 0.145374 0.581498 0.140969 0.585903 0.140969 0.590308 0.136564 0.594714 0.136564 0.603524 0.127753 0.612335 0.127753 0.621145 0.132159 0.625551 0.145374 0.612335 0.149780 0.612335 0.154185 0.607930 0.158590 0.607930 0.162996 0.612335 0.171806 0.612335 0.176211 0.607930
0 0.788546 0.585903 0.779736 0.577093 0.766520 0.590308 0.762115 0.590308 0.757709 0.594714 0.740088 0.594714 0.731278 0.603524 0.731278 0.612335 0.735683 0.616740 0.748899 0.616740 0.753304 0.612335 0.770925 0.612335 0.775330 0.616740 0.784141 0.607930 0.784141 0.594714 0.788546 0.590308
0 0.004405 0.568282 0.000000 0.572687 0.000000 0.585903 0.004405 0.590308 0.008811 0.590308 0.013216 0.594714 0.022026 0.594714 0.030837 0.585903 0.030837 0.581498 0.026432 0.577093 0.026432 0.572687 0.022026 0.568282 0.017621 0.572687 0.013216 0.568282
0 0.229075 0.559471 0.224670 0.563877 0.224670 0.581498 0.229075 0.585903 0.233480 0.581498 0.242291 0.581498 0.246696 0.585903 0.251101 0.585903 0.264317 0.599119 0.268722 0.594714 0.268722 0.590308 0.273128 0.585903 0.268722 0.581498 0.268722 0.577093 0.264317 0.572687 0.251101 0.572687 0.246696 0.568282 0.242291 0.568282 0.237885 0.563877 0.233480 0.563877
0 0.568282 0.555066 0.559471 0.563877 0.559471 0.585903 0.555066 0.590308 0.550661 0.590308 0.555066 0.590308 0.559471 0.594714 0.559471 0.612335 0.550661 0.621145 0.555066 0.625551 0.568282 0.612335 0.572687 0.612335 0.577093 0.607930 0.577093 0.603524 0.581498 0.599119 0.577093 0.594714 0.577093 0.585903 0.581498 0.581498 0.577093 0.577093 0.577093 0.572687 0.572687 0.568282 0.572687 0.559471
0 0.383260 0.559471 0.374449 0.550661 0.370044 0.555066 0.356828 0.555066 0.352423 0.559471 0.348018 0.559471 0.343612 0.563877 0.343612 0.568282 0.352423 0.577093 0.361233 0.577093 0.370044 0.568282 0.374449 0.568282
0 0.471366 0.546256 0.462555 0.546256 0.453745 0.555066 0.449339 0.555066 0.444934 0.559471 0.436123 0.559471 0.427313 0.568282 0.431718 0.572687 0.431718 0.581498 0.418502 0.594714 0.418502 0.612335 0.427313 0.621145 0.431718 0.621145 0.436123 0.616740 0.436123 0.612335 0.440529 0.607930 0.440529 0.599119 0.431718 0.590308 0.431718 0.577093 0.436123 0.572687 0.440529 0.572687 0.444934 0.568282 0.453745 0.568282 0.458150 0.572687 0.466960 0.563877 0.466960 0.559471 0.475771 0.550661
0 0.259912 0.506608 0.255507 0.511013 0.246696 0.511013 0.233480 0.524229 0.233480 0.528634 0.237885 0.533040 0.237885 0.537445 0.242291 0.541850 0.246696 0.541850 0.251101 0.546256 0.264317 0.533040 0.264317 0.511013
0 0.669604 0.466960 0.665198 0.462555 0.665198 0.458150 0.656388 0.449339 0.651982 0.449339 0.647577 0.453745 0.643172 0.453745 0.629956 0.466960 0.634361 0.471366 0.634361 0.475771 0.638767 0.475771 0.643172 0.471366 0.647577 0.475771 0.651982 0.471366 0.665198 0.471366
0 0.555066 0.449339 0.555066 0.453745 0.563877 0.462555 0.568282 0.462555 0.577093 0.471366 0.577093 0.480176 0.572687 0.484582 0.581498 0.493392 0.590308 0.493392 0.594714 0.497797 0.599119 0.497797 0.603524 0.502203 0.607930 0.502203 0.616740 0.511013 0.625551 0.511013 0.634361 0.502203 0.634361 0.493392 0.629956 0.488987 0.629956 0.484582 0.625551 0.488987 0.621145 0.488987 0.616740 0.493392 0.612335 0.493392 0.607930 0.488987 0.603524 0.488987 0.585903 0.471366 0.585903 0.453745 0.577093 0.444934 0.559471 0.444934
0 0.955947 0.440529 0.947137 0.449339 0.947137 0.453745 0.942731 0.458150 0.942731 0.466960 0.947137 0.471366 0.947137 0.497797 0.938326 0.506608 0.938326 0.511013 0.929515 0.519824 0.933921 0.524229 0.938326 0.519824 0.955947 0.519824 0.964758 0.511013 0.964758 0.462555 0.969163 0.458150 0.969163 0.449339 0.964758 0.444934 0.960352 0.444934
0 0.907489 0.396476 0.885463 0.396476 0.881057 0.400881 0.876652 0.400881 0.872247 0.396476 0.867841 0.400881 0.859031 0.400881 0.854626 0.405286 0.854626 0.409692 0.863436 0.418502 0.863436 0.427313 0.854626 0.436123 0.854626 0.449339 0.850220 0.453745 0.850220 0.458150 0.845815 0.462555 0.845815 0.466960 0.841410 0.471366 0.841410 0.475771 0.837004 0.480176 0.841410 0.484582 0.845815 0.484582 0.850220 0.480176 0.863436 0.480176 0.867841 0.475771 0.867841 0.453745 0.863436 0.449339 0.863436 0.422908 0.867841 0.418502 0.872247 0.418502 0.876652 0.414097 0.894273 0.414097 0.898678 0.418502 0.903084 0.418502 0.916300 0.405286
0 0.832599 0.400881 0.832599 0.396476 0.828194 0.392070 0.823789 0.392070 0.810573 0.378855 0.806167 0.378855 0.801762 0.383260 0.797357 0.383260 0.792952 0.387665 0.779736 0.387665 0.775330 0.392070 0.770925 0.392070 0.766520 0.387665 0.762115 0.392070 0.766520 0.396476 0.770925 0.396476 0.775330 0.400881 0.779736 0.400881 0.784141 0.405286 0.792952 0.405286 0.797357 0.400881 0.814978 0.400881 0.819383 0.405286 0.828194 0.405286
0 0.171806 0.308370 0.162996 0.317181 0.162996 0.339207 0.158590 0.343612 0.154185 0.343612 0.154185 0.348018 0.158590 0.348018 0.167401 0.356828 0.171806 0.356828 0.180617 0.365639 0.180617 0.370044 0.185022 0.374449 0.198238 0.374449 0.207048 0.365639 0.202643 0.361233 0.202643 0.356828 0.198238 0.352423 0.193833 0.352423 0.189427 0.348018 0.185022 0.348018 0.180617 0.343612 0.180617 0.321586 0.185022 0.317181 0.180617 0.312775 0.176211 0.312775
0 0.132159 0.233480 0.127753 0.229075 0.114537 0.242291 0.110132 0.242291 0.101322 0.251101 0.096916 0.251101 0.079295 0.268722 0.074890 0.268722 0.070485 0.273128 0.044053 0.273128 0.039648 0.277533 0.026432 0.277533 0.013216 0.286344 0.000000 0.286344 0.000000 0.334802 0.008811 0.334802 0.022026 0.325991 0.030837 0.325991 0.035242 0.330396 0.039648 0.330396 0.044053 0.325991 0.048458 0.325991 0.048458 0.303965 0.052863 0.299559 0.057269 0.299559 0.061674 0.295154 0.066079 0.295154 0.079295 0.303965 0.079295 0.321586 0.066079 0.330396 0.070485 0.334802 0.074890 0.334802 0.079295 0.339207 0.083700 0.339207 0.092511 0.348018 0.101322 0.348018 0.105727 0.352423 0.132159 0.352423 0.136564 0.348018 0.140969 0.348018 0.145374 0.343612 0.140969 0.343612 0.132159 0.334802 0.118943 0.334802 0.114537 0.330396 0.110132 0.330396 0.105727 0.325991 0.101322 0.325991 0.088106 0.312775 0.088106 0.299559 0.079295 0.290749 0.079295 0.281938 0.083700 0.277533 0.088106 0.277533 0.092511 0.273128 0.096916 0.277533 0.101322 0.277533 0.105727 0.273128 0.110132 0.273128 0.114537 0.268722 0.118943 0.268722 0.127753 0.259912 0.127753 0.255507 0.132159 0.251101
0 0.365639 0.198238 0.356828 0.198238 0.352423 0.202643 0.343612 0.202643 0.339207 0.207048 0.339207 0.233480 0.334802 0.237885 0.330396 0.237885 0.325991 0.242291 0.330396 0.246696 0.330396 0.259912 0.334802 0.264317 0.334802 0.290749 0.352423 0.308370 0.356828 0.303965 0.356828 0.273128 0.348018 0.264317 0.348018 0.259912 0.343612 0.255507 0.343612 0.237885 0.356828 0.224670 0.356828 0.220264 0.370044 0.207048 0.370044 0.202643
0 0.136564 0.176211 0.118943 0.176211 0.114537 0.180617 0.114537 0.198238 0.118943 0.202643 0.127753 0.202643 0.132159 0.198238 0.132159 0.189427 0.140969 0.180617
0 0.268722 0.162996 0.264317 0.167401 0.264317 0.171806 0.259912 0.176211 0.259912 0.180617 0.273128 0.193833 0.277533 0.193833 0.281938 0.189427 0.281938 0.185022 0.286344 0.180617 0.286344 0.176211 0.277533 0.167401 0.273128 0.167401
0 0.070485 0.158590 0.066079 0.154185 0.061674 0.154185 0.057269 0.158590 0.044053 0.158590 0.039648 0.162996 0.030837 0.162996 0.026432 0.158590 0.022026 0.162996 0.022026 0.167401 0.017621 0.171806 0.026432 0.180617 0.030837 0.176211 0.048458 0.176211 0.052863 0.171806 0.061674 0.171806 0.066079 0.167401 0.066079 0.162996
0 0.308370 0.123348 0.303965 0.118943 0.295154 0.118943 0.277533 0.136564 0.277533 0.140969 0.281938 0.145374 0.286344 0.140969 0.308370 0.140969 0.312775 0.136564 0.312775 0.132159 0.308370 0.127753
0 0.960352 0.110132 0.960352 0.114537 0.964758 0.118943 0.973568 0.118943 0.977974 0.123348 0.986784 0.123348 0.991189 0.127753 0.995595 0.127753 0.995595 0.105727 0.991189 0.101322 0.969163 0.101322
0 0.101322 0.079295 0.096916 0.079295 0.083700 0.092511 0.083700 0.096916 0.079295 0.101322 0.079295 0.118943 0.088106 0.127753 0.101322 0.114537 0.101322 0.105727 0.105727 0.101322 0.105727 0.092511 0.110132 0.088106
0 0.995595 0.189427 0.955947 0.158590 0.907489 0.158590 0.889868 0.140969 0.788546 0.171806 0.775330 0.154185 0.797357 0.118943 0.784141 0.118943 0.753304 0.162996 0.722467 0.145374 0.656388 0.149780 0.634361 0.162996 0.621145 0.145374 0.647577 0.123348 0.748899 0.101322 0.766520 0.074890 0.700441 0.061674 0.621145 0.074890 0.555066 0.123348 0.533040 0.110132 0.546256 0.127753 0.493392 0.162996 0.471366 0.202643 0.480176 0.224670 0.458150 0.259912 0.392070 0.317181 0.286344 0.370044 0.268722 0.334802 0.251101 0.356828 0.268722 0.378855 0.215859 0.414097 0.233480 0.431718 0.224670 0.449339 0.070485 0.444934 0.048458 0.471366 0.035242 0.462555 0.039648 0.444934 0.017621 0.440529 0.004405 0.453745 0.022026 0.471366 0.000000 0.488987 0.242291 0.471366 0.348018 0.528634 0.356828 0.519824 0.343612 0.506608 0.348018 0.488987 0.374449 0.475771 0.427313 0.475771 0.515419 0.387665 0.528634 0.409692 0.519824 0.436123 0.488987 0.458150 0.493392 0.484582 0.480176 0.493392 0.458150 0.484582 0.436123 0.511013 0.449339 0.524229 0.484582 0.493392 0.506608 0.515419 0.493392 0.546256 0.528634 0.546256 0.506608 0.528634 0.515419 0.502203 0.502203 0.466960 0.511013 0.444934 0.537445 0.431718 0.519824 0.370044 0.533040 0.356828 0.533040 0.295154 0.555066 0.255507 0.594714 0.233480 0.625551 0.237885 0.718062 0.189427 0.748899 0.202643 0.810573 0.198238 0.832599 0.224670 0.889868 0.189427 0.925110 0.189427 0.995595 0.215859
0 0.889868 0.052863 0.885463 0.057269 0.885463 0.070485 0.881057 0.074890 0.881057 0.079295 0.885463 0.083700 0.889868 0.083700 0.894273 0.088106 0.898678 0.088106 0.911894 0.074890 0.911894 0.070485 0.907489 0.066079 0.907489 0.061674 0.903084 0.057269 0.894273 0.057269
0 0.030837 0.030837 0.022026 0.030837 0.017621 0.035242 0.017621 0.039648 0.013216 0.044053 0.013216 0.048458 0.008811 0.052863 0.004405 0.052863 0.000000 0.057269 0.000000 0.070485 0.008811 0.070485 0.013216 0.066079 0.017621 0.066079 0.030837 0.052863 0.030837 0.048458 0.035242 0.044053 0.035242 0.035242
0 0.559471 0.026432 0.555066 0.030837 0.559471 0.035242 0.559471 0.048458 0.555066 0.052863 0.550661 0.052863 0.541850 0.061674 0.537445 0.061674 0.533040 0.066079 0.537445 0.070485 0.546256 0.070485 0.550661 0.074890 0.559471 0.074890 0.563877 0.079295 0.572687 0.070485 0.572687 0.066079 0.577093 0.061674 0.581498 0.061674 0.585903 0.057269 0.590308 0.061674 0.594714 0.061674 0.599119 0.057269 0.599119 0.052863 0.603524 0.048458 0.599119 0.044053 0.594714 0.044053 0.585903 0.052863 0.581498 0.052863 0.577093 0.057269 0.572687 0.057269 0.568282 0.052863 0.563877 0.052863 0.559471 0.048458 0.559471 0.035242 0.563877 0.030837
0 0.224670 0.017621 0.220264 0.022026 0.215859 0.022026 0.211454 0.026432 0.207048 0.026432 0.202643 0.030837 0.202643 0.035242 0.193833 0.044053 0.193833 0.048458 0.189427 0.052863 0.189427 0.057269 0.207048 0.074890 0.207048 0.079295 0.211454 0.083700 0.215859 0.079295 0.215859 0.035242 0.220264 0.030837 0.224670 0.030837 0.229075 0.026432 0.229075 0.022026
0 0.955947 0.013216 0.951542 0.017621 0.951542 0.026432 0.942731 0.035242 0.942731 0.044053 0.947137 0.048458 0.951542 0.044053 0.955947 0.044053 0.960352 0.048458 0.969163 0.039648 0.969163 0.030837 0.964758 0.026432 0.964758 0.022026
0 0.308370 0.008811 0.299559 0.017621 0.299559 0.022026 0.295154 0.026432 0.303965 0.035242 0.312775 0.035242 0.317181 0.039648 0.321586 0.039648 0.330396 0.048458 0.330396 0.066079 0.339207 0.074890 0.348018 0.074890 0.352423 0.070485 0.352423 0.052863 0.356828 0.048458 0.361233 0.048458 0.365639 0.044053 0.370044 0.048458 0.374449 0.044053 0.374449 0.039648 0.370044 0.035242 0.365639 0.039648 0.365639 0.044053 0.361233 0.048458 0.356828 0.048458 0.352423 0.052863 0.348018 0.048458 0.343612 0.048458 0.339207 0.044053 0.334802 0.044053 0.325991 0.035242 0.325991 0.030837 0.321586 0.026432 0.321586 0.017621 0.312775 0.008811
0 0.453745 0.000000 0.466960 0.013216 0.466960 0.026432 0.475771 0.035242 0.484582 0.026432 0.484582 0.017621 0.471366 0.004405 0.471366 0.000000
