0 0.942731 0.960352 0.942731 0.969163 0.951542 0.977974 0.960352 0.977974 0.964758 0.973568 0.969163 0.973568 0.973568 0.969163 0.986784 0.969163 0.991189 0.964758 0.995595 0.964758 0.995595 0.960352 0.991189 0.960352 0.986784 0.955947 0.973568 0.955947 0.969163 0.960352 0.964758 0.960352 0.960352 0.955947 0.955947 0.955947 0.951542 0.960352 0.947137 0.955947
0 0.215859 0.951542 0.211454 0.955947 0.211454 0.960352 0.207048 0.964758 0.207048 0.969163 0.202643 0.973568 0.202643 0.995595 0.224670 0.995595 0.224670 0.964758 0.220264 0.960352 0.220264 0.955947
0 0.118943 0.951542 0.110132 0.960352 0.110132 0.969163 0.123348 0.982379 0.132159 0.982379 0.140969 0.973568 0.136564 0.969163 0.136564 0.964758 0.123348 0.951542
0 0.000000 0.938326 0.000000 0.951542 0.004405 0.955947 0.008811 0.955947 0.022026 0.969163 0.026432 0.969163 0.035242 0.960352 0.035242 0.951542 0.030837 0.947137 0.030837 0.942731 0.026432 0.938326 0.022026 0.938326 0.017621 0.933921 0.013216 0.938326
0 0.396476 0.911894 0.392070 0.916300 0.392070 0.925110 0.378855 0.938326 0.378855 0.942731 0.374449 0.947137 0.370044 0.947137 0.365639 0.951542 0.361233 0.947137 0.356828 0.951542 0.356828 0.955947 0.361233 0.960352 0.365639 0.955947 0.365639 0.951542 0.370044 0.947137 0.374449 0.947137 0.378855 0.942731 0.383260 0.947137 0.396476 0.947137 0.400881 0.942731 0.400881 0.916300
0 0.788546 0.903084 0.784141 0.907489 0.784141 0.911894 0.779736 0.916300 0.779736 0.929515 0.784141 0.933921 0.788546 0.933921 0.792952 0.938326 0.797357 0.938326 0.801762 0.942731 0.810573 0.942731 0.814978 0.938326 0.814978 0.925110 0.797357 0.907489 0.792952 0.907489
0 0.599119 0.903084 0.603524 0.907489 0.603524 0.911894 0.607930 0.916300 0.612335 0.916300 0.621145 0.925110 0.629956 0.925110 0.634361 0.920705 0.638767 0.920705 0.643172 0.916300 0.647577 0.916300 0.651982 0.920705 0.656388 0.916300 0.660793 0.920705 0.665198 0.916300 0.669604 0.920705 0.674009 0.920705 0.678414 0.916300 0.674009 0.911894 0.665198 0.911894 0.660793 0.907489 0.656388 0.911894 0.651982 0.911894 0.647577 0.916300 0.634361 0.916300 0.629956 0.911894 0.625551 0.911894 0.616740 0.903084 0.607930 0.903084 0.603524 0.898678
0 0.176211 0.898678 0.171806 0.903084 0.171806 0.920705 0.180617 0.929515 0.189427 0.929515 0.193833 0.933921 0.198238 0.929515 0.198238 0.920705 0.189427 0.911894 0.185022 0.911894 0.180617 0.907489 0.180617 0.903084
0 0.916300 0.894273 0.911894 0.898678 0.911894 0.911894 0.920705 0.920705 0.929515 0.920705 0.933921 0.925110 0.938326 0.925110 0.947137 0.933921 0.955947 0.925110 0.951542 0.920705 0.947137 0.920705 0.920705 0.894273
0 0.462555 0.889868 0.453745 0.898678 0.453745 0.903084 0.462555 0.911894 0.466960 0.911894 0.475771 0.920705 0.475771 0.925110 0.480176 0.929515 0.480176 0.947137 0.484582 0.951542 0.488987 0.951542 0.497797 0.942731 0.497797 0.938326 0.493392 0.933921 0.488987 0.933921 0.484582 0.929515 0.484582 0.920705 0.480176 0.916300 0.475771 0.916300 0.471366 0.911894 0.471366 0.903084 0.466960 0.898678 0.466960 0.894273
0 0.881057 0.872247 0.863436 0.872247 0.859031 0.876652 0.854626 0.876652 0.850220 0.881057 0.850220 0.889868 0.845815 0.894273 0.850220 0.898678 0.854626 0.898678 0.859031 0.903084 0.867841 0.894273 0.872247 0.894273 0.876652 0.889868 0.881057 0.889868 0.885463 0.885463 0.885463 0.876652
0 0.555066 0.872247 0.541850 0.885463 0.546256 0.889868 0.546256 0.903084 0.541850 0.907489 0.541850 0.916300 0.546256 0.920705 0.550661 0.920705 0.555066 0.925110 0.559471 0.920705 0.559471 0.907489 0.555066 0.903084 0.555066 0.885463 0.559471 0.881057 0.559471 0.876652
0 0.321586 0.863436 0.317181 0.867841 0.317181 0.872247 0.312775 0.876652 0.312775 0.885463 0.308370 0.889868 0.308370 0.903084 0.303965 0.907489 0.303965 0.955947 0.299559 0.960352 0.299559 0.964758 0.303965 0.969163 0.308370 0.964758 0.308370 0.951542 0.312775 0.947137 0.317181 0.947137 0.330396 0.933921 0.325991 0.929515 0.325991 0.925110 0.321586 0.920705 0.321586 0.916300 0.317181 0.911894 0.317181 0.898678 0.321586 0.894273 0.325991 0.894273 0.334802 0.885463 0.334802 0.881057 0.330396 0.876652 0.330396 0.872247
0 0.140969 0.854626 0.136564 0.859031 0.132159 0.854626 0.127753 0.859031 0.127753 0.885463 0.123348 0.889868 0.123348 0.894273 0.127753 0.898678 0.132159 0.894273 0.132159 0.889868 0.136564 0.885463 0.136564 0.876652 0.145374 0.867841 0.145374 0.859031
0 0.365639 0.837004 0.356828 0.845815 0.356828 0.850220 0.370044 0.863436 0.374449 0.863436 0.378855 0.867841 0.383260 0.867841 0.387665 0.872247 0.392070 0.867841 0.392070 0.859031 0.387665 0.854626 0.387665 0.845815 0.378855 0.837004
0 0.955947 0.832599 0.947137 0.832599 0.942731 0.837004 0.942731 0.854626 0.938326 0.859031 0.933921 0.859031 0.929515 0.863436 0.925110 0.863436 0.920705 0.867841 0.920705 0.872247 0.925110 0.876652 0.925110 0.881057 0.929515 0.881057 0.933921 0.876652 0.938326 0.876652 0.960352 0.854626 0.960352 0.837004
0 0.643172 0.832599 0.638767 0.837004 0.643172 0.841410 0.643172 0.850220 0.651982 0.859031 0.651982 0.867841 0.647577 0.872247 0.647577 0.876652 0.656388 0.885463 0.669604 0.872247 0.669604 0.867841 0.665198 0.867841 0.660793 0.863436 0.656388 0.863436 0.651982 0.859031 0.651982 0.850220 0.656388 0.845815 0.656388 0.841410 0.647577 0.832599
0 0.255507 0.832599 0.237885 0.832599 0.233480 0.837004 0.237885 0.841410 0.237885 0.845815 0.251101 0.859031 0.251101 0.867841 0.246696 0.872247 0.242291 0.872247 0.237885 0.876652 0.229075 0.876652 0.224670 0.872247 0.215859 0.872247 0.211454 0.867841 0.207048 0.867841 0.202643 0.863436 0.189427 0.863436 0.185022 0.867841 0.185022 0.872247 0.189427 0.876652 0.198238 0.876652 0.202643 0.881057 0.207048 0.881057 0.211454 0.885463 0.215859 0.885463 0.224670 0.894273 0.229075 0.894273 0.233480 0.898678 0.237885 0.894273 0.237885 0.889868 0.246696 0.881057 0.251101 0.881057 0.255507 0.876652 0.255507 0.872247 0.251101 0.867841 0.251101 0.859031 0.259912 0.850220 0.259912 0.837004
0 0.330396 0.788546 0.330396 0.801762 0.334802 0.806167 0.339207 0.806167 0.343612 0.801762 0.348018 0.801762 0.352423 0.797357 0.356828 0.797357 0.361233 0.792952 0.365639 0.792952 0.370044 0.788546 0.374449 0.792952 0.378855 0.792952 0.387665 0.801762 0.387665 0.810573 0.392070 0.814978 0.400881 0.814978 0.405286 0.810573 0.409692 0.814978 0.414097 0.814978 0.418502 0.819383 0.422908 0.814978 0.427313 0.819383 0.431718 0.819383 0.436123 0.823789 0.436123 0.832599 0.440529 0.837004 0.449339 0.828194 0.440529 0.819383 0.436123 0.823789 0.431718 0.819383 0.427313 0.819383 0.422908 0.814978 0.422908 0.810573 0.418502 0.806167 0.409692 0.806167 0.405286 0.801762 0.400881 0.801762 0.383260 0.784141 0.374449 0.784141 0.370044 0.788546 0.361233 0.788546 0.356828 0.784141 0.334802 0.784141
0 0.193833 0.784141 0.189427 0.784141 0.185022 0.788546 0.185022 0.797357 0.180617 0.801762 0.180617 0.810573 0.176211 0.814978 0.176211 0.819383 0.180617 0.823789 0.180617 0.828194 0.185022 0.832599 0.189427 0.828194 0.189427 0.823789 0.193833 0.819383 0.193833 0.810573 0.202643 0.801762 0.202643 0.792952
0 0.118943 0.814978 0.118943 0.801762 0.110132 0.792952 0.110132 0.788546 0.105727 0.784141 0.101322 0.784141 0.096916 0.788546 0.096916 0.810573 0.092511 0.814978 0.092511 0.819383 0.088106 0.823789 0.083700 0.823789 0.079295 0.828194 0.074890 0.828194 0.070485 0.823789 0.061674 0.823789 0.057269 0.819383 0.052863 0.819383 0.048458 0.814978 0.048458 0.810573 0.044053 0.806167 0.044053 0.801762 0.039648 0.797357 0.035242 0.801762 0.026432 0.801762 0.022026 0.797357 0.017621 0.801762 0.030837 0.814978 0.035242 0.814978 0.039648 0.819383 0.044053 0.819383 0.052863 0.828194 0.052863 0.837004 0.061674 0.845815 0.070485 0.845815 0.074890 0.841410 0.074890 0.832599 0.079295 0.828194 0.083700 0.828194 0.088106 0.823789 0.092511 0.823789 0.096916 0.828194 0.101322 0.828194 0.105727 0.823789 0.110132 0.823789
0 0.797357 0.766520 0.784141 0.766520 0.779736 0.770925 0.779736 0.775330 0.775330 0.779736 0.775330 0.784141 0.770925 0.788546 0.770925 0.806167 0.766520 0.810573 0.766520 0.819383 0.770925 0.823789 0.775330 0.823789 0.779736 0.819383 0.779736 0.806167 0.784141 0.801762 0.784141 0.797357 0.788546 0.792952 0.792952 0.792952 0.806167 0.779736 0.806167 0.775330
0 0.599119 0.753304 0.590308 0.762115 0.594714 0.766520 0.594714 0.779736 0.603524 0.788546 0.607930 0.788546 0.612335 0.784141 0.612335 0.762115 0.607930 0.757709 0.603524 0.757709
0 0.484582 0.753304 0.480176 0.757709 0.480176 0.770925 0.475771 0.775330 0.475771 0.779736 0.471366 0.784141 0.471366 0.788546 0.466960 0.792952 0.471366 0.797357 0.471366 0.801762 0.475771 0.806167 0.475771 0.814978 0.484582 0.823789 0.497797 0.823789 0.502203 0.828194 0.506608 0.828194 0.511013 0.832599 0.515419 0.832599 0.519824 0.837004 0.524229 0.837004 0.533040 0.845815 0.537445 0.841410 0.563877 0.841410 0.568282 0.845815 0.572687 0.841410 0.572687 0.823789 0.568282 0.819383 0.563877 0.819383 0.559471 0.823789 0.528634 0.823789 0.524229 0.828194 0.515419 0.828194 0.511013 0.823789 0.506608 0.823789 0.493392 0.810573 0.493392 0.806167 0.488987 0.801762 0.488987 0.779736 0.502203 0.766520 0.502203 0.762115 0.511013 0.753304 0.506608 0.748899 0.493392 0.748899 0.488987 0.753304
0 0.079295 0.726872 0.079295 0.735683 0.088106 0.744493 0.096916 0.744493 0.101322 0.740088 0.105727 0.740088 0.110132 0.735683 0.118943 0.735683 0.123348 0.740088 0.132159 0.740088 0.136564 0.744493 0.140969 0.744493 0.145374 0.748899 0.145374 0.753304 0.149780 0.757709 0.154185 0.757709 0.158590 0.753304 0.162996 0.757709 0.167401 0.753304 0.158590 0.744493 0.154185 0.744493 0.145374 0.735683 0.145374 0.731278 0.132159 0.718062 0.127753 0.722467 0.123348 0.718062 0.114537 0.718062 0.110132 0.722467 0.083700 0.722467
0 0.656388 0.713656 0.651982 0.713656 0.647577 0.718062 0.647577 0.744493 0.643172 0.748899 0.643172 0.770925 0.647577 0.775330 0.647577 0.779736 0.651982 0.784141 0.656388 0.779736 0.660793 0.779736 0.665198 0.775330 0.665198 0.770925 0.669604 0.766520 0.669604 0.726872
0 0.722467 0.709251 0.718062 0.713656 0.718062 0.726872 0.731278 0.740088 0.731278 0.744493 0.740088 0.753304 0.744493 0.748899 0.744493 0.744493 0.748899 0.740088 0.748899 0.731278 0.740088 0.722467 0.735683 0.722467
0 0.889868 0.691630 0.885463 0.696035 0.876652 0.696035 0.872247 0.700441 0.872247 0.709251 0.876652 0.713656 0.894273 0.713656 0.898678 0.718062 0.903084 0.718062 0.907489 0.722467 0.907489 0.735683 0.903084 0.740088 0.903084 0.748899 0.907489 0.753304 0.907489 0.766520 0.903084 0.770925 0.903084 0.779736 0.894273 0.788546 0.889868 0.788546 0.885463 0.792952 0.881057 0.792952 0.876652 0.797357 0.872247 0.797357 0.867841 0.801762 0.872247 0.806167 0.876652 0.806167 0.881057 0.801762 0.885463 0.801762 0.889868 0.806167 0.894273 0.806167 0.898678 0.810573 0.903084 0.806167 0.903084 0.801762 0.898678 0.797357 0.898678 0.788546 0.903084 0.784141 0.907489 0.784141 0.911894 0.779736 0.916300 0.779736 0.920705 0.775330 0.920705 0.766520 0.916300 0.762115 0.916300 0.753304 0.920705 0.748899 0.920705 0.722467 0.925110 0.718062 0.916300 0.709251 0.916300 0.704846 0.911894 0.700441 0.903084 0.700441 0.898678 0.696035 0.894273 0.696035
0 0.612335 0.651982 0.612335 0.656388 0.616740 0.656388 0.625551 0.665198 0.634361 0.665198 0.638767 0.660793 0.651982 0.660793 0.656388 0.665198 0.660793 0.665198 0.665198 0.669604 0.669604 0.669604 0.674009 0.674009 0.678414 0.674009 0.696035 0.691630 0.700441 0.687225 0.700441 0.674009 0.691630 0.665198 0.687225 0.669604 0.682819 0.665198 0.678414 0.665198 0.669604 0.656388 0.665198 0.656388 0.660793 0.651982 0.656388 0.651982 0.651982 0.656388 0.647577 0.656388 0.643172 0.651982 0.638767 0.651982 0.634361 0.647577 0.621145 0.647577 0.616740 0.651982
0 0.872247 0.638767 0.854626 0.656388 0.854626 0.665198 0.850220 0.669604 0.854626 0.674009 0.863436 0.674009 0.867841 0.669604 0.872247 0.669604 0.876652 0.665198 0.876652 0.660793 0.881057 0.656388 0.881057 0.651982 0.876652 0.647577 0.876652 0.643172
0 0.277533 0.643172 0.273128 0.638767 0.264317 0.638767 0.259912 0.643172 0.259912 0.647577 0.255507 0.651982 0.251101 0.651982 0.246696 0.656388 0.242291 0.656388 0.237885 0.651982 0.233480 0.656388 0.233480 0.660793 0.237885 0.665198 0.242291 0.665198 0.246696 0.669604 0.259912 0.656388 0.264317 0.656388 0.268722 0.651982 0.273128 0.651982 0.277533 0.647577
0 0.061674 0.634361 0.057269 0.638767 0.061674 0.638767 0.066079 0.643172 0.066079 0.647577 0.070485 0.651982 0.070485 0.656388 0.079295 0.665198 0.079295 0.669604 0.083700 0.674009 0.092511 0.674009 0.101322 0.665198 0.101322 0.660793 0.096916 0.656388 0.096916 0.651982 0.088106 0.643172 0.088106 0.638767 0.079295 0.629956 0.070485 0.629956 0.066079 0.634361
0 0.383260 0.590308 0.378855 0.594714 0.378855 0.599119 0.392070 0.612335 0.396476 0.607930 0.400881 0.607930 0.405286 0.603524 0.409692 0.603524 0.414097 0.607930 0.418502 0.607930 0.422908 0.612335 0.422908 0.629956 0.418502 0.634361 0.418502 0.638767 0.414097 0.643172 0.414097 0.647577 0.418502 0.651982 0.422908 0.651982 0.427313 0.656388 0.431718 0.651982 0.427313 0.647577 0.427313 0.634361 0.431718 0.629956 0.431718 0.625551 0.436123 0.621145 0.436123 0.612335 0.440529 0.607930 0.440529 0.603524 0.436123 0.599119 0.431718 0.603524 0.427313 0.603524 0.422908 0.607930 0.418502 0.607930 0.414097 0.603524 0.409692 0.603524 0.400881 0.594714 0.396476 0.594714 0.392070 0.590308
0 0.612335 0.585903 0.607930 0.581498 0.603524 0.585903 0.599119 0.585903 0.594714 0.590308 0.585903 0.590308 0.581498 0.585903 0.577093 0.590308 0.550661 0.590308 0.546256 0.594714 0.546256 0.603524 0.550661 0.607930 0.577093 0.607930 0.594714 0.590308 0.599119 0.590308 0.603524 0.585903 0.607930 0.590308
0 0.312775 0.568282 0.303965 0.577093 0.303965 0.585903 0.308370 0.590308 0.308370 0.594714 0.312775 0.599119 0.312775 0.607930 0.317181 0.612335 0.317181 0.616740 0.321586 0.621145 0.321586 0.643172 0.325991 0.647577 0.334802 0.647577 0.339207 0.643172 0.339207 0.638767 0.343612 0.634361 0.339207 0.629956 0.339207 0.616740 0.330396 0.607930 0.330396 0.603524 0.325991 0.599119 0.325991 0.594714 0.321586 0.590308 0.321586 0.572687 0.317181 0.568282
0 0.158590 0.568282 0.149780 0.559471 0.127753 0.559471 0.123348 0.563877 0.118943 0.559471 0.110132 0.568282 0.110132 0.572687 0.105727 0.577093 0.105727 0.581498 0.101322 0.585903 0.096916 0.585903 0.092511 0.590308 0.088106 0.590308 0.083700 0.594714 0.083700 0.599119 0.079295 0.603524 0.088106 0.612335 0.096916 0.612335 0.105727 0.603524 0.105727 0.590308 0.114537 0.581498 0.118943 0.581498 0.123348 0.577093 0.132159 0.577093 0.136564 0.581498 0.149780 0.581498 0.154185 0.577093 0.154185 0.572687
0 0.757709 0.533040 0.753304 0.537445 0.753304 0.541850 0.748899 0.546256 0.753304 0.550661 0.762115 0.550661 0.766520 0.555066 0.770925 0.555066 0.779736 0.563877 0.779736 0.568282 0.792952 0.581498 0.797357 0.577093 0.797357 0.563877 0.792952 0.559471 0.792952 0.555066 0.788546 0.550661 0.784141 0.550661 0.779736 0.546256 0.779736 0.541850 0.775330 0.537445 0.770925 0.537445 0.766520 0.533040
0 0.660793 0.533040 0.669604 0.541850 0.674009 0.537445 0.678414 0.541850 0.682819 0.541850 0.687225 0.546256 0.709251 0.546256 0.713656 0.541850 0.713656 0.537445 0.709251 0.533040 0.700441 0.533040 0.696035 0.528634 0.687225 0.528634 0.682819 0.533040 0.678414 0.528634 0.665198 0.528634
0 0.127753 0.524229 0.123348 0.519824 0.114537 0.519824 0.110132 0.524229 0.101322 0.524229 0.096916 0.528634 0.083700 0.528634 0.074890 0.537445 0.070485 0.537445 0.066079 0.541850 0.061674 0.541850 0.057269 0.546256 0.052863 0.546256 0.048458 0.550661 0.044053 0.550661 0.030837 0.563877 0.030837 0.568282 0.026432 0.572687 0.026432 0.577093 0.030837 0.581498 0.039648 0.572687 0.039648 0.568282 0.048458 0.559471 0.052863 0.559471 0.057269 0.555066 0.061674 0.555066 0.066079 0.550661 0.074890 0.550661 0.083700 0.541850 0.088106 0.541850 0.092511 0.537445 0.096916 0.537445 0.101322 0.533040 0.110132 0.533040 0.114537 0.528634 0.123348 0.528634
0 0.343612 0.506608 0.343612 0.515419 0.348018 0.519824 0.356828 0.519824 0.361233 0.515419 0.365639 0.515419 0.370044 0.519824 0.374449 0.519824 0.378855 0.524229 0.378855 0.528634 0.383260 0.533040 0.387665 0.533040 0.392070 0.537445 0.396476 0.537445 0.400881 0.541850 0.405286 0.541850 0.409692 0.546256 0.418502 0.546256 0.422908 0.541850 0.418502 0.537445 0.418502 0.528634 0.409692 0.519824 0.396476 0.519824 0.392070 0.515419 0.387665 0.519824 0.383260 0.519824 0.378855 0.515419 0.374449 0.515419 0.370044 0.511013 0.370044 0.502203 0.361233 0.493392 0.356828 0.497797 0.352423 0.497797
0 0.845815 0.488987 0.841410 0.484582 0.837004 0.484582 0.832599 0.480176 0.828194 0.484582 0.823789 0.484582 0.819383 0.488987 0.814978 0.488987 0.810573 0.493392 0.792952 0.493392 0.788546 0.497797 0.788546 0.506608 0.792952 0.511013 0.806167 0.511013 0.810573 0.515419 0.814978 0.515419 0.823789 0.506608 0.823789 0.502203 0.828194 0.497797 0.832599 0.497797 0.837004 0.493392 0.841410 0.493392
0 0.603524 0.466960 0.603524 0.475771 0.607930 0.480176 0.616740 0.480176 0.621145 0.484582 0.625551 0.484582 0.634361 0.493392 0.638767 0.493392 0.643172 0.497797 0.651982 0.488987 0.651982 0.484582 0.647577 0.480176 0.647577 0.475771 0.634361 0.462555 0.625551 0.462555 0.621145 0.466960 0.616740 0.466960 0.612335 0.462555 0.607930 0.462555
0 0.863436 0.475771 0.867841 0.480176 0.872247 0.475771 0.876652 0.475771 0.881057 0.480176 0.885463 0.480176 0.889868 0.475771 0.894273 0.475771 0.898678 0.480176 0.903084 0.480176 0.907489 0.475771 0.907489 0.466960 0.898678 0.458150 0.894273 0.462555 0.885463 0.462555 0.881057 0.458150
0 0.960352 0.449339 0.955947 0.453745 0.955947 0.458150 0.951542 0.462555 0.951542 0.466960 0.947137 0.471366 0.947137 0.475771 0.964758 0.493392 0.969163 0.493392 0.973568 0.497797 0.977974 0.497797 0.986784 0.506608 0.995595 0.506608 0.995595 0.497797 0.986784 0.497797 0.982379 0.493392 0.977974 0.493392 0.969163 0.484582 0.969163 0.462555 0.964758 0.458150 0.964758 0.453745
0 0.770925 0.431718 0.762115 0.422908 0.753304 0.422908 0.740088 0.436123 0.735683 0.436123 0.731278 0.440529 0.726872 0.440529 0.722467 0.436123 0.718062 0.436123 0.713656 0.431718 0.709251 0.431718 0.704846 0.427313 0.700441 0.427313 0.696035 0.431718 0.687225 0.431718 0.682819 0.436123 0.674009 0.436123 0.665198 0.444934 0.669604 0.449339 0.704846 0.449339 0.709251 0.444934 0.718062 0.444934 0.722467 0.440529 0.726872 0.440529 0.731278 0.444934 0.735683 0.444934 0.748899 0.458150 0.753304 0.458150 0.757709 0.453745 0.762115 0.453745 0.766520 0.449339 0.766520 0.444934 0.770925 0.440529
0 0.660793 0.392070 0.656388 0.387665 0.651982 0.387665 0.647577 0.383260 0.643172 0.387665 0.638767 0.383260 0.629956 0.392070 0.629956 0.396476 0.625551 0.400881 0.634361 0.409692 0.638767 0.405286 0.647577 0.405286
0 0.964758 0.361233 0.960352 0.361233 0.951542 0.352423 0.920705 0.352423 0.907489 0.365639 0.903084 0.365639 0.898678 0.370044 0.885463 0.370044 0.876652 0.378855 0.885463 0.387665 0.889868 0.387665 0.894273 0.392070 0.903084 0.392070 0.907489 0.387665 0.916300 0.387665 0.920705 0.383260 0.925110 0.383260 0.938326 0.370044 0.942731 0.370044 0.947137 0.365639 0.951542 0.370044 0.955947 0.365639 0.960352 0.365639
0 0.127753 0.334802 0.123348 0.334802 0.118943 0.339207 0.114537 0.339207 0.110132 0.343612 0.110132 0.348018 0.105727 0.352423 0.105727 0.361233 0.114537 0.370044 0.127753 0.356828 0.127753 0.348018 0.132159 0.343612 0.132159 0.339207
0 0.039648 0.334802 0.030837 0.343612 0.030837 0.356828 0.044053 0.370044 0.044053 0.374449 0.048458 0.378855 0.048458 0.387665 0.052863 0.392070 0.052863 0.396476 0.057269 0.400881 0.083700 0.400881 0.088106 0.396476 0.088106 0.392070 0.079295 0.383260 0.074890 0.383260 0.070485 0.378855 0.066079 0.378855 0.057269 0.370044 0.057269 0.361233 0.052863 0.356828 0.052863 0.343612 0.044053 0.334802
0 0.753304 0.312775 0.740088 0.312775 0.735683 0.317181 0.735683 0.334802 0.731278 0.339207 0.735683 0.343612 0.740088 0.339207 0.748899 0.339207 0.753304 0.334802 0.753304 0.325991 0.757709 0.321586 0.757709 0.317181
0 0.832599 0.308370 0.832599 0.312775 0.841410 0.321586 0.850220 0.321586 0.859031 0.312775 0.859031 0.303965 0.863436 0.299559 0.867841 0.299559 0.872247 0.295154 0.876652 0.299559 0.881057 0.299559 0.885463 0.303965 0.885463 0.308370 0.889868 0.312775 0.889868 0.317181 0.894273 0.321586 0.898678 0.321586 0.903084 0.317181 0.903084 0.303965 0.907489 0.299559 0.903084 0.295154 0.889868 0.295154 0.885463 0.299559 0.881057 0.299559 0.876652 0.295154 0.872247 0.295154 0.867841 0.290749 0.867841 0.286344 0.863436 0.281938 0.854626 0.290749 0.854626 0.295154 0.850220 0.299559 0.845815 0.299559 0.841410 0.303965 0.837004 0.303965
0 0.964758 0.259912 0.951542 0.273128 0.947137 0.273128 0.933921 0.286344 0.933921 0.290749 0.929515 0.295154 0.938326 0.303965 0.942731 0.303965 0.955947 0.290749 0.955947 0.286344 0.964758 0.277533 0.964758 0.268722 0.969163 0.264317
0 0.158590 0.224670 0.154185 0.229075 0.154185 0.233480 0.162996 0.242291 0.162996 0.259912 0.167401 0.264317 0.176211 0.264317 0.180617 0.259912 0.180617 0.242291 0.167401 0.229075 0.162996 0.229075
0 0.259912 0.185022 0.255507 0.189427 0.251101 0.189427 0.242291 0.198238 0.242291 0.202643 0.237885 0.207048 0.251101 0.220264 0.255507 0.220264 0.268722 0.233480 0.273128 0.229075 0.268722 0.224670 0.268722 0.202643 0.264317 0.198238 0.264317 0.189427
0 0.511013 0.171806 0.515419 0.176211 0.515419 0.180617 0.519824 0.185022 0.524229 0.185022 0.528634 0.189427 0.533040 0.189427 0.546256 0.202643 0.550661 0.202643 0.555066 0.207048 0.559471 0.207048 0.563877 0.211454 0.577093 0.198238 0.581498 0.198238 0.585903 0.193833 0.594714 0.193833 0.599119 0.189427 0.599119 0.180617 0.603524 0.176211 0.603524 0.171806 0.599119 0.167401 0.594714 0.167401 0.590308 0.171806 0.590308 0.176211 0.581498 0.185022 0.577093 0.185022 0.572687 0.189427 0.568282 0.189427 0.563877 0.185022 0.550661 0.185022 0.546256 0.180617 0.541850 0.180617 0.537445 0.176211 0.537445 0.167401 0.528634 0.158590 0.524229 0.158590
0 0.066079 0.158590 0.057269 0.167401 0.061674 0.171806 0.061674 0.176211 0.070485 0.185022 0.074890 0.185022 0.083700 0.176211 0.083700 0.162996 0.079295 0.158590
0 0.656388 0.162996 0.660793 0.167401 0.669604 0.167401 0.678414 0.158590 0.682819 0.158590 0.687225 0.154185 0.691630 0.158590 0.696035 0.158590 0.700441 0.162996 0.709251 0.162996 0.718062 0.154185 0.713656 0.149780 0.709251 0.149780 0.704846 0.145374 0.700441 0.149780 0.696035 0.149780 0.691630 0.154185 0.687225 0.154185 0.682819 0.158590 0.678414 0.154185 0.674009 0.154185 0.669604 0.149780 0.665198 0.149780 0.660793 0.145374 0.656388 0.149780
0 0.387665 0.105727 0.374449 0.105727 0.370044 0.110132 0.370044 0.136564 0.365639 0.140969 0.365639 0.154185 0.370044 0.158590 0.378855 0.158590 0.383260 0.154185 0.383260 0.136564 0.392070 0.127753 0.392070 0.110132
0 0.321586 0.079295 0.312775 0.079295 0.299559 0.092511 0.299559 0.101322 0.295154 0.105727 0.299559 0.110132 0.299559 0.114537 0.303965 0.118943 0.308370 0.118943 0.330396 0.096916 0.330396 0.088106
0 0.083700 0.074890 0.074890 0.083700 0.074890 0.088106 0.092511 0.105727 0.096916 0.105727 0.105727 0.096916 0.101322 0.092511 0.101322 0.083700 0.092511 0.074890
0 0.440529 0.061674 0.436123 0.066079 0.436123 0.074890 0.449339 0.088106 0.453745 0.088106 0.458150 0.092511 0.462555 0.092511 0.466960 0.096916 0.471366 0.092511 0.471366 0.088106 0.466960 0.083700 0.466960 0.079295 0.453745 0.066079 0.449339 0.066079 0.444934 0.061674
0 0.775330 0.052863 0.770925 0.057269 0.770925 0.061674 0.775330 0.066079 0.775330 0.070485 0.779736 0.074890 0.779736 0.079295 0.784141 0.083700 0.792952 0.083700 0.797357 0.088106 0.801762 0.088106 0.806167 0.092511 0.806167 0.101322 0.814978 0.110132 0.823789 0.110132 0.828194 0.114537 0.832599 0.114537 0.832599 0.110132 0.837004 0.105727 0.837004 0.096916 0.828194 0.088106 0.823789 0.088106 0.819383 0.083700 0.814978 0.083700 0.810573 0.088106 0.806167 0.083700 0.801762 0.083700 0.797357 0.079295 0.797357 0.074890 0.792952 0.070485 0.792952 0.066079 0.779736 0.052863
0 0.995595 0.057269 0.911894 0.074890 0.885463 0.039648 0.876652 0.061674 0.903084 0.083700 0.859031 0.123348 0.837004 0.123348 0.656388 0.237885 0.616740 0.246696 0.594714 0.237885 0.533040 0.281938 0.480176 0.290749 0.449339 0.308370 0.414097 0.312775 0.400881 0.303965 0.400881 0.281938 0.440529 0.273128 0.449339 0.242291 0.405286 0.259912 0.387665 0.290749 0.295154 0.277533 0.273128 0.299559 0.281938 0.317181 0.233480 0.361233 0.176211 0.352423 0.114537 0.431718 0.052863 0.440529 0.017621 0.427313 0.000000 0.453745 0.030837 0.444934 0.044053 0.462555 0.022026 0.471366 0.013216 0.488987 0.048458 0.511013 0.057269 0.493392 0.083700 0.493392 0.127753 0.458150 0.149780 0.471366 0.149780 0.488987 0.180617 0.475771 0.198238 0.493392 0.220264 0.493392 0.237885 0.471366 0.229075 0.458150 0.193833 0.480176 0.180617 0.462555 0.207048 0.444934 0.224670 0.414097 0.334802 0.365639 0.370044 0.361233 0.418502 0.392070 0.436123 0.431718 0.431718 0.466960 0.453745 0.484582 0.466960 0.471366 0.440529 0.453745 0.436123 0.400881 0.396476 0.365639 0.405286 0.348018 0.436123 0.352423 0.488987 0.321586 0.502203 0.325991 0.594714 0.281938 0.607930 0.286344 0.625551 0.268722 0.674009 0.273128 0.841410 0.162996 0.872247 0.162996 0.916300 0.136564 0.942731 0.140969 0.982379 0.118943 0.995595 0.123348 0.995595 0.101322 0.973568 0.118943 0.916300 0.127753 0.898678 0.118943 0.916300 0.083700 0.995595 0.066079
0 0.669604 0.030837 0.656388 0.017621 0.647577 0.026432 0.643172 0.026432 0.638767 0.030837 0.638767 0.039648 0.643172 0.044053 0.660793 0.044053 0.669604 0.035242
