0 0.255507 0.916300 0.251101 0.920705 0.251101 0.929515 0.246696 0.933921 0.251101 0.938326 0.251101 0.960352 0.259912 0.969163 0.259912 0.995595 0.277533 0.995595 0.277533 0.977974 0.273128 0.973568 0.273128 0.964758 0.277533 0.960352 0.277533 0.955947 0.273128 0.951542 0.273128 0.933921 0.268722 0.929515 0.268722 0.920705 0.264317 0.916300 0.259912 0.920705
0 0.519824 0.907489 0.519824 0.929515 0.533040 0.942731 0.537445 0.942731 0.541850 0.947137 0.546256 0.942731 0.550661 0.947137 0.559471 0.947137 0.563877 0.951542 0.568282 0.951542 0.572687 0.947137 0.577093 0.947137 0.585903 0.938326 0.585903 0.933921 0.577093 0.925110 0.568282 0.925110 0.559471 0.933921 0.555066 0.933921 0.550661 0.938326 0.546256 0.933921 0.541850 0.933921 0.537445 0.929515 0.537445 0.907489 0.528634 0.898678
0 0.083700 0.881057 0.074890 0.881057 0.070485 0.885463 0.070485 0.903084 0.066079 0.907489 0.066079 0.911894 0.074890 0.920705 0.088106 0.907489 0.088106 0.903084 0.092511 0.898678 0.088106 0.894273 0.088106 0.885463
0 0.995595 0.876652 0.991189 0.876652 0.986784 0.881057 0.982379 0.881057 0.977974 0.885463 0.973568 0.885463 0.969163 0.889868 0.969163 0.894273 0.964758 0.898678 0.969163 0.903084 0.982379 0.903084 0.986784 0.898678 0.991189 0.898678 0.995595 0.894273
0 0.960352 0.832599 0.964758 0.837004 0.969163 0.837004 0.973568 0.841410 0.995595 0.841410 0.995595 0.823789 0.973568 0.823789 0.969163 0.828194 0.964758 0.828194
0 0.207048 0.806167 0.224670 0.823789 0.229075 0.823789 0.233480 0.828194 0.242291 0.828194 0.246696 0.823789 0.229075 0.806167 0.224670 0.806167 0.220264 0.801762 0.211454 0.801762
0 0.325991 0.779736 0.321586 0.775330 0.317181 0.775330 0.312775 0.770925 0.308370 0.775330 0.299559 0.775330 0.290749 0.784141 0.290749 0.788546 0.286344 0.792952 0.295154 0.801762 0.308370 0.801762 0.325991 0.784141
0 0.462555 0.762115 0.453745 0.770925 0.453745 0.779736 0.458150 0.784141 0.462555 0.784141 0.466960 0.788546 0.475771 0.788546 0.484582 0.779736 0.484582 0.775330 0.475771 0.766520 0.471366 0.766520 0.466960 0.762115
0 0.066079 0.660793 0.061674 0.665198 0.061674 0.674009 0.066079 0.678414 0.066079 0.704846 0.070485 0.709251 0.074890 0.709251 0.083700 0.700441 0.070485 0.687225 0.070485 0.678414 0.079295 0.669604 0.074890 0.665198 0.070485 0.665198
0 0.894273 0.665198 0.894273 0.669604 0.898678 0.674009 0.916300 0.674009 0.920705 0.669604 0.925110 0.674009 0.938326 0.674009 0.942731 0.669604 0.933921 0.660793 0.933921 0.656388 0.925110 0.647577 0.916300 0.647577 0.907489 0.656388 0.903084 0.656388
0 0.700441 0.656388 0.709251 0.665198 0.718062 0.665198 0.726872 0.656388 0.726872 0.647577 0.731278 0.643172 0.735683 0.643172 0.740088 0.638767 0.766520 0.638767 0.770925 0.643172 0.779736 0.643172 0.784141 0.647577 0.792952 0.638767 0.788546 0.634361 0.779736 0.634361 0.775330 0.629956 0.770925 0.629956 0.766520 0.625551 0.757709 0.625551 0.753304 0.621145 0.740088 0.621145 0.726872 0.634361 0.722467 0.634361 0.718062 0.638767 0.709251 0.638767 0.700441 0.647577
0 0.400881 0.572687 0.400881 0.577093 0.405286 0.581498 0.414097 0.581498 0.418502 0.585903 0.422908 0.585903 0.427313 0.590308 0.431718 0.590308 0.449339 0.607930 0.458150 0.599119 0.458150 0.590308 0.453745 0.585903 0.449339 0.585903 0.444934 0.581498 0.440529 0.581498 0.436123 0.577093 0.431718 0.577093 0.427313 0.572687 0.422908 0.572687 0.418502 0.568282 0.405286 0.568282
0 0.431718 0.519824 0.427313 0.524229 0.427313 0.528634 0.431718 0.533040 0.431718 0.537445 0.436123 0.541850 0.449339 0.541850 0.458150 0.533040 0.458150 0.528634 0.453745 0.524229 0.453745 0.519824 0.449339 0.515419 0.440529 0.515419 0.436123 0.519824
0 0.784141 0.537445 0.792952 0.546256 0.801762 0.546256 0.810573 0.537445 0.814978 0.537445 0.819383 0.533040 0.832599 0.533040 0.837004 0.528634 0.841410 0.533040 0.854626 0.533040 0.859031 0.537445 0.872247 0.537445 0.876652 0.533040 0.863436 0.519824 0.859031 0.519824 0.854626 0.515419 0.845815 0.515419 0.841410 0.511013 0.837004 0.511013 0.832599 0.506608 0.823789 0.506608 0.819383 0.511013 0.810573 0.511013 0.806167 0.515419 0.801762 0.515419 0.784141 0.533040
0 0.392070 0.502203 0.387665 0.506608 0.383260 0.506608 0.370044 0.519824 0.370044 0.528634 0.374449 0.533040 0.383260 0.533040 0.387665 0.528634 0.387665 0.524229 0.400881 0.511013
0 0.162996 0.458150 0.154185 0.449339 0.149780 0.449339 0.145374 0.453745 0.140969 0.453745 0.136564 0.458150 0.132159 0.458150 0.127753 0.462555 0.127753 0.466960 0.132159 0.471366 0.136564 0.471366 0.140969 0.475771 0.145374 0.471366 0.154185 0.471366 0.162996 0.462555
0 0.599119 0.444934 0.599119 0.449339 0.607930 0.458150 0.612335 0.458150 0.616740 0.462555 0.621145 0.462555 0.625551 0.466960 0.629956 0.466960 0.634361 0.471366 0.638767 0.471366 0.647577 0.480176 0.656388 0.480176 0.660793 0.484582 0.669604 0.475771 0.669604 0.462555 0.665198 0.458150 0.660793 0.458150 0.656388 0.453745 0.647577 0.453745 0.643172 0.449339 0.638767 0.449339 0.634361 0.444934 0.629956 0.449339 0.625551 0.444934 0.621145 0.444934 0.616740 0.440529 0.612335 0.440529 0.607930 0.436123
0 0.000000 0.418502 0.000000 0.427313 0.017621 0.440529 0.017621 0.449339 0.022026 0.453745 0.030837 0.440529 0.044053 0.431718 0.048458 0.436123 0.061674 0.436123 0.066079 0.440529 0.092511 0.444934 0.132159 0.414097 0.180617 0.418502 0.215859 0.436123 0.242291 0.436123 0.246696 0.431718 0.251101 0.436123 0.264317 0.427313 0.321586 0.422908 0.352423 0.440529 0.352423 0.453745 0.308370 0.484582 0.286344 0.475771 0.281938 0.484582 0.295154 0.502203 0.303965 0.502203 0.312775 0.493392 0.339207 0.484582 0.348018 0.475771 0.348018 0.466960 0.356828 0.462555 0.365639 0.449339 0.352423 0.440529 0.352423 0.431718 0.356828 0.427313 0.330396 0.414097 0.295154 0.414097 0.286344 0.418502 0.277533 0.414097 0.268722 0.400881 0.259912 0.418502 0.251101 0.422908 0.237885 0.422908 0.233480 0.418502 0.220264 0.427313 0.198238 0.414097 0.198238 0.405286 0.202643 0.400881 0.193833 0.392070 0.185022 0.392070 0.180617 0.396476 0.154185 0.383260 0.145374 0.387665 0.132159 0.387665 0.118943 0.378855 0.096916 0.378855 0.083700 0.370044 0.074890 0.374449 0.079295 0.378855 0.079295 0.392070 0.088106 0.400881 0.101322 0.396476 0.114537 0.405286 0.114537 0.414097 0.105727 0.422908 0.083700 0.431718 0.074890 0.427313 0.057269 0.405286 0.048458 0.405286 0.044053 0.400881 0.035242 0.400881 0.030837 0.405286 0.030837 0.414097 0.017621 0.422908 0.013216 0.418502
0 0.651982 0.361233 0.647577 0.365639 0.643172 0.365639 0.634361 0.374449 0.634361 0.392070 0.638767 0.396476 0.643172 0.392070 0.647577 0.392070 0.660793 0.378855 0.660793 0.370044
0 0.973568 0.325991 0.969163 0.325991 0.964758 0.330396 0.964758 0.343612 0.955947 0.352423 0.955947 0.361233 0.960352 0.365639 0.969163 0.365639 0.973568 0.361233 0.973568 0.356828 0.977974 0.352423 0.977974 0.330396
0 0.088106 0.317181 0.088106 0.325991 0.092511 0.330396 0.096916 0.325991 0.101322 0.330396 0.118943 0.330396 0.123348 0.334802 0.127753 0.334802 0.132159 0.339207 0.132159 0.343612 0.145374 0.356828 0.149780 0.352423 0.149780 0.348018 0.158590 0.339207 0.162996 0.339207 0.167401 0.334802 0.171806 0.339207 0.176211 0.339207 0.185022 0.330396 0.180617 0.325991 0.171806 0.325991 0.167401 0.330396 0.162996 0.330396 0.158590 0.334802 0.154185 0.330396 0.149780 0.330396 0.140969 0.321586 0.123348 0.321586 0.118943 0.317181 0.114537 0.317181 0.110132 0.312775 0.092511 0.312775
0 0.268722 0.299559 0.246696 0.299559 0.215859 0.330396 0.215859 0.334802 0.220264 0.339207 0.220264 0.343612 0.224670 0.348018 0.224670 0.356828 0.220264 0.361233 0.220264 0.365639 0.215859 0.370044 0.215859 0.378855 0.220264 0.383260 0.224670 0.383260 0.229075 0.387665 0.233480 0.383260 0.233480 0.356828 0.242291 0.348018 0.242291 0.325991 0.255507 0.312775 0.259912 0.312775 0.264317 0.308370 0.268722 0.312775 0.273128 0.312775 0.277533 0.308370
0 0.832599 0.295154 0.828194 0.295154 0.823789 0.299559 0.823789 0.321586 0.819383 0.325991 0.814978 0.325991 0.810573 0.330396 0.814978 0.334802 0.819383 0.334802 0.823789 0.330396 0.828194 0.330396 0.832599 0.325991 0.832599 0.321586 0.837004 0.317181 0.837004 0.299559
0 0.845815 0.251101 0.841410 0.246696 0.837004 0.251101 0.801762 0.251101 0.797357 0.255507 0.797357 0.264317 0.801762 0.268722 0.806167 0.268722 0.810573 0.273128 0.814978 0.273128 0.819383 0.268722 0.828194 0.268722
0 0.735683 0.224670 0.740088 0.229075 0.744493 0.229075 0.748899 0.233480 0.753304 0.233480 0.757709 0.237885 0.762115 0.233480 0.770925 0.233480 0.779736 0.224670 0.770925 0.215859 0.762115 0.215859 0.757709 0.211454 0.748899 0.211454
0 0.378855 0.189427 0.392070 0.202643 0.396476 0.202643 0.400881 0.207048 0.405286 0.202643 0.409692 0.202643 0.414097 0.198238 0.414097 0.189427 0.409692 0.185022 0.392070 0.185022 0.387665 0.180617
0 0.264317 0.189427 0.259912 0.185022 0.255507 0.185022 0.251101 0.180617 0.246696 0.185022 0.237885 0.185022 0.229075 0.193833 0.229075 0.207048 0.233480 0.211454 0.246696 0.211454 0.264317 0.193833
0 0.035242 0.162996 0.035242 0.167401 0.039648 0.171806 0.044053 0.171806 0.048458 0.176211 0.066079 0.176211 0.070485 0.180617 0.074890 0.176211 0.079295 0.176211 0.083700 0.171806 0.088106 0.176211 0.092511 0.176211 0.105727 0.189427 0.110132 0.185022 0.114537 0.189427 0.123348 0.189427 0.132159 0.180617 0.123348 0.171806 0.118943 0.171806 0.114537 0.167401 0.105727 0.167401 0.101322 0.171806 0.096916 0.171806 0.092511 0.176211 0.088106 0.171806 0.083700 0.171806 0.079295 0.167401 0.079295 0.158590 0.074890 0.154185 0.057269 0.154185 0.052863 0.158590 0.039648 0.158590
0 0.215859 0.145374 0.215859 0.136564 0.207048 0.127753 0.202643 0.132159 0.189427 0.132159 0.180617 0.140969 0.189427 0.149780 0.211454 0.149780
0 0.903084 0.110132 0.898678 0.110132 0.889868 0.118943 0.889868 0.123348 0.885463 0.127753 0.885463 0.136564 0.894273 0.145374 0.911894 0.127753 0.911894 0.118943
0 0.753304 0.066079 0.748899 0.066079 0.726872 0.088106 0.722467 0.088106 0.718062 0.092511 0.718062 0.101322 0.726872 0.110132 0.731278 0.110132 0.744493 0.096916 0.744493 0.092511 0.757709 0.079295 0.757709 0.070485
0 0.339207 0.061674 0.343612 0.066079 0.348018 0.066079 0.352423 0.070485 0.356828 0.070485 0.361233 0.074890 0.365639 0.074890 0.370044 0.079295 0.383260 0.079295 0.387665 0.074890 0.378855 0.066079 0.374449 0.070485 0.370044 0.066079 0.365639 0.066079 0.356828 0.057269 0.343612 0.057269
0 0.995595 0.052863 0.977974 0.048458 0.929515 0.074890 0.903084 0.079295 0.881057 0.070485 0.881057 0.061674 0.903084 0.048458 0.894273 0.039648 0.872247 0.061674 0.832599 0.066079 0.819383 0.057269 0.784141 0.092511 0.775330 0.110132 0.660793 0.220264 0.647577 0.251101 0.621145 0.273128 0.599119 0.268722 0.581498 0.255507 0.546256 0.277533 0.519824 0.281938 0.506608 0.273128 0.506608 0.264317 0.528634 0.246696 0.519824 0.237885 0.497797 0.246696 0.497797 0.264317 0.462555 0.277533 0.436123 0.273128 0.418502 0.286344 0.378855 0.286344 0.365639 0.295154 0.321586 0.286344 0.317181 0.303965 0.383260 0.303965 0.431718 0.286344 0.480176 0.281938 0.502203 0.303965 0.528634 0.312775 0.555066 0.299559 0.581498 0.299559 0.603524 0.290749 0.629956 0.268722 0.643172 0.277533 0.643172 0.290749 0.621145 0.317181 0.603524 0.317181 0.577093 0.334802 0.563877 0.330396 0.546256 0.343612 0.555066 0.348018 0.577093 0.334802 0.585903 0.339207 0.585903 0.365639 0.594714 0.370044 0.603524 0.348018 0.660793 0.286344 0.678414 0.242291 0.753304 0.171806 0.766520 0.149780 0.814978 0.101322 0.859031 0.083700 0.933921 0.083700
0 0.074890 0.035242 0.079295 0.039648 0.083700 0.039648 0.088106 0.044053 0.096916 0.044053 0.101322 0.039648 0.105727 0.039648 0.110132 0.035242 0.123348 0.035242 0.127753 0.039648 0.136564 0.039648 0.145374 0.030837 0.145374 0.026432 0.140969 0.022026 0.114537 0.022026 0.110132 0.026432 0.101322 0.026432 0.096916 0.022026 0.088106 0.022026 0.083700 0.026432 0.079295 0.026432 0.074890 0.030837
