0 0.453745 0.986784 0.458150 0.995595 0.506608 0.995595 0.511013 0.986784 0.537445 0.977974 0.550661 0.982379 0.590308 0.982379 0.621145 0.960352 0.669604 0.955947 0.682819 0.947137 0.674009 0.942731 0.643172 0.951542 0.629956 0.942731 0.629956 0.933921 0.638767 0.925110 0.656388 0.916300 0.682819 0.925110 0.718062 0.903084 0.735683 0.911894 0.748899 0.911894 0.775330 0.929515 0.832599 0.929515 0.885463 0.951542 0.916300 0.951542 0.920705 0.947137 0.925110 0.951542 0.951542 0.929515 0.995595 0.916300 0.995595 0.885463 0.977974 0.876652 0.960352 0.889868 0.933921 0.894273 0.903084 0.916300 0.885463 0.916300 0.837004 0.898678 0.814978 0.898678 0.801762 0.907489 0.770925 0.907489 0.753304 0.889868 0.726872 0.889868 0.722467 0.894273 0.691630 0.889868 0.682819 0.898678 0.656388 0.907489 0.643172 0.898678 0.643172 0.889868 0.660793 0.876652 0.651982 0.867841 0.643172 0.881057 0.616740 0.894273 0.585903 0.876652 0.572687 0.876652 0.568282 0.881057 0.563877 0.876652 0.550661 0.889868 0.563877 0.898678 0.585903 0.903084 0.590308 0.916300 0.568282 0.938326 0.546256 0.947137 0.506608 0.951542 0.480176 0.964758
0 0.506608 0.841410 0.502203 0.841410 0.493392 0.850220 0.493392 0.863436 0.488987 0.867841 0.488987 0.881057 0.484582 0.885463 0.484582 0.889868 0.488987 0.894273 0.493392 0.894273 0.502203 0.885463 0.497797 0.881057 0.497797 0.863436 0.511013 0.850220 0.511013 0.845815
0 0.889868 0.797357 0.885463 0.792952 0.881057 0.792952 0.872247 0.801762 0.867841 0.801762 0.863436 0.806167 0.854626 0.806167 0.850220 0.810573 0.845815 0.810573 0.841410 0.814978 0.837004 0.814978 0.832599 0.819383 0.828194 0.814978 0.823789 0.814978 0.819383 0.819383 0.814978 0.819383 0.810573 0.823789 0.810573 0.828194 0.814978 0.832599 0.823789 0.832599 0.828194 0.828194 0.837004 0.828194 0.841410 0.823789 0.845815 0.823789 0.850220 0.819383 0.854626 0.819383 0.859031 0.814978 0.863436 0.819383 0.876652 0.819383 0.889868 0.806167
0 0.286344 0.757709 0.281938 0.753304 0.277533 0.753304 0.268722 0.762115 0.264317 0.762115 0.259912 0.766520 0.251101 0.766520 0.246696 0.770925 0.246696 0.779736 0.251101 0.784141 0.255507 0.784141 0.268722 0.770925 0.273128 0.770925 0.277533 0.766520 0.281938 0.766520 0.286344 0.762115
0 0.070485 0.731278 0.066079 0.731278 0.057269 0.740088 0.057269 0.762115 0.061674 0.766520 0.066079 0.762115 0.070485 0.762115 0.074890 0.757709 0.079295 0.757709 0.083700 0.753304 0.083700 0.740088 0.079295 0.735683 0.074890 0.735683
0 0.110132 0.682819 0.118943 0.691630 0.123348 0.691630 0.127753 0.687225 0.132159 0.687225 0.145374 0.674009 0.140969 0.669604 0.118943 0.669604 0.114537 0.674009 0.114537 0.678414
0 0.383260 0.629956 0.374449 0.638767 0.374449 0.643172 0.378855 0.647577 0.378855 0.669604 0.383260 0.674009 0.392070 0.674009 0.396476 0.669604 0.396476 0.665198 0.392070 0.660793 0.392070 0.638767
0 0.995595 0.502203 0.991189 0.502203 0.986784 0.506608 0.982379 0.506608 0.977974 0.511013 0.977974 0.515419 0.973568 0.519824 0.969163 0.519824 0.951542 0.537445 0.951542 0.541850 0.947137 0.546256 0.947137 0.555066 0.955947 0.563877 0.960352 0.559471 0.964758 0.559471 0.973568 0.550661 0.973568 0.541850 0.986784 0.528634 0.991189 0.528634 0.995595 0.524229
0 0.607930 0.405286 0.590308 0.396476 0.585903 0.383260 0.572687 0.374449 0.563877 0.361233 0.555066 0.356828 0.519824 0.356828 0.484582 0.370044 0.436123 0.422908 0.405286 0.431718 0.348018 0.466960 0.334802 0.466960 0.312775 0.475771 0.303965 0.493392 0.277533 0.502203 0.237885 0.528634 0.202643 0.528634 0.185022 0.537445 0.154185 0.537445 0.149780 0.533040 0.132159 0.533040 0.105727 0.519824 0.092511 0.528634 0.066079 0.511013 0.044053 0.528634 0.035242 0.528634 0.022026 0.519824 0.000000 0.519824 0.000000 0.541850 0.026432 0.541850 0.030837 0.537445 0.044053 0.546256 0.039648 0.559471 0.044053 0.563877 0.057269 0.563877 0.070485 0.555066 0.092511 0.568282 0.105727 0.559471 0.118943 0.559471 0.123348 0.563877 0.162996 0.568282 0.167401 0.572687 0.193833 0.563877 0.233480 0.563877 0.237885 0.559471 0.251101 0.559471 0.290749 0.537445 0.303965 0.537445 0.308370 0.528634 0.321586 0.519824 0.339207 0.519824 0.343612 0.524229 0.361233 0.511013 0.374449 0.511013 0.409692 0.484582 0.414097 0.488987 0.427313 0.488987 0.506608 0.414097 0.528634 0.414097 0.533040 0.409692 0.550661 0.418502 0.585903 0.418502
0 0.638767 0.387665 0.656388 0.405286 0.669604 0.392070 0.669604 0.387665 0.674009 0.383260 0.687225 0.378855 0.696035 0.370044 0.700441 0.370044 0.704846 0.365639 0.713656 0.365639 0.718062 0.361233 0.726872 0.361233 0.740088 0.352423 0.744493 0.356828 0.753304 0.348018 0.757709 0.348018 0.770925 0.339207 0.784141 0.339207 0.788546 0.334802 0.797357 0.334802 0.801762 0.339207 0.810573 0.339207 0.814978 0.334802 0.819383 0.339207 0.823789 0.339207 0.837004 0.330396 0.845815 0.330396 0.850220 0.334802 0.881057 0.334802 0.885463 0.339207 0.898678 0.339207 0.911894 0.348018 0.916300 0.343612 0.920705 0.348018 0.942731 0.348018 0.947137 0.352423 0.951542 0.348018 0.969163 0.348018 0.973568 0.343612 0.995595 0.343612 0.995595 0.312775 0.916300 0.312775 0.903084 0.303965 0.889868 0.303965 0.885463 0.299559 0.841410 0.299559 0.837004 0.295154 0.814978 0.303965 0.797357 0.290749 0.784141 0.290749 0.779736 0.295154 0.766520 0.295154 0.762115 0.299559 0.748899 0.303965 0.731278 0.317181 0.722467 0.317181 0.718062 0.321586 0.696035 0.321586 0.682819 0.334802 0.669604 0.339207 0.638767 0.365639
0 0.819383 0.154185 0.814978 0.154185 0.801762 0.167401 0.801762 0.171806 0.810573 0.180617 0.819383 0.180617 0.828194 0.171806 0.828194 0.162996
