0 0.493392 0.991189 0.493392 0.995595 0.594714 0.995595 0.594714 0.991189 0.590308 0.986784 0.585903 0.991189 0.581498 0.991189 0.577093 0.995595 0.568282 0.995595 0.563877 0.991189 0.559471 0.995595 0.555066 0.995595 0.550661 0.991189 0.546256 0.991189 0.541850 0.986784 0.497797 0.986784
0 0.960352 0.933921 0.951542 0.942731 0.951542 0.951542 0.964758 0.964758 0.964758 0.977974 0.960352 0.982379 0.969163 0.991189 0.969163 0.995595 0.995595 0.995595 0.991189 0.991189 0.986784 0.991189 0.973568 0.977974 0.973568 0.973568 0.969163 0.969163 0.969163 0.942731
0 0.466960 0.911894 0.458150 0.920705 0.458150 0.929515 0.462555 0.933921 0.480176 0.933921 0.484582 0.929515 0.484582 0.925110 0.488987 0.920705 0.484582 0.916300 0.480176 0.916300 0.475771 0.911894
0 0.612335 0.876652 0.603524 0.885463 0.607930 0.889868 0.612335 0.889868 0.616740 0.894273 0.616740 0.903084 0.621145 0.907489 0.621145 0.916300 0.625551 0.920705 0.625551 0.929515 0.629956 0.933921 0.643172 0.920705 0.643172 0.916300 0.621145 0.894273 0.621145 0.881057 0.616740 0.876652
0 0.881057 0.810573 0.876652 0.814978 0.876652 0.841410 0.872247 0.845815 0.872247 0.854626 0.889868 0.872247 0.889868 0.876652 0.894273 0.881057 0.894273 0.885463 0.898678 0.889868 0.898678 0.911894 0.894273 0.916300 0.889868 0.916300 0.885463 0.920705 0.881057 0.916300 0.876652 0.916300 0.872247 0.920705 0.885463 0.933921 0.885463 0.938326 0.894273 0.947137 0.894273 0.951542 0.907489 0.964758 0.907489 0.969163 0.911894 0.973568 0.911894 0.995595 0.920705 0.995595 0.920705 0.977974 0.929515 0.969163 0.929515 0.960352 0.925110 0.955947 0.925110 0.947137 0.920705 0.942731 0.920705 0.938326 0.916300 0.933921 0.916300 0.920705 0.925110 0.911894 0.925110 0.903084 0.916300 0.894273 0.916300 0.885463 0.911894 0.881057 0.911894 0.872247 0.907489 0.867841 0.907489 0.863436 0.889868 0.845815 0.889868 0.819383
0 0.528634 0.801762 0.515419 0.814978 0.515419 0.823789 0.511013 0.828194 0.519824 0.837004 0.524229 0.832599 0.528634 0.832599 0.537445 0.823789 0.537445 0.810573
0 0.229075 0.788546 0.229075 0.797357 0.233480 0.801762 0.237885 0.801762 0.242291 0.806167 0.255507 0.806167 0.259912 0.801762 0.259912 0.797357 0.246696 0.784141 0.233480 0.784141
0 0.039648 0.770925 0.048458 0.775330 0.088106 0.814978 0.088106 0.819383 0.101322 0.832599 0.105727 0.832599 0.127753 0.850220 0.136564 0.854626 0.145374 0.854626 0.149780 0.859031 0.158590 0.859031 0.207048 0.885463 0.215859 0.885463 0.220264 0.889868 0.233480 0.889868 0.251101 0.903084 0.259912 0.903084 0.273128 0.911894 0.281938 0.911894 0.303965 0.925110 0.325991 0.929515 0.343612 0.942731 0.352423 0.942731 0.387665 0.960352 0.396476 0.969163 0.414097 0.977974 0.431718 0.977974 0.436123 0.982379 0.449339 0.982379 0.453745 0.977974 0.449339 0.969163 0.436123 0.964758 0.427313 0.955947 0.405286 0.951542 0.387665 0.938326 0.356828 0.925110 0.348018 0.916300 0.325991 0.916300 0.308370 0.907489 0.295154 0.894273 0.286344 0.889868 0.273128 0.889868 0.251101 0.876652 0.237885 0.876652 0.220264 0.867841 0.207048 0.867841 0.198238 0.863436 0.180617 0.845815 0.132159 0.828194 0.118943 0.814978 0.105727 0.810573 0.101322 0.801762 0.088106 0.788546 0.079295 0.788546 0.070485 0.784141 0.052863 0.762115 0.048458 0.762115
0 0.757709 0.744493 0.753304 0.748899 0.748899 0.744493 0.740088 0.753304 0.735683 0.753304 0.731278 0.757709 0.722467 0.757709 0.718062 0.762115 0.718062 0.770925 0.722467 0.775330 0.726872 0.770925 0.731278 0.770925 0.735683 0.766520 0.740088 0.766520 0.744493 0.762115 0.748899 0.766520 0.753304 0.766520 0.757709 0.770925 0.757709 0.784141 0.753304 0.788546 0.753304 0.792952 0.748899 0.797357 0.748899 0.806167 0.744493 0.810573 0.740088 0.810573 0.735683 0.814978 0.740088 0.819383 0.744493 0.814978 0.744493 0.810573 0.753304 0.801762 0.757709 0.801762 0.762115 0.797357 0.762115 0.792952 0.766520 0.788546 0.766520 0.784141 0.770925 0.779736 0.770925 0.766520 0.775330 0.762115
0 0.277533 0.731278 0.268722 0.740088 0.268722 0.748899 0.277533 0.757709 0.286344 0.757709 0.290749 0.762115 0.295154 0.762115 0.303965 0.753304 0.299559 0.748899 0.299559 0.744493 0.286344 0.731278
0 0.766520 0.669604 0.762115 0.674009 0.766520 0.687225 0.775330 0.691630 0.788546 0.713656 0.810573 0.735683 0.819383 0.740088 0.832599 0.762115 0.841410 0.766520 0.863436 0.788546 0.881057 0.784141 0.907489 0.797357 0.933921 0.823789 0.947137 0.845815 0.969163 0.863436 0.969163 0.872247 0.964758 0.876652 0.977974 0.885463 0.977974 0.898678 0.973568 0.907489 0.977974 0.911894 0.982379 0.907489 0.995595 0.907489 0.995595 0.894273 0.977974 0.885463 0.977974 0.872247 0.995595 0.863436 0.995595 0.792952 0.973568 0.797357 0.969163 0.792952 0.955947 0.792952 0.942731 0.784141 0.942731 0.775330 0.955947 0.766520 0.964758 0.770925 0.982379 0.762115 0.977974 0.757709 0.973568 0.762115 0.955947 0.753304 0.929515 0.731278 0.929515 0.722467 0.938326 0.713656 0.947137 0.709251 0.969163 0.713656 0.973568 0.709251 0.973568 0.700441 0.964758 0.691630 0.955947 0.691630 0.933921 0.704846 0.929515 0.700441 0.925110 0.704846 0.920705 0.700441 0.907489 0.709251 0.907489 0.722467 0.889868 0.735683 0.903084 0.748899 0.903084 0.757709 0.889868 0.766520 0.881057 0.762115 0.859031 0.740088 0.859031 0.726872 0.845815 0.713656 0.841410 0.718062 0.823789 0.713656 0.792952 0.682819
0 0.325991 0.665198 0.339207 0.678414 0.352423 0.678414 0.356828 0.674009 0.361233 0.678414 0.365639 0.674009 0.356828 0.665198 0.352423 0.665198 0.348018 0.660793 0.343612 0.660793 0.339207 0.656388 0.334802 0.656388
0 0.145374 0.643172 0.145374 0.647577 0.149780 0.651982 0.154185 0.651982 0.158590 0.647577 0.162996 0.647577 0.167401 0.651982 0.171806 0.651982 0.180617 0.660793 0.185022 0.660793 0.198238 0.674009 0.202643 0.669604 0.207048 0.669604 0.211454 0.665198 0.193833 0.647577 0.189427 0.647577 0.185022 0.651982 0.180617 0.651982 0.176211 0.656388 0.171806 0.651982 0.167401 0.651982 0.162996 0.647577 0.162996 0.638767 0.158590 0.634361 0.154185 0.638767 0.149780 0.638767
0 0.079295 0.629956 0.074890 0.625551 0.070485 0.625551 0.052863 0.643172 0.048458 0.643172 0.044053 0.647577 0.039648 0.643172 0.035242 0.647577 0.022026 0.647577 0.017621 0.651982 0.022026 0.656388 0.035242 0.656388 0.039648 0.660793 0.044053 0.660793 0.048458 0.656388 0.048458 0.651982 0.057269 0.643172 0.061674 0.643172 0.066079 0.638767 0.070485 0.638767 0.074890 0.643172 0.079295 0.638767
0 0.325991 0.603524 0.325991 0.607930 0.334802 0.616740 0.343612 0.616740 0.352423 0.607930 0.356828 0.607930 0.361233 0.603524 0.365639 0.607930 0.370044 0.607930 0.374449 0.612335 0.383260 0.612335 0.387665 0.607930 0.392070 0.607930 0.396476 0.603524 0.400881 0.603524 0.405286 0.607930 0.409692 0.607930 0.414097 0.612335 0.418502 0.612335 0.422908 0.616740 0.427313 0.612335 0.431718 0.612335 0.436123 0.607930 0.431718 0.603524 0.431718 0.599119 0.427313 0.594714 0.422908 0.594714 0.414097 0.585903 0.409692 0.585903 0.405286 0.590308 0.400881 0.585903 0.396476 0.585903 0.392070 0.590308 0.370044 0.590308 0.365639 0.585903 0.361233 0.585903 0.348018 0.599119 0.343612 0.599119 0.339207 0.603524 0.334802 0.599119 0.330396 0.599119
0 0.929515 0.546256 0.929515 0.550661 0.938326 0.559471 0.942731 0.559471 0.947137 0.555066 0.955947 0.555066 0.960352 0.550661 0.964758 0.550661 0.969163 0.546256 0.982379 0.546256 0.986784 0.550661 0.995595 0.550661 0.995595 0.533040 0.991189 0.528634 0.955947 0.528634 0.951542 0.533040 0.942731 0.533040
0 0.189427 0.519824 0.185022 0.515419 0.180617 0.515419 0.176211 0.519824 0.162996 0.519824 0.158590 0.524229 0.140969 0.524229 0.136564 0.528634 0.140969 0.533040 0.145374 0.533040 0.149780 0.537445 0.154185 0.533040 0.158590 0.533040 0.162996 0.528634 0.171806 0.528634 0.176211 0.533040 0.180617 0.528634 0.185022 0.528634 0.189427 0.524229
0 0.740088 0.488987 0.744493 0.493392 0.744493 0.511013 0.748899 0.515419 0.748899 0.519824 0.753304 0.524229 0.779736 0.524229 0.784141 0.519824 0.788546 0.524229 0.792952 0.519824 0.788546 0.515419 0.784141 0.515419 0.779736 0.511013 0.775330 0.511013 0.762115 0.497797 0.762115 0.488987 0.757709 0.484582 0.753304 0.484582 0.748899 0.480176
0 0.396476 0.480176 0.392070 0.475771 0.383260 0.475771 0.378855 0.471366 0.374449 0.471366 0.365639 0.480176 0.361233 0.480176 0.356828 0.484582 0.352423 0.484582 0.348018 0.488987 0.348018 0.493392 0.352423 0.497797 0.356828 0.497797 0.361233 0.493392 0.365639 0.493392 0.370044 0.488987 0.374449 0.488987 0.378855 0.484582 0.392070 0.484582
0 0.198238 0.484582 0.193833 0.480176 0.189427 0.480176 0.185022 0.475771 0.180617 0.475771 0.176211 0.471366 0.176211 0.449339 0.167401 0.440529 0.154185 0.440529 0.149780 0.444934 0.149780 0.466960 0.145374 0.471366 0.140969 0.471366 0.127753 0.484582 0.127753 0.488987 0.118943 0.497797 0.123348 0.502203 0.127753 0.497797 0.132159 0.502203 0.149780 0.484582 0.154185 0.484582 0.158590 0.480176 0.162996 0.480176 0.167401 0.475771 0.171806 0.480176 0.176211 0.480176 0.185022 0.488987 0.189427 0.488987 0.193833 0.493392 0.198238 0.488987
0 0.383260 0.400881 0.383260 0.409692 0.392070 0.418502 0.405286 0.418502 0.409692 0.414097 0.414097 0.414097 0.422908 0.405286 0.422908 0.400881 0.418502 0.396476 0.409692 0.396476 0.405286 0.392070 0.392070 0.392070
0 0.881057 0.374449 0.876652 0.378855 0.867841 0.378855 0.863436 0.383260 0.863436 0.387665 0.850220 0.400881 0.845815 0.400881 0.837004 0.409692 0.845815 0.418502 0.850220 0.418502 0.854626 0.422908 0.854626 0.453745 0.850220 0.458150 0.850220 0.466960 0.854626 0.471366 0.867841 0.471366 0.876652 0.462555 0.863436 0.449339 0.863436 0.440529 0.867841 0.436123 0.863436 0.431718 0.859031 0.431718 0.854626 0.427313 0.854626 0.414097 0.859031 0.409692 0.859031 0.400881 0.863436 0.396476 0.867841 0.396476 0.872247 0.392070 0.876652 0.392070 0.881057 0.396476 0.885463 0.396476 0.889868 0.392070 0.889868 0.387665 0.885463 0.383260 0.885463 0.378855
0 0.312775 0.361233 0.317181 0.365639 0.317181 0.370044 0.321586 0.374449 0.325991 0.374449 0.330396 0.378855 0.352423 0.378855 0.356828 0.374449 0.352423 0.370044 0.348018 0.370044 0.330396 0.352423 0.325991 0.352423 0.321586 0.356828 0.317181 0.356828
0 0.246696 0.325991 0.220264 0.325991 0.215859 0.330396 0.215859 0.348018 0.193833 0.370044 0.202643 0.378855 0.207048 0.374449 0.207048 0.370044 0.215859 0.361233 0.215859 0.356828 0.224670 0.348018 0.229075 0.348018 0.237885 0.339207 0.242291 0.339207 0.251101 0.330396
0 0.409692 0.317181 0.400881 0.325991 0.405286 0.330396 0.405286 0.334802 0.409692 0.339207 0.414097 0.339207 0.422908 0.348018 0.427313 0.348018 0.436123 0.356828 0.436123 0.370044 0.444934 0.378855 0.462555 0.361233 0.453745 0.352423 0.449339 0.352423 0.440529 0.343612 0.440529 0.339207 0.436123 0.334802 0.431718 0.334802 0.422908 0.325991 0.418502 0.325991
0 0.823789 0.299559 0.819383 0.303965 0.823789 0.308370 0.823789 0.312775 0.828194 0.317181 0.828194 0.321586 0.837004 0.330396 0.841410 0.330396 0.845815 0.325991 0.845815 0.312775 0.832599 0.299559
0 0.885463 0.295154 0.881057 0.299559 0.881057 0.321586 0.876652 0.325991 0.876652 0.339207 0.881057 0.343612 0.885463 0.339207 0.889868 0.343612 0.894273 0.343612 0.898678 0.348018 0.898678 0.356828 0.907489 0.365639 0.911894 0.361233 0.916300 0.361233 0.920705 0.356828 0.925110 0.356828 0.929515 0.361233 0.933921 0.361233 0.938326 0.356828 0.942731 0.356828 0.947137 0.352423 0.942731 0.352423 0.933921 0.343612 0.925110 0.352423 0.920705 0.352423 0.916300 0.356828 0.911894 0.356828 0.907489 0.352423 0.903084 0.352423 0.898678 0.348018 0.898678 0.321586 0.916300 0.303965 0.911894 0.299559 0.903084 0.299559 0.898678 0.295154
0 0.960352 0.295154 0.960352 0.299559 0.964758 0.303965 0.969163 0.303965 0.982379 0.317181 0.995595 0.317181 0.995595 0.308370 0.991189 0.303965 0.986784 0.303965 0.977974 0.295154 0.977974 0.290749 0.973568 0.286344 0.969163 0.290749 0.964758 0.290749
0 0.409692 0.273128 0.405286 0.268722 0.392070 0.268722 0.383260 0.277533 0.378855 0.277533 0.374449 0.281938 0.370044 0.281938 0.365639 0.286344 0.356828 0.286344 0.352423 0.290749 0.334802 0.290749 0.330396 0.295154 0.325991 0.295154 0.321586 0.299559 0.317181 0.299559 0.312775 0.303965 0.317181 0.308370 0.321586 0.308370 0.330396 0.317181 0.334802 0.317181 0.348018 0.303965 0.352423 0.303965 0.356828 0.299559 0.361233 0.299559 0.365639 0.295154 0.370044 0.295154 0.374449 0.290749 0.378855 0.295154 0.387665 0.295154 0.396476 0.286344 0.396476 0.281938 0.400881 0.277533 0.405286 0.277533
0 0.035242 0.255507 0.030837 0.255507 0.026432 0.259912 0.022026 0.255507 0.013216 0.264317 0.013216 0.277533 0.017621 0.281938 0.017621 0.286344 0.022026 0.290749 0.026432 0.286344 0.035242 0.286344 0.044053 0.277533 0.044053 0.264317
0 0.713656 0.242291 0.718062 0.246696 0.722467 0.242291 0.731278 0.242291 0.735683 0.246696 0.740088 0.246696 0.744493 0.251101 0.753304 0.251101 0.757709 0.246696 0.762115 0.246696 0.766520 0.251101 0.770925 0.251101 0.775330 0.255507 0.775330 0.259912 0.779736 0.264317 0.784141 0.264317 0.788546 0.268722 0.792952 0.264317 0.792952 0.251101 0.784141 0.242291 0.779736 0.246696 0.775330 0.246696 0.770925 0.251101 0.766520 0.246696 0.762115 0.246696 0.753304 0.237885 0.748899 0.237885 0.744493 0.242291 0.735683 0.242291 0.731278 0.237885 0.726872 0.237885 0.722467 0.233480
0 0.070485 0.215859 0.066079 0.220264 0.057269 0.220264 0.052863 0.224670 0.052863 0.229075 0.066079 0.242291 0.066079 0.246696 0.070485 0.251101 0.079295 0.242291 0.074890 0.237885 0.074890 0.220264
0 0.995595 0.211454 0.991189 0.211454 0.986784 0.215859 0.982379 0.211454 0.977974 0.215859 0.973568 0.215859 0.969163 0.220264 0.964758 0.215859 0.955947 0.215859 0.951542 0.220264 0.951542 0.224670 0.955947 0.229075 0.960352 0.229075 0.964758 0.224670 0.982379 0.224670 0.986784 0.229075 0.995595 0.229075
0 0.823789 0.202643 0.823789 0.211454 0.828194 0.215859 0.832599 0.215859 0.841410 0.224670 0.845815 0.224670 0.850220 0.229075 0.854626 0.229075 0.863436 0.220264 0.863436 0.215859 0.854626 0.207048 0.850220 0.207048 0.845815 0.202643 0.841410 0.202643 0.837004 0.198238 0.828194 0.198238
0 0.145374 0.185022 0.132159 0.198238 0.132159 0.202643 0.127753 0.207048 0.127753 0.220264 0.123348 0.224670 0.123348 0.233480 0.118943 0.237885 0.118943 0.242291 0.114537 0.246696 0.114537 0.251101 0.118943 0.255507 0.118943 0.264317 0.105727 0.277533 0.105727 0.281938 0.114537 0.290749 0.118943 0.290749 0.123348 0.286344 0.127753 0.290749 0.132159 0.290749 0.145374 0.303965 0.149780 0.303965 0.158590 0.312775 0.167401 0.312775 0.171806 0.317181 0.176211 0.312775 0.176211 0.308370 0.149780 0.281938 0.136564 0.281938 0.132159 0.277533 0.127753 0.277533 0.123348 0.273128 0.123348 0.259912 0.132159 0.251101 0.132159 0.246696 0.136564 0.242291 0.136564 0.233480 0.140969 0.229075 0.140969 0.220264 0.145374 0.215859 0.149780 0.215859 0.154185 0.211454 0.154185 0.189427 0.149780 0.185022
0 0.251101 0.171806 0.246696 0.176211 0.246696 0.185022 0.242291 0.189427 0.237885 0.189427 0.233480 0.193833 0.233480 0.198238 0.237885 0.202643 0.242291 0.202643 0.246696 0.207048 0.251101 0.202643 0.255507 0.202643 0.259912 0.198238 0.259912 0.189427 0.255507 0.185022 0.255507 0.176211
0 0.872247 0.114537 0.867841 0.118943 0.863436 0.118943 0.854626 0.127753 0.854626 0.132159 0.863436 0.140969 0.863436 0.149780 0.859031 0.154185 0.854626 0.154185 0.845815 0.162996 0.854626 0.171806 0.859031 0.171806 0.863436 0.176211 0.867841 0.176211 0.876652 0.185022 0.881057 0.185022 0.889868 0.176211 0.889868 0.171806 0.881057 0.162996 0.876652 0.162996 0.872247 0.158590 0.867841 0.158590 0.863436 0.154185 0.863436 0.140969 0.876652 0.127753 0.876652 0.118943
0 0.938326 0.110132 0.933921 0.114537 0.942731 0.123348 0.947137 0.123348 0.951542 0.127753 0.951542 0.149780 0.955947 0.154185 0.969163 0.154185 0.973568 0.149780 0.973568 0.145374 0.977974 0.140969 0.973568 0.136564 0.969163 0.136564 0.964758 0.132159 0.960352 0.132159 0.955947 0.127753 0.951542 0.127753 0.947137 0.123348 0.947137 0.114537 0.942731 0.110132
0 0.709251 0.118943 0.713656 0.123348 0.722467 0.123348 0.726872 0.127753 0.731278 0.127753 0.735683 0.132159 0.744493 0.132159 0.748899 0.136564 0.753304 0.136564 0.766520 0.149780 0.775330 0.149780 0.779736 0.145374 0.770925 0.136564 0.766520 0.136564 0.757709 0.127753 0.757709 0.118943 0.753304 0.114537 0.753304 0.105727 0.762115 0.096916 0.757709 0.092511 0.753304 0.096916 0.753304 0.105727 0.748899 0.110132 0.744493 0.110132 0.740088 0.114537 0.735683 0.114537 0.731278 0.118943 0.722467 0.118943 0.718062 0.114537 0.713656 0.114537
0 0.207048 0.074890 0.202643 0.074890 0.198238 0.079295 0.189427 0.079295 0.185022 0.083700 0.185022 0.088106 0.180617 0.092511 0.180617 0.105727 0.176211 0.110132 0.176211 0.118943 0.171806 0.123348 0.171806 0.132159 0.158590 0.145374 0.158590 0.154185 0.162996 0.158590 0.176211 0.158590 0.180617 0.154185 0.180617 0.145374 0.185022 0.140969 0.185022 0.136564 0.189427 0.132159 0.189427 0.127753 0.193833 0.123348 0.193833 0.110132 0.202643 0.101322 0.202643 0.096916 0.211454 0.088106 0.211454 0.079295
0 0.237885 0.074890 0.237885 0.079295 0.251101 0.092511 0.255507 0.092511 0.264317 0.101322 0.273128 0.101322 0.277533 0.096916 0.277533 0.092511 0.273128 0.088106 0.268722 0.088106 0.251101 0.070485 0.242291 0.070485
0 0.903084 0.057269 0.898678 0.061674 0.907489 0.070485 0.907489 0.079295 0.903084 0.083700 0.903084 0.092511 0.911894 0.101322 0.925110 0.088106 0.925110 0.079295 0.929515 0.074890 0.916300 0.061674 0.911894 0.061674 0.907489 0.057269
0 0.114537 0.052863 0.110132 0.057269 0.114537 0.061674 0.114537 0.074890 0.110132 0.079295 0.105727 0.079295 0.101322 0.083700 0.096916 0.083700 0.088106 0.092511 0.088106 0.096916 0.110132 0.118943 0.114537 0.114537 0.114537 0.110132 0.110132 0.105727 0.110132 0.083700 0.118943 0.074890 0.123348 0.074890 0.127753 0.070485 0.127753 0.061674 0.123348 0.057269 0.118943 0.057269
0 0.951542 0.057269 0.951542 0.061674 0.955947 0.066079 0.960352 0.066079 0.964758 0.061674 0.973568 0.061674 0.977974 0.066079 0.995595 0.066079 0.995595 0.048458 0.977974 0.048458 0.973568 0.052863 0.969163 0.052863 0.964758 0.048458 0.960352 0.048458
0 0.837004 0.030837 0.832599 0.026432 0.819383 0.026432 0.814978 0.030837 0.814978 0.035242 0.810573 0.039648 0.806167 0.039648 0.801762 0.044053 0.797357 0.039648 0.792952 0.039648 0.784141 0.030837 0.775330 0.030837 0.766520 0.039648 0.766520 0.048458 0.775330 0.057269 0.775330 0.061674 0.779736 0.066079 0.784141 0.066079 0.788546 0.061674 0.788546 0.052863 0.792952 0.048458 0.797357 0.048458 0.801762 0.044053 0.806167 0.048458 0.810573 0.048458 0.814978 0.052863 0.823789 0.052863 0.837004 0.039648
0 0.290749 0.000000 0.308370 0.048458 0.290749 0.057269 0.273128 0.044053 0.268722 0.052863 0.334802 0.105727 0.348018 0.136564 0.343612 0.167401 0.299559 0.167401 0.290749 0.176211 0.321586 0.193833 0.348018 0.171806 0.365639 0.176211 0.392070 0.220264 0.422908 0.242291 0.440529 0.299559 0.475771 0.339207 0.502203 0.334802 0.528634 0.356828 0.537445 0.418502 0.515419 0.422908 0.502203 0.392070 0.488987 0.387665 0.497797 0.440529 0.511013 0.453745 0.533040 0.431718 0.577093 0.466960 0.616740 0.550661 0.669604 0.585903 0.669604 0.603524 0.687225 0.621145 0.682819 0.682819 0.700441 0.700441 0.722467 0.700441 0.687225 0.665198 0.696035 0.629956 0.709251 0.621145 0.757709 0.651982 0.766520 0.647577 0.731278 0.621145 0.722467 0.585903 0.735683 0.577093 0.828194 0.603524 0.859031 0.643172 0.850220 0.665198 0.881057 0.687225 0.881057 0.656388 0.894273 0.629956 0.863436 0.585903 0.876652 0.577093 0.894273 0.581498 0.894273 0.559471 0.859031 0.559471 0.850220 0.550661 0.854626 0.515419 0.841410 0.506608 0.832599 0.515419 0.841410 0.550661 0.814978 0.581498 0.779736 0.581498 0.735683 0.559471 0.709251 0.581498 0.643172 0.524229 0.634361 0.506608 0.651982 0.497797 0.713656 0.541850 0.718062 0.519824 0.682819 0.497797 0.691630 0.475771 0.634361 0.436123 0.497797 0.246696 0.453745 0.162996 0.400881 0.127753 0.356828 0.030837 0.325991 0.000000
0 0.083700 0.000000 0.079295 0.000000 0.079295 0.004405 0.070485 0.013216 0.066079 0.013216 0.057269 0.022026 0.061674 0.026432 0.061674 0.030837 0.066079 0.035242 0.079295 0.035242 0.092511 0.022026 0.092511 0.017621 0.088106 0.013216 0.088106 0.008811 0.083700 0.004405
