0 0.303965 0.903084 0.295154 0.903084 0.286344 0.911894 0.281938 0.911894 0.277533 0.916300 0.273128 0.916300 0.268722 0.920705 0.268722 0.947137 0.277533 0.955947 0.281938 0.951542 0.286344 0.951542 0.290749 0.947137 0.290749 0.942731 0.286344 0.938326 0.286344 0.925110 0.290749 0.920705 0.295154 0.920705 0.299559 0.916300 0.303965 0.916300 0.308370 0.911894 0.308370 0.907489
0 0.541850 0.881057 0.528634 0.894273 0.528634 0.907489 0.519824 0.916300 0.515419 0.916300 0.506608 0.925110 0.506608 0.933921 0.511013 0.938326 0.515419 0.938326 0.519824 0.942731 0.524229 0.942731 0.528634 0.938326 0.528634 0.933921 0.524229 0.929515 0.524229 0.911894 0.528634 0.907489 0.533040 0.907489 0.537445 0.903084 0.546256 0.903084 0.555066 0.894273
0 0.057269 0.859031 0.052863 0.854626 0.044053 0.854626 0.039648 0.859031 0.039648 0.863436 0.035242 0.867841 0.030837 0.867841 0.026432 0.872247 0.022026 0.872247 0.013216 0.881057 0.008811 0.881057 0.004405 0.885463 0.000000 0.881057 0.000000 0.889868 0.004405 0.885463 0.008811 0.885463 0.013216 0.881057 0.017621 0.881057 0.022026 0.885463 0.026432 0.881057 0.030837 0.881057 0.035242 0.876652 0.039648 0.881057 0.057269 0.863436
0 0.462555 0.837004 0.462555 0.841410 0.466960 0.845815 0.475771 0.845815 0.480176 0.850220 0.484582 0.845815 0.488987 0.845815 0.493392 0.850220 0.497797 0.850220 0.502203 0.854626 0.506608 0.854626 0.511013 0.850220 0.511013 0.845815 0.506608 0.841410 0.502203 0.845815 0.497797 0.841410 0.493392 0.841410 0.484582 0.832599 0.466960 0.832599
0 0.973568 0.801762 0.969163 0.797357 0.964758 0.801762 0.955947 0.801762 0.951542 0.806167 0.942731 0.806167 0.929515 0.819383 0.925110 0.819383 0.916300 0.828194 0.920705 0.832599 0.929515 0.832599 0.933921 0.828194 0.942731 0.828194 0.947137 0.823789 0.955947 0.823789 0.960352 0.819383 0.964758 0.819383 0.969163 0.814978 0.969163 0.810573 0.973568 0.806167
0 0.400881 0.797357 0.396476 0.797357 0.392070 0.801762 0.392070 0.810573 0.387665 0.814978 0.387665 0.819383 0.383260 0.823789 0.383260 0.828194 0.392070 0.837004 0.396476 0.837004 0.400881 0.832599 0.400881 0.828194 0.405286 0.823789 0.405286 0.801762
0 0.149780 0.696035 0.145374 0.700441 0.136564 0.700441 0.132159 0.704846 0.132159 0.718062 0.140969 0.726872 0.145374 0.726872 0.149780 0.722467 0.149780 0.718062 0.154185 0.713656 0.154185 0.700441
0 0.740088 0.682819 0.744493 0.687225 0.748899 0.682819 0.753304 0.687225 0.762115 0.687225 0.766520 0.691630 0.779736 0.691630 0.788546 0.682819 0.788546 0.678414 0.784141 0.674009 0.757709 0.674009 0.753304 0.678414 0.748899 0.674009
0 0.440529 0.656388 0.431718 0.647577 0.422908 0.647577 0.418502 0.651982 0.414097 0.651982 0.409692 0.656388 0.405286 0.656388 0.400881 0.660793 0.405286 0.665198 0.418502 0.665198 0.422908 0.669604 0.427313 0.669604 0.431718 0.665198 0.436123 0.665198 0.440529 0.660793
0 0.405286 0.506608 0.405286 0.511013 0.409692 0.515419 0.418502 0.515419 0.422908 0.519824 0.427313 0.519824 0.431718 0.524229 0.436123 0.519824 0.453745 0.519824 0.458150 0.524229 0.462555 0.524229 0.466960 0.528634 0.475771 0.519824 0.475771 0.511013 0.471366 0.506608 0.466960 0.506608 0.462555 0.502203 0.453745 0.502203 0.449339 0.506608 0.436123 0.506608 0.431718 0.502203 0.409692 0.502203
0 0.017621 0.365639 0.013216 0.370044 0.013216 0.378855 0.022026 0.387665 0.022026 0.409692 0.026432 0.414097 0.035242 0.414097 0.044053 0.405286 0.030837 0.392070 0.026432 0.392070 0.022026 0.387665 0.022026 0.378855 0.026432 0.374449
0 0.317181 0.312775 0.312775 0.317181 0.312775 0.321586 0.325991 0.334802 0.325991 0.352423 0.334802 0.361233 0.334802 0.365639 0.339207 0.370044 0.348018 0.370044 0.352423 0.365639 0.352423 0.361233 0.339207 0.348018 0.339207 0.343612 0.330396 0.334802 0.330396 0.321586 0.321586 0.312775
0 0.246696 0.246696 0.242291 0.242291 0.237885 0.242291 0.233480 0.237885 0.229075 0.237885 0.224670 0.233480 0.220264 0.233480 0.211454 0.224670 0.207048 0.224670 0.189427 0.242291 0.189427 0.259912 0.180617 0.268722 0.176211 0.268722 0.167401 0.277533 0.167401 0.281938 0.171806 0.286344 0.185022 0.273128 0.185022 0.264317 0.189427 0.259912 0.193833 0.259912 0.198238 0.255507 0.207048 0.255507 0.211454 0.251101 0.215859 0.251101 0.220264 0.246696 0.224670 0.251101 0.229075 0.251101 0.233480 0.255507 0.237885 0.255507
0 0.083700 0.158590 0.079295 0.158590 0.074890 0.162996 0.074890 0.167401 0.070485 0.171806 0.066079 0.171806 0.061674 0.176211 0.057269 0.176211 0.052863 0.180617 0.052863 0.189427 0.057269 0.193833 0.061674 0.193833 0.066079 0.189427 0.070485 0.189427 0.074890 0.185022 0.074890 0.180617 0.079295 0.176211 0.083700 0.176211 0.088106 0.171806 0.088106 0.162996
0 0.616740 0.110132 0.612335 0.114537 0.612335 0.118943 0.629956 0.136564 0.629956 0.140969 0.634361 0.145374 0.647577 0.132159 0.647577 0.118943 0.643172 0.114537 0.638767 0.114537 0.634361 0.110132
0 0.365639 0.070485 0.361233 0.066079 0.348018 0.066079 0.325991 0.088106 0.325991 0.092511 0.330396 0.096916 0.339207 0.096916 0.343612 0.092511 0.352423 0.092511 0.361233 0.083700 0.361233 0.079295 0.365639 0.074890
0 0.000000 0.017621 0.000000 0.030837 0.035242 0.030837 0.039648 0.026432 0.039648 0.022026 0.035242 0.017621 0.030837 0.022026 0.026432 0.017621 0.022026 0.017621 0.017621 0.013216 0.008811 0.013216 0.004405 0.017621
0 0.942731 0.348018 0.854626 0.343612 0.806167 0.273128 0.647577 0.176211 0.643172 0.189427 0.665198 0.202643 0.651982 0.229075 0.603524 0.264317 0.480176 0.312775 0.471366 0.281938 0.484582 0.268722 0.488987 0.207048 0.537445 0.162996 0.577093 0.083700 0.555066 0.000000 0.528634 0.030837 0.550661 0.092511 0.475771 0.189427 0.466960 0.281938 0.422908 0.352423 0.400881 0.365639 0.418502 0.378855 0.405286 0.422908 0.299559 0.484582 0.211454 0.506608 0.127753 0.603524 0.079295 0.634361 0.057269 0.691630 0.000000 0.726872 0.000000 0.779736 0.057269 0.740088 0.079295 0.744493 0.066079 0.718062 0.096916 0.674009 0.224670 0.555066 0.286344 0.528634 0.339207 0.546256 0.383260 0.541850 0.383260 0.524229 0.365639 0.537445 0.317181 0.528634 0.317181 0.506608 0.449339 0.458150 0.444934 0.418502 0.488987 0.409692 0.511013 0.387665 0.511013 0.365639 0.572687 0.312775 0.590308 0.312775 0.599119 0.334802 0.612335 0.330396 0.612335 0.317181 0.590308 0.308370 0.594714 0.295154 0.669604 0.286344 0.700441 0.259912 0.757709 0.281938 0.792952 0.317181 0.792952 0.348018 0.814978 0.352423 0.837004 0.378855 0.823789 0.400881 0.876652 0.427313 0.938326 0.480176 0.977974 0.537445 0.995595 0.541850 0.995595 0.506608 0.876652 0.383260 0.885463 0.361233
