0 0.299559 0.960352 0.295154 0.964758 0.290749 0.964758 0.286344 0.969163 0.286344 0.986784 0.290749 0.991189 0.290749 0.995595 0.303965 0.995595 0.303965 0.991189 0.308370 0.986784 0.308370 0.977974 0.303965 0.973568 0.303965 0.964758
0 0.409692 0.964758 0.400881 0.955947 0.396476 0.955947 0.374449 0.977974 0.374449 0.982379 0.378855 0.986784 0.392070 0.986784 0.396476 0.982379 0.400881 0.982379 0.405286 0.977974 0.405286 0.969163
0 0.427313 0.933921 0.427313 0.942731 0.440529 0.955947 0.440529 0.964758 0.444934 0.969163 0.449339 0.969163 0.453745 0.973568 0.458150 0.973568 0.466960 0.964758 0.466960 0.960352 0.471366 0.955947 0.475771 0.955947 0.480176 0.951542 0.484582 0.955947 0.497797 0.955947 0.502203 0.960352 0.506608 0.960352 0.511013 0.964758 0.515419 0.960352 0.515419 0.955947 0.519824 0.951542 0.511013 0.942731 0.497797 0.942731 0.493392 0.947137 0.484582 0.947137 0.480176 0.951542 0.475771 0.951542 0.471366 0.955947 0.466960 0.951542 0.462555 0.951542 0.453745 0.942731 0.449339 0.942731 0.436123 0.929515 0.431718 0.929515
0 0.352423 0.907489 0.343612 0.916300 0.339207 0.916300 0.334802 0.920705 0.339207 0.925110 0.339207 0.929515 0.348018 0.938326 0.348018 0.951542 0.352423 0.955947 0.356828 0.951542 0.352423 0.947137 0.352423 0.938326 0.356828 0.933921 0.356828 0.920705 0.361233 0.916300
0 0.193833 0.903084 0.211454 0.920705 0.242291 0.920705 0.246696 0.916300 0.246696 0.911894 0.237885 0.903084 0.233480 0.903084 0.229075 0.907489 0.224670 0.903084 0.220264 0.903084 0.215859 0.898678 0.198238 0.898678
0 0.563877 0.898678 0.568282 0.903084 0.572687 0.898678 0.581498 0.898678 0.585903 0.903084 0.603524 0.903084 0.607930 0.898678 0.612335 0.898678 0.616740 0.894273 0.616740 0.885463 0.612335 0.881057 0.581498 0.881057 0.577093 0.885463 0.577093 0.889868 0.572687 0.894273 0.568282 0.894273
0 0.374449 0.863436 0.383260 0.872247 0.392070 0.872247 0.396476 0.876652 0.414097 0.876652 0.418502 0.872247 0.418502 0.867841 0.409692 0.859031 0.400881 0.859031 0.396476 0.854626 0.383260 0.854626
0 0.718062 0.850220 0.709251 0.841410 0.691630 0.841410 0.687225 0.845815 0.665198 0.845815 0.660793 0.850220 0.651982 0.850220 0.638767 0.863436 0.638767 0.867841 0.643172 0.872247 0.647577 0.872247 0.651982 0.867841 0.656388 0.867841 0.660793 0.863436 0.669604 0.863436 0.674009 0.859031 0.678414 0.863436 0.682819 0.863436 0.687225 0.867841 0.700441 0.867841 0.704846 0.863436 0.709251 0.863436 0.713656 0.859031 0.713656 0.854626
0 0.405286 0.810573 0.400881 0.814978 0.400881 0.823789 0.409692 0.832599 0.414097 0.832599 0.422908 0.841410 0.427313 0.841410 0.431718 0.837004 0.431718 0.832599 0.427313 0.828194 0.427313 0.819383 0.422908 0.814978 0.422908 0.810573 0.418502 0.806167 0.414097 0.806167 0.409692 0.810573
0 0.026432 0.814978 0.026432 0.819383 0.030837 0.823789 0.048458 0.823789 0.052863 0.828194 0.057269 0.828194 0.061674 0.832599 0.066079 0.832599 0.070485 0.828194 0.061674 0.819383 0.057269 0.819383 0.044053 0.806167 0.035242 0.806167
0 0.295154 0.801762 0.290749 0.806167 0.290749 0.814978 0.303965 0.828194 0.303965 0.832599 0.330396 0.859031 0.334802 0.859031 0.339207 0.854626 0.339207 0.850220 0.343612 0.845815 0.330396 0.832599 0.325991 0.832599 0.312775 0.819383 0.312775 0.810573 0.303965 0.801762
0 0.960352 0.784141 0.951542 0.792952 0.951542 0.801762 0.960352 0.810573 0.964758 0.810573 0.969163 0.814978 0.977974 0.806167 0.977974 0.797357 0.973568 0.792952 0.973568 0.788546 0.969163 0.784141
0 0.444934 0.775330 0.440529 0.779736 0.440529 0.784141 0.444934 0.788546 0.444934 0.801762 0.466960 0.823789 0.475771 0.814978 0.475771 0.810573 0.471366 0.806167 0.466960 0.806167 0.458150 0.797357 0.458150 0.779736 0.453745 0.775330
0 0.502203 0.762115 0.497797 0.766520 0.497797 0.770925 0.502203 0.775330 0.502203 0.779736 0.506608 0.784141 0.506608 0.788546 0.515419 0.797357 0.519824 0.797357 0.524229 0.801762 0.528634 0.801762 0.533040 0.806167 0.533040 0.814978 0.541850 0.823789 0.546256 0.819383 0.546256 0.814978 0.550661 0.810573 0.541850 0.801762 0.537445 0.801762 0.533040 0.797357 0.528634 0.797357 0.524229 0.792952 0.524229 0.779736 0.506608 0.762115
0 0.682819 0.766520 0.687225 0.770925 0.709251 0.770925 0.713656 0.775330 0.726872 0.775330 0.731278 0.779736 0.735683 0.779736 0.740088 0.784141 0.744493 0.784141 0.748899 0.788546 0.757709 0.788546 0.762115 0.784141 0.762115 0.770925 0.757709 0.766520 0.753304 0.766520 0.748899 0.770925 0.744493 0.770925 0.740088 0.775330 0.735683 0.770925 0.731278 0.770925 0.713656 0.753304 0.709251 0.753304 0.704846 0.757709 0.700441 0.757709 0.696035 0.762115 0.691630 0.757709
0 0.273128 0.735683 0.264317 0.744493 0.264317 0.748899 0.268722 0.753304 0.268722 0.757709 0.273128 0.762115 0.277533 0.762115 0.290749 0.775330 0.295154 0.775330 0.299559 0.779736 0.308370 0.779736 0.317181 0.770925 0.308370 0.762115 0.308370 0.757709 0.303965 0.753304 0.299559 0.753304 0.281938 0.735683
0 0.872247 0.718062 0.867841 0.722467 0.867841 0.731278 0.872247 0.735683 0.872247 0.748899 0.876652 0.753304 0.881057 0.753304 0.885463 0.757709 0.894273 0.757709 0.898678 0.762115 0.907489 0.762115 0.911894 0.757709 0.911894 0.753304 0.903084 0.744493 0.898678 0.744493 0.889868 0.735683 0.889868 0.731278 0.876652 0.718062
0 0.471366 0.713656 0.462555 0.722467 0.466960 0.726872 0.466960 0.731278 0.471366 0.735683 0.471366 0.740088 0.475771 0.744493 0.484582 0.744493 0.488987 0.740088 0.488987 0.731278 0.484582 0.726872 0.484582 0.722467 0.480176 0.718062 0.475771 0.718062
0 0.418502 0.687225 0.414097 0.691630 0.414097 0.696035 0.422908 0.704846 0.422908 0.713656 0.427313 0.718062 0.431718 0.718062 0.436123 0.713656 0.436123 0.691630 0.431718 0.687225
0 0.541850 0.669604 0.533040 0.678414 0.550661 0.696035 0.559471 0.696035 0.563877 0.700441 0.568282 0.700441 0.572687 0.704846 0.577093 0.704846 0.581498 0.709251 0.585903 0.709251 0.590308 0.713656 0.594714 0.713656 0.599119 0.718062 0.599119 0.735683 0.603524 0.740088 0.603524 0.744493 0.607930 0.748899 0.612335 0.748899 0.621145 0.757709 0.621145 0.766520 0.625551 0.770925 0.625551 0.775330 0.638767 0.788546 0.643172 0.788546 0.647577 0.792952 0.651982 0.788546 0.651982 0.775330 0.634361 0.757709 0.629956 0.762115 0.625551 0.757709 0.621145 0.757709 0.616740 0.753304 0.616740 0.735683 0.621145 0.731278 0.616740 0.726872 0.612335 0.726872 0.607930 0.722467 0.607930 0.700441 0.603524 0.696035 0.594714 0.696035 0.590308 0.691630 0.581498 0.691630 0.577093 0.696035 0.572687 0.696035 0.568282 0.691630 0.563877 0.691630 0.555066 0.682819 0.555066 0.678414 0.546256 0.669604
0 0.837004 0.656388 0.832599 0.660793 0.837004 0.665198 0.837004 0.674009 0.841410 0.678414 0.841410 0.682819 0.850220 0.691630 0.854626 0.687225 0.854626 0.682819 0.859031 0.678414 0.859031 0.669604 0.845815 0.656388
0 0.656388 0.634361 0.651982 0.634361 0.647577 0.638767 0.643172 0.638767 0.634361 0.647577 0.629956 0.647577 0.625551 0.651982 0.625551 0.660793 0.634361 0.669604 0.638767 0.669604 0.660793 0.647577 0.660793 0.638767
0 0.088106 0.625551 0.083700 0.629956 0.083700 0.643172 0.088106 0.647577 0.088106 0.651982 0.092511 0.656388 0.096916 0.656388 0.101322 0.660793 0.114537 0.660793 0.118943 0.656388 0.118943 0.647577 0.110132 0.638767 0.105727 0.638767 0.096916 0.629956 0.092511 0.629956
0 0.374449 0.621145 0.370044 0.625551 0.370044 0.629956 0.378855 0.638767 0.378855 0.651982 0.383260 0.656388 0.392070 0.656388 0.396476 0.660793 0.400881 0.656388 0.405286 0.656388 0.405286 0.643172 0.392070 0.629956 0.387665 0.629956 0.378855 0.621145
0 0.797357 0.616740 0.797357 0.607930 0.784141 0.594714 0.779736 0.599119 0.744493 0.599119 0.740088 0.603524 0.748899 0.612335 0.753304 0.612335 0.757709 0.607930 0.762115 0.612335 0.770925 0.612335 0.775330 0.616740 0.784141 0.616740 0.788546 0.621145 0.792952 0.621145
0 0.581498 0.572687 0.572687 0.572687 0.563877 0.581498 0.563877 0.594714 0.559471 0.599119 0.559471 0.607930 0.563877 0.612335 0.563877 0.616740 0.572687 0.625551 0.577093 0.621145 0.577093 0.616740 0.572687 0.612335 0.572687 0.599119 0.577093 0.594714 0.581498 0.594714 0.585903 0.590308 0.585903 0.577093
0 0.000000 0.555066 0.000000 0.563877 0.004405 0.563877 0.008811 0.568282 0.013216 0.568282 0.026432 0.581498 0.030837 0.581498 0.035242 0.577093 0.035242 0.568282 0.026432 0.559471 0.022026 0.559471 0.017621 0.555066
0 0.378855 0.546256 0.378855 0.559471 0.383260 0.563877 0.400881 0.563877 0.405286 0.559471 0.414097 0.559471 0.418502 0.555066 0.422908 0.555066 0.427313 0.550661 0.431718 0.555066 0.436123 0.555066 0.440529 0.559471 0.449339 0.559471 0.453745 0.555066 0.458150 0.555066 0.462555 0.559471 0.466960 0.559471 0.471366 0.563877 0.480176 0.563877 0.484582 0.568282 0.488987 0.568282 0.493392 0.572687 0.493392 0.577093 0.502203 0.585903 0.506608 0.581498 0.497797 0.572687 0.497797 0.546256 0.493392 0.541850 0.488987 0.546256 0.480176 0.546256 0.475771 0.550661 0.471366 0.550661 0.466960 0.555066 0.462555 0.550661 0.458150 0.550661 0.444934 0.537445 0.436123 0.537445 0.431718 0.541850 0.383260 0.541850
0 0.273128 0.488987 0.259912 0.488987 0.255507 0.493392 0.255507 0.497797 0.273128 0.511013 0.273128 0.555066 0.264317 0.563877 0.259912 0.563877 0.246696 0.572687 0.233480 0.572687 0.229075 0.568282 0.224670 0.568282 0.220264 0.563877 0.220264 0.555066 0.215859 0.550661 0.215859 0.546256 0.207048 0.537445 0.202643 0.541850 0.189427 0.541850 0.185022 0.537445 0.180617 0.537445 0.176211 0.533040 0.176211 0.524229 0.167401 0.511013 0.158590 0.511013 0.154185 0.515419 0.158590 0.519824 0.158590 0.524229 0.171806 0.537445 0.171806 0.555066 0.185022 0.568282 0.185022 0.585903 0.180617 0.590308 0.189427 0.599119 0.189427 0.603524 0.198238 0.612335 0.202643 0.612335 0.220264 0.629956 0.220264 0.638767 0.211454 0.651982 0.211454 0.660793 0.220264 0.669604 0.224670 0.665198 0.237885 0.674009 0.237885 0.682819 0.233480 0.687225 0.233480 0.696035 0.229075 0.700441 0.237885 0.713656 0.255507 0.696035 0.255507 0.691630 0.259912 0.687225 0.255507 0.682819 0.242291 0.678414 0.233480 0.669604 0.233480 0.660793 0.237885 0.656388 0.233480 0.651982 0.233480 0.643172 0.237885 0.638767 0.237885 0.616740 0.211454 0.594714 0.211454 0.585903 0.224670 0.577093 0.229075 0.577093 0.233480 0.581498 0.246696 0.581498 0.251101 0.585903 0.255507 0.585903 0.268722 0.603524 0.273128 0.599119 0.286344 0.599119 0.290749 0.594714 0.290749 0.585903 0.286344 0.581498 0.286344 0.568282 0.281938 0.563877 0.281938 0.555066 0.295154 0.546256 0.295154 0.533040 0.290749 0.528634 0.290749 0.524229 0.273128 0.511013 0.273128 0.502203 0.277533 0.497797 0.277533 0.493392
0 0.511013 0.471366 0.506608 0.475771 0.506608 0.480176 0.511013 0.484582 0.515419 0.484582 0.519824 0.488987 0.519824 0.506608 0.524229 0.511013 0.528634 0.511013 0.537445 0.502203 0.537445 0.488987 0.519824 0.471366
0 0.052863 0.458150 0.044053 0.449339 0.035242 0.458150 0.030837 0.458150 0.026432 0.462555 0.022026 0.462555 0.017621 0.466960 0.013216 0.466960 0.008811 0.471366 0.000000 0.471366 0.000000 0.488987 0.008811 0.488987 0.022026 0.475771 0.026432 0.475771 0.030837 0.471366 0.035242 0.475771 0.039648 0.471366 0.048458 0.471366 0.052863 0.466960
0 0.290749 0.444934 0.290749 0.449339 0.308370 0.466960 0.312775 0.466960 0.317181 0.471366 0.325991 0.471366 0.330396 0.475771 0.334802 0.475771 0.339207 0.480176 0.339207 0.488987 0.348018 0.497797 0.352423 0.497797 0.356828 0.493392 0.356828 0.480176 0.352423 0.475771 0.348018 0.480176 0.343612 0.475771 0.339207 0.475771 0.334802 0.471366 0.334802 0.458150 0.330396 0.453745 0.321586 0.453745 0.317181 0.449339 0.312775 0.449339 0.303965 0.440529 0.295154 0.440529
0 0.731278 0.414097 0.726872 0.418502 0.726872 0.422908 0.731278 0.427313 0.731278 0.436123 0.744493 0.449339 0.748899 0.449339 0.753304 0.444934 0.753304 0.436123 0.748899 0.431718 0.748899 0.427313 0.740088 0.418502 0.735683 0.418502
0 0.105727 0.396476 0.101322 0.400881 0.110132 0.409692 0.110132 0.431718 0.114537 0.436123 0.114537 0.449339 0.127753 0.462555 0.132159 0.462555 0.136564 0.466960 0.140969 0.466960 0.145374 0.471366 0.145374 0.475771 0.149780 0.480176 0.154185 0.475771 0.154185 0.458150 0.145374 0.449339 0.145374 0.444934 0.127753 0.427313 0.127753 0.422908 0.123348 0.418502 0.118943 0.418502 0.110132 0.409692 0.110132 0.400881
0 0.837004 0.365639 0.828194 0.374449 0.828194 0.383260 0.841410 0.396476 0.845815 0.392070 0.850220 0.392070 0.854626 0.387665 0.854626 0.383260 0.845815 0.374449 0.845815 0.370044 0.841410 0.365639
0 0.453745 0.339207 0.458150 0.343612 0.462555 0.343612 0.466960 0.348018 0.471366 0.343612 0.484582 0.343612 0.488987 0.339207 0.537445 0.339207 0.541850 0.334802 0.537445 0.330396 0.497797 0.330396 0.493392 0.325991 0.488987 0.325991 0.480176 0.317181 0.475771 0.321586 0.475771 0.325991 0.471366 0.330396 0.466960 0.330396 0.462555 0.334802 0.458150 0.334802
0 0.555066 0.277533 0.550661 0.281938 0.555066 0.286344 0.555066 0.295154 0.572687 0.312775 0.577093 0.308370 0.581498 0.308370 0.585903 0.303965 0.585903 0.299559 0.572687 0.286344 0.568282 0.286344 0.559471 0.277533
0 0.801762 0.251101 0.801762 0.259912 0.810573 0.268722 0.814978 0.268722 0.819383 0.273128 0.823789 0.268722 0.828194 0.273128 0.832599 0.268722 0.837004 0.273128 0.841410 0.273128 0.845815 0.268722 0.850220 0.268722 0.854626 0.273128 0.863436 0.273128 0.867841 0.277533 0.872247 0.277533 0.876652 0.281938 0.881057 0.277533 0.881057 0.273128 0.876652 0.268722 0.876652 0.264317 0.872247 0.259912 0.867841 0.259912 0.863436 0.255507 0.859031 0.255507 0.854626 0.259912 0.841410 0.259912 0.837004 0.264317 0.832599 0.259912 0.828194 0.259912 0.823789 0.255507 0.819383 0.255507 0.814978 0.251101 0.810573 0.251101 0.806167 0.246696
0 0.000000 0.251101 0.000000 0.273128 0.092511 0.273128 0.162996 0.321586 0.158590 0.339207 0.105727 0.352423 0.105727 0.361233 0.162996 0.352423 0.220264 0.383260 0.229075 0.374449 0.220264 0.356828 0.242291 0.321586 0.312775 0.312775 0.405286 0.387665 0.506608 0.422908 0.533040 0.418502 0.634361 0.449339 0.660793 0.480176 0.674009 0.528634 0.718062 0.555066 0.744493 0.550661 0.797357 0.568282 0.837004 0.555066 0.876652 0.581498 0.951542 0.603524 0.982379 0.638767 0.995595 0.638767 0.991189 0.568282 0.903084 0.537445 0.823789 0.475771 0.718062 0.493392 0.651982 0.418502 0.647577 0.392070 0.629956 0.409692 0.607930 0.414097 0.585903 0.400881 0.594714 0.378855 0.572687 0.361233 0.559471 0.365639 0.581498 0.383260 0.568282 0.400881 0.511013 0.370044 0.453745 0.370044 0.422908 0.356828 0.409692 0.339207 0.427313 0.334802 0.436123 0.317181 0.387665 0.295154 0.339207 0.251101 0.321586 0.255507 0.277533 0.229075 0.264317 0.237885 0.251101 0.233480 0.237885 0.242291 0.246696 0.255507 0.273128 0.242291 0.317181 0.251101 0.325991 0.286344 0.308370 0.295154 0.290749 0.281938 0.202643 0.303965 0.145374 0.259912 0.092511 0.259912 0.061674 0.237885 0.030837 0.237885
0 0.704846 0.220264 0.700441 0.224670 0.696035 0.224670 0.691630 0.229075 0.691630 0.233480 0.687225 0.237885 0.691630 0.242291 0.691630 0.251101 0.687225 0.255507 0.687225 0.281938 0.682819 0.286344 0.682819 0.303965 0.691630 0.312775 0.696035 0.312775 0.700441 0.317181 0.704846 0.317181 0.709251 0.321586 0.713656 0.321586 0.718062 0.325991 0.718062 0.330396 0.731278 0.343612 0.731278 0.356828 0.735683 0.361233 0.735683 0.365639 0.748899 0.378855 0.753304 0.378855 0.766520 0.392070 0.779736 0.392070 0.784141 0.387665 0.762115 0.365639 0.762115 0.356828 0.757709 0.352423 0.753304 0.352423 0.748899 0.348018 0.748899 0.343612 0.740088 0.334802 0.740088 0.330396 0.735683 0.325991 0.722467 0.325991 0.718062 0.321586 0.713656 0.321586 0.709251 0.317181 0.709251 0.308370 0.700441 0.299559 0.700441 0.268722 0.709251 0.259912 0.709251 0.251101 0.713656 0.246696 0.713656 0.242291 0.709251 0.237885 0.709251 0.224670
0 0.894273 0.207048 0.907489 0.220264 0.911894 0.220264 0.920705 0.229075 0.920705 0.233480 0.929515 0.242291 0.929515 0.246696 0.938326 0.255507 0.942731 0.255507 0.947137 0.259912 0.947137 0.268722 0.955947 0.277533 0.960352 0.277533 0.964758 0.281938 0.973568 0.281938 0.977974 0.286344 0.982379 0.286344 0.986784 0.290749 0.991189 0.290749 0.995595 0.295154 0.995595 0.277533 0.991189 0.277533 0.986784 0.273128 0.982379 0.273128 0.977974 0.268722 0.964758 0.268722 0.960352 0.264317 0.955947 0.264317 0.951542 0.259912 0.947137 0.259912 0.942731 0.255507 0.942731 0.251101 0.938326 0.246696 0.938326 0.233480 0.933921 0.229075 0.929515 0.229075 0.916300 0.215859 0.916300 0.211454 0.907489 0.202643 0.898678 0.202643
0 0.118943 0.180617 0.118943 0.185022 0.123348 0.189427 0.127753 0.189427 0.132159 0.193833 0.136564 0.193833 0.140969 0.198238 0.145374 0.193833 0.149780 0.193833 0.158590 0.185022 0.162996 0.185022 0.158590 0.185022 0.154185 0.180617 0.149780 0.180617 0.145374 0.176211 0.140969 0.176211 0.136564 0.171806 0.132159 0.176211 0.123348 0.176211
0 0.185022 0.167401 0.180617 0.171806 0.180617 0.180617 0.176211 0.185022 0.171806 0.185022 0.176211 0.185022 0.185022 0.193833 0.189427 0.193833 0.193833 0.198238 0.198238 0.198238 0.202643 0.193833 0.202643 0.185022 0.198238 0.180617 0.198238 0.176211 0.189427 0.167401
0 0.770925 0.162996 0.766520 0.167401 0.766520 0.171806 0.762115 0.176211 0.762115 0.180617 0.757709 0.185022 0.762115 0.189427 0.762115 0.198238 0.770925 0.207048 0.779736 0.198238 0.779736 0.185022 0.775330 0.180617 0.775330 0.167401
0 0.449339 0.149780 0.444934 0.154185 0.444934 0.158590 0.431718 0.171806 0.431718 0.189427 0.440529 0.198238 0.449339 0.189427 0.449339 0.158590 0.453745 0.154185
0 0.114537 0.110132 0.110132 0.114537 0.114537 0.118943 0.114537 0.123348 0.123348 0.132159 0.123348 0.136564 0.127753 0.140969 0.127753 0.145374 0.136564 0.154185 0.140969 0.154185 0.149780 0.145374 0.149780 0.136564 0.145374 0.132159 0.145374 0.127753 0.127753 0.110132
0 0.506608 0.092511 0.502203 0.096916 0.502203 0.101322 0.515419 0.114537 0.519824 0.114537 0.524229 0.118943 0.528634 0.118943 0.533040 0.123348 0.537445 0.123348 0.546256 0.132159 0.546256 0.136564 0.550661 0.140969 0.550661 0.145374 0.555066 0.149780 0.555066 0.154185 0.559471 0.158590 0.559471 0.171806 0.563877 0.171806 0.568282 0.167401 0.572687 0.171806 0.581498 0.162996 0.581498 0.154185 0.577093 0.149780 0.577093 0.145374 0.572687 0.140969 0.572687 0.136564 0.563877 0.127753 0.559471 0.127753 0.541850 0.110132 0.537445 0.110132 0.533040 0.114537 0.528634 0.110132 0.524229 0.110132
0 0.026432 0.092511 0.022026 0.096916 0.022026 0.110132 0.057269 0.145374 0.066079 0.145374 0.070485 0.140969 0.070485 0.136564 0.052863 0.118943 0.052863 0.114537 0.048458 0.110132 0.048458 0.105727 0.035242 0.092511
0 0.405286 0.079295 0.400881 0.083700 0.405286 0.088106 0.405286 0.092511 0.409692 0.096916 0.409692 0.105727 0.418502 0.114537 0.422908 0.114537 0.431718 0.105727 0.431718 0.096916 0.422908 0.088106 0.418502 0.088106 0.414097 0.083700 0.409692 0.083700
0 0.933921 0.070485 0.929515 0.074890 0.925110 0.074890 0.920705 0.079295 0.933921 0.092511 0.933921 0.105727 0.929515 0.110132 0.933921 0.114537 0.938326 0.114537 0.942731 0.118943 0.947137 0.114537 0.947137 0.110132 0.951542 0.105727 0.951542 0.092511 0.947137 0.088106 0.947137 0.083700 0.942731 0.079295 0.942731 0.074890 0.938326 0.070485
0 0.638767 0.044053 0.634361 0.048458 0.634361 0.061674 0.638767 0.066079 0.643172 0.066079 0.647577 0.070485 0.647577 0.074890 0.651982 0.079295 0.656388 0.079295 0.665198 0.088106 0.665198 0.096916 0.674009 0.105727 0.674009 0.114537 0.678414 0.118943 0.682819 0.114537 0.687225 0.114537 0.691630 0.118943 0.696035 0.118943 0.700441 0.123348 0.700441 0.132159 0.704846 0.136564 0.713656 0.127753 0.713656 0.123348 0.709251 0.118943 0.704846 0.123348 0.700441 0.123348 0.696035 0.118943 0.691630 0.118943 0.687225 0.114537 0.687225 0.110132 0.682819 0.105727 0.682819 0.092511 0.678414 0.088106 0.669604 0.088106 0.665198 0.083700 0.660793 0.083700 0.656388 0.079295 0.656388 0.074890 0.651982 0.070485 0.651982 0.061674 0.647577 0.057269 0.647577 0.048458 0.643172 0.044053
0 0.810573 0.035242 0.806167 0.039648 0.806167 0.044053 0.801762 0.048458 0.801762 0.057269 0.797357 0.061674 0.797357 0.079295 0.810573 0.092511 0.814978 0.092511 0.819383 0.096916 0.828194 0.096916 0.832599 0.092511 0.832599 0.083700 0.819383 0.070485 0.814978 0.070485 0.810573 0.066079 0.810573 0.057269 0.819383 0.048458 0.823789 0.048458 0.828194 0.044053 0.828194 0.039648 0.823789 0.035242
0 0.568282 0.035242 0.563877 0.039648 0.563877 0.048458 0.555066 0.057269 0.550661 0.057269 0.546256 0.061674 0.546256 0.083700 0.555066 0.092511 0.559471 0.088106 0.559471 0.070485 0.563877 0.066079 0.563877 0.061674 0.568282 0.057269 0.572687 0.057269 0.577093 0.052863 0.577093 0.044053
0 0.026432 0.022026 0.017621 0.030837 0.017621 0.039648 0.022026 0.044053 0.035242 0.044053 0.044053 0.035242 0.044053 0.026432 0.039648 0.022026
0 0.669604 0.013216 0.665198 0.017621 0.674009 0.026432 0.674009 0.039648 0.700441 0.066079 0.704846 0.066079 0.713656 0.074890 0.713656 0.079295 0.718062 0.083700 0.722467 0.079295 0.718062 0.074890 0.713656 0.074890 0.704846 0.066079 0.704846 0.048458 0.700441 0.044053 0.696035 0.044053 0.687225 0.035242 0.687225 0.026432 0.682819 0.022026 0.682819 0.017621 0.678414 0.013216
0 0.947137 0.000000 0.947137 0.022026 0.955947 0.030837 0.960352 0.030837 0.964758 0.035242 0.964758 0.048458 0.960352 0.052863 0.960352 0.061674 0.964758 0.066079 0.973568 0.066079 0.977974 0.061674 0.977974 0.052863 0.973568 0.048458 0.969163 0.048458 0.964758 0.044053 0.964758 0.030837 0.969163 0.026432 0.969163 0.022026 0.964758 0.017621 0.964758 0.013216 0.960352 0.008811 0.960352 0.000000
