0 0.537445 0.960352 0.533040 0.960352 0.528634 0.955947 0.511013 0.955947 0.506608 0.960352 0.502203 0.960352 0.497797 0.964758 0.497797 0.973568 0.506608 0.982379 0.511013 0.982379 0.533040 0.960352
0 0.726872 0.938326 0.722467 0.933921 0.713656 0.933921 0.709251 0.938326 0.704846 0.938326 0.700441 0.942731 0.682819 0.942731 0.678414 0.947137 0.674009 0.947137 0.669604 0.951542 0.651982 0.951542 0.647577 0.955947 0.634361 0.955947 0.629956 0.960352 0.629956 0.964758 0.634361 0.969163 0.647577 0.969163 0.656388 0.960352 0.660793 0.960352 0.665198 0.955947 0.669604 0.960352 0.674009 0.960352 0.682819 0.969163 0.687225 0.969163 0.704846 0.951542 0.709251 0.951542 0.713656 0.947137 0.718062 0.951542 0.726872 0.942731
0 0.123348 0.920705 0.118943 0.916300 0.092511 0.916300 0.088106 0.920705 0.088106 0.933921 0.083700 0.938326 0.079295 0.938326 0.074890 0.942731 0.074890 0.947137 0.079295 0.951542 0.088106 0.951542 0.092511 0.947137 0.092511 0.942731 0.101322 0.933921 0.105727 0.933921 0.110132 0.929515 0.118943 0.929515 0.123348 0.925110
0 0.396476 0.925110 0.392070 0.920705 0.387665 0.920705 0.383260 0.925110 0.370044 0.925110 0.365639 0.920705 0.361233 0.920705 0.356828 0.916300 0.339207 0.916300 0.334802 0.920705 0.330396 0.916300 0.325991 0.916300 0.321586 0.911894 0.317181 0.911894 0.312775 0.916300 0.308370 0.916300 0.303965 0.920705 0.299559 0.920705 0.295154 0.916300 0.286344 0.916300 0.281938 0.920705 0.268722 0.920705 0.264317 0.925110 0.259912 0.925110 0.255507 0.920705 0.220264 0.920705 0.211454 0.929515 0.207048 0.929515 0.207048 0.933921 0.211454 0.933921 0.215859 0.938326 0.233480 0.938326 0.237885 0.933921 0.251101 0.933921 0.255507 0.929515 0.259912 0.933921 0.264317 0.933921 0.268722 0.938326 0.273128 0.933921 0.281938 0.933921 0.290749 0.925110 0.295154 0.925110 0.299559 0.920705 0.303965 0.925110 0.308370 0.925110 0.312775 0.929515 0.334802 0.929515 0.339207 0.933921 0.374449 0.933921 0.378855 0.938326 0.383260 0.938326
0 0.863436 0.920705 0.867841 0.925110 0.889868 0.925110 0.894273 0.920705 0.898678 0.920705 0.903084 0.925110 0.907489 0.925110 0.911894 0.929515 0.916300 0.925110 0.907489 0.916300 0.898678 0.916300 0.894273 0.911894 0.885463 0.911894 0.881057 0.907489 0.876652 0.907489
0 0.145374 0.911894 0.149780 0.916300 0.154185 0.911894 0.158590 0.911894 0.162996 0.907489 0.167401 0.911894 0.171806 0.911894 0.176211 0.916300 0.176211 0.929515 0.180617 0.933921 0.189427 0.933921 0.193833 0.929515 0.198238 0.929515 0.193833 0.929515 0.180617 0.916300 0.180617 0.903084 0.176211 0.898678 0.167401 0.898678 0.162996 0.903084 0.154185 0.903084
0 0.823789 0.889868 0.819383 0.885463 0.814978 0.885463 0.810573 0.889868 0.801762 0.889868 0.797357 0.894273 0.792952 0.894273 0.788546 0.898678 0.788546 0.903084 0.792952 0.907489 0.810573 0.907489 0.814978 0.903084 0.819383 0.903084 0.823789 0.898678
0 0.656388 0.894273 0.660793 0.898678 0.674009 0.898678 0.678414 0.894273 0.687225 0.894273 0.691630 0.898678 0.696035 0.898678 0.700441 0.903084 0.709251 0.903084 0.713656 0.898678 0.713656 0.894273 0.718062 0.889868 0.713656 0.885463 0.700441 0.885463 0.696035 0.889868 0.682819 0.889868 0.678414 0.885463 0.665198 0.885463
0 0.273128 0.872247 0.281938 0.881057 0.308370 0.881057 0.312775 0.876652 0.317181 0.876652 0.330396 0.863436 0.325991 0.859031 0.281938 0.859031 0.273128 0.867841
0 0.052863 0.859031 0.048458 0.859031 0.044053 0.863436 0.044053 0.872247 0.026432 0.889868 0.026432 0.894273 0.030837 0.898678 0.035242 0.894273 0.039648 0.894273 0.044053 0.898678 0.052863 0.898678 0.057269 0.894273 0.057269 0.863436
0 0.841410 0.854626 0.837004 0.850220 0.823789 0.850220 0.819383 0.854626 0.814978 0.850220 0.810573 0.850220 0.806167 0.845815 0.801762 0.845815 0.797357 0.850220 0.784141 0.850220 0.779736 0.854626 0.775330 0.854626 0.770925 0.859031 0.766520 0.854626 0.762115 0.854626 0.753304 0.863436 0.753304 0.867841 0.762115 0.876652 0.766520 0.872247 0.770925 0.872247 0.779736 0.863436 0.784141 0.863436 0.788546 0.859031 0.797357 0.859031 0.801762 0.854626 0.806167 0.854626 0.810573 0.850220 0.814978 0.854626 0.819383 0.854626 0.828194 0.863436 0.832599 0.863436
0 0.911894 0.819383 0.907489 0.819383 0.889868 0.837004 0.885463 0.837004 0.881057 0.841410 0.881057 0.845815 0.889868 0.854626 0.894273 0.854626 0.898678 0.859031 0.903084 0.854626 0.903084 0.850220 0.907489 0.845815 0.907489 0.841410 0.911894 0.837004 0.911894 0.832599 0.916300 0.828194 0.916300 0.823789
0 0.215859 0.828194 0.220264 0.832599 0.224670 0.828194 0.229075 0.832599 0.264317 0.832599 0.273128 0.823789 0.268722 0.819383 0.264317 0.819383 0.259912 0.814978 0.233480 0.814978 0.224670 0.823789 0.220264 0.823789
0 0.607930 0.810573 0.607930 0.819383 0.612335 0.823789 0.634361 0.823789 0.638767 0.828194 0.643172 0.828194 0.647577 0.832599 0.651982 0.832599 0.656388 0.828194 0.660793 0.832599 0.696035 0.832599 0.700441 0.837004 0.704846 0.837004 0.709251 0.841410 0.713656 0.841410 0.722467 0.832599 0.722467 0.828194 0.718062 0.823789 0.713656 0.828194 0.704846 0.828194 0.700441 0.823789 0.696035 0.823789 0.682819 0.810573 0.660793 0.810573 0.656388 0.814978 0.638767 0.814978 0.634361 0.810573 0.629956 0.810573 0.621145 0.801762 0.616740 0.806167 0.612335 0.806167
0 0.898678 0.748899 0.898678 0.753304 0.894273 0.757709 0.894273 0.775330 0.898678 0.779736 0.907489 0.779736 0.911894 0.784141 0.916300 0.779736 0.920705 0.784141 0.925110 0.784141 0.933921 0.792952 0.947137 0.792952 0.951542 0.797357 0.960352 0.788546 0.955947 0.784141 0.947137 0.784141 0.942731 0.779736 0.938326 0.779736 0.933921 0.784141 0.925110 0.784141 0.920705 0.779736 0.916300 0.779736 0.911894 0.775330 0.911894 0.753304 0.916300 0.748899 0.911894 0.744493 0.903084 0.744493
0 0.766520 0.740088 0.762115 0.735683 0.757709 0.740088 0.753304 0.740088 0.748899 0.735683 0.740088 0.735683 0.731278 0.744493 0.726872 0.744493 0.722467 0.748899 0.718062 0.748899 0.713656 0.744493 0.709251 0.744493 0.700441 0.753304 0.700441 0.757709 0.696035 0.762115 0.696035 0.766520 0.700441 0.770925 0.709251 0.770925 0.718062 0.762115 0.718062 0.753304 0.722467 0.748899 0.726872 0.748899 0.731278 0.744493 0.735683 0.744493 0.740088 0.748899 0.744493 0.744493 0.748899 0.748899 0.753304 0.744493 0.762115 0.744493
0 0.942731 0.740088 0.947137 0.744493 0.964758 0.744493 0.969163 0.748899 0.986784 0.748899 0.991189 0.744493 0.995595 0.744493 0.991189 0.744493 0.986784 0.740088 0.977974 0.740088 0.973568 0.735683 0.969163 0.735683 0.964758 0.731278 0.951542 0.731278
0 0.612335 0.722467 0.612335 0.718062 0.603524 0.709251 0.594714 0.709251 0.590308 0.713656 0.585903 0.713656 0.581498 0.718062 0.572687 0.718062 0.568282 0.713656 0.563877 0.713656 0.559471 0.718062 0.555066 0.718062 0.559471 0.718062 0.563877 0.722467 0.568282 0.722467 0.572687 0.718062 0.577093 0.718062 0.581498 0.722467 0.585903 0.722467 0.590308 0.726872 0.607930 0.726872
0 0.541850 0.718062 0.537445 0.718062 0.533040 0.713656 0.528634 0.718062 0.524229 0.713656 0.519824 0.713656 0.515419 0.709251 0.502203 0.709251 0.497797 0.713656 0.493392 0.713656 0.488987 0.718062 0.484582 0.718062 0.480176 0.713656 0.475771 0.718062 0.466960 0.718062 0.458150 0.726872 0.466960 0.735683 0.471366 0.735683 0.475771 0.731278 0.484582 0.731278 0.488987 0.726872 0.493392 0.726872 0.497797 0.722467 0.506608 0.722467 0.511013 0.718062 0.515419 0.718062 0.519824 0.713656 0.524229 0.718062 0.528634 0.718062 0.533040 0.722467 0.537445 0.718062
0 0.273128 0.718062 0.264317 0.709251 0.259912 0.713656 0.255507 0.713656 0.251101 0.718062 0.246696 0.718062 0.242291 0.713656 0.237885 0.713656 0.233480 0.718062 0.229075 0.713656 0.224670 0.718062 0.220264 0.718062 0.215859 0.722467 0.215859 0.731278 0.211454 0.735683 0.207048 0.735683 0.202643 0.740088 0.198238 0.740088 0.189427 0.748899 0.189427 0.757709 0.193833 0.762115 0.207048 0.762115 0.215859 0.753304 0.215859 0.735683 0.220264 0.731278 0.224670 0.731278 0.229075 0.726872 0.237885 0.726872 0.242291 0.722467 0.246696 0.722467 0.251101 0.718062 0.255507 0.718062 0.259912 0.722467 0.268722 0.722467
0 0.189427 0.691630 0.185022 0.687225 0.176211 0.687225 0.171806 0.682819 0.162996 0.682819 0.154185 0.691630 0.149780 0.691630 0.140969 0.700441 0.140969 0.704846 0.145374 0.709251 0.149780 0.709251 0.154185 0.704846 0.158590 0.704846 0.162996 0.700441 0.171806 0.700441 0.176211 0.696035 0.185022 0.696035
0 0.995595 0.687225 0.991189 0.682819 0.977974 0.682819 0.973568 0.678414 0.969163 0.682819 0.955947 0.682819 0.951542 0.687225 0.947137 0.682819 0.929515 0.682819 0.925110 0.687225 0.920705 0.687225 0.916300 0.691630 0.911894 0.691630 0.907489 0.696035 0.894273 0.696035 0.885463 0.704846 0.885463 0.709251 0.876652 0.718062 0.872247 0.718062 0.867841 0.722467 0.859031 0.722467 0.854626 0.726872 0.845815 0.726872 0.841410 0.731278 0.837004 0.731278 0.832599 0.735683 0.832599 0.740088 0.837004 0.744493 0.841410 0.744493 0.845815 0.740088 0.850220 0.740088 0.854626 0.735683 0.867841 0.735683 0.881057 0.722467 0.885463 0.722467 0.889868 0.718062 0.894273 0.718062 0.907489 0.704846 0.911894 0.704846 0.916300 0.700441 0.938326 0.700441 0.942731 0.696035 0.995595 0.696035
0 0.471366 0.674009 0.466960 0.669604 0.453745 0.669604 0.449339 0.665198 0.444934 0.665198 0.440529 0.660793 0.436123 0.660793 0.431718 0.665198 0.431718 0.669604 0.422908 0.678414 0.418502 0.678414 0.414097 0.682819 0.409692 0.682819 0.405286 0.687225 0.400881 0.687225 0.396476 0.682819 0.387665 0.682819 0.374449 0.696035 0.374449 0.713656 0.378855 0.718062 0.383260 0.713656 0.383260 0.709251 0.387665 0.704846 0.392070 0.704846 0.396476 0.700441 0.405286 0.700441 0.409692 0.696035 0.418502 0.696035 0.422908 0.691630 0.427313 0.691630 0.431718 0.687225 0.436123 0.687225 0.440529 0.682819 0.458150 0.682819 0.462555 0.687225 0.471366 0.678414
0 0.070485 0.651982 0.066079 0.647577 0.057269 0.647577 0.052863 0.643172 0.048458 0.647577 0.026432 0.647577 0.022026 0.651982 0.017621 0.651982 0.013216 0.656388 0.008811 0.656388 0.004405 0.651982 0.000000 0.651982 0.000000 0.665198 0.008811 0.656388 0.013216 0.656388 0.017621 0.651982 0.022026 0.656388 0.026432 0.656388 0.030837 0.660793 0.035242 0.660793 0.039648 0.665198 0.052863 0.665198 0.061674 0.656388 0.066079 0.656388
0 0.947137 0.647577 0.942731 0.643172 0.938326 0.643172 0.933921 0.638767 0.929515 0.643172 0.925110 0.638767 0.916300 0.638767 0.911894 0.643172 0.889868 0.643172 0.881057 0.651982 0.876652 0.651982 0.872247 0.656388 0.863436 0.656388 0.854626 0.665198 0.863436 0.674009 0.867841 0.669604 0.867841 0.665198 0.872247 0.660793 0.876652 0.660793 0.881057 0.656388 0.885463 0.660793 0.889868 0.660793 0.894273 0.665198 0.898678 0.665198 0.903084 0.660793 0.907489 0.660793 0.911894 0.656388 0.925110 0.656388 0.929515 0.651982 0.942731 0.651982
0 0.678414 0.643172 0.678414 0.647577 0.687225 0.656388 0.709251 0.656388 0.713656 0.651982 0.718062 0.651982 0.722467 0.647577 0.722467 0.643172 0.718062 0.638767 0.713656 0.638767 0.709251 0.634361 0.696035 0.634361 0.691630 0.638767 0.682819 0.638767
0 0.572687 0.634361 0.568282 0.629956 0.559471 0.629956 0.555066 0.625551 0.550661 0.629956 0.546256 0.629956 0.537445 0.638767 0.537445 0.643172 0.533040 0.647577 0.533040 0.651982 0.537445 0.656388 0.541850 0.651982 0.546256 0.651982 0.550661 0.647577 0.555066 0.647577 0.559471 0.643172 0.563877 0.643172
0 0.453745 0.599119 0.449339 0.594714 0.440529 0.594714 0.436123 0.599119 0.418502 0.599119 0.414097 0.603524 0.400881 0.603524 0.392070 0.612335 0.387665 0.612335 0.383260 0.616740 0.383260 0.621145 0.387665 0.625551 0.396476 0.625551 0.400881 0.629956 0.405286 0.625551 0.409692 0.625551 0.418502 0.616740 0.422908 0.616740 0.431718 0.607930 0.436123 0.607930 0.440529 0.603524 0.449339 0.603524
0 0.550661 0.594714 0.559471 0.603524 0.563877 0.603524 0.568282 0.599119 0.590308 0.599119 0.594714 0.594714 0.603524 0.594714 0.607930 0.599119 0.612335 0.599119 0.616740 0.603524 0.621145 0.603524 0.625551 0.607930 0.634361 0.599119 0.634361 0.594714 0.621145 0.581498 0.616740 0.581498 0.612335 0.585903 0.607930 0.581498 0.603524 0.585903 0.577093 0.585903 0.572687 0.581498 0.568282 0.581498 0.563877 0.585903 0.559471 0.585903
0 0.797357 0.581498 0.806167 0.590308 0.810573 0.590308 0.814978 0.594714 0.823789 0.594714 0.828194 0.590308 0.850220 0.590308 0.854626 0.594714 0.859031 0.594714 0.863436 0.599119 0.876652 0.599119 0.881057 0.594714 0.885463 0.594714 0.889868 0.590308 0.889868 0.585903 0.885463 0.581498 0.881057 0.581498 0.876652 0.585903 0.867841 0.585903 0.863436 0.581498 0.859031 0.581498 0.854626 0.577093 0.832599 0.577093 0.828194 0.572687 0.819383 0.572687 0.814978 0.577093 0.810573 0.572687 0.806167 0.572687
0 0.766520 0.577093 0.757709 0.568282 0.748899 0.568282 0.744493 0.572687 0.731278 0.572687 0.726872 0.568282 0.722467 0.568282 0.718062 0.572687 0.704846 0.572687 0.700441 0.577093 0.696035 0.577093 0.691630 0.581498 0.687225 0.581498 0.674009 0.594714 0.674009 0.599119 0.678414 0.603524 0.687225 0.603524 0.691630 0.599119 0.700441 0.599119 0.704846 0.594714 0.709251 0.594714 0.713656 0.590308 0.726872 0.590308 0.731278 0.585903 0.735683 0.585903 0.740088 0.581498 0.757709 0.581498 0.762115 0.585903 0.766520 0.581498
0 0.281938 0.559471 0.277533 0.555066 0.277533 0.550661 0.273128 0.546256 0.259912 0.546256 0.255507 0.550661 0.246696 0.550661 0.242291 0.555066 0.215859 0.555066 0.211454 0.559471 0.202643 0.559471 0.198238 0.563877 0.193833 0.559471 0.158590 0.559471 0.154185 0.563877 0.158590 0.568282 0.162996 0.568282 0.167401 0.572687 0.202643 0.572687 0.207048 0.568282 0.220264 0.568282 0.224670 0.572687 0.229075 0.572687 0.233480 0.568282 0.251101 0.568282 0.255507 0.572687 0.259912 0.568282 0.273128 0.568282
0 0.951542 0.537445 0.947137 0.533040 0.942731 0.537445 0.938326 0.537445 0.933921 0.541850 0.929515 0.541850 0.907489 0.563877 0.907489 0.568282 0.911894 0.572687 0.925110 0.572687 0.929515 0.568282 0.929515 0.555066 0.933921 0.550661 0.938326 0.550661
0 0.643172 0.537445 0.656388 0.550661 0.660793 0.550661 0.665198 0.546256 0.669604 0.546256 0.674009 0.541850 0.687225 0.541850 0.691630 0.537445 0.696035 0.537445 0.700441 0.533040 0.700441 0.528634 0.691630 0.519824 0.687225 0.524229 0.669604 0.524229 0.665198 0.519824 0.660793 0.524229 0.656388 0.524229
0 0.506608 0.511013 0.511013 0.515419 0.519824 0.515419 0.524229 0.519824 0.559471 0.519824 0.563877 0.515419 0.594714 0.515419 0.599119 0.519824 0.603524 0.519824 0.607930 0.524229 0.616740 0.524229 0.621145 0.519824 0.621145 0.515419 0.616740 0.511013 0.607930 0.511013 0.603524 0.506608 0.559471 0.506608 0.555066 0.502203 0.524229 0.502203 0.519824 0.506608 0.511013 0.506608
0 0.242291 0.497797 0.237885 0.493392 0.233480 0.493392 0.229075 0.497797 0.220264 0.497797 0.215859 0.502203 0.193833 0.502203 0.189427 0.506608 0.185022 0.506608 0.180617 0.511013 0.176211 0.506608 0.171806 0.511013 0.162996 0.511013 0.158590 0.515419 0.162996 0.519824 0.171806 0.519824 0.176211 0.515419 0.180617 0.515419 0.185022 0.511013 0.189427 0.515419 0.207048 0.515419 0.211454 0.511013 0.220264 0.511013 0.224670 0.506608 0.229075 0.506608 0.233480 0.502203 0.237885 0.502203
0 0.929515 0.488987 0.925110 0.484582 0.920705 0.484582 0.916300 0.480176 0.911894 0.484582 0.907489 0.484582 0.898678 0.493392 0.898678 0.497797 0.889868 0.506608 0.885463 0.506608 0.876652 0.515419 0.872247 0.515419 0.867841 0.519824 0.872247 0.524229 0.885463 0.524229 0.889868 0.528634 0.903084 0.515419 0.903084 0.511013 0.911894 0.502203 0.916300 0.502203 0.920705 0.497797 0.925110 0.497797 0.929515 0.493392
0 0.757709 0.502203 0.766520 0.511013 0.779736 0.497797 0.779736 0.493392 0.792952 0.480176 0.797357 0.480176 0.801762 0.475771 0.806167 0.480176 0.810573 0.475771 0.814978 0.475771 0.819383 0.471366 0.810573 0.462555 0.806167 0.466960 0.784141 0.466960 0.779736 0.462555 0.770925 0.462555 0.762115 0.471366 0.762115 0.497797
0 0.396476 0.440529 0.400881 0.444934 0.409692 0.444934 0.414097 0.440529 0.418502 0.440529 0.427313 0.431718 0.427313 0.427313 0.422908 0.422908 0.405286 0.422908 0.396476 0.431718
0 0.000000 0.334802 0.000000 0.361233 0.004405 0.356828 0.013216 0.356828 0.017621 0.361233 0.022026 0.361233 0.026432 0.365639 0.026432 0.374449 0.022026 0.378855 0.017621 0.378855 0.013216 0.383260 0.004405 0.383260 0.000000 0.378855 0.000000 0.396476 0.004405 0.400881 0.008811 0.400881 0.013216 0.396476 0.017621 0.396476 0.022026 0.392070 0.030837 0.392070 0.035242 0.387665 0.066079 0.387665 0.070485 0.383260 0.074890 0.383260 0.079295 0.387665 0.092511 0.387665 0.096916 0.383260 0.123348 0.383260 0.127753 0.378855 0.136564 0.378855 0.140969 0.374449 0.145374 0.374449 0.149780 0.378855 0.167401 0.378855 0.171806 0.374449 0.167401 0.370044 0.149780 0.370044 0.145374 0.365639 0.140969 0.365639 0.136564 0.370044 0.127753 0.370044 0.123348 0.374449 0.096916 0.374449 0.092511 0.378855 0.079295 0.378855 0.074890 0.374449 0.070485 0.374449 0.066079 0.378855 0.052863 0.378855 0.048458 0.374449 0.044053 0.374449 0.039648 0.370044 0.039648 0.361233 0.048458 0.352423 0.048458 0.348018 0.052863 0.343612 0.048458 0.339207 0.039648 0.339207 0.035242 0.343612 0.030837 0.343612 0.026432 0.348018 0.022026 0.348018 0.017621 0.343612 0.013216 0.343612 0.008811 0.339207 0.004405 0.339207
0 0.524229 0.233480 0.519824 0.229075 0.511013 0.229075 0.506608 0.233480 0.502203 0.233480 0.497797 0.237885 0.493392 0.233480 0.488987 0.233480 0.480176 0.224670 0.475771 0.224670 0.471366 0.220264 0.471366 0.229075 0.466960 0.233480 0.462555 0.233480 0.458150 0.237885 0.422908 0.237885 0.418502 0.233480 0.414097 0.233480 0.405286 0.224670 0.396476 0.224670 0.392070 0.229075 0.392070 0.246696 0.396476 0.242291 0.400881 0.246696 0.405286 0.246696 0.409692 0.251101 0.414097 0.251101 0.418502 0.255507 0.427313 0.255507 0.431718 0.251101 0.444934 0.251101 0.449339 0.246696 0.453745 0.251101 0.466960 0.251101 0.480176 0.237885 0.484582 0.237885 0.488987 0.233480 0.493392 0.237885 0.497797 0.237885 0.506608 0.246696 0.515419 0.246696 0.519824 0.242291 0.519824 0.237885
0 0.995595 0.149780 0.991189 0.154185 0.986784 0.154185 0.982379 0.158590 0.982379 0.162996 0.960352 0.185022 0.964758 0.189427 0.964758 0.193833 0.969163 0.198238 0.973568 0.193833 0.973568 0.189427 0.977974 0.185022 0.977974 0.180617 0.982379 0.176211 0.986784 0.176211 0.991189 0.171806 0.995595 0.171806
0 0.651982 0.145374 0.647577 0.140969 0.643172 0.140969 0.638767 0.145374 0.638767 0.158590 0.634361 0.162996 0.629956 0.162996 0.625551 0.167401 0.607930 0.167401 0.603524 0.171806 0.590308 0.171806 0.581498 0.180617 0.577093 0.180617 0.572687 0.185022 0.559471 0.185022 0.537445 0.207048 0.537445 0.211454 0.546256 0.220264 0.555066 0.220264 0.590308 0.185022 0.594714 0.185022 0.599119 0.180617 0.603524 0.180617 0.607930 0.176211 0.625551 0.176211 0.629956 0.171806 0.634361 0.171806 0.638767 0.167401 0.647577 0.167401 0.651982 0.162996
0 0.722467 0.127753 0.718062 0.123348 0.713656 0.123348 0.709251 0.127753 0.704846 0.127753 0.700441 0.132159 0.691630 0.132159 0.682819 0.140969 0.682819 0.149780 0.687225 0.154185 0.696035 0.154185 0.700441 0.149780 0.704846 0.149780 0.718062 0.136564 0.718062 0.132159
0 0.171806 0.127753 0.162996 0.118943 0.158590 0.123348 0.149780 0.123348 0.145374 0.127753 0.140969 0.127753 0.136564 0.132159 0.132159 0.127753 0.118943 0.127753 0.110132 0.136564 0.118943 0.145374 0.123348 0.145374 0.127753 0.140969 0.132159 0.140969 0.136564 0.136564 0.140969 0.136564 0.145374 0.132159 0.149780 0.136564 0.158590 0.136564 0.162996 0.140969 0.171806 0.132159
0 0.000000 0.118943 0.000000 0.136564 0.008811 0.136564 0.013216 0.132159 0.026432 0.132159 0.030837 0.136564 0.044053 0.136564 0.052863 0.127753 0.052863 0.123348 0.048458 0.118943 0.013216 0.118943 0.008811 0.114537 0.004405 0.118943
0 0.537445 0.105727 0.533040 0.110132 0.537445 0.114537 0.537445 0.123348 0.528634 0.132159 0.528634 0.136564 0.524229 0.140969 0.519824 0.140969 0.515419 0.145374 0.511013 0.145374 0.506608 0.149780 0.506608 0.154185 0.511013 0.158590 0.519824 0.158590 0.524229 0.154185 0.533040 0.154185 0.537445 0.149780 0.541850 0.149780 0.546256 0.145374 0.546256 0.136564 0.541850 0.132159 0.541850 0.118943 0.546256 0.114537
0 0.334802 0.061674 0.330396 0.061674 0.325991 0.066079 0.325991 0.079295 0.330396 0.083700 0.330396 0.092511 0.312775 0.110132 0.308370 0.110132 0.303965 0.114537 0.303965 0.118943 0.308370 0.123348 0.317181 0.123348 0.325991 0.114537 0.330396 0.114537 0.339207 0.105727 0.334802 0.101322 0.334802 0.096916 0.330396 0.092511 0.330396 0.083700 0.334802 0.079295 0.334802 0.074890 0.339207 0.070485 0.339207 0.066079
0 0.669604 0.048458 0.660793 0.039648 0.656388 0.039648 0.634361 0.061674 0.629956 0.061674 0.625551 0.066079 0.625551 0.074890 0.621145 0.079295 0.616740 0.079295 0.612335 0.083700 0.607930 0.083700 0.603524 0.088106 0.585903 0.088106 0.581498 0.092511 0.581498 0.105727 0.572687 0.114537 0.577093 0.118943 0.581498 0.118943 0.585903 0.114537 0.585903 0.110132 0.594714 0.101322 0.599119 0.101322 0.603524 0.096916 0.616740 0.096916 0.621145 0.101322 0.625551 0.096916 0.629956 0.096916 0.634361 0.092511 0.634361 0.083700 0.629956 0.079295 0.629956 0.070485 0.634361 0.066079 0.638767 0.066079 0.643172 0.061674 0.647577 0.061674 0.651982 0.057269 0.660793 0.057269
0 0.563877 0.044053 0.559471 0.039648 0.555066 0.039648 0.550661 0.044053 0.541850 0.044053 0.537445 0.048458 0.533040 0.048458 0.528634 0.052863 0.511013 0.052863 0.506608 0.057269 0.497797 0.057269 0.493392 0.061674 0.484582 0.061674 0.480176 0.066079 0.480176 0.070485 0.488987 0.079295 0.502203 0.079295 0.515419 0.066079 0.519824 0.066079 0.524229 0.061674 0.528634 0.061674 0.533040 0.057269 0.537445 0.061674 0.550661 0.061674 0.555066 0.057269 0.559471 0.057269 0.563877 0.052863
0 0.185022 0.039648 0.180617 0.035242 0.171806 0.035242 0.162996 0.044053 0.158590 0.044053 0.154185 0.048458 0.149780 0.044053 0.140969 0.052863 0.136564 0.052863 0.132159 0.057269 0.132159 0.061674 0.127753 0.066079 0.136564 0.074890 0.145374 0.074890 0.149780 0.070485 0.149780 0.052863 0.154185 0.048458 0.158590 0.048458 0.162996 0.044053 0.167401 0.048458 0.171806 0.048458 0.176211 0.052863 0.185022 0.044053
0 0.995595 0.035242 0.770925 0.110132 0.819383 0.096916 0.837004 0.127753 0.885463 0.136564 0.731278 0.202643 0.616740 0.290749 0.603524 0.339207 0.396476 0.378855 0.317181 0.356828 0.396476 0.290749 0.440529 0.286344 0.286344 0.224670 0.352423 0.180617 0.462555 0.158590 0.458150 0.136564 0.189427 0.233480 0.233480 0.255507 0.171806 0.308370 0.123348 0.268722 0.110132 0.299559 0.044053 0.273128 0.052863 0.229075 0.022026 0.233480 0.035242 0.264317 0.000000 0.268722 0.127753 0.321586 0.189427 0.312775 0.277533 0.251101 0.378855 0.268722 0.242291 0.308370 0.220264 0.334802 0.286344 0.374449 0.154185 0.405286 0.185022 0.431718 0.140969 0.449339 0.211454 0.440529 0.224670 0.414097 0.246696 0.449339 0.295154 0.422908 0.334802 0.444934 0.312775 0.418502 0.330396 0.392070 0.365639 0.418502 0.418502 0.378855 0.550661 0.396476 0.599119 0.370044 0.594714 0.409692 0.480176 0.418502 0.400881 0.506608 0.352423 0.502203 0.365639 0.524229 0.312775 0.563877 0.365639 0.537445 0.361233 0.577093 0.444934 0.568282 0.400881 0.546256 0.400881 0.515419 0.440529 0.519824 0.436123 0.493392 0.466960 0.497797 0.480176 0.453745 0.563877 0.471366 0.643172 0.414097 0.656388 0.449339 0.625551 0.484582 0.665198 0.466960 0.713656 0.387665 0.832599 0.418502 0.995595 0.317181 0.995595 0.281938 0.876652 0.343612 0.863436 0.378855 0.744493 0.365639 0.770925 0.317181 0.837004 0.308370 0.850220 0.273128 0.942731 0.268722 0.898678 0.251101 0.889868 0.215859 0.881057 0.255507 0.806167 0.277533 0.696035 0.387665 0.625551 0.396476 0.660793 0.317181 0.629956 0.325991 0.629956 0.290749 0.740088 0.211454 0.766520 0.242291 0.762115 0.202643 0.898678 0.140969 0.942731 0.154185 0.969163 0.088106 0.995595 0.110132 0.995595 0.070485 0.894273 0.132159 0.859031 0.088106
0 0.810573 0.030837 0.806167 0.026432 0.797357 0.026432 0.792952 0.022026 0.784141 0.030837 0.784141 0.035242 0.779736 0.039648 0.775330 0.039648 0.770925 0.044053 0.766520 0.044053 0.757709 0.052863 0.766520 0.061674 0.770925 0.057269 0.775330 0.057269 0.779736 0.052863 0.784141 0.052863 0.792952 0.044053 0.797357 0.044053 0.801762 0.039648 0.806167 0.039648 0.810573 0.035242
0 0.449339 0.000000 0.453745 0.004405 0.453745 0.017621 0.449339 0.022026 0.449339 0.026432 0.444934 0.030837 0.444934 0.035242 0.449339 0.039648 0.458150 0.039648 0.462555 0.035242 0.471366 0.035242 0.475771 0.030837 0.480176 0.030837 0.484582 0.026432 0.480176 0.022026 0.475771 0.022026 0.466960 0.013216 0.462555 0.013216 0.458150 0.008811 0.458150 0.000000
