0 0.409692 0.960352 0.409692 0.973568 0.414097 0.977974 0.436123 0.977974 0.440529 0.982379 0.449339 0.982379 0.453745 0.986784 0.458150 0.986784 0.462555 0.991189 0.462555 0.995595 0.462555 0.991189 0.466960 0.986784 0.466960 0.977974 0.458150 0.969163 0.449339 0.969163 0.444934 0.964758 0.418502 0.964758 0.414097 0.960352
0 0.590308 0.951542 0.585903 0.955947 0.585903 0.960352 0.581498 0.964758 0.581498 0.969163 0.585903 0.973568 0.594714 0.973568 0.599119 0.977974 0.603524 0.977974 0.607930 0.982379 0.616740 0.973568 0.612335 0.969163 0.607930 0.969163 0.603524 0.964758 0.603524 0.960352 0.599119 0.955947 0.594714 0.955947
0 0.696035 0.942731 0.678414 0.960352 0.678414 0.969163 0.687225 0.977974 0.696035 0.977974 0.700441 0.973568 0.700441 0.969163 0.704846 0.964758 0.704846 0.951542
0 0.162996 0.929515 0.158590 0.929515 0.154185 0.933921 0.154185 0.942731 0.136564 0.960352 0.132159 0.960352 0.127753 0.964758 0.123348 0.964758 0.114537 0.973568 0.114537 0.977974 0.118943 0.982379 0.127753 0.982379 0.132159 0.977974 0.136564 0.977974 0.140969 0.973568 0.140969 0.964758 0.145374 0.960352 0.149780 0.960352 0.167401 0.942731 0.167401 0.933921
0 0.995595 0.920705 0.991189 0.920705 0.986784 0.916300 0.969163 0.916300 0.955947 0.929515 0.955947 0.938326 0.960352 0.942731 0.964758 0.938326 0.973568 0.938326 0.986784 0.925110 0.991189 0.925110
0 0.643172 0.867841 0.634361 0.876652 0.634361 0.885463 0.643172 0.894273 0.647577 0.894273 0.651982 0.898678 0.651982 0.907489 0.656388 0.911894 0.660793 0.907489 0.656388 0.903084 0.656388 0.876652 0.651982 0.872247 0.647577 0.872247
0 0.995595 0.850220 0.986784 0.850220 0.982379 0.854626 0.977974 0.854626 0.973568 0.859031 0.973568 0.863436 0.964758 0.872247 0.960352 0.872247 0.955947 0.876652 0.951542 0.876652 0.947137 0.872247 0.933921 0.872247 0.929515 0.876652 0.929515 0.885463 0.938326 0.894273 0.942731 0.889868 0.947137 0.889868 0.955947 0.881057 0.955947 0.876652 0.960352 0.872247 0.964758 0.872247 0.969163 0.867841 0.973568 0.872247 0.977974 0.872247 0.982379 0.867841 0.986784 0.867841 0.991189 0.863436 0.995595 0.863436
0 0.074890 0.845815 0.066079 0.845815 0.061674 0.850220 0.061674 0.867841 0.057269 0.872247 0.052863 0.872247 0.044053 0.881057 0.052863 0.889868 0.057269 0.889868 0.061674 0.885463 0.061674 0.881057 0.070485 0.872247 0.074890 0.872247 0.083700 0.863436 0.083700 0.854626
0 0.374449 0.841410 0.370044 0.837004 0.370044 0.832599 0.365639 0.828194 0.361233 0.832599 0.356828 0.832599 0.352423 0.837004 0.343612 0.837004 0.339207 0.841410 0.325991 0.841410 0.317181 0.850220 0.321586 0.854626 0.325991 0.854626 0.330396 0.850220 0.334802 0.854626 0.339207 0.850220 0.348018 0.850220 0.352423 0.845815 0.356828 0.850220 0.370044 0.850220 0.374449 0.845815
0 0.299559 0.828194 0.290749 0.819383 0.286344 0.819383 0.281938 0.823789 0.277533 0.823789 0.273128 0.828194 0.268722 0.823789 0.264317 0.828194 0.259912 0.828194 0.255507 0.832599 0.237885 0.832599 0.233480 0.837004 0.242291 0.845815 0.251101 0.845815 0.255507 0.841410 0.264317 0.841410 0.268722 0.837004 0.273128 0.837004 0.277533 0.832599 0.281938 0.832599 0.286344 0.837004 0.295154 0.837004 0.299559 0.832599
0 0.484582 0.762115 0.475771 0.762115 0.466960 0.770925 0.466960 0.784141 0.475771 0.792952 0.484582 0.784141 0.488987 0.784141 0.493392 0.779736 0.493392 0.770925
0 0.625551 0.762115 0.621145 0.757709 0.603524 0.757709 0.594714 0.766520 0.590308 0.766520 0.585903 0.770925 0.581498 0.766520 0.572687 0.766520 0.568282 0.762115 0.563877 0.762115 0.546256 0.779736 0.546256 0.792952 0.550661 0.797357 0.555066 0.792952 0.559471 0.792952 0.577093 0.775330 0.581498 0.775330 0.585903 0.770925 0.590308 0.770925 0.594714 0.766520 0.599119 0.766520 0.603524 0.770925 0.612335 0.770925 0.616740 0.775330 0.625551 0.766520
0 0.083700 0.753304 0.083700 0.757709 0.092511 0.766520 0.096916 0.766520 0.105727 0.775330 0.110132 0.775330 0.118943 0.766520 0.118943 0.762115 0.114537 0.757709 0.110132 0.757709 0.101322 0.748899 0.088106 0.748899
0 0.722467 0.735683 0.718062 0.731278 0.704846 0.731278 0.700441 0.735683 0.696035 0.735683 0.691630 0.740088 0.687225 0.740088 0.682819 0.744493 0.687225 0.748899 0.718062 0.748899 0.722467 0.744493
0 0.215859 0.731278 0.207048 0.731278 0.198238 0.740088 0.198238 0.748899 0.193833 0.753304 0.193833 0.757709 0.189427 0.762115 0.189427 0.766520 0.185022 0.770925 0.185022 0.784141 0.171806 0.797357 0.171806 0.801762 0.167401 0.806167 0.167401 0.810573 0.162996 0.814978 0.162996 0.823789 0.171806 0.832599 0.185022 0.819383 0.185022 0.801762 0.198238 0.788546 0.198238 0.779736 0.202643 0.775330 0.207048 0.775330 0.215859 0.766520 0.215859 0.757709 0.220264 0.753304 0.220264 0.735683
0 0.947137 0.740088 0.938326 0.731278 0.916300 0.731278 0.911894 0.726872 0.907489 0.726872 0.903084 0.731278 0.903084 0.740088 0.898678 0.744493 0.894273 0.744493 0.889868 0.748899 0.885463 0.744493 0.881057 0.744493 0.867841 0.757709 0.867841 0.770925 0.872247 0.775330 0.881057 0.775330 0.894273 0.762115 0.894273 0.753304 0.903084 0.744493 0.907489 0.744493 0.911894 0.740088 0.916300 0.744493 0.920705 0.744493 0.938326 0.762115 0.947137 0.753304
0 0.770925 0.674009 0.762115 0.682819 0.762115 0.687225 0.766520 0.691630 0.766520 0.731278 0.757709 0.740088 0.762115 0.744493 0.766520 0.744493 0.770925 0.740088 0.770925 0.731278 0.784141 0.718062 0.784141 0.713656 0.788546 0.709251 0.784141 0.704846 0.784141 0.687225
0 0.607930 0.669604 0.594714 0.656388 0.585903 0.656388 0.568282 0.674009 0.568282 0.678414 0.572687 0.682819 0.577093 0.682819 0.581498 0.678414 0.599119 0.678414
0 0.207048 0.643172 0.207048 0.647577 0.211454 0.651982 0.215859 0.651982 0.220264 0.656388 0.224670 0.656388 0.229075 0.660793 0.229075 0.682819 0.233480 0.687225 0.242291 0.687225 0.246696 0.682819 0.251101 0.682819 0.255507 0.687225 0.259912 0.687225 0.273128 0.700441 0.277533 0.700441 0.286344 0.709251 0.290749 0.704846 0.281938 0.696035 0.281938 0.687225 0.277533 0.682819 0.273128 0.682819 0.268722 0.678414 0.264317 0.678414 0.259912 0.682819 0.255507 0.682819 0.251101 0.678414 0.246696 0.678414 0.237885 0.669604 0.237885 0.665198 0.233480 0.660793 0.233480 0.651982 0.220264 0.638767 0.211454 0.638767
0 0.321586 0.634361 0.317181 0.638767 0.317181 0.651982 0.321586 0.656388 0.321586 0.674009 0.317181 0.678414 0.317181 0.682819 0.321586 0.687225 0.321586 0.696035 0.325991 0.700441 0.330396 0.700441 0.339207 0.709251 0.343612 0.709251 0.348018 0.713656 0.352423 0.713656 0.370044 0.731278 0.370044 0.753304 0.365639 0.757709 0.365639 0.779736 0.370044 0.784141 0.374449 0.784141 0.387665 0.797357 0.392070 0.792952 0.392070 0.784141 0.387665 0.779736 0.387665 0.775330 0.383260 0.770925 0.383260 0.762115 0.387665 0.757709 0.383260 0.753304 0.383260 0.744493 0.378855 0.740088 0.378855 0.726872 0.374449 0.722467 0.374449 0.713656 0.370044 0.709251 0.361233 0.709251 0.356828 0.704846 0.352423 0.704846 0.348018 0.700441 0.348018 0.696035 0.343612 0.691630 0.343612 0.682819 0.348018 0.678414 0.348018 0.674009 0.343612 0.669604 0.343612 0.665198 0.334802 0.656388 0.330396 0.656388 0.325991 0.651982 0.325991 0.638767
0 0.114537 0.625551 0.110132 0.629956 0.110132 0.634361 0.114537 0.638767 0.114537 0.647577 0.110132 0.651982 0.110132 0.678414 0.114537 0.682819 0.123348 0.682819 0.127753 0.678414 0.127753 0.674009 0.123348 0.669604 0.123348 0.638767 0.127753 0.634361 0.118943 0.625551
0 0.674009 0.581498 0.669604 0.585903 0.665198 0.585903 0.660793 0.590308 0.660793 0.599119 0.656388 0.603524 0.656388 0.612335 0.665198 0.621145 0.678414 0.607930 0.678414 0.603524 0.682819 0.599119 0.682819 0.594714 0.678414 0.590308 0.678414 0.585903
0 0.035242 0.581498 0.026432 0.590308 0.026432 0.616740 0.030837 0.621145 0.030837 0.625551 0.035242 0.629956 0.035242 0.634361 0.048458 0.647577 0.052863 0.647577 0.057269 0.643172 0.057269 0.629956 0.052863 0.625551 0.052863 0.621145 0.048458 0.616740 0.048458 0.590308 0.044053 0.585903 0.039648 0.585903
0 0.277533 0.572687 0.273128 0.577093 0.273128 0.581498 0.264317 0.590308 0.264317 0.603524 0.268722 0.607930 0.273128 0.607930 0.277533 0.612335 0.281938 0.607930 0.281938 0.594714 0.290749 0.585903
0 0.339207 0.563877 0.325991 0.577093 0.325991 0.607930 0.321586 0.612335 0.325991 0.616740 0.334802 0.616740 0.339207 0.612335 0.339207 0.599119 0.348018 0.590308 0.348018 0.585903 0.352423 0.581498 0.352423 0.577093
0 0.933921 0.563877 0.925110 0.555066 0.920705 0.559471 0.916300 0.559471 0.911894 0.563877 0.907489 0.559471 0.898678 0.568282 0.894273 0.568282 0.889868 0.572687 0.898678 0.581498 0.903084 0.581498 0.907489 0.577093 0.925110 0.577093 0.929515 0.572687 0.929515 0.568282
0 0.845815 0.515419 0.832599 0.528634 0.832599 0.559471 0.823789 0.568282 0.819383 0.568282 0.814978 0.572687 0.810573 0.568282 0.806167 0.572687 0.806167 0.577093 0.801762 0.581498 0.806167 0.585903 0.806167 0.599119 0.810573 0.603524 0.814978 0.603524 0.823789 0.594714 0.823789 0.572687 0.828194 0.568282 0.832599 0.568282 0.837004 0.563877 0.841410 0.563877 0.845815 0.559471 0.845815 0.555066 0.850220 0.550661 0.850220 0.541850 0.854626 0.537445 0.854626 0.528634 0.850220 0.524229 0.850220 0.519824
0 0.427313 0.515419 0.431718 0.519824 0.436123 0.519824 0.444934 0.528634 0.449339 0.528634 0.453745 0.533040 0.458150 0.533040 0.466960 0.524229 0.466960 0.515419 0.458150 0.506608 0.453745 0.511013 0.449339 0.506608 0.444934 0.511013 0.440529 0.511013 0.436123 0.506608
0 0.770925 0.488987 0.766520 0.488987 0.762115 0.484582 0.748899 0.497797 0.748899 0.511013 0.726872 0.533040 0.722467 0.533040 0.718062 0.537445 0.713656 0.537445 0.700441 0.550661 0.700441 0.555066 0.696035 0.559471 0.696035 0.563877 0.700441 0.568282 0.713656 0.568282 0.726872 0.555066 0.731278 0.555066 0.735683 0.550661 0.735683 0.546256 0.748899 0.533040 0.753304 0.533040 0.762115 0.524229 0.762115 0.519824 0.770925 0.511013 0.770925 0.497797 0.775330 0.493392
0 0.000000 0.444934 0.000000 0.462555 0.013216 0.462555 0.017621 0.466960 0.022026 0.466960 0.026432 0.471366 0.035242 0.471366 0.039648 0.475771 0.057269 0.475771 0.061674 0.471366 0.066079 0.471366 0.070485 0.475771 0.074890 0.475771 0.083700 0.484582 0.088106 0.484582 0.092511 0.488987 0.096916 0.488987 0.105727 0.497797 0.114537 0.497797 0.118943 0.502203 0.136564 0.502203 0.140969 0.506608 0.145374 0.502203 0.149780 0.502203 0.154185 0.497797 0.154185 0.493392 0.158590 0.488987 0.162996 0.488987 0.167401 0.484582 0.171806 0.488987 0.176211 0.484582 0.167401 0.475771 0.162996 0.480176 0.158590 0.480176 0.154185 0.484582 0.149780 0.484582 0.145374 0.488987 0.136564 0.488987 0.132159 0.484582 0.110132 0.484582 0.105727 0.480176 0.101322 0.480176 0.092511 0.471366 0.092511 0.466960 0.088106 0.471366 0.083700 0.471366 0.079295 0.475771 0.074890 0.475771 0.070485 0.471366 0.066079 0.471366 0.061674 0.466960 0.061674 0.462555 0.052863 0.453745 0.044053 0.453745 0.039648 0.458150 0.035242 0.458150 0.030837 0.453745 0.017621 0.453745 0.013216 0.449339 0.008811 0.449339 0.004405 0.444934
0 0.797357 0.440529 0.792952 0.444934 0.792952 0.449339 0.797357 0.453745 0.797357 0.458150 0.801762 0.462555 0.806167 0.462555 0.819383 0.475771 0.819383 0.480176 0.832599 0.493392 0.841410 0.484582 0.841410 0.480176 0.837004 0.475771 0.837004 0.471366 0.832599 0.466960 0.823789 0.466960 0.819383 0.462555 0.814978 0.462555 0.806167 0.453745 0.806167 0.444934 0.801762 0.440529
0 0.251101 0.436123 0.237885 0.436123 0.233480 0.440529 0.229075 0.440529 0.224670 0.444934 0.224670 0.449339 0.220264 0.453745 0.220264 0.458150 0.215859 0.462555 0.211454 0.462555 0.202643 0.471366 0.202643 0.484582 0.207048 0.488987 0.220264 0.475771 0.220264 0.466960 0.224670 0.462555 0.229075 0.462555 0.233480 0.458150 0.251101 0.458150 0.259912 0.449339 0.255507 0.444934 0.255507 0.440529
0 0.339207 0.418502 0.334802 0.414097 0.330396 0.414097 0.325991 0.409692 0.317181 0.418502 0.317181 0.427313 0.312775 0.431718 0.308370 0.431718 0.303965 0.436123 0.299559 0.431718 0.295154 0.431718 0.290749 0.436123 0.290749 0.440529 0.295154 0.444934 0.299559 0.444934 0.303965 0.440529 0.308370 0.440529 0.312775 0.436123 0.317181 0.436123 0.321586 0.431718 0.325991 0.431718
0 0.713656 0.392070 0.709251 0.387665 0.669604 0.387665 0.665198 0.392070 0.651982 0.392070 0.647577 0.387665 0.643172 0.392070 0.634361 0.392070 0.625551 0.400881 0.625551 0.409692 0.612335 0.418502 0.590308 0.405286 0.585903 0.409692 0.581498 0.405286 0.568282 0.405286 0.550661 0.422908 0.546256 0.422908 0.524229 0.436123 0.511013 0.427313 0.511013 0.418502 0.519824 0.409692 0.511013 0.396476 0.502203 0.396476 0.497797 0.400881 0.497797 0.414097 0.484582 0.422908 0.471366 0.414097 0.458150 0.414097 0.453745 0.418502 0.449339 0.418502 0.427313 0.405286 0.418502 0.405286 0.414097 0.409692 0.418502 0.414097 0.422908 0.414097 0.436123 0.422908 0.444934 0.422908 0.449339 0.427313 0.453745 0.427313 0.458150 0.422908 0.471366 0.431718 0.493392 0.431718 0.497797 0.436123 0.511013 0.436123 0.524229 0.444934 0.572687 0.444934 0.577093 0.440529 0.581498 0.440529 0.585903 0.444934 0.590308 0.440529 0.625551 0.440529 0.629956 0.444934 0.634361 0.444934 0.638767 0.440529 0.634361 0.436123 0.634361 0.427313 0.643172 0.418502 0.647577 0.418502 0.660793 0.405286 0.665198 0.405286 0.669604 0.400881 0.674009 0.405286 0.682819 0.405286 0.687225 0.400881 0.704846 0.400881
0 0.757709 0.365639 0.757709 0.370044 0.766520 0.378855 0.770925 0.378855 0.779736 0.387665 0.784141 0.387665 0.788546 0.392070 0.792952 0.392070 0.797357 0.387665 0.810573 0.387665 0.814978 0.383260 0.819383 0.383260 0.823789 0.378855 0.823789 0.374449 0.819383 0.370044 0.814978 0.370044 0.810573 0.365639 0.806167 0.365639 0.801762 0.370044 0.797357 0.370044 0.792952 0.374449 0.788546 0.374449 0.784141 0.370044 0.779736 0.370044 0.775330 0.365639 0.770925 0.365639 0.766520 0.361233 0.762115 0.361233
0 0.207048 0.290749 0.202643 0.286344 0.193833 0.286344 0.185022 0.295154 0.180617 0.295154 0.176211 0.299559 0.167401 0.299559 0.162996 0.295154 0.149780 0.308370 0.162996 0.321586 0.167401 0.317181 0.171806 0.317181 0.189427 0.299559 0.193833 0.299559 0.198238 0.295154 0.202643 0.295154
0 0.079295 0.281938 0.079295 0.286344 0.083700 0.290749 0.088106 0.290749 0.092511 0.295154 0.096916 0.295154 0.101322 0.299559 0.105727 0.299559 0.114537 0.308370 0.123348 0.308370 0.127753 0.303965 0.127753 0.290749 0.123348 0.286344 0.118943 0.286344 0.114537 0.281938 0.105727 0.281938 0.101322 0.286344 0.096916 0.281938 0.088106 0.281938 0.083700 0.277533
0 0.039648 0.268722 0.030837 0.259912 0.026432 0.259912 0.022026 0.264317 0.017621 0.264317 0.013216 0.268722 0.013216 0.273128 0.008811 0.277533 0.004405 0.277533 0.000000 0.281938 0.000000 0.299559 0.008811 0.299559 0.026432 0.281938 0.030837 0.281938 0.035242 0.277533 0.035242 0.273128
0 0.995595 0.237885 0.947137 0.246696 0.925110 0.268722 0.863436 0.295154 0.766520 0.277533 0.709251 0.299559 0.656388 0.299559 0.638767 0.286344 0.621145 0.303965 0.555066 0.308370 0.537445 0.317181 0.493392 0.317181 0.453745 0.286344 0.361233 0.277533 0.308370 0.281938 0.286344 0.273128 0.281938 0.277533 0.295154 0.286344 0.290749 0.303965 0.140969 0.378855 0.092511 0.383260 0.039648 0.352423 0.004405 0.348018 0.000000 0.361233 0.008811 0.356828 0.022026 0.365639 0.013216 0.387665 0.026432 0.422908 0.039648 0.418502 0.039648 0.383260 0.052863 0.374449 0.092511 0.392070 0.096916 0.414097 0.105727 0.418502 0.136564 0.400881 0.171806 0.400881 0.220264 0.370044 0.255507 0.361233 0.325991 0.312775 0.343612 0.317181 0.352423 0.334802 0.374449 0.312775 0.405286 0.317181 0.422908 0.330396 0.462555 0.312775 0.475771 0.321586 0.471366 0.339207 0.502203 0.352423 0.537445 0.343612 0.555066 0.330396 0.568282 0.339207 0.594714 0.334802 0.612335 0.312775 0.629956 0.334802 0.638767 0.330396 0.656388 0.343612 0.682819 0.339207 0.669604 0.325991 0.674009 0.312775 0.753304 0.290749 0.770925 0.299559 0.770925 0.317181 0.770925 0.299559 0.784141 0.290749 0.810573 0.295154 0.854626 0.321586 0.863436 0.321586 0.881057 0.299559 0.907489 0.312775 0.916300 0.303965 0.916300 0.281938 0.964758 0.255507 0.995595 0.251101
0 0.559471 0.237885 0.550661 0.229075 0.541850 0.237885 0.541850 0.242291 0.533040 0.251101 0.528634 0.251101 0.524229 0.255507 0.511013 0.255507 0.506608 0.259912 0.511013 0.264317 0.524229 0.264317 0.528634 0.259912 0.546256 0.259912 0.555066 0.251101 0.555066 0.242291
0 0.779736 0.229075 0.779736 0.233480 0.784141 0.237885 0.788546 0.237885 0.792952 0.242291 0.797357 0.242291 0.801762 0.237885 0.806167 0.237885 0.810573 0.233480 0.814978 0.237885 0.845815 0.237885 0.850220 0.242291 0.854626 0.242291 0.863436 0.251101 0.872247 0.251101 0.881057 0.242291 0.881057 0.233480 0.872247 0.224670 0.867841 0.229075 0.863436 0.224670 0.859031 0.229075 0.850220 0.229075 0.845815 0.224670 0.837004 0.224670 0.832599 0.220264 0.801762 0.220264 0.797357 0.215859 0.792952 0.215859
0 0.713656 0.193833 0.713656 0.207048 0.718062 0.211454 0.731278 0.211454 0.735683 0.215859 0.740088 0.211454 0.744493 0.211454 0.748899 0.207048 0.748899 0.202643 0.740088 0.193833 0.735683 0.193833 0.731278 0.189427 0.726872 0.189427 0.722467 0.185022
0 0.383260 0.193833 0.374449 0.185022 0.374449 0.180617 0.370044 0.176211 0.365639 0.176211 0.361233 0.180617 0.361233 0.185022 0.348018 0.198238 0.343612 0.198238 0.339207 0.202643 0.334802 0.202643 0.330396 0.198238 0.325991 0.198238 0.321586 0.202643 0.321586 0.207048 0.325991 0.211454 0.334802 0.202643 0.339207 0.202643 0.343612 0.198238 0.352423 0.198238 0.356828 0.202643 0.361233 0.202643 0.365639 0.207048 0.370044 0.207048
0 0.484582 0.162996 0.480176 0.162996 0.471366 0.171806 0.466960 0.171806 0.462555 0.176211 0.466960 0.180617 0.466960 0.202643 0.475771 0.211454 0.484582 0.211454 0.488987 0.207048 0.484582 0.202643 0.484582 0.176211 0.488987 0.171806 0.488987 0.167401
0 0.092511 0.145374 0.088106 0.149780 0.083700 0.149780 0.079295 0.154185 0.074890 0.154185 0.070485 0.158590 0.070485 0.167401 0.083700 0.180617 0.083700 0.202643 0.079295 0.207048 0.074890 0.207048 0.070485 0.211454 0.066079 0.211454 0.061674 0.215859 0.061674 0.220264 0.057269 0.224670 0.057269 0.229075 0.066079 0.237885 0.070485 0.237885 0.083700 0.224670 0.083700 0.211454 0.088106 0.207048 0.092511 0.207048 0.096916 0.202643 0.101322 0.207048 0.105727 0.202643 0.105727 0.198238 0.088106 0.180617 0.088106 0.171806 0.096916 0.162996 0.096916 0.158590 0.101322 0.154185
0 0.814978 0.145374 0.819383 0.149780 0.819383 0.154185 0.823789 0.158590 0.828194 0.158590 0.845815 0.176211 0.850220 0.176211 0.854626 0.180617 0.863436 0.180617 0.872247 0.171806 0.872247 0.167401 0.867841 0.162996 0.863436 0.162996 0.859031 0.158590 0.841410 0.158590 0.837004 0.154185 0.832599 0.154185 0.828194 0.149780 0.828194 0.145374 0.823789 0.140969 0.819383 0.140969
0 0.665198 0.145374 0.660793 0.140969 0.660793 0.136564 0.656388 0.132159 0.629956 0.132159 0.625551 0.136564 0.621145 0.136564 0.616740 0.140969 0.599119 0.140969 0.594714 0.136564 0.585903 0.145374 0.585903 0.158590 0.581498 0.162996 0.581498 0.167401 0.590308 0.176211 0.616740 0.149780 0.621145 0.149780 0.625551 0.145374 0.629956 0.145374 0.634361 0.149780 0.660793 0.149780
0 0.211454 0.140969 0.202643 0.132159 0.198238 0.132159 0.193833 0.136564 0.198238 0.140969 0.198238 0.149780 0.193833 0.154185 0.189427 0.154185 0.185022 0.158590 0.180617 0.158590 0.176211 0.154185 0.171806 0.154185 0.167401 0.158590 0.162996 0.158590 0.158590 0.162996 0.154185 0.158590 0.149780 0.158590 0.145374 0.154185 0.140969 0.154185 0.132159 0.162996 0.136564 0.167401 0.140969 0.167401 0.145374 0.171806 0.149780 0.167401 0.158590 0.167401 0.162996 0.171806 0.167401 0.171806 0.171806 0.167401 0.176211 0.171806 0.180617 0.171806 0.185022 0.167401 0.185022 0.158590 0.189427 0.154185 0.193833 0.154185 0.198238 0.149780 0.202643 0.149780 0.207048 0.154185 0.211454 0.149780
0 0.903084 0.123348 0.903084 0.127753 0.911894 0.136564 0.916300 0.136564 0.925110 0.145374 0.933921 0.145374 0.938326 0.140969 0.942731 0.140969 0.947137 0.136564 0.947137 0.132159 0.942731 0.127753 0.938326 0.127753 0.933921 0.132159 0.929515 0.127753 0.925110 0.127753 0.920705 0.123348 0.920705 0.118943 0.916300 0.114537 0.911894 0.114537
0 0.541850 0.114537 0.537445 0.114537 0.533040 0.118943 0.533040 0.123348 0.528634 0.127753 0.528634 0.136564 0.524229 0.140969 0.528634 0.145374 0.533040 0.145374 0.537445 0.149780 0.546256 0.140969 0.546256 0.136564 0.550661 0.132159 0.550661 0.127753 0.546256 0.123348 0.546256 0.118943
0 0.735683 0.101322 0.731278 0.105727 0.731278 0.114537 0.735683 0.118943 0.735683 0.123348 0.740088 0.127753 0.740088 0.136564 0.744493 0.136564 0.757709 0.149780 0.762115 0.149780 0.766520 0.154185 0.770925 0.154185 0.779736 0.145374 0.779736 0.140969 0.784141 0.136564 0.784141 0.132159 0.779736 0.127753 0.766520 0.127753 0.762115 0.123348 0.757709 0.123348 0.753304 0.118943 0.753304 0.105727 0.744493 0.096916 0.740088 0.101322
0 0.070485 0.092511 0.066079 0.088106 0.057269 0.088106 0.052863 0.083700 0.044053 0.092511 0.039648 0.092511 0.030837 0.101322 0.030837 0.110132 0.022026 0.118943 0.017621 0.118943 0.013216 0.123348 0.008811 0.123348 0.004405 0.118943 0.000000 0.118943 0.000000 0.136564 0.017621 0.136564 0.022026 0.132159 0.026432 0.132159 0.035242 0.123348 0.039648 0.123348 0.044053 0.118943 0.048458 0.118943 0.070485 0.096916
0 0.806167 0.079295 0.806167 0.083700 0.810573 0.088106 0.814978 0.088106 0.823789 0.096916 0.823789 0.101322 0.828194 0.105727 0.828194 0.118943 0.832599 0.123348 0.845815 0.123348 0.850220 0.127753 0.872247 0.127753 0.876652 0.123348 0.863436 0.110132 0.854626 0.110132 0.850220 0.105727 0.845815 0.105727 0.837004 0.096916 0.837004 0.092511 0.823789 0.079295 0.823789 0.070485 0.819383 0.066079
0 0.484582 0.066079 0.480176 0.070485 0.475771 0.066079 0.471366 0.070485 0.466960 0.070485 0.462555 0.074890 0.462555 0.079295 0.475771 0.092511 0.480176 0.092511 0.484582 0.088106 0.488987 0.088106 0.493392 0.083700 0.493392 0.079295 0.488987 0.074890 0.488987 0.070485
0 0.638767 0.070485 0.643172 0.074890 0.656388 0.074890 0.660793 0.079295 0.665198 0.079295 0.674009 0.088106 0.678414 0.083700 0.674009 0.079295 0.674009 0.061674 0.669604 0.057269 0.660793 0.057269 0.656388 0.061674 0.651982 0.057269
0 0.180617 0.061674 0.185022 0.066079 0.189427 0.066079 0.193833 0.061674 0.198238 0.061674 0.202643 0.066079 0.207048 0.066079 0.211454 0.070485 0.211454 0.074890 0.215859 0.079295 0.215859 0.092511 0.211454 0.096916 0.211454 0.110132 0.215859 0.114537 0.220264 0.110132 0.224670 0.110132 0.229075 0.114537 0.233480 0.114537 0.237885 0.118943 0.237885 0.123348 0.251101 0.136564 0.259912 0.136564 0.264317 0.140969 0.268722 0.140969 0.273128 0.145374 0.277533 0.145374 0.281938 0.149780 0.286344 0.149780 0.290749 0.145374 0.290749 0.136564 0.281938 0.127753 0.277533 0.127753 0.268722 0.118943 0.264317 0.118943 0.259912 0.114537 0.251101 0.114537 0.246696 0.110132 0.237885 0.110132 0.233480 0.105727 0.229075 0.105727 0.215859 0.092511 0.215859 0.079295 0.224670 0.070485 0.224670 0.066079 0.229075 0.061674 0.229075 0.048458 0.224670 0.044053 0.220264 0.048458 0.215859 0.044053 0.202643 0.057269 0.198238 0.057269 0.193833 0.061674 0.189427 0.057269 0.185022 0.057269
0 0.079295 0.026432 0.074890 0.030837 0.074890 0.044053 0.088106 0.057269 0.101322 0.057269 0.105727 0.052863 0.088106 0.035242 0.088106 0.030837 0.083700 0.026432
0 0.696035 0.026432 0.696035 0.035242 0.704846 0.044053 0.704846 0.048458 0.713656 0.057269 0.713656 0.061674 0.726872 0.074890 0.740088 0.074890 0.744493 0.070485 0.753304 0.070485 0.757709 0.066079 0.757709 0.061674 0.753304 0.057269 0.748899 0.057269 0.740088 0.048458 0.735683 0.048458 0.731278 0.044053 0.722467 0.044053 0.718062 0.039648 0.713656 0.039648 0.709251 0.035242 0.709251 0.030837 0.700441 0.022026
0 0.942731 0.000000 0.942731 0.030837 0.947137 0.035242 0.947137 0.048458 0.951542 0.052863 0.951542 0.057269 0.955947 0.061674 0.964758 0.061674 0.973568 0.052863 0.973568 0.048458 0.964758 0.039648 0.960352 0.039648 0.955947 0.035242 0.955947 0.017621 0.960352 0.013216 0.955947 0.008811 0.955947 0.000000
0 0.757709 0.000000 0.770925 0.013216 0.770925 0.017621 0.775330 0.022026 0.775330 0.026432 0.779736 0.030837 0.779736 0.039648 0.770925 0.048458 0.775330 0.052863 0.779736 0.048458 0.779736 0.039648 0.784141 0.035242 0.788546 0.035242 0.792952 0.030837 0.797357 0.030837 0.801762 0.035242 0.806167 0.035242 0.814978 0.044053 0.823789 0.044053 0.828194 0.039648 0.832599 0.039648 0.837004 0.035242 0.841410 0.035242 0.845815 0.039648 0.850220 0.039648 0.863436 0.052863 0.863436 0.057269 0.872247 0.066079 0.876652 0.066079 0.885463 0.074890 0.894273 0.074890 0.898678 0.079295 0.903084 0.079295 0.907489 0.083700 0.907489 0.088106 0.920705 0.101322 0.925110 0.096916 0.925110 0.088106 0.920705 0.083700 0.920705 0.079295 0.916300 0.074890 0.911894 0.074890 0.894273 0.057269 0.885463 0.057269 0.881057 0.052863 0.876652 0.052863 0.867841 0.044053 0.867841 0.035242 0.863436 0.030837 0.859031 0.035242 0.854626 0.035242 0.850220 0.039648 0.845815 0.035242 0.841410 0.035242 0.837004 0.030837 0.837004 0.026432 0.828194 0.017621 0.823789 0.017621 0.819383 0.013216 0.814978 0.017621 0.810573 0.017621 0.806167 0.022026 0.797357 0.022026 0.792952 0.017621 0.788546 0.017621 0.779736 0.008811 0.775330 0.008811 0.770925 0.004405 0.770925 0.000000
0 0.546256 0.000000 0.546256 0.013216 0.555066 0.022026 0.559471 0.022026 0.563877 0.026432 0.563877 0.030837 0.568282 0.035242 0.568282 0.039648 0.577093 0.048458 0.585903 0.039648 0.590308 0.039648 0.594714 0.035242 0.599119 0.039648 0.603524 0.035242 0.603524 0.030837 0.607930 0.026432 0.612335 0.026432 0.621145 0.017621 0.616740 0.013216 0.612335 0.013216 0.607930 0.017621 0.603524 0.017621 0.599119 0.022026 0.581498 0.022026 0.577093 0.017621 0.572687 0.017621 0.563877 0.008811 0.563877 0.000000
0 0.466960 0.013216 0.458150 0.004405 0.458150 0.000000 0.453745 0.000000 0.453745 0.004405 0.449339 0.008811 0.444934 0.008811 0.431718 0.017621 0.431718 0.022026 0.427313 0.026432 0.427313 0.035242 0.422908 0.039648 0.422908 0.061674 0.418502 0.066079 0.414097 0.066079 0.409692 0.070485 0.405286 0.070485 0.400881 0.074890 0.396476 0.074890 0.383260 0.083700 0.356828 0.083700 0.343612 0.092511 0.339207 0.092511 0.334802 0.088106 0.330396 0.088106 0.321586 0.079295 0.321586 0.070485 0.330396 0.061674 0.330396 0.057269 0.343612 0.044053 0.348018 0.044053 0.352423 0.039648 0.361233 0.039648 0.365639 0.044053 0.370044 0.044053 0.374449 0.039648 0.378855 0.044053 0.383260 0.044053 0.387665 0.039648 0.383260 0.035242 0.378855 0.035242 0.374449 0.039648 0.370044 0.035242 0.365639 0.035242 0.361233 0.039648 0.356828 0.035242 0.352423 0.035242 0.339207 0.022026 0.334802 0.022026 0.321586 0.035242 0.321586 0.057269 0.312775 0.066079 0.312775 0.079295 0.308370 0.083700 0.308370 0.088106 0.317181 0.096916 0.321586 0.096916 0.334802 0.105727 0.348018 0.105727 0.352423 0.101322 0.383260 0.101322 0.387665 0.096916 0.392070 0.096916 0.396476 0.101322 0.405286 0.101322 0.409692 0.096916 0.409692 0.092511 0.422908 0.079295 0.427313 0.079295 0.440529 0.066079 0.440529 0.048458 0.444934 0.044053 0.444934 0.039648 0.466960 0.022026
0 0.202643 0.000000 0.154185 0.000000 0.154185 0.008811 0.140969 0.022026 0.140969 0.026432 0.136564 0.030837 0.140969 0.035242 0.140969 0.044053 0.149780 0.052863 0.154185 0.052863 0.158590 0.048458 0.158590 0.044053 0.162996 0.039648 0.162996 0.030837 0.167401 0.026432 0.167401 0.013216 0.171806 0.008811 0.176211 0.008811 0.180617 0.004405 0.189427 0.004405 0.193833 0.008811
