0 0.378855 0.969163 0.383260 0.973568 0.383260 0.977974 0.392070 0.986784 0.396476 0.986784 0.400881 0.991189 0.400881 0.995595 0.436123 0.995595 0.431718 0.991189 0.427313 0.991189 0.422908 0.986784 0.418502 0.986784 0.414097 0.982379 0.409692 0.982379 0.405286 0.977974 0.405286 0.973568 0.396476 0.964758 0.392070 0.964758 0.387665 0.960352
0 0.634361 0.964758 0.634361 0.960352 0.625551 0.951542 0.621145 0.955947 0.599119 0.955947 0.594714 0.960352 0.607930 0.973568 0.616740 0.973568 0.621145 0.977974
0 0.458150 0.960352 0.458150 0.964758 0.462555 0.969163 0.462555 0.973568 0.466960 0.977974 0.466960 0.982379 0.471366 0.986784 0.475771 0.986784 0.480176 0.991189 0.480176 0.995595 0.506608 0.995595 0.506608 0.969163 0.511013 0.964758 0.515419 0.964758 0.519824 0.960352 0.524229 0.964758 0.528634 0.964758 0.533040 0.969163 0.533040 0.973568 0.546256 0.986784 0.546256 0.995595 0.563877 0.995595 0.563877 0.991189 0.550661 0.977974 0.550661 0.973568 0.546256 0.969163 0.541850 0.969163 0.537445 0.964758 0.533040 0.969163 0.528634 0.964758 0.524229 0.964758 0.519824 0.960352 0.519824 0.955947 0.511013 0.947137 0.497797 0.947137 0.493392 0.942731 0.488987 0.942731 0.484582 0.947137 0.475771 0.947137 0.466960 0.955947 0.462555 0.955947
0 0.682819 0.933921 0.696035 0.947137 0.704846 0.947137 0.713656 0.938326 0.718062 0.938326 0.726872 0.929515 0.722467 0.925110 0.718062 0.925110 0.713656 0.920705 0.691630 0.920705 0.687225 0.925110 0.687225 0.929515
0 0.330396 0.920705 0.321586 0.920705 0.317181 0.925110 0.308370 0.925110 0.299559 0.933921 0.299559 0.938326 0.312775 0.951542 0.317181 0.951542 0.321586 0.947137 0.325991 0.947137 0.339207 0.933921 0.339207 0.929515
0 0.193833 0.920705 0.189427 0.920705 0.185022 0.925110 0.185022 0.964758 0.180617 0.969163 0.185022 0.973568 0.189427 0.973568 0.193833 0.969163 0.198238 0.969163 0.202643 0.964758 0.202643 0.933921 0.198238 0.929515 0.198238 0.925110
0 0.722467 0.995595 0.748899 0.995595 0.748899 0.986784 0.770925 0.973568 0.784141 0.982379 0.784141 0.995595 0.832599 0.995595 0.832599 0.991189 0.850220 0.973568 0.854626 0.973568 0.859031 0.969163 0.894273 0.969163 0.898678 0.973568 0.916300 0.973568 0.925110 0.964758 0.929515 0.964758 0.933921 0.960352 0.942731 0.960352 0.947137 0.955947 0.955947 0.955947 0.960352 0.951542 0.969163 0.951542 0.982379 0.942731 0.991189 0.942731 0.995595 0.938326 0.995595 0.907489 0.991189 0.907489 0.977974 0.916300 0.964758 0.916300 0.960352 0.920705 0.951542 0.920705 0.938326 0.929515 0.916300 0.929515 0.907489 0.938326 0.903084 0.938326 0.898678 0.942731 0.885463 0.942731 0.881057 0.938326 0.867841 0.938326 0.863436 0.942731 0.859031 0.938326 0.845815 0.938326 0.832599 0.951542 0.828194 0.951542 0.823789 0.955947 0.810573 0.947137 0.810573 0.933921 0.814978 0.929515 0.819383 0.929515 0.832599 0.916300 0.837004 0.916300 0.841410 0.911894 0.845815 0.916300 0.850220 0.911894 0.845815 0.907489 0.837004 0.916300 0.832599 0.916300 0.828194 0.920705 0.814978 0.911894 0.810573 0.916300 0.810573 0.920705 0.801762 0.929515 0.801762 0.938326 0.788546 0.951542 0.784141 0.951542 0.770925 0.964758 0.766520 0.964758 0.753304 0.973568 0.744493 0.973568 0.731278 0.986784 0.726872 0.986784 0.722467 0.991189
0 0.303965 0.889868 0.295154 0.881057 0.286344 0.881057 0.281938 0.885463 0.277533 0.885463 0.273128 0.889868 0.273128 0.894273 0.268722 0.898678 0.277533 0.907489 0.281938 0.907489 0.286344 0.903084 0.290749 0.903084 0.295154 0.898678 0.299559 0.898678 0.303965 0.894273
0 0.422908 0.876652 0.418502 0.876652 0.409692 0.885463 0.409692 0.907489 0.414097 0.911894 0.418502 0.911894 0.422908 0.907489 0.427313 0.907489 0.431718 0.903084 0.431718 0.885463
0 0.638767 0.881057 0.647577 0.889868 0.651982 0.889868 0.660793 0.898678 0.669604 0.889868 0.674009 0.889868 0.678414 0.885463 0.678414 0.881057 0.687225 0.872247 0.682819 0.867841 0.651982 0.867841 0.647577 0.872247 0.643172 0.872247 0.638767 0.876652
0 0.453745 0.837004 0.444934 0.845815 0.444934 0.859031 0.453745 0.867841 0.466960 0.867841 0.471366 0.863436 0.471366 0.854626 0.466960 0.850220 0.462555 0.850220 0.458150 0.845815 0.458150 0.841410
0 0.312775 0.832599 0.308370 0.828194 0.299559 0.828194 0.295154 0.832599 0.290749 0.832599 0.277533 0.845815 0.277533 0.850220 0.281938 0.854626 0.286344 0.854626 0.290749 0.850220 0.295154 0.850220 0.299559 0.845815 0.308370 0.845815 0.312775 0.841410
0 0.920705 0.819383 0.911894 0.828194 0.911894 0.837004 0.907489 0.841410 0.907489 0.845815 0.898678 0.854626 0.903084 0.859031 0.907489 0.859031 0.925110 0.841410 0.925110 0.832599 0.929515 0.828194
0 0.621145 0.841410 0.616740 0.837004 0.616740 0.828194 0.607930 0.819383 0.599119 0.819383 0.594714 0.823789 0.594714 0.832599 0.599119 0.837004 0.599119 0.850220 0.594714 0.854626 0.590308 0.854626 0.585903 0.859031 0.581498 0.854626 0.572687 0.854626 0.568282 0.850220 0.563877 0.850220 0.555066 0.841410 0.550661 0.845815 0.546256 0.845815 0.541850 0.850220 0.541850 0.859031 0.537445 0.863436 0.533040 0.863436 0.528634 0.867841 0.524229 0.867841 0.519824 0.863436 0.515419 0.863436 0.511013 0.859031 0.502203 0.867841 0.502203 0.872247 0.506608 0.876652 0.511013 0.876652 0.515419 0.872247 0.519824 0.872247 0.524229 0.876652 0.528634 0.876652 0.537445 0.867841 0.541850 0.867841 0.546256 0.863436 0.550661 0.867841 0.585903 0.867841 0.590308 0.863436 0.594714 0.863436 0.599119 0.859031 0.603524 0.863436 0.607930 0.859031 0.612335 0.859031 0.616740 0.854626 0.616740 0.850220 0.621145 0.845815
0 0.132159 0.819383 0.136564 0.823789 0.145374 0.823789 0.149780 0.828194 0.154185 0.823789 0.158590 0.823789 0.162996 0.819383 0.167401 0.819383 0.171806 0.823789 0.176211 0.823789 0.180617 0.828194 0.180617 0.837004 0.189427 0.845815 0.189427 0.850220 0.193833 0.854626 0.198238 0.850220 0.198238 0.845815 0.193833 0.841410 0.193833 0.832599 0.185022 0.823789 0.180617 0.828194 0.176211 0.823789 0.171806 0.823789 0.167401 0.819383 0.167401 0.810573 0.162996 0.806167 0.145374 0.806167
0 0.669604 0.801762 0.669604 0.806167 0.674009 0.810573 0.678414 0.810573 0.687225 0.819383 0.709251 0.819383 0.713656 0.814978 0.709251 0.810573 0.704846 0.810573 0.700441 0.806167 0.696035 0.806167 0.691630 0.801762 0.682819 0.801762 0.678414 0.797357 0.674009 0.797357
0 0.083700 0.797357 0.074890 0.806167 0.074890 0.819383 0.079295 0.823789 0.092511 0.823789 0.101322 0.814978 0.101322 0.810573 0.092511 0.801762 0.088106 0.801762
0 0.770925 0.775330 0.766520 0.770925 0.753304 0.770925 0.740088 0.784141 0.740088 0.792952 0.735683 0.797357 0.740088 0.801762 0.744493 0.797357 0.753304 0.797357 0.770925 0.779736
0 0.374449 0.779736 0.383260 0.788546 0.387665 0.788546 0.392070 0.784141 0.396476 0.788546 0.400881 0.788546 0.405286 0.784141 0.409692 0.788546 0.414097 0.788546 0.418502 0.792952 0.418502 0.797357 0.440529 0.819383 0.444934 0.814978 0.449339 0.814978 0.453745 0.819383 0.458150 0.814978 0.462555 0.819383 0.471366 0.819383 0.475771 0.823789 0.480176 0.823789 0.484582 0.828194 0.488987 0.828194 0.493392 0.823789 0.493392 0.819383 0.475771 0.801762 0.462555 0.801762 0.458150 0.806167 0.453745 0.806167 0.449339 0.810573 0.444934 0.806167 0.440529 0.806167 0.431718 0.797357 0.431718 0.792952 0.427313 0.788546 0.422908 0.792952 0.418502 0.792952 0.414097 0.788546 0.409692 0.788546 0.400881 0.779736 0.396476 0.779736 0.387665 0.770925 0.383260 0.770925
0 0.550661 0.775330 0.550661 0.779736 0.559471 0.788546 0.581498 0.788546 0.585903 0.784141 0.590308 0.788546 0.599119 0.788546 0.603524 0.792952 0.612335 0.792952 0.616740 0.788546 0.616740 0.784141 0.612335 0.779736 0.599119 0.779736 0.594714 0.775330 0.590308 0.775330 0.585903 0.770925 0.581498 0.770925 0.577093 0.766520 0.572687 0.766520 0.568282 0.762115 0.563877 0.762115
0 0.678414 0.709251 0.665198 0.709251 0.660793 0.713656 0.660793 0.718062 0.656388 0.722467 0.656388 0.740088 0.660793 0.744493 0.669604 0.735683 0.674009 0.735683 0.687225 0.722467 0.687225 0.718062
0 0.096916 0.713656 0.096916 0.718062 0.101322 0.722467 0.105727 0.722467 0.110132 0.726872 0.123348 0.726872 0.132159 0.718062 0.132159 0.713656 0.127753 0.709251 0.101322 0.709251
0 0.497797 0.674009 0.493392 0.674009 0.484582 0.682819 0.484582 0.696035 0.480176 0.700441 0.475771 0.700441 0.471366 0.704846 0.466960 0.704846 0.462555 0.709251 0.462555 0.718062 0.471366 0.726872 0.484582 0.726872 0.488987 0.722467 0.488987 0.718062 0.493392 0.713656 0.488987 0.709251 0.488987 0.691630 0.502203 0.678414
0 0.180617 0.660793 0.171806 0.669604 0.171806 0.674009 0.176211 0.678414 0.176211 0.682819 0.185022 0.691630 0.193833 0.691630 0.198238 0.687225 0.198238 0.674009 0.189427 0.665198 0.185022 0.665198
0 0.607930 0.656388 0.599119 0.656388 0.585903 0.669604 0.585903 0.678414 0.581498 0.682819 0.585903 0.687225 0.585903 0.718062 0.590308 0.722467 0.594714 0.722467 0.599119 0.718062 0.599119 0.696035 0.603524 0.691630 0.603524 0.687225 0.612335 0.678414 0.612335 0.669604 0.616740 0.665198
0 0.123348 0.638767 0.118943 0.634361 0.105727 0.634361 0.101322 0.638767 0.096916 0.638767 0.088106 0.647577 0.088106 0.656388 0.092511 0.660793 0.105727 0.660793 0.123348 0.643172
0 0.418502 0.594714 0.405286 0.599119 0.396476 0.607930 0.400881 0.612335 0.400881 0.621145 0.405286 0.625551 0.405286 0.634361 0.392070 0.647577 0.392070 0.660793 0.396476 0.665198 0.396476 0.682819 0.383260 0.691630 0.378855 0.687225 0.374449 0.687225 0.370044 0.691630 0.361233 0.691630 0.352423 0.704846 0.348018 0.704846 0.343612 0.709251 0.330396 0.709251 0.325991 0.713656 0.317181 0.735683 0.299559 0.753304 0.299559 0.762115 0.290749 0.770925 0.290749 0.775330 0.277533 0.784141 0.268722 0.784141 0.246696 0.806167 0.242291 0.806167 0.229075 0.814978 0.237885 0.823789 0.242291 0.823789 0.251101 0.814978 0.255507 0.814978 0.268722 0.801762 0.273128 0.801762 0.281938 0.792952 0.286344 0.792952 0.290749 0.788546 0.303965 0.788546 0.312775 0.775330 0.312775 0.762115 0.321586 0.753304 0.321586 0.744493 0.330396 0.735683 0.334802 0.735683 0.348018 0.722467 0.352423 0.722467 0.361233 0.713656 0.374449 0.709251 0.383260 0.700441 0.383260 0.696035 0.387665 0.691630 0.392070 0.691630 0.396476 0.687225 0.400881 0.691630 0.409692 0.691630 0.422908 0.700441 0.444934 0.700441 0.449339 0.696035 0.440529 0.687225 0.422908 0.687225 0.418502 0.691630 0.405286 0.682819 0.405286 0.674009 0.409692 0.669604 0.409692 0.647577 0.405286 0.643172 0.405286 0.634361 0.409692 0.629956 0.414097 0.629956 0.422908 0.621145 0.422908 0.603524 0.418502 0.599119
0 0.493392 0.572687 0.488987 0.577093 0.488987 0.603524 0.497797 0.612335 0.502203 0.607930 0.506608 0.607930 0.511013 0.603524 0.511013 0.585903 0.502203 0.577093 0.497797 0.577093
0 0.273128 0.546256 0.268722 0.541850 0.255507 0.555066 0.251101 0.555066 0.246696 0.559471 0.242291 0.559471 0.237885 0.563877 0.233480 0.559471 0.229075 0.563877 0.224670 0.559471 0.220264 0.559471 0.215859 0.555066 0.211454 0.555066 0.207048 0.550661 0.198238 0.550661 0.193833 0.555066 0.198238 0.559471 0.198238 0.568282 0.202643 0.572687 0.207048 0.572687 0.211454 0.577093 0.229075 0.577093 0.233480 0.581498 0.237885 0.581498 0.246696 0.572687 0.251101 0.572687 0.259912 0.563877 0.264317 0.563877 0.268722 0.559471 0.268722 0.555066 0.273128 0.550661
0 0.458150 0.515419 0.444934 0.528634 0.444934 0.537445 0.440529 0.541850 0.440529 0.550661 0.436123 0.555066 0.440529 0.559471 0.440529 0.568282 0.431718 0.577093 0.427313 0.577093 0.422908 0.581498 0.422908 0.585903 0.427313 0.585903 0.431718 0.581498 0.440529 0.581498 0.458150 0.563877 0.458150 0.537445 0.466960 0.528634 0.466960 0.524229
0 0.048458 0.511013 0.039648 0.519824 0.039648 0.533040 0.044053 0.537445 0.044053 0.541850 0.048458 0.546256 0.048458 0.550661 0.061674 0.563877 0.066079 0.563877 0.070485 0.559471 0.070485 0.541850 0.066079 0.537445 0.066079 0.533040 0.061674 0.528634 0.061674 0.519824 0.057269 0.515419 0.052863 0.515419
0 0.074890 0.493392 0.079295 0.497797 0.083700 0.497797 0.092511 0.506608 0.092511 0.511013 0.096916 0.515419 0.096916 0.519824 0.101322 0.524229 0.118943 0.524229 0.123348 0.528634 0.127753 0.524229 0.132159 0.528634 0.136564 0.528634 0.140969 0.533040 0.140969 0.537445 0.149780 0.546256 0.154185 0.541850 0.158590 0.541850 0.167401 0.533040 0.167401 0.524229 0.162996 0.519824 0.140969 0.519824 0.136564 0.515419 0.132159 0.515419 0.123348 0.506608 0.118943 0.506608 0.114537 0.502203 0.110132 0.502203 0.101322 0.493392 0.096916 0.493392 0.088106 0.484582 0.083700 0.488987 0.079295 0.488987
0 0.779736 0.462555 0.775330 0.466960 0.770925 0.466960 0.766520 0.471366 0.766520 0.475771 0.779736 0.488987 0.784141 0.488987 0.792952 0.497797 0.792952 0.506608 0.788546 0.511013 0.788546 0.515419 0.792952 0.519824 0.792952 0.524229 0.797357 0.528634 0.801762 0.528634 0.806167 0.524229 0.806167 0.519824 0.810573 0.515419 0.792952 0.497797 0.792952 0.480176 0.797357 0.475771 0.797357 0.471366 0.788546 0.462555
0 0.471366 0.462555 0.466960 0.466960 0.462555 0.466960 0.458150 0.471366 0.458150 0.480176 0.462555 0.484582 0.462555 0.488987 0.475771 0.502203 0.480176 0.502203 0.484582 0.506608 0.488987 0.502203 0.493392 0.502203 0.497797 0.497797 0.488987 0.488987 0.484582 0.488987 0.480176 0.484582 0.480176 0.480176 0.475771 0.475771 0.475771 0.466960
0 0.837004 0.418502 0.832599 0.418502 0.828194 0.422908 0.819383 0.422908 0.810573 0.431718 0.810573 0.436123 0.819383 0.444934 0.828194 0.444934 0.837004 0.436123 0.837004 0.431718 0.841410 0.427313 0.841410 0.422908
0 0.444934 0.422908 0.440529 0.418502 0.436123 0.422908 0.431718 0.418502 0.422908 0.427313 0.418502 0.427313 0.405286 0.440529 0.405286 0.449339 0.409692 0.453745 0.414097 0.453745 0.418502 0.449339 0.422908 0.449339 0.444934 0.427313
0 0.211454 0.405286 0.207048 0.405286 0.202643 0.409692 0.193833 0.409692 0.189427 0.414097 0.185022 0.414097 0.180617 0.418502 0.193833 0.431718 0.198238 0.431718 0.211454 0.444934 0.211454 0.453745 0.207048 0.458150 0.202643 0.458150 0.193833 0.466960 0.193833 0.471366 0.189427 0.475771 0.189427 0.480176 0.176211 0.493392 0.176211 0.502203 0.180617 0.506608 0.180617 0.511013 0.185022 0.515419 0.189427 0.515419 0.193833 0.519824 0.193833 0.528634 0.198238 0.533040 0.202643 0.533040 0.207048 0.528634 0.207048 0.524229 0.211454 0.519824 0.211454 0.511013 0.215859 0.506608 0.215859 0.502203 0.220264 0.497797 0.220264 0.493392 0.224670 0.488987 0.224670 0.484582 0.237885 0.471366 0.229075 0.462555 0.224670 0.466960 0.220264 0.462555 0.215859 0.462555 0.211454 0.458150 0.211454 0.444934 0.215859 0.440529 0.215859 0.436123 0.220264 0.431718 0.215859 0.427313 0.215859 0.418502 0.220264 0.414097
0 0.114537 0.405286 0.110132 0.400881 0.105727 0.400881 0.101322 0.405286 0.101322 0.418502 0.105727 0.422908 0.105727 0.436123 0.088106 0.453745 0.083700 0.453745 0.079295 0.458150 0.074890 0.458150 0.070485 0.453745 0.066079 0.453745 0.061674 0.449339 0.057269 0.449339 0.048458 0.440529 0.048458 0.436123 0.044053 0.431718 0.044053 0.427313 0.039648 0.422908 0.039648 0.414097 0.035242 0.409692 0.030837 0.409692 0.026432 0.405286 0.022026 0.409692 0.022026 0.422908 0.017621 0.427313 0.017621 0.436123 0.030837 0.449339 0.035242 0.449339 0.044053 0.458150 0.048458 0.458150 0.057269 0.466960 0.061674 0.466960 0.066079 0.471366 0.070485 0.471366 0.074890 0.466960 0.079295 0.466960 0.083700 0.462555 0.088106 0.466960 0.092511 0.466960 0.096916 0.462555 0.096916 0.458150 0.101322 0.453745 0.101322 0.449339 0.114537 0.436123
0 0.317181 0.392070 0.303965 0.392070 0.299559 0.396476 0.299559 0.400881 0.295154 0.405286 0.295154 0.409692 0.290749 0.414097 0.290749 0.444934 0.281938 0.453745 0.281938 0.471366 0.273128 0.480176 0.273128 0.484582 0.268722 0.488987 0.268722 0.493392 0.264317 0.497797 0.259912 0.497797 0.255507 0.502203 0.251101 0.502203 0.246696 0.506608 0.246696 0.519824 0.242291 0.524229 0.246696 0.528634 0.251101 0.528634 0.259912 0.519824 0.259912 0.515419 0.264317 0.511013 0.268722 0.511013 0.273128 0.506608 0.277533 0.511013 0.281938 0.511013 0.286344 0.506608 0.290749 0.506608 0.295154 0.502203 0.295154 0.488987 0.290749 0.484582 0.290749 0.471366 0.299559 0.462555 0.303965 0.462555 0.308370 0.458150 0.308370 0.449339 0.312775 0.444934 0.312775 0.422908 0.317181 0.418502 0.317181 0.409692 0.321586 0.405286 0.321586 0.396476
0 0.162996 0.356828 0.162996 0.365639 0.167401 0.370044 0.180617 0.370044 0.185022 0.374449 0.193833 0.365639 0.198238 0.365639 0.202643 0.361233 0.207048 0.365639 0.211454 0.365639 0.215859 0.370044 0.224670 0.370044 0.229075 0.365639 0.229075 0.356828 0.220264 0.348018 0.215859 0.348018 0.207048 0.356828 0.202643 0.356828 0.198238 0.361233 0.193833 0.356828 0.189427 0.356828 0.185022 0.352423 0.180617 0.352423 0.176211 0.348018 0.171806 0.348018
0 0.317181 0.330396 0.303965 0.343612 0.299559 0.343612 0.295154 0.348018 0.295154 0.356828 0.303965 0.365639 0.308370 0.365639 0.312775 0.370044 0.317181 0.365639 0.317181 0.361233 0.321586 0.356828 0.321586 0.352423 0.325991 0.348018 0.321586 0.343612 0.321586 0.334802
0 0.462555 0.299559 0.458150 0.303965 0.458150 0.312775 0.453745 0.317181 0.458150 0.321586 0.458150 0.334802 0.462555 0.339207 0.466960 0.339207 0.471366 0.343612 0.471366 0.348018 0.480176 0.356828 0.497797 0.356828 0.506608 0.348018 0.506608 0.339207 0.502203 0.334802 0.475771 0.334802 0.471366 0.330396 0.466960 0.330396 0.462555 0.325991 0.462555 0.308370 0.466960 0.303965
0 0.339207 0.295154 0.334802 0.299559 0.334802 0.308370 0.343612 0.317181 0.348018 0.317181 0.356828 0.325991 0.361233 0.325991 0.365639 0.330396 0.374449 0.321586 0.374449 0.317181 0.352423 0.295154
0 0.867841 0.281938 0.854626 0.281938 0.850220 0.286344 0.850220 0.303965 0.854626 0.308370 0.859031 0.308370 0.863436 0.312775 0.863436 0.330396 0.850220 0.343612 0.845815 0.343612 0.841410 0.348018 0.841410 0.356828 0.845815 0.361233 0.854626 0.361233 0.872247 0.343612 0.872247 0.325991 0.863436 0.317181 0.863436 0.308370 0.872247 0.299559 0.872247 0.286344
0 0.176211 0.299559 0.176211 0.317181 0.180617 0.321586 0.185022 0.317181 0.189427 0.317181 0.193833 0.312775 0.193833 0.295154 0.198238 0.290749 0.202643 0.290749 0.211454 0.281938 0.215859 0.281938 0.220264 0.277533 0.233480 0.277533 0.237885 0.281938 0.242291 0.281938 0.255507 0.295154 0.259912 0.295154 0.277533 0.312775 0.290749 0.312775 0.295154 0.308370 0.295154 0.299559 0.299559 0.295154 0.295154 0.290749 0.290749 0.290749 0.281938 0.281938 0.277533 0.281938 0.273128 0.277533 0.268722 0.277533 0.259912 0.268722 0.255507 0.268722 0.251101 0.264317 0.242291 0.264317 0.237885 0.259912 0.229075 0.259912 0.224670 0.264317 0.220264 0.259912 0.207048 0.259912 0.202643 0.264317 0.193833 0.264317 0.185022 0.273128 0.185022 0.290749
0 0.000000 0.229075 0.000000 0.237885 0.004405 0.242291 0.008811 0.242291 0.017621 0.251101 0.017621 0.259912 0.022026 0.264317 0.026432 0.264317 0.030837 0.268722 0.035242 0.268722 0.039648 0.273128 0.039648 0.277533 0.052863 0.290749 0.057269 0.290749 0.061674 0.295154 0.061674 0.299559 0.066079 0.303965 0.079295 0.303965 0.083700 0.299559 0.079295 0.295154 0.079295 0.290749 0.057269 0.268722 0.052863 0.268722 0.048458 0.264317 0.044053 0.264317 0.039648 0.259912 0.039648 0.246696 0.022026 0.229075 0.013216 0.229075 0.008811 0.233480 0.004405 0.233480
0 0.731278 0.237885 0.740088 0.246696 0.748899 0.246696 0.753304 0.251101 0.762115 0.242291 0.766520 0.242291 0.770925 0.237885 0.762115 0.229075 0.757709 0.229075 0.753304 0.224670 0.744493 0.224670
0 0.458150 0.162996 0.449339 0.171806 0.449339 0.176211 0.444934 0.180617 0.462555 0.198238 0.466960 0.198238 0.475771 0.189427 0.475771 0.185022 0.471366 0.180617 0.471366 0.171806 0.462555 0.162996
0 0.176211 0.145374 0.167401 0.154185 0.167401 0.162996 0.162996 0.167401 0.167401 0.171806 0.167401 0.176211 0.171806 0.180617 0.171806 0.198238 0.167401 0.202643 0.167401 0.211454 0.171806 0.215859 0.189427 0.198238 0.189427 0.189427 0.185022 0.185022 0.185022 0.180617 0.180617 0.176211 0.180617 0.149780
0 0.356828 0.110132 0.348018 0.118943 0.348018 0.127753 0.352423 0.132159 0.370044 0.132159 0.374449 0.127753 0.374449 0.118943 0.365639 0.110132
0 0.995595 0.105727 0.986784 0.114537 0.986784 0.136564 0.977974 0.145374 0.973568 0.145374 0.955947 0.162996 0.955947 0.167401 0.960352 0.171806 0.964758 0.171806 0.982379 0.154185 0.982379 0.145374 0.986784 0.140969 0.991189 0.140969 0.995595 0.136564
0 0.066079 0.079295 0.066079 0.083700 0.074890 0.092511 0.088106 0.092511 0.096916 0.083700 0.096916 0.079295 0.088106 0.070485 0.079295 0.070485 0.074890 0.074890 0.070485 0.074890
0 0.911894 0.052863 0.903084 0.061674 0.903084 0.088106 0.907489 0.088106 0.911894 0.092511 0.920705 0.092511 0.929515 0.083700 0.929515 0.074890 0.925110 0.070485 0.925110 0.066079 0.920705 0.061674 0.920705 0.057269 0.916300 0.052863
0 0.000000 0.030837 0.000000 0.044053 0.004405 0.044053 0.008811 0.048458 0.013216 0.048458 0.026432 0.061674 0.030837 0.057269 0.035242 0.061674 0.044053 0.061674 0.048458 0.057269 0.048458 0.052863 0.030837 0.035242 0.022026 0.035242 0.017621 0.039648 0.013216 0.039648 0.008811 0.035242 0.004405 0.035242
0 0.819383 0.017621 0.814978 0.022026 0.819383 0.026432 0.823789 0.026432 0.845815 0.048458 0.850220 0.044053 0.850220 0.039648 0.845815 0.035242 0.845815 0.022026 0.841410 0.017621 0.828194 0.017621 0.823789 0.022026
0 0.563877 0.000000 0.568282 0.048458 0.585903 0.074890 0.590308 0.127753 0.616740 0.211454 0.581498 0.348018 0.541850 0.422908 0.519824 0.440529 0.519824 0.458150 0.524229 0.462555 0.541850 0.453745 0.577093 0.462555 0.638767 0.497797 0.651982 0.546256 0.678414 0.563877 0.678414 0.594714 0.660793 0.607930 0.656388 0.603524 0.656388 0.612335 0.691630 0.603524 0.744493 0.643172 0.779736 0.651982 0.797357 0.674009 0.832599 0.696035 0.859031 0.665198 0.881057 0.665198 0.916300 0.687225 0.920705 0.700441 0.951542 0.726872 0.955947 0.753304 0.964758 0.744493 0.960352 0.726872 0.991189 0.700441 0.960352 0.669604 0.881057 0.625551 0.788546 0.616740 0.740088 0.594714 0.709251 0.563877 0.678414 0.515419 0.674009 0.484582 0.629956 0.449339 0.581498 0.431718 0.581498 0.409692 0.612335 0.356828 0.616740 0.321586 0.638767 0.268722 0.651982 0.185022 0.629956 0.149780 0.621145 0.048458 0.603524 0.022026 0.603524 0.000000
0 0.444934 0.000000 0.444934 0.008811 0.436123 0.017621 0.436123 0.035242 0.440529 0.039648 0.440529 0.066079 0.444934 0.070485 0.449339 0.070485 0.453745 0.074890 0.458150 0.070485 0.458150 0.066079 0.453745 0.061674 0.453745 0.048458 0.449339 0.044053 0.449339 0.035242 0.453745 0.030837 0.453745 0.004405 0.458150 0.000000
