0 0.841410 0.960352 0.832599 0.960352 0.828194 0.964758 0.819383 0.964758 0.814978 0.969163 0.819383 0.973568 0.819383 0.977974 0.828194 0.986784 0.832599 0.986784 0.837004 0.991189 0.837004 0.995595 0.837004 0.991189 0.850220 0.977974 0.850220 0.969163
0 0.603524 0.951542 0.599119 0.955947 0.599119 0.969163 0.603524 0.973568 0.607930 0.973568 0.621145 0.986784 0.621145 0.995595 0.643172 0.995595 0.643172 0.991189 0.629956 0.977974 0.629956 0.973568 0.612335 0.955947 0.607930 0.955947
0 0.255507 0.942731 0.251101 0.947137 0.251101 0.951542 0.246696 0.955947 0.246696 0.960352 0.255507 0.969163 0.268722 0.969163 0.273128 0.964758 0.273128 0.951542 0.268722 0.947137 0.264317 0.947137 0.259912 0.942731
0 0.533040 0.916300 0.528634 0.920705 0.524229 0.920705 0.497797 0.947137 0.497797 0.955947 0.493392 0.960352 0.497797 0.964758 0.497797 0.973568 0.493392 0.977974 0.493392 0.982379 0.488987 0.986784 0.488987 0.995595 0.511013 0.995595 0.511013 0.969163 0.541850 0.938326 0.541850 0.925110
0 0.229075 0.889868 0.224670 0.894273 0.224670 0.903084 0.237885 0.916300 0.242291 0.916300 0.251101 0.907489 0.251101 0.898678 0.242291 0.889868
0 0.145374 0.876652 0.136564 0.876652 0.123348 0.889868 0.123348 0.898678 0.132159 0.907489 0.136564 0.907489 0.140969 0.903084 0.140969 0.894273 0.145374 0.889868 0.145374 0.885463 0.149780 0.881057
0 0.784141 0.841410 0.779736 0.837004 0.770925 0.837004 0.766520 0.841410 0.762115 0.841410 0.757709 0.845815 0.753304 0.845815 0.748899 0.850220 0.744493 0.850220 0.740088 0.854626 0.726872 0.854626 0.722467 0.859031 0.718062 0.854626 0.713656 0.854626 0.709251 0.850220 0.700441 0.859031 0.700441 0.876652 0.704846 0.881057 0.718062 0.867841 0.722467 0.867841 0.726872 0.863436 0.731278 0.867841 0.735683 0.867841 0.740088 0.872247 0.744493 0.867841 0.766520 0.867841 0.775330 0.859031 0.775330 0.854626 0.784141 0.845815
0 0.951542 0.792952 0.955947 0.797357 0.955947 0.806167 0.964758 0.814978 0.969163 0.810573 0.977974 0.810573 0.982379 0.806167 0.995595 0.806167 0.995595 0.788546 0.991189 0.788546 0.986784 0.792952 0.964758 0.792952 0.960352 0.788546 0.955947 0.788546
0 0.863436 0.762115 0.863436 0.766520 0.872247 0.775330 0.889868 0.775330 0.894273 0.779736 0.903084 0.779736 0.907489 0.784141 0.925110 0.784141 0.929515 0.779736 0.925110 0.775330 0.916300 0.775330 0.911894 0.770925 0.903084 0.770925 0.898678 0.766520 0.894273 0.766520 0.885463 0.757709 0.881057 0.757709 0.876652 0.753304 0.872247 0.757709 0.867841 0.757709
0 0.343612 0.775330 0.334802 0.766520 0.334802 0.762115 0.325991 0.753304 0.312775 0.753304 0.303965 0.762115 0.299559 0.762115 0.295154 0.766520 0.290749 0.766520 0.286344 0.762115 0.281938 0.766520 0.273128 0.766520 0.268722 0.770925 0.273128 0.775330 0.277533 0.770925 0.281938 0.775330 0.290749 0.775330 0.295154 0.770925 0.308370 0.770925 0.312775 0.775330 0.321586 0.775330 0.325991 0.779736 0.339207 0.779736
0 0.092511 0.753304 0.088106 0.748899 0.079295 0.748899 0.074890 0.753304 0.079295 0.757709 0.079295 0.766520 0.066079 0.779736 0.061674 0.779736 0.057269 0.784141 0.052863 0.779736 0.048458 0.779736 0.044053 0.775330 0.039648 0.779736 0.035242 0.775330 0.030837 0.775330 0.026432 0.770925 0.026432 0.762115 0.022026 0.757709 0.017621 0.757709 0.013216 0.762115 0.013216 0.766520 0.008811 0.770925 0.004405 0.770925 0.000000 0.775330 0.000000 0.784141 0.026432 0.784141 0.030837 0.788546 0.035242 0.788546 0.044053 0.797357 0.048458 0.797357 0.052863 0.792952 0.052863 0.788546 0.057269 0.784141 0.061674 0.784141 0.066079 0.779736 0.074890 0.779736 0.079295 0.784141 0.083700 0.784141 0.088106 0.779736 0.088106 0.770925 0.092511 0.766520
0 0.792952 0.740088 0.792952 0.748899 0.797357 0.753304 0.810573 0.753304 0.814978 0.757709 0.819383 0.757709 0.828194 0.748899 0.819383 0.740088 0.814978 0.740088 0.810573 0.735683 0.797357 0.735683
0 0.436123 0.709251 0.422908 0.709251 0.418502 0.713656 0.414097 0.713656 0.409692 0.718062 0.405286 0.718062 0.400881 0.722467 0.396476 0.718062 0.378855 0.735683 0.378855 0.766520 0.374449 0.770925 0.374449 0.775330 0.370044 0.779736 0.374449 0.784141 0.387665 0.784141 0.396476 0.775330 0.396476 0.766520 0.392070 0.762115 0.392070 0.744493 0.414097 0.722467 0.418502 0.722467 0.422908 0.718062 0.436123 0.718062 0.440529 0.713656
0 0.268722 0.722467 0.273128 0.726872 0.277533 0.722467 0.281938 0.722467 0.286344 0.718062 0.295154 0.718062 0.299559 0.713656 0.303965 0.713656 0.308370 0.709251 0.321586 0.709251 0.325991 0.713656 0.334802 0.713656 0.339207 0.709251 0.361233 0.709251 0.365639 0.704846 0.365639 0.700441 0.361233 0.696035 0.325991 0.696035 0.321586 0.700441 0.303965 0.700441 0.299559 0.696035 0.295154 0.700441 0.290749 0.700441 0.286344 0.704846 0.286344 0.709251 0.281938 0.713656 0.277533 0.713656
0 0.480176 0.700441 0.493392 0.713656 0.497797 0.713656 0.502203 0.718062 0.506608 0.718062 0.515419 0.726872 0.528634 0.713656 0.524229 0.709251 0.519824 0.709251 0.511013 0.700441 0.506608 0.700441 0.497797 0.691630 0.488987 0.691630
0 0.696035 0.665198 0.687225 0.674009 0.687225 0.682819 0.696035 0.691630 0.704846 0.691630 0.709251 0.687225 0.709251 0.669604 0.704846 0.665198
0 0.246696 0.634361 0.246696 0.643172 0.255507 0.651982 0.259912 0.651982 0.264317 0.656388 0.268722 0.651982 0.273128 0.651982 0.281938 0.643172 0.286344 0.643172 0.290749 0.638767 0.295154 0.638767 0.299559 0.643172 0.317181 0.643172 0.321586 0.647577 0.325991 0.643172 0.330396 0.643172 0.334802 0.638767 0.334802 0.629956 0.330396 0.625551 0.312775 0.625551 0.308370 0.629956 0.299559 0.629956 0.295154 0.634361 0.290749 0.634361 0.286344 0.638767 0.281938 0.634361 0.277533 0.634361 0.273128 0.629956 0.264317 0.629956 0.259912 0.625551 0.255507 0.625551
0 0.806167 0.581498 0.810573 0.585903 0.814978 0.585903 0.832599 0.603524 0.837004 0.599119 0.859031 0.599119 0.867841 0.590308 0.863436 0.585903 0.859031 0.585903 0.854626 0.581498 0.832599 0.581498 0.828194 0.577093 0.819383 0.577093 0.814978 0.581498 0.810573 0.577093
0 0.220264 0.577093 0.215859 0.572687 0.202643 0.572687 0.189427 0.585903 0.185022 0.585903 0.180617 0.590308 0.185022 0.594714 0.215859 0.594714 0.220264 0.590308
0 0.387665 0.550661 0.383260 0.550661 0.378855 0.555066 0.378855 0.568282 0.370044 0.577093 0.365639 0.577093 0.356828 0.585903 0.365639 0.594714 0.374449 0.594714 0.378855 0.590308 0.383260 0.590308 0.387665 0.585903 0.387665 0.581498 0.392070 0.577093 0.392070 0.555066
0 0.964758 0.449339 0.960352 0.449339 0.942731 0.466960 0.942731 0.480176 0.925110 0.497797 0.929515 0.502203 0.933921 0.502203 0.942731 0.493392 0.942731 0.488987 0.951542 0.480176 0.955947 0.480176 0.960352 0.475771 0.964758 0.475771 0.973568 0.466960 0.973568 0.462555 0.969163 0.458150 0.969163 0.453745
0 0.938326 0.396476 0.938326 0.400881 0.942731 0.405286 0.964758 0.405286 0.969163 0.409692 0.973568 0.409692 0.982379 0.418502 0.995595 0.418502 0.995595 0.400881 0.973568 0.400881 0.969163 0.396476 0.964758 0.396476 0.960352 0.392070 0.955947 0.392070 0.951542 0.387665 0.947137 0.387665
0 0.550661 0.400881 0.550661 0.392070 0.541850 0.383260 0.537445 0.383260 0.533040 0.378855 0.528634 0.378855 0.524229 0.374449 0.519824 0.378855 0.515419 0.378855 0.511013 0.383260 0.506608 0.383260 0.502203 0.387665 0.497797 0.383260 0.493392 0.383260 0.488987 0.378855 0.484582 0.378855 0.480176 0.383260 0.480176 0.392070 0.484582 0.396476 0.502203 0.396476 0.506608 0.400881 0.511013 0.396476 0.515419 0.396476 0.519824 0.400881 0.524229 0.400881 0.528634 0.405286 0.546256 0.405286
0 0.876652 0.365639 0.872247 0.361233 0.859031 0.361233 0.854626 0.365639 0.841410 0.365639 0.832599 0.374449 0.832599 0.383260 0.841410 0.392070 0.845815 0.392070 0.850220 0.387665 0.854626 0.387665 0.867841 0.374449 0.872247 0.374449 0.876652 0.370044
0 0.378855 0.352423 0.374449 0.356828 0.374449 0.370044 0.387665 0.383260 0.392070 0.383260 0.396476 0.378855 0.396476 0.361233 0.387665 0.352423
0 0.713656 0.356828 0.709251 0.352423 0.704846 0.356828 0.700441 0.356828 0.696035 0.361233 0.691630 0.361233 0.687225 0.356828 0.682819 0.356828 0.678414 0.352423 0.674009 0.352423 0.665198 0.343612 0.656388 0.343612 0.638767 0.361233 0.638767 0.365639 0.634361 0.370044 0.634361 0.374449 0.625551 0.383260 0.625551 0.392070 0.621145 0.396476 0.625551 0.400881 0.634361 0.392070 0.638767 0.392070 0.647577 0.383260 0.647577 0.374449 0.651982 0.370044 0.656388 0.370044 0.660793 0.365639 0.674009 0.365639 0.678414 0.361233 0.682819 0.365639 0.687225 0.365639 0.691630 0.361233 0.700441 0.361233 0.704846 0.365639
0 0.453745 0.348018 0.458150 0.352423 0.462555 0.352423 0.466960 0.356828 0.471366 0.352423 0.480176 0.352423 0.484582 0.348018 0.488987 0.348018 0.493392 0.343612 0.488987 0.339207 0.484582 0.339207 0.480176 0.334802 0.471366 0.334802 0.466960 0.339207 0.462555 0.339207
0 0.845815 0.299559 0.841410 0.303965 0.841410 0.325991 0.845815 0.330396 0.859031 0.330396 0.867841 0.321586 0.867841 0.312775 0.854626 0.299559
0 0.000000 0.383260 0.000000 0.422908 0.035242 0.400881 0.074890 0.400881 0.105727 0.440529 0.123348 0.431718 0.145374 0.453745 0.132159 0.471366 0.101322 0.453745 0.052863 0.449339 0.022026 0.466960 0.004405 0.453745 0.000000 0.484582 0.061674 0.458150 0.096916 0.502203 0.132159 0.497797 0.154185 0.524229 0.229075 0.541850 0.264317 0.515419 0.325991 0.563877 0.334802 0.546256 0.211454 0.475771 0.242291 0.458150 0.374449 0.493392 0.392070 0.511013 0.383260 0.533040 0.475771 0.533040 0.528634 0.550661 0.550661 0.616740 0.577093 0.634361 0.563877 0.660793 0.590308 0.722467 0.555066 0.744493 0.590308 0.744493 0.678414 0.814978 0.691630 0.784141 0.722467 0.792952 0.735683 0.779736 0.585903 0.704846 0.581498 0.651982 0.726872 0.616740 0.770925 0.651982 0.810573 0.713656 0.845815 0.731278 0.872247 0.704846 0.837004 0.696035 0.806167 0.643172 0.788546 0.651982 0.744493 0.616740 0.748899 0.594714 0.726872 0.572687 0.700441 0.572687 0.696035 0.607930 0.678414 0.621145 0.651982 0.599119 0.621145 0.612335 0.634361 0.621145 0.621145 0.638767 0.603524 0.643172 0.581498 0.625551 0.572687 0.585903 0.585903 0.559471 0.722467 0.524229 0.722467 0.480176 0.674009 0.528634 0.590308 0.541850 0.537445 0.502203 0.488987 0.436123 0.422908 0.431718 0.387665 0.444934 0.365639 0.431718 0.303965 0.444934 0.273128 0.418502 0.281938 0.365639 0.220264 0.295154 0.207048 0.339207 0.273128 0.409692 0.251101 0.431718 0.136564 0.370044 0.039648 0.356828
0 0.625551 0.295154 0.625551 0.303965 0.629956 0.308370 0.634361 0.308370 0.643172 0.317181 0.660793 0.317181 0.665198 0.312775 0.665198 0.308370 0.651982 0.295154 0.647577 0.295154 0.643172 0.290749 0.629956 0.290749
0 0.581498 0.290749 0.568282 0.303965 0.568282 0.321586 0.563877 0.325991 0.563877 0.330396 0.559471 0.334802 0.563877 0.339207 0.563877 0.343612 0.568282 0.348018 0.572687 0.348018 0.577093 0.352423 0.585903 0.343612 0.581498 0.339207 0.581498 0.317181 0.585903 0.312775 0.585903 0.308370 0.590308 0.303965 0.590308 0.299559
0 0.118943 0.295154 0.118943 0.299559 0.123348 0.303965 0.127753 0.303965 0.132159 0.308370 0.149780 0.308370 0.154185 0.312775 0.158590 0.308370 0.162996 0.308370 0.171806 0.299559 0.167401 0.295154 0.154185 0.295154 0.149780 0.290749 0.145374 0.290749 0.140969 0.286344 0.132159 0.286344 0.123348 0.295154
0 0.202643 0.268722 0.207048 0.273128 0.215859 0.273128 0.224670 0.264317 0.224670 0.259912 0.229075 0.255507 0.233480 0.255507 0.237885 0.251101 0.242291 0.251101 0.246696 0.246696 0.255507 0.246696 0.259912 0.251101 0.268722 0.251101 0.273128 0.246696 0.273128 0.242291 0.268722 0.237885 0.264317 0.242291 0.259912 0.242291 0.255507 0.246696 0.251101 0.246696 0.246696 0.242291 0.242291 0.242291 0.237885 0.237885 0.220264 0.237885 0.207048 0.251101 0.202643 0.251101
0 0.185022 0.237885 0.176211 0.229075 0.171806 0.233480 0.167401 0.233480 0.149780 0.251101 0.149780 0.255507 0.154185 0.259912 0.158590 0.259912 0.162996 0.255507 0.171806 0.255507 0.180617 0.246696 0.185022 0.246696
0 0.814978 0.224670 0.810573 0.229075 0.814978 0.233480 0.814978 0.242291 0.806167 0.251101 0.814978 0.259912 0.819383 0.259912 0.823789 0.264317 0.828194 0.264317 0.837004 0.273128 0.837004 0.277533 0.841410 0.281938 0.850220 0.273128 0.850220 0.268722 0.854626 0.264317 0.854626 0.259912 0.850220 0.255507 0.845815 0.255507 0.841410 0.251101 0.828194 0.251101 0.823789 0.246696 0.819383 0.246696 0.814978 0.242291 0.814978 0.233480 0.819383 0.229075
0 0.405286 0.229075 0.409692 0.233480 0.414097 0.233480 0.422908 0.242291 0.422908 0.259912 0.427313 0.264317 0.436123 0.264317 0.444934 0.255507 0.444934 0.251101 0.449339 0.246696 0.453745 0.246696 0.458150 0.242291 0.471366 0.242291 0.475771 0.246696 0.480176 0.246696 0.484582 0.242291 0.484582 0.233480 0.480176 0.229075 0.462555 0.229075 0.458150 0.224670 0.453745 0.229075 0.444934 0.229075 0.440529 0.233480 0.436123 0.233480 0.431718 0.237885 0.427313 0.237885 0.422908 0.233480 0.418502 0.233480 0.409692 0.224670
0 0.268722 0.211454 0.268722 0.215859 0.273128 0.220264 0.277533 0.215859 0.286344 0.215859 0.290749 0.211454 0.295154 0.211454 0.299559 0.215859 0.303965 0.215859 0.308370 0.220264 0.317181 0.220264 0.321586 0.224670 0.325991 0.220264 0.330396 0.220264 0.334802 0.215859 0.339207 0.215859 0.343612 0.220264 0.352423 0.220264 0.356828 0.215859 0.356828 0.211454 0.352423 0.207048 0.348018 0.211454 0.343612 0.207048 0.334802 0.207048 0.330396 0.202643 0.325991 0.202643 0.321586 0.198238 0.299559 0.198238 0.295154 0.202643 0.290749 0.202643 0.286344 0.207048 0.273128 0.207048
0 0.110132 0.154185 0.101322 0.145374 0.092511 0.145374 0.088106 0.149780 0.083700 0.149780 0.079295 0.154185 0.066079 0.154185 0.061674 0.158590 0.061674 0.167401 0.066079 0.171806 0.070485 0.171806 0.083700 0.158590 0.088106 0.158590 0.092511 0.154185 0.096916 0.158590 0.101322 0.158590 0.105727 0.162996 0.110132 0.158590
0 0.647577 0.127753 0.651982 0.132159 0.651982 0.136564 0.665198 0.149780 0.687225 0.149780 0.691630 0.145374 0.691630 0.140969 0.687225 0.136564 0.674009 0.136564 0.669604 0.132159 0.665198 0.132159 0.656388 0.123348 0.651982 0.123348
0 0.929515 0.105727 0.933921 0.110132 0.938326 0.105727 0.969163 0.105727 0.973568 0.110132 0.995595 0.110132 0.995595 0.101322 0.991189 0.101322 0.986784 0.096916 0.982379 0.096916 0.977974 0.092511 0.973568 0.096916 0.960352 0.096916 0.955947 0.092511 0.942731 0.092511
0 0.480176 0.061674 0.475771 0.066079 0.475771 0.083700 0.480176 0.088106 0.480176 0.105727 0.484582 0.110132 0.488987 0.110132 0.502203 0.123348 0.506608 0.118943 0.506608 0.114537 0.502203 0.110132 0.502203 0.101322 0.497797 0.096916 0.497797 0.092511 0.493392 0.088106 0.493392 0.066079 0.488987 0.061674
0 0.237885 0.061674 0.246696 0.070485 0.255507 0.070485 0.259912 0.066079 0.268722 0.066079 0.273128 0.061674 0.277533 0.066079 0.281938 0.066079 0.290749 0.074890 0.299559 0.074890 0.303965 0.070485 0.308370 0.070485 0.312775 0.066079 0.317181 0.066079 0.321586 0.061674 0.317181 0.057269 0.312775 0.061674 0.303965 0.061674 0.299559 0.066079 0.290749 0.066079 0.286344 0.070485 0.281938 0.066079 0.277533 0.066079 0.264317 0.052863 0.251101 0.052863 0.246696 0.057269 0.242291 0.057269
0 0.132159 0.044053 0.127753 0.044053 0.123348 0.039648 0.118943 0.039648 0.096916 0.061674 0.096916 0.066079 0.088106 0.074890 0.088106 0.079295 0.092511 0.083700 0.096916 0.083700 0.105727 0.074890 0.110132 0.074890 0.123348 0.061674 0.123348 0.057269 0.127753 0.052863 0.127753 0.048458
0 0.211454 0.030837 0.207048 0.026432 0.207048 0.022026 0.202643 0.017621 0.198238 0.022026 0.198238 0.030837 0.189427 0.039648 0.185022 0.039648 0.180617 0.044053 0.167401 0.044053 0.162996 0.039648 0.154185 0.039648 0.149780 0.044053 0.145374 0.044053 0.149780 0.044053 0.154185 0.048458 0.154185 0.052863 0.162996 0.061674 0.185022 0.061674 0.189427 0.057269 0.189427 0.044053 0.193833 0.039648 0.198238 0.039648 0.202643 0.035242 0.207048 0.035242
