0 0.312775 0.969163 0.308370 0.973568 0.308370 0.982379 0.317181 0.991189 0.317181 0.995595 0.334802 0.995595 0.334802 0.982379 0.325991 0.973568 0.321586 0.973568 0.317181 0.969163
0 0.162996 0.964758 0.158590 0.960352 0.158590 0.955947 0.154185 0.951542 0.149780 0.951542 0.145374 0.947137 0.140969 0.951542 0.136564 0.951542 0.132159 0.955947 0.123348 0.955947 0.114537 0.964758 0.110132 0.964758 0.105727 0.969163 0.105727 0.973568 0.110132 0.977974 0.127753 0.977974 0.132159 0.973568 0.136564 0.973568 0.140969 0.969163 0.145374 0.969163 0.149780 0.973568 0.158590 0.973568 0.162996 0.969163
0 0.731278 0.938326 0.722467 0.929515 0.713656 0.929515 0.709251 0.933921 0.704846 0.933921 0.700441 0.938326 0.691630 0.938326 0.687225 0.942731 0.682819 0.938326 0.674009 0.938326 0.669604 0.933921 0.660793 0.933921 0.656388 0.938326 0.643172 0.938326 0.638767 0.942731 0.625551 0.942731 0.621145 0.938326 0.612335 0.938326 0.607930 0.942731 0.607930 0.947137 0.616740 0.955947 0.629956 0.955947 0.634361 0.960352 0.643172 0.960352 0.647577 0.955947 0.660793 0.955947 0.665198 0.960352 0.669604 0.960352 0.674009 0.955947 0.696035 0.955947 0.700441 0.951542 0.709251 0.951542 0.713656 0.955947 0.718062 0.951542 0.722467 0.951542 0.731278 0.942731
0 0.414097 0.889868 0.405286 0.889868 0.400881 0.894273 0.396476 0.894273 0.392070 0.898678 0.392070 0.903084 0.387665 0.907489 0.387665 0.933921 0.383260 0.938326 0.383260 0.955947 0.387665 0.960352 0.392070 0.955947 0.396476 0.955947 0.405286 0.947137 0.405286 0.933921 0.400881 0.929515 0.400881 0.911894 0.405286 0.907489 0.409692 0.907489 0.418502 0.898678 0.418502 0.894273
0 0.898678 0.898678 0.903084 0.903084 0.911894 0.903084 0.916300 0.907489 0.920705 0.907489 0.929515 0.916300 0.933921 0.916300 0.942731 0.925110 0.951542 0.916300 0.951542 0.907489 0.955947 0.903084 0.951542 0.898678 0.947137 0.898678 0.942731 0.894273 0.938326 0.894273 0.933921 0.889868 0.929515 0.889868 0.925110 0.885463 0.920705 0.889868 0.907489 0.889868
0 0.863436 0.885463 0.859031 0.881057 0.845815 0.894273 0.841410 0.894273 0.837004 0.898678 0.832599 0.898678 0.823789 0.907489 0.819383 0.907489 0.814978 0.911894 0.810573 0.907489 0.806167 0.907489 0.801762 0.903084 0.797357 0.907489 0.788546 0.907489 0.784141 0.903084 0.779736 0.903084 0.775330 0.907489 0.779736 0.911894 0.784141 0.911894 0.788546 0.907489 0.797357 0.907489 0.801762 0.911894 0.806167 0.907489 0.810573 0.911894 0.814978 0.911894 0.819383 0.916300 0.819383 0.920705 0.823789 0.925110 0.828194 0.925110 0.837004 0.916300 0.837004 0.911894 0.845815 0.903084 0.850220 0.903084 0.854626 0.898678 0.859031 0.898678 0.863436 0.894273
0 0.211454 0.867841 0.207048 0.872247 0.202643 0.872247 0.198238 0.876652 0.202643 0.876652 0.211454 0.885463 0.211454 0.903084 0.215859 0.907489 0.215859 0.916300 0.220264 0.920705 0.220264 0.947137 0.229075 0.955947 0.229075 0.964758 0.224670 0.969163 0.229075 0.973568 0.229075 0.977974 0.233480 0.982379 0.237885 0.977974 0.233480 0.973568 0.233480 0.969163 0.229075 0.964758 0.229075 0.955947 0.237885 0.947137 0.237885 0.942731 0.246696 0.933921 0.246696 0.925110 0.242291 0.920705 0.242291 0.911894 0.237885 0.907489 0.237885 0.903084 0.229075 0.894273 0.229075 0.889868 0.224670 0.885463 0.220264 0.885463 0.215859 0.881057 0.215859 0.872247
0 0.612335 0.841410 0.612335 0.845815 0.629956 0.863436 0.647577 0.863436 0.651982 0.859031 0.651982 0.850220 0.643172 0.841410 0.638767 0.841410 0.634361 0.837004 0.616740 0.837004
0 0.229075 0.841410 0.237885 0.850220 0.255507 0.850220 0.259912 0.845815 0.259912 0.841410 0.255507 0.837004 0.255507 0.832599 0.251101 0.828194 0.242291 0.828194
0 0.687225 0.823789 0.682819 0.828194 0.682819 0.841410 0.687225 0.845815 0.691630 0.845815 0.696035 0.850220 0.700441 0.850220 0.704846 0.854626 0.704846 0.863436 0.709251 0.867841 0.713656 0.863436 0.713656 0.854626 0.709251 0.850220 0.709251 0.845815 0.700441 0.837004 0.700441 0.832599 0.696035 0.828194 0.691630 0.828194
0 0.061674 0.814978 0.057269 0.819383 0.057269 0.823789 0.052863 0.828194 0.052863 0.837004 0.044053 0.845815 0.044053 0.850220 0.039648 0.854626 0.039648 0.859031 0.035242 0.863436 0.035242 0.867841 0.039648 0.872247 0.048458 0.872247 0.061674 0.859031 0.061674 0.823789 0.066079 0.819383
0 0.925110 0.819383 0.920705 0.814978 0.920705 0.810573 0.916300 0.814978 0.911894 0.814978 0.907489 0.819383 0.903084 0.819383 0.894273 0.828194 0.889868 0.828194 0.885463 0.832599 0.881057 0.828194 0.863436 0.828194 0.859031 0.832599 0.854626 0.832599 0.850220 0.837004 0.845815 0.837004 0.841410 0.832599 0.837004 0.832599 0.832599 0.828194 0.823789 0.828194 0.819383 0.832599 0.819383 0.837004 0.814978 0.841410 0.814978 0.845815 0.810573 0.850220 0.810573 0.859031 0.819383 0.867841 0.828194 0.867841 0.832599 0.863436 0.832599 0.850220 0.841410 0.841410 0.845815 0.841410 0.850220 0.837004 0.854626 0.837004 0.859031 0.841410 0.863436 0.841410 0.867841 0.845815 0.876652 0.845815 0.881057 0.841410 0.885463 0.841410 0.889868 0.837004 0.894273 0.837004 0.898678 0.832599 0.911894 0.832599
0 0.563877 0.806167 0.559471 0.806167 0.546256 0.819383 0.546256 0.850220 0.537445 0.859031 0.541850 0.863436 0.555066 0.863436 0.559471 0.859031 0.559471 0.841410 0.563877 0.837004 0.563877 0.828194 0.568282 0.823789 0.568282 0.810573
0 0.374449 0.797357 0.365639 0.806167 0.365639 0.810573 0.378855 0.823789 0.383260 0.823789 0.387665 0.828194 0.392070 0.828194 0.396476 0.832599 0.396476 0.837004 0.405286 0.845815 0.409692 0.841410 0.400881 0.832599 0.396476 0.832599 0.392070 0.828194 0.392070 0.810573 0.396476 0.806167 0.396476 0.801762 0.392070 0.797357 0.387665 0.797357 0.383260 0.792952 0.378855 0.797357
0 0.806167 0.788546 0.801762 0.784141 0.792952 0.784141 0.788546 0.788546 0.784141 0.788546 0.779736 0.792952 0.775330 0.792952 0.766520 0.801762 0.766520 0.810573 0.770925 0.814978 0.779736 0.814978 0.784141 0.810573 0.788546 0.810573 0.792952 0.806167 0.797357 0.806167 0.801762 0.801762 0.801762 0.797357 0.806167 0.792952
0 0.233480 0.779736 0.229075 0.775330 0.224670 0.775330 0.215859 0.784141 0.211454 0.784141 0.193833 0.801762 0.189427 0.801762 0.185022 0.806167 0.180617 0.806167 0.176211 0.810573 0.176211 0.823789 0.180617 0.828194 0.185022 0.828194 0.189427 0.823789 0.193833 0.823789 0.202643 0.814978 0.202643 0.810573 0.207048 0.806167 0.211454 0.806167 0.215859 0.801762 0.220264 0.801762 0.233480 0.788546
0 0.396476 0.753304 0.387665 0.744493 0.383260 0.748899 0.378855 0.748899 0.374449 0.753304 0.365639 0.753304 0.361233 0.748899 0.348018 0.748899 0.343612 0.753304 0.343612 0.762115 0.348018 0.766520 0.356828 0.766520 0.361233 0.762115 0.365639 0.762115 0.370044 0.757709 0.374449 0.762115 0.378855 0.762115 0.383260 0.766520 0.392070 0.766520 0.396476 0.762115
0 0.185022 0.744493 0.185022 0.753304 0.189427 0.757709 0.193833 0.753304 0.198238 0.757709 0.207048 0.757709 0.211454 0.753304 0.215859 0.753304 0.220264 0.748899 0.207048 0.735683 0.202643 0.735683 0.198238 0.740088 0.193833 0.735683
0 0.960352 0.700441 0.955947 0.696035 0.951542 0.696035 0.947137 0.691630 0.942731 0.696035 0.938326 0.696035 0.933921 0.700441 0.933921 0.704846 0.925110 0.713656 0.925110 0.722467 0.929515 0.726872 0.942731 0.726872 0.960352 0.709251
0 0.700441 0.696035 0.704846 0.700441 0.713656 0.700441 0.718062 0.704846 0.722467 0.704846 0.731278 0.696035 0.735683 0.696035 0.744493 0.687225 0.740088 0.682819 0.735683 0.682819 0.731278 0.678414 0.718062 0.678414 0.709251 0.687225 0.704846 0.687225 0.700441 0.691630
0 0.308370 0.651982 0.303965 0.647577 0.299559 0.647577 0.286344 0.660793 0.281938 0.660793 0.277533 0.665198 0.273128 0.665198 0.268722 0.669604 0.264317 0.669604 0.255507 0.678414 0.251101 0.678414 0.246696 0.682819 0.242291 0.682819 0.237885 0.678414 0.233480 0.678414 0.229075 0.674009 0.224670 0.674009 0.220264 0.669604 0.211454 0.669604 0.207048 0.674009 0.198238 0.674009 0.193833 0.678414 0.193833 0.682819 0.176211 0.700441 0.176211 0.704846 0.180617 0.709251 0.193833 0.696035 0.198238 0.696035 0.202643 0.691630 0.211454 0.691630 0.215859 0.696035 0.220264 0.691630 0.224670 0.691630 0.229075 0.687225 0.242291 0.687225 0.246696 0.691630 0.259912 0.691630 0.264317 0.687225 0.273128 0.687225 0.277533 0.682819 0.286344 0.682819 0.290749 0.678414 0.295154 0.678414 0.299559 0.674009 0.303965 0.674009 0.308370 0.669604
0 0.687225 0.643172 0.682819 0.643172 0.678414 0.647577 0.674009 0.643172 0.669604 0.647577 0.669604 0.651982 0.665198 0.656388 0.660793 0.656388 0.638767 0.678414 0.634361 0.678414 0.629956 0.682819 0.625551 0.682819 0.621145 0.678414 0.616740 0.682819 0.607930 0.682819 0.603524 0.687225 0.603524 0.691630 0.599119 0.696035 0.594714 0.696035 0.590308 0.700441 0.577093 0.700441 0.572687 0.704846 0.572687 0.713656 0.577093 0.718062 0.581498 0.718062 0.585903 0.713656 0.590308 0.713656 0.594714 0.709251 0.599119 0.709251 0.603524 0.704846 0.616740 0.704846 0.625551 0.696035 0.625551 0.691630 0.634361 0.682819 0.638767 0.682819 0.643172 0.678414 0.647577 0.682819 0.651982 0.682819 0.656388 0.678414 0.660793 0.678414 0.687225 0.651982
0 0.519824 0.643172 0.515419 0.638767 0.511013 0.643172 0.506608 0.643172 0.502203 0.647577 0.497797 0.647577 0.493392 0.651982 0.488987 0.647577 0.480176 0.647577 0.466960 0.660793 0.471366 0.660793 0.475771 0.665198 0.488987 0.665198 0.493392 0.660793 0.502203 0.660793 0.506608 0.656388 0.515419 0.656388 0.519824 0.651982
0 0.114537 0.616740 0.101322 0.603524 0.101322 0.599119 0.092511 0.590308 0.088106 0.590308 0.083700 0.594714 0.079295 0.594714 0.074890 0.599119 0.066079 0.599119 0.061674 0.594714 0.057269 0.599119 0.057269 0.612335 0.048458 0.621145 0.048458 0.625551 0.039648 0.634361 0.039648 0.638767 0.035242 0.643172 0.044053 0.651982 0.052863 0.651982 0.066079 0.638767 0.066079 0.634361 0.070485 0.629956 0.070485 0.625551 0.066079 0.621145 0.066079 0.607930 0.070485 0.603524 0.074890 0.603524 0.079295 0.599119 0.083700 0.603524 0.088106 0.603524 0.092511 0.607930 0.096916 0.607930 0.101322 0.612335 0.101322 0.629956 0.105727 0.634361 0.110132 0.629956 0.110132 0.621145
0 0.828194 0.568282 0.823789 0.572687 0.823789 0.585903 0.837004 0.599119 0.837004 0.607930 0.832599 0.612335 0.832599 0.621145 0.859031 0.647577 0.863436 0.647577 0.867841 0.643172 0.872247 0.647577 0.876652 0.647577 0.881057 0.651982 0.881057 0.665198 0.876652 0.669604 0.876652 0.678414 0.881057 0.682819 0.881057 0.696035 0.872247 0.704846 0.872247 0.713656 0.867841 0.718062 0.863436 0.718062 0.859031 0.722467 0.859031 0.748899 0.854626 0.753304 0.850220 0.753304 0.845815 0.757709 0.828194 0.757709 0.823789 0.762115 0.823789 0.766520 0.832599 0.775330 0.837004 0.770925 0.841410 0.770925 0.850220 0.762115 0.850220 0.757709 0.854626 0.753304 0.859031 0.753304 0.863436 0.748899 0.872247 0.748899 0.876652 0.744493 0.876652 0.735683 0.881057 0.731278 0.881057 0.713656 0.889868 0.704846 0.889868 0.700441 0.885463 0.696035 0.885463 0.682819 0.894273 0.674009 0.894273 0.647577 0.889868 0.643172 0.881057 0.643172 0.876652 0.647577 0.872247 0.643172 0.867841 0.643172 0.850220 0.625551 0.850220 0.612335 0.841410 0.603524 0.841410 0.590308 0.845815 0.585903 0.845815 0.581498 0.837004 0.572687 0.832599 0.572687
0 0.691630 0.634361 0.696035 0.634361 0.700441 0.629956 0.704846 0.634361 0.709251 0.629956 0.713656 0.629956 0.718062 0.625551 0.718062 0.621145 0.722467 0.616740 0.726872 0.616740 0.731278 0.612335 0.744493 0.612335 0.748899 0.616740 0.753304 0.616740 0.757709 0.621145 0.775330 0.621145 0.784141 0.612335 0.788546 0.612335 0.801762 0.599119 0.797357 0.594714 0.788546 0.594714 0.784141 0.599119 0.779736 0.599119 0.770925 0.607930 0.766520 0.607930 0.762115 0.612335 0.757709 0.612335 0.753304 0.607930 0.748899 0.607930 0.744493 0.603524 0.744493 0.590308 0.748899 0.585903 0.748899 0.581498 0.753304 0.577093 0.753304 0.572687 0.744493 0.563877 0.740088 0.568282 0.735683 0.563877 0.731278 0.563877 0.726872 0.559471 0.722467 0.559471 0.718062 0.555066 0.704846 0.555066 0.696035 0.563877 0.696035 0.572687 0.700441 0.577093 0.704846 0.577093 0.709251 0.572687 0.722467 0.572687 0.726872 0.577093 0.731278 0.577093 0.735683 0.581498 0.735683 0.590308 0.731278 0.594714 0.731278 0.599119 0.726872 0.603524 0.726872 0.607930 0.722467 0.612335 0.718062 0.612335 0.713656 0.616740 0.709251 0.616740 0.704846 0.612335 0.691630 0.625551
0 0.317181 0.546256 0.299559 0.563877 0.299559 0.568282 0.295154 0.572687 0.295154 0.577093 0.277533 0.594714 0.277533 0.599119 0.281938 0.603524 0.290749 0.603524 0.295154 0.599119 0.295154 0.594714 0.317181 0.572687 0.317181 0.568282 0.321586 0.563877 0.321586 0.559471 0.325991 0.555066
0 0.462555 0.546256 0.453745 0.546256 0.449339 0.541850 0.431718 0.541850 0.418502 0.555066 0.414097 0.555066 0.409692 0.559471 0.405286 0.559471 0.400881 0.563877 0.400881 0.568282 0.405286 0.572687 0.409692 0.572687 0.414097 0.577093 0.414097 0.585903 0.409692 0.590308 0.409692 0.599119 0.414097 0.603524 0.418502 0.603524 0.431718 0.590308 0.427313 0.585903 0.422908 0.585903 0.414097 0.577093 0.414097 0.568282 0.422908 0.559471 0.427313 0.559471 0.431718 0.555066 0.436123 0.559471 0.440529 0.559471 0.444934 0.555066 0.449339 0.555066 0.453745 0.559471 0.462555 0.559471 0.466960 0.555066 0.466960 0.550661
0 0.136564 0.537445 0.132159 0.537445 0.127753 0.541850 0.127753 0.546256 0.123348 0.550661 0.123348 0.555066 0.118943 0.559471 0.118943 0.568282 0.127753 0.577093 0.132159 0.577093 0.136564 0.572687 0.136564 0.568282 0.145374 0.559471 0.145374 0.555066 0.149780 0.550661
0 0.933921 0.541850 0.929515 0.537445 0.925110 0.537445 0.920705 0.533040 0.916300 0.533040 0.894273 0.555066 0.894273 0.559471 0.889868 0.563877 0.889868 0.572687 0.894273 0.577093 0.898678 0.572687 0.903084 0.572687 0.911894 0.563877 0.911894 0.559471 0.925110 0.546256 0.929515 0.546256
0 0.246696 0.528634 0.242291 0.524229 0.237885 0.528634 0.233480 0.524229 0.229075 0.524229 0.224670 0.519824 0.224670 0.515419 0.220264 0.511013 0.211454 0.519824 0.211454 0.524229 0.207048 0.528634 0.202643 0.528634 0.198238 0.533040 0.198238 0.537445 0.180617 0.555066 0.180617 0.563877 0.185022 0.563877 0.189427 0.559471 0.193833 0.563877 0.207048 0.550661 0.207048 0.537445 0.211454 0.533040 0.215859 0.533040 0.220264 0.528634 0.224670 0.528634 0.229075 0.524229 0.233480 0.528634 0.237885 0.528634 0.242291 0.533040
0 0.770925 0.475771 0.766520 0.471366 0.762115 0.471366 0.757709 0.475771 0.753304 0.475771 0.748899 0.480176 0.740088 0.480176 0.735683 0.484582 0.735683 0.488987 0.731278 0.493392 0.731278 0.497797 0.726872 0.502203 0.726872 0.506608 0.731278 0.511013 0.735683 0.511013 0.740088 0.506608 0.748899 0.506608 0.753304 0.502203 0.757709 0.502203 0.766520 0.493392 0.766520 0.488987 0.770925 0.484582
0 0.806167 0.471366 0.806167 0.484582 0.810573 0.488987 0.814978 0.488987 0.819383 0.493392 0.823789 0.488987 0.828194 0.488987 0.837004 0.480176 0.828194 0.471366 0.819383 0.471366 0.814978 0.466960 0.810573 0.466960
0 0.273128 0.475771 0.277533 0.480176 0.308370 0.480176 0.312775 0.484582 0.317181 0.484582 0.321586 0.488987 0.321586 0.497797 0.317181 0.502203 0.321586 0.506608 0.325991 0.506608 0.330396 0.502203 0.330396 0.497797 0.325991 0.493392 0.325991 0.480176 0.330396 0.475771 0.330396 0.462555 0.325991 0.462555 0.321586 0.458150 0.299559 0.458150 0.295154 0.462555 0.290749 0.462555 0.281938 0.471366 0.277533 0.471366
0 0.488987 0.449339 0.484582 0.444934 0.471366 0.444934 0.466960 0.449339 0.466960 0.453745 0.462555 0.458150 0.458150 0.458150 0.449339 0.466960 0.458150 0.475771 0.462555 0.471366 0.466960 0.471366 0.471366 0.466960 0.475771 0.466960 0.480176 0.462555 0.484582 0.462555 0.488987 0.458150
0 0.819383 0.303965 0.814978 0.299559 0.797357 0.299559 0.779736 0.317181 0.779736 0.325991 0.784141 0.330396 0.788546 0.325991 0.792952 0.325991 0.797357 0.321586 0.806167 0.321586 0.810573 0.317181 0.814978 0.317181 0.819383 0.312775
0 0.295154 0.400881 0.290749 0.400881 0.281938 0.392070 0.277533 0.392070 0.264317 0.383260 0.251101 0.383260 0.233480 0.370044 0.229075 0.370044 0.224670 0.365639 0.224670 0.352423 0.229075 0.348018 0.207048 0.330396 0.193833 0.339207 0.185022 0.339207 0.171806 0.330396 0.162996 0.330396 0.158590 0.325991 0.136564 0.317181 0.132159 0.312775 0.132159 0.303965 0.127753 0.299559 0.118943 0.308370 0.118943 0.317181 0.079295 0.348018 0.074890 0.348018 0.070485 0.352423 0.061674 0.352423 0.048458 0.343612 0.039648 0.343612 0.022026 0.356828 0.017621 0.370044 0.008811 0.378855 0.004405 0.378855 0.008811 0.378855 0.017621 0.387665 0.017621 0.400881 0.013216 0.405286 0.000000 0.409692 0.000000 0.453745 0.004405 0.458150 0.017621 0.440529 0.022026 0.440529 0.026432 0.436123 0.039648 0.436123 0.044053 0.431718 0.039648 0.427313 0.026432 0.427313 0.013216 0.418502 0.013216 0.409692 0.017621 0.405286 0.022026 0.405286 0.044053 0.392070 0.048458 0.392070 0.061674 0.400881 0.070485 0.400881 0.074890 0.405286 0.079295 0.405286 0.083700 0.400881 0.088106 0.405286 0.092511 0.405286 0.101322 0.396476 0.105727 0.396476 0.118943 0.387665 0.145374 0.387665 0.162996 0.400881 0.167401 0.400881 0.176211 0.409692 0.185022 0.409692 0.189427 0.414097 0.207048 0.414097 0.211454 0.418502 0.229075 0.418502 0.233480 0.422908 0.237885 0.422908 0.251101 0.436123 0.255507 0.431718 0.251101 0.427313 0.251101 0.418502 0.255507 0.414097 0.259912 0.414097 0.264317 0.409692 0.268722 0.409692 0.273128 0.414097
0 0.044053 0.277533 0.039648 0.281938 0.039648 0.290749 0.052863 0.303965 0.061674 0.303965 0.066079 0.299559 0.066079 0.295154 0.061674 0.290749 0.061674 0.281938 0.057269 0.277533
0 0.264317 0.273128 0.255507 0.281938 0.255507 0.295154 0.259912 0.299559 0.259912 0.303965 0.264317 0.308370 0.264317 0.312775 0.268722 0.317181 0.268722 0.325991 0.273128 0.330396 0.273128 0.334802 0.277533 0.339207 0.277533 0.348018 0.281938 0.352423 0.290749 0.352423 0.295154 0.348018 0.295154 0.343612 0.290749 0.339207 0.290749 0.330396 0.286344 0.325991 0.286344 0.312775 0.281938 0.308370 0.281938 0.299559 0.277533 0.295154 0.277533 0.281938 0.268722 0.273128
0 0.577093 0.268722 0.568282 0.277533 0.568282 0.290749 0.577093 0.299559 0.577093 0.308370 0.581498 0.312775 0.590308 0.312775 0.594714 0.308370 0.594714 0.281938 0.585903 0.273128 0.581498 0.273128
0 0.493392 0.229075 0.488987 0.233480 0.480176 0.233480 0.471366 0.242291 0.471366 0.251101 0.462555 0.259912 0.466960 0.264317 0.466960 0.277533 0.471366 0.281938 0.480176 0.281938 0.484582 0.277533 0.484582 0.273128 0.488987 0.268722 0.488987 0.242291 0.497797 0.233480
0 0.779736 0.220264 0.766520 0.207048 0.762115 0.211454 0.757709 0.211454 0.748899 0.220264 0.744493 0.220264 0.740088 0.224670 0.735683 0.224670 0.726872 0.233480 0.726872 0.242291 0.731278 0.246696 0.744493 0.246696 0.753304 0.237885 0.757709 0.237885 0.766520 0.229075 0.770925 0.229075
0 0.541850 0.207048 0.528634 0.207048 0.524229 0.211454 0.524229 0.215859 0.519824 0.220264 0.524229 0.224670 0.524229 0.255507 0.519824 0.259912 0.519824 0.264317 0.515419 0.268722 0.515419 0.290749 0.519824 0.295154 0.528634 0.286344 0.528634 0.264317 0.533040 0.259912 0.533040 0.255507 0.537445 0.251101 0.537445 0.224670 0.541850 0.220264 0.541850 0.215859 0.546256 0.211454
0 0.709251 0.207048 0.696035 0.193833 0.687225 0.193833 0.678414 0.202643 0.678414 0.207048 0.674009 0.211454 0.674009 0.215859 0.669604 0.220264 0.669604 0.224670 0.665198 0.229075 0.660793 0.229075 0.656388 0.233480 0.651982 0.229075 0.647577 0.233480 0.634361 0.233480 0.629956 0.229075 0.625551 0.233480 0.634361 0.242291 0.651982 0.242291 0.656388 0.237885 0.656388 0.233480 0.660793 0.229075 0.665198 0.229075 0.669604 0.224670 0.674009 0.229075 0.678414 0.229075 0.682819 0.224670 0.687225 0.224670 0.691630 0.220264 0.700441 0.220264 0.709251 0.211454
0 0.004405 0.171806 0.008811 0.171806 0.013216 0.176211 0.026432 0.176211 0.030837 0.180617 0.035242 0.180617 0.039648 0.185022 0.039648 0.202643 0.048458 0.211454 0.052863 0.211454 0.061674 0.202643 0.061674 0.198238 0.057269 0.193833 0.057269 0.189427 0.048458 0.180617 0.048458 0.171806 0.039648 0.162996 0.035242 0.162996 0.030837 0.167401 0.013216 0.167401 0.008811 0.171806
0 0.101322 0.158590 0.101322 0.167401 0.096916 0.171806 0.096916 0.180617 0.101322 0.185022 0.105727 0.185022 0.110132 0.189427 0.114537 0.189427 0.118943 0.193833 0.123348 0.193833 0.127753 0.198238 0.132159 0.193833 0.136564 0.198238 0.140969 0.198238 0.145374 0.202643 0.145374 0.207048 0.154185 0.215859 0.158590 0.215859 0.171806 0.202643 0.162996 0.193833 0.149780 0.193833 0.145374 0.198238 0.140969 0.198238 0.136564 0.193833 0.132159 0.193833 0.127753 0.189427 0.123348 0.189427 0.118943 0.185022 0.118943 0.180617 0.110132 0.171806 0.110132 0.162996 0.114537 0.158590 0.110132 0.154185 0.105727 0.154185
0 0.995595 0.145374 0.986784 0.149780 0.986784 0.180617 0.969163 0.193833 0.951542 0.180617 0.947137 0.185022 0.951542 0.224670 0.907489 0.246696 0.920705 0.273128 0.867841 0.308370 0.859031 0.303965 0.859031 0.317181 0.872247 0.325991 0.859031 0.343612 0.832599 0.334802 0.806167 0.352423 0.779736 0.343612 0.766520 0.352423 0.718062 0.334802 0.709251 0.343612 0.762115 0.365639 0.748899 0.383260 0.700441 0.383260 0.678414 0.356828 0.665198 0.365639 0.629956 0.361233 0.568282 0.387665 0.537445 0.356828 0.550661 0.330396 0.528634 0.334802 0.515419 0.325991 0.511013 0.330396 0.524229 0.339207 0.524229 0.352423 0.484582 0.374449 0.427313 0.370044 0.400881 0.396476 0.383260 0.383260 0.334802 0.378855 0.303965 0.405286 0.339207 0.436123 0.378855 0.436123 0.418502 0.427313 0.436123 0.409692 0.440529 0.392070 0.466960 0.392070 0.497797 0.374449 0.541850 0.405286 0.528634 0.422908 0.515419 0.414097 0.506608 0.418502 0.528634 0.436123 0.638767 0.453745 0.718062 0.418502 0.784141 0.418502 0.819383 0.392070 0.832599 0.400881 0.828194 0.418502 0.841410 0.427313 0.859031 0.414097 0.854626 0.396476 0.867841 0.378855 0.911894 0.356828 0.925110 0.365639 0.933921 0.387665 0.933921 0.414097 0.947137 0.418502 0.955947 0.409692 0.951542 0.374449 0.925110 0.356828 0.925110 0.343612 0.942731 0.321586 0.925110 0.290749 0.938326 0.281938 0.969163 0.299559 0.995595 0.286344 0.995595 0.273128 0.960352 0.277533 0.947137 0.268722 0.960352 0.246696 0.995595 0.229075
0 0.885463 0.145374 0.881057 0.149780 0.881057 0.154185 0.876652 0.158590 0.876652 0.162996 0.872247 0.167401 0.867841 0.167401 0.859031 0.176211 0.859031 0.185022 0.863436 0.189427 0.867841 0.189427 0.872247 0.193833 0.872247 0.202643 0.867841 0.207048 0.867841 0.211454 0.863436 0.215859 0.863436 0.224670 0.872247 0.233480 0.876652 0.233480 0.885463 0.224670 0.885463 0.215859 0.881057 0.211454 0.881057 0.207048 0.872247 0.198238 0.872247 0.189427 0.885463 0.176211 0.885463 0.171806 0.894273 0.162996 0.894273 0.154185
0 0.449339 0.136564 0.444934 0.140969 0.444934 0.167401 0.453745 0.176211 0.458150 0.176211 0.462555 0.171806 0.462555 0.167401 0.466960 0.162996 0.462555 0.158590 0.462555 0.154185 0.458150 0.149780 0.458150 0.145374
0 0.594714 0.127753 0.590308 0.132159 0.590308 0.149780 0.599119 0.158590 0.599119 0.162996 0.603524 0.167401 0.612335 0.167401 0.616740 0.162996 0.612335 0.158590 0.612335 0.154185 0.607930 0.149780 0.607930 0.145374 0.599119 0.136564 0.599119 0.132159
0 0.281938 0.114537 0.273128 0.114537 0.264317 0.123348 0.268722 0.127753 0.268722 0.136564 0.259912 0.145374 0.255507 0.145374 0.251101 0.149780 0.251101 0.154185 0.246696 0.158590 0.242291 0.158590 0.237885 0.162996 0.237885 0.167401 0.242291 0.171806 0.251101 0.171806 0.255507 0.167401 0.255507 0.162996 0.264317 0.154185 0.264317 0.140969 0.268722 0.136564 0.273128 0.136564 0.286344 0.123348 0.286344 0.118943
0 0.348018 0.092511 0.343612 0.096916 0.343612 0.101322 0.339207 0.105727 0.339207 0.118943 0.343612 0.123348 0.348018 0.123348 0.352423 0.118943 0.356828 0.123348 0.361233 0.118943 0.361233 0.114537 0.365639 0.110132 0.365639 0.101322 0.361233 0.096916 0.352423 0.096916
0 0.123348 0.096916 0.118943 0.092511 0.114537 0.092511 0.110132 0.096916 0.105727 0.096916 0.101322 0.092511 0.096916 0.092511 0.088106 0.083700 0.088106 0.079295 0.083700 0.074890 0.079295 0.079295 0.079295 0.083700 0.074890 0.088106 0.070485 0.088106 0.066079 0.092511 0.057269 0.092511 0.052863 0.088106 0.039648 0.088106 0.030837 0.096916 0.026432 0.096916 0.017621 0.105727 0.017621 0.110132 0.022026 0.114537 0.030837 0.114537 0.039648 0.105727 0.044053 0.105727 0.048458 0.101322 0.052863 0.101322 0.057269 0.096916 0.061674 0.096916 0.066079 0.092511 0.070485 0.096916 0.074890 0.096916 0.079295 0.101322 0.083700 0.096916 0.092511 0.096916 0.096916 0.101322 0.101322 0.101322 0.110132 0.110132 0.114537 0.110132 0.123348 0.101322
0 0.731278 0.070485 0.726872 0.066079 0.726872 0.061674 0.722467 0.061674 0.718062 0.066079 0.713656 0.066079 0.709251 0.070485 0.700441 0.070485 0.696035 0.066079 0.687225 0.066079 0.682819 0.070485 0.678414 0.070485 0.674009 0.074890 0.678414 0.079295 0.682819 0.079295 0.687225 0.083700 0.700441 0.083700 0.704846 0.079295 0.709251 0.079295 0.713656 0.074890 0.718062 0.079295 0.722467 0.079295
0 0.488987 0.057269 0.475771 0.070485 0.475771 0.074890 0.471366 0.079295 0.466960 0.079295 0.462555 0.083700 0.458150 0.083700 0.453745 0.079295 0.449339 0.083700 0.449339 0.088106 0.453745 0.092511 0.453745 0.096916 0.458150 0.101322 0.462555 0.096916 0.462555 0.088106 0.466960 0.083700 0.471366 0.083700 0.475771 0.079295 0.480176 0.079295 0.484582 0.083700 0.488987 0.083700 0.493392 0.088106 0.497797 0.083700 0.497797 0.070485 0.493392 0.066079 0.493392 0.061674
0 0.726872 0.035242 0.731278 0.039648 0.731278 0.052863 0.735683 0.052863 0.740088 0.048458 0.757709 0.048458 0.762115 0.052863 0.766520 0.052863 0.770925 0.057269 0.775330 0.057269 0.779736 0.061674 0.784141 0.057269 0.779736 0.052863 0.775330 0.052863 0.770925 0.048458 0.770925 0.039648 0.762115 0.030837 0.740088 0.030837 0.735683 0.026432
0 0.555066 0.022026 0.555066 0.026432 0.559471 0.030837 0.563877 0.030837 0.572687 0.039648 0.572687 0.048458 0.577093 0.052863 0.577093 0.057269 0.581498 0.061674 0.585903 0.061674 0.590308 0.066079 0.599119 0.066079 0.603524 0.070485 0.612335 0.070485 0.616740 0.074890 0.625551 0.074890 0.629956 0.079295 0.638767 0.079295 0.643172 0.074890 0.643172 0.070485 0.638767 0.066079 0.634361 0.066079 0.629956 0.061674 0.625551 0.061674 0.616740 0.052863 0.612335 0.052863 0.607930 0.048458 0.603524 0.048458 0.594714 0.039648 0.585903 0.039648 0.581498 0.035242 0.577093 0.035242 0.572687 0.030837 0.572687 0.022026 0.568282 0.017621 0.559471 0.017621
0 0.841410 0.000000 0.828194 0.000000 0.828194 0.026432 0.823789 0.030837 0.823789 0.039648 0.814978 0.048458 0.814978 0.061674 0.823789 0.070485 0.832599 0.061674 0.832599 0.044053 0.837004 0.039648 0.837004 0.035242 0.841410 0.030837
0 0.202643 0.000000 0.202643 0.004405 0.193833 0.013216 0.193833 0.017621 0.189427 0.022026 0.185022 0.022026 0.180617 0.026432 0.171806 0.026432 0.167401 0.022026 0.162996 0.022026 0.158590 0.026432 0.167401 0.035242 0.167401 0.044053 0.158590 0.052863 0.185022 0.079295 0.193833 0.079295 0.198238 0.074890 0.198238 0.066079 0.193833 0.061674 0.193833 0.057269 0.185022 0.048458 0.185022 0.039648 0.189427 0.035242 0.193833 0.035242 0.198238 0.030837 0.207048 0.030837 0.211454 0.035242 0.220264 0.026432 0.207048 0.013216 0.207048 0.008811 0.202643 0.004405
