0 0.837004 0.964758 0.837004 0.973568 0.841410 0.977974 0.859031 0.977974 0.863436 0.982379 0.867841 0.982379 0.876652 0.973568 0.876652 0.969163 0.872247 0.964758 0.850220 0.964758 0.845815 0.960352 0.841410 0.960352
0 0.352423 0.960352 0.348018 0.964758 0.361233 0.977974 0.361233 0.986784 0.365639 0.991189 0.365639 0.995595 0.383260 0.995595 0.383260 0.991189 0.378855 0.986784 0.378855 0.977974 0.374449 0.973568 0.374449 0.969163 0.365639 0.960352
0 0.603524 0.933921 0.599119 0.938326 0.599119 0.960352 0.607930 0.969163 0.612335 0.969163 0.621145 0.960352 0.621145 0.955947 0.616740 0.951542 0.616740 0.942731 0.607930 0.933921
0 0.118943 0.916300 0.110132 0.925110 0.110132 0.955947 0.114537 0.960352 0.118943 0.960352 0.127753 0.951542 0.127753 0.938326 0.132159 0.933921 0.132159 0.925110 0.127753 0.920705 0.123348 0.920705
0 0.488987 0.911894 0.484582 0.916300 0.484582 0.925110 0.480176 0.929515 0.480176 0.933921 0.488987 0.942731 0.493392 0.942731 0.497797 0.947137 0.502203 0.947137 0.506608 0.942731 0.515419 0.942731 0.519824 0.938326 0.497797 0.916300 0.493392 0.916300
0 0.453745 0.916300 0.449339 0.911894 0.440529 0.911894 0.436123 0.916300 0.431718 0.916300 0.427313 0.920705 0.422908 0.916300 0.418502 0.920705 0.414097 0.916300 0.409692 0.920705 0.405286 0.920705 0.400881 0.916300 0.387665 0.916300 0.378855 0.925110 0.378855 0.929515 0.383260 0.933921 0.387665 0.933921 0.392070 0.938326 0.400881 0.929515 0.405286 0.929515 0.409692 0.925110 0.418502 0.925110 0.422908 0.929515 0.427313 0.929515 0.431718 0.933921 0.444934 0.933921 0.449339 0.929515 0.449339 0.925110 0.453745 0.920705
0 0.744493 0.898678 0.740088 0.898678 0.735683 0.894273 0.731278 0.894273 0.726872 0.898678 0.726872 0.903084 0.722467 0.907489 0.718062 0.907489 0.713656 0.911894 0.709251 0.911894 0.704846 0.907489 0.696035 0.916300 0.696035 0.938326 0.700441 0.942731 0.700441 0.960352 0.704846 0.960352 0.709251 0.955947 0.713656 0.960352 0.718062 0.955947 0.718062 0.947137 0.713656 0.942731 0.713656 0.916300 0.718062 0.911894 0.722467 0.911894 0.726872 0.907489 0.731278 0.907489 0.735683 0.911894 0.740088 0.911894 0.744493 0.916300 0.753304 0.907489
0 0.933921 0.889868 0.929515 0.894273 0.929515 0.911894 0.933921 0.916300 0.938326 0.916300 0.942731 0.920705 0.942731 0.933921 0.947137 0.938326 0.947137 0.951542 0.960352 0.964758 0.969163 0.964758 0.973568 0.960352 0.973568 0.955947 0.969163 0.951542 0.969163 0.942731 0.964758 0.938326 0.964758 0.925110 0.960352 0.920705 0.960352 0.911894 0.955947 0.907489 0.955947 0.903084 0.951542 0.898678 0.947137 0.898678 0.938326 0.889868
0 0.334802 0.889868 0.325991 0.889868 0.321586 0.894273 0.321586 0.903084 0.308370 0.916300 0.308370 0.920705 0.299559 0.929515 0.299559 0.933921 0.303965 0.938326 0.303965 0.942731 0.317181 0.955947 0.321586 0.955947 0.330396 0.947137 0.330396 0.942731 0.325991 0.938326 0.325991 0.907489 0.330396 0.903084 0.334802 0.903084 0.339207 0.898678 0.339207 0.894273
0 0.158590 0.894273 0.162996 0.898678 0.167401 0.898678 0.171806 0.903084 0.180617 0.903084 0.185022 0.898678 0.189427 0.898678 0.193833 0.894273 0.198238 0.894273 0.202643 0.889868 0.198238 0.885463 0.193833 0.885463 0.185022 0.876652 0.176211 0.876652 0.171806 0.881057 0.167401 0.881057 0.158590 0.889868
0 0.665198 0.859031 0.660793 0.863436 0.660793 0.872247 0.665198 0.876652 0.665198 0.889868 0.674009 0.898678 0.682819 0.898678 0.687225 0.894273 0.687225 0.889868 0.682819 0.885463 0.682819 0.863436 0.678414 0.859031
0 0.607930 0.837004 0.603524 0.832599 0.594714 0.832599 0.590308 0.837004 0.585903 0.832599 0.577093 0.832599 0.572687 0.837004 0.568282 0.837004 0.555066 0.850220 0.555066 0.867841 0.559471 0.872247 0.563877 0.872247 0.568282 0.867841 0.572687 0.867841 0.594714 0.845815 0.599119 0.845815
0 0.264317 0.819383 0.259912 0.823789 0.259912 0.828194 0.264317 0.832599 0.264317 0.845815 0.259912 0.850220 0.259912 0.859031 0.242291 0.876652 0.242291 0.885463 0.237885 0.889868 0.233480 0.889868 0.229075 0.894273 0.233480 0.898678 0.233480 0.907489 0.229075 0.911894 0.237885 0.920705 0.237885 0.938326 0.242291 0.942731 0.246696 0.942731 0.259912 0.929515 0.259912 0.920705 0.251101 0.911894 0.251101 0.903084 0.246696 0.898678 0.246696 0.889868 0.251101 0.885463 0.255507 0.885463 0.273128 0.867841 0.277533 0.867841 0.281938 0.863436 0.286344 0.867841 0.290749 0.867841 0.295154 0.872247 0.299559 0.867841 0.299559 0.863436 0.295154 0.859031 0.290749 0.859031 0.277533 0.845815 0.277533 0.841410 0.268722 0.832599 0.268722 0.823789
0 0.185022 0.810573 0.180617 0.814978 0.180617 0.832599 0.185022 0.837004 0.185022 0.845815 0.189427 0.850220 0.198238 0.850220 0.202643 0.845815 0.202643 0.828194 0.198238 0.823789 0.198238 0.814978 0.193833 0.810573
0 0.123348 0.814978 0.118943 0.814978 0.114537 0.810573 0.110132 0.814978 0.101322 0.814978 0.096916 0.819383 0.088106 0.819383 0.083700 0.823789 0.079295 0.823789 0.070485 0.832599 0.066079 0.832599 0.061674 0.837004 0.057269 0.832599 0.052863 0.832599 0.048458 0.828194 0.044053 0.828194 0.039648 0.832599 0.035242 0.832599 0.030837 0.837004 0.039648 0.845815 0.052863 0.845815 0.057269 0.841410 0.061674 0.841410 0.066079 0.837004 0.074890 0.837004 0.079295 0.841410 0.101322 0.841410 0.110132 0.832599 0.114537 0.832599 0.118943 0.828194 0.118943 0.823789 0.123348 0.819383
0 0.444934 0.806167 0.440529 0.810573 0.440529 0.819383 0.444934 0.823789 0.444934 0.832599 0.453745 0.841410 0.458150 0.841410 0.466960 0.832599 0.466960 0.828194 0.462555 0.823789 0.462555 0.814978 0.458150 0.810573 0.449339 0.810573
0 0.550661 0.792952 0.546256 0.792952 0.541850 0.797357 0.524229 0.797357 0.515419 0.806167 0.515419 0.810573 0.511013 0.814978 0.511013 0.819383 0.502203 0.828194 0.502203 0.832599 0.511013 0.841410 0.515419 0.837004 0.519824 0.837004 0.524229 0.832599 0.524229 0.828194 0.555066 0.797357
0 0.788546 0.792952 0.788546 0.797357 0.792952 0.801762 0.797357 0.801762 0.801762 0.806167 0.814978 0.806167 0.819383 0.801762 0.828194 0.801762 0.832599 0.806167 0.837004 0.806167 0.841410 0.810573 0.850220 0.801762 0.845815 0.797357 0.837004 0.797357 0.832599 0.801762 0.828194 0.797357 0.823789 0.797357 0.819383 0.792952 0.814978 0.792952 0.810573 0.788546 0.792952 0.788546
0 0.370044 0.770925 0.365639 0.775330 0.365639 0.779736 0.361233 0.784141 0.356828 0.784141 0.352423 0.788546 0.348018 0.788546 0.343612 0.792952 0.343612 0.797357 0.348018 0.801762 0.348018 0.819383 0.352423 0.823789 0.356828 0.819383 0.361233 0.819383 0.365639 0.814978 0.365639 0.792952 0.370044 0.788546 0.374449 0.788546 0.378855 0.784141 0.378855 0.779736
0 0.286344 0.731278 0.281938 0.735683 0.281938 0.740088 0.286344 0.744493 0.286344 0.748899 0.295154 0.757709 0.295154 0.762115 0.299559 0.766520 0.299559 0.784141 0.303965 0.788546 0.308370 0.788546 0.312775 0.784141 0.312775 0.779736 0.317181 0.775330 0.312775 0.770925 0.312775 0.757709 0.303965 0.748899 0.303965 0.744493 0.299559 0.740088 0.299559 0.735683 0.295154 0.731278
0 0.911894 0.726872 0.903084 0.735683 0.898678 0.735683 0.894273 0.740088 0.894273 0.744493 0.898678 0.748899 0.898678 0.762115 0.894273 0.766520 0.889868 0.766520 0.885463 0.770925 0.876652 0.770925 0.872247 0.766520 0.867841 0.770925 0.867841 0.775330 0.872247 0.779736 0.876652 0.779736 0.885463 0.788546 0.894273 0.788546 0.898678 0.784141 0.898678 0.766520 0.903084 0.762115 0.907489 0.762115 0.911894 0.757709 0.911894 0.753304 0.920705 0.744493 0.920705 0.735683
0 0.409692 0.718062 0.405286 0.722467 0.400881 0.718062 0.392070 0.726872 0.392070 0.735683 0.387665 0.740088 0.387665 0.744493 0.383260 0.748899 0.387665 0.753304 0.396476 0.753304 0.400881 0.748899 0.400881 0.744493 0.409692 0.735683 0.409692 0.731278 0.414097 0.726872 0.414097 0.722467
0 0.740088 0.704846 0.735683 0.709251 0.740088 0.713656 0.740088 0.722467 0.748899 0.731278 0.753304 0.731278 0.757709 0.735683 0.762115 0.735683 0.770925 0.744493 0.770925 0.748899 0.775330 0.753304 0.788546 0.740088 0.788546 0.735683 0.775330 0.722467 0.775330 0.718062 0.766520 0.709251 0.757709 0.709251 0.753304 0.704846 0.748899 0.709251 0.744493 0.709251
0 0.925110 0.647577 0.920705 0.651982 0.920705 0.656388 0.925110 0.660793 0.925110 0.665198 0.938326 0.678414 0.947137 0.678414 0.951542 0.674009 0.951542 0.660793 0.942731 0.651982 0.929515 0.651982
0 0.678414 0.647577 0.674009 0.651982 0.674009 0.660793 0.669604 0.665198 0.669604 0.678414 0.682819 0.691630 0.687225 0.691630 0.691630 0.687225 0.691630 0.674009 0.687225 0.669604 0.687225 0.665198 0.682819 0.660793 0.682819 0.651982
0 0.823789 0.638767 0.814978 0.647577 0.814978 0.656388 0.819383 0.660793 0.819383 0.682819 0.823789 0.687225 0.823789 0.713656 0.828194 0.718062 0.832599 0.718062 0.837004 0.722467 0.845815 0.722467 0.850220 0.718062 0.845815 0.713656 0.845815 0.709251 0.841410 0.704846 0.841410 0.682819 0.837004 0.678414 0.837004 0.660793 0.841410 0.656388 0.841410 0.647577 0.837004 0.643172 0.828194 0.643172
0 0.550661 0.629956 0.546256 0.629956 0.537445 0.638767 0.537445 0.643172 0.533040 0.647577 0.533040 0.665198 0.537445 0.669604 0.546256 0.660793 0.546256 0.656388 0.555066 0.647577 0.555066 0.634361
0 0.911894 0.594714 0.907489 0.599119 0.929515 0.621145 0.933921 0.616740 0.933921 0.612335 0.938326 0.607930 0.938326 0.599119 0.933921 0.594714
0 0.409692 0.603524 0.400881 0.594714 0.392070 0.594714 0.387665 0.599119 0.387665 0.603524 0.378855 0.612335 0.374449 0.612335 0.370044 0.616740 0.374449 0.621145 0.378855 0.621145 0.383260 0.616740 0.396476 0.616740 0.400881 0.612335 0.405286 0.612335 0.409692 0.607930
0 0.792952 0.568282 0.784141 0.568282 0.779736 0.563877 0.775330 0.568282 0.775330 0.572687 0.770925 0.577093 0.770925 0.585903 0.766520 0.590308 0.762115 0.590308 0.757709 0.594714 0.753304 0.594714 0.748899 0.599119 0.744493 0.599119 0.740088 0.594714 0.735683 0.599119 0.731278 0.599119 0.726872 0.603524 0.726872 0.607930 0.722467 0.612335 0.731278 0.621145 0.731278 0.638767 0.713656 0.656388 0.718062 0.660793 0.722467 0.660793 0.731278 0.651982 0.731278 0.638767 0.740088 0.629956 0.740088 0.625551 0.744493 0.621145 0.744493 0.616740 0.757709 0.603524 0.762115 0.603524 0.766520 0.599119 0.770925 0.599119 0.775330 0.594714 0.792952 0.594714 0.801762 0.585903 0.801762 0.577093
0 0.449339 0.563877 0.444934 0.563877 0.440529 0.568282 0.440529 0.599119 0.436123 0.603524 0.436123 0.607930 0.440529 0.612335 0.449339 0.603524 0.449339 0.590308 0.453745 0.585903 0.453745 0.581498 0.462555 0.572687 0.458150 0.568282 0.453745 0.568282
0 0.079295 0.563877 0.074890 0.559471 0.066079 0.559471 0.061674 0.563877 0.061674 0.568282 0.057269 0.572687 0.057269 0.577093 0.052863 0.581498 0.048458 0.581498 0.044053 0.585903 0.030837 0.585903 0.026432 0.590308 0.022026 0.585903 0.017621 0.585903 0.013216 0.581498 0.000000 0.581498 0.000000 0.594714 0.004405 0.594714 0.008811 0.590308 0.013216 0.590308 0.017621 0.585903 0.022026 0.590308 0.026432 0.590308 0.035242 0.599119 0.048458 0.599119 0.057269 0.590308 0.061674 0.590308 0.079295 0.572687
0 0.960352 0.550661 0.964758 0.555066 0.969163 0.550661 0.969163 0.546256 0.973568 0.541850 0.977974 0.541850 0.982379 0.537445 0.995595 0.537445 0.995595 0.524229 0.991189 0.528634 0.982379 0.528634 0.977974 0.524229 0.964758 0.524229 0.960352 0.528634
0 0.718062 0.515419 0.709251 0.524229 0.709251 0.533040 0.722467 0.546256 0.726872 0.541850 0.731278 0.541850 0.735683 0.537445 0.735683 0.524229 0.731278 0.519824 0.726872 0.519824 0.722467 0.515419
0 0.832599 0.519824 0.828194 0.515419 0.819383 0.515419 0.814978 0.511013 0.810573 0.515419 0.806167 0.515419 0.801762 0.519824 0.801762 0.524229 0.797357 0.528634 0.797357 0.533040 0.806167 0.541850 0.810573 0.541850
0 0.872247 0.497797 0.867841 0.502203 0.867841 0.515419 0.876652 0.524229 0.876652 0.528634 0.889868 0.541850 0.894273 0.541850 0.898678 0.546256 0.903084 0.546256 0.907489 0.550661 0.911894 0.546256 0.911894 0.537445 0.889868 0.515419 0.889868 0.506608 0.885463 0.502203 0.876652 0.502203
0 0.079295 0.497797 0.074890 0.493392 0.061674 0.493392 0.057269 0.497797 0.052863 0.497797 0.048458 0.493392 0.044053 0.497797 0.039648 0.497797 0.035242 0.502203 0.035242 0.515419 0.030837 0.519824 0.026432 0.519824 0.017621 0.528634 0.013216 0.528634 0.008811 0.533040 0.004405 0.533040 0.000000 0.528634 0.000000 0.537445 0.004405 0.533040 0.008811 0.533040 0.013216 0.537445 0.022026 0.537445 0.026432 0.541850 0.035242 0.533040 0.035242 0.524229 0.039648 0.519824 0.044053 0.519824 0.048458 0.515419 0.052863 0.515419 0.057269 0.511013 0.061674 0.515419 0.066079 0.515419 0.070485 0.511013 0.074890 0.511013 0.079295 0.506608
0 0.572687 0.488987 0.572687 0.502203 0.577093 0.506608 0.581498 0.506608 0.585903 0.502203 0.594714 0.502203 0.599119 0.506608 0.603524 0.506608 0.607930 0.511013 0.612335 0.511013 0.625551 0.524229 0.634361 0.515419 0.634361 0.511013 0.629956 0.506608 0.625551 0.506608 0.621145 0.502203 0.616740 0.502203 0.607930 0.493392 0.594714 0.493392 0.590308 0.488987 0.585903 0.488987 0.581498 0.484582 0.577093 0.484582
0 0.290749 0.449339 0.286344 0.444934 0.277533 0.444934 0.273128 0.449339 0.273128 0.466960 0.268722 0.471366 0.268722 0.480176 0.264317 0.484582 0.259912 0.484582 0.255507 0.488987 0.251101 0.488987 0.246696 0.484582 0.242291 0.484582 0.233480 0.475771 0.224670 0.484582 0.224670 0.488987 0.220264 0.493392 0.215859 0.493392 0.211454 0.497797 0.207048 0.497797 0.202643 0.493392 0.198238 0.493392 0.193833 0.488987 0.189427 0.488987 0.185022 0.484582 0.185022 0.475771 0.176211 0.466960 0.167401 0.475771 0.167401 0.488987 0.171806 0.493392 0.171806 0.497797 0.176211 0.502203 0.202643 0.502203 0.207048 0.497797 0.211454 0.497797 0.215859 0.502203 0.220264 0.502203 0.224670 0.506608 0.229075 0.502203 0.233480 0.502203 0.237885 0.497797 0.242291 0.497797 0.246696 0.493392 0.255507 0.493392 0.259912 0.497797 0.264317 0.493392 0.268722 0.497797 0.273128 0.493392 0.277533 0.493392 0.281938 0.488987 0.281938 0.484582 0.286344 0.480176 0.286344 0.475771 0.290749 0.471366
0 0.660793 0.449339 0.669604 0.458150 0.674009 0.453745 0.678414 0.453745 0.682819 0.449339 0.687225 0.449339 0.691630 0.444934 0.696035 0.449339 0.700441 0.449339 0.704846 0.453745 0.704846 0.458150 0.713656 0.466960 0.726872 0.453745 0.726872 0.444934 0.722467 0.440529 0.713656 0.440529 0.709251 0.444934 0.704846 0.444934 0.700441 0.440529 0.696035 0.440529 0.691630 0.436123 0.682819 0.436123 0.678414 0.440529 0.669604 0.440529
0 0.845815 0.440529 0.841410 0.436123 0.837004 0.436123 0.832599 0.431718 0.823789 0.431718 0.819383 0.436123 0.819383 0.449339 0.806167 0.462555 0.810573 0.466960 0.814978 0.466960 0.823789 0.458150 0.823789 0.453745 0.828194 0.449339 0.832599 0.449339 0.837004 0.444934 0.841410 0.444934
0 0.577093 0.400881 0.572687 0.405286 0.572687 0.414097 0.577093 0.418502 0.581498 0.414097 0.585903 0.414097 0.590308 0.418502 0.594714 0.418502 0.603524 0.427313 0.603524 0.431718 0.621145 0.449339 0.621145 0.462555 0.625551 0.466960 0.634361 0.466960 0.638767 0.462555 0.638767 0.458150 0.634361 0.453745 0.634361 0.449339 0.625551 0.440529 0.625551 0.427313 0.616740 0.418502 0.616740 0.414097 0.612335 0.409692 0.603524 0.409692 0.599119 0.414097 0.594714 0.409692 0.590308 0.409692 0.581498 0.400881
0 0.154185 0.405286 0.154185 0.414097 0.162996 0.422908 0.167401 0.422908 0.171806 0.418502 0.185022 0.418502 0.189427 0.414097 0.193833 0.414097 0.198238 0.409692 0.207048 0.409692 0.211454 0.414097 0.215859 0.409692 0.211454 0.405286 0.207048 0.409692 0.198238 0.409692 0.193833 0.405286 0.189427 0.405286 0.185022 0.400881 0.180617 0.405286 0.167401 0.405286 0.162996 0.400881 0.158590 0.400881
0 0.942731 0.392070 0.951542 0.400881 0.951542 0.414097 0.955947 0.418502 0.955947 0.422908 0.969163 0.436123 0.977974 0.436123 0.982379 0.440529 0.986784 0.440529 0.991189 0.436123 0.995595 0.436123 0.995595 0.418502 0.986784 0.418502 0.982379 0.414097 0.977974 0.414097 0.969163 0.405286 0.964758 0.405286 0.947137 0.387665
0 0.017621 0.352423 0.022026 0.356828 0.026432 0.352423 0.030837 0.352423 0.035242 0.356828 0.039648 0.356828 0.044053 0.361233 0.044053 0.370044 0.048458 0.374449 0.048458 0.378855 0.052863 0.383260 0.070485 0.383260 0.074890 0.378855 0.066079 0.370044 0.066079 0.365639 0.057269 0.356828 0.052863 0.356828 0.048458 0.352423 0.048458 0.339207 0.044053 0.334802 0.035242 0.334802
0 0.691630 0.334802 0.687225 0.330396 0.674009 0.330396 0.669604 0.334802 0.665198 0.334802 0.660793 0.339207 0.660793 0.352423 0.665198 0.356828 0.674009 0.356828 0.687225 0.343612 0.687225 0.339207
0 0.237885 0.330396 0.229075 0.339207 0.229075 0.343612 0.233480 0.348018 0.237885 0.348018 0.242291 0.352423 0.246696 0.352423 0.255507 0.361233 0.255507 0.374449 0.259912 0.378855 0.259912 0.392070 0.255507 0.396476 0.255507 0.409692 0.264317 0.418502 0.268722 0.418502 0.273128 0.414097 0.273128 0.409692 0.277533 0.405286 0.277533 0.400881 0.273128 0.396476 0.273128 0.392070 0.268722 0.387665 0.268722 0.378855 0.273128 0.374449 0.273128 0.370044 0.264317 0.361233 0.264317 0.339207 0.259912 0.334802 0.246696 0.334802 0.242291 0.330396
0 0.898678 0.299559 0.889868 0.308370 0.889868 0.312775 0.894273 0.317181 0.894273 0.321586 0.898678 0.325991 0.898678 0.339207 0.894273 0.343612 0.894273 0.348018 0.889868 0.352423 0.889868 0.356828 0.894273 0.361233 0.898678 0.356828 0.903084 0.361233 0.907489 0.361233 0.911894 0.365639 0.920705 0.365639 0.925110 0.361233 0.920705 0.356828 0.916300 0.356828 0.898678 0.339207 0.898678 0.325991 0.903084 0.321586 0.903084 0.317181 0.907489 0.312775 0.907489 0.303965 0.903084 0.299559
0 0.823789 0.281938 0.819383 0.277533 0.810573 0.277533 0.797357 0.290749 0.792952 0.290749 0.788546 0.295154 0.784141 0.295154 0.770925 0.308370 0.766520 0.308370 0.762115 0.312775 0.744493 0.312775 0.735683 0.321586 0.735683 0.339207 0.744493 0.348018 0.748899 0.343612 0.748899 0.334802 0.770925 0.312775 0.775330 0.312775 0.779736 0.308370 0.784141 0.308370 0.792952 0.299559 0.797357 0.299559 0.801762 0.295154 0.819383 0.295154 0.823789 0.290749
0 0.929515 0.277533 0.929515 0.290749 0.933921 0.295154 0.938326 0.295154 0.942731 0.299559 0.942731 0.317181 0.947137 0.321586 0.955947 0.321586 0.960352 0.325991 0.964758 0.325991 0.969163 0.330396 0.995595 0.330396 0.995595 0.317181 0.991189 0.317181 0.986784 0.312775 0.982379 0.317181 0.973568 0.317181 0.969163 0.321586 0.964758 0.317181 0.960352 0.317181 0.955947 0.312775 0.955947 0.308370 0.951542 0.303965 0.947137 0.303965 0.942731 0.299559 0.942731 0.277533 0.938326 0.273128 0.933921 0.273128
0 0.352423 0.277533 0.343612 0.268722 0.339207 0.268722 0.334802 0.273128 0.330396 0.273128 0.325991 0.277533 0.321586 0.277533 0.317181 0.281938 0.317181 0.286344 0.321586 0.290749 0.325991 0.290749 0.330396 0.295154 0.339207 0.295154 0.352423 0.281938
0 0.273128 0.268722 0.268722 0.268722 0.259912 0.277533 0.259912 0.290749 0.255507 0.295154 0.251101 0.295154 0.246696 0.299559 0.255507 0.308370 0.273128 0.290749 0.277533 0.290749 0.281938 0.286344 0.281938 0.277533
0 0.118943 0.273128 0.123348 0.277533 0.123348 0.281938 0.127753 0.286344 0.132159 0.286344 0.136564 0.290749 0.140969 0.290749 0.149780 0.299559 0.158590 0.299559 0.162996 0.295154 0.167401 0.299559 0.171806 0.299559 0.176211 0.295154 0.176211 0.281938 0.171806 0.277533 0.158590 0.277533 0.154185 0.273128 0.149780 0.273128 0.145374 0.268722 0.140969 0.268722 0.136564 0.264317 0.127753 0.264317
0 0.845815 0.255507 0.845815 0.264317 0.850220 0.268722 0.863436 0.268722 0.867841 0.273128 0.872247 0.273128 0.876652 0.277533 0.881057 0.277533 0.885463 0.273128 0.885463 0.268722 0.881057 0.264317 0.876652 0.264317 0.872247 0.259912 0.867841 0.259912 0.863436 0.255507 0.859031 0.255507 0.854626 0.251101 0.850220 0.251101
0 0.374449 0.251101 0.387665 0.264317 0.392070 0.264317 0.400881 0.273128 0.400881 0.290749 0.405286 0.295154 0.414097 0.286344 0.414097 0.273128 0.418502 0.268722 0.422908 0.268722 0.427313 0.264317 0.431718 0.268722 0.449339 0.268722 0.458150 0.259912 0.458150 0.255507 0.453745 0.251101 0.449339 0.255507 0.431718 0.255507 0.422908 0.264317 0.418502 0.264317 0.414097 0.268722 0.409692 0.264317 0.405286 0.264317 0.383260 0.242291
0 0.299559 0.176211 0.286344 0.189427 0.286344 0.207048 0.290749 0.211454 0.295154 0.207048 0.299559 0.207048 0.308370 0.198238 0.308370 0.185022
0 0.969163 0.167401 0.960352 0.176211 0.964758 0.180617 0.969163 0.180617 0.973568 0.185022 0.973568 0.198238 0.969163 0.202643 0.969163 0.215859 0.973568 0.220264 0.977974 0.220264 0.982379 0.215859 0.982379 0.207048 0.986784 0.202643 0.991189 0.202643 0.995595 0.198238 0.995595 0.189427 0.991189 0.185022 0.986784 0.185022
0 0.343612 0.189427 0.348018 0.193833 0.356828 0.193833 0.361233 0.189427 0.374449 0.189427 0.378855 0.193833 0.396476 0.176211 0.396476 0.171806 0.392070 0.167401 0.387665 0.167401 0.383260 0.171806 0.378855 0.171806 0.374449 0.176211 0.370044 0.171806 0.361233 0.171806 0.356828 0.167401 0.352423 0.167401 0.343612 0.176211
0 0.000000 0.176211 0.000000 0.189427 0.004405 0.189427 0.008811 0.185022 0.013216 0.185022 0.017621 0.180617 0.022026 0.180617 0.026432 0.176211 0.030837 0.176211 0.035242 0.180617 0.044053 0.180617 0.057269 0.189427 0.066079 0.189427 0.070485 0.185022 0.083700 0.185022 0.096916 0.193833 0.096916 0.202643 0.092511 0.207048 0.092511 0.220264 0.088106 0.224670 0.083700 0.224670 0.070485 0.233480 0.061674 0.233480 0.048458 0.224670 0.039648 0.224670 0.035242 0.229075 0.035242 0.237885 0.030837 0.242291 0.030837 0.246696 0.035242 0.251101 0.039648 0.251101 0.044053 0.246696 0.048458 0.246696 0.061674 0.237885 0.066079 0.242291 0.070485 0.242291 0.079295 0.251101 0.079295 0.259912 0.083700 0.264317 0.083700 0.273128 0.070485 0.281938 0.070485 0.290749 0.079295 0.299559 0.079295 0.312775 0.083700 0.317181 0.092511 0.317181 0.096916 0.312775 0.096916 0.308370 0.092511 0.303965 0.092511 0.295154 0.088106 0.290749 0.088106 0.268722 0.096916 0.255507 0.096916 0.224670 0.110132 0.215859 0.110132 0.202643 0.096916 0.193833 0.096916 0.180617 0.101322 0.176211 0.088106 0.167401 0.074890 0.176211 0.070485 0.171806 0.066079 0.176211 0.057269 0.176211 0.052863 0.180617 0.048458 0.176211 0.044053 0.176211 0.030837 0.167401 0.017621 0.176211
0 0.845815 0.149780 0.841410 0.154185 0.841410 0.158590 0.828194 0.171806 0.828194 0.176211 0.832599 0.180617 0.845815 0.180617 0.854626 0.171806 0.854626 0.158590
0 0.198238 0.136564 0.193833 0.136564 0.180617 0.149780 0.185022 0.154185 0.185022 0.176211 0.189427 0.180617 0.193833 0.180617 0.198238 0.176211 0.193833 0.171806 0.193833 0.154185 0.198238 0.149780 0.202643 0.149780 0.207048 0.145374
0 0.502203 0.118943 0.497797 0.114537 0.475771 0.136564 0.471366 0.136564 0.466960 0.140969 0.462555 0.140969 0.458150 0.145374 0.462555 0.149780 0.466960 0.145374 0.480176 0.145374 0.484582 0.149780 0.497797 0.149780 0.502203 0.145374
0 0.607930 0.105727 0.599119 0.105727 0.585903 0.118943 0.585903 0.123348 0.590308 0.127753 0.594714 0.127753 0.599119 0.132159 0.603524 0.127753 0.607930 0.127753 0.612335 0.123348 0.612335 0.110132
0 0.277533 0.110132 0.286344 0.118943 0.308370 0.118943 0.312775 0.114537 0.312775 0.105727 0.303965 0.096916 0.286344 0.096916 0.281938 0.101322 0.281938 0.105727
0 0.960352 0.052863 0.955947 0.057269 0.955947 0.061674 0.951542 0.066079 0.955947 0.070485 0.955947 0.074890 0.960352 0.079295 0.960352 0.083700 0.964758 0.088106 0.964758 0.096916 0.960352 0.101322 0.964758 0.105727 0.969163 0.101322 0.969163 0.096916 0.982379 0.083700 0.986784 0.083700 0.991189 0.079295 0.995595 0.083700 0.995595 0.074890 0.991189 0.079295 0.986784 0.074890 0.982379 0.074890 0.969163 0.061674 0.969163 0.057269 0.964758 0.052863
0 0.748899 0.066079 0.744493 0.061674 0.740088 0.061674 0.731278 0.052863 0.726872 0.052863 0.722467 0.057269 0.718062 0.052863 0.709251 0.052863 0.704846 0.048458 0.700441 0.048458 0.696035 0.052863 0.696035 0.074890 0.669604 0.101322 0.678414 0.110132 0.687225 0.110132 0.696035 0.101322 0.696035 0.096916 0.700441 0.092511 0.700441 0.074890 0.709251 0.066079 0.713656 0.066079 0.718062 0.061674 0.722467 0.061674 0.726872 0.066079 0.731278 0.066079 0.740088 0.074890
0 0.581498 0.035242 0.577093 0.039648 0.572687 0.039648 0.568282 0.044053 0.568282 0.048458 0.546256 0.070485 0.546256 0.079295 0.541850 0.083700 0.537445 0.083700 0.533040 0.088106 0.533040 0.096916 0.537445 0.101322 0.541850 0.101322 0.546256 0.096916 0.546256 0.083700 0.550661 0.079295 0.555066 0.079295 0.559471 0.074890 0.563877 0.079295 0.572687 0.070485 0.577093 0.070485 0.581498 0.066079 0.581498 0.061674 0.585903 0.057269 0.585903 0.039648
0 0.647577 0.017621 0.643172 0.022026 0.643172 0.030837 0.647577 0.035242 0.647577 0.048458 0.634361 0.061674 0.634361 0.070485 0.629956 0.074890 0.634361 0.079295 0.638767 0.079295 0.643172 0.074890 0.647577 0.074890 0.656388 0.066079 0.656388 0.052863 0.660793 0.048458 0.660793 0.044053 0.665198 0.039648 0.665198 0.035242
0 0.325991 0.035242 0.330396 0.039648 0.334802 0.039648 0.339207 0.044053 0.348018 0.044053 0.361233 0.030837 0.365639 0.030837 0.370044 0.026432 0.374449 0.030837 0.378855 0.026432 0.396476 0.026432 0.400881 0.030837 0.409692 0.030837 0.414097 0.035242 0.418502 0.030837 0.422908 0.035242 0.427313 0.035242 0.431718 0.039648 0.436123 0.039648 0.440529 0.044053 0.453745 0.044053 0.458150 0.039648 0.458150 0.030837 0.449339 0.022026 0.440529 0.022026 0.436123 0.026432 0.431718 0.026432 0.427313 0.030837 0.422908 0.026432 0.418502 0.026432 0.409692 0.017621 0.387665 0.017621 0.383260 0.013216 0.378855 0.017621 0.374449 0.017621 0.370044 0.022026 0.356828 0.022026 0.352423 0.017621 0.348018 0.017621 0.343612 0.022026 0.339207 0.022026
0 0.823789 0.000000 0.792952 0.000000 0.788546 0.044053 0.775330 0.061674 0.770925 0.123348 0.651982 0.193833 0.612335 0.237885 0.528634 0.281938 0.471366 0.343612 0.458150 0.378855 0.392070 0.440529 0.365639 0.449339 0.348018 0.466960 0.325991 0.511013 0.242291 0.568282 0.224670 0.563877 0.202643 0.537445 0.202643 0.555066 0.220264 0.568282 0.215859 0.581498 0.154185 0.603524 0.118943 0.638767 0.083700 0.651982 0.044053 0.687225 0.000000 0.700441 0.000000 0.709251 0.039648 0.691630 0.052863 0.700441 0.048458 0.718062 0.000000 0.744493 0.000000 0.797357 0.202643 0.665198 0.233480 0.665198 0.237885 0.678414 0.229075 0.691630 0.242291 0.696035 0.251101 0.678414 0.237885 0.660793 0.308370 0.607930 0.370044 0.581498 0.365639 0.568282 0.378855 0.537445 0.409692 0.506608 0.409692 0.484582 0.436123 0.449339 0.462555 0.440529 0.515419 0.396476 0.541850 0.361233 0.590308 0.343612 0.687225 0.259912 0.718062 0.224670 0.713656 0.202643 0.726872 0.193833 0.731278 0.171806 0.766520 0.171806 0.788546 0.193833 0.806167 0.132159
