0 0.400881 0.911894 0.392070 0.920705 0.392070 0.925110 0.409692 0.942731 0.409692 0.951542 0.418502 0.960352 0.431718 0.960352 0.436123 0.955947 0.436123 0.947137 0.431718 0.942731 0.427313 0.942731 0.422908 0.938326 0.418502 0.938326 0.414097 0.933921 0.414097 0.925110 0.409692 0.920705 0.409692 0.916300 0.405286 0.911894
0 0.722467 0.894273 0.722467 0.925110 0.731278 0.933921 0.731278 0.938326 0.735683 0.942731 0.735683 0.955947 0.744493 0.964758 0.748899 0.964758 0.753304 0.960352 0.753304 0.955947 0.740088 0.942731 0.740088 0.920705 0.744493 0.916300 0.740088 0.911894 0.740088 0.907489 0.731278 0.898678 0.726872 0.898678
0 0.859031 0.889868 0.854626 0.889868 0.850220 0.894273 0.850220 0.903084 0.841410 0.911894 0.837004 0.911894 0.832599 0.916300 0.828194 0.916300 0.823789 0.920705 0.823789 0.925110 0.837004 0.938326 0.841410 0.938326 0.850220 0.929515 0.850220 0.907489 0.854626 0.903084 0.859031 0.903084 0.863436 0.898678 0.863436 0.894273
0 0.524229 0.819383 0.515419 0.828194 0.515419 0.837004 0.524229 0.845815 0.533040 0.845815 0.541850 0.837004 0.541850 0.828194 0.533040 0.819383
0 0.198238 0.784141 0.189427 0.775330 0.180617 0.775330 0.162996 0.792952 0.162996 0.797357 0.167401 0.801762 0.185022 0.801762 0.198238 0.788546
0 0.696035 0.748899 0.687225 0.757709 0.691630 0.762115 0.691630 0.770925 0.682819 0.779736 0.682819 0.788546 0.696035 0.801762 0.696035 0.823789 0.687225 0.832599 0.687225 0.841410 0.691630 0.845815 0.700441 0.845815 0.704846 0.850220 0.709251 0.850220 0.709251 0.845815 0.704846 0.841410 0.704846 0.828194 0.709251 0.823789 0.709251 0.788546 0.704846 0.784141 0.704846 0.775330 0.696035 0.766520 0.696035 0.757709 0.700441 0.753304
0 0.656388 0.669604 0.651982 0.674009 0.643172 0.674009 0.638767 0.678414 0.638767 0.687225 0.656388 0.704846 0.660793 0.700441 0.660793 0.674009
0 0.511013 0.669604 0.502203 0.660793 0.497797 0.665198 0.497797 0.669604 0.484582 0.682819 0.480176 0.682819 0.471366 0.691630 0.475771 0.696035 0.480176 0.691630 0.493392 0.691630 0.506608 0.678414 0.506608 0.674009
0 0.898678 0.638767 0.889868 0.629956 0.885463 0.634361 0.881057 0.634361 0.876652 0.638767 0.872247 0.638767 0.867841 0.643172 0.863436 0.643172 0.859031 0.647577 0.859031 0.651982 0.867841 0.660793 0.872247 0.660793 0.876652 0.656388 0.881057 0.656388
0 0.770925 0.629956 0.766520 0.634361 0.766520 0.647577 0.779736 0.660793 0.779736 0.674009 0.775330 0.678414 0.779736 0.682819 0.784141 0.682819 0.788546 0.678414 0.788546 0.674009 0.784141 0.669604 0.784141 0.643172 0.779736 0.638767 0.779736 0.634361 0.775330 0.629956
0 0.801762 0.585903 0.806167 0.590308 0.814978 0.590308 0.819383 0.594714 0.823789 0.594714 0.828194 0.590308 0.837004 0.590308 0.845815 0.581498 0.850220 0.581498 0.854626 0.577093 0.850220 0.572687 0.845815 0.577093 0.832599 0.577093 0.828194 0.572687 0.810573 0.572687 0.801762 0.581498
0 0.511013 0.480176 0.506608 0.484582 0.506608 0.488987 0.502203 0.493392 0.502203 0.497797 0.493392 0.506608 0.493392 0.511013 0.502203 0.519824 0.502203 0.528634 0.497797 0.533040 0.497797 0.537445 0.488987 0.546256 0.488987 0.555066 0.484582 0.559471 0.480176 0.559471 0.475771 0.563877 0.471366 0.559471 0.466960 0.563877 0.466960 0.572687 0.471366 0.577093 0.475771 0.572687 0.475771 0.563877 0.480176 0.559471 0.484582 0.559471 0.488987 0.555066 0.493392 0.559471 0.502203 0.550661 0.506608 0.550661 0.511013 0.546256 0.511013 0.533040 0.506608 0.528634 0.506608 0.511013 0.515419 0.502203 0.515419 0.484582
0 0.995595 0.378855 0.947137 0.370044 0.841410 0.383260 0.718062 0.334802 0.709251 0.317181 0.590308 0.286344 0.537445 0.303965 0.524229 0.281938 0.559471 0.268722 0.519824 0.259912 0.497797 0.286344 0.524229 0.321586 0.436123 0.348018 0.409692 0.383260 0.431718 0.378855 0.466960 0.343612 0.488987 0.352423 0.515419 0.330396 0.568282 0.334802 0.607930 0.312775 0.643172 0.317181 0.647577 0.339207 0.581498 0.370044 0.555066 0.400881 0.533040 0.383260 0.528634 0.409692 0.458150 0.444934 0.436123 0.427313 0.405286 0.444934 0.387665 0.440529 0.383260 0.422908 0.405286 0.392070 0.383260 0.405286 0.378855 0.427313 0.321586 0.475771 0.303965 0.511013 0.268722 0.528634 0.229075 0.581498 0.211454 0.656388 0.171806 0.660793 0.149780 0.643172 0.088106 0.696035 0.000000 0.704846 0.000000 0.744493 0.114537 0.718062 0.132159 0.744493 0.008811 0.775330 0.000000 0.788546 0.136564 0.757709 0.145374 0.722467 0.251101 0.634361 0.255507 0.607930 0.290749 0.559471 0.352423 0.502203 0.572687 0.400881 0.607930 0.405286 0.696035 0.348018 0.735683 0.370044 0.744493 0.392070 0.810573 0.418502 0.841410 0.400881 0.885463 0.396476 0.995595 0.400881
0 0.193833 0.264317 0.189427 0.259912 0.176211 0.259912 0.171806 0.264317 0.167401 0.264317 0.162996 0.268722 0.162996 0.277533 0.167401 0.281938 0.185022 0.281938 0.189427 0.277533 0.189427 0.268722
0 0.396476 0.220264 0.392070 0.215859 0.387665 0.215859 0.374449 0.229075 0.370044 0.229075 0.365639 0.233480 0.365639 0.237885 0.361233 0.242291 0.365639 0.246696 0.370044 0.246696 0.378855 0.237885 0.383260 0.237885 0.387665 0.233480 0.392070 0.233480 0.396476 0.229075
0 0.475771 0.207048 0.466960 0.207048 0.462555 0.211454 0.462555 0.215859 0.449339 0.229075 0.444934 0.229075 0.436123 0.237885 0.436123 0.242291 0.444934 0.251101 0.453745 0.251101 0.462555 0.242291 0.462555 0.237885 0.471366 0.229075 0.471366 0.224670 0.475771 0.220264 0.475771 0.215859 0.480176 0.211454
0 0.026432 0.202643 0.022026 0.207048 0.022026 0.211454 0.013216 0.220264 0.013216 0.246696 0.017621 0.251101 0.026432 0.242291 0.026432 0.237885 0.030837 0.233480 0.030837 0.220264 0.035242 0.215859 0.035242 0.211454
0 0.577093 0.189427 0.572687 0.185022 0.559471 0.185022 0.555066 0.189427 0.550661 0.189427 0.546256 0.185022 0.541850 0.189427 0.533040 0.189427 0.528634 0.193833 0.524229 0.193833 0.519824 0.198238 0.519824 0.202643 0.524229 0.207048 0.528634 0.207048 0.533040 0.202643 0.537445 0.202643 0.546256 0.193833 0.550661 0.193833 0.555066 0.189427 0.559471 0.193833 0.572687 0.193833
0 0.881057 0.171806 0.889868 0.180617 0.911894 0.180617 0.920705 0.171806 0.920705 0.167401 0.925110 0.162996 0.920705 0.158590 0.916300 0.158590 0.911894 0.162996 0.907489 0.162996 0.903084 0.167401 0.898678 0.162996 0.894273 0.162996 0.889868 0.158590 0.885463 0.158590 0.881057 0.162996
0 0.370044 0.154185 0.356828 0.154185 0.334802 0.176211 0.330396 0.176211 0.325991 0.180617 0.321586 0.176211 0.317181 0.180617 0.312775 0.180617 0.299559 0.193833 0.299559 0.215859 0.295154 0.220264 0.295154 0.224670 0.290749 0.229075 0.290749 0.233480 0.299559 0.242291 0.321586 0.220264 0.321586 0.198238 0.330396 0.189427 0.334802 0.189427 0.339207 0.185022 0.343612 0.185022 0.348018 0.180617 0.356828 0.180617 0.361233 0.176211 0.365639 0.176211 0.374449 0.167401 0.374449 0.158590
0 0.484582 0.118943 0.475771 0.110132 0.466960 0.110132 0.462555 0.114537 0.453745 0.114537 0.444934 0.123348 0.444934 0.132159 0.449339 0.136564 0.458150 0.136564 0.462555 0.132159 0.466960 0.132159 0.471366 0.127753 0.475771 0.127753 0.480176 0.123348 0.484582 0.123348
0 0.506608 0.035242 0.502203 0.039648 0.502203 0.044053 0.497797 0.048458 0.497797 0.061674 0.493392 0.066079 0.502203 0.074890 0.515419 0.074890 0.519824 0.070485 0.519824 0.057269 0.515419 0.052863 0.515419 0.044053
0 0.748899 0.000000 0.665198 0.000000 0.665198 0.004405 0.660793 0.008811 0.656388 0.008811 0.647577 0.017621 0.643172 0.017621 0.638767 0.022026 0.634361 0.022026 0.621145 0.030837 0.585903 0.030837 0.581498 0.035242 0.577093 0.035242 0.559471 0.052863 0.559471 0.057269 0.550661 0.066079 0.550661 0.079295 0.528634 0.101322 0.524229 0.101322 0.511013 0.114537 0.511013 0.118943 0.506608 0.123348 0.502203 0.123348 0.502203 0.127753 0.519824 0.145374 0.524229 0.145374 0.528634 0.149780 0.541850 0.149780 0.546256 0.145374 0.550661 0.145374 0.555066 0.140969 0.555066 0.136564 0.568282 0.123348 0.568282 0.118943 0.590308 0.096916 0.590308 0.092511 0.612335 0.070485 0.616740 0.070485 0.621145 0.066079 0.629956 0.066079 0.643172 0.057269 0.656388 0.057269 0.665198 0.048458 0.669604 0.048458 0.678414 0.039648 0.682819 0.039648 0.687225 0.035242 0.691630 0.035242 0.700441 0.026432 0.704846 0.026432 0.709251 0.022026 0.718062 0.022026 0.722467 0.017621 0.726872 0.017621 0.731278 0.013216 0.735683 0.013216 0.740088 0.008811 0.744493 0.008811 0.748899 0.004405
