0 0.295154 0.960352 0.295154 0.969163 0.303965 0.977974 0.312775 0.977974 0.321586 0.969163 0.325991 0.969163 0.330396 0.964758 0.334802 0.964758 0.339207 0.969163 0.343612 0.964758 0.343612 0.960352 0.339207 0.955947 0.334802 0.960352 0.330396 0.960352 0.325991 0.964758 0.321586 0.964758 0.317181 0.960352 0.312775 0.960352 0.303965 0.951542
0 0.497797 0.925110 0.493392 0.929515 0.493392 0.942731 0.506608 0.955947 0.506608 0.960352 0.515419 0.969163 0.515419 0.986784 0.511013 0.991189 0.511013 0.995595 0.524229 0.995595 0.519824 0.991189 0.519824 0.977974 0.524229 0.973568 0.528634 0.973568 0.533040 0.969163 0.533040 0.951542 0.524229 0.942731 0.519824 0.942731 0.515419 0.938326 0.511013 0.938326
0 0.907489 0.911894 0.911894 0.911894 0.916300 0.916300 0.916300 0.920705 0.920705 0.925110 0.925110 0.925110 0.933921 0.933921 0.938326 0.933921 0.942731 0.929515 0.942731 0.925110 0.938326 0.920705 0.938326 0.907489 0.933921 0.907489 0.929515 0.903084 0.920705 0.903084 0.911894 0.911894
0 0.660793 0.903084 0.651982 0.911894 0.651982 0.925110 0.656388 0.929515 0.656388 0.942731 0.647577 0.951542 0.643172 0.951542 0.647577 0.955947 0.651982 0.955947 0.656388 0.960352 0.656388 0.964758 0.669604 0.977974 0.674009 0.977974 0.682819 0.969163 0.682819 0.964758 0.665198 0.947137 0.660793 0.947137 0.656388 0.942731 0.656388 0.933921 0.669604 0.920705 0.669604 0.916300 0.674009 0.911894 0.674009 0.907489 0.669604 0.903084
0 0.960352 0.894273 0.955947 0.898678 0.955947 0.907489 0.960352 0.907489 0.969163 0.916300 0.973568 0.916300 0.986784 0.929515 0.991189 0.929515 0.995595 0.933921 0.995595 0.911894 0.986784 0.911894 0.982379 0.907489 0.977974 0.907489 0.964758 0.894273
0 0.881057 0.889868 0.876652 0.894273 0.872247 0.894273 0.872247 0.925110 0.876652 0.929515 0.881057 0.929515 0.885463 0.925110 0.885463 0.920705 0.894273 0.911894 0.898678 0.911894 0.894273 0.911894 0.889868 0.907489 0.889868 0.898678
0 0.841410 0.872247 0.837004 0.872247 0.832599 0.876652 0.832599 0.881057 0.828194 0.885463 0.828194 0.903084 0.823789 0.907489 0.819383 0.907489 0.819383 0.911894 0.823789 0.911894 0.828194 0.916300 0.837004 0.907489 0.837004 0.898678 0.841410 0.894273 0.845815 0.894273 0.850220 0.889868 0.854626 0.889868 0.854626 0.885463
0 0.048458 0.863436 0.039648 0.872247 0.039648 0.876652 0.048458 0.885463 0.048458 0.889868 0.052863 0.894273 0.057269 0.894273 0.061674 0.889868 0.061674 0.867841 0.057269 0.863436
0 0.744493 0.867841 0.744493 0.872247 0.740088 0.876652 0.744493 0.881057 0.753304 0.881057 0.757709 0.885463 0.762115 0.885463 0.770925 0.894273 0.770925 0.907489 0.775330 0.911894 0.779736 0.911894 0.788546 0.920705 0.797357 0.920705 0.806167 0.911894 0.810573 0.911894 0.806167 0.907489 0.801762 0.907489 0.792952 0.898678 0.792952 0.894273 0.788546 0.889868 0.784141 0.889868 0.779736 0.885463 0.775330 0.885463 0.770925 0.881057 0.766520 0.881057 0.762115 0.876652 0.762115 0.867841 0.753304 0.859031
0 0.621145 0.867841 0.612335 0.859031 0.599119 0.859031 0.594714 0.854626 0.590308 0.854626 0.572687 0.872247 0.581498 0.881057 0.581498 0.889868 0.577093 0.894273 0.572687 0.894273 0.568282 0.898678 0.563877 0.898678 0.555066 0.907489 0.555066 0.911894 0.559471 0.916300 0.563877 0.911894 0.568282 0.916300 0.577093 0.907489 0.577093 0.903084 0.581498 0.898678 0.585903 0.898678 0.590308 0.894273 0.594714 0.898678 0.599119 0.898678 0.603524 0.894273 0.607930 0.898678 0.612335 0.898678 0.621145 0.889868 0.621145 0.881057 0.625551 0.876652 0.621145 0.872247
0 0.511013 0.845815 0.502203 0.845815 0.497797 0.850220 0.493392 0.850220 0.484582 0.859031 0.480176 0.859031 0.475771 0.863436 0.475771 0.872247 0.471366 0.876652 0.471366 0.881057 0.480176 0.889868 0.484582 0.889868 0.506608 0.867841 0.511013 0.867841 0.519824 0.859031 0.515419 0.854626 0.515419 0.850220
0 0.303965 0.841410 0.299559 0.845815 0.299559 0.850220 0.308370 0.859031 0.308370 0.863436 0.312775 0.867841 0.312775 0.876652 0.317181 0.881057 0.317181 0.889868 0.321586 0.894273 0.321586 0.898678 0.325991 0.903084 0.330396 0.898678 0.325991 0.894273 0.325991 0.881057 0.330396 0.876652 0.330396 0.863436 0.321586 0.854626 0.321586 0.850220 0.317181 0.845815 0.312775 0.845815 0.308370 0.841410
0 0.837004 0.810573 0.832599 0.814978 0.832599 0.837004 0.837004 0.841410 0.841410 0.841410 0.845815 0.845815 0.850220 0.845815 0.854626 0.841410 0.854626 0.832599 0.850220 0.828194 0.850220 0.823789 0.845815 0.819383 0.845815 0.814978 0.841410 0.810573
0 0.528634 0.775330 0.533040 0.779736 0.533040 0.784141 0.541850 0.792952 0.546256 0.788546 0.550661 0.788546 0.555066 0.784141 0.559471 0.784141 0.563877 0.788546 0.568282 0.788546 0.585903 0.806167 0.585903 0.823789 0.590308 0.828194 0.594714 0.828194 0.603524 0.819383 0.603524 0.806167 0.599119 0.801762 0.594714 0.801762 0.590308 0.797357 0.590308 0.792952 0.585903 0.788546 0.585903 0.784141 0.577093 0.775330 0.572687 0.775330 0.568282 0.779736 0.563877 0.779736 0.559471 0.784141 0.555066 0.784141 0.550661 0.779736 0.546256 0.779736 0.541850 0.775330 0.541850 0.770925 0.537445 0.766520
0 0.872247 0.779736 0.872247 0.784141 0.881057 0.792952 0.894273 0.792952 0.898678 0.797357 0.907489 0.797357 0.911894 0.792952 0.916300 0.792952 0.920705 0.788546 0.925110 0.788546 0.929515 0.784141 0.938326 0.784141 0.942731 0.788546 0.947137 0.784141 0.964758 0.784141 0.969163 0.788546 0.973568 0.784141 0.960352 0.770925 0.955947 0.775330 0.951542 0.770925 0.942731 0.770925 0.938326 0.766520 0.933921 0.766520 0.929515 0.762115 0.920705 0.762115 0.907489 0.775330 0.903084 0.775330 0.898678 0.779736 0.889868 0.779736 0.885463 0.775330 0.876652 0.775330
0 0.629956 0.810573 0.643172 0.823789 0.651982 0.823789 0.656388 0.828194 0.660793 0.823789 0.665198 0.828194 0.669604 0.828194 0.674009 0.832599 0.678414 0.832599 0.682819 0.828194 0.687225 0.828194 0.691630 0.823789 0.696035 0.823789 0.700441 0.828194 0.709251 0.828194 0.713656 0.823789 0.718062 0.823789 0.722467 0.819383 0.726872 0.823789 0.731278 0.823789 0.740088 0.832599 0.748899 0.832599 0.753304 0.837004 0.757709 0.832599 0.766520 0.832599 0.775330 0.823789 0.775330 0.801762 0.770925 0.797357 0.770925 0.792952 0.753304 0.775330 0.748899 0.775330 0.744493 0.779736 0.740088 0.779736 0.735683 0.784141 0.735683 0.788546 0.731278 0.792952 0.731278 0.797357 0.722467 0.806167 0.718062 0.806167 0.713656 0.810573 0.709251 0.806167 0.704846 0.806167 0.700441 0.801762 0.700441 0.788546 0.713656 0.775330 0.713656 0.766520 0.709251 0.762115 0.704846 0.762115 0.700441 0.766520 0.700441 0.770925 0.696035 0.775330 0.696035 0.784141 0.700441 0.788546 0.700441 0.801762 0.696035 0.806167 0.696035 0.810573 0.687225 0.819383 0.682819 0.819383 0.678414 0.823789 0.674009 0.823789 0.669604 0.819383 0.665198 0.819383 0.660793 0.814978 0.656388 0.814978 0.643172 0.801762 0.638767 0.801762
0 0.682819 0.678414 0.678414 0.682819 0.678414 0.696035 0.700441 0.718062 0.704846 0.718062 0.713656 0.726872 0.713656 0.731278 0.718062 0.735683 0.726872 0.726872 0.718062 0.718062 0.713656 0.718062 0.709251 0.713656 0.704846 0.713656 0.700441 0.709251 0.700441 0.687225 0.691630 0.678414
0 0.259912 0.678414 0.251101 0.687225 0.251101 0.691630 0.246696 0.696035 0.246696 0.709251 0.264317 0.726872 0.268722 0.726872 0.273128 0.731278 0.273128 0.744493 0.277533 0.748899 0.281938 0.748899 0.286344 0.753304 0.286344 0.757709 0.290749 0.762115 0.299559 0.762115 0.303965 0.757709 0.317181 0.757709 0.321586 0.762115 0.325991 0.762115 0.330396 0.757709 0.330396 0.753304 0.334802 0.748899 0.325991 0.740088 0.312775 0.753304 0.308370 0.753304 0.303965 0.757709 0.299559 0.753304 0.295154 0.753304 0.290749 0.748899 0.290749 0.744493 0.281938 0.735683 0.277533 0.735683 0.268722 0.726872 0.268722 0.696035 0.273128 0.691630 0.273128 0.682819 0.268722 0.678414
0 0.088106 0.674009 0.083700 0.678414 0.083700 0.696035 0.088106 0.700441 0.088106 0.713656 0.092511 0.718062 0.092511 0.722467 0.101322 0.731278 0.105727 0.731278 0.110132 0.735683 0.114537 0.735683 0.118943 0.731278 0.118943 0.722467 0.114537 0.718062 0.114537 0.713656 0.110132 0.709251 0.110132 0.704846 0.105727 0.700441 0.105727 0.691630
0 0.964758 0.674009 0.960352 0.669604 0.942731 0.669604 0.938326 0.674009 0.938326 0.678414 0.920705 0.696035 0.920705 0.704846 0.925110 0.709251 0.929515 0.704846 0.933921 0.704846 0.938326 0.700441 0.938326 0.696035 0.942731 0.691630 0.947137 0.691630 0.951542 0.687225 0.960352 0.687225 0.964758 0.682819
0 0.466960 0.656388 0.458150 0.665198 0.462555 0.669604 0.462555 0.691630 0.466960 0.696035 0.475771 0.696035 0.480176 0.700441 0.484582 0.700441 0.488987 0.704846 0.488987 0.722467 0.497797 0.731278 0.497797 0.744493 0.493392 0.748899 0.493392 0.753304 0.480176 0.766520 0.484582 0.770925 0.488987 0.770925 0.493392 0.775330 0.497797 0.775330 0.502203 0.770925 0.502203 0.757709 0.511013 0.748899 0.511013 0.740088 0.506608 0.735683 0.506608 0.726872 0.511013 0.722467 0.506608 0.718062 0.506608 0.713656 0.497797 0.704846 0.493392 0.704846 0.488987 0.700441 0.484582 0.700441 0.480176 0.696035 0.480176 0.691630 0.475771 0.687225 0.475771 0.660793 0.471366 0.656388
0 0.612335 0.656388 0.607930 0.651982 0.599119 0.651982 0.581498 0.669604 0.577093 0.669604 0.572687 0.674009 0.568282 0.669604 0.563877 0.669604 0.559471 0.674009 0.563877 0.678414 0.568282 0.678414 0.572687 0.674009 0.577093 0.674009 0.581498 0.669604 0.585903 0.669604 0.590308 0.674009 0.594714 0.669604 0.607930 0.669604 0.612335 0.665198
0 0.198238 0.634361 0.193833 0.638767 0.189427 0.634361 0.180617 0.643172 0.180617 0.656388 0.176211 0.660793 0.176211 0.678414 0.185022 0.687225 0.193833 0.678414 0.193833 0.674009 0.198238 0.669604 0.198238 0.647577 0.202643 0.643172 0.202643 0.638767
0 0.409692 0.629956 0.405286 0.634361 0.405286 0.638767 0.414097 0.647577 0.414097 0.674009 0.409692 0.678414 0.409692 0.687225 0.414097 0.691630 0.422908 0.691630 0.427313 0.687225 0.427313 0.638767 0.418502 0.629956
0 0.088106 0.577093 0.083700 0.581498 0.083700 0.585903 0.088106 0.590308 0.088106 0.594714 0.092511 0.599119 0.092511 0.603524 0.110132 0.621145 0.114537 0.621145 0.118943 0.625551 0.123348 0.625551 0.127753 0.621145 0.127753 0.616740 0.118943 0.607930 0.114537 0.607930 0.110132 0.603524 0.105727 0.603524 0.101322 0.599119 0.101322 0.581498 0.096916 0.577093
0 0.242291 0.572687 0.233480 0.581498 0.233480 0.585903 0.237885 0.590308 0.237885 0.594714 0.242291 0.599119 0.242291 0.607930 0.246696 0.612335 0.255507 0.612335 0.259912 0.607930 0.259912 0.581498 0.255507 0.577093 0.246696 0.577093
0 0.145374 0.559471 0.136564 0.568282 0.145374 0.577093 0.149780 0.577093 0.154185 0.581498 0.154185 0.585903 0.158590 0.590308 0.158590 0.594714 0.162996 0.599119 0.162996 0.603524 0.171806 0.612335 0.176211 0.612335 0.180617 0.607930 0.176211 0.603524 0.176211 0.585903 0.167401 0.577093 0.162996 0.577093
0 0.365639 0.550661 0.356828 0.559471 0.356828 0.577093 0.361233 0.581498 0.365639 0.577093 0.374449 0.577093 0.383260 0.568282
0 0.052863 0.550661 0.048458 0.550661 0.039648 0.559471 0.039648 0.572687 0.035242 0.577093 0.035242 0.590308 0.030837 0.594714 0.030837 0.599119 0.022026 0.607930 0.022026 0.616740 0.026432 0.621145 0.035242 0.621145 0.039648 0.616740 0.039648 0.612335 0.044053 0.607930 0.044053 0.599119 0.048458 0.594714 0.044053 0.590308 0.044053 0.572687 0.052863 0.563877 0.057269 0.563877 0.061674 0.559471
0 0.568282 0.555066 0.577093 0.563877 0.581498 0.563877 0.585903 0.568282 0.590308 0.568282 0.594714 0.572687 0.599119 0.572687 0.612335 0.585903 0.616740 0.585903 0.621145 0.590308 0.625551 0.590308 0.629956 0.594714 0.629956 0.599119 0.643172 0.612335 0.647577 0.607930 0.647577 0.590308 0.643172 0.585903 0.638767 0.585903 0.634361 0.581498 0.629956 0.581498 0.625551 0.577093 0.625551 0.572687 0.612335 0.559471 0.607930 0.559471 0.599119 0.550661 0.581498 0.550661 0.577093 0.546256
0 0.651982 0.506608 0.647577 0.511013 0.647577 0.515419 0.651982 0.519824 0.656388 0.519824 0.665198 0.528634 0.665198 0.546256 0.669604 0.550661 0.669604 0.555066 0.674009 0.559471 0.678414 0.559471 0.682819 0.555066 0.682819 0.550661 0.687225 0.546256 0.687225 0.528634 0.678414 0.519824 0.669604 0.519824 0.665198 0.515419 0.660793 0.515419
0 0.863436 0.493392 0.859031 0.497797 0.859031 0.502203 0.854626 0.506608 0.854626 0.511013 0.850220 0.515419 0.854626 0.519824 0.854626 0.533040 0.850220 0.537445 0.850220 0.541850 0.845815 0.546256 0.845815 0.550661 0.841410 0.555066 0.841410 0.568282 0.854626 0.581498 0.854626 0.585903 0.859031 0.590308 0.859031 0.594714 0.867841 0.603524 0.872247 0.603524 0.876652 0.607930 0.876652 0.621145 0.881057 0.625551 0.881057 0.638767 0.872247 0.647577 0.872247 0.651982 0.859031 0.665198 0.859031 0.669604 0.872247 0.682819 0.876652 0.682819 0.885463 0.674009 0.885463 0.656388 0.889868 0.651982 0.889868 0.643172 0.907489 0.625551 0.903084 0.621145 0.898678 0.621145 0.889868 0.612335 0.885463 0.612335 0.881057 0.607930 0.876652 0.607930 0.872247 0.603524 0.872247 0.594714 0.859031 0.581498 0.859031 0.563877 0.863436 0.559471 0.863436 0.519824 0.876652 0.506608 0.881057 0.506608 0.881057 0.502203 0.876652 0.502203 0.867841 0.493392
0 0.039648 0.466960 0.052863 0.480176 0.052863 0.484582 0.057269 0.488987 0.066079 0.488987 0.070485 0.493392 0.074890 0.488987 0.088106 0.488987 0.092511 0.493392 0.101322 0.493392 0.105727 0.488987 0.110132 0.488987 0.114537 0.484582 0.118943 0.488987 0.123348 0.488987 0.127753 0.493392 0.127753 0.497797 0.132159 0.502203 0.132159 0.515419 0.136564 0.519824 0.136564 0.524229 0.140969 0.528634 0.145374 0.524229 0.149780 0.524229 0.154185 0.519824 0.154185 0.511013 0.149780 0.506608 0.149780 0.493392 0.132159 0.475771 0.123348 0.475771 0.118943 0.480176 0.114537 0.480176 0.110132 0.484582 0.105727 0.480176 0.101322 0.480176 0.096916 0.475771 0.092511 0.480176 0.088106 0.480176 0.083700 0.475771 0.079295 0.475771 0.070485 0.466960 0.066079 0.466960 0.061674 0.462555 0.044053 0.462555
0 0.960352 0.471366 0.969163 0.480176 0.973568 0.480176 0.986784 0.466960 0.991189 0.466960 0.995595 0.462555 0.991189 0.458150 0.986784 0.458150 0.982379 0.453745 0.964758 0.453745 0.960352 0.458150
0 0.845815 0.400881 0.837004 0.400881 0.832599 0.405286 0.832599 0.431718 0.814978 0.449339 0.810573 0.449339 0.801762 0.458150 0.806167 0.462555 0.810573 0.462555 0.814978 0.458150 0.819383 0.458150 0.823789 0.453745 0.828194 0.453745 0.837004 0.444934 0.837004 0.440529 0.854626 0.422908 0.854626 0.414097 0.850220 0.409692 0.850220 0.405286
0 0.405286 0.383260 0.400881 0.383260 0.392070 0.374449 0.383260 0.374449 0.378855 0.378855 0.374449 0.378855 0.370044 0.383260 0.365639 0.383260 0.361233 0.378855 0.348018 0.378855 0.343612 0.383260 0.343612 0.392070 0.348018 0.396476 0.348018 0.400881 0.352423 0.396476 0.356828 0.396476 0.361233 0.392070 0.365639 0.392070 0.370044 0.387665 0.396476 0.387665 0.400881 0.383260
0 0.863436 0.356828 0.850220 0.370044 0.850220 0.374449 0.863436 0.387665 0.872247 0.387665 0.881057 0.378855 0.881057 0.374449 0.876652 0.370044 0.876652 0.361233 0.872247 0.356828
0 0.973568 0.348018 0.969163 0.352423 0.964758 0.352423 0.960352 0.356828 0.960352 0.361233 0.955947 0.365639 0.955947 0.383260 0.947137 0.392070 0.942731 0.392070 0.938326 0.396476 0.933921 0.392070 0.929515 0.396476 0.929515 0.400881 0.925110 0.405286 0.925110 0.409692 0.920705 0.414097 0.916300 0.414097 0.907489 0.422908 0.907489 0.427313 0.903084 0.431718 0.911894 0.440529 0.925110 0.427313 0.925110 0.418502 0.933921 0.409692 0.938326 0.409692 0.942731 0.405286 0.947137 0.405286 0.951542 0.400881 0.955947 0.400881 0.960352 0.405286 0.969163 0.405286 0.973568 0.400881 0.973568 0.378855 0.977974 0.374449 0.977974 0.370044 0.982379 0.365639 0.982379 0.356828
0 0.361233 0.281938 0.356828 0.277533 0.352423 0.281938 0.343612 0.281938 0.339207 0.286344 0.339207 0.299559 0.334802 0.303965 0.330396 0.303965 0.325991 0.308370 0.321586 0.308370 0.317181 0.303965 0.308370 0.312775 0.312775 0.317181 0.321586 0.308370 0.325991 0.308370 0.330396 0.303965 0.339207 0.303965 0.343612 0.308370 0.352423 0.308370 0.361233 0.299559
0 0.466960 0.286344 0.462555 0.286344 0.458150 0.281938 0.458150 0.277533 0.453745 0.273128 0.449339 0.277533 0.444934 0.273128 0.440529 0.277533 0.440529 0.281938 0.436123 0.286344 0.431718 0.286344 0.427313 0.290749 0.427313 0.299559 0.422908 0.303965 0.418502 0.303965 0.414097 0.308370 0.405286 0.308370 0.400881 0.312775 0.396476 0.308370 0.392070 0.312775 0.387665 0.312775 0.383260 0.317181 0.378855 0.317181 0.370044 0.325991 0.365639 0.325991 0.361233 0.330396 0.365639 0.334802 0.370044 0.334802 0.374449 0.330396 0.378855 0.330396 0.383260 0.325991 0.387665 0.325991 0.392070 0.321586 0.396476 0.325991 0.400881 0.321586 0.405286 0.321586 0.409692 0.317181 0.431718 0.317181 0.440529 0.308370 0.440529 0.303965 0.444934 0.299559 0.449339 0.299559 0.453745 0.295154 0.458150 0.299559 0.462555 0.299559 0.466960 0.303965 0.471366 0.299559 0.466960 0.295154
0 0.916300 0.233480 0.903084 0.246696 0.903084 0.255507 0.898678 0.259912 0.898678 0.264317 0.903084 0.268722 0.903084 0.277533 0.907489 0.281938 0.911894 0.281938 0.916300 0.286344 0.920705 0.281938 0.920705 0.277533 0.925110 0.273128 0.925110 0.242291
0 0.189427 0.220264 0.180617 0.220264 0.176211 0.224670 0.176211 0.233480 0.171806 0.237885 0.171806 0.255507 0.176211 0.259912 0.180617 0.259912 0.185022 0.255507 0.185022 0.242291 0.189427 0.237885 0.189427 0.229075 0.193833 0.224670 0.198238 0.224670 0.193833 0.224670
0 0.114537 0.154185 0.105727 0.162996 0.105727 0.180617 0.101322 0.185022 0.096916 0.185022 0.092511 0.189427 0.088106 0.189427 0.079295 0.198238 0.079295 0.207048 0.083700 0.207048 0.092511 0.215859 0.096916 0.215859 0.110132 0.202643 0.110132 0.189427 0.118943 0.180617 0.123348 0.180617 0.127753 0.176211 0.127753 0.162996 0.123348 0.158590 0.118943 0.158590
0 0.325991 0.132159 0.321586 0.136564 0.339207 0.154185 0.339207 0.167401 0.348018 0.176211 0.348018 0.180617 0.352423 0.185022 0.356828 0.185022 0.361233 0.189427 0.370044 0.180617 0.370044 0.171806 0.365639 0.167401 0.365639 0.162996 0.361233 0.158590 0.361233 0.154185 0.339207 0.132159
0 0.387665 0.127753 0.387665 0.136564 0.392070 0.140969 0.392070 0.145374 0.396476 0.149780 0.396476 0.180617 0.400881 0.185022 0.405286 0.185022 0.409692 0.189427 0.418502 0.180617 0.418502 0.167401 0.409692 0.158590 0.409692 0.154185 0.405286 0.149780 0.405286 0.140969 0.396476 0.132159 0.392070 0.132159
0 0.995595 0.096916 0.969163 0.118943 0.942731 0.114537 0.955947 0.136564 0.942731 0.154185 0.925110 0.140969 0.894273 0.154185 0.872247 0.136564 0.837004 0.171806 0.889868 0.154185 0.911894 0.176211 0.845815 0.229075 0.828194 0.220264 0.814978 0.185022 0.806167 0.202643 0.828194 0.233480 0.801762 0.251101 0.775330 0.246696 0.770925 0.277533 0.748899 0.290749 0.735683 0.281938 0.718062 0.303965 0.687225 0.286344 0.563877 0.374449 0.546256 0.365639 0.528634 0.383260 0.506608 0.374449 0.466960 0.387665 0.436123 0.374449 0.418502 0.383260 0.475771 0.400881 0.497797 0.378855 0.515419 0.392070 0.519824 0.418502 0.400881 0.471366 0.370044 0.458150 0.370044 0.431718 0.251101 0.378855 0.233480 0.378855 0.211454 0.405286 0.185022 0.392070 0.180617 0.356828 0.202643 0.343612 0.220264 0.356828 0.277533 0.352423 0.308370 0.334802 0.246696 0.343612 0.207048 0.330396 0.167401 0.348018 0.083700 0.352423 0.004405 0.317181 0.013216 0.299559 0.000000 0.290749 0.000000 0.361233 0.145374 0.378855 0.176211 0.405286 0.277533 0.436123 0.295154 0.471366 0.317181 0.462555 0.281938 0.440529 0.295154 0.422908 0.348018 0.449339 0.361233 0.475771 0.409692 0.475771 0.427313 0.497797 0.431718 0.475771 0.462555 0.458150 0.475771 0.466960 0.480176 0.497797 0.497797 0.480176 0.524229 0.497797 0.528634 0.480176 0.497797 0.475771 0.480176 0.458150 0.484582 0.444934 0.555066 0.431718 0.762115 0.295154 0.775330 0.303965 0.766520 0.321586 0.779736 0.343612 0.792952 0.325991 0.779736 0.286344 0.947137 0.158590 0.995595 0.140969
0 0.220264 0.096916 0.207048 0.110132 0.211454 0.110132 0.215859 0.114537 0.215859 0.123348 0.220264 0.127753 0.220264 0.132159 0.229075 0.140969 0.233480 0.136564 0.233480 0.110132
0 0.180617 0.096916 0.167401 0.110132 0.171806 0.114537 0.171806 0.123348 0.176211 0.127753 0.176211 0.162996 0.171806 0.167401 0.176211 0.171806 0.180617 0.171806 0.185022 0.167401 0.185022 0.162996 0.189427 0.158590 0.189427 0.154185 0.193833 0.149780 0.193833 0.140969 0.189427 0.136564 0.189427 0.114537 0.193833 0.110132 0.189427 0.110132 0.185022 0.105727 0.185022 0.101322
0 0.255507 0.061674 0.246696 0.070485 0.246696 0.079295 0.251101 0.083700 0.255507 0.083700 0.259912 0.088106 0.264317 0.088106 0.268722 0.092511 0.277533 0.092511 0.286344 0.083700 0.268722 0.066079 0.264317 0.066079 0.259912 0.061674
0 0.070485 0.061674 0.066079 0.066079 0.066079 0.070485 0.070485 0.074890 0.070485 0.083700 0.083700 0.096916 0.088106 0.092511 0.088106 0.070485 0.083700 0.066079 0.079295 0.066079 0.074890 0.061674
0 0.841410 0.044053 0.837004 0.048458 0.832599 0.048458 0.823789 0.057269 0.823789 0.061674 0.828194 0.066079 0.828194 0.070485 0.832599 0.074890 0.841410 0.074890 0.845815 0.070485 0.845815 0.066079 0.850220 0.061674 0.850220 0.052863
0 0.114537 0.048458 0.114537 0.066079 0.123348 0.074890 0.132159 0.074890 0.136564 0.070485 0.145374 0.070485 0.149780 0.074890 0.154185 0.070485 0.149780 0.066079 0.145374 0.070485 0.140969 0.066079 0.136564 0.066079 0.127753 0.057269 0.127753 0.052863 0.118943 0.044053
0 0.594714 0.044053 0.594714 0.057269 0.599119 0.061674 0.621145 0.061674 0.625551 0.057269 0.616740 0.048458 0.616740 0.044053 0.612335 0.039648 0.599119 0.039648
0 0.995595 0.035242 0.982379 0.035242 0.955947 0.052863 0.942731 0.044053 0.938326 0.048458 0.942731 0.061674 0.920705 0.074890 0.903084 0.057269 0.898678 0.061674 0.903084 0.079295 0.867841 0.101322 0.850220 0.096916 0.814978 0.123348 0.770925 0.127753 0.744493 0.145374 0.718062 0.123348 0.704846 0.132159 0.678414 0.132159 0.656388 0.123348 0.647577 0.132159 0.647577 0.140969 0.656388 0.149780 0.674009 0.145374 0.678414 0.149780 0.682819 0.145374 0.722467 0.162996 0.713656 0.198238 0.691630 0.211454 0.665198 0.211454 0.590308 0.246696 0.563877 0.251101 0.541850 0.268722 0.524229 0.264317 0.488987 0.273128 0.484582 0.277533 0.488987 0.281938 0.506608 0.277533 0.519824 0.286344 0.519824 0.303965 0.502203 0.321586 0.511013 0.330396 0.533040 0.308370 0.572687 0.290749 0.568282 0.277533 0.572687 0.259912 0.594714 0.255507 0.625551 0.237885 0.643172 0.237885 0.669604 0.220264 0.691630 0.220264 0.704846 0.211454 0.718062 0.211454 0.726872 0.202643 0.726872 0.180617 0.753304 0.154185 0.775330 0.140969 0.801762 0.136564 0.819383 0.127753 0.823789 0.132159 0.845815 0.110132 0.854626 0.105727 0.872247 0.110132 0.898678 0.092511 0.911894 0.101322 0.920705 0.083700 0.938326 0.074890 0.951542 0.074890 0.973568 0.057269 0.995595 0.048458
0 0.334802 0.035242 0.330396 0.035242 0.317181 0.048458 0.317181 0.052863 0.312775 0.057269 0.312775 0.066079 0.317181 0.070485 0.330396 0.070485 0.339207 0.061674 0.339207 0.039648
0 0.722467 0.000000 0.722467 0.004405 0.718062 0.008811 0.722467 0.013216 0.722467 0.022026 0.718062 0.026432 0.718062 0.044053 0.731278 0.057269 0.735683 0.057269 0.740088 0.061674 0.748899 0.052863 0.744493 0.048458 0.744493 0.044053 0.735683 0.035242 0.735683 0.030837 0.731278 0.026432 0.731278 0.000000
0 0.568282 0.000000 0.550661 0.000000 0.550661 0.026432 0.546256 0.030837 0.541850 0.030837 0.537445 0.035242 0.524229 0.035242 0.519824 0.039648 0.519824 0.044053 0.528634 0.052863 0.533040 0.052863 0.537445 0.057269 0.537445 0.052863 0.541850 0.048458 0.541850 0.035242 0.550661 0.026432 0.555066 0.026432 0.563877 0.017621 0.563877 0.008811 0.568282 0.004405
0 0.378855 0.000000 0.387665 0.008811 0.392070 0.008811 0.396476 0.004405 0.400881 0.004405 0.405286 0.000000 0.409692 0.000000 0.414097 0.004405 0.418502 0.004405 0.422908 0.008811 0.422908 0.022026 0.418502 0.026432 0.422908 0.030837 0.422908 0.039648 0.431718 0.048458 0.436123 0.048458 0.440529 0.044053 0.440529 0.026432 0.427313 0.013216 0.427313 0.000000
