0 0.162996 0.973568 0.162996 0.977974 0.171806 0.986784 0.176211 0.986784 0.180617 0.991189 0.180617 0.995595 0.198238 0.995595 0.198238 0.991189 0.176211 0.969163 0.167401 0.969163
0 0.290749 0.920705 0.290749 0.925110 0.299559 0.933921 0.303965 0.933921 0.308370 0.938326 0.321586 0.925110 0.325991 0.925110 0.330396 0.920705 0.334802 0.925110 0.339207 0.925110 0.343612 0.929515 0.343612 0.933921 0.348018 0.938326 0.352423 0.938326 0.361233 0.929515 0.361233 0.920705 0.356828 0.916300 0.348018 0.916300 0.343612 0.920705 0.339207 0.920705 0.334802 0.925110 0.330396 0.920705 0.325991 0.920705 0.317181 0.911894 0.312775 0.911894 0.308370 0.916300 0.295154 0.916300
0 0.057269 0.889868 0.052863 0.885463 0.030837 0.885463 0.017621 0.898678 0.017621 0.907489 0.013216 0.911894 0.008811 0.911894 0.004405 0.916300 0.000000 0.916300 0.000000 0.929515 0.004405 0.929515 0.013216 0.920705 0.013216 0.911894 0.017621 0.907489 0.022026 0.907489 0.026432 0.903084 0.030837 0.903084 0.035242 0.907489 0.039648 0.907489 0.044053 0.911894 0.052863 0.911894 0.061674 0.903084 0.061674 0.898678 0.057269 0.894273
0 0.541850 0.867841 0.537445 0.872247 0.537445 0.881057 0.541850 0.885463 0.541850 0.889868 0.550661 0.898678 0.550661 0.911894 0.555066 0.916300 0.563877 0.916300 0.568282 0.920705 0.572687 0.920705 0.577093 0.925110 0.577093 0.942731 0.585903 0.951542 0.590308 0.947137 0.590308 0.938326 0.585903 0.933921 0.585903 0.929515 0.581498 0.925110 0.577093 0.925110 0.568282 0.916300 0.568282 0.898678 0.555066 0.885463 0.555066 0.876652 0.546256 0.867841
0 0.603524 0.867841 0.603524 0.876652 0.612335 0.885463 0.616740 0.881057 0.638767 0.881057 0.643172 0.876652 0.643172 0.872247 0.638767 0.867841 0.634361 0.867841 0.629956 0.863436 0.625551 0.863436 0.621145 0.859031 0.612335 0.859031
0 0.180617 0.850220 0.176211 0.850220 0.171806 0.845815 0.162996 0.854626 0.158590 0.854626 0.154185 0.859031 0.149780 0.854626 0.145374 0.859031 0.136564 0.859031 0.132159 0.863436 0.127753 0.863436 0.118943 0.872247 0.114537 0.872247 0.101322 0.885463 0.101322 0.889868 0.096916 0.894273 0.096916 0.903084 0.110132 0.916300 0.110132 0.925110 0.114537 0.929515 0.118943 0.925110 0.118943 0.920705 0.123348 0.916300 0.114537 0.907489 0.114537 0.889868 0.118943 0.885463 0.123348 0.885463 0.127753 0.881057 0.136564 0.881057 0.140969 0.876652 0.145374 0.876652 0.154185 0.867841 0.158590 0.867841 0.162996 0.863436 0.167401 0.863436 0.171806 0.867841 0.180617 0.867841 0.185022 0.863436 0.185022 0.854626
0 0.242291 0.841410 0.237885 0.845815 0.233480 0.845815 0.233480 0.850220 0.237885 0.854626 0.237885 0.889868 0.233480 0.894273 0.237885 0.898678 0.251101 0.898678 0.255507 0.894273 0.255507 0.867841 0.251101 0.863436 0.251101 0.850220
0 0.995595 0.828194 0.991189 0.828194 0.982379 0.837004 0.977974 0.837004 0.973568 0.841410 0.969163 0.841410 0.964758 0.837004 0.955947 0.837004 0.947137 0.845815 0.947137 0.850220 0.942731 0.854626 0.942731 0.859031 0.938326 0.863436 0.938326 0.867841 0.933921 0.872247 0.938326 0.876652 0.947137 0.867841 0.947137 0.863436 0.955947 0.854626 0.960352 0.854626 0.964758 0.850220 0.969163 0.850220 0.973568 0.845815 0.973568 0.841410 0.977974 0.837004 0.982379 0.837004 0.986784 0.832599 0.991189 0.837004 0.995595 0.837004
0 0.466960 0.806167 0.458150 0.806167 0.453745 0.810573 0.453745 0.823789 0.444934 0.832599 0.444934 0.841410 0.427313 0.859031 0.440529 0.872247 0.444934 0.872247 0.453745 0.863436 0.444934 0.854626 0.444934 0.841410 0.453745 0.832599 0.453745 0.828194 0.462555 0.819383 0.466960 0.819383 0.471366 0.814978 0.471366 0.810573
0 0.823789 0.792952 0.819383 0.792952 0.814978 0.797357 0.814978 0.806167 0.806167 0.814978 0.806167 0.819383 0.801762 0.823789 0.801762 0.828194 0.806167 0.832599 0.806167 0.837004 0.810573 0.841410 0.810573 0.859031 0.819383 0.867841 0.832599 0.854626 0.823789 0.845815 0.823789 0.823789 0.828194 0.819383 0.828194 0.797357
0 0.303965 0.797357 0.303965 0.801762 0.308370 0.801762 0.312775 0.806167 0.312775 0.810573 0.321586 0.819383 0.321586 0.828194 0.325991 0.832599 0.334802 0.832599 0.339207 0.828194 0.339207 0.819383 0.330396 0.810573 0.330396 0.806167 0.317181 0.792952 0.312775 0.792952 0.308370 0.797357
0 0.400881 0.766520 0.383260 0.766520 0.370044 0.779736 0.370044 0.788546 0.365639 0.792952 0.365639 0.801762 0.374449 0.810573 0.374449 0.823789 0.370044 0.828194 0.370044 0.832599 0.374449 0.837004 0.378855 0.837004 0.387665 0.828194 0.387665 0.788546 0.405286 0.770925
0 0.466960 0.757709 0.466960 0.762115 0.475771 0.770925 0.480176 0.770925 0.484582 0.775330 0.488987 0.775330 0.493392 0.779736 0.502203 0.770925 0.497797 0.766520 0.497797 0.762115 0.493392 0.757709 0.488987 0.757709 0.484582 0.753304 0.471366 0.753304
0 0.207048 0.704846 0.202643 0.709251 0.202643 0.735683 0.207048 0.740088 0.211454 0.740088 0.220264 0.731278 0.220264 0.718062 0.215859 0.713656 0.215859 0.709251 0.211454 0.704846
0 0.400881 0.709251 0.405286 0.713656 0.405286 0.718062 0.418502 0.731278 0.422908 0.731278 0.427313 0.735683 0.440529 0.735683 0.444934 0.740088 0.453745 0.731278 0.453745 0.722467 0.458150 0.718062 0.458150 0.713656 0.466960 0.704846 0.466960 0.700441 0.462555 0.696035 0.453745 0.704846 0.453745 0.713656 0.449339 0.718062 0.444934 0.718062 0.440529 0.722467 0.431718 0.722467 0.427313 0.718062 0.422908 0.718062 0.418502 0.713656 0.418502 0.704846 0.409692 0.696035 0.405286 0.700441 0.405286 0.704846
0 0.832599 0.687225 0.828194 0.691630 0.828194 0.700441 0.832599 0.704846 0.832599 0.713656 0.837004 0.718062 0.837004 0.726872 0.828194 0.735683 0.828194 0.740088 0.823789 0.744493 0.828194 0.748899 0.832599 0.744493 0.832599 0.740088 0.837004 0.735683 0.837004 0.726872 0.841410 0.722467 0.845815 0.722467 0.854626 0.713656 0.854626 0.709251
0 0.207048 0.651982 0.207048 0.660793 0.211454 0.665198 0.215859 0.665198 0.220264 0.669604 0.229075 0.669604 0.233480 0.674009 0.237885 0.674009 0.242291 0.678414 0.246696 0.678414 0.255507 0.669604 0.255507 0.665198 0.251101 0.660793 0.246696 0.665198 0.242291 0.660793 0.237885 0.660793 0.229075 0.651982 0.224670 0.651982 0.220264 0.647577 0.215859 0.651982 0.211454 0.647577
0 0.726872 0.643172 0.722467 0.638767 0.713656 0.638767 0.709251 0.634361 0.704846 0.634361 0.700441 0.638767 0.700441 0.651982 0.696035 0.656388 0.691630 0.656388 0.687225 0.660793 0.682819 0.656388 0.669604 0.665198 0.665198 0.660793 0.660793 0.660793 0.647577 0.651982 0.634361 0.660793 0.629956 0.656388 0.612335 0.656388 0.599119 0.665198 0.594714 0.665198 0.590308 0.660793 0.585903 0.665198 0.581498 0.665198 0.563877 0.682819 0.559471 0.682819 0.555066 0.687225 0.550661 0.687225 0.537445 0.678414 0.524229 0.678414 0.519824 0.674009 0.515419 0.674009 0.506608 0.665198 0.506608 0.651982 0.502203 0.647577 0.493392 0.647577 0.488987 0.651982 0.488987 0.656388 0.493392 0.660793 0.497797 0.660793 0.502203 0.665198 0.506608 0.665198 0.515419 0.674009 0.515419 0.678414 0.519824 0.682819 0.519824 0.687225 0.528634 0.696035 0.533040 0.696035 0.537445 0.700441 0.541850 0.700441 0.555066 0.691630 0.563877 0.691630 0.577093 0.700441 0.581498 0.696035 0.581498 0.691630 0.585903 0.687225 0.585903 0.682819 0.594714 0.674009 0.599119 0.674009 0.603524 0.669604 0.607930 0.674009 0.616740 0.674009 0.621145 0.669604 0.625551 0.674009 0.638767 0.665198 0.647577 0.665198 0.660793 0.674009 0.665198 0.674009 0.669604 0.669604 0.674009 0.669604 0.678414 0.674009 0.687225 0.665198 0.687225 0.660793 0.700441 0.651982 0.704846 0.656388 0.722467 0.656388 0.726872 0.651982
0 0.995595 0.625551 0.991189 0.625551 0.982379 0.634361 0.977974 0.634361 0.973568 0.638767 0.969163 0.638767 0.947137 0.660793 0.942731 0.660793 0.929515 0.674009 0.929515 0.682819 0.925110 0.687225 0.925110 0.696035 0.920705 0.700441 0.920705 0.709251 0.925110 0.713656 0.929515 0.713656 0.947137 0.696035 0.947137 0.678414 0.964758 0.660793 0.969163 0.660793 0.973568 0.656388 0.973568 0.651982 0.982379 0.643172 0.986784 0.643172 0.991189 0.638767 0.995595 0.638767
0 0.898678 0.603524 0.894273 0.599119 0.889868 0.599119 0.885463 0.594714 0.876652 0.603524 0.872247 0.603524 0.867841 0.607930 0.863436 0.607930 0.859031 0.603524 0.854626 0.607930 0.850220 0.603524 0.845815 0.603524 0.841410 0.599119 0.837004 0.603524 0.837004 0.607930 0.819383 0.625551 0.814978 0.625551 0.810573 0.629956 0.806167 0.629956 0.801762 0.625551 0.797357 0.625551 0.792952 0.621145 0.779736 0.621145 0.775330 0.625551 0.770925 0.625551 0.766520 0.629956 0.762115 0.629956 0.753304 0.638767 0.753304 0.651982 0.757709 0.656388 0.762115 0.656388 0.770925 0.647577 0.775330 0.647577 0.779736 0.643172 0.792952 0.643172 0.806167 0.629956 0.810573 0.629956 0.814978 0.625551 0.819383 0.629956 0.823789 0.629956 0.828194 0.634361 0.837004 0.634361 0.845815 0.625551 0.850220 0.625551 0.854626 0.621145 0.863436 0.621145 0.867841 0.616740 0.894273 0.616740 0.898678 0.612335
0 0.625551 0.572687 0.616740 0.581498 0.616740 0.585903 0.625551 0.594714 0.634361 0.594714 0.638767 0.599119 0.643172 0.599119 0.647577 0.603524 0.647577 0.607930 0.651982 0.612335 0.656388 0.612335 0.660793 0.607930 0.660793 0.603524 0.665198 0.599119 0.665198 0.590308 0.660793 0.585903 0.656388 0.585903 0.651982 0.590308 0.643172 0.590308 0.638767 0.585903 0.634361 0.585903 0.629956 0.581498 0.629956 0.577093
0 0.462555 0.572687 0.458150 0.577093 0.453745 0.577093 0.449339 0.581498 0.449339 0.594714 0.453745 0.599119 0.453745 0.603524 0.458150 0.607930 0.471366 0.607930 0.475771 0.603524 0.475771 0.594714 0.471366 0.590308 0.471366 0.577093 0.466960 0.572687
0 0.814978 0.524229 0.806167 0.515419 0.792952 0.528634 0.792952 0.533040 0.788546 0.537445 0.784141 0.537445 0.779736 0.541850 0.775330 0.541850 0.770925 0.546256 0.766520 0.541850 0.762115 0.546256 0.762115 0.550661 0.757709 0.555066 0.753304 0.555066 0.748899 0.559471 0.744493 0.559471 0.740088 0.555066 0.731278 0.555066 0.718062 0.568282 0.713656 0.568282 0.700441 0.581498 0.700441 0.612335 0.704846 0.616740 0.709251 0.616740 0.718062 0.607930 0.718062 0.599119 0.713656 0.594714 0.713656 0.577093 0.718062 0.572687 0.722467 0.572687 0.726872 0.568282 0.731278 0.568282 0.735683 0.572687 0.744493 0.572687 0.748899 0.568282 0.748899 0.563877 0.753304 0.559471 0.757709 0.559471 0.762115 0.555066 0.766520 0.559471 0.775330 0.559471 0.784141 0.550661 0.784141 0.541850 0.788546 0.537445 0.792952 0.537445 0.797357 0.533040 0.801762 0.537445 0.810573 0.537445 0.814978 0.533040
0 0.920705 0.502203 0.911894 0.511013 0.911894 0.515419 0.907489 0.519824 0.907489 0.528634 0.903084 0.533040 0.903084 0.555066 0.911894 0.563877 0.916300 0.563877 0.925110 0.572687 0.925110 0.585903 0.929515 0.590308 0.933921 0.590308 0.938326 0.585903 0.942731 0.585903 0.947137 0.581498 0.947137 0.577093 0.951542 0.572687 0.951542 0.563877 0.947137 0.559471 0.942731 0.563877 0.933921 0.563877 0.929515 0.568282 0.925110 0.563877 0.920705 0.563877 0.916300 0.559471 0.916300 0.541850 0.920705 0.537445 0.920705 0.528634 0.925110 0.524229 0.925110 0.506608
0 0.246696 0.440529 0.233480 0.440529 0.229075 0.444934 0.224670 0.444934 0.220264 0.449339 0.220264 0.458150 0.229075 0.466960 0.233480 0.466960 0.242291 0.458150 0.242291 0.453745 0.251101 0.444934
0 0.343612 0.436123 0.321586 0.458150 0.317181 0.458150 0.325991 0.466960 0.339207 0.466960 0.348018 0.458150 0.348018 0.440529
0 0.140969 0.444934 0.136564 0.444934 0.132159 0.440529 0.127753 0.440529 0.123348 0.436123 0.110132 0.436123 0.096916 0.449339 0.096916 0.453745 0.092511 0.458150 0.088106 0.458150 0.083700 0.462555 0.074890 0.462555 0.070485 0.466960 0.057269 0.466960 0.052863 0.462555 0.048458 0.462555 0.035242 0.475771 0.030837 0.475771 0.026432 0.480176 0.030837 0.484582 0.039648 0.475771 0.044053 0.475771 0.048458 0.471366 0.052863 0.471366 0.057269 0.466960 0.061674 0.471366 0.066079 0.471366 0.074890 0.480176 0.079295 0.480176 0.083700 0.475771 0.088106 0.480176 0.096916 0.471366 0.096916 0.466960 0.101322 0.462555 0.105727 0.462555 0.110132 0.458150 0.114537 0.458150 0.118943 0.453745 0.127753 0.453745 0.132159 0.449339 0.136564 0.449339
0 0.528634 0.409692 0.533040 0.414097 0.541850 0.414097 0.555066 0.400881 0.559471 0.400881 0.563877 0.396476 0.559471 0.392070 0.555066 0.396476 0.550661 0.392070 0.537445 0.392070 0.528634 0.400881
0 0.057269 0.330396 0.052863 0.334802 0.052863 0.348018 0.048458 0.352423 0.048458 0.370044 0.039648 0.378855 0.039648 0.383260 0.030837 0.392070 0.035242 0.396476 0.052863 0.396476 0.057269 0.400881 0.061674 0.400881 0.074890 0.414097 0.079295 0.414097 0.083700 0.418502 0.092511 0.418502 0.096916 0.414097 0.074890 0.392070 0.070485 0.396476 0.066079 0.392070 0.061674 0.392070 0.057269 0.387665 0.057269 0.383260 0.052863 0.378855 0.052863 0.365639 0.066079 0.352423 0.066079 0.339207 0.061674 0.334802 0.061674 0.330396
0 0.995595 0.392070 0.894273 0.396476 0.872247 0.383260 0.788546 0.378855 0.700441 0.400881 0.687225 0.392070 0.687225 0.378855 0.718062 0.334802 0.700441 0.325991 0.674009 0.374449 0.674009 0.387665 0.687225 0.396476 0.682819 0.409692 0.660793 0.422908 0.616740 0.427313 0.590308 0.440529 0.559471 0.440529 0.541850 0.471366 0.515419 0.493392 0.497797 0.493392 0.480176 0.506608 0.431718 0.519824 0.405286 0.511013 0.334802 0.511013 0.312775 0.519824 0.158590 0.515419 0.140969 0.533040 0.110132 0.546256 0.000000 0.559471 0.000000 0.621145 0.096916 0.581498 0.114537 0.585903 0.193833 0.559471 0.259912 0.559471 0.290749 0.541850 0.312775 0.563877 0.334802 0.555066 0.392070 0.559471 0.431718 0.546256 0.471366 0.546256 0.506608 0.528634 0.533040 0.546256 0.546256 0.537445 0.550661 0.519824 0.572687 0.515419 0.603524 0.480176 0.647577 0.462555 0.691630 0.466960 0.704846 0.458150 0.740088 0.475771 0.801762 0.436123 0.823789 0.440529 0.837004 0.431718 0.889868 0.431718 0.916300 0.449339 0.942731 0.449339 0.995595 0.427313
0 0.784141 0.325991 0.775330 0.317181 0.757709 0.317181 0.753304 0.321586 0.744493 0.321586 0.740088 0.325991 0.740088 0.330396 0.735683 0.334802 0.731278 0.334802 0.735683 0.334802 0.740088 0.339207 0.753304 0.339207 0.757709 0.334802 0.779736 0.334802 0.784141 0.330396
0 0.916300 0.255507 0.907489 0.255507 0.903084 0.259912 0.903084 0.268722 0.898678 0.273128 0.898678 0.286344 0.889868 0.295154 0.894273 0.295154 0.903084 0.303965 0.907489 0.303965 0.916300 0.295154 0.911894 0.290749 0.911894 0.277533 0.916300 0.273128 0.916300 0.264317 0.920705 0.259912
0 0.096916 0.255507 0.083700 0.255507 0.079295 0.259912 0.079295 0.277533 0.070485 0.286344 0.070485 0.290749 0.061674 0.299559 0.061674 0.312775 0.066079 0.317181 0.070485 0.317181 0.079295 0.308370 0.079295 0.277533 0.092511 0.264317 0.096916 0.264317 0.101322 0.259912
0 0.237885 0.251101 0.229075 0.251101 0.220264 0.259912 0.220264 0.264317 0.215859 0.268722 0.215859 0.273128 0.211454 0.277533 0.211454 0.281938 0.215859 0.286344 0.215859 0.290749 0.220264 0.295154 0.229075 0.286344 0.233480 0.286344 0.237885 0.281938 0.237885 0.277533 0.246696 0.268722 0.246696 0.259912
0 0.629956 0.237885 0.625551 0.237885 0.621145 0.242291 0.621145 0.251101 0.616740 0.255507 0.616740 0.264317 0.625551 0.273128 0.625551 0.281938 0.621145 0.286344 0.625551 0.290749 0.629956 0.286344 0.625551 0.281938 0.625551 0.273128 0.634361 0.264317 0.634361 0.242291
0 0.810573 0.233480 0.806167 0.237885 0.810573 0.242291 0.810573 0.251101 0.806167 0.255507 0.806167 0.273128 0.814978 0.281938 0.814978 0.299559 0.819383 0.303965 0.832599 0.303965 0.837004 0.299559 0.837004 0.295154 0.828194 0.286344 0.828194 0.281938 0.819383 0.273128 0.819383 0.264317 0.814978 0.259912 0.814978 0.255507 0.810573 0.251101 0.810573 0.242291 0.814978 0.237885
0 0.995595 0.229075 0.986784 0.229075 0.973568 0.242291 0.969163 0.242291 0.964758 0.246696 0.964758 0.251101 0.973568 0.259912 0.977974 0.255507 0.982379 0.255507 0.986784 0.251101 0.991189 0.251101 0.995595 0.246696
0 0.903084 0.193833 0.903084 0.198238 0.907489 0.202643 0.907489 0.207048 0.911894 0.211454 0.920705 0.211454 0.925110 0.207048 0.929515 0.207048 0.933921 0.202643 0.938326 0.202643 0.942731 0.207048 0.947137 0.207048 0.951542 0.211454 0.955947 0.207048 0.951542 0.202643 0.947137 0.207048 0.942731 0.207048 0.938326 0.202643 0.933921 0.202643 0.920705 0.189427 0.916300 0.189427 0.911894 0.185022
0 0.823789 0.185022 0.801762 0.207048 0.801762 0.211454 0.806167 0.215859 0.814978 0.215859 0.819383 0.211454 0.823789 0.211454 0.828194 0.207048 0.828194 0.202643 0.832599 0.198238 0.832599 0.193833
0 0.370044 0.193833 0.374449 0.198238 0.392070 0.198238 0.396476 0.193833 0.400881 0.198238 0.405286 0.198238 0.409692 0.202643 0.414097 0.202643 0.418502 0.207048 0.422908 0.207048 0.427313 0.211454 0.427313 0.224670 0.436123 0.233480 0.440529 0.233480 0.444934 0.229075 0.444934 0.224670 0.440529 0.220264 0.436123 0.220264 0.427313 0.211454 0.427313 0.202643 0.431718 0.198238 0.427313 0.193833 0.422908 0.193833 0.418502 0.189427 0.414097 0.193833 0.409692 0.189427 0.400881 0.189427 0.396476 0.185022 0.387665 0.185022 0.383260 0.189427 0.378855 0.185022
0 0.497797 0.167401 0.493392 0.167401 0.488987 0.171806 0.488987 0.185022 0.480176 0.193833 0.480176 0.198238 0.488987 0.207048 0.493392 0.207048 0.497797 0.202643 0.497797 0.180617 0.502203 0.176211 0.502203 0.171806
0 0.066079 0.158590 0.057269 0.167401 0.057269 0.189427 0.061674 0.193833 0.070485 0.193833 0.079295 0.185022 0.079295 0.171806
0 0.621145 0.145374 0.612335 0.154185 0.616740 0.158590 0.616740 0.162996 0.625551 0.171806 0.629956 0.171806 0.643172 0.185022 0.643172 0.189427 0.647577 0.193833 0.660793 0.193833 0.665198 0.189427 0.665198 0.185022 0.669604 0.180617 0.669604 0.176211 0.665198 0.171806 0.660793 0.171806 0.656388 0.176211 0.643172 0.176211 0.638767 0.171806 0.634361 0.171806 0.629956 0.167401 0.629956 0.149780 0.625551 0.145374
0 0.766520 0.079295 0.762115 0.079295 0.757709 0.083700 0.757709 0.105727 0.740088 0.123348 0.740088 0.127753 0.735683 0.132159 0.735683 0.145374 0.726872 0.154185 0.726872 0.158590 0.722467 0.162996 0.722467 0.167401 0.718062 0.171806 0.718062 0.202643 0.726872 0.211454 0.731278 0.211454 0.735683 0.215859 0.740088 0.211454 0.744493 0.211454 0.748899 0.207048 0.748899 0.202643 0.735683 0.189427 0.731278 0.189427 0.726872 0.185022 0.726872 0.171806 0.744493 0.154185 0.740088 0.149780 0.740088 0.136564 0.757709 0.118943 0.762115 0.118943 0.766520 0.114537 0.766520 0.105727 0.779736 0.092511
0 0.048458 0.074890 0.044053 0.079295 0.044053 0.110132 0.052863 0.118943 0.052863 0.123348 0.057269 0.127753 0.057269 0.132159 0.061674 0.136564 0.070485 0.127753 0.070485 0.114537 0.057269 0.101322 0.057269 0.083700
0 0.876652 0.079295 0.867841 0.070485 0.863436 0.074890 0.863436 0.079295 0.859031 0.083700 0.854626 0.083700 0.850220 0.088106 0.845815 0.088106 0.841410 0.092511 0.837004 0.092511 0.832599 0.096916 0.828194 0.096916 0.823789 0.092511 0.819383 0.092511 0.814978 0.096916 0.814978 0.101322 0.823789 0.110132 0.828194 0.105727 0.832599 0.105727 0.837004 0.101322 0.841410 0.101322 0.845815 0.105727 0.850220 0.105727 0.854626 0.110132 0.859031 0.110132 0.863436 0.114537 0.867841 0.110132 0.867841 0.101322 0.872247 0.096916 0.872247 0.088106 0.876652 0.083700
0 0.440529 0.057269 0.436123 0.061674 0.436123 0.070485 0.458150 0.092511 0.462555 0.088106 0.462555 0.074890 0.449339 0.061674 0.444934 0.061674
0 0.550661 0.030837 0.546256 0.030837 0.533040 0.044053 0.533040 0.048458 0.515419 0.066079 0.511013 0.066079 0.502203 0.074890 0.511013 0.083700 0.533040 0.083700 0.537445 0.079295 0.537445 0.066079 0.541850 0.061674 0.541850 0.057269 0.546256 0.052863 0.550661 0.052863 0.555066 0.048458 0.555066 0.035242
0 0.229075 0.030837 0.215859 0.044053 0.215859 0.052863 0.220264 0.057269 0.242291 0.057269 0.246696 0.052863 0.246696 0.039648 0.237885 0.030837
0 0.004405 0.030837 0.004405 0.035242 0.008811 0.035242 0.017621 0.044053 0.044053 0.044053 0.048458 0.039648 0.048458 0.035242 0.044053 0.030837 0.039648 0.030837 0.035242 0.026432 0.013216 0.026432 0.008811 0.030837
0 0.123348 0.008811 0.118943 0.013216 0.118943 0.017621 0.114537 0.022026 0.110132 0.022026 0.105727 0.026432 0.101322 0.026432 0.096916 0.030837 0.096916 0.044053 0.101322 0.048458 0.105727 0.048458 0.110132 0.052863 0.110132 0.066079 0.114537 0.070485 0.118943 0.070485 0.123348 0.066079 0.123348 0.061674 0.114537 0.052863 0.114537 0.044053 0.118943 0.039648 0.118943 0.030837 0.127753 0.022026 0.127753 0.013216
0 0.797357 0.000000 0.797357 0.004405 0.801762 0.008811 0.801762 0.013216 0.806167 0.017621 0.814978 0.017621 0.819383 0.022026 0.823789 0.022026 0.828194 0.026432 0.828194 0.030837 0.832599 0.035242 0.837004 0.035242 0.841410 0.030837 0.841410 0.026432 0.837004 0.022026 0.832599 0.022026 0.819383 0.008811 0.819383 0.000000
0 0.325991 0.000000 0.312775 0.000000 0.312775 0.017621 0.308370 0.022026 0.312775 0.026432 0.312775 0.030837 0.317181 0.035242 0.330396 0.022026 0.330396 0.013216 0.325991 0.008811
