0 0.744493 0.960352 0.740088 0.964758 0.740088 0.995595 0.762115 0.995595 0.762115 0.973568 0.757709 0.969163 0.753304 0.969163
0 0.947137 0.947137 0.951542 0.947137 0.955947 0.951542 0.955947 0.955947 0.960352 0.960352 0.960352 0.964758 0.973568 0.977974 0.977974 0.977974 0.982379 0.982379 0.995595 0.982379 0.995595 0.964758 0.991189 0.960352 0.986784 0.960352 0.977974 0.951542 0.973568 0.951542 0.964758 0.942731 0.955947 0.942731 0.951542 0.947137
0 0.876652 0.947137 0.872247 0.942731 0.867841 0.942731 0.863436 0.947137 0.863436 0.951542 0.854626 0.960352 0.850220 0.960352 0.845815 0.964758 0.832599 0.964758 0.828194 0.960352 0.819383 0.960352 0.814978 0.964758 0.814978 0.977974 0.823789 0.986784 0.828194 0.982379 0.832599 0.982379 0.837004 0.977974 0.841410 0.977974 0.845815 0.982379 0.850220 0.982379 0.854626 0.986784 0.854626 0.995595 0.872247 0.995595 0.863436 0.986784 0.863436 0.960352 0.867841 0.955947 0.872247 0.955947 0.876652 0.951542
0 0.220264 0.938326 0.215859 0.942731 0.224670 0.951542 0.224670 0.955947 0.233480 0.964758 0.237885 0.964758 0.242291 0.969163 0.246696 0.969163 0.255507 0.977974 0.255507 0.986784 0.259912 0.991189 0.259912 0.995595 0.268722 0.995595 0.268722 0.977974 0.259912 0.969163 0.255507 0.969163 0.246696 0.960352 0.246696 0.947137 0.242291 0.942731 0.237885 0.942731 0.233480 0.938326
0 0.132159 0.942731 0.127753 0.942731 0.123348 0.938326 0.118943 0.942731 0.118943 0.955947 0.101322 0.973568 0.101322 0.977974 0.105727 0.982379 0.118943 0.982379 0.127753 0.973568 0.127753 0.969163 0.132159 0.964758 0.132159 0.960352 0.136564 0.955947 0.136564 0.947137
0 0.422908 0.938326 0.422908 0.942731 0.440529 0.960352 0.444934 0.960352 0.449339 0.964758 0.458150 0.964758 0.471366 0.951542 0.466960 0.947137 0.462555 0.947137 0.458150 0.942731 0.453745 0.942731 0.444934 0.933921 0.440529 0.933921 0.436123 0.929515 0.431718 0.929515
0 0.370044 0.903084 0.361233 0.903084 0.352423 0.911894 0.352423 0.920705 0.356828 0.920705 0.374449 0.938326 0.374449 0.951542 0.370044 0.955947 0.370044 0.964758 0.361233 0.973568 0.356828 0.973568 0.352423 0.977974 0.352423 0.982379 0.348018 0.986784 0.348018 0.995595 0.370044 0.995595 0.370044 0.977974 0.374449 0.973568 0.378855 0.973568 0.383260 0.969163 0.383260 0.960352 0.374449 0.951542 0.374449 0.942731 0.383260 0.933921 0.383260 0.929515 0.378855 0.925110 0.378855 0.916300 0.374449 0.911894 0.374449 0.907489
0 0.740088 0.885463 0.726872 0.898678 0.726872 0.916300 0.722467 0.920705 0.718062 0.920705 0.713656 0.925110 0.709251 0.920705 0.704846 0.920705 0.700441 0.916300 0.691630 0.925110 0.691630 0.929515 0.687225 0.933921 0.687225 0.938326 0.696035 0.947137 0.700441 0.947137 0.709251 0.938326 0.709251 0.933921 0.713656 0.929515 0.718062 0.929515 0.722467 0.925110 0.726872 0.929515 0.731278 0.929515 0.735683 0.933921 0.740088 0.933921 0.744493 0.938326 0.748899 0.938326 0.762115 0.925110 0.762115 0.911894 0.753304 0.903084 0.753304 0.898678
0 0.533040 0.889868 0.533040 0.903084 0.537445 0.907489 0.541850 0.907489 0.550661 0.916300 0.555066 0.916300 0.568282 0.929515 0.568282 0.933921 0.581498 0.947137 0.585903 0.947137 0.594714 0.955947 0.594714 0.964758 0.599119 0.969163 0.599119 0.977974 0.603524 0.982379 0.603524 0.986784 0.607930 0.991189 0.607930 0.995595 0.621145 0.995595 0.621145 0.982379 0.625551 0.977974 0.629956 0.977974 0.634361 0.973568 0.643172 0.973568 0.647577 0.977974 0.651982 0.977974 0.656388 0.982379 0.660793 0.982379 0.665198 0.977974 0.665198 0.969163 0.660793 0.964758 0.660793 0.960352 0.656388 0.955947 0.651982 0.960352 0.643172 0.960352 0.638767 0.964758 0.634361 0.964758 0.629956 0.969163 0.625551 0.964758 0.621145 0.964758 0.612335 0.955947 0.612335 0.938326 0.590308 0.916300 0.590308 0.911894 0.581498 0.903084 0.581498 0.898678 0.563877 0.881057 0.550661 0.881057 0.546256 0.885463 0.537445 0.885463
0 0.775330 0.889868 0.784141 0.898678 0.792952 0.898678 0.797357 0.894273 0.801762 0.894273 0.806167 0.889868 0.814978 0.889868 0.819383 0.885463 0.819383 0.881057 0.814978 0.876652 0.801762 0.876652 0.797357 0.872247 0.788546 0.872247 0.779736 0.881057 0.779736 0.885463
0 0.647577 0.872247 0.634361 0.872247 0.629956 0.876652 0.629956 0.916300 0.634361 0.920705 0.638767 0.920705 0.643172 0.916300 0.643172 0.907489 0.647577 0.903084 0.647577 0.881057 0.651982 0.876652 0.656388 0.876652 0.651982 0.876652
0 0.881057 0.872247 0.872247 0.863436 0.859031 0.863436 0.845815 0.876652 0.845815 0.885463 0.850220 0.889868 0.854626 0.889868 0.859031 0.885463 0.863436 0.889868 0.867841 0.889868 0.881057 0.876652
0 0.488987 0.845815 0.484582 0.850220 0.484582 0.854626 0.488987 0.859031 0.488987 0.867841 0.493392 0.872247 0.502203 0.872247 0.506608 0.876652 0.511013 0.876652 0.515419 0.872247 0.515419 0.859031 0.506608 0.850220 0.502203 0.850220 0.497797 0.845815
0 0.960352 0.837004 0.955947 0.837004 0.951542 0.841410 0.951542 0.845815 0.947137 0.850220 0.942731 0.850220 0.938326 0.854626 0.938326 0.872247 0.929515 0.881057 0.925110 0.881057 0.920705 0.885463 0.920705 0.889868 0.925110 0.894273 0.933921 0.885463 0.933921 0.881057 0.938326 0.876652 0.942731 0.876652 0.951542 0.867841 0.951542 0.859031 0.955947 0.854626 0.955947 0.850220 0.964758 0.841410
0 0.757709 0.801762 0.748899 0.810573 0.744493 0.810573 0.731278 0.823789 0.735683 0.828194 0.740088 0.828194 0.744493 0.832599 0.748899 0.832599 0.753304 0.837004 0.757709 0.832599 0.757709 0.828194 0.762115 0.823789 0.762115 0.806167
0 0.444934 0.819383 0.436123 0.810573 0.431718 0.810573 0.427313 0.806167 0.418502 0.806167 0.414097 0.801762 0.405286 0.810573 0.405286 0.814978 0.400881 0.819383 0.396476 0.819383 0.392070 0.823789 0.387665 0.823789 0.383260 0.819383 0.378855 0.819383 0.374449 0.823789 0.370044 0.823789 0.365639 0.828194 0.361233 0.828194 0.356828 0.832599 0.356828 0.837004 0.352423 0.841410 0.352423 0.850220 0.361233 0.859031 0.370044 0.859031 0.378855 0.850220 0.378855 0.837004 0.387665 0.828194 0.392070 0.828194 0.396476 0.823789 0.405286 0.823789 0.409692 0.828194 0.414097 0.828194 0.418502 0.832599 0.422908 0.832599 0.427313 0.828194 0.431718 0.828194 0.436123 0.823789 0.440529 0.823789
0 0.321586 0.762115 0.325991 0.766520 0.330396 0.766520 0.334802 0.770925 0.339207 0.770925 0.343612 0.775330 0.348018 0.775330 0.352423 0.779736 0.356828 0.779736 0.361233 0.784141 0.374449 0.784141 0.378855 0.779736 0.400881 0.779736 0.405286 0.775330 0.414097 0.775330 0.418502 0.779736 0.422908 0.779736 0.427313 0.784141 0.431718 0.784141 0.436123 0.788546 0.440529 0.788546 0.444934 0.784141 0.436123 0.775330 0.431718 0.775330 0.427313 0.770925 0.418502 0.770925 0.414097 0.766520 0.405286 0.766520 0.400881 0.770925 0.378855 0.770925 0.374449 0.775330 0.361233 0.775330 0.356828 0.770925 0.352423 0.770925 0.348018 0.766520 0.343612 0.766520 0.334802 0.757709 0.325991 0.757709
0 0.828194 0.735683 0.823789 0.731278 0.806167 0.748899 0.801762 0.748899 0.797357 0.753304 0.788546 0.753304 0.784141 0.757709 0.779736 0.753304 0.766520 0.753304 0.762115 0.757709 0.762115 0.762115 0.766520 0.766520 0.784141 0.766520 0.788546 0.762115 0.792952 0.762115 0.797357 0.757709 0.801762 0.757709 0.814978 0.744493 0.819383 0.744493
0 0.511013 0.726872 0.488987 0.726872 0.475771 0.740088 0.475771 0.744493 0.480176 0.748899 0.484582 0.748899 0.488987 0.753304 0.493392 0.753304 0.497797 0.748899 0.502203 0.748899 0.511013 0.740088 0.511013 0.735683 0.515419 0.731278
0 0.088106 0.656388 0.083700 0.660793 0.083700 0.665198 0.079295 0.669604 0.079295 0.678414 0.083700 0.682819 0.088106 0.682819 0.092511 0.687225 0.101322 0.687225 0.105727 0.682819 0.105727 0.669604 0.101322 0.665198 0.096916 0.665198
0 0.669604 0.691630 0.674009 0.696035 0.678414 0.696035 0.687225 0.709251 0.691630 0.709251 0.696035 0.704846 0.700441 0.709251 0.704846 0.704846 0.718062 0.704846 0.722467 0.700441 0.744493 0.704846 0.762115 0.691630 0.766520 0.696035 0.770925 0.696035 0.788546 0.713656 0.801762 0.709251 0.814978 0.696035 0.819383 0.696035 0.823789 0.691630 0.845815 0.704846 0.854626 0.704846 0.859031 0.709251 0.863436 0.709251 0.867841 0.713656 0.867841 0.718062 0.881057 0.731278 0.885463 0.731278 0.889868 0.726872 0.898678 0.726872 0.920705 0.740088 0.929515 0.740088 0.933921 0.744493 0.938326 0.740088 0.955947 0.753304 0.973568 0.753304 0.977974 0.757709 0.995595 0.757709 0.995595 0.735683 0.969163 0.735683 0.964758 0.740088 0.960352 0.735683 0.951542 0.735683 0.947137 0.731278 0.942731 0.731278 0.933921 0.722467 0.929515 0.722467 0.925110 0.726872 0.911894 0.726872 0.907489 0.722467 0.903084 0.722467 0.894273 0.709251 0.881057 0.704846 0.872247 0.691630 0.867841 0.691630 0.863436 0.687225 0.850220 0.687225 0.845815 0.682819 0.837004 0.682819 0.832599 0.678414 0.828194 0.678414 0.823789 0.674009 0.823789 0.660793 0.828194 0.656388 0.828194 0.643172 0.837004 0.634361 0.837004 0.625551 0.832599 0.625551 0.823789 0.634361 0.814978 0.660793 0.806167 0.669604 0.801762 0.669604 0.788546 0.678414 0.779736 0.678414 0.775330 0.674009 0.770925 0.678414 0.757709 0.682819 0.740088 0.669604 0.726872 0.669604 0.722467 0.665198 0.713656 0.665198 0.709251 0.669604 0.691630 0.669604 0.682819 0.678414 0.678414 0.678414
0 0.700441 0.612335 0.691630 0.621145 0.691630 0.625551 0.700441 0.634361 0.704846 0.634361 0.709251 0.638767 0.718062 0.638767 0.726872 0.629956 0.726872 0.625551 0.718062 0.616740 0.709251 0.616740 0.704846 0.612335
0 0.198238 0.594714 0.185022 0.594714 0.176211 0.603524 0.176211 0.607930 0.171806 0.612335 0.167401 0.612335 0.171806 0.612335 0.176211 0.616740 0.176211 0.621145 0.180617 0.625551 0.185022 0.625551 0.193833 0.616740 0.198238 0.616740 0.207048 0.607930 0.207048 0.603524
0 0.158590 0.612335 0.154185 0.612335 0.145374 0.603524 0.140969 0.603524 0.136564 0.607930 0.136564 0.621145 0.132159 0.625551 0.127753 0.625551 0.123348 0.629956 0.118943 0.629956 0.114537 0.625551 0.110132 0.629956 0.105727 0.625551 0.101322 0.625551 0.092511 0.616740 0.092511 0.607930 0.096916 0.603524 0.101322 0.603524 0.105727 0.599119 0.101322 0.594714 0.101322 0.581498 0.096916 0.581498 0.088106 0.590308 0.088106 0.607930 0.083700 0.612335 0.079295 0.612335 0.074890 0.616740 0.070485 0.612335 0.066079 0.612335 0.061674 0.607930 0.057269 0.612335 0.048458 0.612335 0.044053 0.616740 0.039648 0.616740 0.035242 0.621145 0.030837 0.616740 0.026432 0.616740 0.017621 0.625551 0.026432 0.634361 0.035242 0.634361 0.044053 0.625551 0.048458 0.625551 0.052863 0.621145 0.057269 0.621145 0.061674 0.625551 0.066079 0.625551 0.070485 0.629956 0.074890 0.629956 0.079295 0.634361 0.088106 0.634361 0.092511 0.629956 0.096916 0.629956 0.101322 0.634361 0.105727 0.634361 0.110132 0.638767 0.114537 0.638767 0.118943 0.643172 0.123348 0.643172 0.127753 0.647577 0.136564 0.647577 0.140969 0.643172 0.140969 0.638767 0.145374 0.634361 0.145374 0.629956 0.149780 0.625551 0.149780 0.616740 0.154185 0.612335
0 0.286344 0.546256 0.277533 0.537445 0.273128 0.541850 0.273128 0.550661 0.264317 0.559471 0.259912 0.559471 0.255507 0.563877 0.246696 0.563877 0.237885 0.572687 0.237885 0.577093 0.242291 0.581498 0.246696 0.577093 0.255507 0.577093 0.264317 0.568282 0.268722 0.568282 0.286344 0.550661
0 0.312775 0.528634 0.312775 0.541850 0.317181 0.546256 0.317181 0.550661 0.321586 0.555066 0.325991 0.555066 0.330396 0.559471 0.334802 0.559471 0.343612 0.568282 0.352423 0.568282 0.365639 0.555066 0.356828 0.546256 0.343612 0.546256 0.339207 0.541850 0.334802 0.541850 0.317181 0.524229
0 0.171806 0.550661 0.145374 0.524229 0.140969 0.528634 0.140969 0.533040 0.136564 0.537445 0.132159 0.537445 0.127753 0.541850 0.123348 0.541850 0.118943 0.537445 0.114537 0.537445 0.110132 0.541850 0.110132 0.546256 0.101322 0.555066 0.101322 0.563877 0.105727 0.568282 0.105727 0.572687 0.110132 0.568282 0.114537 0.568282 0.118943 0.563877 0.118943 0.550661 0.127753 0.541850 0.132159 0.541850 0.136564 0.537445 0.140969 0.537445 0.145374 0.541850 0.149780 0.541850 0.158590 0.550661 0.158590 0.555066 0.162996 0.559471
0 0.030837 0.484582 0.026432 0.484582 0.022026 0.488987 0.022026 0.493392 0.030837 0.502203 0.030837 0.511013 0.026432 0.515419 0.022026 0.515419 0.017621 0.519824 0.013216 0.519824 0.008811 0.524229 0.004405 0.524229 0.000000 0.528634 0.000000 0.533040 0.004405 0.537445 0.008811 0.537445 0.017621 0.546256 0.022026 0.546256 0.026432 0.541850 0.030837 0.541850 0.035242 0.537445 0.035242 0.524229 0.039648 0.519824 0.044053 0.519824 0.044053 0.515419 0.039648 0.515419 0.035242 0.511013 0.035242 0.502203 0.039648 0.497797 0.039648 0.493392
0 0.096916 0.436123 0.101322 0.440529 0.101322 0.444934 0.110132 0.453745 0.110132 0.458150 0.114537 0.462555 0.118943 0.462555 0.123348 0.466960 0.127753 0.466960 0.132159 0.471366 0.136564 0.471366 0.145374 0.480176 0.149780 0.480176 0.154185 0.484582 0.158590 0.484582 0.171806 0.497797 0.189427 0.497797 0.198238 0.488987 0.198238 0.480176 0.202643 0.475771 0.202643 0.471366 0.193833 0.462555 0.180617 0.475771 0.176211 0.475771 0.171806 0.480176 0.167401 0.475771 0.162996 0.475771 0.154185 0.466960 0.149780 0.466960 0.145374 0.462555 0.140969 0.462555 0.127753 0.449339 0.123348 0.449339 0.118943 0.444934 0.118943 0.440529 0.114537 0.436123 0.110132 0.436123 0.105727 0.431718 0.101322 0.431718
0 0.264317 0.400881 0.259912 0.405286 0.259912 0.422908 0.264317 0.427313 0.264317 0.436123 0.255507 0.444934 0.255507 0.458150 0.259912 0.462555 0.264317 0.462555 0.290749 0.488987 0.303965 0.488987 0.308370 0.493392 0.312775 0.493392 0.325991 0.506608 0.330396 0.502203 0.325991 0.497797 0.325991 0.471366 0.317181 0.462555 0.308370 0.471366 0.303965 0.471366 0.299559 0.475771 0.295154 0.475771 0.290749 0.471366 0.286344 0.471366 0.264317 0.449339 0.264317 0.436123 0.273128 0.427313 0.277533 0.427313 0.281938 0.422908 0.286344 0.422908 0.290749 0.418502 0.295154 0.422908 0.299559 0.422908 0.312775 0.436123 0.317181 0.436123 0.321586 0.440529 0.325991 0.436123 0.325991 0.427313 0.317181 0.418502 0.312775 0.418502 0.308370 0.414097 0.303965 0.414097 0.299559 0.418502 0.295154 0.414097 0.290749 0.414097 0.286344 0.409692 0.286344 0.405286 0.281938 0.400881
0 0.995595 0.546256 0.929515 0.524229 0.973568 0.475771 0.955947 0.471366 0.938326 0.488987 0.903084 0.462555 0.916300 0.440529 0.889868 0.396476 0.876652 0.414097 0.903084 0.431718 0.903084 0.444934 0.867841 0.462555 0.898678 0.475771 0.920705 0.506608 0.907489 0.524229 0.885463 0.515419 0.872247 0.488987 0.854626 0.506608 0.788546 0.480176 0.770925 0.493392 0.722467 0.480176 0.629956 0.488987 0.616740 0.471366 0.647577 0.449339 0.616740 0.440529 0.612335 0.471366 0.524229 0.519824 0.484582 0.528634 0.458150 0.502203 0.444934 0.528634 0.405286 0.541850 0.405286 0.577093 0.352423 0.599119 0.339207 0.625551 0.273128 0.660793 0.237885 0.696035 0.211454 0.687225 0.211454 0.669604 0.229075 0.656388 0.220264 0.638767 0.207048 0.669604 0.158590 0.674009 0.158590 0.687225 0.185022 0.678414 0.233480 0.709251 0.198238 0.744493 0.149780 0.766520 0.096916 0.722467 0.052863 0.713656 0.030837 0.687225 0.000000 0.696035 0.039648 0.713656 0.044053 0.726872 0.035242 0.753304 0.000000 0.757709 0.000000 0.766520 0.052863 0.779736 0.074890 0.814978 0.083700 0.788546 0.185022 0.757709 0.198238 0.784141 0.180617 0.797357 0.198238 0.806167 0.268722 0.735683 0.255507 0.704846 0.299559 0.700441 0.277533 0.682819 0.281938 0.669604 0.312775 0.660793 0.343612 0.682819 0.370044 0.638767 0.440529 0.612335 0.440529 0.581498 0.528634 0.559471 0.612335 0.511013 0.788546 0.524229 0.810573 0.541850 0.819383 0.585903 0.841410 0.616740 0.859031 0.612335 0.837004 0.585903 0.850220 0.577093 0.845815 0.541850 0.867841 0.519824 0.929515 0.537445 0.929515 0.555066 0.955947 0.581498 0.973568 0.563877 0.995595 0.572687
0 0.352423 0.392070 0.348018 0.396476 0.356828 0.405286 0.356828 0.409692 0.361233 0.414097 0.361233 0.436123 0.365639 0.440529 0.370044 0.440529 0.374449 0.436123 0.378855 0.436123 0.378855 0.422908 0.370044 0.414097 0.370044 0.405286 0.361233 0.396476 0.356828 0.396476
0 0.000000 0.392070 0.000000 0.405286 0.008811 0.405286 0.013216 0.409692 0.017621 0.409692 0.035242 0.427313 0.044053 0.427313 0.048458 0.422908 0.048458 0.409692 0.035242 0.396476 0.030837 0.396476 0.017621 0.383260 0.013216 0.383260 0.008811 0.387665 0.004405 0.387665
0 0.674009 0.378855 0.669604 0.383260 0.669604 0.387665 0.665198 0.392070 0.665198 0.414097 0.669604 0.418502 0.669604 0.422908 0.678414 0.431718 0.687225 0.431718 0.691630 0.427313 0.687225 0.422908 0.687225 0.418502 0.682819 0.414097 0.682819 0.383260 0.678414 0.378855
0 0.735683 0.374449 0.726872 0.383260 0.726872 0.396476 0.735683 0.405286 0.735683 0.409692 0.740088 0.414097 0.753304 0.400881 0.753304 0.387665 0.740088 0.374449
0 0.207048 0.374449 0.207048 0.383260 0.211454 0.387665 0.237885 0.387665 0.242291 0.383260 0.242291 0.378855 0.233480 0.370044 0.211454 0.370044
0 0.819383 0.356828 0.814978 0.361233 0.810573 0.361233 0.801762 0.370044 0.801762 0.378855 0.810573 0.387665 0.810573 0.396476 0.806167 0.400881 0.806167 0.414097 0.801762 0.418502 0.797357 0.418502 0.792952 0.422908 0.788546 0.422908 0.784141 0.418502 0.770925 0.418502 0.766520 0.422908 0.766520 0.440529 0.775330 0.449339 0.779736 0.449339 0.784141 0.453745 0.788546 0.449339 0.788546 0.444934 0.792952 0.440529 0.792952 0.427313 0.797357 0.422908 0.801762 0.422908 0.806167 0.418502 0.810573 0.418502 0.814978 0.422908 0.819383 0.422908 0.823789 0.418502 0.823789 0.405286 0.814978 0.396476 0.814978 0.383260 0.819383 0.378855 0.819383 0.374449 0.828194 0.365639
0 0.088106 0.361233 0.088106 0.365639 0.096916 0.374449 0.101322 0.374449 0.105727 0.378855 0.110132 0.378855 0.114537 0.383260 0.118943 0.383260 0.123348 0.387665 0.127753 0.387665 0.132159 0.392070 0.136564 0.392070 0.140969 0.396476 0.145374 0.396476 0.149780 0.392070 0.154185 0.396476 0.158590 0.396476 0.162996 0.400881 0.167401 0.400881 0.171806 0.405286 0.171806 0.427313 0.176211 0.431718 0.180617 0.431718 0.189427 0.440529 0.198238 0.440529 0.202643 0.436123 0.202643 0.427313 0.180617 0.405286 0.180617 0.400881 0.176211 0.396476 0.176211 0.387665 0.171806 0.383260 0.140969 0.383260 0.136564 0.378855 0.132159 0.378855 0.127753 0.374449 0.127753 0.370044 0.118943 0.361233 0.114537 0.361233 0.110132 0.356828 0.092511 0.356828
0 0.440529 0.339207 0.436123 0.343612 0.436123 0.352423 0.440529 0.356828 0.440529 0.374449 0.436123 0.378855 0.436123 0.387665 0.427313 0.396476 0.422908 0.396476 0.414097 0.405286 0.414097 0.409692 0.422908 0.422908 0.422908 0.431718 0.427313 0.431718 0.436123 0.440529 0.440529 0.440529 0.453745 0.449339 0.466960 0.440529 0.471366 0.444934 0.475771 0.444934 0.480176 0.449339 0.480176 0.458150 0.488987 0.466960 0.488987 0.471366 0.493392 0.475771 0.502203 0.475771 0.506608 0.471366 0.506608 0.440529 0.515419 0.431718 0.519824 0.431718 0.524229 0.427313 0.528634 0.427313 0.537445 0.418502 0.533040 0.414097 0.533040 0.405286 0.528634 0.400881 0.528634 0.392070 0.524229 0.387665 0.515419 0.387665 0.511013 0.383260 0.506608 0.387665 0.506608 0.392070 0.511013 0.396476 0.511013 0.414097 0.515419 0.418502 0.515419 0.431718 0.511013 0.436123 0.506608 0.436123 0.502203 0.440529 0.493392 0.440529 0.488987 0.436123 0.475771 0.444934 0.471366 0.444934 0.466960 0.440529 0.462555 0.440529 0.458150 0.436123 0.458150 0.431718 0.440529 0.414097 0.436123 0.414097 0.431718 0.409692 0.431718 0.396476 0.436123 0.392070 0.440529 0.392070 0.444934 0.387665 0.449339 0.387665 0.453745 0.383260 0.458150 0.383260 0.466960 0.374449 0.453745 0.361233 0.453745 0.356828 0.449339 0.352423 0.449339 0.348018
0 0.348018 0.348018 0.356828 0.356828 0.370044 0.356828 0.374449 0.361233 0.378855 0.361233 0.383260 0.365639 0.383260 0.374449 0.392070 0.383260 0.400881 0.383260 0.405286 0.378855 0.405286 0.370044 0.392070 0.356828 0.392070 0.339207 0.383260 0.330396 0.378855 0.334802 0.374449 0.334802 0.370044 0.339207 0.365639 0.339207 0.361233 0.343612 0.352423 0.343612
0 0.325991 0.330396 0.321586 0.325991 0.317181 0.325991 0.312775 0.321586 0.308370 0.321586 0.303965 0.325991 0.299559 0.325991 0.295154 0.330396 0.295154 0.339207 0.303965 0.348018 0.312775 0.348018 0.325991 0.334802
0 0.863436 0.343612 0.863436 0.356828 0.867841 0.361233 0.867841 0.365639 0.872247 0.370044 0.881057 0.370044 0.885463 0.365639 0.885463 0.343612 0.889868 0.339207 0.894273 0.339207 0.898678 0.334802 0.920705 0.334802 0.925110 0.339207 0.929515 0.339207 0.933921 0.343612 0.933921 0.348018 0.947137 0.361233 0.951542 0.361233 0.960352 0.370044 0.964758 0.370044 0.969163 0.374449 0.969163 0.383260 0.973568 0.387665 0.995595 0.387665 0.995595 0.370044 0.991189 0.370044 0.986784 0.365639 0.982379 0.365639 0.969163 0.352423 0.969163 0.348018 0.960352 0.339207 0.955947 0.339207 0.951542 0.334802 0.947137 0.334802 0.942731 0.330396 0.938326 0.330396 0.933921 0.325991 0.925110 0.325991 0.920705 0.321586 0.916300 0.321586 0.911894 0.317181 0.903084 0.317181 0.898678 0.321586 0.894273 0.321586 0.889868 0.325991 0.885463 0.325991 0.872247 0.339207 0.867841 0.339207
0 0.651982 0.334802 0.651982 0.339207 0.656388 0.343612 0.678414 0.343612 0.682819 0.348018 0.687225 0.343612 0.691630 0.343612 0.696035 0.339207 0.696035 0.330396 0.691630 0.325991 0.687225 0.325991 0.682819 0.321586 0.674009 0.321586 0.669604 0.317181 0.665198 0.321586 0.660793 0.321586 0.656388 0.325991 0.656388 0.330396
0 0.722467 0.303965 0.731278 0.312775 0.735683 0.312775 0.740088 0.317181 0.744493 0.317181 0.748899 0.321586 0.753304 0.321586 0.770925 0.339207 0.779736 0.330396 0.779736 0.312775 0.775330 0.308370 0.762115 0.308370 0.757709 0.303965 0.748899 0.303965 0.744493 0.299559 0.726872 0.299559
0 0.480176 0.295154 0.484582 0.299559 0.488987 0.299559 0.502203 0.312775 0.502203 0.317181 0.511013 0.325991 0.524229 0.325991 0.528634 0.330396 0.533040 0.330396 0.537445 0.334802 0.541850 0.334802 0.546256 0.339207 0.550661 0.339207 0.559471 0.348018 0.559471 0.356828 0.563877 0.361233 0.563877 0.365639 0.568282 0.370044 0.581498 0.370044 0.585903 0.374449 0.590308 0.374449 0.612335 0.396476 0.616740 0.396476 0.621145 0.392070 0.621145 0.383260 0.612335 0.374449 0.607930 0.374449 0.603524 0.370044 0.599119 0.370044 0.585903 0.356828 0.581498 0.356828 0.577093 0.352423 0.572687 0.352423 0.563877 0.343612 0.563877 0.334802 0.568282 0.330396 0.568282 0.325991 0.563877 0.321586 0.550661 0.321586 0.546256 0.317181 0.541850 0.317181 0.528634 0.303965 0.524229 0.303965 0.519824 0.299559 0.506608 0.299559 0.502203 0.295154 0.488987 0.295154 0.484582 0.290749
0 0.162996 0.295154 0.162996 0.303965 0.167401 0.308370 0.171806 0.308370 0.176211 0.312775 0.180617 0.312775 0.185022 0.317181 0.193833 0.317181 0.198238 0.321586 0.202643 0.317181 0.207048 0.321586 0.211454 0.321586 0.215859 0.325991 0.220264 0.325991 0.224670 0.330396 0.224670 0.334802 0.229075 0.339207 0.233480 0.339207 0.242291 0.348018 0.251101 0.348018 0.255507 0.343612 0.251101 0.339207 0.251101 0.330396 0.246696 0.325991 0.246696 0.321586 0.233480 0.308370 0.215859 0.308370 0.211454 0.303965 0.207048 0.303965 0.202643 0.299559 0.189427 0.299559 0.185022 0.295154 0.180617 0.295154 0.176211 0.290749 0.167401 0.290749
0 0.079295 0.259912 0.074890 0.259912 0.066079 0.268722 0.074890 0.277533 0.074890 0.281938 0.083700 0.290749 0.083700 0.299559 0.074890 0.308370 0.070485 0.308370 0.066079 0.312775 0.057269 0.312775 0.044053 0.325991 0.039648 0.325991 0.035242 0.330396 0.030837 0.325991 0.026432 0.325991 0.022026 0.321586 0.017621 0.325991 0.022026 0.330396 0.026432 0.330396 0.030837 0.334802 0.035242 0.334802 0.044053 0.343612 0.057269 0.343612 0.061674 0.339207 0.061674 0.334802 0.066079 0.330396 0.070485 0.330396 0.074890 0.325991 0.079295 0.330396 0.088106 0.330396 0.092511 0.325991 0.092511 0.317181 0.083700 0.308370 0.083700 0.299559 0.088106 0.295154 0.092511 0.295154 0.096916 0.290749 0.083700 0.277533 0.083700 0.264317
0 0.559471 0.259912 0.555066 0.264317 0.555066 0.268722 0.568282 0.281938 0.581498 0.281938 0.585903 0.286344 0.590308 0.286344 0.594714 0.290749 0.594714 0.295154 0.599119 0.299559 0.599119 0.303965 0.607930 0.312775 0.607930 0.317181 0.612335 0.321586 0.616740 0.321586 0.621145 0.317181 0.616740 0.312775 0.616740 0.308370 0.612335 0.303965 0.612335 0.290749 0.607930 0.286344 0.603524 0.290749 0.599119 0.290749 0.594714 0.286344 0.590308 0.286344 0.585903 0.281938 0.585903 0.268722 0.590308 0.264317 0.594714 0.264317 0.599119 0.259912 0.603524 0.264317 0.607930 0.264317 0.616740 0.255507 0.612335 0.251101 0.603524 0.251101 0.594714 0.259912 0.590308 0.259912 0.585903 0.264317 0.581498 0.264317 0.577093 0.259912 0.572687 0.259912 0.568282 0.255507 0.563877 0.259912
0 0.409692 0.246696 0.400881 0.255507 0.405286 0.259912 0.405286 0.264317 0.409692 0.268722 0.414097 0.268722 0.422908 0.277533 0.422908 0.295154 0.427313 0.299559 0.427313 0.303965 0.431718 0.308370 0.436123 0.308370 0.440529 0.312775 0.453745 0.299559 0.453745 0.295154 0.440529 0.281938 0.436123 0.281938 0.431718 0.277533 0.431718 0.273128 0.427313 0.268722 0.427313 0.264317 0.422908 0.259912 0.422908 0.255507 0.418502 0.251101 0.414097 0.251101
0 0.127753 0.246696 0.123348 0.251101 0.123348 0.255507 0.118943 0.259912 0.118943 0.264317 0.123348 0.268722 0.123348 0.273128 0.127753 0.277533 0.136564 0.277533 0.145374 0.268722 0.140969 0.264317 0.140969 0.259912
0 0.881057 0.242291 0.876652 0.246696 0.881057 0.251101 0.885463 0.251101 0.903084 0.268722 0.903084 0.273128 0.907489 0.277533 0.907489 0.286344 0.911894 0.290749 0.925110 0.290749 0.929515 0.286344 0.929515 0.273128 0.920705 0.264317 0.916300 0.264317 0.911894 0.259912 0.911894 0.255507 0.898678 0.242291 0.894273 0.242291 0.889868 0.246696 0.885463 0.242291
0 0.744493 0.237885 0.744493 0.251101 0.753304 0.259912 0.757709 0.259912 0.762115 0.264317 0.766520 0.259912 0.770925 0.259912 0.775330 0.264317 0.779736 0.264317 0.792952 0.277533 0.797357 0.277533 0.801762 0.273128 0.814978 0.273128 0.819383 0.277533 0.823789 0.273128 0.828194 0.273128 0.832599 0.268722 0.837004 0.273128 0.841410 0.273128 0.845815 0.277533 0.845815 0.290749 0.841410 0.295154 0.841410 0.303965 0.845815 0.308370 0.850220 0.303965 0.859031 0.303965 0.867841 0.295154 0.867841 0.277533 0.845815 0.255507 0.845815 0.251101 0.841410 0.246696 0.837004 0.246696 0.832599 0.242291 0.823789 0.242291 0.814978 0.251101 0.814978 0.255507 0.810573 0.259912 0.806167 0.259912 0.801762 0.264317 0.792952 0.264317 0.788546 0.259912 0.784141 0.259912 0.779736 0.255507 0.775330 0.255507 0.770925 0.251101 0.770925 0.246696 0.766520 0.242291 0.762115 0.242291 0.757709 0.237885 0.753304 0.237885 0.748899 0.233480
0 0.511013 0.211454 0.506608 0.211454 0.502203 0.215859 0.497797 0.215859 0.493392 0.220264 0.493392 0.229075 0.497797 0.233480 0.497797 0.237885 0.502203 0.242291 0.506608 0.237885 0.511013 0.237885 0.519824 0.229075 0.519824 0.220264
0 0.687225 0.198238 0.682819 0.198238 0.678414 0.202643 0.678414 0.211454 0.682819 0.215859 0.682819 0.233480 0.669604 0.246696 0.665198 0.246696 0.660793 0.251101 0.660793 0.255507 0.665198 0.259912 0.669604 0.259912 0.674009 0.255507 0.678414 0.255507 0.682819 0.259912 0.691630 0.259912 0.700441 0.251101 0.696035 0.246696 0.696035 0.233480 0.700441 0.229075 0.700441 0.211454
0 0.211454 0.176211 0.207048 0.180617 0.202643 0.176211 0.198238 0.176211 0.193833 0.180617 0.193833 0.193833 0.189427 0.198238 0.185022 0.198238 0.180617 0.202643 0.176211 0.198238 0.171806 0.198238 0.162996 0.189427 0.154185 0.189427 0.149780 0.193833 0.149780 0.202643 0.154185 0.207048 0.154185 0.211454 0.158590 0.215859 0.158590 0.220264 0.162996 0.224670 0.176211 0.211454 0.176211 0.207048 0.180617 0.202643 0.185022 0.202643 0.189427 0.198238 0.193833 0.198238 0.198238 0.202643 0.211454 0.189427
0 0.290749 0.167401 0.286344 0.171806 0.286344 0.176211 0.281938 0.180617 0.277533 0.180617 0.255507 0.202643 0.259912 0.207048 0.277533 0.207048 0.281938 0.211454 0.286344 0.211454 0.290749 0.215859 0.290749 0.220264 0.295154 0.224670 0.295154 0.229075 0.303965 0.237885 0.312775 0.237885 0.317181 0.233480 0.321586 0.237885 0.325991 0.237885 0.330396 0.242291 0.330396 0.246696 0.339207 0.255507 0.339207 0.264317 0.343612 0.268722 0.348018 0.268722 0.352423 0.273128 0.356828 0.273128 0.361233 0.277533 0.365639 0.277533 0.370044 0.281938 0.370044 0.290749 0.383260 0.303965 0.387665 0.299559 0.387665 0.290749 0.378855 0.281938 0.378855 0.273128 0.374449 0.268722 0.374449 0.259912 0.370044 0.255507 0.365639 0.255507 0.361233 0.251101 0.356828 0.251101 0.348018 0.242291 0.343612 0.242291 0.339207 0.237885 0.334802 0.242291 0.330396 0.242291 0.325991 0.237885 0.321586 0.237885 0.317181 0.233480 0.317181 0.224670 0.312775 0.220264 0.303965 0.220264 0.299559 0.215859 0.295154 0.215859 0.290749 0.211454 0.290749 0.198238 0.308370 0.180617 0.308370 0.171806 0.299559 0.162996 0.295154 0.167401
0 0.903084 0.154185 0.889868 0.154185 0.885463 0.158590 0.885463 0.162996 0.889868 0.167401 0.889868 0.171806 0.894273 0.176211 0.894273 0.180617 0.898678 0.185022 0.898678 0.193833 0.885463 0.207048 0.894273 0.215859 0.907489 0.202643 0.907489 0.198238 0.916300 0.189427 0.916300 0.162996 0.911894 0.158590 0.907489 0.158590
0 0.550661 0.171806 0.546256 0.167401 0.546256 0.158590 0.541850 0.154185 0.541850 0.136564 0.533040 0.127753 0.519824 0.136564 0.524229 0.140969 0.524229 0.167401 0.511013 0.176211 0.506608 0.171806 0.493392 0.180617 0.480176 0.176211 0.466960 0.162996 0.466960 0.158590 0.458150 0.149780 0.444934 0.154185 0.440529 0.149780 0.436123 0.149780 0.422908 0.136564 0.414097 0.145374 0.409692 0.145374 0.405286 0.149780 0.392070 0.149780 0.378855 0.162996 0.378855 0.167401 0.374449 0.171806 0.374449 0.189427 0.383260 0.198238 0.383260 0.202643 0.396476 0.211454 0.400881 0.207048 0.409692 0.207048 0.414097 0.202643 0.418502 0.207048 0.431718 0.211454 0.440529 0.220264 0.440529 0.237885 0.444934 0.242291 0.444934 0.246696 0.449339 0.251101 0.458150 0.251101 0.462555 0.246696 0.462555 0.233480 0.449339 0.220264 0.444934 0.220264 0.436123 0.211454 0.436123 0.207048 0.431718 0.202643 0.427313 0.202643 0.422908 0.198238 0.418502 0.198238 0.414097 0.202643 0.392070 0.189427 0.392070 0.180617 0.409692 0.162996 0.409692 0.154185 0.414097 0.149780 0.418502 0.149780 0.422908 0.145374 0.427313 0.149780 0.431718 0.145374 0.436123 0.149780 0.440529 0.149780 0.444934 0.154185 0.444934 0.162996 0.449339 0.167401 0.449339 0.171806 0.466960 0.189427 0.484582 0.189427 0.493392 0.180617 0.497797 0.180617 0.502203 0.176211 0.506608 0.180617 0.519824 0.171806 0.524229 0.171806 0.537445 0.180617 0.546256 0.180617 0.550661 0.176211
0 0.140969 0.118943 0.136564 0.114537 0.123348 0.114537 0.118943 0.118943 0.118943 0.127753 0.114537 0.132159 0.110132 0.132159 0.105727 0.136564 0.101322 0.136564 0.096916 0.140969 0.096916 0.154185 0.088106 0.162996 0.083700 0.162996 0.079295 0.167401 0.074890 0.167401 0.070485 0.171806 0.066079 0.167401 0.061674 0.167401 0.052863 0.158590 0.052863 0.154185 0.035242 0.136564 0.030837 0.136564 0.026432 0.132159 0.022026 0.136564 0.017621 0.136564 0.022026 0.136564 0.026432 0.140969 0.026432 0.158590 0.035242 0.167401 0.044053 0.167401 0.048458 0.162996 0.052863 0.167401 0.057269 0.167401 0.061674 0.171806 0.061674 0.176211 0.066079 0.180617 0.070485 0.176211 0.079295 0.176211 0.083700 0.180617 0.096916 0.180617 0.101322 0.176211 0.101322 0.162996 0.105727 0.158590 0.105727 0.154185 0.110132 0.149780 0.114537 0.149780 0.118943 0.145374 0.132159 0.145374 0.136564 0.140969 0.136564 0.123348
0 0.814978 0.140969 0.810573 0.136564 0.801762 0.145374 0.797357 0.145374 0.792952 0.149780 0.788546 0.145374 0.784141 0.145374 0.770925 0.132159 0.770925 0.123348 0.779736 0.114537 0.775330 0.110132 0.770925 0.114537 0.770925 0.127753 0.766520 0.132159 0.762115 0.132159 0.753304 0.140969 0.748899 0.140969 0.744493 0.145374 0.740088 0.140969 0.731278 0.140969 0.726872 0.136564 0.709251 0.136564 0.704846 0.132159 0.700441 0.132159 0.696035 0.127753 0.691630 0.127753 0.682819 0.136564 0.682819 0.140969 0.669604 0.154185 0.669604 0.158590 0.678414 0.167401 0.682819 0.162996 0.691630 0.162996 0.700441 0.154185 0.704846 0.154185 0.709251 0.149780 0.740088 0.149780 0.744493 0.154185 0.748899 0.154185 0.753304 0.149780 0.757709 0.149780 0.762115 0.154185 0.766520 0.154185 0.770925 0.158590 0.788546 0.158590 0.797357 0.149780 0.801762 0.149780 0.806167 0.145374 0.810573 0.149780 0.814978 0.145374
0 0.453745 0.110132 0.462555 0.118943 0.466960 0.114537 0.471366 0.114537 0.475771 0.110132 0.480176 0.110132 0.484582 0.105727 0.488987 0.105727 0.493392 0.110132 0.497797 0.105727 0.497797 0.096916 0.493392 0.092511 0.471366 0.092511 0.466960 0.096916 0.462555 0.096916 0.453745 0.105727
0 0.167401 0.092511 0.167401 0.118943 0.171806 0.123348 0.171806 0.145374 0.167401 0.149780 0.167401 0.154185 0.176211 0.162996 0.185022 0.154185 0.185022 0.127753 0.193833 0.118943 0.185022 0.110132 0.180617 0.110132 0.176211 0.105727 0.176211 0.096916 0.171806 0.092511
0 0.718062 0.088106 0.713656 0.083700 0.709251 0.088106 0.696035 0.088106 0.691630 0.083700 0.682819 0.083700 0.678414 0.088106 0.678414 0.096916 0.674009 0.101322 0.669604 0.101322 0.665198 0.105727 0.656388 0.105727 0.651982 0.110132 0.647577 0.110132 0.643172 0.114537 0.634361 0.114537 0.629956 0.110132 0.621145 0.110132 0.616740 0.114537 0.612335 0.114537 0.612335 0.118943 0.616740 0.118943 0.621145 0.123348 0.634361 0.123348 0.643172 0.114537 0.647577 0.114537 0.651982 0.110132 0.656388 0.114537 0.660793 0.114537 0.665198 0.110132 0.678414 0.110132 0.682819 0.114537 0.687225 0.114537 0.687225 0.110132 0.691630 0.105727 0.696035 0.105727 0.709251 0.092511 0.713656 0.092511
0 0.572687 0.057269 0.568282 0.061674 0.568282 0.088106 0.572687 0.092511 0.572687 0.110132 0.577093 0.114537 0.577093 0.118943 0.581498 0.123348 0.581498 0.136564 0.585903 0.140969 0.594714 0.132159 0.594714 0.123348 0.599119 0.118943 0.603524 0.118943 0.603524 0.114537 0.599119 0.114537 0.590308 0.105727 0.585903 0.105727 0.581498 0.101322 0.581498 0.092511 0.585903 0.088106 0.590308 0.088106 0.594714 0.083700 0.585903 0.074890 0.581498 0.074890 0.577093 0.070485 0.577093 0.061674
0 0.841410 0.035242 0.837004 0.039648 0.837004 0.052863 0.832599 0.057269 0.832599 0.061674 0.837004 0.066079 0.837004 0.092511 0.832599 0.096916 0.828194 0.096916 0.823789 0.101322 0.819383 0.101322 0.814978 0.105727 0.823789 0.114537 0.837004 0.114537 0.841410 0.118943 0.859031 0.118943 0.863436 0.123348 0.867841 0.123348 0.872247 0.118943 0.876652 0.123348 0.881057 0.123348 0.889868 0.114537 0.894273 0.114537 0.903084 0.105727 0.894273 0.096916 0.885463 0.096916 0.881057 0.101322 0.876652 0.101322 0.872247 0.105727 0.867841 0.105727 0.863436 0.110132 0.859031 0.105727 0.854626 0.105727 0.845815 0.096916 0.845815 0.088106 0.850220 0.083700 0.850220 0.074890 0.854626 0.070485 0.854626 0.066079 0.859031 0.061674 0.859031 0.048458 0.854626 0.044053 0.854626 0.039648 0.850220 0.035242
0 0.414097 0.066079 0.405286 0.057269 0.396476 0.057269 0.392070 0.061674 0.387665 0.057269 0.383260 0.057269 0.378855 0.052863 0.374449 0.039648 0.365639 0.030837 0.356828 0.030837 0.352423 0.035242 0.352423 0.039648 0.356828 0.044053 0.356828 0.052863 0.343612 0.061674 0.325991 0.048458 0.317181 0.048458 0.308370 0.057269 0.308370 0.061674 0.295154 0.070485 0.290749 0.066079 0.286344 0.070485 0.277533 0.070485 0.264317 0.079295 0.259912 0.079295 0.255507 0.074890 0.246696 0.074890 0.242291 0.079295 0.242291 0.101322 0.255507 0.118943 0.255507 0.132159 0.246696 0.140969 0.242291 0.140969 0.237885 0.145374 0.224670 0.145374 0.220264 0.149780 0.220264 0.171806 0.224670 0.167401 0.229075 0.171806 0.251101 0.149780 0.255507 0.149780 0.268722 0.136564 0.268722 0.123348 0.273128 0.118943 0.259912 0.101322 0.259912 0.088106 0.264317 0.083700 0.268722 0.083700 0.273128 0.079295 0.286344 0.083700 0.299559 0.070485 0.303965 0.070485 0.308370 0.066079 0.312775 0.070485 0.325991 0.074890 0.334802 0.083700 0.334802 0.092511 0.321586 0.101322 0.321586 0.132159 0.334802 0.145374 0.348018 0.132159 0.348018 0.127753 0.343612 0.123348 0.343612 0.105727 0.339207 0.101322 0.339207 0.088106 0.352423 0.074890 0.352423 0.070485 0.365639 0.061674 0.378855 0.061674 0.383260 0.066079 0.387665 0.066079 0.392070 0.070485 0.392070 0.079295 0.396476 0.083700 0.400881 0.083700 0.414097 0.101322 0.418502 0.101322 0.422908 0.096916 0.422908 0.088106 0.414097 0.074890
0 0.876652 0.026432 0.889868 0.039648 0.903084 0.039648 0.907489 0.044053 0.911894 0.044053 0.916300 0.048458 0.916300 0.057269 0.920705 0.061674 0.929515 0.061674 0.933921 0.057269 0.947137 0.057269 0.951542 0.061674 0.955947 0.057269 0.951542 0.052863 0.947137 0.052863 0.938326 0.044053 0.938326 0.039648 0.933921 0.035242 0.916300 0.035242 0.911894 0.030837 0.907489 0.030837 0.898678 0.022026 0.881057 0.022026
0 0.784141 0.017621 0.775330 0.017621 0.766520 0.026432 0.766520 0.048458 0.757709 0.057269 0.753304 0.057269 0.748899 0.061674 0.748899 0.066079 0.744493 0.070485 0.757709 0.083700 0.779736 0.061674 0.784141 0.061674 0.788546 0.057269 0.788546 0.022026
0 0.022026 0.022026 0.022026 0.026432 0.026432 0.030837 0.026432 0.044053 0.044053 0.061674 0.052863 0.061674 0.057269 0.057269 0.061674 0.057269 0.066079 0.052863 0.070485 0.057269 0.074890 0.057269 0.079295 0.061674 0.079295 0.070485 0.088106 0.079295 0.092511 0.079295 0.096916 0.083700 0.105727 0.083700 0.110132 0.079295 0.132159 0.079295 0.136564 0.083700 0.149780 0.083700 0.154185 0.079295 0.158590 0.083700 0.162996 0.083700 0.162996 0.074890 0.158590 0.070485 0.154185 0.070485 0.149780 0.066079 0.145374 0.066079 0.136564 0.057269 0.123348 0.057269 0.118943 0.061674 0.114537 0.061674 0.110132 0.066079 0.105727 0.061674 0.101322 0.061674 0.088106 0.048458 0.083700 0.048458 0.079295 0.052863 0.074890 0.048458 0.070485 0.048458 0.066079 0.044053 0.066079 0.039648 0.061674 0.035242 0.061674 0.030837 0.052863 0.022026 0.048458 0.022026 0.039648 0.013216 0.035242 0.013216 0.030837 0.017621 0.026432 0.017621
0 0.612335 0.000000 0.612335 0.004405 0.603524 0.013216 0.603524 0.022026 0.607930 0.026432 0.616740 0.026432 0.621145 0.030837 0.625551 0.030837 0.629956 0.035242 0.638767 0.026432 0.621145 0.008811 0.621145 0.000000
0 0.537445 0.000000 0.537445 0.004405 0.528634 0.013216 0.528634 0.017621 0.533040 0.022026 0.533040 0.030837 0.537445 0.035242 0.541850 0.035242 0.546256 0.039648 0.563877 0.039648 0.568282 0.035242 0.559471 0.026432 0.559471 0.022026 0.550661 0.013216 0.546256 0.013216 0.537445 0.004405
