0 0.074890 0.942731 0.070485 0.947137 0.070485 0.982379 0.074890 0.986784 0.074890 0.995595 0.088106 0.995595 0.088106 0.964758 0.083700 0.960352 0.083700 0.951542 0.088106 0.947137 0.083700 0.942731
0 0.185022 0.929515 0.180617 0.933921 0.180617 0.951542 0.176211 0.955947 0.176211 0.960352 0.185022 0.969163 0.193833 0.969163 0.202643 0.960352 0.202643 0.955947 0.193833 0.947137 0.193833 0.933921 0.189427 0.929515
0 0.000000 0.929515 0.000000 0.942731 0.004405 0.938326 0.008811 0.942731 0.013216 0.942731 0.022026 0.951542 0.022026 0.969163 0.026432 0.973568 0.026432 0.977974 0.030837 0.982379 0.035242 0.977974 0.035242 0.973568 0.039648 0.969163 0.035242 0.964758 0.035242 0.960352 0.030837 0.955947 0.030837 0.951542 0.026432 0.947137 0.026432 0.942731 0.013216 0.929515
0 0.903084 0.925110 0.898678 0.920705 0.889868 0.929515 0.889868 0.942731 0.881057 0.951542 0.876652 0.951542 0.872247 0.955947 0.867841 0.955947 0.863436 0.960352 0.859031 0.955947 0.854626 0.955947 0.850220 0.960352 0.850220 0.964758 0.845815 0.969163 0.841410 0.969163 0.837004 0.973568 0.837004 0.977974 0.832599 0.982379 0.828194 0.982379 0.823789 0.986784 0.828194 0.991189 0.828194 0.995595 0.828194 0.991189 0.832599 0.986784 0.832599 0.982379 0.837004 0.977974 0.841410 0.977974 0.845815 0.973568 0.850220 0.973568 0.854626 0.969163 0.867841 0.969163 0.872247 0.973568 0.876652 0.973568 0.881057 0.977974 0.889868 0.969163 0.889868 0.960352 0.898678 0.951542 0.903084 0.951542 0.907489 0.947137 0.907489 0.938326 0.903084 0.933921
0 0.123348 0.920705 0.118943 0.925110 0.118943 0.929515 0.123348 0.933921 0.127753 0.933921 0.132159 0.938326 0.132159 0.951542 0.127753 0.955947 0.127753 0.964758 0.132159 0.969163 0.145374 0.969163 0.149780 0.964758 0.149780 0.960352 0.136564 0.947137 0.136564 0.938326 0.145374 0.929515 0.145374 0.925110 0.140969 0.920705
0 0.810573 0.938326 0.806167 0.933921 0.801762 0.938326 0.797357 0.933921 0.792952 0.938326 0.788546 0.938326 0.784141 0.942731 0.766520 0.942731 0.762115 0.947137 0.753304 0.947137 0.748899 0.951542 0.740088 0.951542 0.735683 0.955947 0.731278 0.951542 0.726872 0.951542 0.722467 0.947137 0.718062 0.947137 0.713656 0.942731 0.713656 0.929515 0.718062 0.925110 0.718062 0.920705 0.713656 0.916300 0.709251 0.920705 0.709251 0.938326 0.700441 0.947137 0.700441 0.955947 0.696035 0.960352 0.691630 0.960352 0.687225 0.964758 0.678414 0.964758 0.674009 0.960352 0.651982 0.960352 0.647577 0.964758 0.643172 0.964758 0.634361 0.973568 0.629956 0.973568 0.625551 0.977974 0.629956 0.982379 0.634361 0.977974 0.638767 0.977974 0.643172 0.973568 0.651982 0.973568 0.656388 0.977974 0.674009 0.977974 0.678414 0.973568 0.678414 0.969163 0.682819 0.964758 0.687225 0.964758 0.691630 0.960352 0.696035 0.960352 0.700441 0.964758 0.713656 0.964758 0.718062 0.960352 0.740088 0.960352 0.744493 0.964758 0.757709 0.964758 0.762115 0.960352 0.766520 0.960352 0.770925 0.955947 0.775330 0.955947 0.779736 0.951542 0.806167 0.951542 0.810573 0.947137
0 0.392070 0.903084 0.387665 0.903084 0.383260 0.907489 0.378855 0.907489 0.374449 0.911894 0.370044 0.911894 0.365639 0.916300 0.361233 0.916300 0.356828 0.911894 0.352423 0.911894 0.343612 0.903084 0.339207 0.907489 0.339207 0.911894 0.343612 0.916300 0.343612 0.933921 0.334802 0.942731 0.330396 0.942731 0.325991 0.947137 0.321586 0.947137 0.312775 0.955947 0.308370 0.955947 0.303965 0.960352 0.299559 0.960352 0.295154 0.964758 0.295154 0.969163 0.299559 0.973568 0.303965 0.973568 0.308370 0.977974 0.308370 0.995595 0.325991 0.995595 0.325991 0.986784 0.321586 0.982379 0.317181 0.982379 0.308370 0.973568 0.308370 0.964758 0.312775 0.960352 0.317181 0.960352 0.321586 0.955947 0.325991 0.960352 0.339207 0.947137 0.339207 0.938326 0.348018 0.929515 0.352423 0.929515 0.356828 0.925110 0.361233 0.925110 0.365639 0.929515 0.383260 0.929515 0.387665 0.925110 0.392070 0.925110 0.400881 0.916300 0.396476 0.911894 0.396476 0.907489
0 0.312775 0.907489 0.308370 0.903084 0.299559 0.903084 0.295154 0.907489 0.295154 0.911894 0.281938 0.925110 0.277533 0.925110 0.273128 0.929515 0.246696 0.929515 0.224670 0.951542 0.233480 0.960352 0.237885 0.955947 0.242291 0.955947 0.251101 0.947137 0.255507 0.947137 0.264317 0.938326 0.268722 0.938326 0.273128 0.933921 0.277533 0.933921 0.286344 0.925110 0.290749 0.925110 0.295154 0.920705 0.303965 0.920705 0.312775 0.911894
0 0.418502 0.898678 0.427313 0.907489 0.436123 0.907489 0.440529 0.903084 0.466960 0.903084 0.471366 0.907489 0.475771 0.907489 0.480176 0.911894 0.484582 0.911894 0.488987 0.907489 0.497797 0.907489 0.502203 0.903084 0.502203 0.898678 0.506608 0.894273 0.502203 0.889868 0.488987 0.889868 0.484582 0.894273 0.480176 0.894273 0.475771 0.898678 0.471366 0.898678 0.466960 0.894273 0.462555 0.894273 0.458150 0.889868 0.422908 0.889868 0.418502 0.894273
0 0.929515 0.885463 0.929515 0.889868 0.933921 0.894273 0.938326 0.894273 0.942731 0.898678 0.942731 0.911894 0.951542 0.920705 0.964758 0.920705 0.969163 0.916300 0.973568 0.916300 0.977974 0.920705 0.982379 0.920705 0.991189 0.929515 0.995595 0.929515 0.995595 0.916300 0.991189 0.916300 0.986784 0.920705 0.982379 0.920705 0.977974 0.916300 0.973568 0.916300 0.960352 0.903084 0.951542 0.903084 0.947137 0.898678 0.942731 0.898678 0.938326 0.894273 0.938326 0.885463 0.933921 0.881057
0 0.894273 0.881057 0.885463 0.872247 0.881057 0.872247 0.876652 0.876652 0.872247 0.876652 0.867841 0.872247 0.863436 0.872247 0.854626 0.863436 0.850220 0.863436 0.845815 0.867841 0.841410 0.867841 0.837004 0.872247 0.841410 0.876652 0.845815 0.876652 0.850220 0.872247 0.854626 0.872247 0.859031 0.867841 0.863436 0.872247 0.867841 0.872247 0.872247 0.876652 0.872247 0.885463 0.867841 0.889868 0.863436 0.889868 0.850220 0.903084 0.850220 0.907489 0.845815 0.911894 0.850220 0.916300 0.859031 0.907489 0.863436 0.907489 0.867841 0.903084 0.872247 0.903084 0.881057 0.894273 0.885463 0.894273 0.894273 0.885463
0 0.118943 0.867841 0.136564 0.885463 0.149780 0.885463 0.154185 0.889868 0.158590 0.889868 0.162996 0.894273 0.162996 0.898678 0.171806 0.907489 0.176211 0.903084 0.176211 0.898678 0.180617 0.894273 0.176211 0.889868 0.171806 0.889868 0.154185 0.872247 0.154185 0.867841 0.145374 0.859031 0.127753 0.859031
0 0.616740 0.863436 0.612335 0.859031 0.603524 0.859031 0.599119 0.854626 0.585903 0.867841 0.585903 0.872247 0.581498 0.876652 0.590308 0.885463 0.594714 0.885463 0.599119 0.881057 0.607930 0.881057 0.616740 0.872247
0 0.440529 0.832599 0.440529 0.837004 0.444934 0.841410 0.444934 0.845815 0.449339 0.850220 0.466960 0.850220 0.471366 0.845815 0.471366 0.841410 0.475771 0.837004 0.471366 0.832599 0.466960 0.837004 0.462555 0.837004 0.458150 0.832599 0.453745 0.832599 0.449339 0.828194 0.444934 0.828194
0 0.264317 0.806167 0.255507 0.814978 0.259912 0.819383 0.259912 0.823789 0.268722 0.832599 0.268722 0.850220 0.273128 0.854626 0.281938 0.845815 0.273128 0.837004 0.273128 0.828194 0.281938 0.819383 0.281938 0.814978 0.277533 0.810573 0.268722 0.810573
0 0.841410 0.806167 0.837004 0.806167 0.832599 0.801762 0.828194 0.806167 0.823789 0.806167 0.819383 0.810573 0.806167 0.810573 0.797357 0.819383 0.792952 0.819383 0.788546 0.823789 0.784141 0.823789 0.779736 0.828194 0.784141 0.832599 0.814978 0.832599 0.823789 0.823789 0.823789 0.819383 0.837004 0.806167
0 0.511013 0.797357 0.506608 0.801762 0.506608 0.810573 0.511013 0.814978 0.511013 0.823789 0.506608 0.828194 0.511013 0.832599 0.515419 0.828194 0.515419 0.814978 0.519824 0.810573 0.524229 0.810573 0.528634 0.806167 0.533040 0.810573 0.537445 0.810573 0.550661 0.823789 0.550661 0.841410 0.546256 0.845815 0.546256 0.854626 0.550661 0.859031 0.555066 0.859031 0.563877 0.850220 0.563877 0.810573 0.550661 0.797357 0.541850 0.797357 0.537445 0.801762 0.524229 0.801762 0.519824 0.797357
0 0.312775 0.801762 0.312775 0.810573 0.317181 0.814978 0.321586 0.814978 0.330396 0.823789 0.334802 0.819383 0.339207 0.823789 0.343612 0.823789 0.356828 0.837004 0.361233 0.832599 0.365639 0.832599 0.370044 0.837004 0.374449 0.837004 0.378855 0.841410 0.387665 0.841410 0.396476 0.832599 0.383260 0.819383 0.378855 0.819383 0.374449 0.823789 0.370044 0.823789 0.365639 0.828194 0.361233 0.823789 0.356828 0.823789 0.339207 0.806167 0.334802 0.806167 0.325991 0.797357 0.317181 0.797357
0 0.207048 0.792952 0.198238 0.801762 0.198238 0.806167 0.202643 0.810573 0.202643 0.819383 0.189427 0.832599 0.189427 0.837004 0.202643 0.850220 0.211454 0.850220 0.215859 0.854626 0.220264 0.854626 0.224670 0.859031 0.224670 0.872247 0.229075 0.876652 0.237885 0.876652 0.242291 0.872247 0.242291 0.867841 0.233480 0.859031 0.229075 0.859031 0.224670 0.854626 0.220264 0.854626 0.215859 0.850220 0.215859 0.837004 0.202643 0.823789 0.202643 0.814978 0.207048 0.810573 0.211454 0.810573 0.220264 0.801762 0.220264 0.797357 0.215859 0.792952
0 0.876652 0.779736 0.867841 0.779736 0.863436 0.784141 0.863436 0.797357 0.854626 0.806167 0.850220 0.806167 0.854626 0.806167 0.863436 0.814978 0.867841 0.814978 0.876652 0.806167 0.876652 0.788546 0.881057 0.784141
0 0.599119 0.735683 0.594714 0.740088 0.603524 0.748899 0.603524 0.775330 0.599119 0.779736 0.603524 0.784141 0.607930 0.784141 0.612335 0.779736 0.616740 0.784141 0.621145 0.784141 0.629956 0.792952 0.629956 0.810573 0.634361 0.814978 0.638767 0.814978 0.643172 0.810573 0.643172 0.801762 0.638767 0.797357 0.638767 0.784141 0.634361 0.779736 0.629956 0.779736 0.625551 0.775330 0.621145 0.775330 0.612335 0.766520 0.612335 0.744493 0.603524 0.735683
0 0.215859 0.726872 0.215859 0.740088 0.220264 0.735683 0.224670 0.735683 0.229075 0.731278 0.233480 0.731278 0.237885 0.726872 0.242291 0.726872 0.246696 0.722467 0.251101 0.726872 0.255507 0.726872 0.264317 0.735683 0.264317 0.740088 0.268722 0.744493 0.277533 0.744493 0.286344 0.735683 0.281938 0.731278 0.277533 0.731278 0.273128 0.726872 0.268722 0.726872 0.255507 0.713656 0.246696 0.713656 0.242291 0.718062 0.237885 0.718062 0.233480 0.722467 0.220264 0.722467
0 0.995595 0.709251 0.964758 0.709251 0.960352 0.713656 0.955947 0.713656 0.951542 0.718062 0.951542 0.722467 0.947137 0.726872 0.942731 0.726872 0.938326 0.731278 0.929515 0.731278 0.925110 0.726872 0.894273 0.726872 0.889868 0.731278 0.885463 0.731278 0.881057 0.735683 0.872247 0.735683 0.867841 0.731278 0.863436 0.731278 0.859031 0.735683 0.867841 0.744493 0.876652 0.744493 0.881057 0.740088 0.885463 0.740088 0.889868 0.744493 0.903084 0.744493 0.907489 0.740088 0.925110 0.740088 0.929515 0.735683 0.933921 0.735683 0.938326 0.731278 0.942731 0.731278 0.947137 0.735683 0.951542 0.735683 0.955947 0.740088 0.960352 0.735683 0.969163 0.735683 0.977974 0.726872 0.982379 0.726872 0.986784 0.722467 0.991189 0.722467 0.995595 0.718062
0 0.845815 0.713656 0.837004 0.704846 0.823789 0.704846 0.819383 0.709251 0.814978 0.709251 0.810573 0.704846 0.806167 0.709251 0.779736 0.709251 0.762115 0.726872 0.766520 0.731278 0.770925 0.731278 0.775330 0.726872 0.784141 0.726872 0.788546 0.722467 0.819383 0.722467 0.823789 0.726872 0.837004 0.726872 0.841410 0.722467 0.841410 0.718062
0 0.118943 0.726872 0.114537 0.722467 0.105727 0.722467 0.101322 0.726872 0.096916 0.726872 0.092511 0.722467 0.088106 0.722467 0.083700 0.718062 0.083700 0.704846 0.079295 0.700441 0.066079 0.700441 0.061674 0.704846 0.066079 0.709251 0.066079 0.713656 0.070485 0.718062 0.070485 0.726872 0.066079 0.731278 0.061674 0.731278 0.057269 0.735683 0.052863 0.731278 0.048458 0.735683 0.044053 0.735683 0.035242 0.744493 0.035242 0.748899 0.044053 0.757709 0.061674 0.740088 0.061674 0.735683 0.066079 0.731278 0.070485 0.731278 0.074890 0.726872 0.079295 0.731278 0.083700 0.731278 0.088106 0.726872 0.092511 0.726872 0.096916 0.731278 0.101322 0.731278 0.105727 0.735683 0.110132 0.735683
0 0.678414 0.696035 0.674009 0.700441 0.674009 0.718062 0.678414 0.722467 0.678414 0.726872 0.687225 0.735683 0.691630 0.735683 0.696035 0.731278 0.696035 0.726872 0.700441 0.722467 0.696035 0.718062 0.696035 0.709251 0.687225 0.700441 0.682819 0.700441
0 0.378855 0.696035 0.374449 0.700441 0.387665 0.713656 0.392070 0.713656 0.396476 0.718062 0.400881 0.718062 0.405286 0.722467 0.405286 0.731278 0.409692 0.735683 0.414097 0.735683 0.418502 0.731278 0.414097 0.726872 0.414097 0.709251 0.409692 0.704846 0.405286 0.704846 0.400881 0.709251 0.396476 0.704846 0.392070 0.704846 0.383260 0.696035
0 0.585903 0.674009 0.577093 0.682819 0.577093 0.691630 0.581498 0.691630 0.585903 0.696035 0.590308 0.696035 0.607930 0.713656 0.612335 0.713656 0.621145 0.704846 0.603524 0.687225 0.603524 0.682819 0.599119 0.678414 0.590308 0.678414
0 0.929515 0.647577 0.925110 0.643172 0.916300 0.643172 0.911894 0.647577 0.911894 0.651982 0.907489 0.656388 0.903084 0.656388 0.898678 0.660793 0.894273 0.656388 0.889868 0.656388 0.867841 0.678414 0.876652 0.687225 0.881057 0.682819 0.885463 0.682819 0.889868 0.678414 0.894273 0.678414 0.898678 0.674009 0.903084 0.674009 0.916300 0.660793 0.916300 0.656388 0.920705 0.651982 0.925110 0.651982
0 0.577093 0.629956 0.572687 0.629956 0.568282 0.625551 0.568282 0.621145 0.563877 0.616740 0.555066 0.616740 0.537445 0.634361 0.537445 0.638767 0.541850 0.643172 0.559471 0.643172 0.572687 0.629956
0 0.682819 0.616740 0.678414 0.612335 0.674009 0.612335 0.660793 0.625551 0.656388 0.625551 0.651982 0.629956 0.647577 0.629956 0.643172 0.634361 0.634361 0.634361 0.629956 0.638767 0.634361 0.643172 0.643172 0.643172 0.647577 0.638767 0.651982 0.643172 0.660793 0.643172 0.678414 0.625551 0.678414 0.621145
0 0.286344 0.603524 0.281938 0.607930 0.290749 0.616740 0.290749 0.621145 0.295154 0.625551 0.295154 0.629956 0.299559 0.634361 0.303965 0.634361 0.308370 0.638767 0.312775 0.638767 0.317181 0.643172 0.321586 0.643172 0.325991 0.638767 0.325991 0.634361 0.321586 0.629956 0.317181 0.629956 0.303965 0.616740 0.303965 0.603524 0.299559 0.599119 0.295154 0.599119 0.290749 0.603524
0 0.859031 0.568282 0.854626 0.572687 0.850220 0.572687 0.837004 0.585903 0.837004 0.594714 0.841410 0.599119 0.859031 0.599119 0.863436 0.594714 0.863436 0.572687
0 0.537445 0.563877 0.533040 0.559471 0.524229 0.559471 0.519824 0.563877 0.515419 0.563877 0.511013 0.568282 0.506608 0.568282 0.497797 0.577093 0.502203 0.581498 0.502203 0.585903 0.506608 0.590308 0.515419 0.590308 0.519824 0.585903 0.524229 0.585903 0.537445 0.572687
0 0.233480 0.559471 0.229075 0.555066 0.224670 0.559471 0.220264 0.555066 0.215859 0.555066 0.202643 0.568282 0.202643 0.585903 0.193833 0.594714 0.193833 0.599119 0.189427 0.603524 0.185022 0.603524 0.180617 0.607930 0.167401 0.607930 0.162996 0.603524 0.158590 0.603524 0.154185 0.607930 0.136564 0.607930 0.132159 0.603524 0.127753 0.603524 0.123348 0.599119 0.118943 0.599119 0.101322 0.581498 0.096916 0.581498 0.092511 0.585903 0.083700 0.585903 0.079295 0.590308 0.070485 0.590308 0.061674 0.599119 0.066079 0.603524 0.088106 0.603524 0.092511 0.599119 0.096916 0.599119 0.101322 0.603524 0.110132 0.603524 0.114537 0.607930 0.118943 0.607930 0.127753 0.616740 0.127753 0.621145 0.136564 0.629956 0.154185 0.629956 0.158590 0.625551 0.162996 0.625551 0.167401 0.621145 0.171806 0.621145 0.176211 0.616740 0.180617 0.616740 0.185022 0.612335 0.198238 0.612335 0.202643 0.616740 0.215859 0.603524 0.215859 0.599119 0.224670 0.590308 0.220264 0.585903 0.220264 0.577093 0.229075 0.568282 0.229075 0.563877
0 0.766520 0.546256 0.770925 0.550661 0.792952 0.550661 0.797357 0.546256 0.797357 0.541850 0.801762 0.537445 0.797357 0.533040 0.775330 0.533040 0.766520 0.541850
0 0.475771 0.528634 0.466960 0.528634 0.449339 0.546256 0.449339 0.555066 0.453745 0.559471 0.453745 0.577093 0.458150 0.581498 0.462555 0.581498 0.471366 0.572687 0.466960 0.568282 0.466960 0.559471 0.471366 0.555066 0.471366 0.550661 0.484582 0.537445
0 0.876652 0.511013 0.867841 0.519824 0.867841 0.533040 0.872247 0.537445 0.881057 0.537445 0.885463 0.541850 0.894273 0.533040 0.894273 0.528634 0.889868 0.524229 0.889868 0.519824 0.881057 0.511013
0 0.700441 0.493392 0.700441 0.502203 0.704846 0.506608 0.718062 0.506608 0.722467 0.511013 0.731278 0.511013 0.735683 0.506608 0.735683 0.502203 0.722467 0.488987 0.704846 0.488987
0 0.643172 0.488987 0.634361 0.497797 0.629956 0.497797 0.625551 0.502203 0.625551 0.511013 0.629956 0.515419 0.634361 0.515419 0.638767 0.519824 0.643172 0.515419 0.647577 0.515419 0.656388 0.506608 0.656388 0.497797 0.651982 0.493392 0.647577 0.493392
0 0.955947 0.484582 0.938326 0.502203 0.938326 0.511013 0.947137 0.519824 0.951542 0.519824 0.955947 0.524229 0.960352 0.519824 0.969163 0.519824 0.973568 0.524229 0.977974 0.524229 0.991189 0.537445 0.991189 0.541850 0.995595 0.546256 0.995595 0.515419 0.991189 0.515419 0.986784 0.519824 0.982379 0.519824 0.977974 0.524229 0.973568 0.524229 0.969163 0.519824 0.964758 0.519824 0.960352 0.515419 0.960352 0.497797 0.964758 0.493392
0 0.207048 0.519824 0.202643 0.515419 0.193833 0.515419 0.189427 0.519824 0.185022 0.515419 0.180617 0.515419 0.176211 0.511013 0.176211 0.502203 0.185022 0.493392 0.185022 0.488987 0.176211 0.480176 0.158590 0.497797 0.154185 0.497797 0.149780 0.502203 0.145374 0.502203 0.140969 0.506608 0.136564 0.506608 0.132159 0.511013 0.118943 0.511013 0.114537 0.515419 0.101322 0.515419 0.096916 0.511013 0.079295 0.511013 0.074890 0.515419 0.066079 0.515419 0.061674 0.519824 0.044053 0.519824 0.039648 0.515419 0.030837 0.515419 0.013216 0.533040 0.008811 0.533040 0.004405 0.537445 0.000000 0.537445 0.000000 0.568282 0.004405 0.572687 0.008811 0.572687 0.026432 0.555066 0.030837 0.555066 0.035242 0.550661 0.039648 0.550661 0.044053 0.555066 0.048458 0.555066 0.057269 0.563877 0.066079 0.555066 0.070485 0.555066 0.074890 0.550661 0.079295 0.550661 0.083700 0.546256 0.096916 0.546256 0.101322 0.541850 0.118943 0.541850 0.123348 0.537445 0.145374 0.537445 0.149780 0.533040 0.167401 0.533040 0.171806 0.528634 0.189427 0.528634 0.193833 0.524229 0.202643 0.524229
0 0.991189 0.453745 0.986784 0.453745 0.982379 0.449339 0.977974 0.449339 0.973568 0.444934 0.969163 0.449339 0.964758 0.449339 0.955947 0.458150 0.955947 0.462555 0.964758 0.471366 0.969163 0.466960 0.973568 0.466960 0.977974 0.462555 0.982379 0.462555 0.986784 0.458150 0.991189 0.458150
0 0.845815 0.440529 0.841410 0.440529 0.832599 0.449339 0.828194 0.449339 0.819383 0.458150 0.819383 0.466960 0.823789 0.471366 0.828194 0.466960 0.837004 0.466960 0.850220 0.453745 0.850220 0.444934
0 0.876652 0.444934 0.876652 0.453745 0.881057 0.458150 0.898678 0.458150 0.903084 0.453745 0.911894 0.453745 0.916300 0.449339 0.907489 0.440529 0.898678 0.440529 0.894273 0.436123 0.889868 0.436123 0.885463 0.440529 0.881057 0.440529
0 0.770925 0.436123 0.766520 0.431718 0.740088 0.431718 0.731278 0.440529 0.731278 0.449339 0.726872 0.453745 0.722467 0.453745 0.718062 0.458150 0.713656 0.453745 0.709251 0.453745 0.704846 0.449339 0.704846 0.444934 0.700441 0.440529 0.696035 0.444934 0.696035 0.453745 0.709251 0.466960 0.718062 0.458150 0.722467 0.458150 0.726872 0.453745 0.731278 0.453745 0.735683 0.458150 0.740088 0.458150 0.744493 0.453745 0.748899 0.453745 0.762115 0.440529 0.766520 0.440529
0 0.665198 0.449339 0.660793 0.444934 0.656388 0.444934 0.651982 0.449339 0.647577 0.449339 0.643172 0.444934 0.638767 0.444934 0.625551 0.431718 0.621145 0.436123 0.621145 0.440529 0.616740 0.444934 0.612335 0.444934 0.607930 0.449339 0.563877 0.449339 0.559471 0.453745 0.550661 0.453745 0.546256 0.458150 0.541850 0.458150 0.537445 0.462555 0.533040 0.458150 0.528634 0.458150 0.524229 0.453745 0.524229 0.444934 0.519824 0.440529 0.515419 0.440529 0.511013 0.444934 0.506608 0.444934 0.497797 0.453745 0.497797 0.458150 0.502203 0.462555 0.519824 0.462555 0.524229 0.458150 0.528634 0.458150 0.533040 0.462555 0.537445 0.462555 0.546256 0.471366 0.555066 0.471366 0.559471 0.466960 0.577093 0.466960 0.581498 0.462555 0.603524 0.462555 0.607930 0.458150 0.612335 0.458150 0.616740 0.453745 0.634361 0.453745 0.638767 0.449339 0.643172 0.453745 0.647577 0.453745 0.656388 0.462555 0.665198 0.453745
0 0.524229 0.383260 0.519824 0.378855 0.515419 0.378855 0.497797 0.396476 0.493392 0.396476 0.484582 0.405286 0.484582 0.418502 0.480176 0.422908 0.475771 0.422908 0.471366 0.427313 0.453745 0.427313 0.440529 0.440529 0.436123 0.440529 0.422908 0.449339 0.409692 0.444934 0.405286 0.440529 0.405286 0.431718 0.400881 0.427313 0.392070 0.427313 0.378855 0.436123 0.378855 0.449339 0.365639 0.462555 0.361233 0.462555 0.356828 0.466960 0.348018 0.466960 0.343612 0.471366 0.325991 0.471366 0.321586 0.466960 0.308370 0.462555 0.295154 0.471366 0.290749 0.466960 0.286344 0.471366 0.281938 0.471366 0.277533 0.466960 0.273128 0.466960 0.264317 0.458150 0.251101 0.471366 0.251101 0.480176 0.255507 0.484582 0.268722 0.471366 0.273128 0.471366 0.277533 0.466960 0.290749 0.475771 0.295154 0.471366 0.299559 0.471366 0.303965 0.475771 0.308370 0.471366 0.317181 0.471366 0.330396 0.480176 0.339207 0.480176 0.343612 0.484582 0.356828 0.484582 0.361233 0.480176 0.365639 0.480176 0.378855 0.471366 0.383260 0.475771 0.387665 0.475771 0.396476 0.488987 0.422908 0.458150 0.436123 0.453745 0.444934 0.444934 0.449339 0.444934 0.462555 0.436123 0.480176 0.436123 0.484582 0.431718 0.488987 0.431718 0.497797 0.422908 0.502203 0.422908 0.511013 0.414097 0.511013 0.405286 0.519824 0.396476
0 0.973568 0.374449 0.969163 0.370044 0.964758 0.370044 0.960352 0.365639 0.947137 0.378855 0.947137 0.383260 0.942731 0.387665 0.938326 0.387665 0.933921 0.392070 0.929515 0.392070 0.925110 0.387665 0.903084 0.387665 0.898678 0.392070 0.898678 0.396476 0.903084 0.400881 0.925110 0.400881 0.933921 0.392070 0.938326 0.392070 0.942731 0.387665 0.947137 0.387665 0.951542 0.392070 0.955947 0.387665 0.969163 0.387665 0.973568 0.383260
0 0.854626 0.356828 0.850220 0.352423 0.845815 0.352423 0.832599 0.365639 0.828194 0.365639 0.823789 0.370044 0.806167 0.370044 0.797357 0.378855 0.797357 0.387665 0.801762 0.392070 0.810573 0.392070 0.819383 0.383260 0.823789 0.383260 0.828194 0.378855 0.841410 0.378855 0.845815 0.374449 0.850220 0.374449 0.854626 0.370044
0 0.000000 0.312775 0.000000 0.348018 0.004405 0.348018 0.008811 0.343612 0.022026 0.352423 0.022026 0.365639 0.000000 0.378855 0.000000 0.396476 0.013216 0.405286 0.026432 0.405286 0.030837 0.400881 0.044053 0.405286 0.057269 0.418502 0.057269 0.431718 0.052863 0.436123 0.052863 0.440529 0.057269 0.444934 0.061674 0.444934 0.074890 0.453745 0.096916 0.440529 0.110132 0.449339 0.110132 0.458150 0.114537 0.462555 0.127753 0.462555 0.132159 0.466960 0.136564 0.466960 0.140969 0.462555 0.140969 0.458150 0.132159 0.449339 0.132159 0.444934 0.123348 0.436123 0.118943 0.436123 0.114537 0.440529 0.101322 0.431718 0.101322 0.422908 0.110132 0.409692 0.110132 0.400881 0.123348 0.392070 0.123348 0.383260 0.118943 0.378855 0.114537 0.378855 0.101322 0.387665 0.092511 0.387665 0.088106 0.383260 0.066079 0.383260 0.061674 0.387665 0.048458 0.378855 0.048458 0.356828 0.052863 0.352423 0.057269 0.352423 0.061674 0.348018 0.061674 0.343612 0.074890 0.334802 0.079295 0.339207 0.096916 0.339207 0.101322 0.334802 0.101322 0.321586 0.114537 0.312775 0.118943 0.312775 0.132159 0.321586 0.132159 0.330396 0.127753 0.334802 0.127753 0.352423 0.132159 0.356828 0.145374 0.356828 0.149780 0.352423 0.167401 0.352423 0.176211 0.343612 0.171806 0.330396 0.162996 0.321586 0.149780 0.321586 0.123348 0.303965 0.110132 0.303965 0.105727 0.308370 0.035242 0.308370 0.030837 0.312775
0 0.303965 0.303965 0.299559 0.299559 0.281938 0.299559 0.277533 0.303965 0.273128 0.303965 0.268722 0.308370 0.259912 0.308370 0.255507 0.312775 0.251101 0.312775 0.246696 0.317181 0.242291 0.317181 0.233480 0.325991 0.229075 0.325991 0.224670 0.330396 0.211454 0.330396 0.207048 0.334802 0.211454 0.339207 0.229075 0.339207 0.233480 0.334802 0.237885 0.334802 0.242291 0.330396 0.246696 0.330396 0.251101 0.325991 0.264317 0.325991 0.268722 0.321586 0.281938 0.321586 0.295154 0.308370 0.299559 0.308370
0 0.837004 0.295154 0.841410 0.299559 0.850220 0.299559 0.854626 0.295154 0.859031 0.295154 0.863436 0.290749 0.867841 0.290749 0.872247 0.286344 0.876652 0.286344 0.881057 0.290749 0.885463 0.290749 0.889868 0.295154 0.916300 0.295154 0.920705 0.290749 0.920705 0.286344 0.911894 0.277533 0.885463 0.277533 0.881057 0.273128 0.876652 0.273128 0.872247 0.268722 0.854626 0.268722 0.841410 0.281938 0.841410 0.286344 0.837004 0.290749
0 0.660793 0.273128 0.660793 0.286344 0.665198 0.290749 0.687225 0.290749 0.696035 0.281938 0.691630 0.277533 0.687225 0.277533 0.682819 0.273128 0.669604 0.273128 0.665198 0.268722
0 0.431718 0.237885 0.427313 0.233480 0.422908 0.233480 0.418502 0.229075 0.414097 0.233480 0.409692 0.233480 0.405286 0.237885 0.400881 0.237885 0.396476 0.242291 0.387665 0.242291 0.383260 0.246696 0.378855 0.246696 0.374449 0.251101 0.370044 0.251101 0.365639 0.255507 0.361233 0.255507 0.356828 0.259912 0.356828 0.268722 0.361233 0.273128 0.365639 0.268722 0.378855 0.268722 0.383260 0.264317 0.400881 0.264317 0.405286 0.259912 0.414097 0.259912 0.418502 0.255507 0.427313 0.255507 0.431718 0.251101
0 0.079295 0.237885 0.070485 0.229075 0.057269 0.229075 0.039648 0.246696 0.044053 0.251101 0.070485 0.251101 0.079295 0.242291
0 0.629956 0.202643 0.625551 0.198238 0.616740 0.198238 0.603524 0.211454 0.603524 0.215859 0.594714 0.224670 0.590308 0.224670 0.577093 0.237885 0.577093 0.246696 0.572687 0.251101 0.568282 0.251101 0.563877 0.255507 0.559471 0.255507 0.555066 0.259912 0.550661 0.259912 0.541850 0.268722 0.537445 0.268722 0.528634 0.277533 0.528634 0.281938 0.524229 0.286344 0.519824 0.286344 0.519824 0.290749 0.524229 0.290749 0.528634 0.295154 0.537445 0.295154 0.585903 0.246696 0.590308 0.246696 0.594714 0.242291 0.599119 0.242291 0.603524 0.237885 0.607930 0.237885 0.612335 0.233480 0.616740 0.233480 0.621145 0.229075 0.621145 0.224670 0.625551 0.220264 0.625551 0.211454 0.629956 0.207048
0 0.563877 0.189427 0.559471 0.185022 0.555066 0.185022 0.550661 0.180617 0.546256 0.185022 0.546256 0.198238 0.537445 0.207048 0.533040 0.207048 0.515419 0.224670 0.515419 0.233480 0.506608 0.242291 0.506608 0.246696 0.502203 0.251101 0.502203 0.255507 0.488987 0.268722 0.484582 0.268722 0.480176 0.273128 0.475771 0.273128 0.471366 0.277533 0.466960 0.277533 0.462555 0.281938 0.462555 0.286344 0.453745 0.295154 0.449339 0.295154 0.440529 0.303965 0.436123 0.303965 0.431718 0.308370 0.409692 0.308370 0.405286 0.312775 0.409692 0.317181 0.414097 0.317181 0.418502 0.321586 0.422908 0.317181 0.427313 0.317181 0.431718 0.312775 0.436123 0.317181 0.458150 0.317181 0.462555 0.312775 0.466960 0.312775 0.471366 0.308370 0.475771 0.308370 0.480176 0.303965 0.480176 0.299559 0.484582 0.295154 0.488987 0.295154 0.493392 0.290749 0.497797 0.295154 0.502203 0.290749 0.506608 0.290749 0.511013 0.286344 0.506608 0.286344 0.502203 0.281938 0.502203 0.273128 0.506608 0.268722 0.506608 0.264317 0.511013 0.259912 0.511013 0.255507 0.515419 0.251101 0.515419 0.246696 0.519824 0.242291 0.519824 0.237885 0.524229 0.233480 0.524229 0.229075 0.537445 0.215859 0.541850 0.215859 0.555066 0.202643 0.555066 0.198238
0 0.061674 0.167401 0.052863 0.158590 0.048458 0.158590 0.044053 0.162996 0.026432 0.162996 0.022026 0.167401 0.017621 0.167401 0.013216 0.171806 0.013216 0.176211 0.022026 0.185022 0.026432 0.180617 0.048458 0.180617
0 0.942731 0.229075 0.942731 0.211454 0.938326 0.207048 0.933921 0.211454 0.929515 0.207048 0.925110 0.211454 0.911894 0.207048 0.903084 0.198238 0.903084 0.185022 0.894273 0.176211 0.894273 0.162996 0.898678 0.158590 0.898678 0.149780 0.920705 0.136564 0.933921 0.136564 0.938326 0.132159 0.925110 0.118943 0.911894 0.118943 0.898678 0.132159 0.894273 0.132159 0.889868 0.136564 0.885463 0.132159 0.876652 0.132159 0.872247 0.136564 0.867841 0.132159 0.863436 0.136564 0.850220 0.136564 0.845815 0.132159 0.841410 0.132159 0.837004 0.136564 0.832599 0.132159 0.828194 0.136564 0.797357 0.132159 0.775330 0.145374 0.753304 0.145374 0.748899 0.149780 0.740088 0.149780 0.726872 0.140969 0.713656 0.140969 0.700441 0.149780 0.700441 0.158590 0.682819 0.171806 0.682819 0.180617 0.674009 0.189427 0.682819 0.198238 0.687225 0.193833 0.718062 0.193833 0.722467 0.198238 0.726872 0.198238 0.731278 0.193833 0.757709 0.193833 0.762115 0.198238 0.766520 0.193833 0.775330 0.193833 0.788546 0.202643 0.788546 0.229075 0.801762 0.237885 0.806167 0.237885 0.810573 0.233480 0.810573 0.224670 0.797357 0.215859 0.797357 0.211454 0.792952 0.207048 0.792952 0.198238 0.814978 0.185022 0.828194 0.189427 0.832599 0.193833 0.832599 0.198238 0.850220 0.211454 0.872247 0.215859 0.885463 0.224670 0.898678 0.215859 0.911894 0.220264 0.925110 0.233480 0.925110 0.246696 0.920705 0.251101 0.925110 0.255507 0.929515 0.251101 0.933921 0.255507 0.938326 0.251101 0.938326 0.233480
0 0.251101 0.079295 0.246696 0.074890 0.233480 0.074890 0.220264 0.088106 0.215859 0.088106 0.211454 0.092511 0.207048 0.092511 0.202643 0.088106 0.198238 0.092511 0.189427 0.092511 0.185022 0.096916 0.185022 0.101322 0.189427 0.105727 0.193833 0.105727 0.198238 0.110132 0.202643 0.105727 0.202643 0.101322 0.207048 0.096916 0.211454 0.096916 0.215859 0.092511 0.220264 0.096916 0.233480 0.096916
0 0.462555 0.083700 0.453745 0.074890 0.449339 0.079295 0.440529 0.079295 0.427313 0.088106 0.418502 0.088106 0.405286 0.079295 0.405286 0.070485 0.409692 0.066079 0.405286 0.061674 0.400881 0.066079 0.378855 0.066079 0.374449 0.070485 0.370044 0.070485 0.348018 0.092511 0.343612 0.092511 0.339207 0.096916 0.334802 0.092511 0.330396 0.092511 0.321586 0.083700 0.321586 0.074890 0.312775 0.066079 0.290749 0.066079 0.281938 0.074890 0.286344 0.079295 0.290749 0.079295 0.295154 0.083700 0.299559 0.083700 0.303965 0.088106 0.303965 0.092511 0.312775 0.101322 0.325991 0.092511 0.339207 0.101322 0.339207 0.114537 0.330396 0.127753 0.330396 0.145374 0.321586 0.154185 0.317181 0.154185 0.312775 0.158590 0.321586 0.167401 0.343612 0.167401 0.356828 0.154185 0.356828 0.140969 0.370044 0.132159 0.365639 0.127753 0.361233 0.132159 0.348018 0.123348 0.348018 0.114537 0.352423 0.110132 0.356828 0.110132 0.361233 0.105727 0.365639 0.110132 0.374449 0.110132 0.387665 0.101322 0.392070 0.105727 0.396476 0.101322 0.400881 0.105727 0.405286 0.101322 0.414097 0.101322 0.418502 0.096916 0.431718 0.096916 0.444934 0.105727 0.458150 0.105727 0.466960 0.096916 0.466960 0.092511 0.462555 0.088106
0 0.110132 0.044053 0.105727 0.044053 0.092511 0.057269 0.092511 0.066079 0.088106 0.070485 0.083700 0.070485 0.079295 0.074890 0.083700 0.074890 0.088106 0.079295 0.088106 0.083700 0.092511 0.088106 0.096916 0.083700 0.096916 0.066079 0.101322 0.061674 0.105727 0.061674 0.114537 0.052863 0.114537 0.048458
0 0.837004 0.048458 0.841410 0.052863 0.845815 0.052863 0.850220 0.048458 0.859031 0.048458 0.863436 0.044053 0.894273 0.044053 0.898678 0.039648 0.903084 0.044053 0.907489 0.044053 0.920705 0.057269 0.925110 0.052863 0.925110 0.044053 0.920705 0.039648 0.911894 0.039648 0.907489 0.035242 0.903084 0.035242 0.898678 0.030837 0.881057 0.030837 0.876652 0.026432 0.850220 0.026432 0.841410 0.035242 0.841410 0.044053
0 0.643172 0.000000 0.559471 0.000000 0.568282 0.008811 0.590308 0.000000 0.607930 0.013216 0.607930 0.039648 0.599119 0.057269 0.568282 0.083700 0.541850 0.096916 0.511013 0.127753 0.497797 0.132159 0.480176 0.118943 0.475771 0.127753 0.484582 0.136564 0.484582 0.145374 0.471366 0.171806 0.462555 0.176211 0.458150 0.171806 0.427313 0.171806 0.422908 0.167401 0.400881 0.171806 0.361233 0.202643 0.343612 0.202643 0.312775 0.215859 0.295154 0.215859 0.290749 0.211454 0.246696 0.233480 0.233480 0.229075 0.224670 0.215859 0.220264 0.193833 0.233480 0.176211 0.220264 0.171806 0.211454 0.180617 0.215859 0.207048 0.202643 0.233480 0.202643 0.246696 0.207048 0.251101 0.220264 0.242291 0.233480 0.251101 0.233480 0.259912 0.224670 0.268722 0.229075 0.277533 0.246696 0.259912 0.255507 0.242291 0.268722 0.237885 0.286344 0.246696 0.295154 0.229075 0.334802 0.215859 0.352423 0.224670 0.396476 0.185022 0.418502 0.176211 0.431718 0.185022 0.440529 0.180617 0.466960 0.185022 0.471366 0.202643 0.458150 0.215859 0.462555 0.220264 0.488987 0.211454 0.502203 0.198238 0.497797 0.193833 0.497797 0.176211 0.515419 0.158590 0.541850 0.154185 0.563877 0.123348 0.621145 0.088106 0.616740 0.066079 0.629956 0.052863 0.616740 0.044053 0.616740 0.030837 0.643172 0.008811
0 0.466960 0.000000 0.462555 0.000000 0.462555 0.004405 0.444934 0.022026 0.444934 0.030837 0.449339 0.035242 0.453745 0.030837 0.458150 0.030837 0.462555 0.026432 0.466960 0.026432 0.475771 0.017621 0.475771 0.013216 0.466960 0.004405
0 0.339207 0.000000 0.321586 0.000000 0.321586 0.008811 0.317181 0.013216 0.317181 0.017621 0.308370 0.026432 0.308370 0.030837 0.312775 0.035242 0.321586 0.035242 0.339207 0.017621
0 0.277533 0.000000 0.259912 0.000000 0.259912 0.022026 0.264317 0.026432 0.264317 0.039648 0.259912 0.044053 0.259912 0.048458 0.264317 0.052863 0.268722 0.048458 0.268722 0.030837 0.277533 0.022026
