0 0.920705 0.986784 0.920705 0.995595 0.982379 0.995595 0.982379 0.991189 0.973568 0.982379 0.969163 0.982379 0.960352 0.991189 0.955947 0.991189 0.951542 0.995595 0.947137 0.991189 0.942731 0.991189 0.933921 0.982379 0.925110 0.982379
0 0.048458 0.942731 0.044053 0.942731 0.039648 0.947137 0.039648 0.964758 0.030837 0.973568 0.026432 0.973568 0.022026 0.977974 0.017621 0.973568 0.013216 0.973568 0.008811 0.969163 0.008811 0.955947 0.000000 0.947137 0.000000 0.973568 0.004405 0.969163 0.008811 0.969163 0.013216 0.973568 0.017621 0.973568 0.022026 0.977974 0.022026 0.995595 0.039648 0.995595 0.035242 0.991189 0.035242 0.977974 0.039648 0.973568 0.044053 0.973568 0.048458 0.969163 0.052863 0.969163 0.061674 0.960352 0.061674 0.955947
0 0.096916 0.938326 0.096916 0.942731 0.092511 0.947137 0.092511 0.960352 0.088106 0.964758 0.092511 0.969163 0.092511 0.973568 0.101322 0.982379 0.110132 0.973568 0.110132 0.969163 0.105727 0.964758 0.105727 0.942731 0.101322 0.938326
0 0.718062 0.925110 0.709251 0.933921 0.709251 0.938326 0.713656 0.942731 0.713656 0.947137 0.726872 0.960352 0.735683 0.951542 0.735683 0.942731
0 0.845815 0.920705 0.837004 0.929515 0.841410 0.933921 0.841410 0.947137 0.845815 0.951542 0.845815 0.955947 0.854626 0.964758 0.859031 0.964758 0.863436 0.960352 0.863436 0.955947 0.859031 0.951542 0.859031 0.929515 0.850220 0.920705
0 0.466960 0.903084 0.462555 0.903084 0.453745 0.911894 0.453745 0.916300 0.449339 0.920705 0.449339 0.925110 0.436123 0.938326 0.431718 0.938326 0.427313 0.942731 0.422908 0.942731 0.418502 0.947137 0.418502 0.951542 0.427313 0.960352 0.431718 0.960352 0.440529 0.951542 0.440529 0.942731 0.444934 0.938326 0.449339 0.938326 0.453745 0.933921 0.458150 0.933921 0.466960 0.925110 0.466960 0.916300 0.471366 0.911894 0.471366 0.907489
0 0.079295 0.894273 0.074890 0.898678 0.079295 0.903084 0.079295 0.911894 0.074890 0.916300 0.074890 0.920705 0.079295 0.925110 0.083700 0.925110 0.088106 0.929515 0.092511 0.929515 0.092511 0.898678 0.088106 0.894273
0 0.581498 0.881057 0.577093 0.885463 0.577093 0.889868 0.590308 0.903084 0.594714 0.903084 0.599119 0.907489 0.599119 0.920705 0.594714 0.925110 0.594714 0.933921 0.603524 0.942731 0.612335 0.942731 0.616740 0.938326 0.616740 0.925110 0.612335 0.920705 0.607930 0.920705 0.599119 0.911894 0.599119 0.903084 0.603524 0.898678 0.603524 0.889868 0.599119 0.885463 0.594714 0.885463 0.590308 0.881057
0 0.660793 0.859031 0.651982 0.867841 0.656388 0.872247 0.656388 0.876652 0.665198 0.885463 0.669604 0.885463 0.687225 0.903084 0.696035 0.903084 0.700441 0.898678 0.700441 0.889868 0.691630 0.881057 0.682819 0.881057 0.678414 0.876652 0.674009 0.876652 0.669604 0.872247 0.669604 0.867841
0 0.039648 0.863436 0.035242 0.859031 0.026432 0.859031 0.022026 0.863436 0.017621 0.863436 0.013216 0.867841 0.008811 0.867841 0.004405 0.872247 0.000000 0.872247 0.000000 0.894273 0.004405 0.889868 0.008811 0.889868 0.017621 0.881057 0.022026 0.881057 0.026432 0.876652 0.030837 0.876652 0.039648 0.867841
0 0.960352 0.859031 0.951542 0.850220 0.942731 0.859031 0.942731 0.863436 0.938326 0.867841 0.933921 0.867841 0.929515 0.872247 0.925110 0.872247 0.920705 0.867841 0.911894 0.867841 0.894273 0.885463 0.898678 0.889868 0.903084 0.885463 0.911894 0.885463 0.916300 0.889868 0.929515 0.889868 0.938326 0.881057 0.938326 0.876652 0.942731 0.872247 0.947137 0.872247 0.951542 0.867841 0.955947 0.867841 0.960352 0.863436
0 0.325991 0.854626 0.321586 0.850220 0.308370 0.850220 0.299559 0.859031 0.299559 0.867841 0.295154 0.872247 0.295154 0.889868 0.303965 0.898678 0.303965 0.907489 0.299559 0.911894 0.295154 0.911894 0.290749 0.916300 0.286344 0.916300 0.281938 0.911894 0.277533 0.911894 0.273128 0.907489 0.255507 0.907489 0.251101 0.903084 0.246696 0.903084 0.242291 0.898678 0.237885 0.898678 0.233480 0.903084 0.237885 0.907489 0.246696 0.907489 0.251101 0.911894 0.255507 0.911894 0.268722 0.925110 0.277533 0.925110 0.281938 0.920705 0.286344 0.920705 0.290749 0.916300 0.295154 0.920705 0.299559 0.920705 0.303965 0.925110 0.308370 0.925110 0.312775 0.920705 0.312775 0.911894 0.308370 0.907489 0.308370 0.894273 0.312775 0.889868 0.312775 0.881057 0.308370 0.876652 0.308370 0.867841 0.317181 0.859031 0.321586 0.859031
0 0.220264 0.814978 0.211454 0.814978 0.207048 0.819383 0.207048 0.845815 0.202643 0.850220 0.202643 0.859031 0.198238 0.863436 0.202643 0.867841 0.215859 0.867841 0.220264 0.863436 0.220264 0.841410 0.224670 0.837004 0.224670 0.819383
0 0.123348 0.814978 0.123348 0.832599 0.132159 0.841410 0.132159 0.872247 0.136564 0.876652 0.154185 0.859031 0.154185 0.845815 0.149780 0.841410 0.149780 0.832599 0.132159 0.814978 0.127753 0.819383
0 0.268722 0.810573 0.264317 0.814978 0.268722 0.819383 0.268722 0.832599 0.273128 0.837004 0.281938 0.837004 0.295154 0.823789 0.286344 0.814978 0.281938 0.814978 0.277533 0.810573
0 0.533040 0.806167 0.528634 0.810573 0.519824 0.810573 0.515419 0.814978 0.515419 0.819383 0.502203 0.832599 0.502203 0.841410 0.497797 0.845815 0.497797 0.854626 0.506608 0.863436 0.511013 0.863436 0.515419 0.867841 0.519824 0.867841 0.533040 0.881057 0.533040 0.889868 0.528634 0.894273 0.528634 0.916300 0.537445 0.925110 0.541850 0.925110 0.550661 0.916300 0.550661 0.911894 0.546256 0.907489 0.546256 0.903084 0.541850 0.898678 0.541850 0.889868 0.537445 0.885463 0.537445 0.867841 0.541850 0.863436 0.546256 0.863436 0.555066 0.854626 0.559471 0.854626 0.563877 0.850220 0.563877 0.845815 0.568282 0.841410 0.568282 0.832599 0.563877 0.828194 0.563877 0.823789 0.550661 0.810573 0.541850 0.810573 0.537445 0.806167
0 0.757709 0.784141 0.753304 0.779736 0.748899 0.779736 0.740088 0.788546 0.735683 0.788546 0.731278 0.792952 0.726872 0.788546 0.713656 0.788546 0.709251 0.784141 0.704846 0.784141 0.700441 0.788546 0.700441 0.792952 0.704846 0.797357 0.704846 0.801762 0.709251 0.806167 0.713656 0.806167 0.718062 0.810573 0.722467 0.810573 0.735683 0.797357 0.740088 0.797357 0.744493 0.792952 0.753304 0.792952 0.757709 0.788546
0 0.845815 0.762115 0.841410 0.762115 0.823789 0.779736 0.823789 0.784141 0.797357 0.810573 0.797357 0.819383 0.806167 0.828194 0.810573 0.828194 0.828194 0.810573 0.828194 0.801762 0.832599 0.797357 0.832599 0.784141 0.841410 0.775330 0.845815 0.775330 0.850220 0.770925 0.850220 0.766520
0 0.422908 0.757709 0.414097 0.757709 0.409692 0.762115 0.405286 0.762115 0.400881 0.766520 0.396476 0.766520 0.392070 0.762115 0.378855 0.775330 0.378855 0.788546 0.374449 0.792952 0.374449 0.814978 0.378855 0.819383 0.383260 0.819383 0.387665 0.814978 0.387665 0.810573 0.383260 0.806167 0.383260 0.792952 0.387665 0.788546 0.387665 0.784141 0.392070 0.779736 0.392070 0.775330 0.396476 0.770925 0.400881 0.770925 0.405286 0.766520 0.414097 0.766520 0.418502 0.770925 0.422908 0.770925 0.427313 0.766520 0.427313 0.762115
0 0.572687 0.748899 0.568282 0.744493 0.537445 0.744493 0.533040 0.748899 0.528634 0.744493 0.524229 0.748899 0.519824 0.748899 0.511013 0.757709 0.506608 0.757709 0.502203 0.762115 0.497797 0.757709 0.493392 0.757709 0.484582 0.766520 0.484582 0.784141 0.475771 0.792952 0.475771 0.797357 0.453745 0.819383 0.449339 0.819383 0.449339 0.823789 0.453745 0.823789 0.458150 0.828194 0.458150 0.832599 0.466960 0.841410 0.475771 0.832599 0.475771 0.819383 0.484582 0.810573 0.484582 0.801762 0.488987 0.797357 0.488987 0.788546 0.497797 0.779736 0.497797 0.775330 0.506608 0.766520 0.511013 0.766520 0.515419 0.762115 0.519824 0.766520 0.533040 0.766520 0.537445 0.762115 0.541850 0.762115 0.546256 0.766520 0.550661 0.766520 0.555066 0.770925 0.555066 0.775330 0.559471 0.779736 0.568282 0.779736 0.572687 0.775330
0 0.621145 0.660793 0.612335 0.660793 0.603524 0.669604 0.612335 0.678414 0.612335 0.696035 0.603524 0.704846 0.607930 0.709251 0.616740 0.709251 0.625551 0.700441 0.625551 0.665198
0 0.933921 0.647577 0.938326 0.647577 0.942731 0.651982 0.947137 0.647577 0.951542 0.651982 0.955947 0.651982 0.969163 0.665198 0.973568 0.665198 0.977974 0.669604 0.995595 0.669604 0.995595 0.656388 0.991189 0.656388 0.986784 0.651982 0.973568 0.651982 0.969163 0.647577 0.964758 0.647577 0.955947 0.638767 0.951542 0.638767 0.947137 0.643172 0.942731 0.643172 0.938326 0.647577
0 0.440529 0.625551 0.436123 0.629956 0.436123 0.634361 0.440529 0.638767 0.453745 0.638767 0.458150 0.643172 0.462555 0.643172 0.466960 0.638767 0.471366 0.638767 0.475771 0.643172 0.480176 0.643172 0.484582 0.647577 0.488987 0.647577 0.493392 0.651982 0.497797 0.651982 0.502203 0.656388 0.502203 0.687225 0.497797 0.691630 0.493392 0.691630 0.488987 0.696035 0.488987 0.700441 0.497797 0.709251 0.515419 0.691630 0.515419 0.682819 0.519824 0.678414 0.519824 0.665198 0.515419 0.660793 0.511013 0.660793 0.506608 0.656388 0.506608 0.643172 0.497797 0.634361 0.488987 0.634361 0.484582 0.629956 0.471366 0.629956 0.466960 0.625551 0.458150 0.625551 0.453745 0.629956 0.444934 0.629956
0 0.634361 0.590308 0.629956 0.594714 0.625551 0.594714 0.616740 0.603524 0.612335 0.603524 0.607930 0.607930 0.607930 0.616740 0.612335 0.621145 0.616740 0.616740 0.621145 0.616740 0.625551 0.612335 0.634361 0.612335 0.638767 0.607930 0.638767 0.594714
0 0.506608 0.612335 0.515419 0.621145 0.524229 0.621145 0.528634 0.616740 0.533040 0.616740 0.537445 0.612335 0.550661 0.612335 0.555066 0.616740 0.568282 0.616740 0.577093 0.607930 0.577093 0.603524 0.572687 0.599119 0.563877 0.599119 0.559471 0.603524 0.550661 0.603524 0.546256 0.599119 0.541850 0.599119 0.537445 0.594714 0.537445 0.590308 0.533040 0.594714 0.528634 0.594714 0.519824 0.603524 0.515419 0.603524
0 0.700441 0.585903 0.696035 0.585903 0.691630 0.590308 0.691630 0.594714 0.700441 0.603524 0.700441 0.612335 0.687225 0.625551 0.682819 0.625551 0.678414 0.629956 0.674009 0.629956 0.656388 0.647577 0.651982 0.647577 0.643172 0.656388 0.647577 0.660793 0.651982 0.660793 0.656388 0.656388 0.660793 0.660793 0.665198 0.660793 0.678414 0.647577 0.682819 0.647577 0.687225 0.643172 0.696035 0.643172 0.700441 0.638767 0.709251 0.638767 0.713656 0.634361 0.713656 0.629956 0.718062 0.625551 0.718062 0.612335 0.713656 0.607930 0.713656 0.603524 0.704846 0.594714 0.704846 0.590308
0 0.876652 0.577093 0.872247 0.577093 0.867841 0.581498 0.863436 0.581498 0.850220 0.594714 0.850220 0.625551 0.845815 0.629956 0.845815 0.643172 0.850220 0.647577 0.854626 0.643172 0.854626 0.638767 0.859031 0.634361 0.859031 0.616740 0.863436 0.612335 0.863436 0.607930 0.867841 0.603524 0.867841 0.599119 0.876652 0.590308 0.876652 0.585903 0.881057 0.581498
0 0.814978 0.577093 0.801762 0.590308 0.801762 0.612335 0.806167 0.616740 0.819383 0.603524 0.819383 0.599119 0.823789 0.594714 0.823789 0.585903
0 0.132159 0.577093 0.136564 0.581498 0.136564 0.585903 0.145374 0.594714 0.158590 0.581498 0.162996 0.581498 0.167401 0.577093 0.180617 0.577093 0.185022 0.581498 0.198238 0.581498 0.202643 0.577093 0.189427 0.563877 0.185022 0.568282 0.167401 0.568282 0.162996 0.563877 0.158590 0.568282 0.145374 0.568282 0.140969 0.572687 0.136564 0.572687
0 0.066079 0.563877 0.061674 0.563877 0.052863 0.572687 0.052863 0.577093 0.048458 0.581498 0.061674 0.594714 0.061674 0.607930 0.057269 0.612335 0.052863 0.612335 0.048458 0.616740 0.052863 0.621145 0.057269 0.616740 0.061674 0.621145 0.066079 0.616740 0.079295 0.616740 0.083700 0.612335 0.088106 0.612335 0.092511 0.607930 0.088106 0.603524 0.083700 0.603524 0.074890 0.594714 0.074890 0.581498 0.070485 0.577093 0.070485 0.568282
0 0.096916 0.488987 0.088106 0.497797 0.088106 0.506608 0.092511 0.511013 0.092511 0.524229 0.096916 0.528634 0.101322 0.528634 0.105727 0.533040 0.110132 0.533040 0.114537 0.528634 0.114537 0.515419 0.110132 0.511013 0.110132 0.502203
0 0.911894 0.493392 0.903084 0.484582 0.898678 0.488987 0.894273 0.484582 0.889868 0.488987 0.889868 0.497797 0.898678 0.506608 0.898678 0.524229 0.894273 0.528634 0.889868 0.528634 0.885463 0.533040 0.872247 0.533040 0.867841 0.537445 0.854626 0.537445 0.850220 0.533040 0.845815 0.537445 0.841410 0.537445 0.837004 0.541850 0.832599 0.537445 0.828194 0.537445 0.823789 0.541850 0.823789 0.546256 0.828194 0.550661 0.832599 0.546256 0.837004 0.546256 0.841410 0.550661 0.850220 0.550661 0.854626 0.546256 0.859031 0.550661 0.876652 0.550661 0.885463 0.541850 0.889868 0.541850 0.894273 0.537445 0.898678 0.537445 0.903084 0.533040 0.903084 0.528634 0.907489 0.524229 0.907489 0.519824 0.911894 0.515419 0.911894 0.506608 0.916300 0.502203 0.911894 0.497797
0 0.268722 0.484582 0.273128 0.488987 0.281938 0.488987 0.286344 0.493392 0.290749 0.493392 0.295154 0.497797 0.299559 0.497797 0.303965 0.502203 0.308370 0.502203 0.312775 0.497797 0.312775 0.484582 0.303965 0.475771 0.277533 0.475771
0 0.022026 0.471366 0.017621 0.475771 0.017621 0.533040 0.035242 0.550661 0.039648 0.550661 0.044053 0.546256 0.044053 0.537445 0.030837 0.524229 0.030837 0.515419 0.026432 0.511013 0.026432 0.497797 0.030837 0.493392 0.035242 0.493392 0.044053 0.484582 0.044053 0.475771 0.039648 0.471366
0 0.563877 0.462555 0.555066 0.453745 0.550661 0.453745 0.533040 0.471366 0.528634 0.471366 0.524229 0.475771 0.533040 0.484582 0.541850 0.484582 0.546256 0.480176 0.550661 0.480176 0.555066 0.475771 0.559471 0.475771 0.563877 0.471366
0 0.951542 0.440529 0.947137 0.444934 0.947137 0.449339 0.951542 0.453745 0.951542 0.466960 0.955947 0.471366 0.955947 0.480176 0.960352 0.484582 0.960352 0.497797 0.951542 0.506608 0.951542 0.515419 0.955947 0.519824 0.969163 0.519824 0.973568 0.515419 0.973568 0.506608 0.960352 0.493392 0.960352 0.484582 0.969163 0.475771 0.969163 0.471366 0.955947 0.458150 0.955947 0.444934
0 0.898678 0.422908 0.894273 0.418502 0.876652 0.436123 0.872247 0.436123 0.867841 0.440529 0.863436 0.440529 0.859031 0.444934 0.850220 0.444934 0.845815 0.440529 0.832599 0.440529 0.828194 0.444934 0.837004 0.453745 0.837004 0.458150 0.841410 0.458150 0.845815 0.453745 0.850220 0.453745 0.854626 0.449339 0.863436 0.449339 0.867841 0.453745 0.872247 0.449339 0.881057 0.449339 0.889868 0.440529 0.889868 0.436123 0.898678 0.427313
0 0.792952 0.427313 0.784141 0.418502 0.770925 0.431718 0.766520 0.431718 0.762115 0.436123 0.757709 0.436123 0.753304 0.440529 0.740088 0.440529 0.735683 0.444934 0.731278 0.444934 0.726872 0.440529 0.722467 0.440529 0.718062 0.436123 0.713656 0.440529 0.709251 0.440529 0.704846 0.444934 0.700441 0.444934 0.696035 0.449339 0.704846 0.458150 0.718062 0.444934 0.722467 0.444934 0.726872 0.440529 0.731278 0.444934 0.735683 0.444934 0.744493 0.453745 0.757709 0.453745 0.762115 0.449339 0.762115 0.444934 0.770925 0.436123 0.775330 0.436123 0.779736 0.431718 0.784141 0.436123
0 0.167401 0.392070 0.162996 0.396476 0.149780 0.396476 0.140969 0.405286 0.140969 0.409692 0.145374 0.414097 0.149780 0.414097 0.154185 0.418502 0.154185 0.436123 0.162996 0.444934 0.167401 0.444934 0.171806 0.440529 0.171806 0.431718 0.167401 0.427313 0.162996 0.427313 0.158590 0.422908 0.158590 0.414097 0.171806 0.400881 0.171806 0.396476
0 0.017621 0.392070 0.013216 0.396476 0.013216 0.400881 0.008811 0.405286 0.004405 0.405286 0.000000 0.409692 0.000000 0.453745 0.008811 0.444934 0.004405 0.440529 0.004405 0.427313 0.013216 0.418502 0.013216 0.414097 0.017621 0.409692 0.017621 0.405286 0.022026 0.400881 0.022026 0.396476
0 0.079295 0.365639 0.074890 0.361233 0.052863 0.361233 0.044053 0.370044 0.044053 0.374449 0.039648 0.378855 0.039648 0.387665 0.044053 0.387665 0.048458 0.392070 0.057269 0.383260 0.061674 0.383260 0.070485 0.374449 0.074890 0.374449 0.079295 0.370044
0 0.136564 0.321586 0.140969 0.321586 0.145374 0.325991 0.158590 0.325991 0.162996 0.321586 0.171806 0.321586 0.176211 0.317181 0.176211 0.312775 0.167401 0.303965 0.149780 0.303965 0.145374 0.308370 0.145374 0.317181 0.140969 0.321586
0 0.453745 0.308370 0.444934 0.299559 0.440529 0.303965 0.431718 0.303965 0.422908 0.312775 0.418502 0.312775 0.414097 0.317181 0.409692 0.312775 0.400881 0.312775 0.396476 0.317181 0.392070 0.312775 0.378855 0.312775 0.374449 0.308370 0.370044 0.312775 0.370044 0.321586 0.374449 0.325991 0.378855 0.325991 0.383260 0.321586 0.392070 0.321586 0.396476 0.317181 0.400881 0.321586 0.409692 0.321586 0.414097 0.317181 0.418502 0.317181 0.422908 0.312775 0.427313 0.317181 0.431718 0.317181 0.436123 0.321586 0.444934 0.321586 0.453745 0.312775
0 0.202643 0.308370 0.202643 0.317181 0.215859 0.330396 0.246696 0.330396 0.251101 0.325991 0.259912 0.325991 0.264317 0.330396 0.268722 0.330396 0.273128 0.334802 0.281938 0.334802 0.286344 0.330396 0.286344 0.317181 0.281938 0.312775 0.273128 0.312775 0.268722 0.317181 0.259912 0.317181 0.255507 0.321586 0.251101 0.317181 0.246696 0.317181 0.242291 0.312775 0.233480 0.312775 0.229075 0.308370 0.224670 0.308370 0.215859 0.299559 0.211454 0.299559
0 0.339207 0.281938 0.321586 0.281938 0.303965 0.299559 0.303965 0.303965 0.308370 0.308370 0.312775 0.308370 0.317181 0.312775 0.321586 0.308370 0.330396 0.308370 0.343612 0.295154 0.343612 0.286344
0 0.396476 0.281938 0.405286 0.290749 0.409692 0.286344 0.409692 0.273128 0.414097 0.268722 0.418502 0.268722 0.422908 0.264317 0.444934 0.264317 0.449339 0.268722 0.453745 0.268722 0.458150 0.273128 0.462555 0.273128 0.466960 0.277533 0.475771 0.277533 0.480176 0.273128 0.484582 0.273128 0.493392 0.264317 0.488987 0.259912 0.484582 0.259912 0.480176 0.255507 0.475771 0.255507 0.471366 0.251101 0.453745 0.251101 0.449339 0.246696 0.431718 0.246696 0.427313 0.242291 0.422908 0.246696 0.418502 0.246696 0.414097 0.251101 0.414097 0.255507 0.409692 0.259912 0.405286 0.259912 0.400881 0.264317 0.400881 0.277533
0 0.290749 0.189427 0.286344 0.185022 0.277533 0.185022 0.273128 0.189427 0.273128 0.193833 0.268722 0.198238 0.268722 0.207048 0.264317 0.211454 0.259912 0.211454 0.255507 0.215859 0.251101 0.215859 0.246696 0.220264 0.242291 0.220264 0.229075 0.233480 0.224670 0.233480 0.220264 0.237885 0.215859 0.237885 0.211454 0.242291 0.202643 0.242291 0.198238 0.237885 0.185022 0.237885 0.180617 0.233480 0.176211 0.233480 0.171806 0.229075 0.171806 0.220264 0.176211 0.215859 0.171806 0.211454 0.162996 0.220264 0.162996 0.224670 0.167401 0.229075 0.171806 0.229075 0.180617 0.237885 0.180617 0.242291 0.189427 0.251101 0.202643 0.251101 0.207048 0.255507 0.211454 0.251101 0.215859 0.251101 0.220264 0.246696 0.242291 0.246696 0.246696 0.242291 0.251101 0.242291 0.255507 0.237885 0.259912 0.237885 0.264317 0.233480 0.264317 0.220264 0.268722 0.215859 0.273128 0.215859 0.277533 0.211454 0.281938 0.211454 0.290749 0.202643
0 0.383260 0.180617 0.387665 0.185022 0.392070 0.185022 0.396476 0.189427 0.400881 0.189427 0.405286 0.193833 0.409692 0.193833 0.414097 0.189427 0.418502 0.189427 0.422908 0.185022 0.427313 0.189427 0.431718 0.185022 0.436123 0.189427 0.440529 0.189427 0.444934 0.193833 0.453745 0.193833 0.458150 0.198238 0.462555 0.198238 0.471366 0.207048 0.471366 0.211454 0.475771 0.215859 0.475771 0.220264 0.480176 0.224670 0.493392 0.211454 0.497797 0.211454 0.502203 0.207048 0.506608 0.211454 0.511013 0.211454 0.515419 0.215859 0.528634 0.215859 0.533040 0.211454 0.537445 0.215859 0.546256 0.215859 0.550661 0.211454 0.555066 0.211454 0.559471 0.207048 0.559471 0.198238 0.555066 0.198238 0.550661 0.193833 0.546256 0.193833 0.541850 0.198238 0.537445 0.198238 0.533040 0.202643 0.519824 0.202643 0.515419 0.198238 0.511013 0.202643 0.506608 0.202643 0.502203 0.207048 0.497797 0.207048 0.493392 0.211454 0.488987 0.207048 0.484582 0.207048 0.458150 0.180617 0.449339 0.180617 0.444934 0.176211 0.440529 0.176211 0.436123 0.180617 0.427313 0.180617 0.422908 0.176211 0.418502 0.176211 0.414097 0.171806 0.400881 0.171806 0.396476 0.176211 0.387665 0.176211
0 0.123348 0.198238 0.118943 0.193833 0.118943 0.189427 0.114537 0.185022 0.114537 0.176211 0.110132 0.171806 0.110132 0.167401 0.105727 0.162996 0.105727 0.158590 0.096916 0.149780 0.092511 0.154185 0.088106 0.154185 0.079295 0.162996 0.079295 0.167401 0.074890 0.171806 0.070485 0.171806 0.066079 0.176211 0.061674 0.171806 0.052863 0.180617 0.052863 0.189427 0.048458 0.193833 0.048458 0.198238 0.044053 0.202643 0.039648 0.202643 0.035242 0.207048 0.030837 0.207048 0.017621 0.220264 0.013216 0.220264 0.008811 0.224670 0.004405 0.224670 0.000000 0.229075 0.004405 0.233480 0.008811 0.233480 0.017621 0.242291 0.022026 0.242291 0.030837 0.251101 0.035242 0.246696 0.035242 0.229075 0.039648 0.224670 0.039648 0.207048 0.044053 0.202643 0.048458 0.202643 0.052863 0.198238 0.057269 0.202643 0.070485 0.189427 0.070485 0.180617 0.074890 0.176211 0.079295 0.176211 0.083700 0.171806 0.088106 0.171806 0.092511 0.176211 0.096916 0.176211 0.105727 0.185022 0.105727 0.198238 0.101322 0.202643 0.101322 0.215859 0.105727 0.220264 0.105727 0.246696 0.110132 0.251101 0.118943 0.242291 0.118943 0.224670 0.123348 0.220264
0 0.484582 0.114537 0.471366 0.114537 0.466960 0.118943 0.466960 0.123348 0.458150 0.132159 0.458150 0.140969 0.449339 0.149780 0.453745 0.154185 0.462555 0.154185 0.488987 0.127753 0.488987 0.118943
0 0.766520 0.110132 0.762115 0.110132 0.757709 0.114537 0.757709 0.123348 0.753304 0.127753 0.753304 0.136564 0.757709 0.140969 0.766520 0.140969 0.775330 0.132159 0.775330 0.118943
0 0.057269 0.110132 0.052863 0.105727 0.044053 0.114537 0.039648 0.114537 0.035242 0.118943 0.030837 0.114537 0.000000 0.114537 0.000000 0.127753 0.008811 0.127753 0.013216 0.132159 0.030837 0.132159 0.048458 0.114537 0.052863 0.114537
0 0.612335 0.096916 0.607930 0.101322 0.607930 0.114537 0.612335 0.118943 0.612335 0.136564 0.616740 0.140969 0.621145 0.140969 0.625551 0.145374 0.629956 0.145374 0.638767 0.154185 0.651982 0.154185 0.656388 0.149780 0.656388 0.140969 0.651982 0.136564 0.647577 0.140969 0.643172 0.140969 0.638767 0.136564 0.634361 0.136564 0.629956 0.132159 0.629956 0.123348 0.625551 0.118943 0.625551 0.105727 0.621145 0.101322 0.616740 0.101322
0 0.995595 0.092511 0.722467 0.229075 0.590308 0.339207 0.533040 0.330396 0.387665 0.409692 0.396476 0.431718 0.356828 0.453745 0.361233 0.475771 0.325991 0.559471 0.273128 0.621145 0.118943 0.704846 0.096916 0.678414 0.088106 0.691630 0.110132 0.713656 0.079295 0.735683 0.039648 0.731278 0.048458 0.704846 0.035242 0.700441 0.022026 0.713656 0.035242 0.731278 0.000000 0.735683 0.030837 0.753304 0.000000 0.784141 0.000000 0.823789 0.026432 0.810573 0.088106 0.819383 0.167401 0.770925 0.193833 0.797357 0.207048 0.784141 0.202643 0.753304 0.268722 0.744493 0.317181 0.696035 0.334802 0.722467 0.352423 0.696035 0.321586 0.678414 0.334802 0.625551 0.370044 0.590308 0.361233 0.563877 0.409692 0.515419 0.431718 0.528634 0.427313 0.559471 0.440529 0.563877 0.458150 0.488987 0.449339 0.471366 0.493392 0.440529 0.603524 0.414097 0.585903 0.480176 0.599119 0.488987 0.590308 0.524229 0.607930 0.528634 0.616740 0.506608 0.599119 0.484582 0.612335 0.436123 0.665198 0.400881 0.682819 0.427313 0.696035 0.409692 0.682819 0.387665 0.735683 0.334802 0.792952 0.321586 0.810573 0.352423 0.859031 0.295154 0.903084 0.290749 0.947137 0.308370 0.995595 0.286344 0.986784 0.198238 0.960352 0.215859 0.955947 0.242291 0.814978 0.317181 0.779736 0.308370 0.753304 0.273128 0.757709 0.299559 0.691630 0.370044 0.625551 0.414097 0.594714 0.400881 0.638767 0.343612 0.674009 0.343612 0.700441 0.317181 0.700441 0.268722 0.726872 0.237885 0.766520 0.224670 0.788546 0.242291 0.872247 0.171806 0.920705 0.185022 0.938326 0.145374 0.982379 0.136564 0.973568 0.114537
0 0.321586 0.088106 0.317181 0.092511 0.317181 0.127753 0.312775 0.132159 0.308370 0.132159 0.303965 0.136564 0.299559 0.136564 0.295154 0.140969 0.295154 0.149780 0.299559 0.154185 0.303965 0.149780 0.308370 0.149780 0.312775 0.145374 0.317181 0.145374 0.321586 0.140969 0.325991 0.140969 0.330396 0.145374 0.334802 0.145374 0.339207 0.149780 0.339207 0.154185 0.343612 0.158590 0.348018 0.154185 0.348018 0.149780 0.343612 0.145374 0.339207 0.145374 0.330396 0.136564 0.330396 0.110132 0.334802 0.105727 0.334802 0.092511 0.330396 0.088106
0 0.669604 0.079295 0.651982 0.079295 0.643172 0.088106 0.643172 0.092511 0.647577 0.096916 0.651982 0.096916 0.656388 0.101322 0.660793 0.101322 0.674009 0.088106 0.674009 0.083700
0 0.396476 0.079295 0.387665 0.088106 0.383260 0.088106 0.365639 0.105727 0.365639 0.110132 0.374449 0.118943 0.383260 0.118943 0.392070 0.110132 0.396476 0.110132 0.405286 0.101322 0.405286 0.092511 0.400881 0.088106 0.400881 0.083700
0 0.004405 0.048458 0.004405 0.052863 0.008811 0.052863 0.017621 0.061674 0.026432 0.061674 0.030837 0.066079 0.035242 0.066079 0.039648 0.070485 0.039648 0.083700 0.044053 0.088106 0.048458 0.088106 0.052863 0.083700 0.048458 0.079295 0.048458 0.066079 0.035242 0.052863 0.030837 0.052863 0.022026 0.044053 0.013216 0.044053 0.008811 0.048458
0 0.546256 0.039648 0.519824 0.066079 0.546256 0.092511 0.559471 0.092511 0.563877 0.088106 0.563877 0.083700 0.559471 0.079295 0.559471 0.066079 0.563877 0.061674 0.563877 0.052863 0.568282 0.048458 0.563877 0.044053 0.555066 0.044053 0.550661 0.039648
0 0.995595 0.044053 0.991189 0.039648 0.986784 0.039648 0.977974 0.030837 0.964758 0.030837 0.960352 0.035242 0.960352 0.039648 0.955947 0.044053 0.955947 0.052863 0.947137 0.061674 0.942731 0.061674 0.938326 0.066079 0.933921 0.066079 0.929515 0.061674 0.925110 0.066079 0.920705 0.061674 0.916300 0.061674 0.911894 0.066079 0.916300 0.070485 0.916300 0.079295 0.911894 0.083700 0.907489 0.083700 0.903084 0.088106 0.898678 0.088106 0.894273 0.083700 0.881057 0.083700 0.876652 0.079295 0.863436 0.092511 0.863436 0.096916 0.859031 0.101322 0.859031 0.110132 0.863436 0.114537 0.863436 0.127753 0.859031 0.132159 0.859031 0.136564 0.863436 0.140969 0.867841 0.140969 0.872247 0.136564 0.872247 0.132159 0.876652 0.127753 0.872247 0.123348 0.872247 0.110132 0.881057 0.101322 0.885463 0.101322 0.889868 0.096916 0.894273 0.096916 0.898678 0.092511 0.907489 0.092511 0.911894 0.096916 0.920705 0.088106 0.925110 0.088106 0.929515 0.083700 0.933921 0.083700 0.938326 0.088106 0.942731 0.088106 0.947137 0.092511 0.951542 0.092511 0.951542 0.088106 0.955947 0.083700 0.960352 0.083700 0.964758 0.079295 0.964758 0.070485 0.973568 0.061674 0.977974 0.061674 0.986784 0.052863 0.991189 0.052863 0.995595 0.048458
0 0.136564 0.000000 0.123348 0.000000 0.123348 0.008811 0.110132 0.022026 0.110132 0.035242 0.114537 0.039648 0.127753 0.026432 0.127753 0.017621 0.136564 0.008811
