0 0.088106 0.947137 0.083700 0.951542 0.083700 0.955947 0.079295 0.960352 0.079295 0.964758 0.083700 0.969163 0.083700 0.973568 0.088106 0.977974 0.092511 0.977974 0.096916 0.982379 0.096916 0.995595 0.132159 0.995595 0.132159 0.991189 0.127753 0.986784 0.110132 0.986784 0.105727 0.982379 0.101322 0.982379 0.096916 0.977974 0.096916 0.955947
0 0.497797 0.929515 0.493392 0.933921 0.493392 0.938326 0.506608 0.951542 0.506608 0.977974 0.515419 0.986784 0.515419 0.995595 0.528634 0.995595 0.528634 0.969163 0.524229 0.964758 0.524229 0.960352 0.511013 0.947137 0.511013 0.938326 0.502203 0.929515
0 0.951542 0.907489 0.942731 0.916300 0.938326 0.916300 0.933921 0.920705 0.929515 0.920705 0.925110 0.916300 0.911894 0.929515 0.907489 0.929515 0.898678 0.938326 0.894273 0.938326 0.889868 0.942731 0.885463 0.942731 0.881057 0.938326 0.872247 0.947137 0.872247 0.951542 0.876652 0.955947 0.881057 0.955947 0.885463 0.951542 0.894273 0.951542 0.898678 0.955947 0.903084 0.955947 0.920705 0.973568 0.920705 0.982379 0.916300 0.986784 0.911894 0.986784 0.907489 0.991189 0.903084 0.986784 0.894273 0.986784 0.889868 0.991189 0.889868 0.995595 0.938326 0.995595 0.938326 0.977974 0.951542 0.964758 0.951542 0.960352 0.947137 0.955947 0.947137 0.951542 0.942731 0.947137 0.942731 0.942731 0.938326 0.938326 0.938326 0.929515 0.942731 0.925110 0.947137 0.925110 0.955947 0.916300 0.955947 0.911894
0 0.475771 0.916300 0.471366 0.911894 0.471366 0.907489 0.466960 0.903084 0.458150 0.903084 0.449339 0.911894 0.444934 0.911894 0.440529 0.916300 0.436123 0.911894 0.431718 0.916300 0.427313 0.911894 0.418502 0.911894 0.409692 0.920705 0.409692 0.925110 0.414097 0.929515 0.422908 0.920705 0.427313 0.920705 0.431718 0.916300 0.436123 0.920705 0.440529 0.916300 0.444934 0.916300 0.449339 0.920705 0.453745 0.920705 0.458150 0.925110 0.466960 0.925110
0 0.105727 0.898678 0.096916 0.907489 0.101322 0.911894 0.101322 0.916300 0.105727 0.920705 0.118943 0.920705 0.123348 0.925110 0.127753 0.920705 0.127753 0.907489 0.123348 0.903084 0.110132 0.903084
0 0.629956 0.898678 0.634361 0.903084 0.634361 0.907489 0.643172 0.916300 0.643172 0.920705 0.647577 0.925110 0.656388 0.925110 0.660793 0.929515 0.665198 0.929515 0.669604 0.933921 0.674009 0.933921 0.678414 0.938326 0.682819 0.938326 0.687225 0.942731 0.691630 0.938326 0.696035 0.942731 0.700441 0.938326 0.700441 0.933921 0.696035 0.929515 0.691630 0.929515 0.678414 0.916300 0.674009 0.920705 0.665198 0.920705 0.660793 0.916300 0.656388 0.916300 0.651982 0.911894 0.651982 0.907489 0.638767 0.894273 0.634361 0.894273
0 0.555066 0.881057 0.550661 0.885463 0.550661 0.889868 0.563877 0.903084 0.563877 0.911894 0.572687 0.920705 0.572687 0.929515 0.577093 0.933921 0.577093 0.955947 0.572687 0.960352 0.572687 0.969163 0.577093 0.973568 0.585903 0.973568 0.599119 0.960352 0.599119 0.942731 0.594714 0.938326 0.594714 0.929515 0.590308 0.925110 0.590308 0.920705 0.585903 0.916300 0.585903 0.907489 0.581498 0.903084 0.581498 0.898678 0.572687 0.889868 0.568282 0.889868 0.559471 0.881057
0 0.837004 0.898678 0.841410 0.903084 0.845815 0.898678 0.854626 0.898678 0.859031 0.894273 0.863436 0.898678 0.867841 0.898678 0.872247 0.894273 0.876652 0.898678 0.903084 0.898678 0.907489 0.894273 0.911894 0.894273 0.916300 0.889868 0.907489 0.881057 0.903084 0.885463 0.898678 0.885463 0.894273 0.881057 0.889868 0.881057 0.885463 0.876652 0.881057 0.876652 0.876652 0.872247 0.872247 0.872247 0.863436 0.881057 0.859031 0.881057 0.854626 0.885463 0.845815 0.885463 0.837004 0.894273
0 0.000000 0.876652 0.000000 0.889868 0.017621 0.889868 0.022026 0.885463 0.030837 0.885463 0.035242 0.881057 0.039648 0.881057 0.044053 0.885463 0.048458 0.885463 0.052863 0.889868 0.052863 0.898678 0.057269 0.903084 0.061674 0.903084 0.066079 0.898678 0.066079 0.885463 0.070485 0.881057 0.070485 0.876652 0.061674 0.867841 0.057269 0.872247 0.052863 0.872247 0.048458 0.876652 0.039648 0.876652 0.035242 0.872247 0.030837 0.872247 0.026432 0.867841 0.022026 0.872247 0.017621 0.872247 0.013216 0.876652
0 0.775330 0.832599 0.770925 0.837004 0.766520 0.832599 0.757709 0.841410 0.757709 0.845815 0.753304 0.850220 0.748899 0.850220 0.744493 0.854626 0.757709 0.867841 0.766520 0.867841 0.770925 0.872247 0.779736 0.863436 0.779736 0.854626 0.775330 0.850220
0 0.105727 0.845815 0.123348 0.859031 0.132159 0.854626 0.140969 0.859031 0.162996 0.881057 0.167401 0.881057 0.180617 0.903084 0.180617 0.911894 0.189427 0.920705 0.207048 0.925110 0.237885 0.947137 0.246696 0.947137 0.259912 0.955947 0.264317 0.951542 0.290749 0.969163 0.303965 0.969163 0.312775 0.973568 0.321586 0.982379 0.325991 0.995595 0.343612 0.995595 0.348018 0.986784 0.365639 0.977974 0.356828 0.969163 0.352423 0.951542 0.374449 0.920705 0.378855 0.903084 0.392070 0.894273 0.392070 0.876652 0.409692 0.867841 0.418502 0.859031 0.414097 0.854626 0.387665 0.854626 0.370044 0.841410 0.361233 0.841410 0.343612 0.850220 0.352423 0.863436 0.361233 0.863436 0.365639 0.859031 0.383260 0.863436 0.392070 0.872247 0.392070 0.881057 0.383260 0.885463 0.374449 0.903084 0.361233 0.911894 0.361233 0.925110 0.339207 0.942731 0.339207 0.951542 0.321586 0.960352 0.312775 0.955947 0.299559 0.938326 0.264317 0.920705 0.255507 0.920705 0.237885 0.933921 0.215859 0.920705 0.215859 0.911894 0.224670 0.903084 0.224670 0.894273 0.207048 0.876652 0.207048 0.863436 0.202643 0.859031 0.193833 0.859031 0.189427 0.863436 0.176211 0.859031 0.162996 0.832599 0.158590 0.837004 0.154185 0.832599 0.149780 0.841410 0.136564 0.850220 0.114537 0.832599
0 0.625551 0.841410 0.612335 0.828194 0.607930 0.828194 0.599119 0.819383 0.559471 0.819383 0.546256 0.832599 0.541850 0.832599 0.537445 0.837004 0.533040 0.832599 0.528634 0.832599 0.524229 0.828194 0.519824 0.828194 0.515419 0.832599 0.515419 0.837004 0.511013 0.841410 0.511013 0.850220 0.515419 0.854626 0.515419 0.863436 0.506608 0.872247 0.506608 0.876652 0.502203 0.881057 0.502203 0.898678 0.515419 0.911894 0.519824 0.907489 0.519824 0.894273 0.524229 0.889868 0.524229 0.885463 0.519824 0.881057 0.519824 0.863436 0.524229 0.859031 0.528634 0.859031 0.533040 0.854626 0.533040 0.845815 0.537445 0.841410 0.541850 0.841410 0.546256 0.837004 0.550661 0.841410 0.555066 0.841410 0.559471 0.845815 0.559471 0.859031 0.563877 0.863436 0.568282 0.863436 0.572687 0.859031 0.577093 0.859031 0.581498 0.854626 0.585903 0.859031 0.590308 0.859031 0.594714 0.863436 0.599119 0.863436 0.607930 0.872247 0.612335 0.872247 0.616740 0.867841 0.612335 0.863436 0.612335 0.854626 0.616740 0.850220 0.621145 0.850220 0.625551 0.845815
0 0.933921 0.810573 0.929515 0.814978 0.929515 0.828194 0.933921 0.832599 0.938326 0.832599 0.942731 0.837004 0.942731 0.850220 0.951542 0.859031 0.955947 0.854626 0.964758 0.854626 0.969163 0.850220 0.969163 0.845815 0.973568 0.841410 0.969163 0.837004 0.964758 0.837004 0.960352 0.832599 0.955947 0.832599 0.951542 0.828194 0.951542 0.819383 0.942731 0.810573
0 0.462555 0.784141 0.458150 0.779736 0.453745 0.779736 0.449339 0.775330 0.440529 0.784141 0.436123 0.784141 0.431718 0.788546 0.431718 0.792952 0.427313 0.797357 0.422908 0.797357 0.418502 0.801762 0.414097 0.797357 0.409692 0.801762 0.405286 0.801762 0.396476 0.810573 0.405286 0.819383 0.409692 0.819383 0.414097 0.823789 0.422908 0.814978 0.422908 0.806167 0.427313 0.801762 0.431718 0.801762 0.436123 0.797357 0.440529 0.797357 0.444934 0.801762 0.449339 0.797357 0.453745 0.797357 0.462555 0.788546
0 0.251101 0.770925 0.242291 0.779736 0.242291 0.788546 0.237885 0.792952 0.233480 0.792952 0.229075 0.797357 0.224670 0.797357 0.211454 0.810573 0.215859 0.814978 0.224670 0.814978 0.229075 0.819383 0.233480 0.814978 0.237885 0.814978 0.246696 0.806167 0.246696 0.784141 0.255507 0.775330
0 0.334802 0.762115 0.325991 0.770925 0.325991 0.779736 0.321586 0.784141 0.317181 0.784141 0.303965 0.797357 0.303965 0.828194 0.290749 0.841410 0.286344 0.841410 0.281938 0.845815 0.277533 0.845815 0.273128 0.841410 0.264317 0.841410 0.259912 0.837004 0.251101 0.837004 0.246696 0.841410 0.246696 0.854626 0.251101 0.859031 0.255507 0.854626 0.259912 0.854626 0.264317 0.859031 0.273128 0.859031 0.277533 0.863436 0.281938 0.863436 0.286344 0.867841 0.286344 0.876652 0.273128 0.889868 0.281938 0.898678 0.286344 0.898678 0.290749 0.903084 0.295154 0.903084 0.303965 0.894273 0.299559 0.889868 0.299559 0.885463 0.295154 0.881057 0.290749 0.881057 0.286344 0.876652 0.286344 0.867841 0.290749 0.863436 0.295154 0.863436 0.303965 0.854626 0.303965 0.850220 0.321586 0.832599 0.325991 0.832599 0.330396 0.828194 0.325991 0.823789 0.325991 0.814978 0.321586 0.810573 0.321586 0.797357 0.330396 0.788546 0.334802 0.788546 0.343612 0.779736 0.343612 0.775330 0.339207 0.770925 0.339207 0.766520
0 0.590308 0.726872 0.585903 0.731278 0.590308 0.735683 0.590308 0.744493 0.585903 0.748899 0.585903 0.762115 0.581498 0.766520 0.577093 0.766520 0.572687 0.770925 0.568282 0.766520 0.559471 0.766520 0.555066 0.770925 0.555066 0.775330 0.559471 0.779736 0.577093 0.779736 0.581498 0.784141 0.585903 0.784141 0.590308 0.788546 0.599119 0.788546 0.603524 0.784141 0.590308 0.770925 0.590308 0.757709 0.594714 0.753304 0.599119 0.753304 0.607930 0.744493 0.607930 0.735683 0.603524 0.731278 0.599119 0.731278 0.594714 0.726872
0 0.665198 0.709251 0.660793 0.709251 0.651982 0.700441 0.647577 0.700441 0.643172 0.696035 0.638767 0.700441 0.629956 0.700441 0.625551 0.704846 0.621145 0.704846 0.616740 0.709251 0.621145 0.713656 0.621145 0.718062 0.625551 0.722467 0.638767 0.722467 0.643172 0.718062 0.651982 0.718062 0.660793 0.709251
0 0.872247 0.678414 0.867841 0.682819 0.867841 0.687225 0.863436 0.691630 0.863436 0.696035 0.859031 0.700441 0.859031 0.709251 0.867841 0.718062 0.872247 0.718062 0.881057 0.726872 0.889868 0.726872 0.894273 0.722467 0.894273 0.718062 0.885463 0.709251 0.885463 0.687225 0.876652 0.678414
0 0.775330 0.660793 0.762115 0.674009 0.762115 0.678414 0.753304 0.691630 0.740088 0.696035 0.735683 0.691630 0.709251 0.691630 0.704846 0.687225 0.682819 0.709251 0.678414 0.709251 0.687225 0.722467 0.691630 0.722467 0.709251 0.709251 0.722467 0.709251 0.735683 0.718062 0.735683 0.726872 0.726872 0.735683 0.726872 0.748899 0.731278 0.753304 0.731278 0.770925 0.709251 0.784141 0.713656 0.788546 0.713656 0.797357 0.709251 0.801762 0.704846 0.801762 0.700441 0.806167 0.687225 0.806167 0.682819 0.810573 0.682819 0.814978 0.687225 0.819383 0.687225 0.832599 0.691630 0.837004 0.704846 0.837004 0.709251 0.841410 0.713656 0.841410 0.731278 0.823789 0.731278 0.819383 0.740088 0.810573 0.740088 0.806167 0.757709 0.792952 0.762115 0.797357 0.766520 0.797357 0.779736 0.810573 0.779736 0.814978 0.784141 0.819383 0.784141 0.828194 0.788546 0.823789 0.792952 0.828194 0.797357 0.823789 0.797357 0.814978 0.814978 0.797357 0.801762 0.779736 0.792952 0.779736 0.788546 0.784141 0.784141 0.779736 0.779736 0.779736 0.766520 0.766520 0.757709 0.766520 0.744493 0.757709 0.744493 0.748899 0.740088 0.744493 0.740088 0.726872 0.744493 0.722467 0.748899 0.722467 0.753304 0.718062 0.762115 0.718062 0.766520 0.722467 0.770925 0.722467 0.792952 0.744493 0.814978 0.753304 0.828194 0.766520 0.832599 0.762115 0.832599 0.748899 0.841410 0.740088 0.832599 0.731278 0.819383 0.726872 0.810573 0.718062 0.806167 0.718062 0.801762 0.722467 0.788546 0.713656 0.788546 0.700441 0.779736 0.691630 0.779736 0.665198
0 0.568282 0.634361 0.559471 0.625551 0.555066 0.629956 0.550661 0.629956 0.533040 0.647577 0.533040 0.651982 0.515419 0.669604 0.511013 0.669604 0.506608 0.674009 0.497797 0.674009 0.493392 0.678414 0.488987 0.678414 0.480176 0.687225 0.488987 0.696035 0.493392 0.691630 0.502203 0.691630 0.506608 0.687225 0.511013 0.687225 0.515419 0.691630 0.519824 0.691630 0.528634 0.682819 0.528634 0.678414 0.533040 0.674009 0.537445 0.674009 0.541850 0.669604 0.546256 0.669604 0.550661 0.665198 0.550661 0.656388 0.555066 0.651982 0.555066 0.647577
0 0.480176 0.629956 0.475771 0.625551 0.458150 0.625551 0.453745 0.629956 0.453745 0.634361 0.449339 0.638767 0.449339 0.643172 0.436123 0.656388 0.436123 0.665198 0.431718 0.669604 0.427313 0.669604 0.422908 0.674009 0.418502 0.674009 0.414097 0.669604 0.405286 0.669604 0.400881 0.674009 0.400881 0.687225 0.405286 0.691630 0.414097 0.691630 0.418502 0.687225 0.418502 0.678414 0.422908 0.674009 0.427313 0.674009 0.431718 0.669604 0.436123 0.674009 0.440529 0.674009 0.444934 0.678414 0.449339 0.678414 0.453745 0.674009 0.453745 0.660793 0.458150 0.656388 0.458150 0.647577 0.462555 0.643172 0.466960 0.643172 0.471366 0.638767 0.475771 0.638767 0.480176 0.634361
0 0.960352 0.612335 0.951542 0.612335 0.947137 0.616740 0.933921 0.616740 0.929515 0.621145 0.920705 0.621145 0.911894 0.629956 0.911894 0.634361 0.898678 0.647577 0.907489 0.656388 0.911894 0.651982 0.920705 0.651982 0.925110 0.656388 0.929515 0.651982 0.933921 0.651982 0.938326 0.656388 0.942731 0.656388 0.973568 0.687225 0.977974 0.687225 0.982379 0.691630 0.982379 0.700441 0.969163 0.713656 0.964758 0.713656 0.951542 0.722467 0.938326 0.722467 0.933921 0.718062 0.929515 0.722467 0.929515 0.726872 0.916300 0.740088 0.916300 0.748899 0.911894 0.753304 0.911894 0.757709 0.916300 0.762115 0.916300 0.770925 0.911894 0.775330 0.911894 0.779736 0.903084 0.788546 0.898678 0.788546 0.894273 0.792952 0.894273 0.801762 0.898678 0.806167 0.907489 0.797357 0.907489 0.792952 0.916300 0.784141 0.920705 0.784141 0.925110 0.779736 0.925110 0.766520 0.938326 0.753304 0.938326 0.744493 0.933921 0.740088 0.933921 0.731278 0.947137 0.722467 0.951542 0.726872 0.955947 0.726872 0.964758 0.735683 0.964758 0.753304 0.960352 0.757709 0.960352 0.766520 0.982379 0.788546 0.986784 0.784141 0.991189 0.784141 0.991189 0.779736 0.986784 0.779736 0.973568 0.766520 0.973568 0.744493 0.986784 0.731278 0.991189 0.731278 0.995595 0.726872 0.995595 0.691630 0.982379 0.682819 0.982379 0.665198 0.986784 0.660793 0.991189 0.660793 0.995595 0.656388 0.995595 0.651982 0.991189 0.647577 0.986784 0.647577 0.964758 0.634361 0.964758 0.616740
0 0.299559 0.581498 0.295154 0.585903 0.295154 0.603524 0.299559 0.607930 0.299559 0.612335 0.303965 0.616740 0.308370 0.616740 0.312775 0.621145 0.317181 0.621145 0.325991 0.612335 0.312775 0.599119 0.312775 0.594714 0.308370 0.590308 0.308370 0.585903 0.303965 0.581498
0 0.581498 0.572687 0.572687 0.581498 0.572687 0.585903 0.577093 0.590308 0.581498 0.590308 0.585903 0.594714 0.585903 0.603524 0.594714 0.612335 0.603524 0.612335 0.607930 0.607930 0.603524 0.603524 0.603524 0.594714
0 0.960352 0.546256 0.951542 0.555066 0.951542 0.559471 0.947137 0.563877 0.955947 0.572687 0.964758 0.572687 0.969163 0.577093 0.973568 0.577093 0.977974 0.581498 0.982379 0.581498 0.986784 0.585903 0.986784 0.594714 0.991189 0.599119 0.995595 0.599119 0.995595 0.572687 0.991189 0.568282 0.986784 0.568282 0.973568 0.555066 0.969163 0.555066
0 0.101322 0.524229 0.092511 0.533040 0.092511 0.541850 0.096916 0.546256 0.096916 0.559471 0.088106 0.568282 0.088106 0.590308 0.083700 0.594714 0.079295 0.594714 0.083700 0.599119 0.083700 0.603524 0.088106 0.607930 0.088106 0.616740 0.079295 0.625551 0.079295 0.629956 0.074890 0.634361 0.074890 0.647577 0.079295 0.651982 0.092511 0.651982 0.096916 0.647577 0.092511 0.643172 0.092511 0.616740 0.096916 0.612335 0.096916 0.590308 0.110132 0.577093 0.110132 0.572687 0.114537 0.568282 0.110132 0.563877 0.110132 0.555066 0.105727 0.550661 0.105727 0.528634
0 0.356828 0.488987 0.352423 0.488987 0.348018 0.493392 0.343612 0.493392 0.339207 0.497797 0.339207 0.519824 0.343612 0.524229 0.352423 0.524229 0.356828 0.519824 0.352423 0.515419 0.352423 0.506608 0.356828 0.502203
0 0.246696 0.475771 0.242291 0.475771 0.237885 0.480176 0.229075 0.480176 0.220264 0.488987 0.233480 0.502203 0.242291 0.502203 0.251101 0.493392 0.251101 0.488987 0.255507 0.484582
0 0.788546 0.466960 0.784141 0.462555 0.775330 0.462555 0.762115 0.475771 0.757709 0.475771 0.748899 0.484582 0.748899 0.493392 0.753304 0.497797 0.762115 0.497797 0.770925 0.488987 0.775330 0.488987 0.788546 0.475771
0 0.140969 0.462555 0.136564 0.466960 0.140969 0.471366 0.140969 0.475771 0.145374 0.480176 0.145374 0.484582 0.149780 0.488987 0.149780 0.493392 0.154185 0.497797 0.154185 0.506608 0.145374 0.515419 0.140969 0.515419 0.136564 0.519824 0.136564 0.528634 0.140969 0.533040 0.145374 0.528634 0.149780 0.528634 0.154185 0.524229 0.158590 0.524229 0.162996 0.519824 0.167401 0.524229 0.171806 0.524229 0.176211 0.528634 0.180617 0.524229 0.180617 0.519824 0.176211 0.515419 0.176211 0.511013 0.171806 0.506608 0.171806 0.502203 0.154185 0.484582 0.154185 0.475771 0.149780 0.471366 0.149780 0.466960 0.145374 0.462555
0 0.656388 0.431718 0.647577 0.440529 0.647577 0.449339 0.651982 0.453745 0.651982 0.466960 0.656388 0.471366 0.656388 0.475771 0.665198 0.484582 0.669604 0.484582 0.678414 0.493392 0.678414 0.506608 0.674009 0.511013 0.674009 0.537445 0.682819 0.546256 0.687225 0.546256 0.691630 0.541850 0.691630 0.533040 0.696035 0.528634 0.696035 0.497797 0.691630 0.493392 0.687225 0.497797 0.682819 0.493392 0.678414 0.493392 0.674009 0.488987 0.674009 0.440529 0.665198 0.431718
0 0.713656 0.422908 0.709251 0.427313 0.713656 0.431718 0.713656 0.436123 0.718062 0.440529 0.718062 0.444934 0.726872 0.453745 0.735683 0.444934 0.735683 0.431718 0.731278 0.427313 0.726872 0.427313 0.722467 0.422908
0 0.440529 0.422908 0.422908 0.440529 0.422908 0.449339 0.427313 0.453745 0.427313 0.458150 0.436123 0.466960 0.444934 0.466960 0.449339 0.471366 0.453745 0.466960 0.453745 0.462555 0.458150 0.458150 0.462555 0.458150 0.466960 0.453745 0.471366 0.453745 0.475771 0.449339 0.475771 0.444934 0.458150 0.427313 0.444934 0.427313
0 0.378855 0.418502 0.374449 0.422908 0.374449 0.431718 0.370044 0.436123 0.370044 0.449339 0.365639 0.453745 0.365639 0.466960 0.361233 0.471366 0.361233 0.475771 0.365639 0.475771 0.378855 0.462555 0.383260 0.462555 0.387665 0.458150 0.387665 0.453745 0.392070 0.449339 0.387665 0.444934 0.387665 0.436123 0.383260 0.431718 0.383260 0.422908
0 0.616740 0.365639 0.612335 0.370044 0.612335 0.374449 0.629956 0.392070 0.629956 0.396476 0.634361 0.400881 0.634361 0.405286 0.638767 0.409692 0.647577 0.400881 0.647577 0.387665 0.634361 0.374449 0.634361 0.370044 0.629956 0.365639
0 0.533040 0.361233 0.524229 0.370044 0.524229 0.392070 0.515419 0.400881 0.515419 0.409692 0.519824 0.414097 0.524229 0.414097 0.528634 0.418502 0.533040 0.418502 0.541850 0.427313 0.541850 0.431718 0.546256 0.436123 0.550661 0.436123 0.559471 0.427313 0.550661 0.418502 0.546256 0.418502 0.541850 0.414097 0.541850 0.409692 0.537445 0.405286 0.537445 0.387665 0.550661 0.374449 0.537445 0.361233
0 0.444934 0.361233 0.440529 0.356828 0.418502 0.356828 0.409692 0.365639 0.409692 0.370044 0.400881 0.378855 0.400881 0.383260 0.396476 0.387665 0.405286 0.396476 0.418502 0.396476 0.422908 0.392070 0.422908 0.378855 0.436123 0.365639 0.440529 0.365639
0 0.259912 0.339207 0.251101 0.348018 0.251101 0.352423 0.246696 0.356828 0.246696 0.365639 0.242291 0.370044 0.242291 0.374449 0.246696 0.378855 0.246696 0.392070 0.251101 0.396476 0.255507 0.396476 0.268722 0.383260 0.268722 0.374449 0.264317 0.370044 0.264317 0.343612
0 0.211454 0.299559 0.202643 0.299559 0.193833 0.308370 0.193833 0.321586 0.189427 0.325991 0.185022 0.325991 0.180617 0.330396 0.176211 0.330396 0.171806 0.334802 0.171806 0.356828 0.176211 0.361233 0.180617 0.361233 0.185022 0.356828 0.185022 0.352423 0.193833 0.343612 0.193833 0.325991 0.198238 0.321586 0.202643 0.321586 0.211454 0.312775 0.215859 0.312775 0.220264 0.308370
0 0.911894 0.237885 0.907489 0.242291 0.907489 0.255507 0.898678 0.264317 0.903084 0.268722 0.903084 0.273128 0.916300 0.286344 0.925110 0.277533 0.929515 0.277533 0.933921 0.273128 0.938326 0.277533 0.942731 0.277533 0.947137 0.281938 0.947137 0.290749 0.942731 0.295154 0.938326 0.295154 0.933921 0.299559 0.973568 0.339207 0.973568 0.356828 0.977974 0.361233 0.986784 0.352423 0.991189 0.352423 0.986784 0.352423 0.977974 0.343612 0.977974 0.325991 0.973568 0.321586 0.973568 0.317181 0.960352 0.303965 0.955947 0.303965 0.951542 0.299559 0.951542 0.290749 0.960352 0.281938 0.947137 0.268722 0.942731 0.268722 0.938326 0.264317 0.933921 0.264317 0.916300 0.246696 0.916300 0.242291
0 0.819383 0.237885 0.814978 0.242291 0.814978 0.246696 0.819383 0.251101 0.819383 0.255507 0.823789 0.259912 0.823789 0.264317 0.828194 0.268722 0.828194 0.277533 0.832599 0.281938 0.837004 0.277533 0.841410 0.281938 0.845815 0.277533 0.845815 0.273128 0.850220 0.268722 0.850220 0.264317 0.841410 0.255507 0.841410 0.251101 0.828194 0.237885
0 0.110132 0.233480 0.105727 0.233480 0.101322 0.237885 0.101322 0.259912 0.092511 0.268722 0.092511 0.277533 0.096916 0.281938 0.101322 0.281938 0.105727 0.286344 0.114537 0.277533 0.114537 0.255507 0.118943 0.251101 0.118943 0.242291
0 0.585903 0.211454 0.581498 0.215859 0.577093 0.215859 0.563877 0.229075 0.563877 0.233480 0.572687 0.242291 0.577093 0.237885 0.585903 0.237885 0.594714 0.229075 0.594714 0.220264
0 0.405286 0.193833 0.392070 0.193833 0.378855 0.207048 0.378855 0.211454 0.387665 0.220264 0.392070 0.220264 0.409692 0.202643 0.409692 0.198238
0 0.052863 0.176211 0.048458 0.180617 0.048458 0.185022 0.044053 0.189427 0.044053 0.198238 0.035242 0.207048 0.035242 0.220264 0.039648 0.224670 0.048458 0.224670 0.052863 0.220264 0.052863 0.198238 0.057269 0.193833 0.057269 0.180617
0 0.352423 0.136564 0.356828 0.140969 0.361233 0.136564 0.365639 0.136564 0.370044 0.132159 0.374449 0.132159 0.378855 0.136564 0.383260 0.136564 0.392070 0.145374 0.392070 0.162996 0.387665 0.167401 0.392070 0.171806 0.409692 0.154185 0.409692 0.149780 0.396476 0.136564 0.392070 0.136564 0.387665 0.132159 0.383260 0.132159 0.378855 0.127753 0.374449 0.132159 0.370044 0.132159 0.365639 0.127753 0.361233 0.127753
0 0.916300 0.123348 0.907489 0.132159 0.907489 0.149780 0.916300 0.158590 0.920705 0.154185 0.925110 0.158590 0.929515 0.154185 0.929515 0.132159 0.920705 0.123348
0 0.079295 0.132159 0.074890 0.127753 0.074890 0.123348 0.066079 0.114537 0.061674 0.118943 0.057269 0.118943 0.048458 0.127753 0.044053 0.127753 0.039648 0.132159 0.035242 0.127753 0.022026 0.127753 0.017621 0.132159 0.000000 0.132159 0.000000 0.149780 0.004405 0.149780 0.008811 0.154185 0.017621 0.154185 0.022026 0.149780 0.030837 0.149780 0.035242 0.145374 0.035242 0.140969 0.039648 0.136564 0.044053 0.136564 0.048458 0.132159 0.052863 0.132159 0.057269 0.136564 0.061674 0.136564 0.070485 0.145374 0.074890 0.140969 0.074890 0.136564
0 0.955947 0.039648 0.947137 0.048458 0.947137 0.066079 0.951542 0.070485 0.951542 0.074890 0.964758 0.088106 0.969163 0.088106 0.973568 0.092511 0.977974 0.092511 0.982379 0.096916 0.991189 0.096916 0.995595 0.101322 0.995595 0.083700 0.986784 0.083700 0.982379 0.079295 0.977974 0.079295 0.973568 0.074890 0.973568 0.070485 0.964758 0.061674 0.964758 0.057269 0.960352 0.052863 0.960352 0.044053
0 0.696035 0.017621 0.696035 0.022026 0.704846 0.030837 0.704846 0.035242 0.713656 0.044053 0.713656 0.048458 0.722467 0.057269 0.722467 0.061674 0.731278 0.074890 0.735683 0.070485 0.740088 0.070485 0.744493 0.074890 0.753304 0.074890 0.757709 0.079295 0.762115 0.079295 0.784141 0.101322 0.788546 0.114537 0.823789 0.140969 0.823789 0.158590 0.828194 0.162996 0.828194 0.176211 0.837004 0.185022 0.837004 0.198238 0.841410 0.202643 0.854626 0.207048 0.872247 0.220264 0.876652 0.220264 0.889868 0.211454 0.898678 0.211454 0.911894 0.220264 0.920705 0.220264 0.925110 0.215859 0.925110 0.211454 0.907489 0.198238 0.903084 0.198238 0.898678 0.202643 0.898678 0.207048 0.885463 0.215859 0.867841 0.202643 0.863436 0.202643 0.845815 0.185022 0.845815 0.180617 0.837004 0.171806 0.837004 0.162996 0.832599 0.158590 0.832599 0.140969 0.828194 0.136564 0.828194 0.132159 0.819383 0.123348 0.806167 0.118943 0.797357 0.110132 0.792952 0.096916 0.779736 0.083700 0.779736 0.070485 0.792952 0.061674 0.788546 0.057269 0.788546 0.048458 0.792952 0.044053 0.792952 0.030837 0.788546 0.026432 0.788546 0.008811 0.792952 0.004405 0.792952 0.000000 0.775330 0.000000 0.779736 0.004405 0.779736 0.013216 0.766520 0.030837 0.766520 0.057269 0.753304 0.066079 0.740088 0.061674 0.722467 0.044053 0.722467 0.039648 0.713656 0.030837 0.713656 0.026432 0.700441 0.013216
0 0.572687 0.000000 0.563877 0.017621 0.519824 0.035242 0.533040 0.088106 0.515419 0.105727 0.524229 0.118943 0.515419 0.145374 0.524229 0.154185 0.563877 0.114537 0.563877 0.066079 0.590308 0.048458 0.674009 0.127753 0.682819 0.158590 0.674009 0.180617 0.704846 0.211454 0.744493 0.220264 0.762115 0.251101 0.748899 0.259912 0.700441 0.220264 0.682819 0.224670 0.585903 0.167401 0.550661 0.171806 0.506608 0.198238 0.484582 0.189427 0.475771 0.207048 0.528634 0.215859 0.541850 0.189427 0.577093 0.176211 0.669604 0.233480 0.700441 0.237885 0.735683 0.259912 0.740088 0.277533 0.726872 0.286344 0.700441 0.273128 0.669604 0.308370 0.616740 0.321586 0.621145 0.334802 0.687225 0.352423 0.722467 0.348018 0.757709 0.374449 0.788546 0.365639 0.837004 0.383260 0.942731 0.453745 0.925110 0.475771 0.881057 0.444934 0.837004 0.436123 0.832599 0.409692 0.814978 0.422908 0.872247 0.497797 0.920705 0.506608 0.916300 0.524229 0.863436 0.541850 0.837004 0.524229 0.819383 0.488987 0.766520 0.528634 0.784141 0.555066 0.806167 0.550661 0.828194 0.568282 0.814978 0.590308 0.828194 0.616740 0.823789 0.669604 0.810573 0.678414 0.819383 0.696035 0.845815 0.625551 0.867841 0.612335 0.845815 0.590308 0.841410 0.563877 0.911894 0.550661 0.973568 0.480176 0.995595 0.493392 0.995595 0.453745 0.933921 0.396476 0.889868 0.409692 0.845815 0.374449 0.859031 0.356828 0.898678 0.370044 0.903084 0.361233 0.872247 0.339207 0.845815 0.343612 0.819383 0.299559 0.788546 0.295154 0.775330 0.229075 0.792952 0.207048 0.718062 0.123348 0.691630 0.070485 0.669604 0.083700 0.629956 0.052863 0.643172 0.035242 0.660793 0.048458 0.674009 0.035242 0.625551 0.000000 0.634361 0.035242 0.612335 0.044053
0 0.211454 0.000000 0.215859 0.004405 0.220264 0.004405 0.224670 0.008811 0.229075 0.008811 0.233480 0.004405 0.237885 0.004405 0.242291 0.008811 0.251101 0.008811 0.255507 0.004405 0.264317 0.004405 0.268722 0.008811 0.286344 0.008811 0.290749 0.004405 0.290749 0.000000
0 0.088106 0.000000 0.101322 0.035242 0.083700 0.048458 0.083700 0.066079 0.127753 0.105727 0.149780 0.114537 0.149780 0.136564 0.132159 0.167401 0.132159 0.189427 0.140969 0.198238 0.149780 0.189427 0.167401 0.149780 0.167401 0.123348 0.180617 0.114537 0.189427 0.118943 0.207048 0.140969 0.207048 0.149780 0.193833 0.158590 0.193833 0.180617 0.207048 0.189427 0.207048 0.198238 0.193833 0.207048 0.193833 0.220264 0.211454 0.251101 0.229075 0.259912 0.237885 0.277533 0.246696 0.273128 0.281938 0.277533 0.312775 0.255507 0.321586 0.259912 0.334802 0.251101 0.343612 0.233480 0.330396 0.215859 0.325991 0.220264 0.330396 0.242291 0.312775 0.255507 0.299559 0.246696 0.295154 0.229075 0.286344 0.224670 0.268722 0.237885 0.255507 0.237885 0.237885 0.224670 0.233480 0.202643 0.246696 0.193833 0.281938 0.211454 0.286344 0.207048 0.277533 0.193833 0.281938 0.180617 0.290749 0.176211 0.308370 0.180617 0.334802 0.162996 0.330396 0.154185 0.317181 0.162996 0.281938 0.145374 0.281938 0.105727 0.299559 0.092511 0.295154 0.079295 0.312775 0.066079 0.325991 0.070485 0.343612 0.057269 0.365639 0.066079 0.392070 0.061674 0.418502 0.083700 0.440529 0.088106 0.471366 0.114537 0.480176 0.110132 0.414097 0.039648 0.343612 0.017621 0.312775 0.030837 0.299559 0.057269 0.286344 0.066079 0.273128 0.057269 0.264317 0.035242 0.246696 0.026432 0.233480 0.030837 0.220264 0.022026 0.211454 0.026432 0.202643 0.022026 0.198238 0.039648 0.167401 0.070485 0.154185 0.074890 0.136564 0.061674 0.136564 0.052863 0.149780 0.044053 0.154185 0.048458 0.167401 0.035242 0.180617 0.000000 0.154185 0.000000 0.154185 0.017621 0.136564 0.030837 0.123348 0.022026 0.127753 0.000000
