0 0.325991 0.947137 0.321586 0.951542 0.321586 0.955947 0.325991 0.960352 0.325991 0.982379 0.317181 0.991189 0.317181 0.995595 0.339207 0.995595 0.339207 0.982379 0.343612 0.977974 0.343612 0.973568 0.348018 0.969163 0.339207 0.960352 0.334802 0.960352 0.330396 0.955947 0.330396 0.951542
0 0.995595 0.911894 0.986784 0.911894 0.982379 0.916300 0.977974 0.916300 0.973568 0.920705 0.964758 0.920705 0.960352 0.925110 0.955947 0.920705 0.951542 0.920705 0.947137 0.925110 0.942731 0.925110 0.938326 0.929515 0.938326 0.933921 0.947137 0.942731 0.951542 0.942731 0.955947 0.938326 0.960352 0.938326 0.964758 0.933921 0.969163 0.933921 0.973568 0.929515 0.977974 0.929515 0.982379 0.925110 0.995595 0.925110
0 0.837004 0.907489 0.832599 0.907489 0.828194 0.911894 0.828194 0.916300 0.814978 0.929515 0.810573 0.929515 0.797357 0.942731 0.797357 0.947137 0.801762 0.951542 0.801762 0.955947 0.806167 0.960352 0.810573 0.955947 0.814978 0.955947 0.823789 0.947137 0.823789 0.942731 0.828194 0.938326 0.828194 0.933921 0.841410 0.920705 0.841410 0.911894
0 0.396476 0.903084 0.396476 0.907489 0.405286 0.916300 0.422908 0.916300 0.427313 0.920705 0.431718 0.920705 0.436123 0.925110 0.436123 0.929515 0.440529 0.933921 0.462555 0.933921 0.466960 0.929515 0.458150 0.920705 0.453745 0.920705 0.449339 0.916300 0.444934 0.916300 0.440529 0.911894 0.436123 0.911894 0.422908 0.898678 0.414097 0.898678 0.409692 0.894273 0.405286 0.894273
0 0.132159 0.867841 0.127753 0.863436 0.123348 0.863436 0.118943 0.867841 0.110132 0.867841 0.105727 0.872247 0.101322 0.872247 0.096916 0.876652 0.092511 0.876652 0.101322 0.885463 0.105727 0.885463 0.110132 0.889868 0.114537 0.885463 0.118943 0.885463 0.127753 0.876652 0.127753 0.872247
0 0.215859 0.828194 0.224670 0.837004 0.229075 0.837004 0.237885 0.845815 0.242291 0.845815 0.246696 0.841410 0.251101 0.841410 0.259912 0.832599 0.259912 0.828194 0.255507 0.823789 0.237885 0.823789 0.233480 0.828194 0.229075 0.823789 0.224670 0.828194 0.220264 0.823789
0 0.947137 0.819383 0.938326 0.828194 0.938326 0.845815 0.933921 0.850220 0.938326 0.850220 0.951542 0.863436 0.955947 0.859031 0.955947 0.845815 0.951542 0.841410 0.951542 0.823789
0 0.039648 0.819383 0.035242 0.823789 0.039648 0.828194 0.039648 0.832599 0.052863 0.845815 0.052863 0.863436 0.057269 0.867841 0.057269 0.872247 0.066079 0.881057 0.070485 0.881057 0.074890 0.876652 0.079295 0.876652 0.074890 0.872247 0.074890 0.854626 0.066079 0.845815 0.066079 0.841410 0.061674 0.837004 0.061674 0.832599 0.052863 0.823789 0.048458 0.823789 0.044053 0.819383
0 0.515419 0.797357 0.506608 0.797357 0.497797 0.806167 0.493392 0.806167 0.484582 0.814978 0.484582 0.823789 0.493392 0.832599 0.502203 0.832599 0.506608 0.828194 0.511013 0.828194 0.515419 0.823789 0.515419 0.819383 0.519824 0.814978 0.519824 0.801762
0 0.290749 0.797357 0.286344 0.801762 0.290749 0.806167 0.290749 0.814978 0.286344 0.819383 0.286344 0.845815 0.290749 0.850220 0.299559 0.850220 0.303965 0.845815 0.308370 0.845815 0.312775 0.841410 0.321586 0.841410 0.325991 0.845815 0.334802 0.845815 0.339207 0.841410 0.330396 0.832599 0.325991 0.832599 0.321586 0.837004 0.317181 0.837004 0.312775 0.832599 0.308370 0.832599 0.295154 0.819383 0.295154 0.810573 0.299559 0.806167 0.299559 0.801762 0.295154 0.797357
0 0.634361 0.770925 0.634361 0.792952 0.638767 0.797357 0.638767 0.806167 0.634361 0.810573 0.634361 0.819383 0.629956 0.823789 0.629956 0.837004 0.638767 0.845815 0.647577 0.845815 0.651982 0.841410 0.656388 0.841410 0.660793 0.845815 0.665198 0.845815 0.669604 0.850220 0.682819 0.850220 0.691630 0.841410 0.696035 0.841410 0.700441 0.837004 0.704846 0.841410 0.709251 0.841410 0.718062 0.832599 0.718062 0.823789 0.709251 0.814978 0.696035 0.828194 0.691630 0.828194 0.687225 0.832599 0.674009 0.832599 0.669604 0.837004 0.660793 0.837004 0.656388 0.832599 0.651982 0.832599 0.647577 0.828194 0.647577 0.814978 0.651982 0.810573 0.651982 0.806167 0.660793 0.797357 0.656388 0.792952 0.656388 0.788546 0.651982 0.784141 0.651982 0.775330 0.647577 0.770925 0.643172 0.770925 0.638767 0.766520
0 0.026432 0.788546 0.026432 0.797357 0.030837 0.801762 0.035242 0.801762 0.039648 0.797357 0.039648 0.792952 0.044053 0.788546 0.044053 0.784141 0.048458 0.779736 0.052863 0.779736 0.057269 0.775330 0.061674 0.775330 0.066079 0.779736 0.070485 0.779736 0.074890 0.784141 0.074890 0.792952 0.079295 0.797357 0.083700 0.797357 0.088106 0.801762 0.092511 0.801762 0.101322 0.810573 0.105727 0.806167 0.110132 0.806167 0.110132 0.801762 0.096916 0.788546 0.096916 0.784141 0.092511 0.779736 0.092511 0.775330 0.083700 0.766520 0.079295 0.766520 0.074890 0.762115 0.070485 0.762115 0.066079 0.757709 0.052863 0.757709 0.044053 0.766520 0.044053 0.779736 0.039648 0.784141 0.035242 0.784141 0.030837 0.788546
0 0.885463 0.753304 0.876652 0.762115 0.876652 0.770925 0.881057 0.775330 0.881057 0.784141 0.876652 0.788546 0.876652 0.797357 0.881057 0.801762 0.881057 0.814978 0.876652 0.819383 0.876652 0.828194 0.881057 0.832599 0.885463 0.832599 0.889868 0.837004 0.894273 0.837004 0.898678 0.841410 0.898678 0.850220 0.903084 0.854626 0.911894 0.854626 0.916300 0.850220 0.920705 0.850220 0.916300 0.850220 0.911894 0.845815 0.907489 0.845815 0.903084 0.841410 0.898678 0.841410 0.894273 0.837004 0.894273 0.819383 0.889868 0.814978 0.889868 0.801762 0.894273 0.797357 0.889868 0.792952 0.889868 0.779736 0.894273 0.775330 0.898678 0.775330 0.903084 0.770925 0.907489 0.770925 0.916300 0.762115 0.911894 0.757709 0.907489 0.762115 0.903084 0.762115 0.898678 0.757709 0.889868 0.757709
0 0.325991 0.748899 0.321586 0.753304 0.312775 0.753304 0.303965 0.762115 0.303965 0.775330 0.312775 0.784141 0.317181 0.779736 0.321586 0.779736 0.339207 0.762115
0 0.246696 0.770925 0.242291 0.766520 0.237885 0.766520 0.233480 0.762115 0.233480 0.753304 0.229075 0.748899 0.224670 0.753304 0.224670 0.779736 0.220264 0.784141 0.215859 0.784141 0.211454 0.788546 0.207048 0.788546 0.202643 0.784141 0.198238 0.784141 0.193833 0.788546 0.189427 0.784141 0.185022 0.784141 0.171806 0.770925 0.167401 0.775330 0.167401 0.779736 0.162996 0.784141 0.180617 0.801762 0.185022 0.801762 0.189427 0.806167 0.211454 0.806167 0.215859 0.801762 0.215859 0.788546 0.220264 0.784141 0.224670 0.784141 0.229075 0.779736 0.242291 0.779736 0.246696 0.775330
0 0.466960 0.731278 0.462555 0.735683 0.462555 0.748899 0.471366 0.757709 0.471366 0.766520 0.475771 0.770925 0.480176 0.770925 0.484582 0.766520 0.484582 0.762115 0.480176 0.757709 0.480176 0.748899 0.484582 0.744493 0.480176 0.740088 0.480176 0.735683 0.475771 0.731278
0 0.378855 0.726872 0.374449 0.731278 0.378855 0.735683 0.383260 0.735683 0.387665 0.740088 0.387665 0.753304 0.392070 0.757709 0.392070 0.762115 0.418502 0.788546 0.418502 0.801762 0.414097 0.806167 0.409692 0.806167 0.405286 0.810573 0.392070 0.810573 0.387665 0.806167 0.383260 0.806167 0.378855 0.801762 0.374449 0.801762 0.356828 0.784141 0.348018 0.792952 0.348018 0.797357 0.352423 0.801762 0.352423 0.806167 0.356828 0.810573 0.361233 0.810573 0.365639 0.814978 0.370044 0.814978 0.374449 0.819383 0.378855 0.819383 0.383260 0.823789 0.405286 0.823789 0.409692 0.819383 0.418502 0.819383 0.422908 0.823789 0.427313 0.823789 0.436123 0.814978 0.436123 0.806167 0.431718 0.801762 0.431718 0.788546 0.436123 0.784141 0.436123 0.779736 0.431718 0.775330 0.431718 0.766520 0.414097 0.748899 0.409692 0.748899 0.400881 0.740088 0.396476 0.740088 0.392070 0.735683 0.387665 0.735683
0 0.788546 0.722467 0.784141 0.726872 0.784141 0.735683 0.792952 0.744493 0.792952 0.757709 0.797357 0.762115 0.801762 0.757709 0.801762 0.744493 0.806167 0.740088 0.806167 0.726872 0.801762 0.722467
0 0.969163 0.696035 0.960352 0.704846 0.960352 0.713656 0.964758 0.718062 0.964758 0.722467 0.973568 0.731278 0.982379 0.722467 0.982379 0.713656 0.986784 0.709251 0.991189 0.709251 0.995595 0.704846 0.991189 0.704846 0.986784 0.700441 0.977974 0.700441 0.973568 0.696035
0 0.563877 0.700441 0.572687 0.709251 0.572687 0.713656 0.585903 0.726872 0.585903 0.735683 0.590308 0.740088 0.594714 0.740088 0.599119 0.735683 0.599119 0.731278 0.594714 0.726872 0.594714 0.709251 0.590308 0.704846 0.590308 0.700441 0.585903 0.696035 0.572687 0.696035 0.568282 0.700441
0 0.176211 0.687225 0.171806 0.691630 0.171806 0.696035 0.167401 0.700441 0.176211 0.709251 0.180617 0.709251 0.185022 0.713656 0.189427 0.713656 0.198238 0.704846 0.198238 0.696035 0.193833 0.691630 0.189427 0.691630 0.185022 0.687225
0 0.264317 0.691630 0.264317 0.696035 0.277533 0.709251 0.295154 0.709251 0.299559 0.704846 0.299559 0.700441 0.303965 0.696035 0.290749 0.682819 0.281938 0.682819 0.277533 0.687225 0.268722 0.687225
0 0.440529 0.678414 0.444934 0.682819 0.453745 0.682819 0.458150 0.678414 0.462555 0.678414 0.471366 0.669604 0.471366 0.665198 0.466960 0.660793 0.449339 0.660793 0.440529 0.669604
0 0.841410 0.651982 0.837004 0.651982 0.832599 0.656388 0.828194 0.656388 0.823789 0.660793 0.823789 0.687225 0.828194 0.691630 0.841410 0.678414 0.841410 0.669604 0.845815 0.665198 0.845815 0.656388
0 0.555066 0.616740 0.546256 0.616740 0.541850 0.621145 0.541850 0.625551 0.537445 0.629956 0.546256 0.638767 0.546256 0.643172 0.550661 0.647577 0.550661 0.660793 0.541850 0.669604 0.541850 0.682819 0.533040 0.691630 0.533040 0.696035 0.528634 0.700441 0.533040 0.704846 0.541850 0.704846 0.546256 0.700441 0.550661 0.700441 0.546256 0.696035 0.546256 0.674009 0.550661 0.669604 0.550661 0.660793 0.568282 0.643172 0.568282 0.625551 0.563877 0.621145 0.559471 0.621145
0 0.312775 0.616740 0.308370 0.621145 0.308370 0.634361 0.303965 0.638767 0.303965 0.643172 0.299559 0.647577 0.299559 0.651982 0.303965 0.656388 0.303965 0.660793 0.312775 0.669604 0.317181 0.669604 0.325991 0.678414 0.325991 0.682819 0.330396 0.687225 0.352423 0.687225 0.356828 0.691630 0.361233 0.687225 0.365639 0.691630 0.374449 0.682819 0.370044 0.678414 0.370044 0.674009 0.365639 0.669604 0.361233 0.674009 0.352423 0.674009 0.348018 0.678414 0.343612 0.678414 0.339207 0.674009 0.334802 0.678414 0.330396 0.678414 0.325991 0.674009 0.321586 0.674009 0.317181 0.669604 0.317181 0.647577 0.330396 0.634361 0.330396 0.625551 0.321586 0.616740
0 0.735683 0.590308 0.731278 0.594714 0.735683 0.599119 0.735683 0.616740 0.731278 0.621145 0.731278 0.651982 0.740088 0.660793 0.744493 0.660793 0.753304 0.651982 0.753304 0.643172 0.748899 0.638767 0.748899 0.607930 0.753304 0.603524 0.753304 0.599119 0.744493 0.590308
0 0.524229 0.594714 0.519824 0.590308 0.511013 0.590308 0.506608 0.594714 0.502203 0.594714 0.493392 0.603524 0.488987 0.603524 0.480176 0.612335 0.475771 0.612335 0.471366 0.616740 0.462555 0.616740 0.458150 0.621145 0.458150 0.625551 0.453745 0.629956 0.458150 0.634361 0.462555 0.629956 0.475771 0.629956 0.480176 0.625551 0.484582 0.625551 0.488987 0.621145 0.506608 0.621145 0.519824 0.607930 0.519824 0.603524 0.524229 0.599119
0 0.995595 0.590308 0.991189 0.594714 0.986784 0.590308 0.982379 0.590308 0.977974 0.585903 0.973568 0.585903 0.960352 0.599119 0.960352 0.603524 0.955947 0.607930 0.960352 0.612335 0.960352 0.621145 0.964758 0.621145 0.969163 0.616740 0.973568 0.616740 0.977974 0.612335 0.986784 0.612335 0.991189 0.607930 0.995595 0.612335
0 0.779736 0.581498 0.779736 0.585903 0.792952 0.599119 0.792952 0.603524 0.801762 0.612335 0.801762 0.621145 0.806167 0.625551 0.814978 0.625551 0.819383 0.629956 0.832599 0.629956 0.845815 0.616740 0.850220 0.616740 0.854626 0.612335 0.859031 0.612335 0.867841 0.603524 0.867841 0.599119 0.872247 0.594714 0.872247 0.577093 0.863436 0.568282 0.854626 0.568282 0.845815 0.577093 0.845815 0.603524 0.841410 0.607930 0.837004 0.607930 0.832599 0.612335 0.823789 0.612335 0.819383 0.607930 0.814978 0.607930 0.801762 0.594714 0.801762 0.572687 0.797357 0.568282 0.792952 0.568282
0 0.449339 0.546256 0.444934 0.550661 0.440529 0.550661 0.436123 0.555066 0.436123 0.563877 0.431718 0.568282 0.431718 0.572687 0.427313 0.577093 0.427313 0.590308 0.431718 0.594714 0.436123 0.594714 0.449339 0.581498 0.449339 0.577093 0.458150 0.568282 0.458150 0.555066
0 0.660793 0.519824 0.656388 0.524229 0.651982 0.524229 0.647577 0.528634 0.647577 0.546256 0.643172 0.550661 0.643172 0.555066 0.647577 0.559471 0.665198 0.541850 0.665198 0.524229
0 0.770925 0.506608 0.766520 0.511013 0.766520 0.533040 0.770925 0.537445 0.779736 0.537445 0.784141 0.533040 0.784141 0.511013 0.779736 0.506608
0 0.497797 0.497797 0.493392 0.502203 0.493392 0.506608 0.488987 0.511013 0.488987 0.515419 0.484582 0.519824 0.480176 0.519824 0.475771 0.524229 0.480176 0.528634 0.484582 0.524229 0.497797 0.524229 0.502203 0.528634 0.506608 0.528634 0.511013 0.533040 0.515419 0.533040 0.519824 0.537445 0.519824 0.550661 0.524229 0.555066 0.537445 0.555066 0.541850 0.550661 0.541850 0.546256 0.537445 0.541850 0.533040 0.541850 0.524229 0.533040 0.524229 0.528634 0.502203 0.506608 0.502203 0.502203
0 0.889868 0.493392 0.881057 0.502203 0.881057 0.511013 0.876652 0.515419 0.876652 0.528634 0.885463 0.537445 0.898678 0.537445 0.903084 0.541850 0.907489 0.541850 0.911894 0.546256 0.916300 0.546256 0.920705 0.550661 0.925110 0.550661 0.925110 0.546256 0.929515 0.541850 0.929515 0.533040 0.925110 0.528634 0.925110 0.524229 0.920705 0.519824 0.916300 0.524229 0.911894 0.524229 0.907489 0.528634 0.903084 0.524229 0.898678 0.524229 0.894273 0.519824 0.894273 0.497797
0 0.647577 0.480176 0.647577 0.484582 0.656388 0.493392 0.660793 0.493392 0.665198 0.497797 0.669604 0.497797 0.674009 0.502203 0.700441 0.502203 0.704846 0.497797 0.700441 0.493392 0.696035 0.493392 0.691630 0.488987 0.687225 0.488987 0.682819 0.484582 0.669604 0.484582 0.665198 0.480176 0.660793 0.480176 0.656388 0.475771 0.651982 0.475771
0 0.000000 0.471366 0.000000 0.484582 0.013216 0.484582 0.017621 0.488987 0.022026 0.488987 0.026432 0.493392 0.044053 0.493392 0.048458 0.488987 0.048458 0.484582 0.044053 0.480176 0.039648 0.480176 0.035242 0.484582 0.030837 0.484582 0.026432 0.480176 0.022026 0.484582 0.017621 0.480176 0.013216 0.480176 0.008811 0.475771 0.008811 0.471366 0.004405 0.466960
0 0.607930 0.462555 0.603524 0.462555 0.599119 0.466960 0.594714 0.466960 0.590308 0.471366 0.590308 0.484582 0.594714 0.488987 0.599119 0.488987 0.603524 0.493392 0.621145 0.475771 0.621145 0.471366 0.616740 0.466960 0.612335 0.466960
0 0.123348 0.453745 0.118943 0.449339 0.105727 0.462555 0.105727 0.466960 0.101322 0.471366 0.101322 0.488987 0.096916 0.493392 0.096916 0.497797 0.092511 0.502203 0.088106 0.502203 0.083700 0.506608 0.079295 0.506608 0.074890 0.511013 0.061674 0.511013 0.057269 0.515419 0.052863 0.515419 0.044053 0.524229 0.039648 0.524229 0.035242 0.528634 0.035242 0.541850 0.030837 0.546256 0.026432 0.546256 0.022026 0.550661 0.004405 0.550661 0.000000 0.555066 0.000000 0.568282 0.022026 0.568282 0.026432 0.563877 0.026432 0.559471 0.030837 0.555066 0.030837 0.550661 0.035242 0.546256 0.039648 0.546256 0.044053 0.541850 0.057269 0.541850 0.079295 0.519824 0.083700 0.519824 0.088106 0.515419 0.092511 0.515419 0.101322 0.506608 0.101322 0.497797 0.118943 0.480176 0.123348 0.480176 0.127753 0.475771 0.127753 0.462555 0.123348 0.458150
0 0.960352 0.436123 0.960352 0.449339 0.964758 0.453745 0.977974 0.453745 0.982379 0.449339 0.986784 0.449339 0.991189 0.444934 0.995595 0.449339 0.995595 0.440529 0.991189 0.444934 0.986784 0.440529 0.982379 0.440529 0.973568 0.431718 0.964758 0.431718
0 0.850220 0.431718 0.845815 0.436123 0.845815 0.449339 0.867841 0.471366 0.872247 0.471366 0.876652 0.475771 0.881057 0.475771 0.885463 0.480176 0.894273 0.471366 0.894273 0.466960 0.885463 0.458150 0.876652 0.458150 0.872247 0.453745 0.867841 0.453745 0.863436 0.449339 0.863436 0.431718 0.859031 0.427313 0.854626 0.431718
0 0.770925 0.422908 0.766520 0.418502 0.762115 0.418502 0.753304 0.409692 0.740088 0.409692 0.731278 0.418502 0.731278 0.431718 0.722467 0.440529 0.726872 0.444934 0.735683 0.436123 0.740088 0.436123 0.744493 0.431718 0.748899 0.431718 0.753304 0.436123 0.757709 0.436123
0 0.969163 0.374449 0.960352 0.383260 0.955947 0.383260 0.951542 0.387665 0.951542 0.396476 0.960352 0.405286 0.964758 0.405286 0.973568 0.396476 0.973568 0.392070 0.977974 0.387665 0.977974 0.383260
0 0.629956 0.370044 0.625551 0.374449 0.625551 0.378855 0.621145 0.383260 0.621145 0.387665 0.629956 0.396476 0.629956 0.409692 0.625551 0.414097 0.621145 0.414097 0.612335 0.422908 0.612335 0.431718 0.616740 0.436123 0.625551 0.436123 0.629956 0.431718 0.634361 0.431718 0.638767 0.436123 0.643172 0.436123 0.647577 0.440529 0.651982 0.440529 0.660793 0.431718 0.651982 0.422908 0.647577 0.422908 0.643172 0.418502 0.638767 0.418502 0.634361 0.414097 0.634361 0.405286 0.638767 0.400881 0.638767 0.378855 0.634361 0.374449 0.634361 0.370044
0 0.638767 0.352423 0.638767 0.361233 0.643172 0.361233 0.647577 0.356828 0.651982 0.356828 0.656388 0.361233 0.660793 0.356828 0.674009 0.356828 0.678414 0.361233 0.682819 0.361233 0.687225 0.356828 0.687225 0.348018 0.682819 0.343612 0.674009 0.343612 0.669604 0.348018 0.656388 0.348018 0.651982 0.343612 0.647577 0.343612
0 0.013216 0.339207 0.008811 0.343612 0.004405 0.343612 0.000000 0.348018 0.000000 0.352423 0.004405 0.356828 0.008811 0.356828 0.026432 0.374449 0.026432 0.396476 0.030837 0.400881 0.035242 0.400881 0.039648 0.396476 0.039648 0.356828 0.035242 0.352423 0.035242 0.348018 0.026432 0.339207
0 0.352423 0.330396 0.348018 0.334802 0.343612 0.334802 0.334802 0.343612 0.334802 0.352423 0.343612 0.361233 0.356828 0.361233 0.361233 0.356828 0.356828 0.352423 0.356828 0.334802
0 0.136564 0.330396 0.127753 0.339207 0.123348 0.339207 0.118943 0.343612 0.114537 0.343612 0.105727 0.352423 0.101322 0.352423 0.096916 0.356828 0.088106 0.356828 0.083700 0.361233 0.083700 0.370044 0.079295 0.374449 0.079295 0.378855 0.074890 0.383260 0.074890 0.392070 0.070485 0.396476 0.070485 0.405286 0.052863 0.422908 0.052863 0.427313 0.057269 0.431718 0.061674 0.431718 0.066079 0.436123 0.074890 0.436123 0.079295 0.440529 0.083700 0.440529 0.088106 0.436123 0.083700 0.431718 0.083700 0.427313 0.079295 0.422908 0.079295 0.418502 0.074890 0.414097 0.074890 0.405286 0.088106 0.392070 0.092511 0.392070 0.096916 0.387665 0.096916 0.383260 0.105727 0.374449 0.105727 0.370044 0.118943 0.356828 0.123348 0.356828 0.127753 0.352423 0.132159 0.352423 0.140969 0.343612 0.140969 0.334802
0 0.211454 0.317181 0.207048 0.317181 0.198238 0.325991 0.198238 0.352423 0.202643 0.356828 0.207048 0.356828 0.215859 0.348018 0.215859 0.343612 0.220264 0.339207 0.220264 0.325991
0 0.898678 0.303965 0.889868 0.303965 0.885463 0.308370 0.885463 0.330396 0.881057 0.334802 0.881057 0.343612 0.885463 0.348018 0.894273 0.339207 0.894273 0.330396 0.907489 0.317181 0.907489 0.312775
0 0.792952 0.299559 0.797357 0.303965 0.797357 0.308370 0.801762 0.312775 0.806167 0.312775 0.819383 0.299559 0.823789 0.299559 0.828194 0.295154 0.841410 0.295154 0.845815 0.290749 0.841410 0.286344 0.823789 0.286344 0.819383 0.281938 0.806167 0.281938 0.792952 0.295154
0 0.409692 0.277533 0.409692 0.281938 0.414097 0.286344 0.418502 0.286344 0.427313 0.295154 0.427313 0.299559 0.436123 0.308370 0.449339 0.308370 0.453745 0.303965 0.453745 0.290749 0.449339 0.286344 0.444934 0.286344 0.440529 0.281938 0.436123 0.281938 0.431718 0.277533 0.427313 0.277533 0.422908 0.273128 0.414097 0.273128
0 0.696035 0.268722 0.691630 0.273128 0.691630 0.281938 0.687225 0.286344 0.682819 0.286344 0.678414 0.290749 0.674009 0.290749 0.669604 0.295154 0.669604 0.303965 0.678414 0.312775 0.691630 0.312775 0.696035 0.308370 0.696035 0.303965 0.700441 0.299559 0.700441 0.295154 0.696035 0.290749 0.696035 0.281938 0.700441 0.277533 0.700441 0.273128
0 0.066079 0.229075 0.061674 0.233480 0.052863 0.233480 0.048458 0.237885 0.048458 0.242291 0.052863 0.246696 0.052863 0.255507 0.048458 0.259912 0.048458 0.268722 0.035242 0.281938 0.035242 0.295154 0.039648 0.299559 0.057269 0.299559 0.061674 0.295154 0.061674 0.286344 0.057269 0.281938 0.057269 0.277533 0.052863 0.273128 0.052863 0.264317 0.057269 0.259912 0.057269 0.255507 0.070485 0.242291 0.070485 0.233480
0 0.277533 0.229075 0.277533 0.237885 0.281938 0.242291 0.286344 0.242291 0.290749 0.246696 0.295154 0.246696 0.312775 0.264317 0.317181 0.264317 0.321586 0.259912 0.325991 0.259912 0.330396 0.255507 0.330396 0.246696 0.325991 0.242291 0.303965 0.242291 0.299559 0.237885 0.295154 0.237885 0.281938 0.224670
0 0.154185 0.211454 0.149780 0.215859 0.154185 0.220264 0.154185 0.229075 0.158590 0.233480 0.158590 0.242291 0.162996 0.246696 0.167401 0.246696 0.185022 0.264317 0.189427 0.264317 0.198238 0.255507 0.198238 0.251101 0.189427 0.242291 0.185022 0.242291 0.176211 0.233480 0.176211 0.229075 0.167401 0.220264 0.162996 0.220264
0 0.700441 0.193833 0.696035 0.198238 0.696035 0.202643 0.691630 0.207048 0.691630 0.211454 0.696035 0.215859 0.700441 0.215859 0.704846 0.220264 0.709251 0.220264 0.713656 0.215859 0.713656 0.211454 0.718062 0.207048 0.718062 0.202643 0.709251 0.193833
0 0.083700 0.167401 0.083700 0.171806 0.096916 0.185022 0.114537 0.185022 0.123348 0.176211 0.114537 0.167401 0.110132 0.171806 0.105727 0.167401 0.101322 0.167401 0.096916 0.162996 0.088106 0.162996
0 0.511013 0.158590 0.511013 0.167401 0.519824 0.176211 0.524229 0.176211 0.528634 0.180617 0.528634 0.185022 0.537445 0.193833 0.546256 0.193833 0.550661 0.189427 0.555066 0.189427 0.559471 0.185022 0.563877 0.185022 0.568282 0.180617 0.568282 0.171806 0.563877 0.167401 0.559471 0.171806 0.555066 0.171806 0.550661 0.176211 0.546256 0.176211 0.541850 0.171806 0.537445 0.171806 0.519824 0.154185 0.515419 0.154185
0 0.290749 0.154185 0.286344 0.158590 0.281938 0.154185 0.277533 0.158590 0.277533 0.162996 0.273128 0.167401 0.273128 0.171806 0.277533 0.176211 0.277533 0.193833 0.273128 0.198238 0.277533 0.202643 0.281938 0.198238 0.281938 0.185022 0.290749 0.176211 0.290749 0.171806 0.295154 0.167401 0.295154 0.158590
0 0.431718 0.149780 0.436123 0.154185 0.440529 0.154185 0.444934 0.158590 0.449339 0.158590 0.453745 0.162996 0.466960 0.162996 0.471366 0.167401 0.475771 0.162996 0.475771 0.149780 0.466960 0.140969 0.449339 0.140969 0.444934 0.145374 0.436123 0.145374
0 0.947137 0.118943 0.929515 0.118943 0.907489 0.140969 0.907489 0.145374 0.903084 0.149780 0.903084 0.162996 0.916300 0.176211 0.920705 0.171806 0.920705 0.167401 0.925110 0.162996 0.925110 0.154185 0.938326 0.140969 0.942731 0.140969 0.947137 0.136564 0.951542 0.136564 0.955947 0.132159 0.955947 0.127753
0 0.286344 0.101322 0.286344 0.105727 0.290749 0.105727 0.312775 0.127753 0.312775 0.132159 0.317181 0.136564 0.321586 0.136564 0.325991 0.132159 0.317181 0.123348 0.317181 0.114537 0.308370 0.105727 0.303965 0.105727 0.295154 0.096916 0.290749 0.101322
0 0.273128 0.101322 0.268722 0.101322 0.264317 0.096916 0.255507 0.105727 0.251101 0.105727 0.246696 0.110132 0.246696 0.114537 0.233480 0.127753 0.233480 0.140969 0.237885 0.145374 0.242291 0.145374 0.251101 0.136564 0.251101 0.132159 0.255507 0.127753 0.255507 0.123348 0.259912 0.118943 0.259912 0.114537 0.264317 0.110132 0.268722 0.110132 0.273128 0.105727 0.277533 0.105727
0 0.484582 0.083700 0.484582 0.092511 0.488987 0.096916 0.488987 0.101322 0.502203 0.114537 0.502203 0.118943 0.506608 0.123348 0.511013 0.123348 0.524229 0.110132 0.528634 0.110132 0.533040 0.105727 0.537445 0.105727 0.541850 0.110132 0.546256 0.110132 0.550661 0.114537 0.555066 0.114537 0.559471 0.110132 0.563877 0.114537 0.581498 0.096916 0.577093 0.092511 0.572687 0.092511 0.568282 0.088106 0.559471 0.096916 0.555066 0.096916 0.550661 0.101322 0.541850 0.101322 0.537445 0.105727 0.533040 0.105727 0.528634 0.110132 0.524229 0.110132 0.519824 0.105727 0.515419 0.105727 0.506608 0.096916 0.506608 0.092511 0.502203 0.088106 0.502203 0.083700 0.497797 0.079295 0.488987 0.079295
0 0.612335 0.074890 0.607930 0.079295 0.607930 0.088106 0.612335 0.092511 0.612335 0.096916 0.616740 0.101322 0.616740 0.105727 0.621145 0.110132 0.629956 0.110132 0.634361 0.105727 0.634361 0.101322 0.629956 0.096916 0.629956 0.092511 0.621145 0.083700 0.621145 0.079295 0.616740 0.074890
0 0.334802 0.052863 0.330396 0.048458 0.325991 0.048458 0.321586 0.044053 0.317181 0.048458 0.312775 0.048458 0.308370 0.052863 0.303965 0.052863 0.299559 0.057269 0.295154 0.057269 0.290749 0.061674 0.290749 0.074890 0.295154 0.079295 0.299559 0.079295 0.312775 0.066079 0.317181 0.066079 0.321586 0.061674 0.330396 0.061674 0.334802 0.057269
0 0.030837 0.044053 0.026432 0.048458 0.026432 0.057269 0.022026 0.061674 0.022026 0.066079 0.026432 0.070485 0.030837 0.070485 0.035242 0.074890 0.039648 0.074890 0.044053 0.079295 0.044053 0.092511 0.039648 0.096916 0.039648 0.105727 0.044053 0.110132 0.052863 0.110132 0.057269 0.105727 0.057269 0.096916 0.061674 0.092511 0.061674 0.088106 0.052863 0.079295 0.048458 0.079295 0.044053 0.074890 0.044053 0.061674 0.039648 0.057269 0.039648 0.048458 0.035242 0.044053
0 0.814978 0.039648 0.810573 0.044053 0.814978 0.048458 0.814978 0.052863 0.823789 0.061674 0.828194 0.061674 0.832599 0.066079 0.832599 0.074890 0.837004 0.079295 0.837004 0.088106 0.832599 0.092511 0.832599 0.118943 0.823789 0.127753 0.823789 0.132159 0.828194 0.136564 0.841410 0.136564 0.845815 0.132159 0.850220 0.136564 0.854626 0.136564 0.859031 0.140969 0.859031 0.145374 0.863436 0.149780 0.867841 0.145374 0.863436 0.140969 0.859031 0.140969 0.850220 0.132159 0.850220 0.127753 0.841410 0.118943 0.841410 0.110132 0.850220 0.101322 0.854626 0.101322 0.859031 0.096916 0.859031 0.088106 0.850220 0.079295 0.850220 0.074890 0.845815 0.070485 0.841410 0.070485 0.837004 0.066079 0.837004 0.052863 0.841410 0.048458 0.837004 0.044053 0.823789 0.044053 0.819383 0.039648
0 0.462555 0.030837 0.458150 0.035242 0.458150 0.039648 0.453745 0.044053 0.453745 0.048458 0.458150 0.052863 0.458150 0.057269 0.462555 0.061674 0.466960 0.061674 0.471366 0.066079 0.475771 0.061674 0.475771 0.052863 0.480176 0.048458 0.480176 0.039648 0.475771 0.035242 0.471366 0.035242 0.466960 0.030837
0 0.933921 0.000000 0.916300 0.000000 0.916300 0.022026 0.911894 0.026432 0.907489 0.026432 0.903084 0.030837 0.898678 0.030837 0.889868 0.039648 0.889868 0.052863 0.894273 0.057269 0.903084 0.057269 0.911894 0.048458 0.911894 0.026432 0.920705 0.017621 0.925110 0.017621 0.933921 0.008811
0 0.748899 0.000000 0.700441 0.000000 0.704846 0.030837 0.678414 0.044053 0.674009 0.074890 0.700441 0.079295 0.704846 0.092511 0.678414 0.105727 0.599119 0.198238 0.599119 0.233480 0.541850 0.277533 0.506608 0.339207 0.475771 0.352423 0.414097 0.334802 0.400881 0.343612 0.440529 0.356828 0.414097 0.418502 0.396476 0.422908 0.378855 0.405286 0.330396 0.444934 0.255507 0.480176 0.211454 0.458150 0.198238 0.462555 0.176211 0.440529 0.167401 0.449339 0.189427 0.471366 0.215859 0.471366 0.233480 0.506608 0.220264 0.515419 0.180617 0.484582 0.136564 0.528634 0.136564 0.546256 0.114537 0.555066 0.105727 0.581498 0.066079 0.616740 0.035242 0.625551 0.035242 0.638767 0.000000 0.678414 0.000000 0.784141 0.008811 0.779736 0.000000 0.762115 0.110132 0.656388 0.149780 0.638767 0.149780 0.603524 0.176211 0.612335 0.185022 0.594714 0.215859 0.585903 0.198238 0.572687 0.198238 0.559471 0.233480 0.519824 0.255507 0.537445 0.303965 0.524229 0.321586 0.555066 0.334802 0.546256 0.321586 0.524229 0.475771 0.418502 0.488987 0.427313 0.515419 0.418502 0.546256 0.383260 0.572687 0.396476 0.550661 0.365639 0.572687 0.330396 0.607930 0.303965 0.577093 0.303965 0.568282 0.281938 0.607930 0.268722 0.629956 0.242291 0.638767 0.202643 0.713656 0.162996 0.748899 0.118943 0.766520 0.118943 0.775330 0.140969 0.832599 0.185022 0.850220 0.167401 0.828194 0.171806 0.788546 0.136564 0.792952 0.092511 0.784141 0.083700 0.775330 0.105727 0.757709 0.114537 0.722467 0.079295 0.744493 0.044053
0 0.638767 0.000000 0.625551 0.000000 0.625551 0.008811 0.621145 0.013216 0.621145 0.022026 0.616740 0.026432 0.616740 0.044053 0.621145 0.048458 0.625551 0.044053 0.625551 0.039648 0.638767 0.026432
0 0.546256 0.000000 0.533040 0.000000 0.533040 0.008811 0.537445 0.013216 0.537445 0.022026 0.533040 0.026432 0.533040 0.030837 0.528634 0.035242 0.528634 0.039648 0.511013 0.057269 0.515419 0.061674 0.519824 0.061674 0.537445 0.044053 0.541850 0.044053 0.546256 0.039648
0 0.057269 0.000000 0.057269 0.004405 0.061674 0.008811 0.066079 0.008811 0.074890 0.017621 0.074890 0.030837 0.070485 0.035242 0.070485 0.039648 0.074890 0.044053 0.092511 0.044053 0.096916 0.039648 0.105727 0.039648 0.110132 0.044053 0.114537 0.044053 0.140969 0.070485 0.145374 0.066079 0.145374 0.057269 0.149780 0.052863 0.149780 0.048458 0.145374 0.044053 0.140969 0.048458 0.132159 0.048458 0.127753 0.044053 0.123348 0.044053 0.118943 0.039648 0.114537 0.044053 0.110132 0.044053 0.105727 0.039648 0.101322 0.039648 0.096916 0.035242 0.096916 0.026432 0.088106 0.017621 0.083700 0.017621 0.074890 0.008811 0.074890 0.000000
