0 0.052863 0.920705 0.057269 0.925110 0.057269 0.947137 0.052863 0.951542 0.052863 0.955947 0.057269 0.960352 0.061674 0.955947 0.070485 0.955947 0.074890 0.951542 0.079295 0.951542 0.083700 0.947137 0.088106 0.947137 0.092511 0.951542 0.096916 0.951542 0.101322 0.955947 0.105727 0.951542 0.110132 0.955947 0.114537 0.951542 0.118943 0.955947 0.123348 0.955947 0.132159 0.964758 0.136564 0.960352 0.140969 0.960352 0.145374 0.964758 0.149780 0.964758 0.167401 0.982379 0.171806 0.982379 0.176211 0.977974 0.176211 0.964758 0.171806 0.960352 0.167401 0.960352 0.162996 0.955947 0.154185 0.955947 0.149780 0.960352 0.136564 0.960352 0.132159 0.955947 0.127753 0.960352 0.123348 0.955947 0.118943 0.955947 0.114537 0.951542 0.114537 0.947137 0.105727 0.938326 0.101322 0.942731 0.096916 0.942731 0.092511 0.947137 0.088106 0.947137 0.083700 0.942731 0.079295 0.942731 0.074890 0.938326 0.074890 0.933921 0.070485 0.929515 0.070485 0.925110 0.066079 0.920705 0.061674 0.920705 0.057269 0.916300
0 0.180617 0.894273 0.176211 0.898678 0.176211 0.903084 0.171806 0.907489 0.180617 0.916300 0.180617 0.933921 0.185022 0.938326 0.189427 0.938326 0.193833 0.942731 0.198238 0.938326 0.198238 0.916300 0.202643 0.911894 0.202643 0.907489 0.193833 0.898678 0.189427 0.898678 0.185022 0.894273
0 0.000000 0.885463 0.000000 0.898678 0.004405 0.903084 0.013216 0.903084 0.017621 0.907489 0.022026 0.907489 0.026432 0.911894 0.030837 0.911894 0.035242 0.907489 0.035242 0.903084 0.022026 0.889868 0.008811 0.889868 0.004405 0.885463
0 0.048458 0.845815 0.048458 0.859031 0.052863 0.863436 0.061674 0.863436 0.066079 0.867841 0.083700 0.867841 0.088106 0.863436 0.083700 0.859031 0.079295 0.859031 0.066079 0.845815 0.061674 0.845815 0.057269 0.850220 0.052863 0.845815
0 0.792952 0.837004 0.788546 0.841410 0.788546 0.854626 0.784141 0.859031 0.788546 0.863436 0.788546 0.867841 0.792952 0.872247 0.797357 0.872247 0.806167 0.863436 0.806167 0.845815 0.797357 0.837004
0 0.995595 0.814978 0.986784 0.814978 0.982379 0.819383 0.977974 0.814978 0.955947 0.814978 0.951542 0.810573 0.933921 0.828194 0.933921 0.832599 0.929515 0.837004 0.929515 0.841410 0.925110 0.845815 0.925110 0.850220 0.916300 0.859031 0.920705 0.863436 0.920705 0.876652 0.929515 0.885463 0.933921 0.881057 0.938326 0.885463 0.947137 0.885463 0.960352 0.872247 0.960352 0.863436 0.969163 0.854626 0.969163 0.845815 0.973568 0.841410 0.973568 0.837004 0.977974 0.832599 0.982379 0.832599 0.986784 0.828194 0.995595 0.828194
0 0.000000 0.810573 0.000000 0.819383 0.004405 0.819383 0.008811 0.823789 0.013216 0.823789 0.022026 0.832599 0.026432 0.828194 0.030837 0.832599 0.035242 0.832599 0.039648 0.837004 0.044053 0.837004 0.044053 0.832599 0.048458 0.828194 0.048458 0.819383 0.044053 0.814978 0.030837 0.814978 0.026432 0.819383 0.017621 0.819383 0.013216 0.814978 0.008811 0.814978 0.004405 0.810573
0 0.700441 0.806167 0.696035 0.810573 0.709251 0.823789 0.709251 0.828194 0.713656 0.832599 0.713656 0.837004 0.718062 0.841410 0.722467 0.841410 0.726872 0.837004 0.726872 0.823789 0.722467 0.819383 0.722467 0.810573 0.718062 0.806167
0 0.334802 0.797357 0.330396 0.801762 0.325991 0.801762 0.321586 0.806167 0.321586 0.810573 0.317181 0.814978 0.317181 0.828194 0.325991 0.837004 0.325991 0.841410 0.339207 0.854626 0.343612 0.854626 0.352423 0.863436 0.352423 0.876652 0.356828 0.881057 0.356828 0.885463 0.365639 0.894273 0.374449 0.885463 0.370044 0.881057 0.370044 0.876652 0.356828 0.863436 0.356828 0.850220 0.348018 0.841410 0.343612 0.841410 0.339207 0.837004 0.339207 0.832599 0.334802 0.828194 0.334802 0.806167 0.339207 0.801762
0 0.066079 0.762115 0.061674 0.766520 0.061674 0.775330 0.070485 0.784141 0.083700 0.784141 0.088106 0.788546 0.096916 0.779736 0.096916 0.775330 0.092511 0.775330 0.083700 0.766520 0.083700 0.762115 0.079295 0.757709 0.074890 0.757709 0.070485 0.762115
0 0.229075 0.748899 0.224670 0.753304 0.224670 0.762115 0.229075 0.766520 0.229075 0.784141 0.224670 0.788546 0.224670 0.797357 0.215859 0.810573 0.220264 0.832599 0.207048 0.841410 0.202643 0.837004 0.198238 0.837004 0.189427 0.823789 0.185022 0.828194 0.185022 0.841410 0.189427 0.845815 0.202643 0.837004 0.207048 0.841410 0.211454 0.841410 0.215859 0.845815 0.215859 0.854626 0.220264 0.859031 0.220264 0.867841 0.224670 0.872247 0.229075 0.894273 0.246696 0.911894 0.251101 0.911894 0.255507 0.916300 0.264317 0.916300 0.268722 0.911894 0.281938 0.920705 0.286344 0.942731 0.277533 0.951542 0.273128 0.951542 0.259912 0.960352 0.273128 0.969163 0.277533 0.964758 0.281938 0.969163 0.295154 0.973568 0.299559 0.969163 0.299559 0.960352 0.290749 0.951542 0.290749 0.942731 0.303965 0.933921 0.303965 0.916300 0.299559 0.911894 0.295154 0.911894 0.286344 0.903084 0.286344 0.898678 0.281938 0.894273 0.277533 0.894273 0.264317 0.881057 0.264317 0.872247 0.259912 0.867841 0.259912 0.854626 0.273128 0.845815 0.299559 0.863436 0.299559 0.876652 0.308370 0.885463 0.321586 0.885463 0.325991 0.881057 0.317181 0.872247 0.312775 0.872247 0.308370 0.867841 0.308370 0.859031 0.299559 0.850220 0.295154 0.850220 0.286344 0.841410 0.264317 0.832599 0.251101 0.819383 0.251101 0.814978 0.242291 0.806167 0.242291 0.797357 0.246696 0.792952 0.246696 0.784141 0.242291 0.779736 0.242291 0.757709 0.233480 0.748899
0 0.744493 0.740088 0.740088 0.744493 0.740088 0.753304 0.748899 0.762115 0.748899 0.770925 0.753304 0.775330 0.753304 0.779736 0.757709 0.784141 0.762115 0.784141 0.766520 0.779736 0.762115 0.775330 0.762115 0.748899 0.753304 0.740088
0 0.942731 0.744493 0.955947 0.757709 0.960352 0.757709 0.964758 0.762115 0.973568 0.762115 0.982379 0.753304 0.982379 0.748899 0.973568 0.740088 0.969163 0.740088 0.964758 0.735683 0.960352 0.740088 0.947137 0.740088
0 0.145374 0.740088 0.149780 0.744493 0.149780 0.753304 0.154185 0.757709 0.154185 0.762115 0.158590 0.766520 0.162996 0.766520 0.167401 0.762115 0.180617 0.762115 0.185022 0.766520 0.189427 0.762115 0.189427 0.757709 0.185022 0.753304 0.180617 0.757709 0.176211 0.753304 0.171806 0.753304 0.162996 0.744493 0.162996 0.740088 0.158590 0.735683 0.149780 0.735683
0 0.969163 0.656388 0.964758 0.660793 0.964758 0.665198 0.969163 0.669604 0.969163 0.674009 0.973568 0.678414 0.977974 0.678414 0.986784 0.687225 0.995595 0.687225 0.995595 0.669604 0.991189 0.665198 0.986784 0.665198 0.977974 0.656388
0 0.607930 0.656388 0.607930 0.660793 0.616740 0.669604 0.621145 0.669604 0.625551 0.674009 0.629956 0.674009 0.634361 0.678414 0.638767 0.678414 0.647577 0.687225 0.656388 0.687225 0.660793 0.691630 0.665198 0.691630 0.669604 0.687225 0.669604 0.682819 0.665198 0.678414 0.660793 0.678414 0.656388 0.674009 0.651982 0.674009 0.647577 0.669604 0.647577 0.665198 0.634361 0.651982 0.612335 0.651982
0 0.889868 0.638767 0.881057 0.647577 0.876652 0.647577 0.876652 0.669604 0.881057 0.674009 0.894273 0.674009 0.903084 0.665198 0.894273 0.656388 0.894273 0.643172
0 0.678414 0.625551 0.674009 0.629956 0.674009 0.647577 0.678414 0.651982 0.678414 0.656388 0.687225 0.665198 0.691630 0.665198 0.696035 0.660793 0.696035 0.656388 0.700441 0.651982 0.700441 0.638767 0.704846 0.634361 0.704846 0.629956 0.700441 0.625551
0 0.731278 0.625551 0.731278 0.629956 0.740088 0.638767 0.740088 0.656388 0.744493 0.660793 0.748899 0.660793 0.753304 0.656388 0.757709 0.656388 0.762115 0.651982 0.766520 0.656388 0.770925 0.656388 0.779736 0.665198 0.779736 0.674009 0.748899 0.704846 0.748899 0.709251 0.753304 0.713656 0.775330 0.713656 0.779736 0.709251 0.779736 0.691630 0.788546 0.682819 0.792952 0.682819 0.797357 0.678414 0.801762 0.678414 0.806167 0.682819 0.810573 0.682819 0.819383 0.691630 0.819383 0.700441 0.823789 0.704846 0.828194 0.700441 0.832599 0.704846 0.837004 0.700441 0.837004 0.691630 0.819383 0.674009 0.806167 0.674009 0.801762 0.669604 0.797357 0.669604 0.779736 0.651982 0.779736 0.647577 0.770925 0.638767 0.762115 0.638767 0.757709 0.634361 0.753304 0.634361 0.740088 0.621145 0.735683 0.621145
0 0.400881 0.616740 0.396476 0.621145 0.396476 0.625551 0.392070 0.629956 0.396476 0.634361 0.396476 0.638767 0.405286 0.647577 0.414097 0.647577 0.418502 0.651982 0.422908 0.647577 0.414097 0.638767 0.414097 0.629956
0 0.000000 0.656388 0.008811 0.669604 0.048458 0.665198 0.074890 0.674009 0.096916 0.660793 0.149780 0.665198 0.171806 0.687225 0.193833 0.696035 0.180617 0.713656 0.185022 0.718062 0.202643 0.704846 0.220264 0.718062 0.290749 0.740088 0.295154 0.757709 0.281938 0.766520 0.273128 0.784141 0.277533 0.792952 0.295154 0.775330 0.321586 0.779736 0.317181 0.757709 0.330396 0.748899 0.370044 0.766520 0.422908 0.810573 0.440529 0.806167 0.488987 0.823789 0.497797 0.837004 0.502203 0.903084 0.519824 0.938326 0.572687 0.995595 0.585903 0.995595 0.599119 0.982379 0.612335 0.995595 0.660793 0.995595 0.660793 0.986784 0.643172 0.969163 0.621145 0.964758 0.616740 0.947137 0.590308 0.925110 0.581498 0.929515 0.568282 0.920705 0.568282 0.947137 0.555066 0.955947 0.528634 0.933921 0.511013 0.876652 0.524229 0.867841 0.559471 0.903084 0.568282 0.898678 0.550661 0.859031 0.537445 0.863436 0.506608 0.841410 0.506608 0.828194 0.519824 0.819383 0.515419 0.810573 0.497797 0.819383 0.462555 0.801762 0.471366 0.784141 0.466960 0.770925 0.444934 0.775330 0.436123 0.792952 0.418502 0.797357 0.383260 0.766520 0.383260 0.757709 0.400881 0.744493 0.392070 0.718062 0.378855 0.722467 0.374449 0.744493 0.361233 0.753304 0.325991 0.740088 0.317181 0.709251 0.330396 0.700441 0.343612 0.709251 0.348018 0.700441 0.321586 0.665198 0.277533 0.682819 0.242291 0.643172 0.233480 0.651982 0.246696 0.678414 0.233480 0.687225 0.207048 0.678414 0.202643 0.656388 0.180617 0.669604 0.167401 0.665198 0.162996 0.651982 0.180617 0.638767 0.167401 0.625551 0.132159 0.651982 0.096916 0.651982 0.066079 0.616740 0.048458 0.612335 0.044053 0.616740 0.066079 0.643172 0.061674 0.656388
0 0.951542 0.612335 0.951542 0.616740 0.960352 0.625551 0.982379 0.625551 0.986784 0.621145 0.991189 0.621145 0.995595 0.625551 0.995595 0.607930 0.991189 0.612335 0.986784 0.612335 0.982379 0.607930 0.973568 0.607930 0.969163 0.603524 0.960352 0.603524
0 0.696035 0.577093 0.687225 0.585903 0.687225 0.590308 0.691630 0.594714 0.696035 0.594714 0.704846 0.603524 0.713656 0.603524 0.718062 0.599119 0.718062 0.590308 0.704846 0.577093
0 0.889868 0.528634 0.881057 0.528634 0.872247 0.537445 0.872247 0.550661 0.867841 0.555066 0.863436 0.555066 0.859031 0.559471 0.854626 0.559471 0.850220 0.563877 0.850220 0.568282 0.854626 0.572687 0.863436 0.563877 0.863436 0.559471 0.867841 0.555066 0.872247 0.555066 0.876652 0.550661 0.885463 0.550661 0.889868 0.546256 0.889868 0.537445 0.894273 0.533040
0 0.444934 0.550661 0.440529 0.555066 0.453745 0.572687 0.458150 0.572687 0.480176 0.590308 0.506608 0.590308 0.528634 0.607930 0.528634 0.616740 0.524229 0.621145 0.524229 0.634361 0.528634 0.638767 0.528634 0.651982 0.524229 0.656388 0.528634 0.660793 0.528634 0.682819 0.537445 0.700441 0.563877 0.722467 0.563877 0.731278 0.550661 0.740088 0.541850 0.735683 0.537445 0.740088 0.537445 0.753304 0.533040 0.757709 0.537445 0.762115 0.555066 0.748899 0.572687 0.762115 0.590308 0.762115 0.594714 0.766520 0.599119 0.762115 0.581498 0.748899 0.581498 0.740088 0.603524 0.726872 0.607930 0.731278 0.621145 0.718062 0.621145 0.704846 0.603524 0.691630 0.590308 0.700441 0.572687 0.691630 0.559471 0.700441 0.537445 0.682819 0.537445 0.612335 0.541850 0.603524 0.537445 0.599119 0.533040 0.577093 0.546256 0.568282 0.555066 0.572687 0.572687 0.594714 0.581498 0.594714 0.594714 0.585903 0.612335 0.585903 0.616740 0.581498 0.616740 0.568282 0.612335 0.563877 0.603524 0.563877 0.599119 0.568282 0.581498 0.568282 0.559471 0.550661 0.555066 0.550661 0.546256 0.559471 0.546256 0.568282 0.533040 0.577093 0.528634 0.572687 0.511013 0.585903 0.497797 0.577093 0.497797 0.568282 0.506608 0.550661 0.493392 0.528634 0.484582 0.528634 0.475771 0.537445 0.475771 0.541850 0.484582 0.550661 0.484582 0.559471 0.471366 0.568282 0.458150 0.563877
0 0.290749 0.528634 0.290749 0.533040 0.299559 0.541850 0.308370 0.541850 0.312775 0.546256 0.317181 0.546256 0.321586 0.550661 0.325991 0.550661 0.330396 0.555066 0.334802 0.555066 0.356828 0.577093 0.365639 0.577093 0.370044 0.581498 0.378855 0.581498 0.383260 0.585903 0.405286 0.585903 0.409692 0.581498 0.400881 0.572687 0.396476 0.572687 0.387665 0.563877 0.383260 0.563877 0.378855 0.559471 0.374449 0.559471 0.370044 0.555066 0.365639 0.555066 0.356828 0.546256 0.352423 0.546256 0.343612 0.537445 0.339207 0.537445 0.334802 0.533040 0.325991 0.533040 0.321586 0.528634 0.303965 0.528634 0.299559 0.524229 0.295154 0.524229
0 0.792952 0.502203 0.788546 0.506608 0.788546 0.511013 0.784141 0.515419 0.784141 0.533040 0.788546 0.537445 0.788546 0.541850 0.792952 0.546256 0.792952 0.555066 0.806167 0.568282 0.810573 0.568282 0.814978 0.572687 0.814978 0.594714 0.819383 0.599119 0.819383 0.603524 0.828194 0.612335 0.828194 0.616740 0.832599 0.621145 0.832599 0.625551 0.850220 0.643172 0.854626 0.643172 0.859031 0.638767 0.859031 0.625551 0.841410 0.607930 0.837004 0.607930 0.832599 0.603524 0.832599 0.572687 0.828194 0.572687 0.819383 0.563877 0.819383 0.559471 0.797357 0.537445 0.797357 0.528634 0.806167 0.519824 0.806167 0.515419
0 0.185022 0.488987 0.189427 0.493392 0.193833 0.493392 0.202643 0.502203 0.220264 0.502203 0.224670 0.497797 0.224670 0.493392 0.215859 0.484582 0.202643 0.484582 0.198238 0.480176 0.193833 0.484582 0.189427 0.484582
0 0.643172 0.440529 0.634361 0.449339 0.634361 0.466960 0.629956 0.471366 0.629956 0.484582 0.638767 0.493392 0.638767 0.506608 0.647577 0.515419 0.651982 0.515419 0.656388 0.519824 0.665198 0.511013 0.647577 0.493392 0.647577 0.475771 0.651982 0.471366 0.647577 0.466960 0.647577 0.444934
0 0.550661 0.436123 0.546256 0.440529 0.541850 0.440529 0.537445 0.444934 0.537445 0.458150 0.533040 0.462555 0.533040 0.466960 0.537445 0.471366 0.537445 0.475771 0.541850 0.480176 0.541850 0.484582 0.546256 0.488987 0.546256 0.497797 0.550661 0.502203 0.550661 0.511013 0.559471 0.519824 0.559471 0.524229 0.568282 0.533040 0.572687 0.533040 0.577093 0.528634 0.577093 0.519824 0.572687 0.515419 0.572687 0.471366 0.568282 0.466960 0.568282 0.458150 0.555066 0.444934 0.555066 0.440529
0 0.942731 0.431718 0.938326 0.431718 0.933921 0.436123 0.933921 0.440529 0.938326 0.444934 0.938326 0.466960 0.942731 0.471366 0.942731 0.480176 0.938326 0.484582 0.933921 0.484582 0.929515 0.488987 0.929515 0.493392 0.925110 0.497797 0.929515 0.502203 0.929515 0.511013 0.933921 0.515419 0.942731 0.515419 0.947137 0.519824 0.951542 0.519824 0.960352 0.528634 0.960352 0.537445 0.942731 0.555066 0.938326 0.555066 0.933921 0.559471 0.925110 0.559471 0.916300 0.568282 0.916300 0.572687 0.911894 0.577093 0.911894 0.594714 0.907489 0.599119 0.907489 0.603524 0.911894 0.607930 0.916300 0.603524 0.916300 0.594714 0.920705 0.590308 0.925110 0.590308 0.933921 0.581498 0.938326 0.581498 0.947137 0.572687 0.947137 0.568282 0.955947 0.559471 0.960352 0.559471 0.964758 0.555066 0.960352 0.550661 0.960352 0.537445 0.969163 0.528634 0.973568 0.528634 0.977974 0.524229 0.977974 0.519824 0.982379 0.515419 0.982379 0.511013 0.977974 0.506608 0.969163 0.506608 0.964758 0.511013 0.960352 0.511013 0.955947 0.506608 0.951542 0.506608 0.942731 0.497797 0.942731 0.480176 0.947137 0.475771 0.951542 0.475771 0.955947 0.471366 0.969163 0.471366 0.973568 0.466960 0.973568 0.462555 0.964758 0.453745 0.960352 0.453745 0.951542 0.444934 0.951542 0.440529
0 0.405286 0.431718 0.396476 0.440529 0.396476 0.449339 0.387665 0.458150 0.392070 0.462555 0.392070 0.471366 0.387665 0.475771 0.383260 0.475771 0.378855 0.480176 0.378855 0.497797 0.383260 0.502203 0.387665 0.502203 0.392070 0.506608 0.400881 0.506608 0.405286 0.511013 0.409692 0.511013 0.414097 0.506608 0.396476 0.488987 0.396476 0.484582 0.392070 0.480176 0.392070 0.466960 0.396476 0.462555 0.400881 0.462555 0.409692 0.453745 0.414097 0.453745 0.422908 0.444934 0.409692 0.431718
0 0.096916 0.431718 0.101322 0.436123 0.105727 0.436123 0.110132 0.440529 0.114537 0.440529 0.118943 0.444934 0.118943 0.458150 0.110132 0.466960 0.114537 0.471366 0.123348 0.471366 0.127753 0.466960 0.127753 0.462555 0.132159 0.458150 0.136564 0.458150 0.140969 0.453745 0.158590 0.453745 0.162996 0.449339 0.167401 0.449339 0.171806 0.453745 0.180617 0.453745 0.185022 0.458150 0.193833 0.458150 0.198238 0.462555 0.202643 0.458150 0.202643 0.449339 0.198238 0.453745 0.193833 0.449339 0.189427 0.449339 0.180617 0.440529 0.176211 0.440529 0.167401 0.431718 0.158590 0.440529 0.154185 0.440529 0.149780 0.444934 0.140969 0.444934 0.136564 0.440529 0.132159 0.440529 0.127753 0.436123 0.123348 0.436123 0.118943 0.431718 0.110132 0.431718 0.105727 0.427313 0.101322 0.427313
0 0.819383 0.427313 0.814978 0.422908 0.806167 0.422908 0.801762 0.427313 0.801762 0.440529 0.797357 0.444934 0.797357 0.449339 0.792952 0.453745 0.788546 0.453745 0.784141 0.458150 0.779736 0.453745 0.775330 0.458150 0.779736 0.462555 0.784141 0.458150 0.788546 0.458150 0.792952 0.453745 0.797357 0.458150 0.801762 0.458150 0.806167 0.462555 0.814978 0.462555 0.823789 0.453745 0.823789 0.440529 0.819383 0.436123
0 0.277533 0.422908 0.273128 0.427313 0.273128 0.449339 0.281938 0.458150 0.286344 0.458150 0.295154 0.449339 0.295154 0.431718 0.290749 0.427313 0.281938 0.427313
0 0.215859 0.422908 0.211454 0.427313 0.211454 0.444934 0.215859 0.440529 0.220264 0.444934 0.224670 0.444934 0.229075 0.449339 0.233480 0.449339 0.237885 0.444934 0.237885 0.436123 0.233480 0.431718 0.233480 0.427313 0.229075 0.422908 0.224670 0.427313 0.220264 0.422908
0 0.453745 0.418502 0.449339 0.422908 0.449339 0.427313 0.453745 0.431718 0.453745 0.444934 0.462555 0.453745 0.462555 0.475771 0.458150 0.480176 0.458150 0.511013 0.462555 0.515419 0.466960 0.515419 0.471366 0.511013 0.471366 0.502203 0.475771 0.497797 0.475771 0.488987 0.480176 0.484582 0.480176 0.462555 0.471366 0.453745 0.471366 0.427313 0.466960 0.422908 0.462555 0.422908 0.458150 0.418502
0 0.682819 0.418502 0.687225 0.422908 0.700441 0.422908 0.709251 0.414097 0.713656 0.414097 0.718062 0.409692 0.722467 0.414097 0.726872 0.414097 0.735683 0.422908 0.735683 0.431718 0.726872 0.440529 0.726872 0.449339 0.731278 0.453745 0.740088 0.453745 0.744493 0.449339 0.744493 0.444934 0.748899 0.440529 0.748899 0.418502 0.735683 0.405286 0.726872 0.405286 0.722467 0.409692 0.709251 0.409692 0.704846 0.405286 0.696035 0.405286
0 0.942731 0.396476 0.947137 0.400881 0.964758 0.400881 0.969163 0.405286 0.973568 0.405286 0.977974 0.409692 0.977974 0.418502 0.982379 0.422908 0.986784 0.418502 0.995595 0.418502 0.995595 0.405286 0.986784 0.405286 0.982379 0.400881 0.977974 0.400881 0.969163 0.392070 0.964758 0.392070 0.960352 0.387665 0.955947 0.392070 0.947137 0.392070
0 0.876652 0.365639 0.872247 0.370044 0.863436 0.370044 0.859031 0.374449 0.859031 0.378855 0.867841 0.387665 0.872247 0.387665 0.876652 0.392070 0.881057 0.392070 0.885463 0.396476 0.885463 0.400881 0.889868 0.405286 0.889868 0.422908 0.885463 0.427313 0.885463 0.431718 0.881057 0.436123 0.881057 0.444934 0.885463 0.449339 0.885463 0.453745 0.889868 0.458150 0.894273 0.458150 0.898678 0.453745 0.898678 0.449339 0.903084 0.444934 0.903084 0.440529 0.907489 0.436123 0.907489 0.431718 0.903084 0.427313 0.903084 0.418502 0.907489 0.414097 0.907489 0.400881 0.903084 0.396476 0.903084 0.392070 0.894273 0.383260 0.894273 0.378855 0.881057 0.365639
0 0.502203 0.365639 0.502203 0.374449 0.506608 0.378855 0.519824 0.378855 0.524229 0.383260 0.528634 0.378855 0.528634 0.365639 0.537445 0.356828 0.541850 0.356828 0.546256 0.352423 0.550661 0.352423 0.555066 0.356828 0.559471 0.356828 0.563877 0.361233 0.563877 0.378855 0.577093 0.392070 0.577093 0.396476 0.585903 0.405286 0.585903 0.409692 0.590308 0.414097 0.594714 0.409692 0.594714 0.396476 0.585903 0.387665 0.585903 0.383260 0.577093 0.374449 0.577093 0.361233 0.568282 0.352423 0.563877 0.356828 0.559471 0.352423 0.555066 0.352423 0.546256 0.343612 0.541850 0.348018 0.537445 0.348018 0.528634 0.356828 0.524229 0.356828 0.519824 0.361233 0.506608 0.361233
0 0.251101 0.348018 0.251101 0.356828 0.255507 0.361233 0.259912 0.361233 0.268722 0.370044 0.273128 0.370044 0.277533 0.374449 0.277533 0.383260 0.273128 0.387665 0.273128 0.396476 0.277533 0.400881 0.295154 0.400881 0.299559 0.396476 0.303965 0.400881 0.308370 0.400881 0.312775 0.405286 0.317181 0.405286 0.321586 0.409692 0.325991 0.409692 0.330396 0.405286 0.334802 0.405286 0.321586 0.392070 0.312775 0.392070 0.308370 0.387665 0.299559 0.387665 0.295154 0.383260 0.290749 0.383260 0.286344 0.378855 0.281938 0.378855 0.273128 0.370044 0.273128 0.352423 0.268722 0.348018 0.264317 0.348018 0.259912 0.343612 0.255507 0.343612
0 0.140969 0.334802 0.136564 0.339207 0.136564 0.348018 0.140969 0.352423 0.145374 0.352423 0.149780 0.356828 0.154185 0.356828 0.162996 0.365639 0.162996 0.374449 0.149780 0.387665 0.145374 0.387665 0.140969 0.392070 0.140969 0.400881 0.136564 0.405286 0.145374 0.414097 0.149780 0.414097 0.154185 0.409692 0.154185 0.405286 0.158590 0.400881 0.162996 0.400881 0.171806 0.392070 0.176211 0.392070 0.180617 0.387665 0.180617 0.374449 0.171806 0.365639 0.167401 0.365639 0.162996 0.361233 0.162996 0.348018 0.149780 0.334802
0 0.647577 0.339207 0.647577 0.348018 0.651982 0.352423 0.665198 0.352423 0.669604 0.356828 0.678414 0.356828 0.682819 0.352423 0.682819 0.343612 0.678414 0.339207 0.674009 0.339207 0.669604 0.334802 0.665198 0.334802 0.660793 0.330396 0.656388 0.330396
0 0.048458 0.321586 0.048458 0.330396 0.057269 0.339207 0.061674 0.339207 0.066079 0.343612 0.083700 0.343612 0.088106 0.348018 0.092511 0.343612 0.074890 0.325991 0.070485 0.325991 0.061674 0.317181 0.052863 0.317181
0 0.806167 0.317181 0.806167 0.334802 0.814978 0.343612 0.823789 0.334802 0.828194 0.334802 0.832599 0.330396 0.837004 0.330396 0.841410 0.334802 0.845815 0.330396 0.845815 0.325991 0.841410 0.321586 0.832599 0.321586 0.828194 0.317181 0.819383 0.317181 0.814978 0.312775 0.810573 0.312775
0 0.898678 0.295154 0.894273 0.299559 0.894273 0.317181 0.898678 0.321586 0.898678 0.330396 0.907489 0.339207 0.911894 0.334802 0.911894 0.299559 0.907489 0.295154
0 0.414097 0.264317 0.405286 0.273128 0.405286 0.299559 0.414097 0.308370 0.418502 0.308370 0.422908 0.303965 0.422908 0.299559 0.427313 0.295154 0.427313 0.286344 0.422908 0.281938 0.422908 0.277533 0.418502 0.273128 0.418502 0.268722
0 0.268722 0.259912 0.264317 0.264317 0.264317 0.273128 0.281938 0.290749 0.286344 0.290749 0.290749 0.295154 0.299559 0.295154 0.303965 0.290749 0.308370 0.290749 0.312775 0.295154 0.317181 0.295154 0.321586 0.299559 0.321586 0.303965 0.334802 0.317181 0.334802 0.325991 0.330396 0.330396 0.330396 0.334802 0.339207 0.343612 0.352423 0.343612 0.356828 0.348018 0.361233 0.348018 0.365639 0.352423 0.365639 0.356828 0.378855 0.370044 0.378855 0.383260 0.370044 0.392070 0.365639 0.392070 0.352423 0.405286 0.348018 0.405286 0.356828 0.414097 0.361233 0.414097 0.378855 0.396476 0.383260 0.396476 0.387665 0.392070 0.392070 0.392070 0.396476 0.387665 0.396476 0.383260 0.387665 0.374449 0.387665 0.352423 0.374449 0.339207 0.370044 0.339207 0.365639 0.334802 0.356828 0.334802 0.352423 0.330396 0.348018 0.330396 0.339207 0.321586 0.339207 0.312775 0.343612 0.308370 0.343612 0.299559 0.339207 0.295154 0.334802 0.295154 0.330396 0.290749 0.317181 0.290749 0.312775 0.286344 0.308370 0.286344 0.303965 0.281938 0.303965 0.277533 0.286344 0.259912
0 0.220264 0.255507 0.215859 0.255507 0.211454 0.259912 0.211454 0.268722 0.202643 0.277533 0.198238 0.277533 0.193833 0.281938 0.193833 0.290749 0.202643 0.299559 0.211454 0.299559 0.215859 0.295154 0.215859 0.281938 0.211454 0.277533 0.211454 0.268722 0.215859 0.264317 0.220264 0.264317 0.224670 0.259912
0 0.088106 0.255507 0.092511 0.259912 0.105727 0.259912 0.110132 0.264317 0.114537 0.259912 0.118943 0.259912 0.123348 0.264317 0.127753 0.264317 0.132159 0.268722 0.132159 0.281938 0.145374 0.295154 0.149780 0.290749 0.149780 0.273128 0.132159 0.255507 0.127753 0.259912 0.123348 0.259912 0.118943 0.255507 0.114537 0.255507 0.110132 0.251101 0.105727 0.251101 0.101322 0.255507 0.096916 0.251101 0.092511 0.251101
0 0.634361 0.246696 0.629956 0.251101 0.629956 0.255507 0.643172 0.268722 0.643172 0.295154 0.651982 0.303965 0.665198 0.290749 0.665198 0.281938 0.656388 0.273128 0.651982 0.273128 0.647577 0.268722 0.647577 0.264317 0.643172 0.259912 0.643172 0.255507
0 0.000000 0.237885 0.000000 0.246696 0.004405 0.251101 0.008811 0.251101 0.013216 0.255507 0.013216 0.259912 0.022026 0.268722 0.022026 0.281938 0.013216 0.290749 0.022026 0.299559 0.030837 0.299559 0.035242 0.295154 0.035242 0.290749 0.030837 0.286344 0.030837 0.281938 0.026432 0.277533 0.026432 0.268722 0.030837 0.264317 0.030837 0.255507 0.017621 0.242291 0.004405 0.242291
0 0.859031 0.220264 0.854626 0.224670 0.854626 0.229075 0.850220 0.233480 0.854626 0.237885 0.854626 0.242291 0.859031 0.246696 0.859031 0.255507 0.841410 0.273128 0.850220 0.281938 0.859031 0.281938 0.863436 0.286344 0.872247 0.286344 0.881057 0.277533 0.867841 0.264317 0.863436 0.264317 0.859031 0.259912 0.859031 0.246696 0.876652 0.229075 0.881057 0.229075 0.876652 0.229075 0.867841 0.220264
0 0.753304 0.220264 0.748899 0.224670 0.744493 0.224670 0.735683 0.233480 0.735683 0.237885 0.731278 0.242291 0.731278 0.251101 0.726872 0.255507 0.726872 0.268722 0.735683 0.277533 0.735683 0.286344 0.731278 0.290749 0.731278 0.299559 0.735683 0.303965 0.740088 0.303965 0.744493 0.308370 0.748899 0.308370 0.757709 0.317181 0.762115 0.317181 0.766520 0.321586 0.766520 0.325991 0.770925 0.330396 0.775330 0.325991 0.775330 0.317181 0.770925 0.312775 0.766520 0.312775 0.744493 0.290749 0.744493 0.286344 0.740088 0.281938 0.740088 0.273128 0.753304 0.259912 0.753304 0.246696 0.757709 0.242291 0.753304 0.237885 0.753304 0.229075 0.757709 0.224670
0 0.713656 0.198238 0.704846 0.198238 0.700441 0.202643 0.700441 0.207048 0.691630 0.215859 0.687225 0.215859 0.682819 0.220264 0.678414 0.220264 0.674009 0.224670 0.678414 0.229075 0.678414 0.233480 0.687225 0.242291 0.700441 0.229075 0.700441 0.224670 0.709251 0.215859 0.709251 0.211454 0.718062 0.202643
0 0.030837 0.198238 0.026432 0.202643 0.026432 0.220264 0.030837 0.224670 0.039648 0.224670 0.048458 0.215859 0.048458 0.207048 0.052863 0.202643 0.048458 0.202643 0.044053 0.198238
0 0.237885 0.198238 0.242291 0.202643 0.242291 0.207048 0.255507 0.220264 0.259912 0.215859 0.277533 0.215859 0.281938 0.220264 0.286344 0.215859 0.290749 0.215859 0.295154 0.220264 0.303965 0.211454 0.299559 0.207048 0.295154 0.207048 0.290749 0.202643 0.281938 0.202643 0.277533 0.207048 0.273128 0.207048 0.268722 0.202643 0.264317 0.202643 0.251101 0.189427 0.246696 0.189427
0 0.348018 0.185022 0.339207 0.193833 0.339207 0.215859 0.334802 0.220264 0.330396 0.220264 0.321586 0.229075 0.321586 0.242291 0.325991 0.246696 0.330396 0.246696 0.334802 0.242291 0.339207 0.242291 0.343612 0.246696 0.348018 0.246696 0.352423 0.251101 0.352423 0.264317 0.356828 0.268722 0.361233 0.268722 0.365639 0.273128 0.370044 0.273128 0.378855 0.264317 0.378855 0.259912 0.370044 0.251101 0.361233 0.251101 0.356828 0.246696 0.352423 0.246696 0.348018 0.242291 0.348018 0.215859 0.356828 0.207048 0.356828 0.198238 0.352423 0.193833 0.352423 0.189427
0 0.947137 0.180617 0.942731 0.185022 0.942731 0.193833 0.947137 0.198238 0.947137 0.215859 0.942731 0.220264 0.942731 0.233480 0.951542 0.242291 0.955947 0.242291 0.960352 0.246696 0.969163 0.237885 0.969163 0.233480 0.964758 0.229075 0.964758 0.215859 0.960352 0.211454 0.960352 0.198238 0.964758 0.193833 0.964758 0.185022 0.960352 0.180617
0 0.092511 0.176211 0.088106 0.180617 0.083700 0.180617 0.074890 0.189427 0.074890 0.193833 0.066079 0.202643 0.070485 0.202643 0.079295 0.211454 0.092511 0.211454 0.101322 0.202643 0.101322 0.185022
0 0.506608 0.149780 0.502203 0.154185 0.506608 0.158590 0.511013 0.158590 0.524229 0.167401 0.524229 0.185022 0.519824 0.189427 0.515419 0.189427 0.502203 0.202643 0.502203 0.215859 0.506608 0.220264 0.511013 0.220264 0.515419 0.224670 0.528634 0.211454 0.528634 0.207048 0.537445 0.198238 0.537445 0.193833 0.550661 0.185022 0.555066 0.185022 0.559471 0.189427 0.563877 0.189427 0.577093 0.198238 0.577093 0.211454 0.572687 0.215859 0.572687 0.220264 0.581498 0.233480 0.581498 0.246696 0.585903 0.251101 0.585903 0.259912 0.581498 0.264317 0.581498 0.268722 0.568282 0.277533 0.568282 0.286344 0.594714 0.312775 0.599119 0.308370 0.594714 0.303965 0.594714 0.268722 0.599119 0.264317 0.599119 0.251101 0.607930 0.242291 0.603524 0.237885 0.603524 0.233480 0.599119 0.229075 0.599119 0.224670 0.594714 0.220264 0.594714 0.215859 0.585903 0.207048 0.585903 0.193833 0.590308 0.189427 0.594714 0.189427 0.603524 0.180617 0.603524 0.176211 0.594714 0.167401 0.590308 0.167401 0.581498 0.176211 0.577093 0.176211 0.572687 0.180617 0.563877 0.180617 0.559471 0.185022 0.555066 0.185022 0.541850 0.176211 0.541850 0.171806 0.537445 0.167401 0.537445 0.158590 0.528634 0.145374 0.519824 0.145374 0.515419 0.149780
0 0.193833 0.154185 0.185022 0.145374 0.180617 0.145374 0.167401 0.158590 0.162996 0.158590 0.158590 0.162996 0.154185 0.158590 0.145374 0.158590 0.140969 0.154185 0.136564 0.154185 0.132159 0.158590 0.132159 0.171806 0.136564 0.176211 0.140969 0.176211 0.145374 0.180617 0.158590 0.180617 0.162996 0.176211 0.176211 0.176211 0.180617 0.171806 0.185022 0.171806 0.193833 0.162996
0 0.911894 0.140969 0.907489 0.140969 0.898678 0.149780 0.898678 0.154185 0.894273 0.158590 0.907489 0.171806 0.911894 0.167401 0.916300 0.167401 0.920705 0.162996 0.920705 0.154185 0.916300 0.149780 0.916300 0.145374
0 0.797357 0.136564 0.792952 0.140969 0.801762 0.149780 0.801762 0.167401 0.810573 0.176211 0.819383 0.176211 0.823789 0.171806 0.823789 0.167401 0.819383 0.162996 0.814978 0.162996 0.810573 0.158590 0.810573 0.140969 0.806167 0.136564
0 0.466960 0.149780 0.462555 0.145374 0.462555 0.140969 0.458150 0.136564 0.453745 0.136564 0.449339 0.140969 0.444934 0.136564 0.440529 0.136564 0.440529 0.140969 0.436123 0.145374 0.431718 0.145374 0.427313 0.149780 0.422908 0.149780 0.418502 0.145374 0.409692 0.154185 0.414097 0.158590 0.418502 0.158590 0.422908 0.154185 0.427313 0.154185 0.431718 0.149780 0.440529 0.149780 0.444934 0.154185 0.453745 0.154185 0.458150 0.158590
0 0.052863 0.136564 0.044053 0.127753 0.008811 0.162996 0.004405 0.162996 0.008811 0.162996 0.017621 0.171806 0.022026 0.167401 0.026432 0.167401 0.030837 0.162996 0.035242 0.162996 0.039648 0.158590 0.044053 0.158590 0.052863 0.149780
0 0.330396 0.118943 0.325991 0.114537 0.321586 0.114537 0.317181 0.110132 0.312775 0.110132 0.303965 0.118943 0.299559 0.118943 0.295154 0.123348 0.286344 0.123348 0.277533 0.132159 0.286344 0.140969 0.295154 0.140969 0.303965 0.132159 0.308370 0.132159 0.312775 0.127753 0.317181 0.132159 0.321586 0.132159 0.330396 0.123348
0 0.933921 0.105727 0.955947 0.127753 0.955947 0.132159 0.960352 0.136564 0.960352 0.140969 0.964758 0.145374 0.964758 0.158590 0.969163 0.162996 0.977974 0.162996 0.982379 0.158590 0.986784 0.158590 0.991189 0.154185 0.995595 0.154185 0.995595 0.145374 0.991189 0.145374 0.986784 0.140969 0.982379 0.140969 0.955947 0.114537 0.955947 0.105727 0.951542 0.101322 0.938326 0.101322
0 0.000000 0.092511 0.000000 0.114537 0.022026 0.114537 0.026432 0.110132 0.026432 0.101322 0.017621 0.092511
0 0.568282 0.088106 0.563877 0.092511 0.563877 0.096916 0.559471 0.101322 0.559471 0.110132 0.563877 0.114537 0.563877 0.118943 0.568282 0.123348 0.572687 0.123348 0.581498 0.132159 0.585903 0.132159 0.590308 0.136564 0.590308 0.145374 0.599119 0.154185 0.603524 0.154185 0.612335 0.145374 0.612335 0.136564 0.603524 0.127753 0.599119 0.127753 0.594714 0.123348 0.590308 0.123348 0.585903 0.118943 0.585903 0.105727 0.581498 0.101322 0.581498 0.096916 0.577093 0.092511 0.572687 0.092511
0 0.612335 0.074890 0.621145 0.083700 0.625551 0.079295 0.629956 0.083700 0.634361 0.083700 0.647577 0.096916 0.647577 0.101322 0.651982 0.105727 0.656388 0.105727 0.660793 0.101322 0.660793 0.088106 0.647577 0.074890 0.643172 0.074890 0.634361 0.066079 0.629956 0.066079 0.625551 0.070485 0.616740 0.070485
0 0.251101 0.066079 0.246696 0.070485 0.251101 0.074890 0.251101 0.088106 0.242291 0.096916 0.242291 0.101322 0.237885 0.105727 0.242291 0.110132 0.246696 0.110132 0.251101 0.114537 0.259912 0.114537 0.268722 0.105727 0.268722 0.101322 0.259912 0.092511 0.255507 0.092511 0.251101 0.088106 0.251101 0.074890 0.255507 0.070485
0 0.911894 0.061674 0.907489 0.066079 0.907489 0.074890 0.898678 0.083700 0.903084 0.088106 0.903084 0.092511 0.907489 0.096916 0.907489 0.105727 0.903084 0.110132 0.898678 0.110132 0.894273 0.114537 0.881057 0.114537 0.876652 0.110132 0.867841 0.110132 0.863436 0.105727 0.859031 0.110132 0.859031 0.118943 0.854626 0.123348 0.854626 0.132159 0.859031 0.136564 0.867841 0.127753 0.872247 0.127753 0.876652 0.123348 0.889868 0.123348 0.894273 0.118943 0.898678 0.123348 0.903084 0.123348 0.911894 0.114537 0.911894 0.110132 0.907489 0.105727 0.907489 0.096916 0.911894 0.092511 0.911894 0.070485 0.916300 0.066079
0 0.537445 0.066079 0.533040 0.066079 0.528634 0.061674 0.524229 0.061674 0.519824 0.066079 0.519824 0.079295 0.511013 0.088106 0.506608 0.088106 0.497797 0.096916 0.497797 0.101322 0.502203 0.105727 0.506608 0.101322 0.511013 0.105727 0.519824 0.105727 0.528634 0.096916 0.528634 0.088106 0.533040 0.083700 0.533040 0.079295 0.537445 0.074890
0 0.189427 0.057269 0.180617 0.057269 0.171806 0.066079 0.171806 0.074890 0.167401 0.079295 0.171806 0.083700 0.171806 0.092511 0.176211 0.096916 0.180617 0.096916 0.189427 0.088106 0.189427 0.083700 0.193833 0.079295 0.193833 0.061674
0 0.757709 0.057269 0.753304 0.052863 0.748899 0.057269 0.748899 0.061674 0.744493 0.066079 0.748899 0.070485 0.748899 0.083700 0.744493 0.088106 0.740088 0.088106 0.735683 0.092511 0.731278 0.092511 0.726872 0.088106 0.704846 0.088106 0.700441 0.083700 0.691630 0.083700 0.687225 0.088106 0.687225 0.092511 0.700441 0.105727 0.704846 0.101322 0.709251 0.105727 0.718062 0.105727 0.722467 0.101322 0.735683 0.101322 0.744493 0.092511 0.748899 0.092511 0.753304 0.088106 0.757709 0.092511 0.762115 0.088106 0.757709 0.083700
0 0.317181 0.026432 0.312775 0.030837 0.312775 0.039648 0.321586 0.048458 0.321586 0.061674 0.317181 0.066079 0.321586 0.070485 0.321586 0.079295 0.334802 0.092511 0.339207 0.092511 0.348018 0.083700 0.343612 0.079295 0.343612 0.074890 0.330396 0.061674 0.330396 0.057269 0.325991 0.052863 0.325991 0.035242
0 0.898678 0.000000 0.876652 0.000000 0.876652 0.017621 0.881057 0.022026 0.881057 0.035242 0.885463 0.039648 0.889868 0.035242 0.889868 0.030837 0.894273 0.026432 0.894273 0.004405
0 0.713656 0.000000 0.709251 0.000000 0.709251 0.004405 0.700441 0.013216 0.700441 0.017621 0.696035 0.022026 0.696035 0.026432 0.704846 0.035242 0.713656 0.035242 0.722467 0.026432 0.722467 0.013216 0.713656 0.004405
0 0.400881 0.000000 0.400881 0.008811 0.396476 0.013216 0.405286 0.022026 0.409692 0.017621 0.414097 0.022026 0.418502 0.022026 0.422908 0.026432 0.422908 0.030837 0.427313 0.035242 0.427313 0.052863 0.422908 0.057269 0.418502 0.057269 0.414097 0.061674 0.409692 0.057269 0.405286 0.057269 0.400881 0.061674 0.392070 0.061674 0.387665 0.066079 0.387665 0.074890 0.400881 0.088106 0.418502 0.070485 0.422908 0.070485 0.427313 0.066079 0.431718 0.070485 0.436123 0.070485 0.449339 0.083700 0.453745 0.083700 0.458150 0.088106 0.466960 0.079295 0.466960 0.074890 0.458150 0.066079 0.453745 0.066079 0.444934 0.057269 0.444934 0.052863 0.440529 0.048458 0.440529 0.026432 0.436123 0.022026 0.431718 0.022026 0.427313 0.017621 0.422908 0.017621 0.418502 0.013216 0.418502 0.000000
0 0.242291 0.000000 0.220264 0.000000 0.220264 0.008811 0.211454 0.017621 0.207048 0.017621 0.202643 0.022026 0.198238 0.022026 0.193833 0.017621 0.189427 0.017621 0.185022 0.013216 0.176211 0.013216 0.171806 0.017621 0.180617 0.026432 0.185022 0.022026 0.193833 0.022026 0.198238 0.026432 0.202643 0.026432 0.211454 0.035242 0.224670 0.035242 0.233480 0.026432 0.233480 0.017621 0.237885 0.013216 0.237885 0.008811 0.242291 0.004405
