0 0.898678 0.916300 0.894273 0.920705 0.894273 0.925110 0.903084 0.933921 0.907489 0.933921 0.911894 0.938326 0.911894 0.947137 0.907489 0.951542 0.916300 0.960352 0.925110 0.960352 0.929515 0.964758 0.933921 0.964758 0.938326 0.969163 0.942731 0.969163 0.951542 0.960352 0.951542 0.951542 0.947137 0.951542 0.942731 0.947137 0.933921 0.947137 0.929515 0.942731 0.925110 0.947137 0.920705 0.942731 0.916300 0.942731 0.911894 0.938326 0.911894 0.929515 0.916300 0.925110 0.916300 0.920705 0.911894 0.916300
0 0.660793 0.916300 0.660793 0.933921 0.665198 0.938326 0.669604 0.933921 0.678414 0.933921 0.682819 0.929515 0.687225 0.929515 0.691630 0.925110 0.696035 0.929515 0.700441 0.929515 0.704846 0.933921 0.704846 0.942731 0.709251 0.947137 0.718062 0.947137 0.726872 0.938326 0.726872 0.925110 0.722467 0.920705 0.713656 0.920705 0.709251 0.925110 0.704846 0.925110 0.700441 0.929515 0.696035 0.925110 0.691630 0.925110 0.678414 0.911894 0.665198 0.911894
0 0.607930 0.933921 0.594714 0.920705 0.585903 0.920705 0.581498 0.925110 0.577093 0.920705 0.572687 0.920705 0.563877 0.911894 0.559471 0.911894 0.555066 0.916300 0.555066 0.925110 0.550661 0.929515 0.546256 0.929515 0.541850 0.933921 0.533040 0.933921 0.528634 0.929515 0.524229 0.933921 0.519824 0.929515 0.515419 0.933921 0.511013 0.929515 0.506608 0.929515 0.493392 0.916300 0.484582 0.916300 0.480176 0.920705 0.488987 0.929515 0.497797 0.929515 0.502203 0.925110 0.506608 0.929515 0.511013 0.929515 0.524229 0.942731 0.528634 0.942731 0.533040 0.947137 0.537445 0.947137 0.550661 0.933921 0.555066 0.933921 0.559471 0.929515 0.568282 0.929515 0.572687 0.933921 0.577093 0.933921 0.581498 0.938326 0.603524 0.938326
0 0.220264 0.894273 0.215859 0.894273 0.207048 0.903084 0.207048 0.907489 0.202643 0.911894 0.202643 0.916300 0.189427 0.929515 0.185022 0.929515 0.180617 0.933921 0.176211 0.933921 0.171806 0.938326 0.171806 0.942731 0.158590 0.955947 0.162996 0.960352 0.171806 0.960352 0.176211 0.964758 0.185022 0.964758 0.189427 0.969163 0.193833 0.969163 0.202643 0.977974 0.202643 0.982379 0.207048 0.986784 0.207048 0.995595 0.215859 0.995595 0.215859 0.986784 0.211454 0.982379 0.211454 0.977974 0.207048 0.973568 0.207048 0.964758 0.193833 0.951542 0.193833 0.942731 0.202643 0.933921 0.202643 0.929515 0.211454 0.920705 0.211454 0.916300 0.215859 0.911894 0.215859 0.907489 0.224670 0.898678
0 0.528634 0.867841 0.533040 0.872247 0.546256 0.872247 0.550661 0.867841 0.555066 0.872247 0.559471 0.867841 0.559471 0.863436 0.563877 0.859031 0.555066 0.850220 0.533040 0.850220 0.528634 0.854626
0 0.713656 0.819383 0.718062 0.823789 0.722467 0.819383 0.726872 0.823789 0.731278 0.823789 0.735683 0.828194 0.735683 0.837004 0.744493 0.845815 0.762115 0.828194 0.762115 0.823789 0.757709 0.819383 0.744493 0.819383 0.740088 0.823789 0.731278 0.823789 0.726872 0.819383 0.722467 0.819383 0.718062 0.814978
0 0.647577 0.779736 0.656388 0.788546 0.660793 0.784141 0.665198 0.784141 0.669604 0.779736 0.674009 0.779736 0.678414 0.775330 0.682819 0.779736 0.687225 0.775330 0.678414 0.766520 0.669604 0.766520 0.665198 0.762115 0.656388 0.762115 0.651982 0.766520 0.651982 0.775330
0 0.083700 0.779736 0.074890 0.770925 0.074890 0.766520 0.070485 0.762115 0.052863 0.779736 0.048458 0.779736 0.044053 0.784141 0.039648 0.779736 0.035242 0.784141 0.039648 0.788546 0.044053 0.784141 0.048458 0.788546 0.052863 0.788546 0.057269 0.784141 0.066079 0.784141 0.070485 0.788546 0.074890 0.788546
0 0.396476 0.762115 0.387665 0.753304 0.383260 0.753304 0.378855 0.757709 0.374449 0.757709 0.356828 0.775330 0.352423 0.775330 0.348018 0.779736 0.343612 0.779736 0.334802 0.788546 0.330396 0.788546 0.317181 0.801762 0.312775 0.801762 0.308370 0.806167 0.303965 0.806167 0.299559 0.810573 0.295154 0.810573 0.290749 0.806167 0.286344 0.806167 0.281938 0.801762 0.281938 0.797357 0.277533 0.792952 0.268722 0.801762 0.268722 0.806167 0.264317 0.810573 0.264317 0.819383 0.259912 0.823789 0.259912 0.832599 0.246696 0.845815 0.246696 0.854626 0.251101 0.859031 0.255507 0.854626 0.259912 0.854626 0.264317 0.850220 0.268722 0.850220 0.273128 0.854626 0.281938 0.845815 0.281938 0.841410 0.290749 0.832599 0.295154 0.832599 0.299559 0.828194 0.303965 0.828194 0.317181 0.814978 0.321586 0.814978 0.325991 0.810573 0.334802 0.810573 0.343612 0.801762 0.343612 0.797357 0.348018 0.792952 0.352423 0.792952 0.356828 0.788546 0.361233 0.788546 0.365639 0.784141 0.370044 0.784141 0.378855 0.775330 0.383260 0.775330
0 0.502203 0.704846 0.497797 0.704846 0.488987 0.713656 0.484582 0.713656 0.480176 0.718062 0.475771 0.718062 0.466960 0.726872 0.462555 0.726872 0.458150 0.731278 0.458150 0.735683 0.453745 0.740088 0.453745 0.766520 0.449339 0.770925 0.453745 0.775330 0.458150 0.770925 0.458150 0.762115 0.466960 0.753304 0.471366 0.753304 0.488987 0.735683 0.488987 0.731278 0.493392 0.726872 0.493392 0.722467 0.497797 0.718062 0.502203 0.718062 0.506608 0.713656 0.506608 0.709251
0 0.828194 0.696035 0.823789 0.700441 0.823789 0.713656 0.819383 0.718062 0.819383 0.731278 0.828194 0.740088 0.832599 0.740088 0.837004 0.744493 0.841410 0.744493 0.845815 0.748899 0.845815 0.753304 0.863436 0.770925 0.867841 0.770925 0.872247 0.766520 0.863436 0.757709 0.863436 0.744493 0.845815 0.726872 0.841410 0.726872 0.837004 0.722467 0.837004 0.709251 0.850220 0.696035 0.845815 0.691630 0.841410 0.696035
0 0.806167 0.634361 0.797357 0.634361 0.788546 0.643172 0.792952 0.647577 0.792952 0.678414 0.779736 0.691630 0.779736 0.696035 0.766520 0.709251 0.762115 0.709251 0.757709 0.713656 0.757709 0.718062 0.762115 0.722467 0.762115 0.740088 0.766520 0.744493 0.766520 0.748899 0.770925 0.753304 0.770925 0.762115 0.766520 0.766520 0.770925 0.770925 0.775330 0.766520 0.779736 0.766520 0.784141 0.770925 0.788546 0.770925 0.797357 0.779736 0.801762 0.779736 0.810573 0.770925 0.806167 0.766520 0.797357 0.766520 0.792952 0.770925 0.784141 0.770925 0.779736 0.766520 0.775330 0.766520 0.770925 0.762115 0.770925 0.753304 0.775330 0.748899 0.775330 0.744493 0.779736 0.740088 0.779736 0.709251 0.788546 0.700441 0.792952 0.700441 0.801762 0.691630 0.801762 0.669604 0.806167 0.665198 0.806167 0.660793 0.810573 0.656388 0.810573 0.638767
0 0.268722 0.638767 0.268722 0.651982 0.264317 0.656388 0.264317 0.674009 0.273128 0.682819 0.273128 0.691630 0.268722 0.696035 0.268722 0.709251 0.273128 0.713656 0.277533 0.713656 0.281938 0.709251 0.286344 0.709251 0.290749 0.704846 0.303965 0.704846 0.308370 0.700441 0.312775 0.704846 0.325991 0.704846 0.330396 0.709251 0.334802 0.709251 0.339207 0.713656 0.343612 0.709251 0.348018 0.709251 0.352423 0.713656 0.356828 0.709251 0.356828 0.700441 0.352423 0.696035 0.330396 0.696035 0.325991 0.691630 0.321586 0.691630 0.317181 0.687225 0.312775 0.691630 0.308370 0.691630 0.303965 0.696035 0.299559 0.691630 0.290749 0.691630 0.286344 0.687225 0.281938 0.687225 0.273128 0.678414 0.273128 0.669604 0.286344 0.656388 0.286344 0.647577 0.290749 0.643172 0.290749 0.634361 0.286344 0.629956 0.281938 0.634361 0.273128 0.634361
0 0.594714 0.629956 0.590308 0.625551 0.585903 0.629956 0.581498 0.625551 0.577093 0.625551 0.572687 0.629956 0.568282 0.629956 0.533040 0.665198 0.533040 0.674009 0.537445 0.678414 0.541850 0.678414 0.568282 0.651982 0.568282 0.647577 0.572687 0.643172 0.577093 0.643172 0.581498 0.638767 0.585903 0.638767
0 0.440529 0.607930 0.436123 0.612335 0.436123 0.616740 0.418502 0.634361 0.418502 0.647577 0.422908 0.651982 0.427313 0.651982 0.431718 0.647577 0.431718 0.643172 0.436123 0.638767 0.436123 0.634361 0.440529 0.629956 0.440529 0.625551 0.444934 0.621145 0.444934 0.612335
0 0.224670 0.603524 0.220264 0.607930 0.215859 0.607930 0.193833 0.629956 0.193833 0.638767 0.207048 0.651982 0.211454 0.647577 0.211454 0.643172 0.215859 0.638767 0.215859 0.629956 0.229075 0.616740 0.224670 0.612335
0 0.594714 0.563877 0.590308 0.559471 0.585903 0.559471 0.581498 0.563877 0.577093 0.563877 0.572687 0.568282 0.563877 0.568282 0.555066 0.577093 0.550661 0.577093 0.546256 0.581498 0.541850 0.581498 0.537445 0.585903 0.533040 0.585903 0.524229 0.594714 0.519824 0.594714 0.515419 0.599119 0.511013 0.599119 0.493392 0.616740 0.493392 0.621145 0.488987 0.625551 0.488987 0.634361 0.484582 0.638767 0.484582 0.643172 0.480176 0.647577 0.480176 0.651982 0.471366 0.660793 0.471366 0.665198 0.453745 0.682819 0.449339 0.682819 0.444934 0.687225 0.436123 0.687225 0.431718 0.691630 0.431718 0.696035 0.436123 0.700441 0.440529 0.696035 0.444934 0.696035 0.449339 0.691630 0.458150 0.691630 0.480176 0.669604 0.480176 0.665198 0.484582 0.660793 0.488987 0.660793 0.493392 0.656388 0.497797 0.660793 0.502203 0.660793 0.506608 0.665198 0.511013 0.660793 0.506608 0.656388 0.502203 0.656388 0.497797 0.651982 0.497797 0.629956 0.502203 0.625551 0.502203 0.621145 0.515419 0.607930 0.519824 0.607930 0.524229 0.603524 0.528634 0.603524 0.537445 0.594714 0.541850 0.594714 0.546256 0.590308 0.550661 0.590308 0.555066 0.594714 0.559471 0.594714 0.563877 0.599119 0.568282 0.599119 0.577093 0.590308 0.577093 0.577093 0.581498 0.572687 0.585903 0.572687
0 0.092511 0.555066 0.088106 0.550661 0.083700 0.555066 0.083700 0.559471 0.079295 0.563877 0.074890 0.563877 0.070485 0.568282 0.061674 0.568282 0.052863 0.577093 0.048458 0.577093 0.044053 0.581498 0.035242 0.581498 0.026432 0.590308 0.026432 0.599119 0.017621 0.607930 0.013216 0.607930 0.008811 0.612335 0.004405 0.612335 0.000000 0.616740 0.000000 0.625551 0.013216 0.625551 0.017621 0.621145 0.022026 0.621145 0.026432 0.625551 0.030837 0.625551 0.035242 0.621145 0.030837 0.616740 0.030837 0.599119 0.035242 0.594714 0.039648 0.594714 0.048458 0.585903 0.052863 0.585903 0.057269 0.581498 0.074890 0.581498 0.079295 0.577093 0.079295 0.572687 0.092511 0.559471
0 0.193833 0.515419 0.189427 0.515419 0.185022 0.519824 0.176211 0.519824 0.171806 0.524229 0.167401 0.524229 0.162996 0.528634 0.154185 0.528634 0.149780 0.524229 0.145374 0.524229 0.132159 0.537445 0.136564 0.541850 0.136564 0.559471 0.127753 0.568282 0.127753 0.585903 0.123348 0.590308 0.118943 0.590308 0.114537 0.594714 0.114537 0.603524 0.118943 0.603524 0.123348 0.599119 0.127753 0.603524 0.132159 0.599119 0.132159 0.590308 0.136564 0.585903 0.140969 0.585903 0.145374 0.581498 0.149780 0.581498 0.154185 0.577093 0.154185 0.563877 0.149780 0.559471 0.149780 0.550661 0.162996 0.537445 0.167401 0.537445 0.171806 0.533040 0.176211 0.537445 0.193833 0.537445 0.198238 0.533040 0.198238 0.519824
0 0.325991 0.511013 0.321586 0.515419 0.317181 0.515419 0.312775 0.519824 0.312775 0.528634 0.317181 0.533040 0.317181 0.541850 0.312775 0.546256 0.308370 0.546256 0.303965 0.550661 0.299559 0.550661 0.295154 0.555066 0.295154 0.559471 0.303965 0.568282 0.317181 0.568282 0.321586 0.572687 0.325991 0.572687 0.330396 0.577093 0.334802 0.577093 0.339207 0.581498 0.352423 0.581498 0.356828 0.577093 0.348018 0.568282 0.339207 0.568282 0.334802 0.563877 0.330396 0.563877 0.321586 0.555066 0.321586 0.541850 0.325991 0.537445 0.330396 0.537445 0.334802 0.533040 0.343612 0.533040 0.352423 0.524229 0.348018 0.519824 0.343612 0.524229 0.339207 0.519824 0.334802 0.519824
0 0.991189 0.515419 0.973568 0.506608 0.955947 0.524229 0.942731 0.519824 0.929515 0.533040 0.938326 0.541850 0.933921 0.563877 0.885463 0.594714 0.823789 0.594714 0.797357 0.577093 0.806167 0.550661 0.828194 0.524229 0.828194 0.511013 0.810573 0.506608 0.806167 0.528634 0.731278 0.607930 0.700441 0.599119 0.691630 0.585903 0.713656 0.559471 0.713656 0.524229 0.696035 0.533040 0.669604 0.524229 0.678414 0.559471 0.656388 0.577093 0.638767 0.568282 0.625551 0.581498 0.669604 0.585903 0.691630 0.599119 0.696035 0.621145 0.704846 0.616740 0.718062 0.625551 0.704846 0.647577 0.682819 0.656388 0.687225 0.696035 0.665198 0.709251 0.638767 0.700441 0.612335 0.709251 0.590308 0.691630 0.572687 0.726872 0.537445 0.744493 0.524229 0.740088 0.506608 0.753304 0.488987 0.779736 0.488987 0.801762 0.475771 0.810573 0.462555 0.801762 0.453745 0.806167 0.444934 0.823789 0.449339 0.845815 0.436123 0.863436 0.361233 0.907489 0.343612 0.929515 0.308370 0.933921 0.277533 0.960352 0.295154 0.977974 0.295154 0.995595 0.317181 0.995595 0.325991 0.982379 0.317181 0.960352 0.339207 0.951542 0.365639 0.920705 0.405286 0.911894 0.444934 0.885463 0.471366 0.885463 0.524229 0.819383 0.541850 0.779736 0.559471 0.779736 0.577093 0.814978 0.572687 0.753304 0.669604 0.713656 0.704846 0.722467 0.726872 0.744493 0.722467 0.713656 0.766520 0.651982 0.757709 0.629956 0.775330 0.607930 0.863436 0.607930 0.903084 0.599119 0.942731 0.568282 0.973568 0.524229
0 0.070485 0.488987 0.066079 0.484582 0.061674 0.484582 0.057269 0.488987 0.052863 0.488987 0.048458 0.493392 0.044053 0.493392 0.039648 0.497797 0.039648 0.502203 0.030837 0.511013 0.035242 0.515419 0.048458 0.515419 0.070485 0.493392
0 0.572687 0.444934 0.568282 0.449339 0.568282 0.453745 0.563877 0.458150 0.577093 0.471366 0.581498 0.466960 0.585903 0.471366 0.594714 0.462555 0.590308 0.458150 0.590308 0.453745 0.585903 0.449339 0.581498 0.449339 0.577093 0.444934
0 0.334802 0.440529 0.330396 0.440529 0.325991 0.444934 0.330396 0.449339 0.330396 0.458150 0.325991 0.462555 0.321586 0.462555 0.312775 0.471366 0.312775 0.480176 0.317181 0.484582 0.325991 0.484582 0.334802 0.475771 0.334802 0.466960 0.330396 0.462555 0.330396 0.453745 0.339207 0.444934
0 0.180617 0.436123 0.167401 0.449339 0.167401 0.453745 0.176211 0.462555 0.180617 0.462555 0.185022 0.466960 0.193833 0.466960 0.198238 0.462555 0.193833 0.458150 0.193833 0.444934 0.189427 0.440529 0.185022 0.440529
0 0.436123 0.414097 0.436123 0.418502 0.440529 0.422908 0.453745 0.422908 0.458150 0.427313 0.462555 0.427313 0.475771 0.440529 0.488987 0.440529 0.493392 0.436123 0.493392 0.431718 0.488987 0.427313 0.475771 0.427313 0.471366 0.422908 0.466960 0.422908 0.449339 0.405286 0.444934 0.409692 0.440529 0.409692
0 0.991189 0.400881 0.986784 0.405286 0.982379 0.405286 0.977974 0.409692 0.973568 0.409692 0.969163 0.405286 0.964758 0.405286 0.960352 0.400881 0.955947 0.405286 0.955947 0.409692 0.960352 0.414097 0.964758 0.414097 0.969163 0.418502 0.969163 0.427313 0.960352 0.436123 0.955947 0.436123 0.951542 0.440529 0.951542 0.444934 0.947137 0.449339 0.947137 0.453745 0.942731 0.458150 0.942731 0.471366 0.929515 0.484582 0.938326 0.493392 0.942731 0.488987 0.942731 0.484582 0.947137 0.480176 0.951542 0.480176 0.955947 0.475771 0.960352 0.475771 0.964758 0.480176 0.969163 0.475771 0.973568 0.475771 0.977974 0.480176 0.982379 0.480176 0.991189 0.488987 0.995595 0.488987 0.995595 0.475771 0.991189 0.480176 0.986784 0.475771 0.982379 0.475771 0.977974 0.471366 0.977974 0.462555 0.982379 0.458150 0.982379 0.453745 0.986784 0.449339 0.991189 0.449339 0.995595 0.444934 0.995595 0.405286
0 0.048458 0.396476 0.035242 0.409692 0.035242 0.418502 0.044053 0.427313 0.052863 0.427313 0.057269 0.431718 0.061674 0.427313 0.057269 0.422908 0.057269 0.400881 0.052863 0.396476
0 0.154185 0.378855 0.149780 0.378855 0.136564 0.392070 0.136564 0.396476 0.132159 0.400881 0.132159 0.405286 0.127753 0.409692 0.132159 0.414097 0.136564 0.414097 0.140969 0.409692 0.145374 0.409692 0.149780 0.405286 0.149780 0.396476 0.154185 0.392070 0.154185 0.387665 0.158590 0.383260
0 0.105727 0.374449 0.101322 0.378855 0.096916 0.378855 0.088106 0.387665 0.088106 0.405286 0.092511 0.409692 0.101322 0.409692 0.105727 0.405286 0.105727 0.396476 0.110132 0.392070 0.110132 0.378855
0 0.533040 0.378855 0.537445 0.383260 0.541850 0.378855 0.555066 0.378855 0.559471 0.383260 0.572687 0.383260 0.577093 0.378855 0.585903 0.378855 0.590308 0.383260 0.594714 0.383260 0.599119 0.387665 0.603524 0.383260 0.607930 0.383260 0.612335 0.378855 0.612335 0.370044 0.607930 0.365639 0.603524 0.370044 0.594714 0.370044 0.590308 0.374449 0.585903 0.370044 0.581498 0.370044 0.577093 0.365639 0.563877 0.365639 0.559471 0.361233 0.550661 0.370044 0.546256 0.370044 0.541850 0.374449 0.537445 0.374449
0 0.414097 0.352423 0.414097 0.356828 0.418502 0.361233 0.422908 0.361233 0.431718 0.370044 0.436123 0.370044 0.440529 0.374449 0.449339 0.374449 0.453745 0.370044 0.458150 0.374449 0.462555 0.370044 0.453745 0.361233 0.440529 0.361233 0.436123 0.356828 0.431718 0.356828 0.427313 0.352423 0.422908 0.352423 0.418502 0.348018
0 0.321586 0.352423 0.325991 0.356828 0.325991 0.361233 0.334802 0.370044 0.339207 0.370044 0.348018 0.378855 0.348018 0.387665 0.356828 0.396476 0.361233 0.396476 0.365639 0.400881 0.378855 0.400881 0.383260 0.405286 0.387665 0.405286 0.392070 0.409692 0.396476 0.409692 0.400881 0.405286 0.414097 0.405286 0.418502 0.400881 0.418502 0.396476 0.414097 0.392070 0.409692 0.392070 0.405286 0.396476 0.400881 0.396476 0.396476 0.400881 0.392070 0.400881 0.387665 0.396476 0.383260 0.396476 0.365639 0.378855 0.356828 0.378855 0.352423 0.374449 0.348018 0.374449 0.343612 0.370044 0.343612 0.356828 0.348018 0.352423 0.348018 0.343612 0.343612 0.339207 0.334802 0.339207
0 0.061674 0.286344 0.052863 0.286344 0.048458 0.290749 0.048458 0.295154 0.026432 0.317181 0.026432 0.325991 0.030837 0.330396 0.044053 0.330396 0.048458 0.325991 0.048458 0.317181 0.052863 0.312775 0.052863 0.308370 0.061674 0.299559 0.066079 0.299559 0.066079 0.290749
0 0.414097 0.264317 0.409692 0.268722 0.409692 0.277533 0.418502 0.286344 0.427313 0.286344 0.431718 0.290749 0.436123 0.290749 0.440529 0.286344 0.440529 0.281938 0.422908 0.264317
0 0.656388 0.264317 0.660793 0.268722 0.665198 0.268722 0.669604 0.273128 0.669604 0.277533 0.678414 0.286344 0.687225 0.286344 0.691630 0.281938 0.691630 0.273128 0.682819 0.264317 0.678414 0.264317 0.674009 0.259912 0.660793 0.259912
0 0.273128 0.251101 0.268722 0.251101 0.255507 0.264317 0.255507 0.268722 0.251101 0.273128 0.255507 0.277533 0.255507 0.281938 0.259912 0.286344 0.264317 0.286344 0.273128 0.277533 0.273128 0.273128 0.277533 0.268722 0.277533 0.255507
0 0.625551 0.251101 0.616740 0.251101 0.612335 0.246696 0.607930 0.246696 0.607930 0.251101 0.603524 0.255507 0.603524 0.259912 0.599119 0.264317 0.599119 0.273128 0.594714 0.277533 0.594714 0.281938 0.603524 0.290749 0.603524 0.299559 0.599119 0.303965 0.594714 0.303965 0.590308 0.308370 0.585903 0.308370 0.581498 0.312775 0.581498 0.321586 0.577093 0.325991 0.581498 0.330396 0.590308 0.330396 0.594714 0.325991 0.594714 0.317181 0.603524 0.308370 0.607930 0.308370 0.612335 0.303965 0.607930 0.299559 0.607930 0.286344 0.612335 0.281938 0.612335 0.277533 0.629956 0.259912 0.629956 0.255507
0 0.290749 0.229075 0.295154 0.233480 0.299559 0.233480 0.303965 0.237885 0.321586 0.237885 0.325991 0.242291 0.330396 0.242291 0.339207 0.251101 0.348018 0.251101 0.352423 0.246696 0.352423 0.233480 0.348018 0.229075 0.339207 0.229075 0.334802 0.233480 0.330396 0.233480 0.325991 0.229075 0.321586 0.229075 0.317181 0.224670 0.295154 0.224670
0 0.770925 0.202643 0.779736 0.211454 0.784141 0.211454 0.792952 0.220264 0.828194 0.220264 0.841410 0.207048 0.837004 0.202643 0.814978 0.202643 0.810573 0.207048 0.801762 0.207048 0.797357 0.211454 0.792952 0.207048 0.788546 0.207048 0.784141 0.202643 0.779736 0.202643 0.775330 0.198238
0 0.629956 0.202643 0.634361 0.207048 0.643172 0.207048 0.647577 0.211454 0.660793 0.211454 0.665198 0.207048 0.665198 0.193833 0.660793 0.189427 0.656388 0.189427 0.651982 0.185022 0.647577 0.185022 0.643172 0.189427 0.638767 0.189427 0.634361 0.193833 0.634361 0.198238
0 0.427313 0.171806 0.422908 0.176211 0.422908 0.189427 0.431718 0.198238 0.436123 0.198238 0.440529 0.202643 0.444934 0.202643 0.449339 0.198238 0.449339 0.189427 0.444934 0.185022 0.444934 0.180617 0.440529 0.176211 0.436123 0.176211 0.431718 0.171806
0 0.995595 0.171806 0.973568 0.162996 0.960352 0.189427 0.960352 0.215859 0.938326 0.251101 0.933921 0.299559 0.907489 0.330396 0.907489 0.339207 0.894273 0.356828 0.841410 0.361233 0.823789 0.352423 0.801762 0.330396 0.806167 0.312775 0.801762 0.303965 0.762115 0.330396 0.762115 0.348018 0.748899 0.383260 0.748899 0.422908 0.731278 0.453745 0.696035 0.484582 0.674009 0.480176 0.656388 0.502203 0.625551 0.515419 0.616740 0.524229 0.612335 0.546256 0.634361 0.559471 0.638767 0.537445 0.651982 0.524229 0.656388 0.506608 0.665198 0.502203 0.669604 0.506608 0.696035 0.488987 0.722467 0.511013 0.744493 0.493392 0.748899 0.475771 0.757709 0.471366 0.762115 0.475771 0.770925 0.466960 0.770925 0.453745 0.762115 0.458150 0.753304 0.453745 0.748899 0.436123 0.762115 0.427313 0.779736 0.440529 0.792952 0.422908 0.788546 0.418502 0.770925 0.431718 0.757709 0.422908 0.757709 0.383260 0.766520 0.365639 0.775330 0.361233 0.779736 0.365639 0.801762 0.348018 0.837004 0.370044 0.837004 0.378855 0.828194 0.387665 0.841410 0.400881 0.872247 0.370044 0.885463 0.378855 0.894273 0.400881 0.911894 0.387665 0.916300 0.374449 0.925110 0.370044 0.938326 0.374449 0.942731 0.361233 0.938326 0.356828 0.925110 0.365639 0.911894 0.356828 0.911894 0.348018 0.929515 0.334802 0.942731 0.339207 0.955947 0.317181 0.977974 0.312775 0.969163 0.303965 0.951542 0.321586 0.938326 0.312775 0.960352 0.229075 0.977974 0.215859 0.991189 0.220264 0.995595 0.215859
0 0.281938 0.167401 0.299559 0.185022 0.312775 0.185022 0.317181 0.180617 0.321586 0.185022 0.325991 0.185022 0.334802 0.193833 0.334802 0.202643 0.339207 0.207048 0.348018 0.207048 0.356828 0.198238 0.356828 0.193833 0.352423 0.189427 0.352423 0.185022 0.348018 0.180617 0.334802 0.180617 0.330396 0.185022 0.325991 0.185022 0.321586 0.180617 0.317181 0.180617 0.299559 0.162996 0.295154 0.162996 0.290749 0.158590
0 0.180617 0.162996 0.180617 0.167401 0.185022 0.171806 0.189427 0.171806 0.193833 0.167401 0.198238 0.171806 0.202643 0.171806 0.207048 0.176211 0.207048 0.180617 0.220264 0.193833 0.229075 0.193833 0.233480 0.189427 0.237885 0.193833 0.242291 0.193833 0.246696 0.198238 0.246696 0.211454 0.242291 0.215859 0.242291 0.220264 0.246696 0.224670 0.251101 0.224670 0.255507 0.229075 0.259912 0.224670 0.259912 0.215859 0.255507 0.211454 0.255507 0.198238 0.259912 0.193833 0.255507 0.189427 0.251101 0.193833 0.246696 0.189427 0.242291 0.189427 0.237885 0.185022 0.237885 0.176211 0.233480 0.171806 0.229075 0.171806 0.220264 0.162996 0.215859 0.167401 0.211454 0.167401 0.207048 0.171806 0.202643 0.171806 0.198238 0.167401 0.193833 0.167401 0.185022 0.158590
0 0.832599 0.154185 0.828194 0.149780 0.823789 0.149780 0.819383 0.145374 0.814978 0.145374 0.810573 0.149780 0.788546 0.149780 0.784141 0.154185 0.784141 0.171806 0.775330 0.180617 0.779736 0.185022 0.784141 0.185022 0.788546 0.180617 0.788546 0.171806 0.792952 0.167401 0.797357 0.167401 0.801762 0.162996 0.806167 0.162996 0.810573 0.167401 0.814978 0.167401 0.819383 0.171806 0.823789 0.171806 0.832599 0.162996
0 0.462555 0.123348 0.462555 0.127753 0.466960 0.132159 0.480176 0.132159 0.488987 0.123348 0.493392 0.123348 0.497797 0.118943 0.502203 0.118943 0.506608 0.123348 0.511013 0.123348 0.519824 0.132159 0.533040 0.132159 0.537445 0.127753 0.528634 0.118943 0.524229 0.118943 0.519824 0.114537 0.515419 0.114537 0.511013 0.118943 0.497797 0.118943 0.493392 0.114537 0.488987 0.114537 0.484582 0.110132 0.475771 0.110132
0 0.665198 0.101322 0.660793 0.101322 0.651982 0.110132 0.651982 0.118943 0.638767 0.132159 0.634361 0.132159 0.625551 0.140969 0.629956 0.145374 0.634361 0.145374 0.638767 0.140969 0.651982 0.140969 0.656388 0.136564 0.656388 0.123348 0.665198 0.114537 0.665198 0.110132 0.669604 0.105727
0 0.189427 0.118943 0.189427 0.123348 0.193833 0.127753 0.198238 0.127753 0.202643 0.132159 0.211454 0.123348 0.215859 0.123348 0.220264 0.118943 0.229075 0.118943 0.233480 0.123348 0.237885 0.123348 0.242291 0.127753 0.246696 0.127753 0.251101 0.132159 0.255507 0.127753 0.264317 0.127753 0.268722 0.123348 0.259912 0.114537 0.255507 0.114537 0.251101 0.110132 0.246696 0.110132 0.242291 0.105727 0.233480 0.105727 0.229075 0.101322 0.224670 0.105727 0.220264 0.101322 0.215859 0.101322 0.211454 0.105727 0.202643 0.105727
0 0.709251 0.092511 0.700441 0.101322 0.709251 0.110132 0.713656 0.110132 0.722467 0.118943 0.722467 0.127753 0.731278 0.136564 0.735683 0.136564 0.740088 0.132159 0.740088 0.118943 0.726872 0.105727 0.726872 0.101322 0.718062 0.092511
0 0.030837 0.096916 0.030837 0.105727 0.035242 0.110132 0.057269 0.110132 0.061674 0.105727 0.066079 0.110132 0.070485 0.110132 0.079295 0.118943 0.083700 0.118943 0.088106 0.123348 0.092511 0.123348 0.101322 0.132159 0.105727 0.132159 0.110132 0.136564 0.114537 0.132159 0.123348 0.132159 0.127753 0.136564 0.132159 0.136564 0.140969 0.127753 0.140969 0.105727 0.132159 0.096916 0.127753 0.096916 0.123348 0.101322 0.127753 0.105727 0.127753 0.118943 0.123348 0.123348 0.118943 0.123348 0.114537 0.127753 0.110132 0.123348 0.105727 0.123348 0.096916 0.114537 0.096916 0.105727 0.092511 0.101322 0.083700 0.101322 0.079295 0.105727 0.074890 0.105727 0.070485 0.110132 0.066079 0.105727 0.061674 0.105727 0.048458 0.092511 0.044053 0.092511 0.039648 0.088106
0 0.519824 0.074890 0.524229 0.079295 0.528634 0.074890 0.533040 0.079295 0.537445 0.079295 0.541850 0.083700 0.541850 0.092511 0.555066 0.105727 0.559471 0.105727 0.568282 0.114537 0.572687 0.110132 0.563877 0.101322 0.563877 0.096916 0.559471 0.092511 0.559471 0.083700 0.555066 0.079295 0.550661 0.079295 0.546256 0.083700 0.541850 0.083700 0.537445 0.079295 0.533040 0.079295 0.524229 0.070485
0 0.832599 0.061674 0.841410 0.070485 0.845815 0.070485 0.850220 0.074890 0.850220 0.079295 0.854626 0.083700 0.867841 0.083700 0.872247 0.079295 0.872247 0.074890 0.859031 0.061674 0.850220 0.061674 0.845815 0.057269 0.837004 0.057269
0 0.074890 0.026432 0.070485 0.030837 0.070485 0.039648 0.079295 0.048458 0.092511 0.048458 0.096916 0.044053 0.096916 0.030837 0.092511 0.026432
0 0.572687 0.000000 0.572687 0.004405 0.568282 0.008811 0.568282 0.030837 0.577093 0.039648 0.581498 0.039648 0.585903 0.044053 0.585903 0.048458 0.590308 0.052863 0.594714 0.048458 0.585903 0.039648 0.585903 0.017621 0.581498 0.013216 0.581498 0.000000
0 0.290749 0.000000 0.268722 0.000000 0.268722 0.017621 0.264317 0.022026 0.259912 0.022026 0.255507 0.026432 0.251101 0.026432 0.246696 0.022026 0.242291 0.022026 0.237885 0.026432 0.246696 0.035242 0.259912 0.035242 0.264317 0.030837 0.264317 0.026432 0.268722 0.022026 0.273128 0.022026 0.277533 0.017621 0.286344 0.017621 0.290749 0.013216
