0 0.246696 0.964758 0.242291 0.964758 0.233480 0.973568 0.233480 0.995595 0.251101 0.995595 0.251101 0.991189 0.255507 0.986784 0.255507 0.977974 0.251101 0.973568 0.251101 0.969163
0 0.352423 0.955947 0.343612 0.964758 0.343612 0.969163 0.339207 0.973568 0.334802 0.973568 0.325991 0.982379 0.325991 0.995595 0.348018 0.995595 0.348018 0.991189 0.352423 0.986784 0.352423 0.977974 0.356828 0.973568 0.356828 0.960352
0 0.651982 0.942731 0.643172 0.951542 0.647577 0.955947 0.647577 0.969163 0.651982 0.973568 0.651982 0.977974 0.656388 0.982379 0.660793 0.982379 0.674009 0.969163 0.674009 0.960352 0.665198 0.951542 0.660793 0.951542
0 0.118943 0.933921 0.114537 0.933921 0.110132 0.938326 0.110132 0.947137 0.101322 0.955947 0.101322 0.964758 0.105727 0.969163 0.114537 0.969163 0.118943 0.964758 0.118943 0.960352 0.123348 0.955947 0.123348 0.938326
0 0.035242 0.920705 0.026432 0.920705 0.017621 0.929515 0.017621 0.947137 0.022026 0.951542 0.026432 0.947137 0.035242 0.947137 0.039648 0.942731 0.039648 0.925110
0 0.881057 0.916300 0.872247 0.907489 0.863436 0.907489 0.859031 0.911894 0.859031 0.916300 0.854626 0.920705 0.850220 0.920705 0.845815 0.925110 0.841410 0.925110 0.837004 0.920705 0.828194 0.920705 0.823789 0.925110 0.819383 0.925110 0.814978 0.929515 0.806167 0.929515 0.801762 0.933921 0.801762 0.942731 0.810573 0.951542 0.819383 0.942731 0.823789 0.942731 0.828194 0.938326 0.837004 0.938326 0.841410 0.933921 0.845815 0.933921 0.850220 0.938326 0.859031 0.938326 0.872247 0.925110 0.876652 0.925110 0.881057 0.920705
0 0.726872 0.907489 0.722467 0.911894 0.722467 0.920705 0.726872 0.925110 0.726872 0.929515 0.731278 0.933921 0.731278 0.938326 0.735683 0.942731 0.735683 0.947137 0.748899 0.960352 0.748899 0.964758 0.766520 0.982379 0.766520 0.995595 0.779736 0.995595 0.779736 0.973568 0.775330 0.969163 0.775330 0.960352 0.757709 0.942731 0.757709 0.938326 0.748899 0.929515 0.748899 0.925110 0.744493 0.920705 0.744493 0.907489 0.740088 0.907489 0.735683 0.911894 0.731278 0.907489
0 0.621145 0.903084 0.616740 0.907489 0.616740 0.911894 0.603524 0.925110 0.599119 0.925110 0.594714 0.929515 0.594714 0.933921 0.590308 0.938326 0.590308 0.942731 0.585903 0.947137 0.585903 0.951542 0.581498 0.955947 0.581498 0.977974 0.577093 0.982379 0.577093 0.995595 0.590308 0.995595 0.590308 0.986784 0.594714 0.982379 0.594714 0.973568 0.599119 0.969163 0.599119 0.964758 0.612335 0.951542 0.612335 0.947137 0.616740 0.942731 0.616740 0.938326 0.621145 0.933921 0.621145 0.929515 0.625551 0.925110 0.625551 0.907489
0 0.193833 0.898678 0.185022 0.907489 0.189427 0.911894 0.189427 0.933921 0.185022 0.938326 0.185022 0.942731 0.189427 0.947137 0.202643 0.947137 0.207048 0.942731 0.202643 0.938326 0.202643 0.925110 0.207048 0.920705 0.207048 0.903084 0.202643 0.898678
0 0.555066 0.876652 0.550661 0.876652 0.546256 0.881057 0.537445 0.881057 0.533040 0.885463 0.533040 0.903084 0.537445 0.907489 0.541850 0.907489 0.555066 0.894273
0 0.171806 0.828194 0.158590 0.841410 0.158590 0.845815 0.154185 0.850220 0.154185 0.854626 0.158590 0.859031 0.176211 0.859031 0.185022 0.850220 0.185022 0.841410
0 0.110132 0.819383 0.105727 0.823789 0.105727 0.845815 0.083700 0.867841 0.083700 0.876652 0.079295 0.881057 0.079295 0.885463 0.074890 0.889868 0.079295 0.894273 0.079295 0.907489 0.083700 0.911894 0.088106 0.911894 0.092511 0.907489 0.092511 0.903084 0.096916 0.898678 0.096916 0.889868 0.101322 0.885463 0.101322 0.876652 0.105727 0.872247 0.110132 0.872247 0.114537 0.867841 0.123348 0.867841 0.127753 0.863436 0.123348 0.859031 0.123348 0.854626 0.118943 0.850220 0.118943 0.828194
0 0.920705 0.814978 0.916300 0.814978 0.894273 0.837004 0.894273 0.850220 0.898678 0.854626 0.903084 0.854626 0.911894 0.845815 0.911894 0.837004 0.925110 0.823789 0.925110 0.819383
0 0.070485 0.810573 0.066079 0.814978 0.066079 0.819383 0.057269 0.828194 0.052863 0.828194 0.048458 0.832599 0.048458 0.850220 0.052863 0.854626 0.057269 0.854626 0.061674 0.850220 0.061674 0.845815 0.066079 0.841410 0.066079 0.828194 0.070485 0.823789 0.070485 0.819383 0.074890 0.814978
0 0.735683 0.806167 0.731278 0.810573 0.731278 0.819383 0.740088 0.828194 0.740088 0.832599 0.744493 0.837004 0.744493 0.859031 0.748899 0.863436 0.748899 0.898678 0.753304 0.898678 0.757709 0.894273 0.762115 0.898678 0.766520 0.894273 0.766520 0.881057 0.770925 0.876652 0.766520 0.872247 0.766520 0.867841 0.762115 0.863436 0.762115 0.854626 0.757709 0.850220 0.757709 0.845815 0.753304 0.841410 0.753304 0.837004 0.748899 0.832599 0.748899 0.828194 0.740088 0.819383 0.740088 0.810573
0 0.511013 0.806167 0.497797 0.819383 0.497797 0.823789 0.493392 0.828194 0.493392 0.837004 0.488987 0.841410 0.488987 0.850220 0.493392 0.854626 0.502203 0.854626 0.506608 0.850220 0.506608 0.841410 0.515419 0.832599 0.515419 0.828194 0.524229 0.819383 0.524229 0.814978 0.519824 0.810573 0.515419 0.810573
0 0.625551 0.810573 0.629956 0.814978 0.638767 0.814978 0.643172 0.810573 0.647577 0.810573 0.651982 0.806167 0.660793 0.806167 0.665198 0.810573 0.669604 0.806167 0.669604 0.801762 0.665198 0.797357 0.660793 0.797357 0.656388 0.801762 0.647577 0.801762 0.643172 0.797357 0.638767 0.797357 0.634361 0.792952 0.629956 0.797357 0.629956 0.801762 0.625551 0.806167
0 0.242291 0.784141 0.224670 0.801762 0.220264 0.801762 0.215859 0.806167 0.211454 0.806167 0.207048 0.810573 0.207048 0.814978 0.215859 0.823789 0.220264 0.823789 0.224670 0.819383 0.237885 0.819383 0.246696 0.810573 0.246696 0.788546
0 0.766520 0.748899 0.757709 0.757709 0.779736 0.779736 0.779736 0.788546 0.784141 0.792952 0.784141 0.797357 0.788546 0.801762 0.792952 0.801762 0.797357 0.797357 0.797357 0.775330 0.779736 0.757709 0.779736 0.753304 0.775330 0.748899
0 0.299559 0.740088 0.299559 0.744493 0.303965 0.748899 0.303965 0.753304 0.308370 0.757709 0.312775 0.757709 0.317181 0.762115 0.317181 0.766520 0.321586 0.770925 0.330396 0.762115 0.334802 0.762115 0.330396 0.757709 0.330396 0.748899 0.317181 0.735683 0.303965 0.735683
0 0.837004 0.731278 0.828194 0.731278 0.823789 0.735683 0.823789 0.766520 0.828194 0.770925 0.832599 0.770925 0.837004 0.766520 0.837004 0.762115 0.841410 0.757709 0.841410 0.735683
0 0.114537 0.726872 0.110132 0.731278 0.105727 0.731278 0.101322 0.726872 0.096916 0.726872 0.088106 0.735683 0.092511 0.740088 0.092511 0.753304 0.088106 0.757709 0.088106 0.784141 0.092511 0.788546 0.101322 0.779736 0.101322 0.770925 0.105727 0.766520 0.105727 0.753304 0.114537 0.744493 0.114537 0.740088 0.118943 0.735683 0.118943 0.731278
0 0.052863 0.726872 0.039648 0.740088 0.039648 0.744493 0.030837 0.753304 0.030837 0.757709 0.022026 0.766520 0.022026 0.770925 0.017621 0.775330 0.022026 0.779736 0.030837 0.779736 0.039648 0.770925 0.039648 0.766520 0.044053 0.762115 0.044053 0.757709 0.052863 0.748899 0.052863 0.744493 0.057269 0.740088 0.057269 0.731278
0 0.647577 0.718062 0.638767 0.726872 0.634361 0.726872 0.629956 0.731278 0.629956 0.740088 0.621145 0.748899 0.616740 0.748899 0.612335 0.753304 0.607930 0.753304 0.599119 0.762115 0.599119 0.766520 0.612335 0.779736 0.621145 0.770925 0.621145 0.762115 0.625551 0.757709 0.625551 0.753304 0.634361 0.744493 0.638767 0.744493 0.651982 0.731278 0.651982 0.722467
0 0.876652 0.682819 0.867841 0.691630 0.867841 0.696035 0.872247 0.700441 0.872247 0.709251 0.876652 0.713656 0.876652 0.726872 0.885463 0.735683 0.889868 0.731278 0.889868 0.726872 0.894273 0.722467 0.894273 0.718062 0.898678 0.713656 0.898678 0.700441 0.894273 0.696035 0.894273 0.691630 0.885463 0.682819
0 0.000000 0.638767 0.004405 0.643172 0.008811 0.643172 0.013216 0.647577 0.017621 0.647577 0.022026 0.651982 0.026432 0.651982 0.035242 0.660793 0.035242 0.669604 0.039648 0.674009 0.044053 0.674009 0.048458 0.669604 0.052863 0.669604 0.052863 0.643172 0.044053 0.634361 0.004405 0.634361
0 0.277533 0.621145 0.268722 0.629956 0.268722 0.634361 0.264317 0.638767 0.264317 0.647577 0.255507 0.656388 0.255507 0.669604 0.246696 0.678414 0.246696 0.682819 0.242291 0.687225 0.242291 0.700441 0.246696 0.704846 0.246696 0.709251 0.255507 0.718062 0.255507 0.726872 0.264317 0.735683 0.268722 0.731278 0.259912 0.722467 0.259912 0.709251 0.264317 0.704846 0.264317 0.691630 0.268722 0.687225 0.268722 0.674009 0.264317 0.669604 0.264317 0.660793 0.281938 0.643172 0.281938 0.638767 0.286344 0.634361 0.281938 0.629956 0.281938 0.625551
0 0.220264 0.621145 0.215859 0.621145 0.211454 0.625551 0.202643 0.625551 0.193833 0.634361 0.193833 0.643172 0.189427 0.647577 0.185022 0.647577 0.180617 0.651982 0.180617 0.669604 0.176211 0.674009 0.176211 0.678414 0.171806 0.682819 0.171806 0.687225 0.167401 0.691630 0.167401 0.709251 0.171806 0.713656 0.171806 0.718062 0.176211 0.722467 0.176211 0.748899 0.185022 0.757709 0.198238 0.757709 0.207048 0.748899 0.207048 0.740088 0.202643 0.735683 0.198238 0.735683 0.193833 0.731278 0.189427 0.731278 0.185022 0.726872 0.185022 0.691630 0.189427 0.687225 0.189427 0.665198 0.193833 0.660793 0.198238 0.660793 0.229075 0.629956
0 0.370044 0.621145 0.370044 0.629956 0.378855 0.638767 0.396476 0.638767 0.400881 0.634361 0.400881 0.629956 0.387665 0.616740 0.374449 0.616740
0 0.317181 0.585903 0.312775 0.590308 0.312775 0.594714 0.317181 0.599119 0.317181 0.612335 0.325991 0.621145 0.325991 0.629956 0.330396 0.634361 0.330396 0.647577 0.325991 0.651982 0.325991 0.656388 0.334802 0.665198 0.334802 0.674009 0.330396 0.678414 0.330396 0.709251 0.325991 0.713656 0.330396 0.718062 0.348018 0.700441 0.352423 0.700441 0.361233 0.691630 0.361233 0.682819 0.343612 0.665198 0.343612 0.638767 0.339207 0.634361 0.339207 0.616740 0.334802 0.612335 0.334802 0.590308 0.330396 0.585903
0 0.088106 0.572687 0.088106 0.581498 0.096916 0.590308 0.101322 0.590308 0.105727 0.585903 0.110132 0.585903 0.114537 0.581498 0.127753 0.581498 0.132159 0.585903 0.136564 0.585903 0.149780 0.599119 0.154185 0.599119 0.158590 0.594714 0.158590 0.590308 0.162996 0.585903 0.162996 0.581498 0.158590 0.577093 0.140969 0.577093 0.136564 0.572687 0.132159 0.572687 0.127753 0.577093 0.123348 0.572687 0.118943 0.572687 0.114537 0.568282 0.110132 0.568282 0.105727 0.563877 0.101322 0.563877 0.096916 0.568282 0.092511 0.568282
0 0.449339 0.550661 0.440529 0.550661 0.431718 0.559471 0.431718 0.563877 0.436123 0.568282 0.436123 0.572687 0.440529 0.577093 0.440529 0.581498 0.444934 0.585903 0.458150 0.572687 0.458150 0.559471
0 0.955947 0.537445 0.947137 0.537445 0.942731 0.541850 0.942731 0.546256 0.938326 0.550661 0.933921 0.550661 0.929515 0.555066 0.920705 0.555066 0.911894 0.563877 0.916300 0.568282 0.916300 0.581498 0.911894 0.585903 0.911894 0.599119 0.916300 0.603524 0.920705 0.599119 0.925110 0.599119 0.929515 0.594714 0.929515 0.590308 0.933921 0.585903 0.929515 0.581498 0.929515 0.572687 0.933921 0.568282 0.933921 0.559471 0.938326 0.555066 0.942731 0.555066 0.947137 0.550661 0.951542 0.550661 0.960352 0.541850
0 0.524229 0.528634 0.519824 0.528634 0.515419 0.533040 0.515419 0.537445 0.506608 0.546256 0.506608 0.559471 0.511013 0.563877 0.515419 0.563877 0.528634 0.550661 0.528634 0.533040
0 0.268722 0.515419 0.264317 0.515419 0.259912 0.519824 0.259912 0.533040 0.255507 0.537445 0.259912 0.541850 0.259912 0.550661 0.246696 0.563877 0.246696 0.577093 0.251101 0.581498 0.259912 0.572687 0.259912 0.568282 0.264317 0.563877 0.264317 0.555066 0.268722 0.550661 0.273128 0.550661 0.277533 0.546256 0.281938 0.550661 0.286344 0.550661 0.295154 0.559471 0.295154 0.563877 0.299559 0.568282 0.303965 0.568282 0.308370 0.563877 0.308370 0.559471 0.299559 0.550661 0.299559 0.546256 0.295154 0.541850 0.290749 0.546256 0.286344 0.541850 0.281938 0.541850 0.273128 0.533040 0.273128 0.519824
0 0.030837 0.506608 0.022026 0.515419 0.022026 0.519824 0.017621 0.524229 0.017621 0.541850 0.026432 0.550661 0.030837 0.550661 0.035242 0.546256 0.035242 0.511013
0 0.140969 0.497797 0.132159 0.497797 0.127753 0.502203 0.127753 0.546256 0.136564 0.555066 0.140969 0.550661 0.140969 0.537445 0.145374 0.533040 0.145374 0.515419 0.149780 0.511013 0.145374 0.506608 0.145374 0.502203
0 0.096916 0.493392 0.092511 0.497797 0.088106 0.497797 0.083700 0.502203 0.079295 0.502203 0.074890 0.506608 0.074890 0.533040 0.079295 0.537445 0.083700 0.533040 0.088106 0.533040 0.092511 0.528634 0.092511 0.524229 0.096916 0.519824 0.096916 0.515419 0.101322 0.511013 0.101322 0.497797
0 0.828194 0.466960 0.823789 0.471366 0.823789 0.480176 0.814978 0.488987 0.814978 0.497797 0.797357 0.515419 0.792952 0.515419 0.788546 0.519824 0.788546 0.528634 0.784141 0.533040 0.784141 0.537445 0.775330 0.546256 0.770925 0.546256 0.762115 0.555066 0.762115 0.559471 0.757709 0.563877 0.757709 0.568282 0.744493 0.581498 0.748899 0.585903 0.753304 0.581498 0.757709 0.585903 0.766520 0.585903 0.770925 0.581498 0.775330 0.581498 0.784141 0.572687 0.784141 0.568282 0.788546 0.563877 0.788546 0.559471 0.792952 0.555066 0.792952 0.550661 0.797357 0.546256 0.792952 0.541850 0.792952 0.533040 0.806167 0.519824 0.810573 0.519824 0.814978 0.515419 0.819383 0.515419 0.828194 0.506608 0.832599 0.506608 0.837004 0.502203 0.841410 0.506608 0.845815 0.506608 0.850220 0.511013 0.850220 0.528634 0.854626 0.533040 0.863436 0.524229 0.863436 0.519824 0.867841 0.515419 0.859031 0.506608 0.854626 0.511013 0.850220 0.511013 0.845815 0.506608 0.841410 0.506608 0.837004 0.502203 0.837004 0.480176 0.832599 0.475771 0.832599 0.471366
0 0.348018 0.462555 0.334802 0.475771 0.339207 0.480176 0.339207 0.484582 0.348018 0.493392 0.352423 0.488987 0.356828 0.493392 0.361233 0.493392 0.365639 0.497797 0.365639 0.528634 0.370044 0.533040 0.378855 0.533040 0.387665 0.524229 0.387665 0.519824 0.392070 0.515419 0.392070 0.506608 0.387665 0.502203 0.387665 0.497797 0.383260 0.493392 0.378855 0.493392 0.374449 0.497797 0.370044 0.493392 0.365639 0.493392 0.361233 0.488987 0.361233 0.480176 0.356828 0.475771 0.356828 0.471366
0 0.590308 0.462555 0.581498 0.462555 0.577093 0.458150 0.568282 0.458150 0.563877 0.453745 0.559471 0.453745 0.550661 0.462555 0.555066 0.466960 0.555066 0.480176 0.546256 0.488987 0.546256 0.493392 0.541850 0.497797 0.541850 0.511013 0.546256 0.515419 0.559471 0.502203 0.559471 0.480176 0.563877 0.475771 0.568282 0.475771 0.572687 0.471366 0.581498 0.471366 0.585903 0.466960 0.590308 0.471366 0.594714 0.466960
0 0.436123 0.440529 0.431718 0.440529 0.422908 0.449339 0.422908 0.458150 0.418502 0.462555 0.422908 0.466960 0.422908 0.484582 0.427313 0.488987 0.431718 0.484582 0.431718 0.480176 0.436123 0.475771 0.436123 0.466960 0.440529 0.462555 0.440529 0.458150 0.444934 0.453745 0.440529 0.449339 0.440529 0.444934
0 0.259912 0.431718 0.255507 0.431718 0.251101 0.436123 0.246696 0.436123 0.242291 0.440529 0.237885 0.440529 0.229075 0.449339 0.229075 0.458150 0.224670 0.462555 0.220264 0.462555 0.211454 0.471366 0.211454 0.484582 0.215859 0.488987 0.215859 0.502203 0.220264 0.506608 0.229075 0.506608 0.233480 0.502203 0.233480 0.471366 0.229075 0.466960 0.229075 0.458150 0.237885 0.449339 0.242291 0.449339 0.246696 0.444934 0.251101 0.449339 0.255507 0.449339 0.259912 0.453745 0.264317 0.453745 0.268722 0.449339 0.273128 0.449339 0.273128 0.444934 0.268722 0.444934 0.264317 0.440529 0.264317 0.436123
0 0.220264 0.370044 0.215859 0.374449 0.215859 0.383260 0.211454 0.387665 0.207048 0.387665 0.193833 0.400881 0.189427 0.400881 0.185022 0.405286 0.180617 0.400881 0.176211 0.400881 0.171806 0.396476 0.167401 0.400881 0.167401 0.409692 0.162996 0.414097 0.162996 0.418502 0.158590 0.422908 0.158590 0.431718 0.167401 0.440529 0.171806 0.436123 0.171806 0.427313 0.180617 0.418502 0.185022 0.418502 0.193833 0.409692 0.198238 0.409692 0.202643 0.405286 0.207048 0.409692 0.211454 0.405286 0.215859 0.405286 0.220264 0.400881 0.220264 0.383260 0.224670 0.378855 0.224670 0.374449
0 0.894273 0.365639 0.889868 0.370044 0.889868 0.374449 0.885463 0.378855 0.885463 0.383260 0.881057 0.387665 0.881057 0.392070 0.876652 0.396476 0.876652 0.414097 0.881057 0.418502 0.881057 0.427313 0.885463 0.431718 0.885463 0.436123 0.889868 0.440529 0.894273 0.440529 0.903084 0.449339 0.903084 0.488987 0.907489 0.493392 0.907489 0.502203 0.911894 0.506608 0.916300 0.506608 0.920705 0.502203 0.920705 0.488987 0.925110 0.484582 0.920705 0.480176 0.920705 0.453745 0.916300 0.449339 0.907489 0.449339 0.903084 0.444934 0.898678 0.444934 0.894273 0.440529 0.894273 0.400881 0.898678 0.396476 0.898678 0.383260 0.903084 0.378855 0.903084 0.374449
0 0.563877 0.330396 0.559471 0.330396 0.550661 0.339207 0.550661 0.343612 0.546256 0.348018 0.546256 0.352423 0.537445 0.361233 0.537445 0.370044 0.533040 0.374449 0.533040 0.383260 0.541850 0.392070 0.546256 0.392070 0.555066 0.383260 0.555066 0.374449 0.559471 0.370044 0.559471 0.365639 0.563877 0.361233 0.563877 0.356828 0.568282 0.352423 0.568282 0.334802
0 0.101322 0.330396 0.096916 0.330396 0.088106 0.339207 0.088106 0.365639 0.083700 0.370044 0.083700 0.396476 0.092511 0.405286 0.096916 0.405286 0.105727 0.396476 0.105727 0.392070 0.101322 0.387665 0.101322 0.365639 0.105727 0.361233 0.105727 0.334802
0 0.466960 0.321586 0.462555 0.321586 0.453745 0.330396 0.453745 0.334802 0.458150 0.339207 0.458150 0.348018 0.453745 0.352423 0.453745 0.365639 0.449339 0.370044 0.458150 0.378855 0.462555 0.378855 0.471366 0.370044 0.466960 0.365639 0.466960 0.343612 0.471366 0.339207 0.471366 0.325991
0 0.365639 0.312775 0.361233 0.317181 0.356828 0.317181 0.352423 0.321586 0.348018 0.321586 0.343612 0.325991 0.343612 0.339207 0.339207 0.343612 0.334802 0.343612 0.330396 0.348018 0.330396 0.374449 0.325991 0.378855 0.334802 0.387665 0.334802 0.400881 0.325991 0.409692 0.321586 0.409692 0.317181 0.414097 0.308370 0.414097 0.299559 0.422908 0.299559 0.431718 0.295154 0.436123 0.295154 0.440529 0.290749 0.444934 0.286344 0.444934 0.281938 0.449339 0.286344 0.449339 0.295154 0.458150 0.303965 0.458150 0.317181 0.444934 0.317181 0.436123 0.321586 0.431718 0.321586 0.422908 0.325991 0.418502 0.330396 0.418502 0.334802 0.414097 0.339207 0.414097 0.343612 0.409692 0.348018 0.409692 0.352423 0.405286 0.352423 0.396476 0.343612 0.387665 0.343612 0.365639 0.348018 0.361233 0.348018 0.356828 0.352423 0.352423 0.352423 0.348018 0.374449 0.325991 0.370044 0.321586 0.370044 0.317181
0 0.251101 0.312775 0.246696 0.312775 0.237885 0.321586 0.237885 0.361233 0.242291 0.365639 0.246696 0.365639 0.255507 0.356828 0.255507 0.352423 0.259912 0.348018 0.259912 0.325991 0.255507 0.321586 0.255507 0.317181
0 0.713656 0.273128 0.709251 0.277533 0.704846 0.273128 0.700441 0.277533 0.700441 0.286344 0.704846 0.290749 0.704846 0.308370 0.700441 0.312775 0.700441 0.321586 0.696035 0.325991 0.691630 0.325991 0.687225 0.330396 0.669604 0.330396 0.665198 0.334802 0.665198 0.343612 0.660793 0.348018 0.656388 0.348018 0.651982 0.352423 0.643172 0.352423 0.638767 0.348018 0.634361 0.352423 0.634361 0.361233 0.647577 0.374449 0.647577 0.383260 0.643172 0.387665 0.643172 0.405286 0.651982 0.414097 0.656388 0.409692 0.656388 0.405286 0.660793 0.400881 0.660793 0.374449 0.669604 0.365639 0.669604 0.356828 0.687225 0.339207 0.691630 0.339207 0.696035 0.334802 0.700441 0.339207 0.713656 0.339207 0.718062 0.334802 0.718062 0.330396 0.722467 0.325991 0.722467 0.308370 0.726872 0.303965 0.726872 0.290749 0.722467 0.286344 0.722467 0.281938
0 0.066079 0.224670 0.061674 0.229075 0.066079 0.233480 0.070485 0.233480 0.083700 0.246696 0.083700 0.255507 0.088106 0.259912 0.101322 0.246696 0.101322 0.237885 0.096916 0.233480 0.088106 0.233480 0.083700 0.229075 0.079295 0.233480 0.074890 0.229075 0.070485 0.229075
0 0.414097 0.211454 0.409692 0.215859 0.405286 0.215859 0.392070 0.229075 0.392070 0.237885 0.387665 0.242291 0.387665 0.246696 0.378855 0.255507 0.374449 0.255507 0.361233 0.268722 0.365639 0.273128 0.374449 0.273128 0.378855 0.277533 0.392070 0.277533 0.400881 0.268722 0.400881 0.264317 0.405286 0.259912 0.405286 0.255507 0.409692 0.251101 0.409692 0.246696 0.414097 0.242291 0.414097 0.237885 0.422908 0.229075 0.422908 0.220264
0 0.973568 0.198238 0.969163 0.202643 0.969163 0.229075 0.964758 0.233480 0.964758 0.246696 0.960352 0.251101 0.960352 0.255507 0.951542 0.268722 0.951542 0.277533 0.947137 0.281938 0.947137 0.290749 0.942731 0.295154 0.942731 0.312775 0.955947 0.321586 0.955947 0.334802 0.947137 0.343612 0.947137 0.348018 0.938326 0.361233 0.938326 0.414097 0.951542 0.427313 0.951542 0.440529 0.960352 0.449339 0.973568 0.440529 0.977974 0.440529 0.982379 0.444934 0.995595 0.449339 0.995595 0.431718 0.982379 0.440529 0.977974 0.436123 0.973568 0.436123 0.969163 0.431718 0.969163 0.422908 0.964758 0.418502 0.964758 0.414097 0.955947 0.400881 0.955947 0.383260 0.960352 0.378855 0.960352 0.356828 0.964758 0.352423 0.964758 0.325991 0.969163 0.321586 0.969163 0.312775 0.973568 0.308370 0.973568 0.290749 0.986784 0.277533 0.991189 0.277533 0.995595 0.273128 0.995595 0.255507 0.986784 0.255507 0.973568 0.246696 0.973568 0.233480 0.977974 0.229075 0.982379 0.229075 0.986784 0.224670 0.991189 0.229075 0.995595 0.229075 0.995595 0.202643 0.991189 0.202643 0.986784 0.207048
0 0.471366 0.176211 0.466960 0.176211 0.458150 0.185022 0.458150 0.202643 0.462555 0.207048 0.466960 0.202643 0.471366 0.207048 0.480176 0.198238 0.480176 0.189427 0.475771 0.185022 0.475771 0.180617
0 0.903084 0.149780 0.898678 0.154185 0.898678 0.167401 0.894273 0.171806 0.894273 0.176211 0.889868 0.180617 0.894273 0.185022 0.894273 0.189427 0.898678 0.193833 0.907489 0.193833 0.916300 0.185022 0.916300 0.180617 0.920705 0.176211 0.920705 0.162996 0.911894 0.154185 0.907489 0.154185
0 0.325991 0.140969 0.317181 0.149780 0.317181 0.154185 0.312775 0.158590 0.325991 0.171806 0.330396 0.171806 0.339207 0.162996 0.339207 0.149780 0.330396 0.140969
0 0.528634 0.132159 0.524229 0.136564 0.524229 0.140969 0.537445 0.154185 0.537445 0.162996 0.546256 0.171806 0.546256 0.189427 0.563877 0.207048 0.563877 0.233480 0.559471 0.237885 0.563877 0.242291 0.563877 0.251101 0.568282 0.255507 0.568282 0.259912 0.572687 0.264317 0.577093 0.259912 0.581498 0.264317 0.590308 0.255507 0.590308 0.246696 0.585903 0.242291 0.585903 0.229075 0.572687 0.215859 0.572687 0.193833 0.568282 0.189427 0.568282 0.176211 0.555066 0.162996 0.550661 0.162996 0.546256 0.158590 0.541850 0.158590 0.537445 0.154185 0.537445 0.140969
0 0.211454 0.118943 0.202643 0.118943 0.193833 0.127753 0.193833 0.140969 0.198238 0.145374 0.202643 0.145374 0.207048 0.149780 0.211454 0.149780 0.220264 0.158590 0.220264 0.176211 0.198238 0.198238 0.198238 0.229075 0.193833 0.233480 0.198238 0.237885 0.198238 0.251101 0.189427 0.259912 0.189427 0.264317 0.193833 0.268722 0.198238 0.268722 0.202643 0.264317 0.202643 0.246696 0.207048 0.242291 0.207048 0.237885 0.211454 0.233480 0.211454 0.229075 0.215859 0.224670 0.215859 0.220264 0.220264 0.215859 0.220264 0.198238 0.237885 0.180617 0.237885 0.176211 0.233480 0.171806 0.233480 0.167401 0.229075 0.162996 0.229075 0.154185 0.220264 0.145374 0.220264 0.132159 0.215859 0.127753 0.215859 0.123348
0 0.356828 0.114537 0.352423 0.118943 0.348018 0.118943 0.343612 0.123348 0.348018 0.127753 0.352423 0.127753 0.361233 0.136564 0.365639 0.136564 0.374449 0.145374 0.374449 0.149780 0.378855 0.154185 0.378855 0.171806 0.374449 0.176211 0.374449 0.189427 0.370044 0.193833 0.370044 0.198238 0.374449 0.202643 0.383260 0.202643 0.387665 0.198238 0.387665 0.193833 0.392070 0.189427 0.387665 0.185022 0.387665 0.162996 0.392070 0.158590 0.392070 0.149780 0.387665 0.145374 0.387665 0.140969 0.383260 0.136564 0.383260 0.132159 0.378855 0.127753 0.378855 0.118943 0.374449 0.114537
0 0.629956 0.110132 0.625551 0.114537 0.625551 0.123348 0.612335 0.136564 0.612335 0.145374 0.616740 0.149780 0.616740 0.154185 0.621145 0.158590 0.621145 0.162996 0.625551 0.167401 0.629956 0.162996 0.629956 0.145374 0.638767 0.136564 0.638767 0.118943
0 0.929515 0.096916 0.929515 0.105727 0.933921 0.110132 0.938326 0.110132 0.942731 0.105727 0.947137 0.110132 0.951542 0.110132 0.955947 0.114537 0.955947 0.123348 0.969163 0.136564 0.973568 0.136564 0.977974 0.140969 0.982379 0.140969 0.986784 0.145374 0.995595 0.145374 0.995595 0.127753 0.991189 0.127753 0.986784 0.123348 0.982379 0.123348 0.969163 0.110132 0.964758 0.110132 0.960352 0.105727 0.960352 0.092511 0.955947 0.088106 0.951542 0.088106 0.947137 0.092511 0.933921 0.092511
0 0.000000 0.070485 0.000000 0.092511 0.004405 0.092511 0.008811 0.088106 0.013216 0.088106 0.017621 0.083700 0.022026 0.088106 0.026432 0.088106 0.030837 0.092511 0.030837 0.096916 0.039648 0.105727 0.044053 0.105727 0.052863 0.096916 0.052863 0.088106 0.057269 0.083700 0.052863 0.079295 0.035242 0.079295 0.030837 0.083700 0.026432 0.083700 0.022026 0.088106 0.017621 0.083700 0.013216 0.083700 0.008811 0.079295 0.008811 0.074890 0.004405 0.070485
0 0.458150 0.066079 0.449339 0.074890 0.453745 0.079295 0.453745 0.083700 0.458150 0.088106 0.458150 0.092511 0.462555 0.096916 0.462555 0.101322 0.471366 0.110132 0.471366 0.114537 0.480176 0.123348 0.484582 0.123348 0.488987 0.118943 0.484582 0.114537 0.484582 0.110132 0.480176 0.105727 0.480176 0.096916 0.475771 0.092511 0.475771 0.088106 0.471366 0.083700 0.471366 0.079295 0.466960 0.074890 0.466960 0.070485 0.462555 0.066079
0 0.722467 0.057269 0.718062 0.057269 0.713656 0.061674 0.713656 0.070485 0.704846 0.079295 0.704846 0.083700 0.700441 0.088106 0.700441 0.092511 0.704846 0.096916 0.718062 0.096916 0.731278 0.083700 0.731278 0.079295 0.726872 0.074890 0.726872 0.061674
0 0.136564 0.052863 0.132159 0.057269 0.132159 0.061674 0.118943 0.074890 0.118943 0.096916 0.114537 0.101322 0.110132 0.101322 0.105727 0.105727 0.101322 0.105727 0.092511 0.114537 0.092511 0.118943 0.101322 0.127753 0.105727 0.123348 0.105727 0.114537 0.110132 0.110132 0.114537 0.110132 0.118943 0.105727 0.123348 0.110132 0.127753 0.110132 0.132159 0.114537 0.132159 0.149780 0.136564 0.154185 0.140969 0.149780 0.140969 0.145374 0.145374 0.140969 0.145374 0.132159 0.140969 0.127753 0.140969 0.123348 0.136564 0.118943 0.136564 0.110132 0.132159 0.105727 0.132159 0.092511 0.136564 0.088106 0.136564 0.083700 0.140969 0.079295 0.140969 0.074890 0.145374 0.070485 0.145374 0.061674
0 0.938326 0.008811 0.933921 0.013216 0.933921 0.039648 0.938326 0.044053 0.938326 0.052863 0.947137 0.061674 0.951542 0.057269 0.951542 0.048458 0.955947 0.044053 0.951542 0.039648 0.951542 0.030837 0.947137 0.026432 0.947137 0.017621
0 0.863436 0.000000 0.837004 0.000000 0.828194 0.022026 0.837004 0.083700 0.823789 0.162996 0.828194 0.211454 0.814978 0.220264 0.801762 0.211454 0.784141 0.158590 0.784141 0.092511 0.775330 0.092511 0.775330 0.176211 0.788546 0.185022 0.792952 0.211454 0.762115 0.220264 0.744493 0.361233 0.713656 0.378855 0.718062 0.400881 0.656388 0.502203 0.665198 0.524229 0.621145 0.550661 0.581498 0.537445 0.559471 0.550661 0.541850 0.581498 0.533040 0.651982 0.466960 0.691630 0.409692 0.828194 0.436123 0.845815 0.436123 0.876652 0.414097 0.889868 0.392070 0.876652 0.370044 0.775330 0.374449 0.740088 0.414097 0.713656 0.414097 0.682819 0.436123 0.669604 0.422908 0.660793 0.383260 0.674009 0.383260 0.713656 0.348018 0.762115 0.352423 0.779736 0.317181 0.819383 0.325991 0.850220 0.343612 0.806167 0.356828 0.797357 0.370044 0.806167 0.409692 0.951542 0.422908 0.960352 0.418502 0.995595 0.484582 0.995595 0.484582 0.933921 0.453745 0.916300 0.444934 0.885463 0.449339 0.823789 0.475771 0.748899 0.488987 0.740088 0.502203 0.748899 0.515419 0.718062 0.563877 0.678414 0.568282 0.660793 0.665198 0.594714 0.674009 0.555066 0.788546 0.458150 0.784141 0.440529 0.876652 0.343612 0.881057 0.312775 0.903084 0.295154 0.911894 0.273128 0.889868 0.255507 0.854626 0.176211
0 0.691630 0.000000 0.669604 0.000000 0.669604 0.013216 0.678414 0.022026 0.678414 0.039648 0.674009 0.044053 0.674009 0.048458 0.665198 0.057269 0.674009 0.066079 0.678414 0.066079 0.691630 0.052863 0.691630 0.035242 0.696035 0.030837 0.696035 0.026432 0.691630 0.022026
0 0.422908 0.000000 0.409692 0.000000 0.409692 0.026432 0.405286 0.030837 0.405286 0.070485 0.414097 0.079295 0.427313 0.066079 0.427313 0.057269 0.422908 0.052863 0.422908 0.044053 0.418502 0.039648 0.418502 0.035242 0.414097 0.030837 0.414097 0.017621 0.418502 0.013216 0.418502 0.008811 0.422908 0.004405
0 0.180617 0.000000 0.167401 0.000000 0.167401 0.017621 0.162996 0.022026 0.162996 0.039648 0.167401 0.044053 0.176211 0.035242 0.176211 0.030837 0.180617 0.026432
